6_Funeral_Funeral_6_177
415
446 259 26 38 0.99759895 
782 155 38 45 0.996951 
877 155 31 40 0.9941772 
550 215 33 56 0.9934564 
624 185 38 46 0.9865515 
687 171 33 44 0.96541417 
422 261 27 39 0.93619126 
913 152 30 37 0.92112154 
226 234 27 41 0.9201699 
494 261 25 38 0.91302896 
900 193 31 35 0.88814306 
539 261 23 34 0.8786075 
262 179 32 53 0.8424637 
964 163 23 28 0.819728 
360 189 9 13 0.5561871 
518 191 10 13 0.47256747 
449 187 10 14 0.37599224 
410 176 13 18 0.3326289 
155 184 32 33 0.3093467 
438 240 17 20 0.2871077 
414 400 32 37 0.28492716 
55 550 8 10 0.2804114 
30 504 8 11 0.2697316 
930 151 32 38 0.23973961 
158 581 9 10 0.19625568 
458 264 25 34 0.19406724 
127 469 7 9 0.19375008 
144 656 9 12 0.1836492 
127 588 9 11 0.17964081 
116 605 10 12 0.17882168 
60 574 10 12 0.17873241 
157 536 9 11 0.17346507 
98 598 10 12 0.1721824 
85 542 9 11 0.17015426 
290 542 8 10 0.17010862 
67 606 11 13 0.1692482 
378 189 13 18 0.16855766 
305 558 9 11 0.15994017 
316 213 17 23 0.15828516 
277 553 9 10 0.15594868 
102 550 9 11 0.15278164 
169 518 8 11 0.15208821 
73 559 10 12 0.14176905 
39 488 9 11 0.14167142 
44 566 9 11 0.14003643 
31 551 9 12 0.13860135 
213 235 27 33 0.1253033 
65 484 8 10 0.12091226 
153 462 7 9 0.11715574 
128 542 9 11 0.11647208 
165 201 15 18 0.11428432 
401 197 22 37 0.11336781 
510 170 11 14 0.11258862 
182 577 9 11 0.11151893 
97 476 8 10 0.11067322 
154 581 9 10 0.10549033 
145 595 10 12 0.1028322 
69 481 9 11 0.09975106 
302 215 28 33 0.09856622 
55 500 8 11 0.094267406 
262 538 10 13 0.09391673 
40 567 9 11 0.092095554 
85 491 10 11 0.09133417 
475 266 28 33 0.09107324 
323 209 15 23 0.09037223 
173 591 9 11 0.08946214 
73 432 9 11 0.088493064 
113 534 7 9 0.08830303 
827 138 14 20 0.08756348 
275 176 44 59 0.08737776 
144 479 8 10 0.087083936 
86 614 11 14 0.08707598 
370 192 22 33 0.0852781 
496 166 12 14 0.08217024 
297 496 10 12 0.08198876 
308 311 45 43 0.081284575 
478 274 16 21 0.078772284 
155 192 19 21 0.078273766 
356 152 15 19 0.07778623 
318 542 8 9 0.07715862 
576 175 11 14 0.07586207 
61 567 8 10 0.075784504 
185 528 8 11 0.07543655 
142 526 8 10 0.07501518 
47 609 9 12 0.074573986 
505 265 23 36 0.07433164 
103 424 9 12 0.07416402 
17 519 8 11 0.07185329 
259 226 25 40 0.07182972 
501 185 14 19 0.07075219 
999 197 26 45 0.06905195 
129 535 8 11 0.06851214 
85 416 9 11 0.068456344 
405 181 19 29 0.06802884 
552 175 10 14 0.0673369 
250 197 15 23 0.06716215 
284 600 9 11 0.067131005 
169 472 8 9 0.06598935 
509 149 11 13 0.06598436 
488 401 17 21 0.06493893 
522 189 11 15 0.064545214 
976 160 24 32 0.06451402 
133 495 9 10 0.063395 
174 473 8 9 0.06291489 
118 558 9 11 0.061712824 
0 204 46 81 0.061268885 
372 165 12 15 0.061182857 
178 455 7 10 0.06043921 
362 467 17 20 0.059819713 
401 262 24 31 0.05929096 
44 439 9 10 0.05882202 
24 509 8 10 0.05852025 
405 194 14 22 0.057682704 
209 572 7 10 0.05652168 
253 442 9 12 0.056386534 
22 526 9 11 0.05624433 
251 190 25 39 0.056174472 
150 591 9 12 0.056053497 
311 484 10 11 0.055998854 
23 557 8 10 0.05598616 
37 551 9 11 0.05573431 
909 168 41 50 0.055668075 
158 479 8 9 0.055380728 
365 192 14 20 0.054715216 
117 480 8 11 0.05380765 
102 473 9 11 0.05362563 
525 224 12 20 0.05274896 
25 492 7 10 0.052639678 
726 158 23 40 0.05167279 
116 599 10 12 0.051315498 
316 424 10 11 0.05104858 
246 229 26 42 0.05049439 
116 660 11 11 0.050448228 
285 480 10 13 0.04995841 
166 576 9 11 0.049498577 
160 198 26 31 0.049292743 
56 623 11 14 0.04907237 
361 453 16 18 0.048757583 
133 486 8 11 0.048283543 
243 171 42 60 0.047371525 
193 513 7 9 0.047351368 
144 543 9 11 0.04705275 
492 230 17 22 0.046839997 
435 228 23 27 0.046783336 
672 171 35 50 0.04669797 
312 542 9 10 0.046404187 
501 169 13 16 0.046068143 
471 179 10 13 0.046021566 
394 159 23 28 0.04587938 
45 560 9 11 0.04538554 
89 559 9 11 0.045058783 
291 201 30 39 0.04466151 
103 181 10 15 0.043839682 
113 486 8 9 0.043756183 
0 196 12 19 0.04360888 
173 653 9 10 0.04348078 
526 259 26 37 0.043313876 
483 202 14 16 0.042990062 
90 564 9 12 0.042957257 
397 193 15 21 0.042708382 
905 192 45 52 0.042538192 
379 198 17 23 0.042324208 
239 103 32 32 0.04216755 
169 195 16 18 0.042125057 
153 520 8 10 0.041733146 
129 421 8 9 0.041365918 
47 488 8 11 0.041311808 
145 549 9 11 0.04117601 
420 178 13 20 0.04088874 
541 196 12 16 0.040688258 
364 203 24 38 0.04060834 
434 246 23 32 0.040439703 
103 502 9 11 0.039888598 
366 161 13 16 0.039424207 
7 520 8 10 0.039241113 
17 553 8 10 0.03911419 
190 529 8 10 0.03893512 
390 207 14 20 0.038904563 
133 542 8 11 0.03841159 
102 543 8 10 0.03829864 
515 184 19 25 0.03805878 
21 519 8 11 0.038035758 
174 518 8 10 0.037901774 
21 567 9 10 0.037852585 
167 581 9 10 0.037601482 
237 221 25 43 0.03745866 
178 264 51 60 0.037350446 
54 545 8 10 0.037284095 
227 270 17 23 0.036815092 
358 160 14 16 0.03663395 
140 166 36 37 0.036587 
45 509 9 11 0.03645824 
350 150 14 17 0.036448102 
396 207 16 23 0.036314372 
20 574 10 12 0.036270525 
143 472 8 10 0.03600008 
113 408 8 10 0.03597955 
63 495 8 11 0.035790145 
372 158 11 13 0.035712354 
512 192 13 16 0.03567472 
17 492 7 10 0.035593625 
58 445 9 12 0.035247892 
17 568 8 10 0.03510477 
118 551 9 11 0.03508407 
740 180 9 14 0.035042167 
136 584 9 11 0.03500534 
105 555 9 12 0.034832954 
23 213 45 62 0.034707807 
0 583 8 11 0.03463758 
95 580 9 12 0.034626316 
41 609 9 11 0.034397297 
75 564 10 13 0.03431712 
56 423 8 10 0.034264807 
157 526 8 10 0.03415545 
270 616 8 9 0.03410895 
403 257 37 46 0.03397669 
81 495 8 9 0.033912223 
182 454 7 10 0.033383418 
255 538 11 15 0.03337209 
296 333 35 35 0.03328656 
62 519 9 10 0.03321322 
36 623 10 13 0.032964695 
119 503 9 10 0.032839637 
129 548 9 10 0.032829717 
383 189 22 29 0.032535702 
62 439 8 10 0.03238633 
393 256 22 32 0.032281827 
479 195 13 17 0.03225611 
837 176 15 17 0.032046817 
183 471 7 9 0.0319847 
61 579 10 12 0.031971913 
491 220 15 20 0.031933375 
174 542 8 10 0.031844296 
119 407 8 9 0.03137778 
1012 445 13 21 0.031199202 
126 529 9 10 0.031153947 
73 502 8 10 0.031100826 
113 529 7 10 0.030979363 
178 195 14 18 0.03097035 
70 496 9 10 0.030827364 
268 535 11 13 0.030580128 
306 177 38 53 0.030357491 
6 487 7 11 0.030133247 
316 166 23 33 0.030096583 
47 503 9 11 0.030036142 
549 291 12 18 0.029970886 
77 573 11 12 0.029953083 
364 155 13 16 0.029921213 
509 154 12 16 0.02980995 
393 270 25 34 0.029800462 
500 225 16 25 0.029474726 
127 595 10 13 0.02921953 
951 154 39 50 0.029141951 
152 457 8 10 0.028922891 
119 430 8 10 0.02890087 
596 181 11 14 0.028751304 
502 158 11 14 0.028699433 
463 180 12 14 0.028283864 
76 430 9 11 0.028278701 
84 663 14 14 0.028189128 
39 580 9 11 0.02817272 
282 208 40 59 0.028138679 
463 190 11 14 0.028126236 
489 167 10 13 0.027857216 
110 425 8 9 0.02784623 
342 147 24 28 0.027798977 
516 170 11 14 0.02769271 
175 476 8 10 0.027691837 
504 161 20 26 0.027647305 
70 544 8 10 0.02757869 
606 166 8 10 0.027576018 
24 533 9 10 0.027521934 
87 548 10 12 0.027515478 
78 581 11 14 0.02751049 
717 172 29 40 0.027473215 
80 479 8 10 0.02745081 
131 177 27 32 0.027417397 
83 210 44 62 0.027288195 
7 492 8 11 0.027176758 
360 154 22 26 0.027051281 
169 654 9 11 0.027034314 
39 572 10 12 0.026981646 
150 495 8 10 0.02691985 
31 494 8 10 0.026908157 
251 525 12 14 0.026569312 
379 163 13 16 0.026512463 
486 388 13 17 0.026511466 
111 592 10 11 0.026497588 
244 201 25 37 0.026467355 
151 541 9 10 0.026454695 
72 551 8 10 0.026372047 
519 184 11 15 0.026366377 
83 605 11 13 0.026130598 
468 188 11 15 0.026126903 
143 521 8 10 0.02610015 
175 582 8 10 0.02595347 
168 513 9 10 0.02587346 
309 154 24 34 0.025802502 
37 527 9 10 0.02578569 
271 556 9 11 0.025704097 
135 566 10 11 0.025631111 
421 175 21 28 0.025575425 
391 160 16 19 0.025532765 
353 189 11 16 0.025516117 
329 207 14 22 0.025322266 
597 185 14 16 0.02517162 
174 536 8 9 0.025150146 
149 550 9 11 0.025146686 
536 188 11 16 0.025141966 
120 528 8 10 0.025084458 
164 213 18 22 0.025082858 
225 251 25 39 0.024895843 
214 568 7 10 0.024886666 
23 613 9 11 0.024804192 
362 183 13 16 0.024798255 
46 517 8 11 0.02475401 
282 343 35 34 0.024687745 
229 152 69 103 0.024568051 
57 580 9 11 0.02456293 
159 461 8 9 0.02451185 
411 208 13 20 0.024296671 
540 178 15 19 0.024249524 
134 559 9 11 0.024230057 
56 439 9 11 0.024181847 
452 404 24 37 0.024169117 
593 177 9 10 0.024022253 
141 186 14 18 0.023947747 
507 178 12 17 0.023897968 
1 526 8 10 0.023862036 
158 485 9 10 0.02381652 
167 220 41 55 0.023810947 
133 550 9 10 0.023787677 
80 600 10 11 0.023730485 
1 587 9 13 0.02371901 
134 597 11 13 0.023702042 
73 509 8 10 0.023700446 
32 526 9 11 0.023644233 
476 396 28 35 0.023563446 
50 213 44 59 0.023476979 
151 502 9 10 0.023440931 
96 592 10 13 0.023405002 
62 512 8 9 0.0233571 
81 536 8 10 0.023316441 
991 158 26 38 0.023315573 
149 558 9 11 0.023294505 
33 568 9 10 0.023287525 
146 485 8 10 0.023264522 
0 478 7 11 0.023238322 
133 534 9 11 0.023172459 
7 536 8 10 0.023102518 
120 471 8 10 0.022965342 
134 481 8 10 0.022961007 
70 600 9 12 0.022944111 
149 188 18 21 0.022923945 
138 519 8 10 0.022918621 
136 464 7 10 0.022824384 
432 233 15 19 0.02281603 
137 183 44 51 0.022667183 
197 583 9 10 0.022585941 
112 599 18 23 0.022543916 
43 573 11 12 0.022491658 
136 501 8 10 0.022483656 
372 381 31 36 0.022429286 
104 566 9 11 0.022401672 
273 657 10 13 0.022384886 
47 590 10 11 0.022373088 
120 437 8 11 0.02232845 
247 443 10 13 0.022327693 
40 505 8 10 0.022309056 
304 542 9 11 0.022274284 
536 180 11 15 0.022252413 
112 558 9 11 0.022223325 
30 608 9 11 0.022184642 
572 173 19 23 0.022068243 
236 189 26 35 0.02206119 
153 414 8 9 0.02202448 
145 495 9 10 0.02202035 
439 187 11 15 0.021947762 
40 518 9 10 0.021819428 
304 562 11 14 0.021622999 
426 279 21 28 0.02157146 
231 423 10 13 0.021561477 
182 460 7 10 0.021478802 
324 184 16 22 0.021365318 
32 626 11 13 0.021324603 
477 175 9 11 0.021226553 
197 589 9 10 0.021163829 
327 180 23 34 0.02115462 
300 229 17 23 0.021080106 
515 304 18 23 0.021053905 
199 527 8 10 0.020969938 
3 148 61 91 0.020952718 
168 595 10 12 0.020935195 
295 559 9 10 0.020888153 
504 144 22 28 0.02087635 
97 536 8 10 0.020871677 
54 488 8 10 0.020793376 
484 190 14 17 0.02074152 
381 157 12 14 0.020714197 
255 533 21 24 0.020699035 
343 149 12 15 0.020575425 
64 525 9 11 0.020558437 
255 318 34 37 0.02055285 
120 564 10 12 0.02049939 
315 202 18 24 0.020411814 
412 269 17 24 0.02041027 
95 550 9 12 0.020386934 
220 348 43 45 0.02035616 
16 504 7 10 0.020225614 
523 231 15 24 0.0202105 
119 425 7 9 0.020196972 
439 160 9 13 0.020149358 
184 478 8 10 0.020123493 
184 447 7 11 0.020068917 
977 173 39 53 0.020062959 
