6_Funeral_Funeral_6_315
26
354 147 140 214 0.99502903 
0 602 28 57 0.16352174 
54 770 193 256 0.15808922 
394 985 200 318 0.14609137 
210 452 18 24 0.1273005 
63 527 11 13 0.06731878 
654 371 37 46 0.045597915 
46 615 25 42 0.043801807 
445 -37 372 502 0.042256884 
372 885 371 461 0.04099194 
101 823 137 141 0.038564 
38 704 329 404 0.038120985 
668 391 36 45 0.03746278 
370 1409 15 18 0.034034662 
647 360 38 40 0.033126518 
64 570 13 18 0.03248806 
365 1428 54 69 0.031679235 
148 678 99 102 0.031480327 
54 607 37 55 0.029506557 
215 769 125 115 0.027026607 
39 1318 10 13 0.02626708 
95 523 13 16 0.02480915 
62 535 15 19 0.02363782 
343 546 28 29 0.022526348 
61 564 24 34 0.021009484 
52 526 42 52 0.020305984 
