6_Funeral_Funeral_6_241
27
465 192 109 149 0.9999136 
848 408 60 75 0.99736893 
788 463 22 30 0.9316037 
889 996 36 34 0.15414707 
112 471 14 17 0.08832311 
76 -11 353 466 0.07347862 
910 664 31 34 0.054992646 
107 342 14 17 0.049439855 
341 273 12 16 0.039041296 
531 1525 46 47 0.036462814 
521 0 17 14 0.036425117 
969 1557 16 19 0.03367713 
975 670 10 14 0.029600684 
163 1550 48 53 0.028914094 
854 90 53 63 0.028277446 
962 420 22 31 0.027261058 
246 114 12 17 0.026337396 
116 442 12 16 0.025752049 
267 120 15 16 0.025349211 
924 665 29 32 0.024932098 
497 7 19 19 0.02395657 
748 1544 49 55 0.023124235 
808 739 32 37 0.02183555 
106 278 17 20 0.021718808 
108 190 23 29 0.020672724 
828 1553 26 32 0.020467594 
268 27 11 16 0.020151144 
