6_Funeral_Funeral_6_531
485
164 319 16 19 0.9799137 
135 323 19 26 0.9512709 
43 339 20 23 0.93712145 
81 330 21 27 0.915573 
229 327 12 17 0.73809904 
267 284 14 17 0.67114633 
319 277 14 18 0.6622881 
384 268 11 13 0.63570434 
263 290 12 16 0.62912464 
205 358 10 14 0.44810718 
246 295 13 18 0.40096128 
222 313 14 18 0.39572394 
434 253 9 12 0.39261582 
353 278 11 12 0.35276517 
337 279 10 13 0.34237272 
864 223 10 13 0.31389168 
413 263 11 12 0.26692292 
114 329 13 17 0.25207102 
195 318 10 13 0.2303931 
292 311 11 15 0.2267297 
804 287 10 13 0.20275135 
829 237 12 14 0.19684292 
959 157 11 13 0.19401 
905 141 8 10 0.19117558 
884 136 10 11 0.19089699 
409 263 9 12 0.18225229 
961 151 10 12 0.1711077 
976 206 9 11 0.1668513 
448 248 8 10 0.16095513 
981 186 13 17 0.16093722 
869 144 8 10 0.16083196 
785 127 9 12 0.1543901 
902 206 9 11 0.15282333 
713 199 10 13 0.1519504 
928 261 9 11 0.13965006 
950 216 11 15 0.13824138 
897 212 10 14 0.1357845 
896 206 10 13 0.13345817 
910 141 8 10 0.1334177 
889 245 9 11 0.12905467 
877 205 13 14 0.12608981 
994 243 16 19 0.12003123 
823 237 11 13 0.11914721 
909 204 10 11 0.11893434 
855 158 8 11 0.11829709 
192 311 12 13 0.11738753 
865 215 9 11 0.11443567 
223 321 16 20 0.11177935 
800 143 10 12 0.111543044 
421 72 14 17 0.10851594 
800 190 10 11 0.106637895 
934 213 9 13 0.10653636 
911 233 7 10 0.10623134 
831 208 11 13 0.10511078 
958 218 13 16 0.104566894 
287 300 12 14 0.104457535 
978 250 15 18 0.10396182 
735 163 11 13 0.103009015 
919 239 9 11 0.10097779 
936 160 9 10 0.09990601 
1001 181 11 14 0.09923125 
765 149 10 13 0.0977313 
504 101 10 14 0.09689935 
799 184 9 11 0.096355766 
860 182 9 12 0.096169956 
390 54 8 10 0.09305498 
252 292 13 17 0.09089782 
951 198 9 11 0.09068432 
458 256 8 10 0.089437254 
726 215 9 10 0.08776722 
734 222 9 11 0.08774589 
838 166 8 11 0.08764552 
896 151 7 9 0.0869456 
876 197 12 13 0.08662603 
791 165 12 15 0.08636376 
870 213 10 12 0.0860608 
836 211 11 12 0.08597443 
416 256 10 12 0.08593402 
862 160 9 10 0.082721 
274 284 14 17 0.081977256 
855 244 10 14 0.08186657 
816 375 9 10 0.07972692 
813 245 10 12 0.07921022 
670 213 9 11 0.07903981 
815 239 9 12 0.077113725 
815 278 9 11 0.076434135 
831 244 11 13 0.07611754 
964 156 11 14 0.076049335 
848 158 9 12 0.075605385 
886 205 9 13 0.0727439 
829 253 10 11 0.07218181 
331 117 13 15 0.07151485 
424 62 24 31 0.071015604 
718 204 10 13 0.07042103 
215 333 10 14 0.07027808 
919 244 9 13 0.06950103 
944 216 9 13 0.06932952 
867 228 11 14 0.068305545 
514 85 11 12 0.06806083 
720 214 10 12 0.06800064 
385 47 8 10 0.067794405 
816 180 10 12 0.0666242 
742 136 9 12 0.066621624 
504 97 9 11 0.06618201 
870 149 9 10 0.065863825 
472 116 9 12 0.06339751 
776 196 11 14 0.06335846 
357 282 8 12 0.06330674 
847 129 8 10 0.0629195 
487 74 11 13 0.062484387 
807 181 9 12 0.062356263 
421 256 8 10 0.0622319 
856 228 10 13 0.061877735 
388 264 10 13 0.06090273 
522 49 9 11 0.060664877 
910 190 11 12 0.059077304 
438 247 9 12 0.058665488 
887 175 10 12 0.058295038 
974 163 11 12 0.057682764 
856 118 8 10 0.05704805 
797 173 10 12 0.056826066 
517 30 9 12 0.056277547 
896 159 7 9 0.05544264 
917 272 8 10 0.055155385 
975 195 12 15 0.054568592 
888 128 9 10 0.05440385 
919 175 9 11 0.054378714 
1008 160 8 11 0.054274026 
402 261 9 12 0.054200973 
974 244 15 18 0.053729694 
543 39 8 10 0.05357913 
872 207 11 13 0.05348315 
324 274 10 12 0.052454017 
543 95 10 11 0.052300513 
487 255 8 10 0.052278776 
825 151 9 11 0.052078508 
911 174 9 12 0.052008126 
802 271 12 13 0.0519251 
816 120 9 11 0.051565576 
503 53 9 11 0.051429372 
962 234 15 19 0.051209755 
836 235 12 14 0.051138796 
848 176 8 10 0.05109897 
987 196 12 15 0.050830327 
804 231 11 13 0.05074149 
904 168 9 11 0.05058338 
826 157 10 12 0.048743844 
981 241 20 24 0.048713215 
807 237 9 11 0.0484212 
767 144 10 12 0.048310388 
975 181 10 12 0.048084144 
856 141 8 10 0.04800623 
873 173 8 11 0.0475604 
952 174 11 13 0.046961386 
753 198 8 12 0.046414346 
974 176 10 12 0.04624566 
825 207 10 13 0.04543725 
478 241 8 10 0.045383286 
925 168 10 11 0.045347214 
903 200 11 12 0.045055766 
856 136 7 9 0.04462322 
951 246 9 13 0.04459785 
863 164 9 11 0.04457004 
919 151 9 13 0.04442949 
919 198 9 12 0.044386223 
217 315 12 16 0.044322494 
386 51 9 12 0.04428382 
820 174 11 13 0.04418203 
956 215 20 26 0.04378828 
894 127 9 10 0.042672575 
855 238 10 13 0.041947853 
786 119 9 11 0.041592713 
952 204 10 12 0.041566208 
663 207 10 11 0.041556902 
462 277 8 10 0.041498844 
896 200 9 12 0.040991835 
862 207 10 12 0.040950447 
912 236 8 11 0.040852882 
737 158 13 14 0.040634654 
869 246 10 11 0.040614087 
792 160 10 13 0.040573377 
647 229 9 12 0.040458422 
718 220 10 12 0.040298074 
833 165 9 11 0.040263638 
488 55 9 10 0.040097073 
957 199 9 12 0.03991283 
755 134 11 13 0.039747413 
285 291 12 15 0.039728872 
838 251 10 13 0.03964795 
880 151 9 11 0.03951792 
953 160 11 13 0.03932515 
831 144 8 10 0.039306384 
21 330 11 16 0.039026197 
517 81 10 12 0.03900244 
877 192 11 12 0.039001066 
735 109 10 12 0.038934033 
879 157 8 10 0.038841315 
847 152 10 11 0.038711734 
495 86 10 10 0.038703848 
102 325 12 16 0.038182106 
462 160 9 10 0.037815213 
960 226 14 18 0.037799627 
945 198 9 11 0.037776086 
913 150 9 12 0.037731867 
685 199 12 14 0.03750232 
935 209 9 10 0.03731051 
861 246 11 12 0.037267216 
742 202 10 13 0.037073985 
863 127 10 11 0.03699868 
774 245 8 11 0.036941215 
959 242 12 16 0.036803275 
979 204 11 14 0.036747716 
415 74 14 18 0.036714464 
461 260 8 11 0.036665473 
840 132 10 11 0.036634967 
437 260 9 11 0.03639703 
148 324 12 17 0.03625926 
358 273 9 12 0.036227122 
920 135 8 10 0.036074325 
869 236 10 12 0.035961643 
952 165 10 12 0.035943218 
856 153 8 11 0.03542596 
823 244 10 13 0.035378315 
439 239 8 10 0.03519951 
785 182 8 10 0.035192065 
800 236 10 13 0.034822773 
752 119 10 10 0.034648664 
862 310 13 16 0.034439955 
472 110 10 13 0.034393378 
830 151 8 11 0.034338746 
486 261 8 10 0.03424105 
806 175 9 12 0.03420159 
944 251 9 12 0.033960983 
447 91 11 14 0.033930615 
543 63 8 10 0.03392988 
728 115 10 12 0.033775825 
918 231 10 11 0.033691097 
102 318 11 15 0.033658035 
799 128 9 10 0.033568125 
846 231 9 12 0.033525173 
454 93 8 11 0.033378795 
913 180 10 12 0.033370085 
773 136 9 10 0.033339173 
838 269 11 14 0.033328276 
792 143 9 11 0.03323297 
920 262 8 10 0.033202093 
728 220 11 12 0.033168405 
526 103 8 10 0.033131815 
766 264 10 12 0.032853268 
879 219 10 12 0.032768197 
716 124 13 18 0.032667845 
517 119 10 12 0.03264645 
233 324 12 17 0.03260928 
808 198 8 10 0.032382343 
799 135 9 10 0.03199236 
470 55 9 11 0.031771336 
536 30 9 10 0.031740136 
823 166 11 13 0.031685367 
824 231 11 14 0.031575277 
904 248 8 9 0.031528413 
95 328 19 25 0.031476967 
871 255 9 10 0.031370785 
505 160 9 11 0.031197632 
135 310 10 12 0.030932333 
878 256 9 11 0.03081694 
31 349 11 14 0.030773059 
902 219 9 12 0.030687576 
943 172 9 12 0.030686677 
832 119 7 9 0.030524751 
758 196 11 14 0.030491127 
886 117 8 10 0.030372003 
985 158 10 13 0.0303133 
991 201 11 15 0.030233791 
772 224 8 10 0.030154236 
344 127 9 12 0.030151498 
846 311 9 12 0.03012401 
246 304 11 14 0.030006178 
365 271 9 11 0.029804721 
864 149 8 10 0.029779244 
960 144 11 12 0.029767253 
908 167 9 12 0.029530555 
387 274 11 12 0.0295275 
398 55 9 10 0.029481685 
1007 198 11 15 0.029392889 
488 167 9 12 0.02933821 
789 131 10 11 0.029286265 
781 192 10 13 0.029195828 
537 63 9 11 0.029180845 
495 129 9 11 0.02912536 
828 261 11 14 0.029073678 
513 126 9 10 0.029012099 
557 223 8 11 0.028963594 
892 240 10 12 0.028786404 
895 143 8 10 0.02838263 
714 222 9 12 0.028377544 
936 239 9 11 0.02830442 
510 93 11 13 0.028184542 
782 164 14 16 0.028166989 
781 151 11 13 0.028104363 
853 269 11 15 0.0280623 
870 262 10 12 0.02805485 
965 216 12 14 0.027896145 
192 318 18 23 0.02780115 
888 168 8 10 0.02778185 
465 101 9 12 0.02775245 
925 239 9 11 0.02768527 
3 335 14 19 0.027604105 
415 151 10 12 0.027547134 
350 8 9 10 0.027543254 
552 32 8 9 0.027417108 
906 231 8 10 0.027408388 
863 269 10 13 0.027384399 
908 210 12 14 0.027373439 
800 214 10 12 0.027333772 
863 133 9 11 0.027301665 
518 91 11 13 0.027295602 
815 142 8 10 0.027240707 
896 262 10 12 0.027233558 
772 142 10 12 0.027003577 
116 318 11 15 0.027003536 
965 143 10 12 0.026801474 
886 112 8 10 0.026728032 
23 339 11 14 0.026656706 
14 329 12 16 0.026548514 
941 239 10 11 0.026402071 
791 182 10 11 0.026325049 
760 149 10 13 0.026245855 
0 358 8 13 0.026237335 
943 166 9 12 0.026223172 
796 156 11 14 0.026068322 
432 93 10 14 0.025957827 
824 143 8 10 0.025874816 
754 149 9 12 0.025800405 
400 257 9 11 0.025784917 
943 206 9 11 0.025755927 
752 107 11 12 0.025666602 
838 142 9 11 0.025658984 
784 214 9 11 0.025638001 
956 179 11 12 0.025560318 
497 271 7 9 0.025556553 
470 85 10 11 0.025444904 
766 198 10 13 0.025382727 
927 207 8 11 0.025369076 
463 239 8 11 0.025329486 
872 192 10 12 0.025178581 
829 318 11 13 0.025031522 
1011 203 11 16 0.024906915 
848 245 9 13 0.024848057 
220 336 12 16 0.024698516 
859 222 19 23 0.024639085 
182 317 10 14 0.024622208 
415 248 8 10 0.024618583 
736 254 8 10 0.024598485 
857 205 9 12 0.024549227 
783 143 10 12 0.024506668 
846 269 13 16 0.024374506 
553 111 10 12 0.024372349 
948 214 20 24 0.024259284 
776 180 9 11 0.02424024 
544 88 10 12 0.024200728 
924 245 10 12 0.024179235 
650 12 10 11 0.024123685 
803 147 11 14 0.024060005 
287 310 20 23 0.024042802 
174 311 11 13 0.024007922 
886 15 10 12 0.023983981 
806 207 10 11 0.023976514 
423 137 11 14 0.023948878 
757 141 11 13 0.023935407 
831 111 8 10 0.023902051 
462 271 9 10 0.02386174 
508 55 9 10 0.02383864 
821 120 8 10 0.023775972 
458 165 10 13 0.023730485 
501 128 9 11 0.023686763 
790 222 8 10 0.023668308 
533 164 9 12 0.023626061 
887 221 10 12 0.023584576 
519 62 10 12 0.023479953 
437 93 11 14 0.023433283 
488 83 11 12 0.023419486 
886 199 10 13 0.023409978 
823 222 10 12 0.023403717 
215 244 11 12 0.023388252 
832 268 10 13 0.023348844 
862 199 10 12 0.023282541 
481 77 9 12 0.023274094 
812 249 12 14 0.023265373 
702 230 10 11 0.023185952 
1013 180 9 13 0.023140697 
854 176 10 11 0.023029497 
303 109 8 11 0.02298254 
815 272 8 12 0.022960873 
544 44 8 11 0.022924291 
631 270 9 11 0.022778992 
477 125 9 11 0.022721399 
403 61 11 13 0.02271903 
886 147 10 12 0.022680225 
718 158 10 13 0.022650998 
774 150 12 14 0.02260713 
985 246 24 28 0.02255294 
551 79 8 10 0.022504626 
541 32 8 10 0.022432879 
974 210 11 14 0.022416012 
841 301 10 11 0.022367174 
878 173 9 12 0.022333045 
847 222 10 13 0.02232512 
1003 186 12 14 0.0222961 
439 232 7 9 0.022289105 
861 187 10 12 0.022219423 
840 294 9 12 0.02219026 
814 214 9 12 0.022178035 
951 140 11 13 0.022126904 
535 23 8 10 0.022067338 
981 213 11 14 0.022053275 
706 196 10 14 0.022047814 
168 302 10 12 0.021994267 
924 198 9 11 0.021969104 
1014 244 11 14 0.02196616 
926 135 8 10 0.021935884 
206 316 9 14 0.021925537 
864 104 8 9 0.021876639 
713 121 9 12 0.021863831 
958 191 9 11 0.021807486 
794 398 12 14 0.021746442 
632 293 10 12 0.021742718 
950 251 9 13 0.021725524 
744 182 8 10 0.021723963 
897 103 8 10 0.021678215 
543 69 8 10 0.021659996 
724 207 10 12 0.021655485 
178 322 12 16 0.021643369 
509 107 9 12 0.021636805 
710 150 8 10 0.021515349 
6 327 20 25 0.021498414 
805 262 10 13 0.02140151 
902 254 9 10 0.021395734 
1003 196 21 30 0.021294843 
736 269 9 11 0.021290151 
528 30 9 11 0.021252763 
841 182 9 12 0.021242343 
473 240 8 10 0.02121981 
839 161 9 11 0.021212593 
941 151 8 11 0.021131473 
976 148 9 12 0.021092022 
85 318 12 15 0.021049066 
749 247 10 13 0.020950153 
704 247 10 12 0.020935144 
200 352 10 12 0.020861374 
713 158 10 11 0.020840613 
832 127 8 10 0.020831263 
488 63 11 14 0.020818524 
534 140 10 13 0.020786697 
667 301 13 17 0.020760026 
880 111 8 11 0.020743486 
775 162 11 15 0.020729644 
990 218 11 14 0.020724343 
862 120 8 9 0.020710615 
800 255 10 12 0.020693133 
791 216 9 11 0.020686308 
474 245 8 9 0.020667225 
920 222 11 13 0.02054608 
800 221 10 13 0.020525955 
937 198 9 11 0.020457404 
535 36 11 13 0.020398222 
525 63 8 10 0.020391593 
895 269 11 13 0.020375269 
417 52 9 12 0.020297093 
490 69 12 15 0.02027408 
521 159 9 12 0.02025156 
704 261 11 13 0.020179128 
912 246 10 12 0.020155026 
927 127 8 10 0.020140426 
783 255 8 10 0.020133229 
104 301 9 12 0.02013158 
757 127 10 11 0.020124376 
896 134 9 10 0.020111661 
817 88 7 10 0.02009907 
816 137 8 10 0.020098666 
897 109 8 10 0.02009185 
918 191 10 12 0.020085664 
839 150 9 10 0.020066714 
445 42 13 15 0.020060027 
727 172 9 12 0.020025294 
493 253 8 10 0.02002286 
