6_Funeral_Funeral_6_485
245
458 178 99 144 0.9998528 
905 140 79 101 0.98796767 
749 98 11 15 0.16046622 
309 56 8 10 0.1578052 
678 6 9 12 0.15040168 
819 329 14 16 0.1485529 
806 133 10 13 0.13283104 
168 89 12 16 0.123939715 
778 200 25 29 0.096429914 
621 20 10 12 0.09218203 
179 205 10 12 0.08746659 
661 16 11 13 0.08591779 
351 274 15 18 0.082692765 
654 77 8 11 0.081356026 
766 110 10 13 0.07990306 
801 87 9 11 0.07836614 
663 6 8 8 0.072586246 
645 7 9 10 0.071675904 
657 21 11 14 0.069884546 
133 85 13 18 0.06900499 
198 96 8 11 0.06745968 
708 88 12 14 0.06601454 
765 22 10 13 0.06376539 
801 118 9 10 0.063072145 
349 85 9 12 0.062374983 
800 93 9 12 0.060516946 
211 79 11 14 0.059701685 
293 83 11 15 0.05958543 
711 75 10 11 0.058290195 
198 87 8 10 0.057976574 
925 60 10 13 0.056968253 
806 312 13 16 0.05653254 
642 14 8 11 0.054913417 
766 77 11 11 0.054898277 
787 130 11 15 0.05436783 
286 24 8 10 0.053272687 
333 292 15 19 0.053138826 
702 71 9 12 0.05286868 
732 86 10 12 0.052118067 
821 135 8 10 0.050880294 
833 201 23 26 0.049078755 
179 221 12 14 0.048648503 
680 11 9 11 0.048442185 
878 134 9 11 0.047938056 
673 1 9 9 0.04753118 
333 282 25 32 0.047516365 
785 118 8 10 0.04734025 
843 296 15 19 0.04684852 
336 7 8 8 0.046358008 
805 119 9 11 0.04606333 
825 78 7 9 0.044459905 
177 227 13 16 0.0442449 
169 80 9 11 0.04358708 
789 77 10 12 0.04350686 
350 72 9 10 0.042727035 
185 76 10 12 0.04233869 
353 15 7 9 0.041506678 
838 262 11 12 0.040870216 
895 79 8 9 0.040199455 
725 64 9 11 0.0397165 
184 143 10 13 0.03942126 
932 101 13 17 0.039274428 
122 45 10 14 0.0388163 
800 100 9 11 0.03880415 
383 115 11 14 0.03871477 
785 86 9 10 0.038505983 
148 68 10 12 0.038466897 
697 124 11 13 0.038278203 
762 27 10 13 0.037847053 
413 15 12 14 0.03770336 
755 200 19 21 0.037528645 
800 112 9 10 0.037441656 
786 72 9 10 0.037111077 
143 121 12 15 0.03698163 
909 78 10 12 0.036441706 
216 111 9 11 0.03604109 
854 194 12 14 0.035708208 
800 80 8 10 0.03564179 
866 206 10 12 0.035184465 
664 75 10 13 0.03503228 
272 92 10 14 0.03452135 
719 75 10 12 0.034420855 
191 95 9 11 0.034399554 
343 277 23 29 0.034365416 
628 47 9 11 0.034316108 
784 43 10 12 0.0341379 
181 55 8 11 0.033808112 
364 95 8 10 0.03365721 
463 14 9 11 0.033578094 
397 8 9 10 0.03325968 
184 69 10 13 0.033091057 
767 55 9 10 0.032824855 
962 101 12 15 0.032455597 
772 78 9 11 0.032413807 
591 151 51 63 0.032318413 
350 77 10 13 0.03228597 
588 45 9 11 0.03225784 
632 86 10 12 0.03206258 
390 0 8 9 0.032004848 
822 142 7 10 0.031883653 
849 28 11 13 0.03180942 
984 94 9 12 0.031755872 
646 48 11 13 0.031703513 
166 5 8 9 0.03157758 
815 169 15 17 0.031192658 
127 7 9 10 0.031095643 
831 71 11 12 0.030962382 
768 84 9 11 0.030953914 
1003 102 16 22 0.030950679 
719 127 12 14 0.03094931 
765 71 11 13 0.030923922 
178 210 13 15 0.030841239 
135 70 9 10 0.030791897 
365 87 7 10 0.030775862 
271 70 8 10 0.030756816 
671 51 12 15 0.03060878 
182 62 10 12 0.030407997 
710 11 11 13 0.030326251 
465 9 8 9 0.030324515 
684 132 13 15 0.030266128 
882 78 8 11 0.029941157 
181 8 9 9 0.029862653 
813 323 21 26 0.029597614 
806 127 11 13 0.029556077 
732 38 9 11 0.029483385 
709 0 9 9 0.029385787 
837 78 9 12 0.029155783 
805 512 30 40 0.028971076 
814 119 9 10 0.028582439 
821 93 12 14 0.028486934 
699 118 11 14 0.028448932 
272 78 10 12 0.028342832 
448 40 9 10 0.028070766 
664 1 8 9 0.02799719 
659 26 12 14 0.027987456 
784 112 8 11 0.027933486 
247 91 13 17 0.02776125 
646 1 10 10 0.0275155 
264 121 13 16 0.0274556 
999 80 9 11 0.027401518 
929 78 9 10 0.026959745 
693 7 9 10 0.026576098 
706 9 9 10 0.026533011 
368 53 9 10 0.026502287 
726 78 9 12 0.026299475 
592 21 10 12 0.026185723 
912 6 9 10 0.02616255 
430 31 7 10 0.026025515 
788 119 9 10 0.026008945 
727 101 10 12 0.025979247 
805 156 8 11 0.0258941 
367 80 8 10 0.025800768 
973 79 9 11 0.025652187 
652 86 11 13 0.025553528 
645 22 8 11 0.02554669 
743 78 9 11 0.025472544 
177 45 9 11 0.02546767 
722 248 15 19 0.025442325 
833 125 11 13 0.02539803 
910 84 9 11 0.025330415 
345 89 10 12 0.02532945 
928 86 9 10 0.025281304 
160 6 8 9 0.025272587 
1007 79 9 12 0.025227189 
299 329 25 31 0.025180375 
346 72 8 10 0.025086902 
501 5 9 11 0.025065964 
192 102 9 10 0.024975402 
365 273 12 16 0.024900775 
758 201 26 29 0.024860807 
880 126 10 13 0.024848446 
805 21 9 11 0.024836289 
786 126 10 13 0.024835747 
349 103 9 11 0.024739182 
822 109 9 11 0.024578262 
312 7 8 9 0.024546243 
905 80 8 11 0.024545407 
725 197 25 30 0.024542999 
915 94 10 14 0.024473289 
748 107 11 13 0.02444316 
297 268 11 14 0.02425526 
823 88 9 12 0.024117498 
189 219 11 14 0.024069073 
377 85 9 11 0.024025053 
846 128 9 10 0.023901116 
333 275 12 16 0.023886694 
321 69 10 12 0.023858191 
344 238 11 14 0.023714056 
497 1 9 10 0.02369191 
821 34 10 13 0.023642678 
816 109 9 11 0.023443993 
709 255 26 30 0.0234016 
823 128 7 10 0.023368396 
294 112 10 13 0.02332488 
353 8 8 9 0.023207743 
304 59 10 13 0.023167543 
764 134 11 12 0.023122143 
288 71 8 10 0.023105884 
729 223 41 50 0.023050167 
805 310 22 26 0.022933409 
734 79 9 11 0.022923859 
910 72 10 12 0.02288753 
661 38 10 12 0.022850517 
180 20 9 11 0.022761755 
640 40 7 9 0.022739979 
275 84 11 15 0.02253031 
732 158 10 13 0.022411501 
548 160 49 73 0.02233461 
183 94 10 12 0.022312019 
415 275 56 86 0.022108717 
288 104 9 10 0.021967918 
839 1 12 12 0.021807512 
728 0 10 10 0.02177979 
340 6 9 9 0.021722049 
839 84 9 11 0.021693118 
845 2 10 10 0.021642381 
159 1 8 9 0.021592585 
784 54 9 11 0.021571511 
232 78 9 12 0.021548063 
191 122 13 16 0.021514248 
744 126 10 12 0.021468444 
927 32 8 9 0.02145675 
745 234 30 35 0.021455875 
750 116 9 12 0.021454593 
766 103 9 11 0.021420103 
990 79 10 12 0.021235079 
641 1 9 10 0.021217048 
245 301 11 13 0.021211365 
881 73 7 10 0.021205725 
806 102 9 10 0.021184962 
313 20 7 10 0.02101145 
630 41 8 9 0.02095825 
802 125 9 12 0.020905433 
214 102 9 11 0.020772643 
622 8 9 10 0.02074475 
654 72 9 12 0.020739224 
838 38 7 10 0.020655893 
862 197 10 13 0.02062104 
801 158 8 10 0.020542026 
721 342 14 18 0.020182861 
650 91 14 16 0.020171635 
728 4 10 12 0.020132119 
784 29 9 12 0.020115342 
320 83 10 13 0.020078091 
165 27 11 14 0.02000483 
