6_Funeral_Funeral_6_252
118
662 137 122 157 0.9998006 
353 180 113 145 0.99971193 
23 272 61 73 0.9992545 
806 214 60 81 0.99907815 
924 251 52 64 0.9987822 
161 244 60 70 0.9983229 
876 204 53 67 0.99768424 
52 199 52 69 0.9970732 
979 285 44 69 0.9901648 
38 132 43 60 0.9817733 
99 159 40 53 0.97928005 
0 129 40 63 0.9628284 
176 149 42 51 0.95454323 
206 189 43 54 0.93127 
540 177 42 55 0.91068816 
981 211 41 60 0.8660405 
19 132 43 60 0.80452394 
231 235 44 61 0.7648226 
724 290 70 87 0.7098031 
895 176 38 48 0.39650306 
978 1116 18 20 0.23895158 
30 1222 26 30 0.23496209 
946 997 16 20 0.18791357 
964 1018 12 15 0.17787686 
740 209 60 79 0.150918 
939 965 14 16 0.13343962 
873 663 37 47 0.11347555 
759 231 38 44 0.10611555 
957 961 10 14 0.095400766 
212 1141 20 28 0.08939251 
214 208 51 66 0.08736465 
934 969 14 18 0.08405316 
838 213 53 66 0.083845176 
694 225 97 119 0.07860959 
468 903 19 25 0.07292116 
926 983 16 21 0.07227413 
932 950 9 12 0.06669312 
55 1264 25 31 0.06664156 
962 268 47 71 0.06579712 
553 178 58 77 0.064960524 
1001 971 18 31 0.06286948 
931 977 15 19 0.062310014 
604 2 51 47 0.05881857 
949 960 15 17 0.058352754 
30 1233 30 36 0.057997823 
895 951 11 13 0.05359503 
1014 891 8 14 0.050960246 
860 1200 59 74 0.049656913 
1 184 22 33 0.047271915 
741 267 62 84 0.046833694 
965 228 45 58 0.04619631 
270 1108 17 20 0.04539459 
937 976 15 18 0.042917497 
1006 917 11 16 0.042883452 
60 1262 16 19 0.04197257 
237 1133 27 31 0.041879673 
929 986 22 27 0.040985942 
468 174 48 62 0.040812176 
987 548 40 68 0.040690903 
941 226 43 62 0.0401849 
938 1243 40 62 0.038757827 
482 185 16 19 0.038111877 
581 182 54 82 0.037555583 
767 235 51 70 0.03649063 
168 1102 28 32 0.036238987 
477 184 27 37 0.036053337 
974 240 50 71 0.035390463 
901 941 10 13 0.03453497 
407 197 95 122 0.03409549 
965 940 10 12 0.033289563 
249 1174 54 68 0.032761585 
139 1134 47 58 0.03180278 
312 981 132 106 0.03127234 
950 209 40 55 0.02998568 
911 958 10 13 0.029756596 
329 1001 78 61 0.02922646 
933 991 26 31 0.028866401 
666 1070 48 53 0.028477535 
21 1214 43 48 0.028354738 
281 1102 26 29 0.027940338 
948 991 14 16 0.027754111 
910 1201 16 19 0.02764346 
875 820 10 13 0.027554935 
898 956 12 15 0.027334759 
876 815 9 12 0.02706222 
588 174 87 114 0.026990624 
253 973 224 167 0.026918361 
418 321 186 311 0.026589528 
910 879 9 11 0.026563067 
928 954 12 14 0.026193626 
899 219 52 65 0.025822086 
890 948 23 29 0.025475819 
876 238 46 61 0.02529825 
228 1138 23 32 0.024708621 
186 754 399 406 0.024692347 
873 817 9 12 0.024419194 
900 950 11 13 0.024137866 
19 1230 28 37 0.024106655 
962 963 10 13 0.023998413 
1009 971 14 22 0.023995636 
730 727 69 72 0.023851674 
483 219 192 223 0.02340722 
1012 914 11 18 0.023323951 
227 1129 44 54 0.02295881 
213 1022 30 34 0.022898769 
869 260 32 43 0.021818954 
443 154 83 111 0.02144971 
67 147 45 61 0.021436611 
31 1242 45 54 0.021423891 
2 1233 24 34 0.021153629 
702 1082 66 60 0.02080215 
888 1017 48 61 0.020798303 
222 1015 10 12 0.020772351 
908 884 10 12 0.02071437 
889 739 24 35 0.02041227 
1000 921 12 15 0.020193728 
936 215 33 40 0.020173475 
67 1209 41 58 0.020003123 
