6_Funeral_Funeral_6_364
427
470 128 32 41 0.9983376 
170 137 33 41 0.99054235 
558 85 38 54 0.97848547 
6 602 14 20 0.5685317 
471 542 12 13 0.39589235 
356 556 10 12 0.37283367 
637 117 20 27 0.32998753 
308 656 15 20 0.3244061 
582 583 9 12 0.2691158 
615 624 9 13 0.26160902 
678 677 22 28 0.2441955 
29 598 13 16 0.21695706 
753 693 8 11 0.19561733 
501 578 10 12 0.1930774 
516 583 11 14 0.18154134 
496 646 10 12 0.17777443 
335 548 12 15 0.17490497 
485 582 10 12 0.17304711 
678 662 20 27 0.168113 
624 638 12 15 0.16421793 
8 581 9 12 0.1585131 
496 582 9 11 0.15786307 
364 576 9 11 0.14748287 
565 572 11 14 0.14648 
598 572 13 18 0.14086112 
565 567 10 12 0.13981521 
366 628 9 12 0.13716538 
628 134 29 34 0.13091584 
623 594 11 14 0.12993436 
270 675 12 14 0.1288579 
72 97 11 14 0.12557729 
772 696 9 11 0.12403734 
584 566 10 12 0.11931701 
20 597 13 17 0.118548684 
125 595 15 21 0.116587825 
622 644 13 16 0.11514391 
315 664 15 20 0.11441661 
367 619 12 15 0.11233551 
585 572 9 12 0.111855164 
783 672 9 10 0.11167562 
604 577 13 16 0.111544915 
713 687 11 13 0.11095194 
119 604 12 18 0.11050674 
392 587 13 16 0.10790096 
14 597 12 20 0.105212465 
500 644 10 13 0.10160918 
272 629 12 16 0.1004834 
550 672 13 19 0.10003274 
448 543 11 12 0.09875189 
416 549 10 12 0.093218386 
564 711 10 13 0.09288849 
629 626 14 16 0.09241145 
270 650 12 15 0.09013262 
361 632 9 11 0.08867526 
528 566 9 12 0.08680148 
513 587 11 14 0.085276954 
773 616 12 14 0.08339905 
362 580 9 11 0.0829352 
472 559 12 14 0.081355885 
340 542 10 12 0.08120459 
551 527 10 11 0.08017208 
446 556 15 17 0.08010991 
316 597 10 14 0.07926673 
807 563 10 14 0.07826583 
1 85 19 39 0.077346794 
451 548 10 12 0.07558649 
721 574 8 11 0.07509147 
417 543 9 11 0.07427988 
313 650 14 20 0.07414956 
350 614 8 12 0.07332663 
613 590 12 15 0.07198548 
750 579 12 15 0.06991376 
479 582 12 15 0.06872833 
133 641 16 21 0.068401694 
418 607 14 17 0.06676069 
452 583 15 18 0.06672328 
472 624 10 12 0.06614458 
285 539 10 12 0.065929145 
551 511 8 10 0.06488762 
738 677 9 12 0.06475558 
610 622 10 12 0.0630991 
302 691 25 33 0.062984936 
430 628 14 18 0.06287441 
317 645 12 15 0.062328693 
576 582 9 11 0.06134953 
290 572 11 13 0.06132214 
642 139 16 21 0.06121043 
369 613 13 16 0.05942806 
350 598 9 12 0.05664303 
757 688 9 12 0.05605756 
2 581 9 14 0.05503422 
486 536 9 10 0.054494783 
611 580 11 14 0.053991824 
327 556 9 12 0.053820007 
326 570 11 13 0.053615123 
606 526 10 12 0.052906133 
769 613 10 14 0.052693274 
518 642 11 12 0.052349914 
313 518 8 11 0.051885467 
788 671 9 10 0.05162891 
825 672 10 12 0.051146705 
614 667 24 31 0.051040273 
421 658 16 20 0.050965182 
50 682 14 18 0.05050104 
365 638 11 13 0.05032965 
776 676 10 13 0.050167035 
206 587 15 20 0.049297526 
791 610 13 16 0.049232 
448 621 10 12 0.048680082 
509 556 9 11 0.048669152 
1008 692 10 12 0.048329975 
383 576 9 11 0.04830612 
32 575 10 12 0.048016045 
843 588 16 20 0.04732962 
508 550 10 13 0.047068845 
694 649 14 16 0.046824884 
688 682 17 21 0.046496417 
613 658 14 17 0.045955993 
619 621 14 17 0.045874942 
344 567 9 12 0.045572404 
397 550 8 11 0.045410052 
288 566 12 14 0.044932004 
327 532 8 11 0.044530477 
458 581 13 17 0.044409405 
312 611 12 14 0.044195123 
423 581 13 16 0.04417646 
566 605 11 13 0.044125583 
439 610 12 14 0.04403569 
789 540 8 10 0.043634314 
788 655 9 10 0.043333054 
614 651 14 17 0.04315782 
626 651 12 15 0.042883698 
780 611 13 18 0.042873245 
552 573 9 13 0.042804647 
382 598 11 15 0.04265523 
568 517 8 11 0.042478785 
346 518 8 10 0.04241353 
807 677 9 12 0.04239747 
607 566 12 15 0.042342234 
591 571 10 14 0.041836694 
344 525 10 11 0.041551203 
367 644 11 12 0.041490026 
767 655 8 11 0.041390564 
360 636 9 11 0.041213706 
336 581 10 14 0.04101332 
415 587 10 13 0.04098058 
511 543 9 10 0.04027888 
317 517 9 12 0.040090278 
73 582 10 12 0.039652538 
785 541 9 10 0.03960852 
761 612 9 13 0.039580602 
527 631 10 13 0.03950813 
746 588 14 17 0.039473988 
571 605 13 16 0.039414182 
706 13 9 12 0.039262474 
493 586 10 12 0.039088387 
467 541 10 13 0.038843803 
767 701 10 12 0.038791526 
487 551 10 12 0.037964173 
354 495 8 10 0.037772156 
798 573 11 15 0.03764942 
408 551 10 13 0.037604675 
431 626 22 28 0.037582755 
618 117 25 30 0.03728102 
792 618 12 15 0.037062805 
1 609 10 15 0.03701687 
222 541 15 19 0.036864515 
583 518 8 10 0.036843203 
611 116 17 22 0.036838382 
518 575 11 13 0.036833152 
476 627 10 13 0.036494583 
575 566 9 12 0.03623954 
373 605 11 14 0.03607532 
352 592 9 12 0.035827678 
363 588 12 14 0.035796113 
525 670 13 16 0.035792865 
566 561 9 11 0.03571062 
736 695 8 11 0.035531178 
312 602 13 16 0.035516784 
711 677 10 12 0.035431623 
309 543 9 11 0.035026193 
4 585 14 18 0.035017114 
636 623 12 15 0.034975026 
345 513 6 8 0.034631148 
744 653 9 11 0.034416623 
544 549 8 11 0.034382887 
572 574 9 12 0.034297712 
789 661 8 11 0.034222055 
277 602 14 18 0.034010023 
589 566 10 13 0.033982664 
599 110 24 29 0.033899758 
727 549 9 11 0.033677563 
545 512 7 8 0.03359833 
713 574 9 11 0.033203945 
743 647 9 11 0.033179056 
608 594 13 16 0.032984838 
582 560 10 12 0.032934897 
525 637 11 13 0.03291964 
719 661 9 13 0.032869805 
6 621 13 15 0.032773253 
360 542 8 11 0.03262535 
407 612 10 14 0.032527216 
559 560 9 12 0.032302495 
568 598 10 13 0.03223916 
749 637 10 12 0.03219572 
496 576 11 12 0.032179665 
598 567 11 15 0.032161098 
691 666 15 19 0.032092918 
575 588 10 11 0.03206705 
685 655 10 13 0.031933878 
252 577 14 20 0.03188263 
630 121 18 22 0.031689595 
391 593 13 16 0.031451263 
140 597 10 13 0.031318255 
417 582 10 14 0.031245327 
40 573 12 15 0.031239234 
505 565 10 12 0.0312167 
343 534 10 12 0.031169726 
462 558 9 12 0.031140465 
166 120 25 41 0.031080198 
472 587 12 15 0.030968884 
141 554 17 21 0.030741062 
243 530 23 31 0.030706393 
620 629 20 24 0.030467331 
495 534 8 11 0.030338151 
262 667 12 15 0.029989375 
363 621 10 14 0.029966807 
308 706 16 25 0.029950332 
772 700 11 12 0.029935852 
526 587 8 12 0.029710403 
610 571 13 16 0.029511867 
505 544 9 11 0.029385742 
352 633 9 11 0.02936379 
719 679 9 11 0.029296238 
71 598 11 15 0.029255573 
366 596 10 12 0.029229814 
760 662 9 11 0.029182209 
431 624 10 14 0.029082797 
561 619 49 58 0.028979046 
486 630 10 12 0.02895926 
134 630 15 17 0.028942559 
207 617 11 13 0.028909663 
310 645 15 18 0.028817631 
783 695 9 10 0.028726455 
781 675 9 12 0.028527886 
274 669 13 17 0.02844466 
510 642 11 13 0.028344408 
773 565 8 11 0.028341284 
590 709 12 13 0.028287401 
28 606 15 17 0.028276749 
391 619 11 14 0.028266128 
738 684 9 12 0.028259732 
575 536 8 9 0.02820049 
745 572 11 14 0.028195355 
328 549 11 14 0.028145598 
444 606 10 14 0.02808809 
562 604 10 13 0.028076846 
475 546 11 13 0.028053164 
551 518 9 11 0.027925909 
816 635 8 11 0.027847921 
375 502 8 11 0.02779405 
435 581 13 16 0.027540829 
439 638 15 20 0.027520992 
598 628 11 15 0.027517112 
734 653 9 12 0.027389761 
1001 687 10 13 0.027355678 
261 661 11 15 0.027291028 
53 592 16 21 0.027239354 
112 605 12 15 0.027221587 
576 559 9 12 0.027209088 
31 591 14 17 0.027178718 
831 581 9 12 0.027160209 
615 633 11 16 0.027124984 
486 576 10 12 0.02709756 
12 606 13 17 0.026974473 
360 612 9 13 0.026866637 
451 561 13 16 0.026866531 
44 574 15 19 0.026857575 
783 686 8 10 0.026831273 
384 623 9 12 0.026701808 
461 575 11 15 0.026691085 
288 633 12 16 0.026593799 
201 575 24 35 0.026509846 
766 661 8 10 0.026457261 
575 623 9 10 0.026442686 
789 599 20 26 0.026217148 
428 584 15 18 0.026162151 
214 538 26 31 0.026148561 
414 553 11 14 0.026119571 
830 597 12 14 0.026022835 
648 120 15 21 0.026003812 
750 568 12 14 0.025873031 
761 702 9 11 0.025830012 
349 573 10 12 0.025735399 
723 678 10 12 0.025690343 
167 653 10 12 0.025600255 
487 662 11 14 0.025516957 
292 541 10 13 0.025497489 
24 556 9 12 0.02538088 
760 655 10 12 0.025330814 
230 610 16 21 0.025213724 
61 609 14 18 0.025115868 
511 595 12 16 0.024983624 
407 581 10 13 0.02490096 
454 575 13 15 0.02466224 
524 618 13 15 0.024647832 
519 540 8 10 0.024586463 
350 603 10 14 0.024546754 
415 628 12 15 0.024451079 
767 636 11 12 0.024420433 
357 562 10 13 0.02426266 
517 557 9 12 0.02421247 
327 602 10 13 0.024176473 
535 543 9 11 0.024126453 
353 500 8 11 0.0241098 
838 599 13 18 0.024047295 
798 627 10 12 0.024035044 
329 512 7 10 0.024021717 
782 631 10 11 0.023986494 
727 660 10 14 0.023956481 
736 647 9 12 0.023928277 
774 632 11 12 0.02392727 
767 709 9 11 0.023895355 
390 604 10 13 0.023750303 
162 621 13 17 0.023742069 
725 636 11 12 0.023686616 
509 575 11 13 0.023658797 
646 614 9 11 0.023612548 
317 591 10 13 0.023585849 
270 576 9 13 0.023582226 
551 548 8 11 0.02353905 
465 547 10 13 0.023404365 
622 612 12 14 0.023398547 
617 590 20 23 0.023386698 
761 543 8 10 0.02335649 
357 605 11 15 0.023319373 
385 629 9 12 0.023268769 
727 591 10 13 0.023261463 
493 650 12 14 0.023238383 
608 614 11 14 0.02319199 
603 575 22 25 0.023174947 
574 495 8 10 0.023070168 
291 578 12 14 0.023066418 
601 509 11 14 0.023008728 
405 604 12 15 0.022907294 
126 619 13 17 0.022890925 
268 581 11 14 0.022833895 
362 659 13 14 0.022828396 
655 491 13 16 0.02282081 
537 548 9 11 0.022638638 
784 573 10 12 0.022608317 
382 526 8 10 0.022604745 
833 589 24 29 0.022585258 
636 635 12 15 0.022543717 
277 658 12 17 0.022426095 
449 536 10 11 0.02241333 
124 607 14 18 0.022394914 
716 93 10 12 0.022372585 
571 641 17 21 0.022353524 
784 704 9 11 0.02225955 
630 511 10 12 0.022096606 
560 598 10 13 0.022092005 
598 586 12 14 0.022069868 
780 637 11 13 0.02203016 
800 564 11 15 0.022006823 
38 655 10 12 0.02186991 
239 564 13 17 0.021852722 
759 621 9 12 0.021848807 
509 577 18 23 0.021798648 
324 660 11 15 0.021759288 
774 637 11 14 0.021739423 
261 636 12 15 0.021719769 
569 525 8 10 0.021617148 
561 568 19 23 0.021570781 
821 595 12 14 0.021570424 
492 660 12 15 0.021570181 
504 586 10 13 0.02151944 
745 581 11 14 0.02149881 
774 573 9 11 0.02146036 
501 650 12 15 0.021373615 
428 575 12 15 0.021372095 
624 508 9 12 0.021360656 
377 581 8 11 0.021284627 
269 657 13 17 0.021261506 
797 597 12 15 0.021256482 
533 615 10 13 0.021254512 
277 581 10 14 0.02125293 
777 709 9 12 0.021236487 
578 577 19 24 0.021230897 
782 709 9 11 0.021135254 
409 543 9 10 0.021086713 
358 535 7 10 0.021065125 
769 610 21 25 0.02106458 
385 658 17 19 0.02104939 
517 551 9 11 0.02102781 
705 9 8 10 0.020965971 
324 694 12 16 0.020938018 
560 590 9 12 0.020928275 
558 511 8 10 0.020882899 
654 485 22 26 0.020791661 
590 675 12 14 0.020781234 
231 571 10 14 0.020730782 
432 542 10 12 0.020713128 
571 635 28 34 0.020704018 
273 518 9 12 0.0206915 
291 659 14 18 0.020673215 
358 595 11 14 0.020588191 
557 534 8 10 0.020525018 
646 498 11 14 0.020522842 
623 604 11 13 0.020484919 
576 628 9 11 0.020444563 
500 676 12 15 0.020387247 
479 536 9 12 0.020383736 
569 496 8 10 0.020354971 
455 527 9 11 0.020344898 
553 567 9 12 0.020324115 
318 665 21 28 0.020323569 
173 624 14 18 0.02029817 
238 533 17 24 0.02026582 
304 544 10 12 0.020259252 
159 626 13 16 0.020255098 
776 14 8 10 0.020198956 
532 572 9 11 0.020152502 
180 525 22 28 0.020129912 
526 509 9 11 0.020072576 
358 495 7 10 0.02001033 
391 511 10 11 0.020009013 
