32_Worker_Laborer_Worker_Laborer_32_101
17
202 31 101 125 0.9999119 
571 111 101 145 0.99970764 
770 520 123 127 0.96223646 
821 417 24 32 0.22890992 
731 557 154 145 0.15025029 
-16 453 170 229 0.11413579 
531 149 343 475 0.099019475 
673 353 194 280 0.09640626 
732 583 91 80 0.046214193 
62 144 406 491 0.028909983 
815 413 40 55 0.028546477 
27 1 20 14 0.028536728 
723 551 83 84 0.023185946 
125 121 53 67 0.023073895 
455 641 30 36 0.021011312 
-23 71 176 294 0.020122385 
-58 -20 390 505 0.020017954 
