32_Worker_Laborer_Worker_Laborer_32_110
56
696 40 97 112 0.9994361 
489 327 43 46 0.9888459 
456 15 18 23 0.7656751 
205 138 13 15 0.43697447 
171 241 17 22 0.29814738 
201 127 20 24 0.12749448 
270 149 11 15 0.11577121 
362 4 25 29 0.10414537 
210 131 13 17 0.09668386 
105 244 48 43 0.072511956 
291 183 31 33 0.0648442 
255 133 11 14 0.06292428 
192 105 11 14 0.060432393 
104 109 44 50 0.057117924 
197 101 13 16 0.051760424 
149 107 11 13 0.051326495 
107 94 24 27 0.045799818 
156 158 14 17 0.044612054 
318 173 35 41 0.044138663 
303 183 46 49 0.042239245 
274 145 15 21 0.040354386 
266 169 13 20 0.038709883 
266 145 21 32 0.03766109 
301 134 14 16 0.034868486 
54 125 11 12 0.034498047 
212 172 14 16 0.03383152 
163 158 12 14 0.033575095 
359 10 15 18 0.033183564 
520 30 10 14 0.03295224 
275 152 44 53 0.031264823 
31 147 11 12 0.031119911 
45 185 12 14 0.030337434 
180 237 13 17 0.028927136 
39 166 11 13 0.028310623 
219 133 11 14 0.028303673 
272 160 21 33 0.025318822 
148 162 17 19 0.025064722 
159 234 27 33 0.024793258 
106 193 18 20 0.024776172 
296 141 12 14 0.02457975 
68 195 14 17 0.024460055 
212 173 45 48 0.0239418 
263 153 13 17 0.023674643 
168 227 25 31 0.022800261 
95 195 30 30 0.022408994 
101 125 12 13 0.022274293 
179 146 12 15 0.021913275 
54 94 12 14 0.021811223 
14 172 9 13 0.021593716 
206 164 14 16 0.020676604 
131 118 14 16 0.020620426 
182 228 13 15 0.020571582 
218 174 28 28 0.020462029 
165 233 43 53 0.020442499 
282 171 26 36 0.02023604 
276 142 25 31 0.020038076 
