32_Worker_Laborer_Worker_Laborer_32_26
89
203 252 43 44 0.88354623 
110 269 11 14 0.28938234 
627 5 48 82 0.18521152 
46 74 8 10 0.123935975 
88 274 10 13 0.109307304 
105 267 11 14 0.094206974 
104 317 9 12 0.0886617 
78 134 9 11 0.07882142 
23 325 14 17 0.077871814 
102 288 9 11 0.07757585 
109 263 10 13 0.075845376 
68 266 10 14 0.073491454 
608 181 426 501 0.06987679 
130 270 10 14 0.066525735 
306 241 15 19 0.06601131 
103 264 11 13 0.06215993 
88 73 8 10 0.061070483 
131 73 8 10 0.06008873 
716 69 115 113 0.056488715 
949 18 12 15 0.0552365 
15 269 10 13 0.055013373 
86 254 9 11 0.05490958 
92 269 10 13 0.054607056 
97 293 9 12 0.049275696 
173 256 27 34 0.04737011 
181 248 39 51 0.04690702 
78 288 9 11 0.046579085 
81 253 9 11 0.044796426 
69 255 10 12 0.043616686 
16 287 9 12 0.04143861 
145 287 10 13 0.041022222 
64 278 9 12 0.040337596 
181 261 15 17 0.039336313 
15 264 11 12 0.038155977 
20 267 12 14 0.038081877 
111 287 10 11 0.037131328 
114 292 9 11 0.035783745 
842 24 48 61 0.03505502 
185 265 15 19 0.033748314 
150 286 10 12 0.033677083 
127 255 10 12 0.033316363 
222 249 34 37 0.031760633 
138 251 13 17 0.030399468 
56 87 8 10 0.030316193 
105 276 11 12 0.030040158 
999 243 24 51 0.029714264 
79 261 10 12 0.02943532 
111 255 9 11 0.029337367 
78 88 9 12 0.028990883 
168 253 12 15 0.028969577 
13 276 10 12 0.028582755 
85 317 10 11 0.02790171 
172 253 16 18 0.027552774 
57 64 7 9 0.027522739 
68 277 9 12 0.027447201 
80 247 9 11 0.027446216 
175 286 12 14 0.027424257 
94 262 10 12 0.027130414 
232 126 8 10 0.027061183 
115 274 11 13 0.027023109 
14 291 12 15 0.027017064 
180 252 16 19 0.026936501 
64 285 9 10 0.026351957 
252 180 11 13 0.0250019 
63 319 10 12 0.024777517 
276 238 13 15 0.024279634 
43 262 10 13 0.024099518 
116 60 13 16 0.024052633 
101 139 13 17 0.02367234 
169 70 9 12 0.023365563 
935 18 11 13 0.02316048 
343 131 9 12 0.02286984 
72 286 9 11 0.02255931 
398 341 26 36 0.02215192 
106 314 13 15 0.022131907 
119 255 9 12 0.02177054 
71 294 11 13 0.02168994 
86 261 10 12 0.021562524 
325 255 12 14 0.021324528 
977 47 9 12 0.021038642 
360 289 32 48 0.0208064 
79 267 10 15 0.020780044 
85 247 10 12 0.020589268 
890 116 14 18 0.020508397 
117 287 10 13 0.020389061 
97 318 9 11 0.020368341 
94 310 10 13 0.020353269 
202 204 11 14 0.020256592 
92 300 12 14 0.020131119 
