32_Worker_Laborer_Worker_Laborer_32_786
18
468 529 186 236 0.9994351 
541 1925 96 115 0.13774046 
836 163 18 23 0.09544066 
467 1901 114 127 0.08547423 
878 71 23 33 0.08081425 
701 1227 176 280 0.072702 
978 92 27 34 0.05225736 
971 2014 16 20 0.04420572 
939 2014 46 61 0.039562326 
875 60 41 53 0.03831099 
600 1048 343 524 0.03446551 
884 1939 126 142 0.0318872 
604 1577 14 16 0.030170472 
952 2039 31 39 0.02520618 
89 1538 80 115 0.022399139 
610 32 16 20 0.02218966 
331 267 12 15 0.0216355 
48 1458 166 244 0.021202907 
