32_Worker_Laborer_Worker_Laborer_32_400
30
697 180 46 53 0.9891109 
785 405 25 33 0.07221062 
864 634 10 14 0.066745155 
630 415 26 44 0.052991137 
605 46 43 56 0.04778907 
437 366 28 37 0.047492255 
737 204 28 37 0.04177675 
455 343 45 56 0.041307237 
888 611 11 13 0.03933291 
657 70 32 37 0.039129604 
889 297 34 38 0.03763164 
814 430 13 18 0.034346923 
463 345 29 34 0.03381302 
118 418 60 65 0.03289868 
790 1 48 60 0.030590419 
851 642 12 16 0.030276932 
867 631 11 13 0.026853872 
855 638 10 14 0.026176253 
31 487 135 195 0.024936909 
342 506 16 18 0.024726687 
919 283 10 13 0.023952289 
800 439 11 14 0.022726566 
22 399 234 286 0.022515412 
1012 382 10 15 0.022072071 
218 625 26 30 0.021305718 
219 71 44 66 0.021214485 
544 4 89 105 0.020777948 
817 614 10 12 0.020545783 
716 547 22 27 0.020513957 
470 566 12 15 0.020263918 
