32_Worker_Laborer_Worker_Laborer_32_595
130
397 183 39 43 0.97175705 
910 400 27 32 0.6197928 
338 124 24 27 0.6048504 
500 346 17 19 0.31940892 
928 277 25 30 0.31178123 
612 358 29 31 0.26651576 
207 142 22 29 0.22801659 
217 144 22 28 0.22081009 
834 455 24 30 0.16628772 
486 329 13 17 0.131542 
825 391 13 19 0.12683031 
348 342 17 21 0.12658158 
964 508 23 30 0.12356362 
439 350 12 14 0.12086616 
227 138 18 24 0.10930879 
987 469 17 23 0.107782885 
424 123 10 13 0.104557805 
865 469 18 25 0.104549445 
886 418 22 26 0.09911919 
934 357 33 35 0.09633093 
829 368 16 21 0.09364072 
902 387 15 18 0.08396341 
918 280 26 32 0.07827312 
943 436 29 32 0.07739322 
1006 440 14 19 0.07679441 
737 219 73 74 0.07507986 
382 140 13 15 0.07471672 
328 355 16 18 0.06609344 
960 514 14 18 0.06390288 
309 292 12 17 0.0629181 
908 359 16 20 0.060348727 
893 461 16 19 0.060114063 
887 313 32 40 0.055744324 
418 332 23 27 0.05567893 
999 507 11 13 0.053787705 
378 379 18 22 0.05313342 
625 354 35 35 0.051571295 
195 134 21 34 0.05119456 
929 403 16 21 0.051059347 
941 482 23 24 0.048691995 
354 128 17 22 0.048164003 
581 425 30 28 0.0481395 
828 428 14 20 0.046244137 
894 410 24 31 0.045546923 
240 551 9 10 0.042224463 
315 298 13 15 0.042100877 
232 184 35 39 0.04091478 
393 170 17 23 0.040247105 
427 121 11 13 0.0394033 
884 330 42 49 0.039132636 
567 338 29 29 0.038054638 
501 335 15 19 0.03795165 
235 171 29 32 0.037347008 
875 417 23 30 0.03722174 
948 314 25 28 0.036641937 
146 189 32 32 0.036503255 
912 451 23 30 0.03565955 
312 371 16 19 0.03538935 
541 396 31 33 0.0352175 
510 233 14 18 0.034556977 
85 550 11 14 0.034489196 
557 313 17 19 0.034218796 
913 361 22 30 0.03374675 
837 222 28 45 0.033164553 
996 321 25 30 0.03252207 
845 411 45 48 0.032382257 
914 316 29 34 0.032182194 
148 189 16 19 0.031932246 
403 108 11 14 0.031611457 
292 173 11 14 0.031575482 
900 348 26 33 0.031550787 
900 389 24 31 0.031464282 
923 359 26 33 0.030736037 
859 154 14 17 0.030611161 
1013 180 9 14 0.029777804 
425 669 9 11 0.028765611 
363 379 14 18 0.028694369 
789 228 57 71 0.028149711 
414 125 12 15 0.027871925 
288 171 11 15 0.027722288 
545 330 15 18 0.02742773 
860 491 17 19 0.027029721 
367 375 10 12 0.026462138 
899 376 23 28 0.02643488 
680 323 38 38 0.026243065 
925 508 14 16 0.026201347 
395 168 27 35 0.026018461 
907 299 33 40 0.025792373 
573 306 16 18 0.025695214 
852 419 27 30 0.024700275 
407 125 10 14 0.023978712 
992 541 11 13 0.023963137 
856 329 35 41 0.02394558 
383 294 13 15 0.023717854 
232 160 24 31 0.023663646 
277 171 12 15 0.023218386 
658 334 17 18 0.023138067 
782 455 14 18 0.022887334 
823 373 21 27 0.022854304 
723 401 18 22 0.022814816 
438 -86 410 458 0.022761017 
308 323 15 18 0.022703057 
835 319 45 57 0.022590617 
153 519 8 10 0.022552503 
904 285 26 31 0.022521412 
926 485 28 27 0.022468397 
1000 417 21 32 0.022378087 
160 471 8 10 0.022192396 
997 184 11 13 0.021816099 
851 492 14 18 0.021791974 
359 385 12 14 0.021762747 
783 25 26 30 0.021651262 
493 363 16 18 0.021632211 
763 158 32 36 0.021428294 
301 273 12 15 0.021425718 
902 522 15 19 0.021369284 
117 503 9 10 0.021206636 
185 495 10 11 0.021093572 
758 172 13 14 0.02097263 
207 607 9 10 0.02067872 
381 150 15 19 0.020631157 
240 543 8 10 0.020340435 
780 378 11 15 0.020324396 
840 451 17 20 0.02029116 
1006 307 18 22 0.02027838 
1012 424 12 20 0.020181686 
303 334 21 27 0.020107124 
1003 506 15 17 0.020056827 
764 169 15 19 0.020019615 
332 117 38 45 0.020003969 
