32_Worker_Laborer_Worker_Laborer_32_594
105
659 161 58 75 0.99919444 
784 624 9 12 0.10277122 
861 533 13 15 0.09393738 
781 628 11 14 0.08256507 
552 579 13 17 0.07342638 
508 541 10 12 0.070405655 
777 630 10 13 0.06976709 
936 494 8 10 0.06830792 
48 517 8 10 0.06416711 
182 494 10 13 0.062180407 
766 0 15 17 0.05394733 
738 607 9 11 0.052731592 
25 512 7 9 0.05231016 
95 535 9 10 0.0521017 
183 517 10 12 0.050806146 
1002 484 8 11 0.047148366 
847 598 10 13 0.046976496 
240 537 12 16 0.046118513 
544 550 10 12 0.045952532 
976 503 8 10 0.04269746 
58 534 9 12 0.042631317 
127 496 7 9 0.039743073 
540 562 11 15 0.039734446 
113 526 9 11 0.0362295 
440 538 17 23 0.034919508 
555 583 15 18 0.034802396 
114 533 8 10 0.034648318 
811 606 11 14 0.034019303 
739 212 16 20 0.03352749 
732 630 15 19 0.03306507 
935 471 7 9 0.032653563 
46 537 8 10 0.03233011 
943 479 8 9 0.032244314 
55 511 7 9 0.032055005 
445 524 13 16 0.03203511 
118 504 7 9 0.03171918 
496 552 12 15 0.030611513 
41 536 8 10 0.0303215 
115 504 7 9 0.02996013 
923 526 12 13 0.02975307 
113 520 8 10 0.029684171 
136 535 10 12 0.029413762 
104 511 7 9 0.029410109 
910 545 11 14 0.029316 
950 469 8 10 0.029143922 
6 545 9 11 0.02910571 
45 541 10 12 0.029084537 
961 480 7 9 0.028974043 
198 470 8 10 0.028850285 
176 478 8 9 0.028749958 
166 488 8 10 0.028165972 
556 576 11 13 0.027841086 
56 505 8 10 0.027530188 
182 488 9 12 0.027379688 
94 176 12 16 0.027280208 
182 469 8 10 0.026932022 
951 479 8 10 0.026380215 
94 541 10 11 0.026136793 
549 550 8 10 0.026133662 
832 607 8 10 0.026103564 
10 477 8 10 0.026052788 
953 510 9 10 0.02571831 
177 513 9 11 0.025618115 
295 45 13 17 0.024765698 
952 495 7 10 0.024378356 
935 487 9 11 0.024187637 
172 523 12 15 0.024147633 
428 491 12 16 0.024077194 
962 486 8 10 0.023972051 
911 494 9 11 0.023792906 
160 503 7 10 0.023544692 
926 479 11 12 0.023532035 
1003 494 9 12 0.023415105 
176 519 10 12 0.023288518 
752 631 9 12 0.023263931 
958 510 8 10 0.022934439 
73 511 8 10 0.022921968 
475 501 16 21 0.022877643 
177 499 10 12 0.022833554 
853 601 12 17 0.022784282 
942 579 11 14 0.022768777 
951 465 9 10 0.02264142 
987 649 19 18 0.022569384 
199 463 8 9 0.022490941 
494 113 379 433 0.022071343 
300 568 18 21 0.022005146 
89 504 8 10 0.02195343 
57 529 8 9 0.02171223 
533 591 12 14 0.02129861 
918 501 9 10 0.0211818 
756 631 9 12 0.021095432 
126 448 8 10 0.021083895 
975 526 11 11 0.021001581 
137 511 7 10 0.020956432 
968 495 8 10 0.020896241 
167 471 7 10 0.020566285 
848 602 12 17 0.020424223 
957 555 13 16 0.020334626 
984 478 8 10 0.020285854 
64 506 7 9 0.020270253 
114 160 14 17 0.020244807 
1000 501 9 9 0.020127565 
982 470 9 10 0.020115493 
880 496 8 10 0.020110598 
871 607 11 14 0.020053554 
