32_Worker_Laborer_Worker_Laborer_32_566
111
670 367 50 67 0.9972664 
30 251 10 12 0.13894881 
70 250 13 14 0.1091595 
949 319 42 50 0.10539956 
20 252 13 14 0.07497535 
635 149 16 19 0.06677851 
537 223 9 12 0.065999895 
632 134 11 13 0.06285472 
50 254 12 14 0.060813613 
200 631 8 10 0.060130224 
168 628 8 10 0.055281557 
54 470 8 9 0.05496859 
630 140 11 12 0.053379122 
665 157 11 13 0.05316906 
106 457 7 8 0.05281543 
625 141 9 11 0.051837284 
199 655 10 11 0.05086977 
56 485 7 10 0.047552444 
54 464 8 10 0.044467807 
826 276 22 28 0.0439783 
835 18 17 20 0.043376364 
50 463 7 9 0.04193562 
30 495 8 10 0.041879497 
541 247 8 11 0.041554037 
88 237 9 11 0.041219 
143 142 9 11 0.04028145 
90 221 9 11 0.039312452 
200 649 9 10 0.038879238 
217 630 7 9 0.038145807 
956 339 29 36 0.037982307 
901 188 12 16 0.037637755 
600 142 12 13 0.037315905 
298 120 355 441 0.037129313 
49 260 10 14 0.03577695 
831 589 11 15 0.035142016 
614 109 9 11 0.034618296 
33 465 7 8 0.033879206 
620 124 9 11 0.033565864 
974 329 45 57 0.033502948 
933 302 30 38 0.03314749 
787 571 12 16 0.032775972 
63 471 7 10 0.032474544 
206 648 7 10 0.03247324 
610 109 8 11 0.031959787 
643 547 105 105 0.03195006 
439 310 8 11 0.03190019 
775 536 8 10 0.031546943 
175 631 8 9 0.030753916 
64 247 11 13 0.030297955 
798 398 9 11 0.030135825 
657 125 10 12 0.029974652 
823 548 38 55 0.029904766 
37 277 12 14 0.029827662 
801 469 8 10 0.029752513 
794 526 9 12 0.029478433 
792 557 12 14 0.029301448 
802 553 41 56 0.029088277 
51 269 11 13 0.028963385 
5 253 11 15 0.028825143 
840 587 10 15 0.028447615 
55 481 7 8 0.02835008 
635 139 15 16 0.02724594 
193 638 8 9 0.0265134 
861 343 48 62 0.026425606 
783 535 8 11 0.026346672 
429 259 9 12 0.0263152 
21 239 10 11 0.026206264 
217 625 7 9 0.026134063 
194 632 8 10 0.026025465 
586 246 8 11 0.025807356 
37 246 10 13 0.025691872 
633 129 9 11 0.02557448 
493 304 9 11 0.025283027 
511 343 8 10 0.024996255 
53 279 10 12 0.024965335 
398 369 9 11 0.024926333 
222 639 8 10 0.024879323 
796 562 12 15 0.024838643 
613 141 10 12 0.024814876 
905 230 15 20 0.024634054 
185 655 9 12 0.024608124 
783 565 22 29 0.023990378 
954 337 49 63 0.023813037 
935 362 47 68 0.02353188 
590 150 9 12 0.023164783 
616 119 10 12 0.023069676 
891 268 25 28 0.0229416 
787 358 13 15 0.022919068 
558 359 8 9 0.022780294 
543 302 8 11 0.022655232 
799 421 8 10 0.022310104 
65 480 7 8 0.022218646 
46 277 11 14 0.022109814 
628 156 23 27 0.022098554 
379 236 14 18 0.022038555 
192 656 9 12 0.02190154 
17 246 11 13 0.021795822 
15 271 9 12 0.021566005 
641 118 10 10 0.021493105 
744 537 10 12 0.021349749 
623 135 10 12 0.021249335 
788 539 42 56 0.02095109 
954 305 33 39 0.020924145 
953 329 22 27 0.020888252 
90 457 8 9 0.020846142 
780 632 15 19 0.020824004 
784 380 10 13 0.020495178 
784 325 11 14 0.020460362 
605 134 11 13 0.020448238 
62 224 8 10 0.020168591 
712 75 12 14 0.020046761 
