32_Worker_Laborer_Worker_Laborer_32_812
70
382 83 95 119 0.9995234 
61 461 22 28 0.33459112 
581 171 11 14 0.22248049 
363 310 47 53 0.16769092 
740 83 15 20 0.116742425 
937 336 26 30 0.09163811 
674 106 25 31 0.06774274 
22 428 9 11 0.06691038 
57 432 9 12 0.06523414 
49 471 10 12 0.06179011 
964 366 12 15 0.059243746 
3 442 13 16 0.058168963 
270 581 12 14 0.057840083 
98 11 74 70 0.051579513 
18 430 9 11 0.04998696 
440 484 109 165 0.04703963 
940 351 17 21 0.046506654 
54 469 12 14 0.046352245 
46 416 10 12 0.043282535 
38 399 8 10 0.041772533 
5 470 9 13 0.041424386 
34 509 14 18 0.040699705 
7 407 9 13 0.04065457 
37 452 9 11 0.038698617 
15 437 9 13 0.037081797 
964 502 28 35 0.0368442 
14 413 8 11 0.036670405 
14 408 8 11 0.03577465 
52 474 11 15 0.03427291 
141 446 9 11 0.033725955 
287 629 11 13 0.033594243 
197 405 10 15 0.03259761 
686 108 26 33 0.032559223 
110 465 13 16 0.031612877 
33 405 9 10 0.03065964 
33 448 10 12 0.030167745 
117 466 11 15 0.030151913 
124 461 10 12 0.029921385 
24 511 21 27 0.029540496 
757 72 13 17 0.0292838 
0 367 13 23 0.029047268 
564 167 10 11 0.029021457 
36 462 11 13 0.028987609 
169 413 9 11 0.02812107 
269 574 12 15 0.028117405 
478 -25 414 421 0.0275563 
94 501 11 14 0.027366284 
26 481 15 17 0.026370676 
533 387 32 36 0.026141522 
66 476 16 21 0.025991037 
19 509 14 17 0.025481725 
39 392 9 12 0.024315378 
31 502 14 16 0.024071591 
20 515 15 20 0.023591276 
276 580 10 13 0.022866258 
737 52 15 18 0.022690766 
255 486 27 35 0.022502014 
1 537 13 21 0.022420872 
-81 314 465 496 0.02242036 
593 183 9 12 0.021744922 
0 452 10 13 0.021660091 
28 374 9 12 0.021647284 
29 424 8 10 0.021571165 
2 411 10 15 0.021401003 
285 636 14 17 0.021072235 
44 397 10 12 0.021022322 
262 532 100 146 0.020975078 
745 606 10 13 0.020335773 
495 65 104 111 0.02017497 
16 471 11 14 0.020171035 
