32_Worker_Laborer_Worker_Laborer_32_1038
50
433 211 98 111 0.9964418 
630 985 180 230 0.09875249 
314 0 20 14 0.096878 
260 283 18 21 0.08649611 
476 90 15 20 0.085158266 
361 42 18 23 0.07917853 
452 826 36 34 0.07513293 
501 0 39 28 0.0702293 
412 868 33 34 0.07019489 
540 202 74 74 0.057596743 
353 74 24 32 0.054941826 
506 216 71 75 0.049046017 
339 320 19 23 0.046798393 
430 213 44 54 0.046750393 
1 889 15 22 0.04452634 
246 305 29 35 0.042047337 
612 107 13 18 0.041139077 
651 105 13 17 0.039171856 
310 28 14 16 0.036803715 
567 202 35 32 0.03559735 
646 100 12 14 0.03426183 
963 322 28 31 0.033558607 
315 322 18 21 0.031986713 
555 184 61 62 0.030270481 
475 189 127 116 0.030175535 
17 968 23 32 0.029817892 
354 1 16 18 0.02965448 
560 114 33 41 0.029294014 
350 39 24 30 0.0291113 
337 30 42 57 0.02762271 
559 225 69 68 0.027321212 
639 109 12 14 0.02653534 
79 874 14 19 0.026287114 
961 1208 30 35 0.026013285 
482 89 17 23 0.024695035 
428 182 67 93 0.02433235 
366 68 24 34 0.0242917 
872 276 15 18 0.0238325 
651 114 17 21 0.022900427 
340 5 14 15 0.02269557 
323 291 17 20 0.022613775 
645 115 15 17 0.021723038 
331 3 15 15 0.021524008 
74 854 29 43 0.021266568 
635 124 13 17 0.021021618 
681 1088 25 35 0.020878829 
641 102 22 26 0.02050548 
332 33 24 31 0.020367596 
529 209 119 106 0.020249747 
968 283 11 12 0.020142335 
