32_Worker_Laborer_Worker_Laborer_32_516
38
256 112 34 43 0.9997912 
419 124 29 37 0.9990938 
225 129 28 35 0.9988341 
49 22 69 92 0.9986682 
844 117 32 36 0.99751115 
966 47 60 89 0.99640816 
520 100 39 46 0.9955493 
296 118 43 53 0.9927141 
756 100 41 51 0.9915336 
370 147 17 21 0.9884708 
880 145 33 41 0.98147774 
480 339 36 37 0.9685033 
277 306 47 54 0.9662711 
675 318 43 47 0.96298903 
767 333 47 49 0.8855553 
345 300 48 55 0.85426015 
575 353 43 41 0.7734213 
682 164 12 15 0.3089908 
213 138 28 39 0.16374008 
207 148 22 30 0.1000729 
212 149 13 18 0.07521467 
728 141 25 31 0.06475289 
676 159 21 25 0.06339097 
273 113 38 48 0.06287603 
340 87 22 30 0.06127401 
440 0 10 10 0.045922644 
113 10 46 61 0.032992665 
748 322 43 53 0.028335912 
108 39 44 62 0.027894652 
793 335 32 39 0.025918707 
706 83 30 33 0.024156844 
438 4 10 12 0.023754109 
332 102 27 38 0.02307202 
591 124 29 34 0.02295211 
714 99 26 32 0.022345997 
215 74 12 15 0.02162081 
168 98 13 18 0.02079799 
864 154 26 35 0.02002626 
