32_Worker_Laborer_Worker_Laborer_32_529
40
481 268 78 103 0.99470574 
935 554 21 27 0.49255362 
60 911 496 540 0.42006263 
976 649 9 11 0.18083394 
995 552 18 22 0.14205919 
452 987 326 493 0.10100319 
995 637 24 31 0.08451014 
797 636 11 14 0.0826499 
196 392 17 20 0.06067269 
998 643 14 17 0.052435797 
140 584 16 20 0.05199775 
330 711 54 72 0.047209255 
191 634 39 45 0.046794746 
864 650 12 15 0.038280398 
62 670 9 11 0.03708587 
914 563 12 15 0.03698225 
978 651 11 13 0.03572429 
912 558 12 15 0.03475103 
894 645 10 12 0.033451755 
935 576 13 17 0.033391204 
913 695 10 13 0.032573003 
3 698 31 38 0.03171458 
1001 559 18 23 0.03163606 
1013 767 10 16 0.031331573 
958 550 16 20 0.030481458 
39 658 46 61 0.02932629 
54 632 9 12 0.028999966 
894 621 12 14 0.0250427 
826 685 9 12 0.024716174 
184 752 23 32 0.024273263 
886 710 11 14 0.02332106 
924 579 12 16 0.0231966 
917 699 9 12 0.023163345 
238 1256 409 487 0.022896906 
588 49 119 182 0.021641996 
353 761 422 538 0.021525048 
227 699 13 16 0.020806698 
957 701 8 11 0.020615734 
932 569 22 27 0.020402525 
855 701 11 15 0.020163259 
