42_Car_Racing_Nascar_42_650
113
380 157 36 42 0.9955206 
688 191 20 27 0.9456413 
109 132 37 61 0.9240806 
909 174 14 21 0.8937535 
780 142 19 26 0.7380892 
654 217 12 16 0.70724565 
7 171 33 40 0.49958146 
983 191 10 16 0.43057787 
768 206 12 16 0.39592436 
750 205 10 14 0.32816157 
628 221 13 17 0.21688442 
221 172 10 13 0.18182528 
234 198 15 17 0.1679545 
180 188 14 19 0.15291148 
790 212 11 12 0.14995198 
288 168 12 18 0.13840069 
636 228 13 17 0.13817717 
420 519 14 18 0.13726968 
987 191 11 13 0.12490805 
78 147 25 40 0.110453084 
832 175 10 13 0.103672035 
406 132 31 48 0.10172823 
919 209 13 19 0.08067957 
628 205 23 28 0.07848094 
835 204 13 17 0.07517054 
172 185 24 30 0.07011171 
968 1 55 51 0.065352604 
977 189 12 16 0.06219127 
851 203 12 15 0.06000988 
611 227 13 15 0.058920514 
566 225 13 16 0.056426376 
593 231 9 12 0.054821428 
4 186 14 20 0.0536644 
74 134 25 40 0.049005833 
186 192 13 18 0.046109974 
997 190 10 13 0.04526732 
237 180 11 12 0.045037158 
765 144 27 33 0.044980798 
160 214 26 35 0.044270743 
632 218 17 19 0.043593302 
1 178 22 35 0.041605644 
726 129 15 22 0.04111499 
1 174 11 17 0.03947444 
229 128 13 18 0.0385681 
230 175 10 13 0.038114727 
840 230 12 14 0.037793063 
643 227 14 19 0.036826137 
596 236 9 12 0.035907425 
232 179 11 13 0.035783187 
682 234 15 20 0.035758123 
609 221 13 15 0.03573812 
776 140 14 21 0.035390675 
286 232 465 528 0.035015658 
199 196 10 13 0.03452752 
902 208 9 11 0.03328171 
609 217 21 26 0.032923102 
361 214 25 31 0.032591607 
278 223 16 18 0.031524856 
563 194 12 16 0.03139717 
834 178 12 16 0.030858813 
898 171 20 29 0.030838694 
159 186 29 34 0.030549726 
596 162 11 14 0.030321432 
1007 300 12 18 0.02981236 
780 186 11 15 0.029407874 
710 230 12 17 0.028981179 
236 205 15 21 0.028744156 
235 188 16 20 0.028388198 
482 82 43 45 0.028285556 
263 155 39 49 0.028120024 
414 430 12 17 0.027275234 
757 203 12 17 0.026962586 
0 190 12 20 0.026526965 
151 203 30 37 0.026317736 
217 167 11 14 0.026262164 
572 222 14 16 0.025870996 
230 207 14 18 0.024889108 
36 422 13 17 0.024708495 
202 210 14 16 0.024666341 
483 509 12 14 0.024546515 
756 129 15 19 0.024519557 
784 210 13 16 0.024451679 
623 214 13 17 0.02415773 
623 198 12 15 0.024154456 
174 197 16 22 0.02396595 
603 413 18 21 0.023810137 
730 126 13 17 0.02368838 
797 191 14 18 0.023589002 
236 131 12 17 0.0233026 
781 134 14 20 0.023249242 
596 189 12 15 0.023224734 
795 210 12 17 0.023196222 
983 191 18 24 0.02313491 
642 210 20 24 0.022817113 
897 207 9 11 0.022189401 
822 202 10 15 0.022049114 
787 207 22 31 0.02203836 
790 197 21 29 0.021767862 
790 145 18 23 0.0216561 
173 201 27 33 0.021612903 
239 322 43 55 0.021481339 
238 170 44 50 0.021463059 
223 213 11 13 0.021014754 
804 229 11 13 0.020778991 
556 189 14 19 0.020769266 
592 222 10 13 0.020727217 
12 183 17 23 0.020687247 
913 180 17 22 0.020493226 
241 202 15 19 0.020425286 
750 130 13 17 0.020403894 
757 121 23 29 0.020333773 
590 163 12 14 0.020234166 
304 274 14 16 0.02005929 
