42_Car_Racing_Nascar_42_922
180
531 61 94 113 0.99932194 
249 189 53 80 0.99885535 
348 115 84 103 0.9961904 
856 153 48 84 0.8490613 
127 238 11 15 0.40382347 
76 183 10 13 0.38409358 
873 165 52 84 0.3265516 
8 166 7 9 0.28819126 
941 130 45 63 0.26514125 
30 207 8 11 0.23657392 
96 192 9 11 0.22258608 
21 191 9 11 0.1598682 
41 241 12 16 0.12623663 
71 153 7 8 0.12620243 
78 134 7 9 0.12133902 
38 198 8 11 0.11968693 
16 227 10 12 0.11479986 
48 184 8 10 0.10479543 
0 188 8 12 0.10153336 
23 157 7 9 0.101267144 
707 341 15 18 0.1011278 
108 236 11 16 0.09783232 
174 177 8 9 0.09633421 
96 168 8 10 0.0944161 
0 215 9 12 0.09382008 
64 192 7 10 0.089464046 
49 205 8 10 0.088479735 
97 136 7 9 0.08659853 
31 167 8 10 0.08650319 
835 161 47 69 0.08374669 
74 133 8 10 0.07646933 
132 243 11 13 0.07444711 
21 224 9 11 0.073913485 
55 190 7 8 0.07327942 
754 244 46 62 0.07230525 
101 191 8 10 0.07182568 
172 227 11 13 0.071211115 
91 243 22 28 0.07033519 
5 118 9 11 0.06879909 
111 185 8 9 0.06878057 
991 256 14 17 0.0676201 
118 201 9 11 0.065783195 
157 168 7 10 0.064204805 
29 212 8 11 0.0631302 
88 159 8 9 0.06266512 
57 160 8 9 0.061436247 
100 240 15 24 0.060834553 
16 195 10 12 0.060719803 
895 179 59 85 0.059996203 
75 120 6 8 0.055857383 
94 151 8 9 0.05520841 
127 233 9 12 0.05415548 
54 206 8 10 0.052949958 
22 195 9 12 0.0521948 
54 185 7 9 0.05177875 
46 175 8 10 0.051586904 
40 174 8 10 0.051525213 
3 166 7 10 0.051460087 
15 174 8 10 0.051408462 
18 153 7 9 0.05125232 
16 214 8 11 0.049830895 
145 215 8 10 0.04829108 
33 135 7 9 0.048274525 
63 197 9 10 0.047904875 
39 150 8 9 0.046503875 
105 185 8 10 0.044775322 
78 128 7 10 0.044398036 
15 135 10 11 0.04435602 
183 165 8 10 0.04399461 
0 150 7 10 0.04289736 
72 199 9 10 0.042792235 
137 145 7 10 0.042769436 
32 199 9 11 0.04246217 
49 189 8 10 0.04194833 
46 150 7 9 0.04190195 
88 191 9 11 0.041477267 
128 184 6 9 0.04127012 
119 228 10 12 0.041151293 
40 193 6 8 0.04108457 
19 158 7 9 0.040615123 
55 232 9 13 0.040567447 
63 144 7 9 0.040067397 
103 168 7 10 0.040025458 
14 167 7 9 0.039399788 
17 184 8 10 0.03916802 
8 111 9 11 0.038252052 
6 190 7 11 0.0378076 
765 266 13 18 0.037635628 
64 151 7 9 0.037401184 
112 277 12 15 0.037161514 
152 151 7 9 0.036668338 
100 197 8 11 0.035919577 
15 208 9 10 0.03563737 
114 201 9 11 0.035029467 
95 142 8 10 0.0348728 
56 128 7 9 0.03473402 
145 233 8 10 0.03400572 
145 144 6 9 0.033884816 
4 214 9 12 0.03381799 
144 183 8 10 0.033683572 
105 150 7 9 0.03367155 
110 148 8 10 0.03363416 
89 152 8 10 0.03318266 
674 323 16 19 0.03306731 
21 183 10 11 0.032618638 
150 216 7 8 0.032547932 
1 207 8 12 0.032310814 
6 184 7 10 0.031823445 
159 223 8 10 0.03146225 
157 173 7 10 0.031237343 
142 246 9 12 0.031147677 
119 168 8 9 0.03074981 
679 304 11 13 0.030646231 
145 209 7 9 0.0305273 
105 143 8 10 0.03033839 
150 237 8 10 0.030327195 
31 173 9 10 0.030133223 
23 175 8 10 0.030098386 
0 159 7 10 0.029873727 
75 337 58 96 0.02921807 
674 309 25 26 0.029157666 
9 238 8 11 0.028837463 
123 235 18 23 0.028589826 
111 230 10 15 0.028406637 
39 203 8 11 0.028274337 
178 198 7 10 0.028241722 
51 241 12 17 0.028218096 
759 266 12 17 0.028103465 
120 159 9 10 0.027888743 
0 198 7 10 0.027887437 
58 144 7 9 0.02765681 
40 224 10 11 0.027655443 
902 103 55 59 0.027489498 
46 236 20 27 0.027486391 
8 198 8 10 0.027407225 
751 261 29 40 0.02711926 
47 133 8 10 0.026983004 
89 166 8 11 0.026702987 
812 177 32 50 0.026494974 
74 128 7 10 0.026218325 
201 174 9 10 0.02620282 
71 177 11 12 0.026033081 
113 174 8 9 0.025883459 
84 183 9 11 0.025847727 
9 143 7 9 0.025443975 
177 192 9 11 0.025185594 
75 199 11 11 0.025181988 
106 159 7 9 0.025164085 
190 167 7 10 0.02488133 
120 152 7 9 0.024754057 
81 249 26 29 0.024729537 
144 189 8 10 0.024665479 
119 234 13 19 0.024571221 
47 168 7 8 0.024156265 
120 135 7 9 0.023962356 
7 171 9 12 0.02393299 
129 217 6 9 0.023748746 
39 145 7 9 0.023568735 
97 130 7 8 0.023485787 
66 183 7 10 0.022643344 
676 307 15 17 0.022423659 
63 166 7 9 0.022389237 
65 175 8 10 0.022358272 
90 143 7 9 0.022294518 
26 166 7 10 0.022174098 
167 237 11 12 0.022093285 
46 231 10 13 0.022075977 
150 145 7 8 0.022034883 
160 151 8 10 0.02202682 
176 205 8 9 0.021849878 
6 207 8 10 0.021779496 
119 173 7 9 0.021451829 
43 182 8 10 0.0211895 
671 329 12 16 0.02116236 
166 158 8 10 0.021040067 
1 145 7 10 0.020865282 
964 235 14 17 0.020738149 
47 145 7 8 0.020598816 
89 196 10 11 0.020315034 
7 221 9 12 0.020275392 
