42_Car_Racing_Car_Racing_42_743
68
604 84 24 31 0.98890394 
374 437 82 123 0.27734396 
696 113 12 15 0.17955369 
750 101 9 11 0.14575647 
652 100 17 21 0.1456034 
95 116 13 14 0.14238061 
808 102 10 13 0.11035626 
548 125 15 22 0.081881225 
670 146 12 18 0.07917114 
979 112 14 20 0.07694516 
776 105 9 10 0.07546427 
86 131 13 16 0.07435677 
758 111 10 12 0.07344647 
751 108 9 12 0.06460515 
846 306 16 21 0.06337313 
667 118 12 15 0.05849829 
757 101 9 13 0.057037715 
746 96 9 11 0.05509236 
103 156 11 13 0.05237082 
108 157 14 16 0.046885572 
70 183 32 37 0.046449263 
713 141 10 13 0.04507064 
55 136 9 12 0.045062438 
159 141 11 14 0.04469127 
91 119 16 20 0.044146534 
187 205 141 151 0.0404393 
974 114 23 34 0.039110962 
806 107 10 14 0.037884187 
495 121 14 16 0.0376596 
958 113 33 41 0.036829866 
89 223 10 13 0.03675261 
99 119 15 18 0.036350265 
916 388 96 151 0.036309827 
837 306 14 19 0.036095146 
84 197 12 14 0.03556194 
590 115 25 32 0.0348312 
123 119 15 18 0.034795485 
178 176 33 43 0.032246605 
648 103 14 20 0.032228082 
83 126 24 27 0.031910516 
985 111 15 19 0.030976875 
692 205 20 27 0.030705689 
595 143 16 22 0.030431543 
102 152 24 29 0.029975453 
566 92 22 26 0.029468413 
15 142 9 12 0.02904945 
21 161 16 19 0.02621998 
593 134 29 37 0.02617326 
95 154 12 15 0.025788428 
90 147 28 35 0.024999436 
184 182 18 22 0.024852606 
886 108 11 15 0.024383748 
689 114 12 15 0.023937758 
809 96 10 13 0.023700545 
663 121 13 15 0.02289113 
945 130 32 37 0.02285165 
793 156 8 11 0.022790166 
125 1 14 12 0.021895397 
577 96 15 19 0.021886116 
591 115 15 20 0.021541987 
751 114 10 13 0.021278769 
756 96 9 12 0.020575477 
800 109 12 16 0.020548124 
660 110 21 26 0.02053822 
85 166 29 37 0.020521797 
663 142 21 29 0.020474134 
403 29 14 18 0.020318216 
768 103 9 12 0.020044073 
