42_Car_Racing_Nascar_42_442
90
636 811 21 26 0.98717475 
788 818 19 24 0.9809537 
724 817 21 24 0.96065205 
883 791 20 26 0.95105195 
463 196 10 12 0.36085847 
277 113 10 13 0.17330818 
362 870 106 129 0.14909649 
705 315 424 466 0.10994231 
407 180 9 12 0.09842401 
466 189 11 14 0.096649505 
770 823 16 20 0.09621176 
292 125 9 12 0.088556185 
957 795 61 90 0.07961637 
447 220 21 25 0.079578154 
-34 284 453 521 0.07768657 
440 176 10 12 0.074713856 
399 199 8 9 0.07252474 
303 152 10 12 0.07106656 
335 136 8 9 0.065810755 
588 830 16 21 0.06343135 
335 142 8 8 0.06092375 
322 152 8 10 0.06009347 
305 873 119 141 0.059780434 
817 55 99 113 0.05734938 
321 127 7 10 0.05516396 
400 190 8 10 0.054844502 
244 188 11 15 0.052319597 
352 153 8 9 0.04475925 
418 205 12 15 0.043016735 
457 203 10 12 0.04115014 
423 168 7 9 0.040517144 
437 195 12 15 0.040119313 
455 181 9 12 0.039562438 
458 198 11 13 0.037355136 
310 167 10 12 0.037116468 
246 183 11 14 0.036923777 
921 372 110 156 0.03647911 
417 166 7 10 0.035768654 
405 199 8 9 0.03546442 
288 118 9 12 0.034793362 
189 327 422 515 0.033566255 
325 227 17 18 0.033305116 
232 198 11 14 0.03317893 
425 174 7 10 0.032807454 
839 859 13 15 0.032775275 
270 159 9 11 0.031350207 
322 94 8 10 0.03111699 
401 184 10 12 0.030667825 
305 103 8 10 0.030230455 
446 167 8 11 0.029539932 
743 809 23 28 0.028984217 
309 103 7 9 0.028803408 
997 28 27 41 0.028407468 
358 135 7 9 0.027798431 
272 143 9 12 0.026729843 
774 816 21 27 0.026623107 
424 181 8 10 0.026166514 
352 136 8 9 0.025665553 
441 225 13 17 0.025581129 
772 834 14 18 0.025358828 
382 258 28 34 0.025239434 
596 942 10 13 0.025170883 
329 119 8 10 0.024770707 
401 150 8 9 0.024712631 
390 208 11 13 0.024539802 
270 164 9 11 0.023751995 
343 157 8 10 0.023328366 
419 198 10 12 0.023186779 
262 110 9 11 0.023145571 
376 167 8 9 0.023141041 
470 203 11 12 0.02292517 
325 814 171 203 0.022565966 
689 794 16 19 0.022554604 
680 923 15 19 0.02237239 
392 198 9 11 0.0223229 
810 341 221 317 0.022097638 
272 127 9 10 0.02176281 
344 152 8 10 0.021733178 
237 193 13 17 0.021562401 
345 168 8 10 0.020965895 
296 103 8 9 0.020884767 
479 203 9 11 0.020744164 
537 -14 397 467 0.020665426 
328 168 8 10 0.020642336 
469 184 9 13 0.020498328 
351 181 8 10 0.020469783 
287 151 11 12 0.020392174 
280 103 10 13 0.020333499 
307 155 11 12 0.020026656 
417 191 8 10 0.020025626 
