42_Car_Racing_Nascar_42_462
72
969 303 34 44 0.9971021 
718 337 32 37 0.9635438 
761 708 24 27 0.5279553 
165 202 16 20 0.3269478 
140 206 12 14 0.105921045 
227 493 17 24 0.103200816 
311 161 204 265 0.10044849 
109 231 11 14 0.09694832 
374 441 29 36 0.08232564 
274 379 16 22 0.07907396 
171 374 18 21 0.07558169 
275 372 11 14 0.07478906 
229 273 14 18 0.06653064 
758 108 30 36 0.06463028 
212 56 348 449 0.06207296 
180 233 15 18 0.05041943 
420 370 14 17 0.04775379 
61 445 12 16 0.046655193 
134 210 16 20 0.046500888 
272 195 12 17 0.04640616 
171 238 26 31 0.04337747 
209 303 10 12 0.04244984 
242 249 14 20 0.04162501 
897 579 13 17 0.040690605 
189 335 13 17 0.040509418 
131 225 15 19 0.038285315 
272 366 12 16 0.037712034 
241 163 11 13 0.03764941 
172 201 13 17 0.03620307 
122 234 26 31 0.03297386 
283 400 24 28 0.032198574 
234 269 14 16 0.032019008 
148 308 11 14 0.031744078 
124 250 14 17 0.03151828 
168 372 13 17 0.031374384 
216 199 8 11 0.031273372 
338 351 16 21 0.030894822 
255 198 9 11 0.030683747 
130 241 14 18 0.030534178 
4 39 401 490 0.029546997 
146 205 12 14 0.028611893 
238 255 14 18 0.028602917 
721 331 21 25 0.028493878 
227 376 16 21 0.027732847 
130 233 15 18 0.027686588 
445 458 19 23 0.02666879 
226 267 24 29 0.026586963 
324 292 425 497 0.02650125 
533 430 12 16 0.026143428 
359 357 25 31 0.026138699 
420 398 17 20 0.024305988 
260 377 23 31 0.02399391 
96 468 10 14 0.02373599 
513 434 25 29 0.023556188 
956 400 46 64 0.02346252 
214 203 10 13 0.023119038 
115 447 13 18 0.023023373 
160 330 16 20 0.022814447 
178 227 25 30 0.022126578 
140 199 22 27 0.021804495 
743 706 24 28 0.021223249 
329 789 9 11 0.021176795 
117 244 26 30 0.020556852 
159 206 16 20 0.020546328 
368 389 10 12 0.020535892 
322 344 28 31 0.02047737 
275 190 14 19 0.020309133 
253 270 9 13 0.020308614 
237 184 13 15 0.020265149 
216 617 32 32 0.020254938 
556 397 52 58 0.02012765 
248 359 10 14 0.020073814 
