42_Car_Racing_Car_Racing_42_1045
29
641 284 135 165 0.99986446 
393 253 157 218 0.99792826 
968 371 13 17 0.5070215 
777 187 41 60 0.4915849 
933 382 12 18 0.20955287 
924 381 21 28 0.12282235 
956 390 16 20 0.07660294 
931 -6 41 35 0.06915586 
792 176 28 52 0.057879947 
882 0 15 15 0.052384738 
759 201 63 88 0.051981587 
960 381 20 27 0.05108552 
974 748 10 12 0.04058587 
1007 388 15 19 0.04048541 
452 48 13 15 0.039056085 
928 561 94 168 0.034953453 
423 48 24 26 0.034624778 
915 372 27 32 0.033257853 
886 398 12 16 0.032472763 
932 385 23 29 0.027128762 
965 386 25 30 0.025617829 
880 -2 24 24 0.024367811 
990 396 11 14 0.02279456 
909 382 52 48 0.022549858 
999 390 11 15 0.021859756 
979 415 23 34 0.021769373 
945 388 26 30 0.021075271 
958 430 10 13 0.020803828 
591 48 45 38 0.020222412 
