42_Car_Racing_Car_Racing_42_600
44
332 125 16 19 0.9895538 
80 103 18 23 0.9693617 
250 110 15 18 0.9328077 
190 141 10 13 0.758951 
299 146 13 16 0.24754167 
356 141 12 14 0.13783555 
158 108 10 11 0.071904995 
96 140 11 14 0.06664484 
278 179 13 19 0.065390214 
206 149 12 15 0.064644344 
293 167 14 17 0.06391295 
117 154 10 13 0.05904689 
194 140 11 15 0.047289398 
48 197 10 15 0.045860756 
702 181 8 11 0.044276744 
370 149 16 20 0.04280033 
284 172 15 20 0.040443458 
584 160 13 18 0.040319867 
853 339 53 55 0.039459217 
354 346 117 150 0.034540057 
204 300 39 50 0.033150736 
590 147 12 15 0.031352162 
13 158 10 14 0.026267892 
152 109 9 12 0.025225803 
275 162 12 16 0.024944155 
118 139 10 13 0.024939986 
292 172 17 22 0.02345637 
570 180 13 20 0.023311205 
125 123 11 14 0.022884188 
400 145 11 15 0.022866676 
199 146 12 16 0.022457294 
219 316 34 41 0.021921977 
206 174 13 20 0.021804485 
202 145 21 25 0.02170246 
615 203 13 14 0.021485476 
583 154 21 26 0.021466149 
66 148 27 32 0.021450337 
294 154 13 15 0.020935481 
200 153 13 17 0.020924201 
126 150 10 12 0.020874176 
-1 163 36 64 0.020574415 
269 185 22 26 0.020255255 
105 168 9 13 0.02012519 
248 104 13 16 0.020023223 
