57_Angler_peoplefishing_57_139
407
241 341 12 16 0.9568793 
200 319 13 16 0.9514232 
626 299 13 17 0.92736375 
410 345 16 20 0.90363127 
551 315 13 18 0.9034084 
780 251 12 17 0.80916494 
691 276 11 14 0.79872245 
661 260 10 13 0.7692979 
178 340 13 17 0.7423264 
700 301 11 13 0.7021688 
474 339 13 15 0.6706505 
654 286 9 13 0.6039591 
851 346 10 14 0.5456195 
755 356 12 16 0.5347125 
676 294 10 14 0.5162707 
672 322 10 13 0.48490417 
815 295 12 15 0.43529764 
649 355 12 16 0.39380756 
555 308 14 19 0.38489005 
976 351 11 15 0.38189462 
355 382 10 13 0.3547122 
659 343 14 18 0.34716246 
469 378 12 18 0.33402324 
514 300 12 16 0.32440743 
889 232 9 13 0.32129064 
543 383 12 14 0.31235388 
810 310 13 16 0.30962977 
711 278 11 14 0.30769324 
617 323 11 14 0.3036824 
391 370 11 14 0.2843579 
823 332 11 14 0.28430694 
333 378 11 14 0.28194526 
743 303 11 12 0.26695764 
471 346 14 18 0.2569407 
559 423 13 17 0.24303381 
829 282 11 15 0.24133845 
476 381 11 14 0.2336058 
872 405 10 13 0.23245688 
959 358 13 17 0.22854656 
434 305 12 16 0.22694668 
871 315 10 13 0.22149344 
793 380 14 17 0.21991608 
427 372 15 20 0.19950864 
781 347 13 17 0.1958146 
859 379 11 17 0.19521196 
296 339 9 12 0.18977314 
863 273 11 16 0.17617309 
966 326 10 13 0.16800869 
603 316 11 15 0.16278264 
653 347 13 18 0.15651354 
560 390 12 15 0.15629199 
712 331 12 15 0.14282663 
525 402 11 14 0.14076787 
779 334 11 14 0.13975999 
328 373 9 13 0.13960688 
634 364 13 16 0.13787657 
487 349 10 14 0.131559 
689 332 10 14 0.13075982 
582 370 12 15 0.12961912 
702 445 8 11 0.12653892 
715 324 13 16 0.12590405 
821 214 18 25 0.12514865 
564 424 15 17 0.122236796 
828 332 10 13 0.12044789 
885 323 14 19 0.11902661 
680 384 10 13 0.11902473 
876 317 9 12 0.116405286 
675 319 9 13 0.10763888 
716 316 12 14 0.106515154 
700 348 13 16 0.103966355 
521 369 16 17 0.100112535 
553 358 10 13 0.098899595 
817 364 11 15 0.09875824 
830 361 13 16 0.09403979 
777 338 15 20 0.09332658 
581 355 15 19 0.09195575 
435 372 14 19 0.09074013 
782 304 11 17 0.08853196 
570 388 12 15 0.08796052 
729 262 9 11 0.08747559 
774 305 12 16 0.08674438 
325 406 9 11 0.08524558 
325 368 8 12 0.08164384 
318 397 9 12 0.08043333 
716 282 10 13 0.07939509 
896 310 11 14 0.077909976 
672 288 10 12 0.077373266 
341 374 10 13 0.077103995 
937 449 14 18 0.07588268 
699 369 12 15 0.07424448 
302 399 9 12 0.073393725 
815 333 11 14 0.073150784 
716 446 13 15 0.07241585 
371 414 13 15 0.07157822 
688 272 11 14 0.07135089 
571 427 13 14 0.070934676 
867 333 13 15 0.070723385 
759 385 14 21 0.07043492 
186 395 17 18 0.070327066 
663 301 9 12 0.06800618 
175 345 12 15 0.06580916 
955 461 12 17 0.06566247 
866 348 14 17 0.06461528 
519 405 11 14 0.064229846 
351 376 10 13 0.063708656 
406 396 15 18 0.06349237 
638 293 11 14 0.06349047 
556 363 10 14 0.06282137 
696 296 10 13 0.062044375 
835 358 11 14 0.061857827 
534 428 9 11 0.06145079 
280 399 9 11 0.060247876 
733 261 10 12 0.058957856 
599 320 12 16 0.058396775 
632 359 11 13 0.057915512 
299 335 11 13 0.055934694 
230 381 9 11 0.05588277 
515 338 13 16 0.055693474 
319 357 8 10 0.054990865 
878 322 14 19 0.054912712 
787 306 12 16 0.05392192 
646 341 11 15 0.05378799 
778 190 11 13 0.053150218 
956 245 14 18 0.052873734 
164 374 14 16 0.05176615 
588 349 10 13 0.05160636 
870 456 12 15 0.051215645 
893 315 13 18 0.051097285 
492 353 12 15 0.05109211 
647 289 12 15 0.05066871 
668 310 12 15 0.050572794 
958 369 11 16 0.050321355 
599 311 12 15 0.04994587 
391 379 10 15 0.049538143 
865 238 10 15 0.04928535 
683 388 11 13 0.049227826 
500 372 12 16 0.04870568 
224 347 11 13 0.048486207 
543 299 10 13 0.04823926 
525 331 15 19 0.048166852 
376 378 10 13 0.048164647 
170 355 14 18 0.04782573 
229 324 11 14 0.04782463 
666 316 10 13 0.047397997 
389 386 14 18 0.04728478 
696 353 12 15 0.04718171 
521 378 17 18 0.04708442 
772 287 9 12 0.046824183 
483 379 12 16 0.046623703 
779 194 14 16 0.046329282 
351 356 10 12 0.04607719 
343 368 9 12 0.045731515 
808 346 10 16 0.045719456 
771 292 12 15 0.045704845 
664 310 11 14 0.045571834 
582 378 12 15 0.045421068 
808 446 12 13 0.04517705 
680 271 8 12 0.045008376 
338 379 13 15 0.044699762 
775 324 12 15 0.044519357 
727 286 10 13 0.044201456 
313 350 9 11 0.043483116 
501 379 11 15 0.043419376 
531 313 16 22 0.043242376 
774 317 12 15 0.042846426 
734 319 9 13 0.04283355 
310 392 10 12 0.04277582 
590 325 12 15 0.04255896 
620 317 12 16 0.04158006 
164 414 13 16 0.041559145 
463 373 13 20 0.04134856 
636 409 13 15 0.041247576 
551 351 11 14 0.041218527 
262 343 11 12 0.040777624 
560 455 10 12 0.04017126 
510 354 15 17 0.039644666 
166 351 12 14 0.039615393 
542 425 10 13 0.039565008 
819 359 13 16 0.039110158 
759 293 12 16 0.039073583 
278 373 10 13 0.038664937 
278 366 9 12 0.038640633 
638 315 10 14 0.03850189 
697 296 17 22 0.037971076 
383 372 11 15 0.03754409 
879 235 12 15 0.037363727 
954 424 26 30 0.037347015 
243 317 12 14 0.037312165 
944 404 11 17 0.037300672 
502 387 12 14 0.036392342 
510 398 10 13 0.036368206 
396 349 20 24 0.035989363 
703 277 10 13 0.03596804 
658 256 10 13 0.035662625 
975 344 18 25 0.035637815 
512 404 11 14 0.03560069 
845 487 12 15 0.03553003 
961 243 17 20 0.035528313 
546 386 13 17 0.035277046 
530 429 8 11 0.03516149 
767 299 12 15 0.035128858 
545 315 13 17 0.034939367 
349 306 204 199 0.034837183 
392 415 10 13 0.03472165 
886 449 13 17 0.034676075 
620 328 12 16 0.034574483 
912 234 12 15 0.034295607 
831 192 10 12 0.034195792 
314 396 8 11 0.034149427 
415 340 16 21 0.03399199 
191 335 11 13 0.033868536 
522 318 23 29 0.033515055 
636 298 11 15 0.03343715 
559 384 11 15 0.03339522 
301 325 10 11 0.033197965 
641 340 10 15 0.033184618 
288 340 12 14 0.03315188 
813 340 11 14 0.03292721 
488 327 10 12 0.032865193 
231 341 10 13 0.032401904 
189 357 14 17 0.03240145 
814 324 12 16 0.0323556 
802 411 17 20 0.032245576 
392 348 12 16 0.032114074 
969 351 19 23 0.031962175 
419 317 12 15 0.031880204 
494 327 10 12 0.031822696 
963 318 20 27 0.031608656 
672 277 10 12 0.031285353 
671 271 9 11 0.031253006 
616 299 12 15 0.031015543 
786 211 13 16 0.030981505 
608 402 12 14 0.03096002 
192 420 11 12 0.030903634 
989 339 13 16 0.030891495 
861 265 19 24 0.030804113 
875 400 12 14 0.030790925 
520 388 13 15 0.030667968 
886 345 13 16 0.0306483 
940 437 11 13 0.030589353 
423 448 12 14 0.030554902 
187 348 12 13 0.030496245 
297 404 11 13 0.03047442 
869 322 13 18 0.029955631 
910 498 15 17 0.029826846 
367 351 10 12 0.029812671 
712 374 11 14 0.029624676 
947 457 23 31 0.029535504 
381 380 11 13 0.029532058 
504 435 9 11 0.029424844 
286 366 9 12 0.029350093 
565 390 14 18 0.029337 
824 261 12 15 0.029275045 
514 43 26 29 0.029256385 
790 394 14 16 0.029251253 
212 316 11 14 0.029140584 
414 335 13 16 0.029109737 
639 308 11 16 0.028948965 
660 285 10 13 0.028936312 
830 454 9 11 0.02884848 
583 327 11 14 0.028845863 
501 365 12 17 0.028571626 
589 340 12 15 0.02845975 
254 339 9 13 0.028411744 
612 366 9 12 0.028371368 
321 370 10 15 0.028335346 
746 306 12 14 0.028329289 
675 468 11 13 0.028327115 
983 339 23 29 0.028250882 
861 280 12 17 0.028229607 
750 447 10 14 0.028207606 
704 282 11 14 0.028169842 
513 411 10 13 0.02815694 
681 263 8 11 0.02804989 
590 314 14 17 0.027964294 
732 285 12 14 0.027961707 
566 454 9 12 0.0278783 
139 391 12 14 0.027813377 
839 349 12 14 0.027529394 
245 324 11 12 0.027512087 
804 381 12 15 0.027506292 
853 351 11 15 0.027325798 
708 274 18 23 0.027209982 
301 349 10 12 0.027179278 
649 282 18 22 0.0270895 
391 355 12 16 0.027000226 
172 415 11 14 0.026864057 
855 385 14 17 0.026816813 
935 318 11 14 0.026489584 
181 356 12 16 0.026449502 
471 316 12 14 0.026415806 
585 364 12 15 0.026367642 
180 323 13 15 0.0262339 
562 307 12 17 0.026222186 
633 371 11 14 0.02617002 
982 341 13 16 0.026098931 
943 469 11 15 0.026087927 
749 283 11 14 0.026056582 
891 499 12 15 0.026033873 
394 389 22 26 0.025927607 
573 382 13 15 0.02582312 
588 331 12 15 0.025802583 
875 331 20 26 0.025774684 
764 324 14 19 0.025747541 
860 396 10 14 0.02570964 
543 335 13 18 0.025708757 
709 336 13 17 0.025631562 
279 361 9 11 0.025570454 
700 381 11 12 0.025479909 
317 351 10 12 0.025332583 
383 395 11 16 0.025309458 
598 346 10 13 0.025273522 
265 346 11 13 0.02507249 
605 322 12 14 0.025064131 
865 334 20 24 0.025061287 
886 523 14 17 0.025002807 
198 330 12 14 0.024919072 
606 459 12 13 0.024861697 
326 387 11 13 0.024725536 
287 347 11 14 0.024615413 
361 332 10 11 0.024490861 
909 230 22 26 0.024385855 
333 383 13 17 0.024261316 
667 262 9 11 0.024220627 
708 347 12 17 0.024068007 
379 439 14 16 0.024055764 
766 289 21 27 0.024030268 
334 396 11 13 0.02393231 
862 202 10 14 0.023808638 
916 241 14 17 0.023797888 
809 335 10 13 0.023771964 
823 271 18 25 0.023625877 
300 468 14 16 0.023528801 
305 391 10 12 0.023491465 
182 405 55 69 0.02341856 
294 365 10 14 0.023380203 
768 446 10 12 0.023271658 
608 390 9 12 0.023259208 
399 343 11 15 0.023120657 
871 312 20 24 0.023064505 
179 341 24 26 0.022974243 
463 398 10 13 0.022933116 
814 288 11 15 0.022924397 
273 367 9 11 0.022867743 
756 411 14 17 0.022862852 
929 268 10 13 0.022689654 
686 264 8 10 0.022688825 
835 370 13 16 0.022622518 
205 340 12 14 0.022620888 
826 267 13 18 0.022598382 
278 434 11 12 0.022560814 
388 367 19 23 0.022532824 
652 437 12 16 0.022460165 
783 203 12 15 0.022440623 
175 316 11 15 0.022352124 
689 268 18 23 0.02234089 
365 380 10 13 0.022329511 
246 373 10 11 0.022253148 
294 356 10 11 0.022246936 
781 456 10 12 0.022236254 
657 256 18 22 0.022185378 
726 322 11 15 0.02218154 
910 447 16 19 0.022174528 
847 340 17 23 0.021918407 
634 405 10 14 0.02190852 
230 334 11 14 0.021854311 
517 400 18 23 0.021827701 
492 330 14 17 0.021804266 
524 304 14 22 0.02179714 
868 438 12 14 0.021774914 
712 441 21 26 0.021767814 
711 292 10 14 0.021758921 
875 453 13 17 0.021730978 
670 327 12 16 0.021725483 
819 328 18 22 0.021707684 
638 380 10 13 0.021506049 
639 389 9 11 0.021497501 
465 347 12 17 0.021305766 
631 278 10 12 0.021286396 
879 445 11 14 0.021253666 
639 287 11 14 0.021150026 
206 349 13 15 0.021056268 
504 394 12 15 0.021039052 
195 338 13 14 0.021036355 
696 263 10 11 0.02100709 
995 338 14 18 0.021004701 
695 340 11 14 0.020993896 
381 356 11 14 0.020991426 
829 289 10 15 0.020966295 
514 346 14 18 0.02093281 
958 241 12 14 0.02092467 
863 233 20 26 0.020873453 
786 352 12 17 0.020771964 
383 387 12 17 0.02074705 
766 333 20 27 0.0206614 
312 333 9 13 0.020533536 
917 251 11 13 0.020460237 
378 333 8 10 0.020400384 
158 451 13 18 0.020281449 
887 476 11 12 0.020207634 
486 332 11 16 0.020199543 
507 369 15 19 0.02017761 
662 293 10 14 0.02017008 
565 460 9 12 0.020165723 
550 371 12 16 0.020068228 
604 331 13 15 0.020008963 
887 354 11 14 0.020003354 
