57_Angler_peoplefishing_57_796
22
391 295 180 242 0.99976856 
627 766 223 200 0.80743885 
761 785 129 126 0.23251827 
834 1543 17 18 0.1344068 
-1 1535 27 51 0.052309535 
592 648 367 464 0.044929024 
651 822 144 122 0.040905014 
991 1183 32 63 0.03902722 
970 1147 49 85 0.036880344 
198 932 192 231 0.034859575 
617 297 254 246 0.030783877 
377 1647 27 30 0.028848546 
919 683 12 17 0.028846024 
943 1132 61 82 0.027356474 
210 472 16 19 0.023355521 
513 760 18 22 0.023162149 
317 382 12 14 0.022625819 
196 445 14 17 0.021417264 
619 886 130 160 0.021173235 
214 1613 29 37 0.02077761 
28 514 12 15 0.020734537 
773 1427 29 34 0.020339439 
