57_Angler_peoplefishing_57_661
80
102 427 14 19 0.9000157 
203 414 13 15 0.8460631 
364 410 11 13 0.52608025 
244 387 10 12 0.39871243 
402 409 9 11 0.33528963 
233 412 10 11 0.27835643 
282 419 9 11 0.2080267 
447 414 9 12 0.16875449 
36 419 12 16 0.16473834 
0 389 10 15 0.12660268 
244 392 12 16 0.122150876 
496 405 9 11 0.10873935 
368 383 9 11 0.10232183 
446 409 9 11 0.06936677 
452 414 9 12 0.0679796 
324 404 10 12 0.06295353 
579 352 25 34 0.05701066 
208 417 13 16 0.053283677 
304 403 11 12 0.05311371 
322 383 9 12 0.048957646 
0 437 11 14 0.046752404 
82 456 9 12 0.042756204 
320 397 11 13 0.041852053 
7 421 11 15 0.03899177 
308 396 9 13 0.038768645 
344 397 11 13 0.036950834 
97 432 12 15 0.03655341 
73 420 9 13 0.036135722 
142 439 11 13 0.03373426 
143 298 27 33 0.033552196 
287 384 11 13 0.033217713 
14 456 9 13 0.032618977 
1 430 9 14 0.032352913 
6 428 10 13 0.028453875 
442 414 10 13 0.02837117 
391 448 9 11 0.027653743 
308 406 9 12 0.026230127 
232 445 13 15 0.026061833 
16 388 10 12 0.026039464 
72 415 9 13 0.025718039 
237 419 11 14 0.025582276 
215 395 11 16 0.025393201 
456 395 9 12 0.025390971 
350 391 8 11 0.02519645 
311 413 9 11 0.024901737 
92 227 14 17 0.024789723 
566 344 46 52 0.024411663 
13 419 14 19 0.02431266 
390 421 11 13 0.024264116 
381 436 11 13 0.023974005 
220 396 12 17 0.02371952 
415 384 9 12 0.023637848 
338 398 8 12 0.023622014 
51 404 15 19 0.023559893 
83 254 17 21 0.023528771 
55 384 8 10 0.023245713 
13 469 9 12 0.023245433 
8 456 11 13 0.022820663 
663 447 68 75 0.022692287 
391 412 10 13 0.02210422 
571 360 25 32 0.02202637 
85 399 16 21 0.021991862 
343 402 11 14 0.021932589 
365 161 98 140 0.021746248 
295 422 11 14 0.02153147 
415 394 11 13 0.021343723 
408 388 10 13 0.021336215 
227 301 165 204 0.021288026 
440 419 11 14 0.020987615 
273 412 10 12 0.02098351 
6 413 11 15 0.020940462 
360 403 18 23 0.020598061 
90 488 44 48 0.020542443 
408 438 10 12 0.020445911 
613 478 184 240 0.020399384 
350 406 9 11 0.02031106 
277 407 10 12 0.020274408 
501 401 8 10 0.020261055 
664 398 106 129 0.020111661 
244 401 12 14 0.020066096 
