57_Angler_peoplefishing_57_566
43
422 436 9 12 0.92097664 
471 383 12 14 0.76343095 
263 413 13 17 0.57032883 
328 416 10 13 0.500211 
251 407 13 16 0.3017142 
503 221 8 10 0.1845903 
459 423 10 12 0.17652173 
506 447 16 23 0.15355603 
287 454 9 12 0.120581485 
508 438 12 17 0.07975639 
500 421 13 16 0.077029355 
486 415 23 26 0.073397 
239 453 9 14 0.051567435 
566 464 7 9 0.047947686 
327 424 11 14 0.047868855 
407 432 8 10 0.04442208 
460 437 11 16 0.043963943 
431 461 9 11 0.042744998 
484 413 17 19 0.03766069 
291 453 10 12 0.037023082 
413 462 9 13 0.03536296 
395 303 14 15 0.034608904 
527 486 8 11 0.030888986 
478 400 27 32 0.03049241 
605 410 14 20 0.02925637 
254 414 15 18 0.02700835 
451 533 14 17 0.026636923 
484 399 12 14 0.026626578 
419 431 17 22 0.026284833 
504 456 13 17 0.025114749 
433 424 9 12 0.024721362 
410 378 97 119 0.02425846 
480 418 15 18 0.023920806 
417 431 11 14 0.02386925 
314 455 8 10 0.022713004 
326 455 15 17 0.022578217 
508 429 10 13 0.022531817 
437 462 8 10 0.02206811 
542 172 13 17 0.021882493 
332 426 12 14 0.02179634 
423 456 10 12 0.021108808 
424 460 12 14 0.020854255 
506 420 11 15 0.020084618 
