57_Angler_peoplefishing_57_402
42
335 122 64 63 0.96805376 
681 61 45 45 0.902311 
760 121 234 378 0.33757308 
574 358 21 26 0.17682411 
575 356 14 17 0.12132429 
596 351 17 21 0.11383469 
383 76 39 62 0.10749781 
636 405 23 28 0.102530174 
675 380 25 38 0.09612815 
556 400 31 45 0.08093415 
426 370 240 227 0.0755695 
590 354 14 18 0.075311944 
562 331 14 16 0.06332495 
602 358 17 20 0.0547799 
655 107 83 120 0.05260338 
535 252 30 31 0.052559767 
677 174 61 73 0.039781924 
807 162 149 223 0.03846866 
674 199 29 40 0.038457274 
387 296 24 31 0.038079906 
586 362 17 22 0.03623071 
701 69 38 41 0.03485831 
459 237 16 19 0.033892155 
651 408 15 21 0.031418253 
578 350 13 16 0.030994887 
549 373 14 17 0.028251301 
664 58 27 39 0.025762424 
296 287 406 408 0.025733368 
683 209 14 18 0.025478866 
304 295 13 15 0.024155656 
595 367 15 19 0.02367074 
512 250 31 32 0.023011792 
603 368 16 18 0.022826893 
636 356 13 17 0.02240733 
526 287 34 37 0.021596981 
437 425 35 33 0.021441316 
517 295 45 52 0.021205043 
669 258 13 16 0.020837124 
609 355 15 18 0.020796312 
626 354 16 19 0.020591978 
970 479 46 67 0.02056846 
693 104 60 74 0.02026053 
