57_Angler_peoplefishing_57_51
61
471 121 59 54 0.99853134 
698 58 62 86 0.994501 
137 200 37 55 0.9647682 
818 123 64 83 0.9026335 
263 48 28 36 0.7264399 
369 145 14 18 0.24033687 
410 184 25 33 0.18176343 
352 145 13 19 0.14468667 
228 187 10 13 0.14101183 
312 157 9 11 0.132569 
995 327 26 33 0.108578704 
184 326 17 20 0.08796128 
83 180 27 34 0.07992554 
333 145 16 18 0.06132795 
121 265 44 51 0.04937094 
346 33 11 16 0.048656438 
516 306 32 51 0.043000884 
386 156 13 16 0.0419561 
132 144 24 30 0.041093808 
137 140 17 18 0.040962033 
85 188 15 19 0.039942004 
327 148 13 15 0.035626855 
230 49 16 21 0.034839734 
380 229 31 48 0.034475226 
94 186 27 38 0.034179516 
418 193 32 35 0.031893164 
317 149 10 13 0.031064963 
85 133 46 56 0.030656438 
173 316 39 48 0.030108176 
268 187 9 13 0.029313913 
352 22 9 13 0.029293803 
279 101 12 17 0.028783835 
904 128 46 55 0.028750334 
417 259 54 55 0.028595243 
351 168 8 11 0.02799397 
252 139 10 12 0.0268461 
384 149 11 14 0.026700005 
1011 469 14 22 0.026364133 
851 559 66 84 0.026102453 
133 161 13 17 0.025809132 
300 158 11 12 0.025796136 
83 155 33 46 0.02573147 
413 181 14 23 0.025110707 
728 306 65 59 0.025088884 
344 168 9 12 0.02327101 
105 193 24 36 0.022697043 
171 139 11 13 0.022673853 
231 42 27 34 0.02258219 
203 145 15 19 0.022406252 
221 123 11 14 0.022392107 
238 134 10 12 0.022176892 
287 126 9 11 0.022094099 
100 192 16 21 0.022035604 
311 140 12 14 0.02186083 
839 451 187 222 0.021351175 
298 172 14 16 0.02116804 
75 93 14 17 0.02088246 
70 173 29 40 0.020687308 
886 544 105 111 0.020613372 
281 125 10 13 0.020372044 
107 195 14 21 0.020278558 
