57_Angler_peoplefishing_57_924
33
495 323 25 30 0.8279635 
189 318 25 32 0.5525402 
729 168 34 39 0.43193588 
207 281 12 14 0.13213831 
299 428 19 23 0.124303594 
201 327 16 21 0.05586759 
186 409 33 32 0.04343137 
321 230 9 11 0.034811184 
411 69 13 17 0.032726344 
328 240 8 10 0.032580648 
330 247 9 10 0.030851448 
321 236 9 11 0.03069162 
231 277 13 16 0.030611426 
448 73 11 15 0.030468384 
345 240 8 10 0.029110003 
320 224 9 10 0.02860273 
311 248 8 9 0.028418628 
305 245 9 10 0.024381116 
514 329 17 22 0.024255265 
739 154 15 15 0.024050329 
334 223 8 10 0.023810696 
359 240 9 11 0.023521913 
342 246 10 12 0.023134299 
199 294 10 14 0.022463996 
305 239 8 12 0.022080729 
350 207 11 13 0.021757785 
334 247 10 12 0.02143709 
239 272 8 10 0.021198573 
387 97 22 27 0.02112241 
310 240 8 10 0.020733066 
396 204 14 18 0.020387743 
346 232 8 10 0.020205492 
619 388 61 80 0.020106284 
