57_Angler_peoplefishing_57_120
22
479 334 58 63 0.99498343 
374 979 45 61 0.53634393 
420 986 33 56 0.45983928 
233 1080 51 77 0.24870574 
159 157 242 301 0.09824078 
251 166 19 21 0.083246045 
115 561 122 105 0.06555489 
225 1037 84 110 0.057858296 
452 470 26 30 0.048130136 
67 136 223 252 0.0465668 
355 983 45 63 0.03907616 
219 997 254 212 0.037355274 
441 552 48 57 0.03669666 
649 1002 13 16 0.027670566 
247 1015 110 126 0.027250836 
464 822 31 33 0.025294669 
-8 535 451 454 0.024625247 
463 325 40 54 0.023904402 
17 16 347 441 0.023250472 
765 93 55 69 0.022129513 
453 475 15 17 0.02189851 
701 897 13 15 0.021469433 
