55_Sports_Coach_Trainer_sportcoaching_55_620
17
470 143 47 59 0.98971725 
428 98 44 62 0.14036132 
438 103 24 37 0.12588027 
428 159 44 68 0.116132185 
360 62 101 137 0.088804126 
13 223 413 469 0.07037804 
399 81 65 88 0.04925736 
561 235 414 479 0.04383811 
455 154 50 68 0.042900965 
321 80 115 163 0.03833925 
653 85 11 13 0.037623405 
443 101 15 19 0.036131438 
449 100 34 51 0.036028832 
387 123 80 123 0.035065483 
34 292 283 259 0.024074847 
410 29 66 102 0.022343585 
629 79 17 19 0.021469114 
