55_Sports_Coach_Trainer_sportcoaching_55_424
110
307 331 21 30 0.9929953 
972 353 14 24 0.9504943 
418 263 44 46 0.8886606 
645 373 13 18 0.8327954 
883 387 14 19 0.82582206 
930 383 14 21 0.8193903 
831 379 14 24 0.70034856 
158 417 16 21 0.55907077 
716 327 14 23 0.55151254 
125 409 15 20 0.3962004 
671 353 15 23 0.34607276 
623 382 12 14 0.3379378 
400 236 22 36 0.3330386 
202 398 21 37 0.31074196 
593 311 15 19 0.2121325 
712 367 18 26 0.18219979 
322 382 19 28 0.14972581 
2 530 12 18 0.13690403 
151 409 14 24 0.11682819 
420 478 35 40 0.113217406 
842 386 14 18 0.1028494 
936 385 15 19 0.102006994 
412 247 44 46 0.098849036 
118 412 17 19 0.098226696 
131 404 12 19 0.09595544 
740 320 15 22 0.079741515 
313 387 25 38 0.07621633 
624 375 11 14 0.06386522 
33 526 10 12 0.061614245 
210 402 24 38 0.0583099 
998 412 14 17 0.055842582 
574 136 45 69 0.05309826 
588 406 15 21 0.05135798 
28 541 12 14 0.051314846 
134 428 11 15 0.04700101 
939 412 14 18 0.046886366 
117 405 16 17 0.04645613 
337 385 17 20 0.045446567 
351 428 39 59 0.044662677 
903 424 14 19 0.04404211 
891 382 14 18 0.042124722 
721 334 17 20 0.03960192 
241 403 28 42 0.038647413 
983 355 17 21 0.03816071 
577 397 39 49 0.03729628 
318 378 15 24 0.036550295 
1008 448 14 22 0.03570023 
888 391 17 19 0.035474796 
954 431 22 30 0.034243215 
290 468 13 18 0.0340998 
1013 389 11 17 0.033923626 
1004 425 17 20 0.03335707 
1012 436 12 20 0.031692047 
359 141 20 28 0.031515766 
330 379 17 20 0.031184841 
835 386 15 22 0.030999454 
396 238 42 54 0.030601336 
931 435 14 19 0.029364096 
589 408 42 51 0.02895575 
606 364 11 16 0.028726501 
227 404 27 38 0.027849754 
589 316 16 22 0.027795095 
31 521 10 12 0.02762372 
990 412 13 15 0.027294599 
122 502 10 12 0.027194235 
611 363 14 18 0.026884833 
358 228 13 16 0.0267 
389 353 16 19 0.02643987 
171 403 15 20 0.02628516 
729 321 20 25 0.026209917 
124 423 17 20 0.025895977 
618 387 11 13 0.025818484 
101 421 11 14 0.02543661 
594 403 17 24 0.025313945 
762 374 18 22 0.024910215 
51 482 12 16 0.024414951 
814 510 14 16 0.024313182 
872 386 19 28 0.024129542 
381 234 11 15 0.0238703 
337 373 17 22 0.023868723 
154 421 25 28 0.023855148 
867 473 13 17 0.023804381 
123 397 17 22 0.023777505 
659 376 12 17 0.023763496 
960 490 25 42 0.023694146 
730 335 16 20 0.023679966 
717 357 12 15 0.02361135 
681 355 14 19 0.023555648 
139 409 20 28 0.023540609 
190 521 10 13 0.02330926 
1002 416 17 20 0.023284819 
392 389 12 17 0.023161469 
112 402 14 17 0.02289909 
156 407 15 20 0.022867551 
97 423 11 13 0.022797722 
130 415 15 22 0.022682834 
646 411 10 14 0.022329029 
971 473 14 20 0.022135532 
898 380 13 19 0.02199453 
41 477 11 14 0.021796143 
981 411 14 19 0.02177846 
160 404 21 26 0.021435492 
583 303 23 30 0.021232354 
962 426 15 20 0.02095209 
1007 388 18 28 0.02088519 
965 476 22 32 0.020580033 
982 405 12 16 0.020323252 
821 442 12 14 0.020129925 
397 233 16 27 0.020048635 
1000 401 21 30 0.020041242 
