55_Sports_Coach_Trainer_sportcoaching_55_774
153
443 170 26 34 0.99940705 
846 59 56 81 0.99929106 
793 272 61 86 0.9982206 
750 122 62 83 0.99605006 
475 197 27 35 0.9937358 
603 146 27 33 0.9934366 
660 102 23 29 0.99326706 
125 263 42 53 0.9712811 
518 296 40 45 0.96204853 
329 78 20 22 0.918487 
381 72 14 19 0.896942 
363 178 24 30 0.7772527 
384 6 11 13 0.6592666 
488 171 17 20 0.6102606 
420 42 12 13 0.5802093 
388 11 12 15 0.56890607 
420 107 14 19 0.40322226 
540 160 22 27 0.3819663 
341 98 23 30 0.332147 
410 13 9 12 0.32297483 
673 13 9 11 0.27161646 
367 46 10 12 0.22150418 
321 18 11 14 0.20145552 
491 121 17 19 0.17062622 
413 73 11 17 0.1687589 
344 6 12 12 0.15788852 
361 164 16 19 0.1459247 
372 22 13 16 0.13978581 
413 60 10 13 0.13417172 
493 154 14 17 0.12061269 
376 52 9 11 0.10844506 
352 99 17 23 0.10739097 
546 159 14 17 0.09905136 
166 269 11 16 0.098909356 
374 46 10 13 0.09176378 
406 88 13 17 0.08330463 
448 126 11 13 0.077962145 
416 31 9 11 0.07040524 
542 142 12 15 0.06498022 
330 88 23 32 0.06412558 
365 194 19 23 0.061749693 
397 209 17 22 0.061724782 
375 179 16 21 0.06081341 
406 69 20 27 0.059126023 
532 140 11 14 0.058287326 
413 52 12 14 0.05790368 
382 54 7 10 0.055757705 
585 150 23 31 0.05573528 
348 173 39 47 0.055657946 
408 20 10 12 0.05390869 
445 324 34 33 0.05324946 
416 102 11 16 0.052600157 
374 15 10 13 0.05249079 
391 53 9 11 0.052097674 
359 69 13 17 0.051479805 
425 114 13 16 0.050837062 
413 8 10 12 0.050588936 
538 146 23 30 0.04968451 
455 315 33 32 0.048760913 
363 158 13 15 0.04633337 
160 282 26 31 0.04494578 
587 141 13 18 0.04480597 
365 72 14 17 0.042130332 
359 13 9 11 0.04109509 
167 289 15 20 0.04108378 
880 0 36 47 0.040836744 
361 106 15 21 0.039410233 
528 147 11 14 0.039034106 
348 12 10 12 0.03853938 
365 63 11 14 0.036723286 
431 0 11 10 0.03651416 
425 15 10 12 0.03646511 
407 71 12 15 0.036458872 
455 0 11 10 0.036105078 
413 22 8 10 0.035815913 
469 137 23 26 0.035523325 
374 39 11 14 0.035207417 
325 84 17 23 0.034657322 
343 2 12 11 0.034372106 
363 127 18 23 0.03417917 
354 166 26 32 0.033589553 
480 180 26 33 0.033507597 
367 82 13 16 0.033006825 
320 98 13 19 0.03195828 
421 32 10 12 0.03166554 
408 55 11 14 0.03164104 
586 148 11 16 0.03161839 
348 94 16 22 0.03116736 
424 1 11 10 0.03090143 
677 8 11 13 0.030261695 
380 18 13 17 0.030257637 
371 128 14 20 0.029820045 
428 20 12 14 0.029533574 
402 83 20 27 0.0293039 
357 22 10 12 0.029275512 
329 101 25 35 0.029087646 
976 5 28 32 0.028373634 
444 6 12 12 0.028308235 
375 78 12 18 0.028307566 
392 48 9 11 0.02828965 
467 309 26 30 0.028171757 
156 266 26 38 0.028089713 
985 -4 36 50 0.02808792 
354 92 17 21 0.027960438 
444 126 20 24 0.027478091 
326 133 16 24 0.027117664 
15 413 12 16 0.026946716 
380 27 11 14 0.026876515 
348 61 13 15 0.02643202 
526 133 20 25 0.026400892 
403 206 11 15 0.0257745 
335 20 10 13 0.025357112 
361 45 12 15 0.025171744 
358 51 12 14 0.024869304 
552 168 16 20 0.024767563 
397 20 10 13 0.02470378 
427 43 11 14 0.024187978 
319 13 18 25 0.024108272 
765 73 25 31 0.024001397 
340 0 20 23 0.023929434 
506 210 14 18 0.023890886 
947 0 46 50 0.023852518 
375 59 11 13 0.02380293 
638 1 14 15 0.02345705 
971 47 49 65 0.02337513 
429 165 13 18 0.023149032 
581 138 21 29 0.023006782 
350 68 14 17 0.022851354 
429 122 11 15 0.022817714 
351 111 27 32 0.022718841 
419 46 14 17 0.022665633 
535 137 21 26 0.022643832 
557 129 15 19 0.022616275 
324 106 11 17 0.022581367 
394 13 11 13 0.022533758 
438 118 10 13 0.022470186 
418 72 13 18 0.022359543 
416 0 11 10 0.022056617 
354 146 18 20 0.022037588 
585 132 13 16 0.022034401 
342 19 9 11 0.021781208 
541 134 13 16 0.021522487 
539 170 18 24 0.021153374 
351 28 13 15 0.020911066 
546 148 12 15 0.020839311 
352 22 10 12 0.020761847 
528 155 11 15 0.020731837 
533 156 13 16 0.020335544 
530 144 21 27 0.020335132 
425 172 23 31 0.020321168 
407 165 12 16 0.02018292 
357 60 23 28 0.020177634 
383 62 10 14 0.02001297 
