55_Sports_Coach_Trainer_sportcoaching_55_588
51
685 244 24 32 0.92596227 
447 248 31 34 0.57919705 
595 253 16 22 0.5444892 
600 252 23 31 0.2998264 
670 250 15 20 0.14391391 
740 381 24 27 0.13824414 
735 271 11 14 0.120740265 
609 257 23 29 0.10359352 
502 272 26 32 0.10077154 
615 388 33 35 0.09850641 
738 272 16 19 0.085155666 
706 281 12 18 0.08394816 
749 271 14 17 0.08377535 
654 272 12 16 0.0541981 
622 291 15 21 0.053063285 
788 277 10 12 0.050343376 
697 256 17 21 0.049474448 
661 267 15 21 0.046460565 
596 363 17 21 0.04330601 
727 269 12 14 0.04324645 
774 403 25 32 0.04309305 
791 272 8 10 0.04179347 
687 258 28 34 0.041727398 
783 283 10 12 0.04090672 
706 260 13 18 0.038479004 
813 342 11 12 0.03691824 
382 360 17 20 0.03367918 
739 283 15 18 0.029689569 
660 253 21 28 0.02899878 
676 245 17 23 0.0285043 
697 273 20 27 0.028327215 
846 59 27 39 0.02815745 
621 283 14 18 0.028003367 
740 290 16 23 0.027480489 
1012 334 10 15 0.026534572 
480 398 106 144 0.02610298 
490 281 28 31 0.025987018 
814 348 14 17 0.025497457 
784 272 9 11 0.025251715 
831 311 7 10 0.02482512 
737 294 26 35 0.024714803 
453 266 38 46 0.02391234 
684 237 18 21 0.02267341 
653 262 11 16 0.02255909 
789 283 11 13 0.022079587 
620 297 22 30 0.02195199 
463 249 17 22 0.021657685 
776 271 9 11 0.021331903 
649 267 12 16 0.021215215 
602 247 16 19 0.021145938 
649 419 27 33 0.020743767 
