55_Sports_Coach_Trainer_sportcoaching_55_770
24
620 18 52 61 0.99652064 
707 93 39 41 0.11069066 
81 356 8 10 0.07028624 
5 351 8 10 0.062425137 
213 350 9 11 0.05897244 
53 355 8 10 0.05144467 
121 358 9 11 0.0474257 
49 356 9 10 0.045827165 
7 357 8 9 0.04380205 
679 190 61 58 0.04230339 
503 151 64 50 0.040081155 
413 278 41 37 0.037773207 
348 271 12 13 0.035157993 
693 105 59 57 0.034786 
25 350 7 8 0.034434203 
482 166 68 62 0.032197535 
961 333 9 11 0.031550564 
175 349 8 10 0.030759769 
182 359 8 10 0.03072499 
2 344 8 10 0.029690463 
104 302 10 14 0.027672386 
22 345 7 10 0.026487788 
19 343 7 10 0.025358303 
695 70 42 52 0.024800835 
