55_Sports_Coach_Trainer_sportcoaching_55_569
102
890 36 51 62 0.9995952 
182 78 55 85 0.9989717 
340 46 45 60 0.9986455 
733 190 57 77 0.99767476 
251 255 42 54 0.98972577 
912 199 42 55 0.9739885 
378 247 20 30 0.93990046 
591 21 21 27 0.89006263 
61 246 20 26 0.8138371 
37 252 13 16 0.7682779 
445 -10 110 96 0.7446973 
630 73 13 17 0.7429588 
49 141 26 33 0.67889464 
700 17 16 24 0.5545469 
104 241 20 26 0.27803662 
665 84 11 15 0.25774273 
632 31 9 11 0.23291162 
89 237 9 13 0.22294113 
1 235 9 12 0.14615941 
592 89 13 15 0.11511336 
706 19 21 26 0.10650413 
324 263 27 31 0.10102797 
43 297 16 19 0.084561564 
30 233 11 12 0.08263504 
937 -5 46 44 0.08211457 
563 81 13 17 0.08055698 
68 274 10 13 0.07805795 
367 243 37 47 0.077837996 
5 236 10 11 0.07591646 
70 232 9 12 0.07587239 
722 60 16 20 0.07272802 
21 247 9 11 0.07056279 
134 238 11 13 0.06911432 
9 255 9 11 0.06514737 
5 275 9 13 0.06434858 
7 269 9 11 0.06412441 
25 235 9 11 0.061481807 
93 244 12 15 0.06079393 
636 30 10 12 0.05921092 
9 261 10 13 0.056271 
92 269 9 11 0.055672336 
65 231 9 11 0.055208355 
78 260 9 13 0.055123683 
12 252 11 12 0.05395948 
508 225 139 127 0.052438945 
15 248 9 11 0.052351158 
577 98 11 13 0.05166221 
36 237 10 12 0.0515225 
63 267 13 17 0.050366566 
28 317 11 12 0.04860392 
462 56 248 287 0.04838666 
47 231 7 9 0.04654242 
1 271 8 12 0.04650748 
14 236 8 10 0.045834005 
157 292 15 21 0.04442074 
94 238 21 27 0.044157412 
68 235 12 15 0.0416197 
109 119 25 35 0.04125648 
626 28 10 12 0.039258875 
566 29 10 13 0.037883863 
78 231 8 10 0.03782518 
683 0 11 11 0.037763927 
596 16 15 19 0.03735563 
42 247 12 15 0.0371906 
86 263 10 13 0.036085777 
132 262 11 13 0.035872895 
584 23 12 16 0.035844088 
129 268 11 13 0.035732284 
12 267 10 12 0.035496287 
0 308 9 15 0.03463094 
88 253 9 12 0.034386363 
647 29 10 12 0.034124617 
94 100 42 57 0.03407534 
652 48 11 12 0.033760205 
54 270 10 14 0.032133896 
0 254 8 11 0.030559622 
182 271 11 13 0.029492414 
929 271 37 42 0.029365 
92 262 11 13 0.029337015 
112 245 16 21 0.02828412 
38 232 9 12 0.027710378 
47 269 13 14 0.027155776 
41 255 15 18 0.027132655 
695 13 14 21 0.026890015 
129 238 11 14 0.026766399 
23 261 10 12 0.025742592 
75 252 10 14 0.02538048 
743 24 14 17 0.023633773 
46 237 10 12 0.023153251 
44 126 27 35 0.022723157 
92 233 11 12 0.022086363 
140 235 10 13 0.021727512 
132 115 13 19 0.02162335 
114 236 15 19 0.021489559 
78 266 11 14 0.020981347 
55 238 10 13 0.020685079 
32 247 10 13 0.020557426 
645 66 14 17 0.020518007 
8 248 9 12 0.020428967 
591 6 11 12 0.020139359 
0 261 8 12 0.020060733 
47 275 14 17 0.020003391 
