55_Sports_Coach_Trainer_sportcoaching_55_643
106
6 295 27 32 0.9973236 
506 217 16 22 0.99307865 
421 267 14 20 0.9609371 
783 211 19 25 0.93882877 
295 257 21 29 0.9382842 
473 234 15 23 0.9375812 
667 259 14 18 0.92002887 
429 244 15 18 0.83644605 
597 255 15 21 0.6241311 
945 225 16 24 0.5260422 
861 249 13 18 0.42975253 
621 258 16 21 0.42375696 
649 255 15 19 0.37944752 
691 262 13 16 0.35972083 
550 271 14 19 0.3119065 
526 258 14 18 0.20401861 
277 246 15 19 0.18814303 
918 225 14 20 0.13758208 
578 258 18 25 0.12742706 
965 299 16 21 0.12166296 
866 250 14 18 0.09895184 
555 266 15 20 0.09670873 
333 279 12 15 0.09635518 
521 259 12 18 0.093628906 
856 245 13 17 0.09164695 
636 255 20 25 0.086672254 
368 218 12 18 0.08542556 
892 287 15 21 0.08261959 
877 251 13 18 0.079073735 
762 244 15 17 0.07864642 
645 262 17 21 0.07817515 
884 250 11 18 0.075822316 
875 290 13 17 0.07478092 
946 213 16 23 0.06719702 
564 260 14 19 0.06714336 
444 250 12 17 0.065721504 
697 372 13 15 0.061194245 
700 232 14 18 0.061062638 
783 290 12 16 0.053108066 
636 306 23 27 0.05220563 
585 263 17 21 0.046400607 
614 262 15 20 0.045646314 
615 282 13 17 0.04500094 
425 259 18 23 0.044957515 
280 246 23 27 0.044544417 
542 273 16 18 0.04068316 
691 269 16 20 0.04066876 
787 285 13 16 0.039904363 
378 218 15 21 0.038834304 
372 213 13 19 0.038480684 
908 221 22 29 0.038161922 
628 255 13 19 0.037849896 
892 217 24 30 0.034126475 
854 235 12 16 0.033486955 
912 226 12 18 0.03334539 
531 263 16 20 0.03322304 
661 254 14 21 0.031176636 
708 340 13 17 0.030570561 
694 336 20 28 0.030413173 
697 261 14 17 0.030172314 
366 350 8 12 0.029894117 
675 263 14 19 0.029788284 
963 227 16 20 0.029651018 
652 248 13 18 0.029383065 
708 281 13 17 0.029329093 
575 253 14 19 0.02931569 
687 296 14 17 0.028782858 
923 221 16 21 0.028746514 
650 273 15 17 0.028746085 
70 271 17 22 0.028340414 
433 239 15 18 0.028238462 
589 253 17 23 0.028081998 
530 254 15 19 0.027996372 
342 356 10 12 0.027713042 
921 230 17 20 0.027339121 
563 269 16 21 0.027197326 
617 264 21 28 0.026241006 
573 269 15 20 0.026146753 
767 218 12 16 0.025953246 
932 219 15 19 0.02581147 
428 331 17 19 0.025706457 
464 228 14 19 0.025701048 
1 317 23 33 0.025533684 
847 259 13 16 0.024855373 
970 293 16 20 0.024839383 
717 298 11 14 0.024736485 
390 270 12 16 0.024697144 
797 222 15 21 0.024621237 
854 254 14 19 0.023619859 
700 274 15 20 0.023182483 
505 267 15 19 0.023153605 
801 262 11 15 0.023127034 
534 273 14 16 0.022589201 
535 226 12 17 0.022320613 
424 248 13 19 0.022243781 
446 272 12 18 0.022217121 
663 320 14 19 0.022038784 
435 247 19 24 0.021999026 
648 308 16 19 0.021885736 
424 291 16 20 0.021365916 
550 261 15 20 0.020966686 
651 281 15 19 0.020947598 
860 265 14 17 0.020866828 
876 297 13 17 0.020827066 
405 282 11 15 0.020493086 
793 217 15 20 0.020464888 
