55_Sports_Coach_Trainer_sportcoaching_55_764
18
554 76 64 81 0.999607 
774 12 70 92 0.999366 
121 85 72 90 0.99902797 
340 94 70 94 0.99769396 
89 22 54 71 0.29856288 
453 135 48 53 0.17999154 
981 289 42 64 0.09916911 
153 25 62 79 0.07977158 
933 250 32 52 0.04891451 
107 12 73 94 0.047586076 
967 215 55 68 0.03249051 
424 71 28 38 0.031552397 
278 171 31 33 0.03034116 
972 252 49 82 0.028770752 
134 42 75 103 0.023867628 
77 77 23 33 0.02217493 
971 316 36 40 0.02121252 
471 140 52 65 0.021017881 
