1_Handshaking_Handshaking_1_602
133
249 344 28 30 0.9016055 
639 245 11 14 0.8146048 
915 270 12 15 0.8075994 
609 227 11 14 0.79347664 
842 236 12 15 0.77796715 
372 240 14 17 0.6823536 
645 222 9 13 0.6449966 
754 246 7 10 0.623549 
506 227 13 17 0.60289866 
687 227 10 13 0.52730376 
509 226 8 11 0.45244962 
719 237 10 13 0.4176957 
944 243 17 25 0.3885391 
546 225 8 10 0.33411914 
365 237 15 18 0.32932594 
477 218 10 13 0.30351004 
577 221 9 12 0.280409 
438 233 8 10 0.26178047 
136 197 8 11 0.23358345 
398 323 12 18 0.2285292 
613 291 12 21 0.2239468 
677 306 13 18 0.20852672 
930 247 20 23 0.19822365 
468 247 13 19 0.18916935 
722 258 13 16 0.17632325 
693 237 11 14 0.14691547 
924 249 17 19 0.14234845 
773 256 9 11 0.14081396 
679 231 9 11 0.12055696 
676 244 12 15 0.101892576 
831 264 9 11 0.09548195 
576 227 11 15 0.09316326 
546 227 11 14 0.08923445 
291 285 14 17 0.081782505 
618 294 15 21 0.077805 
664 251 8 12 0.07758546 
768 254 9 12 0.07691698 
189 189 9 10 0.07676139 
495 335 33 35 0.07347546 
541 241 15 18 0.072137356 
654 300 15 20 0.06900425 
757 251 9 12 0.06797876 
486 232 13 17 0.064692974 
576 246 12 14 0.06381467 
725 266 12 15 0.062092043 
674 231 9 12 0.061785232 
641 225 12 16 0.058804177 
677 235 11 14 0.053943593 
547 236 14 18 0.052928492 
469 257 13 17 0.052229945 
732 259 13 15 0.051123798 
886 260 10 12 0.049996596 
383 253 424 456 0.046465326 
671 249 11 14 0.04546192 
645 238 11 15 0.04402541 
492 234 12 16 0.04400816 
687 232 12 16 0.043197673 
635 244 11 14 0.04258695 
714 237 11 14 0.04192351 
512 338 46 43 0.04114066 
442 236 12 16 0.04013322 
671 298 13 19 0.040060423 
753 249 10 14 0.04003249 
605 295 16 23 0.038574908 
515 235 13 17 0.037653945 
486 254 10 13 0.036773603 
506 229 21 26 0.035991278 
436 238 14 18 0.03521585 
676 296 12 16 0.035187345 
474 295 16 18 0.03516456 
932 308 12 14 0.033756882 
910 295 11 14 0.032625057 
769 259 9 12 0.03222034 
608 284 13 19 0.03159241 
434 235 11 15 0.03135955 
580 253 10 13 0.030722814 
598 299 21 29 0.030690616 
921 244 12 18 0.03059974 
557 245 10 12 0.029898405 
915 261 16 19 0.029526321 
111 301 10 15 0.029501906 
423 289 14 18 0.029319638 
139 197 10 13 0.029308608 
740 254 12 14 0.029129334 
766 248 9 12 0.029053621 
850 290 12 16 0.028799368 
478 234 12 17 0.028629333 
631 237 12 15 0.028455228 
475 258 12 17 0.027239535 
579 235 11 14 0.027107546 
120 306 10 13 0.0270864 
599 266 12 14 0.02656308 
595 311 17 21 0.02637681 
538 248 15 18 0.026196616 
490 228 20 26 0.026060006 
752 261 10 12 0.025856776 
540 302 27 28 0.025279997 
472 228 11 14 0.02505477 
98 301 23 28 0.024892488 
674 233 19 26 0.024889363 
237 352 16 19 0.0246643 
129 190 10 14 0.024531845 
263 343 17 24 0.02452271 
672 313 12 15 0.024187095 
495 323 23 33 0.024115724 
286 278 13 15 0.024043877 
535 243 13 18 0.024039755 
685 245 11 15 0.023476668 
470 290 15 20 0.023433639 
471 237 11 16 0.023282608 
457 251 12 15 0.023152305 
477 226 14 18 0.023076558 
615 246 10 13 0.022871537 
554 304 13 17 0.02280593 
130 196 10 12 0.022797108 
846 270 10 12 0.022432048 
514 230 12 14 0.022299144 
605 245 11 14 0.021810725 
580 216 10 13 0.021790065 
721 262 21 27 0.021495812 
682 300 15 18 0.02139985 
483 222 12 14 0.021370932 
725 275 11 13 0.02106486 
515 300 12 14 0.021062434 
723 232 11 13 0.020972528 
637 267 14 18 0.020966528 
834 254 9 12 0.020946944 
668 244 20 24 0.020845493 
526 278 11 14 0.020677922 
511 610 127 126 0.020646362 
1010 230 14 22 0.020515952 
530 352 26 32 0.020355465 
838 251 10 12 0.020342551 
