1_Handshaking_Handshaking_1_380
64
673 -9 136 128 0.9979107 
835 -6 105 131 0.35149756 
245 56 14 19 0.3404288 
296 54 13 17 0.19143775 
467 288 53 62 0.14721613 
230 120 15 19 0.13971333 
681 638 20 25 0.12931313 
254 66 12 15 0.10355561 
327 48 9 13 0.09481286 
346 69 25 31 0.09424129 
347 66 16 21 0.086150125 
559 84 416 482 0.075791195 
248 153 442 499 0.07042447 
230 55 10 14 0.061524697 
291 55 22 26 0.05555118 
551 601 15 20 0.05534425 
232 115 25 28 0.05285566 
645 591 13 18 0.05078446 
594 606 17 22 0.046913177 
345 76 41 47 0.046898343 
652 584 21 27 0.045221273 
389 49 17 21 0.040839907 
722 -10 164 150 0.039636705 
495 27 30 37 0.039422467 
667 647 44 51 0.038100608 
334 51 11 15 0.037689198 
462 603 14 16 0.036010798 
339 57 21 28 0.03569347 
635 589 21 25 0.034580342 
541 628 13 16 0.034276184 
453 124 17 22 0.034209676 
667 590 16 22 0.03331965 
621 598 23 29 0.03287523 
239 54 14 17 0.031186203 
512 16 31 42 0.030922217 
615 579 13 17 0.030635968 
632 640 21 28 0.03048158 
338 52 14 17 0.029478183 
260 76 13 17 0.029001743 
257 235 113 108 0.028589692 
405 116 27 36 0.028245168 
329 45 21 27 0.027930668 
581 582 13 16 0.02756364 
627 11 51 68 0.027363526 
213 97 16 18 0.027326966 
518 629 47 54 0.02720504 
354 59 17 22 0.0269418 
320 45 20 24 0.026507014 
121 362 29 36 0.026289614 
355 64 25 32 0.025507523 
298 47 22 28 0.02538085 
224 117 14 18 0.025060005 
550 636 13 16 0.024675898 
88 109 8 11 0.023230907 
380 554 114 138 0.022981497 
204 100 15 16 0.022957832 
80 166 350 439 0.022168707 
683 4 13 12 0.021889688 
248 60 20 24 0.021641929 
659 579 24 30 0.02102632 
619 651 13 18 0.020772478 
333 66 15 21 0.020718627 
535 382 47 52 0.020637972 
613 654 17 23 0.020292478 
