1_Handshaking_Handshaking_1_356
129
118 589 135 168 0.99862623 
667 201 124 196 0.99741423 
314 387 28 33 0.98038155 
600 411 25 36 0.9790107 
571 299 16 20 0.9328039 
430 286 15 20 0.88079697 
604 291 15 21 0.83451897 
660 357 14 21 0.8270846 
279 386 20 31 0.62506306 
449 308 11 14 0.37854967 
493 299 11 13 0.3296338 
488 299 11 14 0.25930566 
142 250 10 15 0.25496116 
411 290 13 15 0.24921802 
269 391 22 31 0.13462618 
358 308 11 13 0.122318864 
506 317 14 16 0.11320419 
285 363 16 20 0.109591834 
510 301 10 13 0.108445115 
589 416 27 36 0.10178896 
618 324 12 16 0.096968405 
301 389 23 31 0.09558532 
539 418 14 18 0.09313067 
246 303 10 14 0.09207979 
648 302 11 15 0.09126369 
609 461 35 43 0.0858737 
578 303 14 20 0.081400335 
217 287 9 12 0.07858861 
668 335 11 15 0.072916485 
150 266 12 15 0.07069223 
503 302 9 12 0.06898254 
109 306 10 13 0.06851464 
502 459 14 20 0.06831625 
452 313 11 14 0.066635676 
477 371 15 18 0.06568732 
289 386 15 26 0.06530821 
136 250 12 16 0.063500024 
252 411 25 27 0.06189237 
281 288 9 12 0.05799221 
628 358 14 19 0.057003636 
329 395 17 24 0.05631068 
639 371 21 28 0.054998018 
585 424 41 46 0.054233424 
653 308 11 15 0.05277692 
291 350 21 25 0.047653463 
548 308 11 13 0.04654488 
104 293 10 11 0.04611766 
423 289 14 18 0.045480616 
508 308 12 15 0.0439571 
269 445 34 37 0.04263667 
507 462 17 21 0.04139921 
299 346 18 23 0.039971467 
771 370 149 235 0.039457604 
657 317 10 12 0.039313607 
541 301 14 16 0.038881216 
520 347 10 14 0.038599446 
104 302 12 16 0.038482517 
276 379 14 23 0.038395055 
221 291 10 11 0.037749406 
253 307 11 13 0.03653666 
794 192 110 186 0.03612315 
327 300 9 12 0.035924617 
155 269 14 15 0.03576542 
646 364 23 29 0.03499723 
401 291 11 15 0.034935646 
353 308 10 14 0.03440184 
279 370 21 30 0.034067802 
259 398 24 29 0.03349613 
-14 619 397 435 0.03343118 
718 187 114 188 0.033214785 
159 275 12 13 0.03302371 
284 290 11 14 0.0323671 
502 295 10 13 0.03196584 
531 331 14 16 0.03173452 
658 506 24 29 0.030881412 
343 291 11 14 0.030403728 
469 301 9 11 0.030397993 
117 254 10 12 0.029544307 
587 884 408 507 0.029007042 
71 325 9 12 0.028620582 
518 356 11 15 0.028418439 
704 413 13 15 0.027914884 
512 397 10 14 0.027879087 
661 350 14 19 0.027687421 
575 421 25 30 0.027314039 
253 429 47 46 0.026785636 
242 308 10 14 0.026300259 
508 452 16 22 0.02593247 
358 313 12 15 0.02573432 
508 328 12 16 0.025658473 
93 270 10 13 0.025451887 
51 289 13 16 0.025391622 
301 349 27 32 0.025184998 
8 291 9 12 0.025083805 
662 326 10 13 0.0248056 
517 283 11 13 0.024694463 
222 312 9 11 0.024552273 
428 280 15 17 0.024356961 
126 250 13 16 0.023836792 
85 324 9 11 0.023561122 
660 310 9 13 0.023328366 
347 856 238 200 0.023279302 
373 466 22 27 0.022968438 
476 405 13 17 0.022870427 
229 260 11 14 0.02280632 
78 253 8 10 0.022771494 
242 299 20 24 0.02272753 
224 316 10 12 0.02267567 
406 296 13 15 0.02251489 
143 256 13 18 0.02228843 
206 266 11 14 0.022189865 
525 332 13 17 0.022167157 
515 370 13 18 0.02207163 
619 463 18 26 0.021964578 
662 335 19 23 0.021898864 
446 304 19 22 0.02178399 
570 379 15 17 0.021686306 
733 360 36 41 0.021571621 
3 1202 89 165 0.021475198 
363 303 11 13 0.021081626 
38 287 9 11 0.021056676 
326 261 10 12 0.021048352 
240 327 10 12 0.020920254 
360 269 9 11 0.020865988 
615 449 23 31 0.020760888 
48 258 12 15 0.020728147 
567 271 12 14 0.020615092 
566 372 14 17 0.020559775 
616 318 11 15 0.02029967 
