1_Handshaking_Handshaking_1_733
24
768 124 140 191 0.99934655 
474 208 63 86 0.9992107 
185 75 126 224 0.9928415 
318 184 82 145 0.9884073 
257 135 111 183 0.6267315 
83 87 118 196 0.12281542 
355 6 27 33 0.05373573 
133 68 115 213 0.051698625 
425 72 9 11 0.041934446 
34 154 124 132 0.037358567 
431 38 8 9 0.033013485 
372 13 11 14 0.032780867 
380 0 11 10 0.030790545 
441 73 7 10 0.029574644 
462 86 8 11 0.028787225 
613 474 48 49 0.027298084 
406 7 11 12 0.025223097 
480 71 9 11 0.025082603 
363 13 14 16 0.023416555 
410 73 8 9 0.022251211 
375 3 12 13 0.02219652 
463 71 8 10 0.021685105 
345 22 8 11 0.021371206 
458 87 8 10 0.020336598 
