56_Voter_peoplevoting_56_819
20
483 442 36 42 0.9983323 
292 352 39 47 0.9982963 
599 392 46 58 0.997017 
114 428 46 57 0.9951395 
277 614 45 58 0.9931236 
749 208 46 52 0.99248815 
643 192 47 56 0.9808514 
859 227 39 46 0.9720365 
397 466 33 42 0.93195903 
493 609 47 59 0.10573477 
910 225 21 27 0.06380933 
611 571 96 125 0.054399636 
396 459 17 22 0.046920024 
226 402 42 51 0.04446023 
407 563 14 18 0.038900644 
816 296 23 30 0.038376197 
662 263 374 493 0.028676534 
466 571 25 33 0.021927828 
930 266 15 19 0.020898964 
806 202 24 33 0.020645255 
