56_Voter_peoplevoting_56_781
146
365 197 61 72 0.99589914 
289 108 40 52 0.97500813 
652 156 24 32 0.9671862 
364 83 56 72 0.9342694 
777 128 23 29 0.91674125 
677 102 26 35 0.8348205 
105 78 51 64 0.8170212 
644 119 26 33 0.7959367 
750 113 21 29 0.7487991 
831 131 14 17 0.6192074 
598 138 22 27 0.49190173 
814 136 16 21 0.45388335 
949 136 18 21 0.3526395 
994 121 15 21 0.30676445 
607 314 14 20 0.27055523 
878 113 15 17 0.22620077 
456 218 46 78 0.17996098 
893 120 14 19 0.16679604 
236 427 32 43 0.16125406 
756 84 14 18 0.15396972 
676 119 16 24 0.151579 
875 122 16 20 0.14105766 
340 72 28 36 0.14022547 
435 128 24 31 0.13745676 
218 129 32 37 0.13249789 
853 116 13 17 0.124368295 
788 129 21 28 0.10812424 
648 141 27 35 0.092498556 
279 165 25 32 0.09106776 
349 75 47 59 0.08705413 
845 167 15 21 0.0851384 
688 109 24 32 0.08188079 
595 134 17 22 0.07705126 
761 121 23 29 0.0734762 
319 117 30 38 0.06989977 
317 58 14 16 0.0698634 
427 111 42 54 0.06717969 
890 78 9 12 0.06601081 
810 99 14 19 0.06077562 
898 116 14 18 0.059896715 
573 151 21 30 0.058727194 
1007 93 11 14 0.057708476 
882 117 19 25 0.05707164 
704 68 12 15 0.056643736 
472 257 31 51 0.054054767 
655 131 19 23 0.05340757 
1001 122 15 21 0.05230676 
621 229 14 19 0.051632646 
740 134 15 21 0.05026017 
823 130 19 25 0.050018907 
749 124 16 23 0.048442405 
910 111 11 15 0.047269206 
128 81 56 68 0.046844203 
943 129 15 21 0.046117485 
355 67 28 45 0.044298954 
469 214 27 46 0.04322367 
199 125 49 60 0.042711806 
845 129 12 18 0.04245766 
942 103 16 21 0.041088518 
804 129 19 26 0.040277064 
572 229 17 25 0.040218484 
871 128 15 17 0.04015683 
751 76 14 18 0.040075414 
25 199 112 149 0.039718393 
669 79 11 13 0.03946872 
834 154 24 33 0.039162032 
666 123 21 27 0.038712546 
852 127 16 22 0.038677894 
232 84 48 55 0.038339727 
394 191 50 66 0.038189 
605 199 14 19 0.037596446 
603 176 16 22 0.03679619 
410 72 46 61 0.036277812 
356 76 17 27 0.036259376 
917 176 12 15 0.036252614 
604 235 24 35 0.035429206 
644 107 16 22 0.03510204 
751 129 20 28 0.034704674 
381 36 14 20 0.034530487 
869 78 9 11 0.034495976 
345 69 19 23 0.034393225 
178 93 35 41 0.03416996 
577 224 22 30 0.033708196 
888 83 11 13 0.033501573 
440 204 51 70 0.032922793 
836 168 16 21 0.03250509 
493 120 29 33 0.03244664 
750 143 14 20 0.032338183 
943 75 10 13 0.031754844 
940 111 14 20 0.031061161 
685 57 12 15 0.030103942 
398 109 53 65 0.030091546 
617 229 24 30 0.029973645 
260 99 23 31 0.029708287 
60 120 42 57 0.028463313 
574 124 13 17 0.02808233 
340 89 28 46 0.027986052 
756 99 17 21 0.027859012 
646 157 19 25 0.027799333 
552 466 11 16 0.02765659 
261 94 43 55 0.027312765 
735 68 13 19 0.026990008 
290 100 28 38 0.026924886 
524 279 14 18 0.02681613 
243 98 31 33 0.026788445 
872 115 14 17 0.026728304 
928 178 11 15 0.026249206 
1012 123 12 19 0.026097529 
985 116 20 28 0.026000215 
760 87 16 19 0.025952047 
892 110 14 19 0.02592167 
771 162 16 20 0.02560577 
918 152 10 13 0.025514424 
964 187 10 13 0.025309658 
857 123 14 18 0.025176324 
843 100 12 16 0.025165085 
217 106 32 40 0.02503153 
702 11 10 12 0.02501384 
960 183 9 14 0.024972161 
250 77 24 26 0.024539277 
665 77 10 12 0.024286998 
594 215 42 58 0.024172291 
758 39 10 13 0.023601398 
661 164 21 27 0.023457577 
877 103 14 17 0.023440586 
318 77 27 33 0.02316168 
424 68 25 40 0.023126917 
331 127 16 23 0.022965286 
586 104 14 16 0.022947062 
639 119 18 25 0.022801477 
739 71 14 20 0.022798812 
960 138 15 19 0.022749327 
935 127 14 21 0.022729702 
276 175 51 69 0.022707574 
918 156 13 19 0.02269139 
598 169 16 21 0.022657216 
497 124 40 48 0.022287816 
748 70 13 16 0.022195246 
331 79 29 39 0.021866256 
182 94 54 58 0.02177409 
839 96 11 14 0.02138832 
281 76 15 18 0.021118687 
145 62 86 102 0.020297695 
305 84 45 55 0.020029804 
670 96 24 31 0.020020768 
808 140 23 29 0.020019108 
