56_Voter_peoplevoting_56_305
21
71 228 27 36 0.9893393 
442 201 30 45 0.9388323 
754 226 22 39 0.10874403 
548 103 16 20 0.05421905 
771 299 42 67 0.04662235 
426 198 35 46 0.03686032 
435 221 33 38 0.03394363 
685 290 41 63 0.031341203 
548 183 11 14 0.029607985 
535 179 11 16 0.02778904 
735 242 39 51 0.027428921 
992 407 8 10 0.025964325 
52 257 17 22 0.025584057 
888 400 8 9 0.023944061 
543 89 7 10 0.023104703 
848 400 8 9 0.021521393 
543 93 10 13 0.021046124 
887 406 8 10 0.020844975 
854 400 7 9 0.020569257 
662 235 405 484 0.020184759 
849 415 8 10 0.020056406 
