56_Voter_peoplevoting_56_110
43
90 321 50 63 0.99928147 
202 311 35 49 0.9937736 
417 250 27 35 0.7724911 
892 327 20 22 0.75265884 
810 260 15 20 0.6220269 
165 237 16 19 0.43952408 
486 279 9 10 0.172469 
434 253 24 30 0.12325484 
415 240 16 26 0.12178191 
430 395 45 73 0.09638365 
886 322 17 22 0.071487255 
818 258 14 21 0.06669957 
828 380 11 14 0.052195165 
548 523 36 38 0.050872777 
853 285 14 18 0.046367362 
487 273 9 11 0.045187857 
885 331 29 31 0.044865187 
780 259 14 20 0.044695627 
494 284 8 10 0.042883787 
481 273 9 12 0.038737103 
404 413 61 88 0.03824921 
492 280 9 11 0.037695244 
884 334 17 20 0.03641829 
808 262 26 31 0.035420977 
428 363 49 68 0.03447145 
806 255 16 20 0.0316957 
671 476 113 168 0.03105853 
228 268 11 13 0.029719133 
904 327 15 20 0.028839126 
869 386 13 14 0.028528135 
822 250 23 31 0.027867783 
891 368 15 16 0.027704557 
939 370 11 14 0.026454179 
877 339 14 18 0.025411874 
516 524 36 28 0.023688171 
415 254 16 24 0.023410525 
492 271 9 12 0.021651322 
872 348 10 13 0.021072319 
85 486 11 12 0.020536773 
921 365 15 17 0.020431226 
401 417 104 139 0.020214956 
161 262 10 13 0.020067492 
212 302 27 41 0.020056412 
