56_Voter_peoplevoting_56_122
201
560 79 33 46 0.97275203 
935 74 38 62 0.9677212 
419 137 26 32 0.96485484 
687 48 41 62 0.9644935 
440 39 24 34 0.9479239 
82 66 35 44 0.9448369 
904 31 35 54 0.92164904 
532 14 26 31 0.8804059 
836 58 38 51 0.87853 
210 36 23 28 0.8682291 
484 5 23 28 0.8394696 
963 12 34 42 0.8105456 
486 14 26 35 0.797599 
251 10 21 31 0.7415668 
602 3 28 34 0.7389259 
298 17 19 26 0.72047347 
705 5 38 40 0.6516341 
141 39 26 38 0.5766778 
771 21 35 53 0.5726796 
402 92 17 22 0.53502125 
201 20 22 28 0.5207246 
694 359 101 87 0.48998004 
32 26 22 33 0.46532312 
153 24 27 34 0.44497687 
403 10 21 31 0.36436298 
75 18 15 20 0.354624 
146 52 32 45 0.31552827 
103 396 93 169 0.27716634 
349 25 26 34 0.25885373 
147 17 23 29 0.2539838 
259 14 24 32 0.24881822 
614 53 30 47 0.21701294 
437 1 16 20 0.21023636 
909 186 47 55 0.19484471 
403 5 13 17 0.17802742 
180 0 15 13 0.1720988 
281 109 52 60 0.17032053 
797 9 28 37 0.1658224 
785 3 29 39 0.15886207 
607 13 32 36 0.15206644 
438 34 16 21 0.14956525 
723 370 107 101 0.13060701 
229 65 29 46 0.11834549 
192 20 21 27 0.116445534 
717 349 181 205 0.106663324 
20 22 26 35 0.10570806 
811 108 31 47 0.10321284 
240 122 30 47 0.101933114 
901 84 23 34 0.099995404 
373 11 22 30 0.09917865 
244 11 19 25 0.094849154 
287 55 43 53 0.0944352 
0 451 137 183 0.09334246 
653 393 36 49 0.09231736 
74 22 22 28 0.09111785 
919 46 48 67 0.089409225 
154 9 26 28 0.08864436 
54 1 12 11 0.08782525 
664 380 54 61 0.08778483 
680 365 63 66 0.08686991 
111 25 22 30 0.08650141 
757 25 31 51 0.08234549 
663 0 26 34 0.0819783 
869 264 24 27 0.078531265 
269 124 43 45 0.07596274 
305 58 27 36 0.075183064 
107 0 14 14 0.07462834 
891 40 28 47 0.07108775 
613 32 29 38 0.0708074 
42 32 14 22 0.063345805 
82 20 15 19 0.059933066 
475 0 24 29 0.05901339 
173 0 17 17 0.057854127 
476 120 15 17 0.057457246 
308 107 45 58 0.055891216 
556 66 26 41 0.055658046 
459 0 18 21 0.05429125 
704 44 50 67 0.05160062 
562 1 27 33 0.049023483 
383 8 23 32 0.04859284 
584 85 32 43 0.048284497 
241 62 29 45 0.04755464 
795 378 184 234 0.046993647 
269 70 51 62 0.04683108 
493 108 25 30 0.046806168 
264 23 28 33 0.04662786 
613 1 31 33 0.045089666 
61 18 15 21 0.04507855 
356 15 27 35 0.04434074 
139 34 16 21 0.043943122 
143 7 23 28 0.043925818 
308 2 23 32 0.04390552 
809 15 20 25 0.043279216 
255 79 33 47 0.043180704 
370 120 26 30 0.03963443 
346 10 26 30 0.03949031 
11 31 25 32 0.039489627 
77 49 30 36 0.038914267 
645 362 59 62 0.038184505 
9 15 26 33 0.037695467 
896 164 49 61 0.03718676 
415 69 15 18 0.036838382 
739 36 39 59 0.03661192 
3 43 12 18 0.035781104 
34 20 16 24 0.035474192 
598 14 15 24 0.034818947 
162 2 18 19 0.034497485 
178 20 23 29 0.034075424 
415 123 26 37 0.033908255 
480 130 39 46 0.033850428 
545 6 28 35 0.033592902 
739 421 36 38 0.03348403 
67 30 28 33 0.033318456 
440 491 48 50 0.033291195 
199 32 25 34 0.033271868 
899 183 80 86 0.033034805 
931 16 41 55 0.032950632 
18 12 15 17 0.032901045 
91 19 15 19 0.032821346 
417 123 17 22 0.0323651 
100 26 25 30 0.032160733 
661 3 17 21 0.032159887 
49 32 15 21 0.031946186 
1004 23 20 32 0.031873778 
165 6 26 27 0.03138949 
441 7 17 19 0.031364158 
45 416 131 191 0.031184407 
105 74 26 36 0.031019872 
400 23 22 31 0.030614378 
411 17 21 28 0.030392954 
58 0 14 13 0.030183276 
786 -1 21 26 0.029824179 
476 116 25 30 0.029354053 
494 29 21 25 0.02928344 
856 45 40 56 0.028312275 
594 389 32 45 0.027973454 
682 11 44 59 0.027798856 
223 40 17 23 0.027784992 
677 60 30 45 0.02758542 
274 12 16 21 0.027530367 
48 0 12 11 0.027513633 
120 27 17 23 0.027093146 
58 6 22 26 0.026905574 
220 10 14 18 0.026884813 
967 11 23 26 0.026876999 
3 27 22 34 0.026861055 
309 49 18 21 0.026740426 
156 62 32 42 0.026388202 
219 78 30 43 0.025809705 
430 41 23 30 0.025704565 
414 152 14 18 0.025462631 
107 19 16 21 0.025298895 
208 14 23 29 0.024912698 
835 42 30 49 0.024906727 
903 190 29 40 0.02474298 
281 12 23 29 0.024553424 
98 57 27 38 0.02450461 
162 16 27 31 0.024420578 
36 36 24 34 0.024306756 
112 2 14 16 0.023886919 
397 39 14 20 0.023836512 
86 2 16 16 0.023494706 
698 373 35 43 0.023305425 
724 5 33 34 0.023241542 
259 5 17 22 0.022673147 
321 -1 23 31 0.0226588 
66 116 61 60 0.022614576 
637 418 39 41 0.022588551 
673 31 42 64 0.02240497 
83 25 27 32 0.022217974 
329 101 32 50 0.022211764 
983 117 32 38 0.022118933 
188 114 34 44 0.021831917 
198 89 27 35 0.02166223 
392 42 13 17 0.021637803 
247 104 43 62 0.021599364 
678 0 40 44 0.021592163 
130 33 23 34 0.021564526 
409 148 28 35 0.021409633 
478 26 26 35 0.021400485 
879 52 29 46 0.021339556 
167 30 19 24 0.021265704 
92 0 16 14 0.021197448 
333 1 24 28 0.021099338 
495 114 16 18 0.020978915 
602 18 20 28 0.020923382 
372 31 15 21 0.02086602 
489 119 28 33 0.02081588 
330 6 16 22 0.020762246 
975 85 39 57 0.020749282 
152 49 19 25 0.0207363 
260 95 34 49 0.02071002 
399 162 51 55 0.02064867 
90 -2 26 24 0.020518348 
298 78 49 63 0.020435166 
585 3 23 33 0.020259071 
223 124 33 46 0.020225257 
313 47 26 34 0.020157577 
871 241 16 20 0.020106217 
12 2 28 27 0.020066105 
603 54 28 43 0.020030567 
