56_Voter_peoplevoting_56_410
357
826 430 18 20 0.9723164 
492 445 16 20 0.9703789 
270 468 17 21 0.96532136 
472 435 14 17 0.9425273 
123 451 15 18 0.92702067 
322 442 14 18 0.89007455 
283 423 18 21 0.8690779 
177 433 15 19 0.8608902 
743 475 18 20 0.82731915 
931 456 18 25 0.7512952 
424 430 17 21 0.7404525 
57 443 19 23 0.7324095 
936 425 15 20 0.71160454 
194 421 19 27 0.710999 
214 459 16 20 0.6713942 
550 446 14 19 0.6698906 
285 442 14 18 0.66062707 
614 461 15 21 0.6358765 
27 419 26 36 0.56618863 
619 410 13 17 0.54808 
367 435 16 19 0.509991 
527 429 13 16 0.4806234 
84 434 15 17 0.43556708 
96 434 16 21 0.4212444 
147 443 15 21 0.39887306 
694 470 23 30 0.39404762 
963 444 15 21 0.3782254 
236 453 14 18 0.33623132 
644 465 15 21 0.31030816 
447 429 12 16 0.30199966 
510 427 13 16 0.30169144 
987 451 14 19 0.29571846 
810 472 28 31 0.2698198 
598 422 12 15 0.26153326 
155 412 15 19 0.24399498 
891 465 17 21 0.2207159 
138 419 12 16 0.20429316 
364 419 14 19 0.20328487 
403 401 15 18 0.19027244 
414 432 16 21 0.18814416 
404 372 14 20 0.1765792 
529 433 14 17 0.17283009 
189 469 13 16 0.17165565 
985 442 14 18 0.1707614 
349 441 13 18 0.16081417 
186 426 20 26 0.15890321 
451 395 14 17 0.15847205 
969 449 14 19 0.15456812 
869 463 24 32 0.15082046 
894 435 15 18 0.15062386 
922 442 16 20 0.14211561 
228 432 17 18 0.14208835 
863 442 15 20 0.13181183 
924 450 18 23 0.1260789 
982 455 20 26 0.12510611 
19 428 27 35 0.124970585 
571 448 13 18 0.12101389 
563 433 14 16 0.119244784 
893 448 17 23 0.11924291 
303 442 13 19 0.113093376 
286 445 19 25 0.11235548 
270 415 10 12 0.11036387 
590 422 11 14 0.108454645 
406 417 12 15 0.107803814 
583 427 12 16 0.1014078 
119 419 11 15 0.101086564 
318 413 13 15 0.09952883 
423 455 16 19 0.09748399 
85 436 21 24 0.095785215 
35 414 17 21 0.09448365 
217 452 17 21 0.09420827 
365 441 22 25 0.0939557 
91 442 21 28 0.090942554 
169 58 27 28 0.08932538 
136 368 10 11 0.08494259 
813 465 17 20 0.08361478 
429 403 12 16 0.08291666 
575 398 10 14 0.0816903 
172 422 13 17 0.07965129 
861 471 26 32 0.07655567 
392 373 10 13 0.07558886 
406 466 15 19 0.07485687 
119 434 13 17 0.07427286 
602 436 14 18 0.07225127 
819 460 26 30 0.07010692 
246 57 28 29 0.07007425 
172 474 12 15 0.06868704 
381 426 15 21 0.06717499 
341 441 15 19 0.06607521 
351 468 21 27 0.06574285 
223 428 14 17 0.06511651 
587 466 11 15 0.06341263 
620 462 22 26 0.061840326 
917 436 15 18 0.061275434 
226 453 20 24 0.06109077 
94 455 13 18 0.060517948 
938 456 22 28 0.05988964 
542 435 13 15 0.058454055 
548 429 12 16 0.058296107 
210 428 14 17 0.05745089 
124 419 12 16 0.05721683 
243 412 12 16 0.055931203 
35 391 25 29 0.055513415 
558 429 14 17 0.055429958 
709 439 16 21 0.055386405 
749 427 21 28 0.05522334 
760 489 23 29 0.05518484 
119 444 15 20 0.054974277 
501 435 13 17 0.054714356 
93 391 17 21 0.05466746 
443 452 14 17 0.054363467 
565 455 15 22 0.054171823 
183 473 12 15 0.053905685 
543 448 16 20 0.05376841 
205 461 20 26 0.05346968 
548 436 14 16 0.053064466 
399 372 12 17 0.052923407 
194 467 12 15 0.052431066 
817 459 18 20 0.052365612 
553 449 20 28 0.052334223 
407 442 22 27 0.052188363 
603 428 11 14 0.051790114 
504 430 12 16 0.051411234 
452 423 12 15 0.05094776 
435 403 13 17 0.050776392 
290 456 15 20 0.04973427 
567 444 13 17 0.049667895 
423 399 11 14 0.049217287 
324 418 12 14 0.04916457 
437 429 13 17 0.049122803 
628 441 16 21 0.04851578 
385 392 14 18 0.048231594 
357 426 15 20 0.047302697 
385 419 14 18 0.04707999 
460 457 13 19 0.046614364 
332 430 13 16 0.046278223 
134 415 13 16 0.046148833 
411 459 13 18 0.045787234 
930 444 14 18 0.04578404 
898 428 13 16 0.04574018 
289 432 15 20 0.04571085 
131 417 20 25 0.044978052 
371 422 12 17 0.04469284 
452 460 16 20 0.044663113 
26 384 24 29 0.044384807 
494 397 12 14 0.043217767 
250 477 11 15 0.043112483 
612 452 15 21 0.042896926 
514 422 13 16 0.042806834 
325 435 19 24 0.042642247 
831 458 23 27 0.04227353 
358 413 13 15 0.042241387 
153 448 14 19 0.04219241 
574 421 12 17 0.0415982 
202 428 17 22 0.041580908 
379 448 15 19 0.0404328 
404 384 13 18 0.040414102 
175 419 22 27 0.04031875 
642 446 22 29 0.04016633 
917 431 12 15 0.0399541 
588 434 12 15 0.03991527 
859 486 24 30 0.039874755 
137 410 21 27 0.039449133 
875 459 15 21 0.03922353 
811 429 22 27 0.039189316 
372 429 20 24 0.039186757 
326 429 13 17 0.03911451 
473 387 10 14 0.039040755 
589 434 21 28 0.038252927 
446 422 12 16 0.03808661 
174 495 13 18 0.037856992 
496 391 11 13 0.03776482 
854 465 12 18 0.03748235 
740 480 24 27 0.037468717 
228 443 16 19 0.0372527 
278 422 14 18 0.037161022 
262 415 10 12 0.037093055 
580 512 13 17 0.036811862 
823 402 12 15 0.03679232 
77 450 13 17 0.036680743 
130 443 16 21 0.0366428 
669 437 15 18 0.036639478 
648 441 17 19 0.03622689 
848 422 10 13 0.036118813 
586 422 18 24 0.036095172 
263 419 12 16 0.03587111 
196 474 14 15 0.035365496 
322 60 27 28 0.035309084 
423 479 24 28 0.03513537 
897 443 14 18 0.034991045 
122 422 19 24 0.034880497 
546 452 18 24 0.03477958 
752 467 17 22 0.034729905 
83 466 13 17 0.034264382 
951 420 12 16 0.03425769 
254 413 11 14 0.034164753 
162 411 14 17 0.034154635 
600 440 21 28 0.033873104 
308 439 18 23 0.03382988 
313 413 10 14 0.03369136 
171 385 14 16 0.03367483 
474 449 14 19 0.03289348 
844 462 16 22 0.03283693 
959 438 14 17 0.032733724 
445 412 12 15 0.032406215 
638 467 25 32 0.032337736 
493 409 12 15 0.032190762 
112 418 13 17 0.032096274 
83 448 16 20 0.03193494 
188 459 21 25 0.031458095 
445 400 14 19 0.031327344 
992 457 16 23 0.031096017 
143 502 10 14 0.031093815 
420 462 23 29 0.030970622 
647 459 17 22 0.03087859 
873 445 22 30 0.030855913 
235 461 15 20 0.030672131 
133 457 11 14 0.030551685 
909 478 14 16 0.030525308 
933 463 29 35 0.03044606 
430 453 22 27 0.030199265 
434 483 17 23 0.02949099 
979 427 22 28 0.029473009 
440 421 11 15 0.029452708 
917 456 16 20 0.029397102 
351 427 12 17 0.029382154 
442 437 20 25 0.029332263 
151 428 12 17 0.029115615 
423 410 13 15 0.02911172 
167 469 11 16 0.02909675 
318 413 22 26 0.028900862 
403 427 14 19 0.028816469 
302 412 10 14 0.028783532 
53 437 18 21 0.028720135 
357 435 15 19 0.028717168 
516 450 15 20 0.028619722 
543 423 10 12 0.02861639 
852 444 20 28 0.028113537 
732 31 13 13 0.027929027 
593 417 20 24 0.027867375 
222 445 14 16 0.02776179 
279 433 16 19 0.027708411 
452 452 15 18 0.02767045 
967 465 14 19 0.027551126 
905 514 17 19 0.027491946 
532 441 14 17 0.027452786 
401 376 21 30 0.027396316 
897 472 15 19 0.027395947 
946 464 17 22 0.027316408 
399 419 13 16 0.027173674 
912 430 11 14 0.02710967 
544 398 10 12 0.027109366 
330 -132 407 472 0.027094707 
269 416 20 26 0.026924318 
880 465 28 35 0.026828527 
386 430 15 21 0.02682508 
681 462 42 52 0.026741927 
847 426 12 17 0.026733935 
861 460 12 16 0.026700111 
523 451 13 18 0.026656259 
421 387 11 14 0.026643082 
143 437 15 21 0.026473861 
766 24 18 19 0.025885537 
333 413 11 14 0.02583559 
166 418 14 17 0.025813026 
86 457 13 19 0.025811026 
972 377 15 19 0.025802454 
464 435 13 17 0.025799828 
550 421 11 15 0.025697824 
557 458 21 30 0.025559708 
946 425 14 18 0.025473313 
903 425 23 28 0.025213385 
685 462 25 32 0.025164736 
487 428 11 14 0.025004022 
892 417 24 28 0.024997745 
180 422 14 16 0.024842214 
516 434 12 16 0.024828216 
970 452 21 27 0.024774099 
251 484 11 14 0.024728565 
400 438 21 28 0.02468887 
908 458 13 18 0.0245787 
542 378 8 11 0.024554648 
524 442 14 17 0.02447791 
488 421 11 15 0.024255028 
286 464 13 18 0.024250867 
145 422 23 31 0.024244279 
126 413 13 16 0.024159495 
927 425 19 25 0.024105567 
537 427 20 25 0.02407921 
549 76 19 20 0.023986494 
461 442 12 17 0.023914872 
640 460 14 19 0.023889082 
269 441 13 18 0.023856116 
965 455 16 21 0.023660539 
341 428 12 16 0.02363094 
853 464 24 30 0.023605816 
105 439 16 21 0.02359197 
54 453 16 21 0.02353748 
317 446 22 28 0.023530431 
800 442 14 21 0.023528397 
946 453 14 18 0.023425514 
52 416 16 22 0.023389895 
409 466 23 27 0.023366151 
805 481 18 20 0.023060124 
608 459 15 20 0.022999538 
499 501 11 16 0.022987938 
697 457 28 32 0.022970237 
885 448 17 23 0.022932293 
452 442 14 18 0.02288254 
231 485 9 11 0.022851031 
952 414 12 15 0.022801898 
817 445 25 30 0.022797935 
204 474 12 16 0.022740709 
398 428 13 18 0.022705676 
431 362 15 18 0.022595866 
402 406 20 24 0.02254657 
508 441 14 18 0.022535423 
701 442 14 18 0.022493452 
128 429 22 27 0.02249186 
269 453 12 15 0.022462707 
403 363 24 32 0.022450333 
435 439 15 20 0.022376454 
470 421 13 15 0.022160131 
557 421 12 15 0.022122312 
531 422 12 14 0.022067178 
496 382 11 13 0.022024982 
298 453 16 21 0.021896712 
658 437 22 27 0.021887269 
622 472 29 31 0.021878177 
308 467 13 18 0.021863924 
48 400 16 20 0.021581264 
341 467 15 22 0.021421472 
351 420 13 17 0.021407364 
169 470 20 25 0.021391349 
206 467 12 15 0.02136374 
489 399 9 12 0.0212769 
911 440 13 18 0.021276746 
752 423 12 15 0.021256 
798 528 15 18 0.021175163 
858 455 23 30 0.021140065 
150 339 13 16 0.021089796 
619 451 17 23 0.021025829 
153 335 11 13 0.021001209 
77 458 14 19 0.020929653 
853 493 18 23 0.02080504 
399 469 14 17 0.020771235 
691 444 15 17 0.020688802 
238 416 14 17 0.020673785 
685 446 26 30 0.020620132 
362 453 18 23 0.020536669 
928 437 39 50 0.02042595 
662 369 15 20 0.020309567 
582 462 20 27 0.02028206 
571 434 13 17 0.020269204 
355 411 21 27 0.020209068 
535 452 11 17 0.020204628 
722 434 18 23 0.020014452 
