56_Voter_peoplevoting_56_350
700
39 362 33 54 0.92861897 
344 400 23 40 0.9228006 
491 360 39 39 0.8347171 
332 118 9 12 0.8334868 
645 345 25 37 0.80179304 
304 106 9 12 0.7322737 
827 266 14 15 0.7104777 
6 323 36 47 0.70668894 
206 93 9 11 0.68406653 
526 182 8 11 0.6332776 
198 73 10 14 0.601239 
520 313 20 32 0.5868553 
856 259 14 17 0.5634757 
746 234 11 14 0.556509 
765 204 10 12 0.533954 
284 113 9 12 0.5304036 
436 148 9 12 0.5170613 
391 385 21 28 0.5069961 
671 210 12 16 0.49798313 
12 331 46 63 0.48864374 
564 168 9 11 0.4378416 
924 244 11 14 0.42294893 
541 191 9 11 0.42255855 
112 61 7 10 0.4215732 
257 108 9 11 0.4137678 
722 200 13 18 0.41313705 
742 207 10 13 0.38061857 
561 326 23 39 0.37694588 
823 305 22 28 0.37377152 
393 136 9 12 0.37134323 
530 561 35 44 0.37066254 
434 127 8 11 0.36677158 
13 38 8 11 0.35480696 
646 197 11 14 0.35350183 
721 354 22 27 0.35208806 
609 190 9 10 0.34049174 
466 150 9 11 0.33810905 
348 133 11 13 0.31505898 
796 234 11 15 0.3144058 
544 166 11 13 0.31348518 
745 351 22 28 0.3013018 
793 216 8 11 0.30035308 
696 222 13 15 0.29908177 
562 189 9 12 0.29442334 
410 498 28 31 0.27920565 
581 167 9 11 0.27824894 
577 173 9 13 0.27564067 
900 244 13 15 0.26887712 
606 167 8 10 0.26624778 
180 72 8 11 0.260597 
512 165 9 10 0.25977927 
418 391 19 30 0.24049465 
308 104 9 13 0.23519778 
230 400 27 47 0.22701167 
80 46 9 10 0.22600965 
527 160 7 9 0.21924122 
853 291 12 16 0.21551873 
227 101 8 11 0.21432269 
513 160 9 10 0.21319151 
464 141 9 12 0.20698804 
831 236 13 14 0.20656323 
824 239 10 12 0.20408642 
326 94 8 10 0.20270178 
734 218 10 13 0.19154006 
595 218 17 25 0.18969722 
134 46 8 10 0.18802212 
331 405 28 37 0.18773662 
735 353 23 26 0.1873347 
385 113 7 9 0.1860375 
265 69 8 10 0.18125398 
528 311 17 28 0.1809257 
405 120 7 10 0.17947581 
847 240 10 11 0.17742419 
103 40 9 11 0.17394662 
633 196 9 11 0.17231064 
765 287 15 18 0.16623679 
980 310 28 37 0.16622883 
750 222 10 14 0.16114196 
497 155 8 11 0.15946372 
665 189 9 11 0.15432908 
464 136 9 11 0.1529857 
304 83 10 12 0.15173703 
726 192 12 14 0.14769466 
224 95 8 11 0.14762063 
185 433 25 46 0.1473447 
396 139 9 12 0.14534087 
474 45 9 11 0.1436527 
796 286 13 15 0.14248736 
767 222 12 15 0.1415945 
836 242 13 14 0.1360891 
869 301 11 14 0.13543335 
73 39 7 10 0.13506205 
708 200 15 19 0.12893762 
512 338 45 52 0.12801255 
677 203 11 15 0.12363276 
354 110 8 10 0.12045924 
152 32 8 10 0.11641156 
726 210 12 17 0.11584018 
773 226 12 15 0.11556391 
853 238 8 10 0.11379112 
182 30 7 9 0.11299909 
289 78 7 10 0.11218823 
142 57 9 11 0.112181544 
519 144 8 10 0.111759685 
135 21 8 9 0.11075681 
826 301 16 20 0.110521145 
505 127 8 11 0.11029794 
726 167 9 11 0.10943259 
264 88 8 9 0.10818384 
794 315 14 17 0.107953876 
478 118 7 9 0.1074491 
608 196 8 12 0.10715666 
670 182 8 11 0.10683224 
640 197 11 13 0.106493495 
327 90 7 9 0.10580156 
270 71 8 10 0.1050332 
747 302 17 21 0.100911714 
517 158 8 10 0.100879036 
528 333 46 51 0.10022359 
609 159 9 11 0.09868035 
526 144 8 11 0.09687198 
374 109 7 10 0.09623115 
781 229 8 11 0.095885925 
798 242 12 15 0.095855005 
374 134 8 11 0.09500798 
821 274 16 18 0.0938538 
181 76 9 12 0.093250796 
354 104 7 8 0.09298377 
709 356 22 33 0.09202864 
216 87 8 11 0.09077499 
815 315 15 20 0.090279624 
54 40 8 10 0.0876133 
527 132 9 11 0.086354285 
756 344 21 30 0.08628264 
820 317 18 21 0.08514638 
775 211 9 12 0.084952734 
526 177 9 12 0.083848745 
88 64 9 11 0.08219013 
417 109 11 13 0.08147721 
862 300 11 15 0.081308134 
55 45 8 9 0.081235126 
334 113 8 12 0.08114626 
592 247 10 13 0.08084159 
514 143 8 11 0.08034855 
77 40 9 11 0.08006651 
740 304 17 21 0.07950463 
306 403 29 35 0.07940116 
489 128 7 9 0.07912308 
514 150 10 11 0.07750479 
666 184 9 11 0.077423565 
528 110 7 9 0.0757422 
177 39 7 9 0.0756291 
514 322 30 44 0.074926026 
547 222 16 21 0.074853905 
591 157 8 10 0.074757524 
32 39 7 9 0.07469237 
370 104 7 10 0.074183404 
995 314 17 24 0.0736862 
64 32 8 10 0.07361786 
598 181 8 10 0.07361356 
844 337 13 17 0.07279037 
57 8 7 9 0.072527505 
925 223 44 58 0.07161603 
402 124 9 11 0.071401924 
730 219 10 12 0.07089098 
757 222 10 13 0.07089057 
703 197 14 18 0.070777364 
89 21 8 10 0.06997616 
593 182 9 10 0.06990832 
151 36 8 11 0.06964079 
408 142 9 11 0.069605716 
652 355 33 38 0.0693306 
73 63 7 10 0.068549596 
374 86 7 9 0.06812036 
896 263 25 32 0.06800106 
345 128 9 11 0.06678088 
424 504 17 22 0.066659175 
182 46 8 9 0.066473186 
352 116 9 11 0.0664124 
194 37 7 9 0.06635579 
743 174 10 12 0.066133976 
221 88 8 10 0.0655091 
805 230 10 12 0.06545246 
169 15 9 11 0.06389053 
963 299 46 64 0.06328505 
436 155 11 14 0.06192381 
431 163 11 13 0.06188746 
797 221 10 12 0.061533872 
571 326 16 28 0.061515506 
192 33 7 10 0.0614449 
25 31 9 11 0.061441723 
825 314 25 31 0.06077439 
907 310 15 20 0.059749212 
84 48 8 9 0.05971276 
61 8 7 9 0.059395377 
584 161 8 9 0.059144314 
695 160 8 10 0.059093464 
223 40 7 9 0.059085626 
293 79 8 11 0.05903662 
830 326 22 29 0.058975007 
109 46 8 10 0.058726322 
187 417 28 44 0.058571946 
79 54 8 9 0.05856975 
259 105 10 12 0.058496427 
437 187 9 12 0.058368985 
437 130 9 12 0.057143327 
178 31 7 10 0.05616629 
850 287 42 55 0.055568255 
699 211 16 19 0.055379212 
600 176 8 10 0.055326425 
605 172 9 10 0.055233438 
839 301 24 33 0.054153603 
882 260 17 22 0.054064754 
93 448 46 60 0.054018963 
433 145 10 11 0.053806555 
404 393 24 29 0.0536915 
417 116 9 12 0.053584766 
607 185 9 11 0.053473994 
434 119 7 10 0.053274926 
102 24 8 10 0.052850004 
657 292 27 36 0.05274769 
609 626 28 41 0.05237761 
208 38 6 8 0.05233981 
128 22 8 11 0.052036487 
471 157 8 11 0.051452056 
511 170 10 13 0.05123794 
392 87 7 9 0.05112573 
241 71 8 10 0.05106755 
182 61 9 11 0.05088529 
704 160 8 10 0.050686467 
144 79 8 10 0.050405897 
845 299 13 18 0.050105724 
472 127 8 10 0.05007382 
612 267 22 33 0.049710304 
737 208 18 23 0.049410257 
384 412 19 30 0.049193334 
417 104 9 11 0.048948288 
902 258 15 20 0.048899118 
143 23 7 8 0.048749376 
434 111 8 10 0.048712377 
120 8 8 10 0.048514016 
500 152 8 11 0.048464768 
546 323 30 41 0.04836117 
662 160 7 9 0.04822016 
526 52 8 11 0.04806952 
32 45 9 10 0.04801569 
447 38 9 11 0.047726184 
689 159 9 11 0.047708284 
199 38 8 9 0.047601297 
152 24 7 9 0.04753654 
658 160 8 11 0.04746798 
88 54 7 9 0.04741138 
322 89 7 9 0.047260135 
168 443 45 56 0.047221687 
901 277 16 19 0.04674214 
280 103 9 10 0.046686433 
767 209 10 14 0.04666692 
788 342 24 32 0.04653697 
335 88 7 9 0.04614217 
615 125 8 11 0.04612963 
502 157 7 10 0.046098273 
579 212 16 23 0.04598374 
369 133 8 10 0.04592351 
531 357 31 43 0.04581427 
559 194 12 15 0.04572604 
464 153 9 12 0.04570188 
833 305 17 24 0.04569919 
704 191 10 12 0.04524679 
405 502 20 24 0.04507331 
376 149 8 10 0.044932194 
136 54 9 11 0.04487045 
456 152 8 9 0.044757072 
193 87 6 9 0.044305302 
279 78 8 10 0.044076517 
407 167 8 11 0.043899134 
656 165 8 10 0.04375777 
584 143 8 9 0.04357247 
98 37 9 12 0.043456312 
836 299 13 18 0.043444168 
910 310 24 27 0.04320767 
742 217 13 17 0.04297312 
217 532 62 67 0.042756777 
438 461 11 16 0.042503346 
183 55 8 11 0.042338487 
390 112 7 10 0.042292446 
855 233 9 11 0.042235736 
423 127 7 9 0.04220307 
127 54 8 11 0.04217405 
642 203 9 12 0.041969296 
648 210 10 13 0.041965276 
922 313 15 19 0.041736778 
680 167 8 10 0.041720904 
370 86 7 10 0.0416119 
555 141 8 11 0.041611444 
775 235 10 13 0.041555814 
584 211 22 31 0.04153192 
329 113 8 12 0.041452702 
74 56 7 9 0.04140895 
519 175 9 11 0.040984895 
695 215 13 16 0.040848967 
199 86 9 11 0.040709868 
846 293 21 30 0.040581174 
921 236 21 27 0.0405795 
200 416 46 55 0.04053308 
512 323 16 19 0.04045093 
241 56 6 8 0.040329672 
342 71 7 9 0.040241513 
288 73 8 10 0.039832667 
629 180 10 13 0.03982156 
665 195 10 14 0.039813314 
164 417 47 56 0.03963666 
137 69 8 10 0.0396339 
779 206 11 13 0.03963245 
510 134 7 10 0.03942968 
142 84 9 11 0.039315253 
789 308 13 18 0.03919077 
816 238 10 11 0.03893396 
375 128 8 10 0.038821477 
109 41 7 9 0.038762797 
358 127 9 11 0.03868767 
759 212 11 13 0.038676936 
463 128 8 10 0.038568348 
696 164 8 10 0.038530547 
778 301 15 20 0.038481034 
564 195 13 19 0.03826455 
473 181 9 11 0.038200874 
374 81 7 9 0.038151406 
542 184 10 12 0.038087834 
388 395 17 26 0.03794059 
493 183 9 13 0.03772273 
709 159 9 11 0.03745026 
357 116 9 11 0.037421584 
143 71 8 9 0.03733869 
489 157 8 10 0.03733249 
568 200 11 18 0.03724884 
368 128 8 11 0.037216425 
120 24 9 11 0.037200946 
735 205 12 17 0.03718963 
338 71 7 8 0.03718828 
818 328 27 32 0.037139803 
780 223 10 12 0.03711273 
891 248 23 27 0.03707756 
74 45 8 10 0.03704486 
318 63 7 8 0.036961358 
374 105 7 9 0.03692955 
726 172 9 11 0.036918737 
682 198 12 15 0.03690181 
669 199 11 14 0.03681531 
86 7 9 10 0.036792208 
792 240 12 16 0.036773965 
278 73 8 9 0.036568858 
9 32 8 10 0.036548294 
269 85 9 11 0.036479197 
159 55 8 10 0.0364334 
152 63 8 10 0.03640708 
285 94 10 11 0.036105275 
181 39 9 10 0.036102306 
64 37 7 10 0.03610015 
49 8 7 9 0.036036305 
329 72 6 8 0.03586097 
82 7 7 8 0.035724353 
515 112 7 8 0.03557608 
107 61 7 10 0.035284165 
519 111 7 9 0.035227794 
710 166 8 10 0.03517551 
488 152 7 10 0.035134174 
804 244 12 16 0.035080142 
709 209 13 17 0.03496045 
534 160 8 9 0.034897078 
742 240 13 16 0.034831256 
-1 373 29 49 0.034830023 
493 608 39 49 0.034732156 
195 71 10 12 0.03468842 
249 110 9 11 0.034635074 
174 13 9 12 0.034557503 
704 165 8 10 0.034443654 
790 316 22 27 0.034437574 
93 62 8 11 0.03415177 
813 229 10 12 0.034138825 
169 87 8 11 0.034112923 
861 255 22 25 0.034036856 
449 118 8 9 0.03393999 
730 350 18 23 0.033912864 
565 181 11 14 0.033874497 
771 344 14 19 0.03374131 
412 404 17 23 0.033617485 
88 15 9 11 0.033616878 
359 79 8 10 0.033569887 
318 41 7 8 0.0334578 
672 177 8 11 0.033347536 
495 164 9 12 0.03326527 
127 61 8 11 0.03316268 
396 172 10 13 0.033072703 
560 162 17 23 0.033046253 
96 30 9 12 0.03267699 
78 63 8 10 0.03262315 
501 47 10 12 0.032574054 
545 207 24 32 0.03253993 
375 142 8 11 0.032529097 
245 72 8 11 0.03249791 
288 84 9 11 0.03242554 
181 402 27 48 0.032359034 
698 363 24 33 0.03222918 
184 85 8 10 0.032138664 
309 80 8 11 0.032095145 
610 153 7 10 0.032085717 
264 15 8 10 0.032041892 
501 322 27 33 0.031885482 
365 169 8 9 0.031823535 
876 251 45 55 0.031793986 
853 129 17 22 0.03162842 
415 167 8 11 0.03162499 
311 55 7 9 0.03160866 
478 134 8 10 0.031442605 
872 254 10 12 0.031425767 
314 40 7 9 0.031367853 
718 208 12 16 0.031319756 
302 103 17 22 0.031256307 
505 122 7 8 0.03119264 
490 551 26 38 0.031168768 
105 56 7 9 0.03104931 
708 218 13 16 0.031004582 
477 40 9 11 0.030961977 
727 184 10 13 0.030685738 
669 303 15 20 0.030632576 
13 43 9 11 0.030549198 
548 172 9 12 0.030508863 
119 55 8 11 0.030461483 
800 249 11 15 0.030343147 
125 85 8 12 0.03026954 
592 152 7 10 0.03004362 
336 95 7 9 0.030029207 
17 374 34 41 0.03000071 
905 249 16 19 0.02981523 
455 156 9 11 0.029680455 
656 344 19 31 0.029626032 
908 302 13 18 0.029618857 
792 208 11 14 0.029420307 
216 92 8 11 0.029413939 
112 8 8 10 0.029372463 
165 62 8 11 0.02925358 
678 173 9 11 0.029249374 
407 147 10 12 0.029092602 
509 359 39 45 0.029074533 
135 412 58 54 0.02907429 
50 39 8 10 0.029023336 
520 188 10 11 0.028963942 
353 86 7 9 0.02876782 
886 247 12 14 0.028676873 
431 143 18 23 0.028579859 
174 88 9 11 0.028547801 
532 316 27 40 0.028546423 
571 337 26 31 0.02852123 
149 3 234 250 0.02850121 
875 297 12 16 0.028483775 
806 250 12 16 0.028480396 
755 288 21 24 0.02846657 
845 265 15 18 0.028444437 
240 62 7 10 0.028412411 
691 369 17 22 0.028386606 
417 95 8 9 0.028218366 
457 127 8 10 0.028179968 
559 184 20 25 0.028096436 
103 7 8 10 0.028076986 
247 55 8 10 0.02807203 
552 199 10 12 0.027905166 
470 133 8 11 0.02788453 
129 16 8 9 0.027808046 
478 158 9 12 0.027718049 
614 153 7 9 0.02769312 
158 30 8 10 0.027647834 
781 311 20 26 0.027600918 
297 108 9 12 0.027598632 
314 62 7 9 0.027590195 
285 103 9 11 0.027561525 
733 256 16 21 0.02752332 
271 77 9 11 0.02751602 
78 32 8 10 0.027408917 
390 117 7 9 0.027400358 
600 152 8 9 0.027302297 
217 40 6 8 0.027276857 
764 305 16 21 0.027153311 
731 308 25 29 0.027135909 
39 40 7 9 0.027093645 
591 190 9 11 0.027040139 
319 46 8 10 0.027039018 
894 305 25 31 0.027012158 
883 252 16 17 0.02696318 
159 61 9 12 0.026945228 
488 132 7 10 0.026857065 
398 168 9 12 0.026848728 
62 48 8 10 0.026832324 
538 194 10 13 0.026726427 
901 288 15 18 0.026675519 
342 96 8 9 0.026663352 
101 30 9 11 0.026659368 
214 30 7 10 0.026579237 
278 124 9 11 0.026554119 
469 371 29 35 0.02643104 
199 48 8 9 0.026383381 
397 23 9 11 0.026258856 
799 279 12 15 0.026184745 
120 13 8 10 0.026146278 
763 295 17 21 0.026145527 
125 79 9 11 0.026139304 
571 201 23 29 0.026138358 
601 602 36 44 0.026056262 
899 302 42 50 0.02603134 
432 182 11 15 0.025914038 
479 142 8 11 0.025763215 
24 23 8 11 0.025752148 
650 203 11 15 0.025725016 
730 294 25 30 0.025698641 
460 379 29 37 0.025674427 
159 47 8 9 0.025661323 
636 316 12 15 0.025660392 
298 103 9 11 0.025625782 
619 262 16 24 0.025619298 
203 76 9 12 0.025609314 
773 199 21 24 0.02558607 
903 301 12 17 0.025541134 
223 423 31 40 0.025508204 
96 7 8 11 0.025479311 
239 112 9 10 0.025439216 
167 68 8 10 0.025338605 
94 56 8 9 0.025258081 
782 343 15 20 0.02524334 
748 214 10 14 0.02521726 
813 156 13 18 0.025084771 
477 356 25 36 0.02507646 
553 136 8 11 0.025048276 
99 418 63 64 0.025038982 
571 196 15 19 0.025021963 
804 314 16 19 0.025018163 
680 363 25 31 0.024903778 
378 218 466 461 0.024895262 
228 97 8 11 0.024886621 
181 13 9 12 0.02486386 
422 31 9 12 0.024692109 
117 61 8 11 0.024691613 
833 260 13 17 0.024598971 
280 94 10 12 0.024561213 
1005 309 12 15 0.02445923 
423 165 9 12 0.024426952 
640 160 7 9 0.024378978 
50 45 8 10 0.024361825 
231 48 7 8 0.024347356 
890 259 16 19 0.02429756 
295 72 7 10 0.024295101 
256 63 7 9 0.024277711 
536 579 34 44 0.024223506 
556 201 13 19 0.02421331 
159 24 6 8 0.024211941 
294 85 8 10 0.024200417 
258 70 8 10 0.02412899 
806 224 10 13 0.024128575 
160 14 8 11 0.02412478 
416 88 8 10 0.023993306 
593 135 7 9 0.023967529 
96 23 7 10 0.023933781 
460 405 28 32 0.023933746 
578 348 27 29 0.023923183 
871 238 10 12 0.023895705 
869 265 14 19 0.023890445 
198 55 8 9 0.023886206 
318 110 9 12 0.023829293 
329 111 17 23 0.023790535 
259 87 8 10 0.023763826 
489 167 9 11 0.023759438 
280 107 16 22 0.023692548 
0 28 7 11 0.023692321 
455 392 28 34 0.023688188 
71 32 7 10 0.023669254 
360 62 7 11 0.023665395 
688 221 11 14 0.023663536 
576 161 19 24 0.023630733 
550 161 8 10 0.023604827 
782 235 11 15 0.023585835 
78 96 8 11 0.023577536 
789 359 28 33 0.023562556 
249 117 10 11 0.023554115 
877 270 16 20 0.023538996 
455 119 8 10 0.023517525 
865 295 21 26 0.023502195 
860 231 10 11 0.02349462 
310 24 8 9 0.023474501 
537 311 17 25 0.023471376 
38 462 41 55 0.023447867 
835 334 24 31 0.023439026 
73 85 8 9 0.023438165 
391 148 9 11 0.023424853 
687 165 9 10 0.023406168 
550 112 8 8 0.023322126 
477 340 95 81 0.02331661 
823 233 21 23 0.023241887 
546 266 15 19 0.023213752 
401 386 18 22 0.02314446 
183 94 8 10 0.023143424 
573 119 8 10 0.023126744 
543 218 15 21 0.023074264 
761 199 18 23 0.022875287 
139 94 13 15 0.02281768 
589 235 13 16 0.022739565 
528 231 9 12 0.022702375 
861 312 14 20 0.022671402 
497 52 9 11 0.02265064 
822 293 14 19 0.022586277 
880 269 28 31 0.022573445 
665 204 12 16 0.022564903 
233 55 7 8 0.02255513 
644 262 22 28 0.022286126 
249 103 9 11 0.022278616 
521 176 19 24 0.02227588 
145 31 7 10 0.022262001 
738 252 13 17 0.022153549 
637 355 29 39 0.022114858 
663 363 32 36 0.022110887 
879 283 47 56 0.022097157 
753 118 100 110 0.021993348 
600 198 9 11 0.021988476 
269 65 8 9 0.02197613 
48 13 8 10 0.021873211 
581 196 11 14 0.02184575 
399 149 9 10 0.021833595 
303 71 8 10 0.0218321 
151 69 8 11 0.021831779 
845 283 15 19 0.021814551 
303 62 8 10 0.021775508 
663 164 8 10 0.02171095 
731 190 10 13 0.021693537 
318 100 11 13 0.021640567 
204 72 9 11 0.021628454 
368 116 9 11 0.021617176 
15 33 9 11 0.021606006 
125 6 10 12 0.021596715 
539 377 17 21 0.021569839 
594 250 12 16 0.021549894 
680 189 11 14 0.021544112 
855 295 20 26 0.021513628 
103 103 7 9 0.02151217 
505 166 8 11 0.02149007 
996 315 24 39 0.02146851 
812 299 15 18 0.02146303 
417 125 8 10 0.021460399 
201 87 19 24 0.021450639 
481 151 7 9 0.021433156 
641 192 19 23 0.0214321 
876 280 16 19 0.02143082 
152 8 9 10 0.021400336 
802 235 13 15 0.021373924 
329 122 10 12 0.02133281 
55 31 9 13 0.021315545 
796 340 29 37 0.021253211 
876 290 14 17 0.021228943 
607 143 7 9 0.021220526 
343 128 19 23 0.021196334 
423 174 8 11 0.021169223 
353 80 8 10 0.021125313 
137 62 9 11 0.021096976 
175 8 9 11 0.021087047 
754 131 9 12 0.021070741 
319 70 8 10 0.021043573 
30 1 9 8 0.021040099 
672 201 17 23 0.021024967 
217 46 8 10 0.021015134 
486 378 34 37 0.021014037 
611 126 7 10 0.021002121 
774 200 10 13 0.020970523 
247 95 8 10 0.02094927 
545 597 26 32 0.020941846 
147 38 8 10 0.020915996 
181 25 8 10 0.020915601 
447 127 8 11 0.020898115 
343 111 8 10 0.020889208 
96 102 8 10 0.020879839 
477 127 9 10 0.020870522 
120 48 8 10 0.020861616 
551 55 8 10 0.020810153 
314 411 31 35 0.020802708 
296 62 7 9 0.020742731 
782 282 12 16 0.020736678 
804 277 11 13 0.020672409 
175 93 8 10 0.020671105 
425 390 24 34 0.020636842 
894 277 16 20 0.02062018 
391 402 23 32 0.020523263 
828 251 15 17 0.020470787 
217 55 8 10 0.020463776 
248 47 8 10 0.020416513 
761 200 11 13 0.02040832 
242 75 8 11 0.020376442 
640 182 9 12 0.020305794 
845 312 24 32 0.020249283 
407 136 9 10 0.020244544 
384 104 8 10 0.02022804 
655 327 26 35 0.020227026 
497 422 25 36 0.020160375 
480 113 7 10 0.020147737 
111 13 8 10 0.020145703 
235 420 18 29 0.02005693 
