56_Voter_peoplevoting_56_459
42
243 90 32 48 0.99829775 
742 89 37 49 0.995116 
354 75 28 46 0.9934848 
864 89 31 43 0.9504934 
496 81 18 35 0.54966384 
86 43 21 40 0.5076109 
971 157 15 18 0.46398243 
634 97 35 35 0.29252216 
272 167 40 45 0.175732 
323 97 29 36 0.11727341 
389 151 37 38 0.09852608 
121 36 26 40 0.07408203 
757 373 10 13 0.068801895 
884 200 33 29 0.06335807 
820 140 14 15 0.052351795 
769 388 9 12 0.047156896 
993 111 9 11 0.04680422 
369 141 28 37 0.043497276 
859 70 27 49 0.040939488 
333 91 36 37 0.036955222 
49 269 10 13 0.035682455 
805 208 13 15 0.032220215 
740 357 10 13 0.032188885 
761 414 11 13 0.031420954 
965 150 15 17 0.031121176 
830 173 12 16 0.030375188 
159 252 8 11 0.030051703 
376 147 35 38 0.029997272 
744 316 9 11 0.029686809 
279 208 29 30 0.02955623 
779 136 18 21 0.028465793 
367 122 31 41 0.028310124 
760 334 9 11 0.027214766 
179 175 24 31 0.026042571 
833 170 17 21 0.02466854 
846 163 14 19 0.024140358 
544 478 28 28 0.023779407 
809 134 25 29 0.022799069 
628 89 27 37 0.021610618 
895 103 30 33 0.02063043 
803 189 25 29 0.020482484 
273 188 31 36 0.020172354 
