56_Voter_peoplevoting_56_663
131
490 295 50 64 0.9984717 
838 44 65 95 0.9951959 
668 144 42 44 0.97145927 
346 212 39 42 0.8606172 
197 195 12 18 0.7620976 
104 225 12 16 0.6651375 
13 224 10 13 0.22468092 
263 213 10 12 0.16900536 
7 221 10 13 0.15785055 
72 219 9 12 0.14548598 
233 180 10 14 0.13446823 
656 327 19 22 0.114553146 
1 218 10 16 0.10913843 
283 190 10 12 0.1065015 
54 246 12 17 0.10391375 
315 184 14 19 0.0986712 
3 236 11 13 0.088880226 
361 204 31 37 0.086206794 
39 227 10 13 0.085049644 
67 260 11 13 0.084658146 
89 260 9 12 0.0815271 
68 254 10 13 0.07557443 
171 143 18 23 0.074438855 
268 213 10 13 0.06933705 
45 223 8 10 0.062262375 
192 199 13 18 0.059217874 
88 236 10 13 0.057152547 
279 223 11 15 0.05559027 
93 227 15 18 0.05354964 
637 171 9 12 0.051663406 
307 188 23 31 0.050542463 
6 226 12 15 0.050377592 
64 268 9 13 0.050103497 
384 249 13 17 0.04833984 
96 147 9 10 0.04789509 
385 158 8 10 0.04772572 
278 272 9 12 0.04730191 
256 214 11 13 0.045971517 
75 215 11 14 0.045747258 
186 186 19 24 0.045276202 
181 190 16 20 0.04493205 
220 211 13 17 0.044554897 
957 433 47 67 0.044392135 
60 245 12 16 0.044267584 
733 189 15 18 0.04369879 
160 155 26 34 0.04361585 
46 251 15 17 0.04256933 
650 298 15 19 0.042429857 
16 236 9 12 0.04230321 
246 164 28 34 0.041156158 
63 239 11 13 0.03984339 
39 269 10 13 0.039762314 
71 228 9 12 0.038377613 
147 157 26 35 0.03728404 
53 238 11 14 0.03672354 
0 228 12 17 0.03491649 
153 246 8 11 0.034864113 
254 219 12 15 0.034440793 
152 133 40 54 0.033574432 
187 182 12 16 0.03302868 
429 235 14 18 0.03236489 
201 237 11 13 0.032281775 
316 188 24 35 0.032073118 
407 171 9 12 0.031925797 
156 167 14 19 0.031823475 
48 235 12 15 0.031815734 
92 217 20 24 0.031645607 
699 195 19 21 0.031435095 
46 230 10 12 0.031028494 
68 291 11 14 0.03089814 
763 262 12 14 0.030610295 
40 216 8 9 0.030352006 
66 221 9 11 0.030103065 
23 244 9 12 0.029847717 
201 199 13 19 0.029801069 
321 197 27 40 0.029682921 
33 228 9 12 0.02916939 
51 277 14 17 0.028568398 
376 206 18 25 0.027543051 
175 187 14 17 0.027525451 
124 145 44 56 0.026980782 
0 230 18 26 0.026588868 
326 209 11 17 0.026394146 
110 216 11 12 0.02637748 
172 193 15 17 0.02627884 
279 193 15 16 0.02580888 
33 269 10 12 0.025613124 
741 122 11 15 0.025596745 
101 245 10 13 0.0254381 
173 165 15 20 0.025391292 
323 203 41 53 0.025129132 
77 227 10 14 0.024989942 
698 114 18 24 0.024840318 
68 236 9 13 0.024595508 
309 209 12 14 0.02453413 
101 252 10 13 0.024345746 
7 218 19 23 0.024310254 
269 237 10 11 0.024283981 
42 258 15 18 0.02421108 
20 238 10 14 0.02417877 
165 162 15 21 0.02412524 
90 214 14 16 0.023839528 
125 237 10 13 0.023621801 
621 268 22 29 0.023370245 
180 181 15 20 0.02319635 
248 220 10 15 0.023053175 
870 294 164 260 0.022948656 
453 215 16 19 0.02288791 
316 199 14 19 0.022859337 
782 215 8 10 0.022744885 
231 173 19 28 0.022726448 
170 202 16 18 0.0226949 
53 232 9 11 0.022558112 
37 232 13 17 0.0225314 
33 206 8 10 0.022435322 
443 152 14 18 0.022383764 
413 205 13 19 0.02232616 
1 308 10 17 0.021927454 
313 174 22 31 0.02191436 
87 243 11 14 0.021715235 
94 245 10 13 0.021450229 
89 151 208 220 0.021382207 
61 255 20 24 0.021146452 
94 252 10 14 0.021034528 
49 250 23 27 0.020699253 
153 238 10 14 0.020634614 
56 271 12 14 0.020453427 
169 169 26 31 0.020402873 
66 246 11 13 0.020397836 
281 253 9 12 0.020297991 
671 126 33 39 0.020014474 
