56_Voter_peoplevoting_56_620
71
129 192 48 65 0.9987639 
289 201 34 50 0.99539965 
365 197 25 35 0.99244106 
816 140 37 55 0.97473043 
496 227 24 29 0.58854514 
345 240 26 31 0.44620213 
543 211 11 19 0.4100454 
528 217 12 16 0.21899918 
452 236 11 18 0.1621805 
250 250 16 21 0.14385264 
493 243 21 26 0.11499012 
445 238 15 23 0.10456014 
360 356 19 21 0.09843965 
478 234 12 18 0.089759946 
532 213 13 17 0.08831266 
549 216 13 17 0.07447901 
597 100 109 164 0.07028823 
456 257 11 15 0.06923073 
500 220 18 23 0.06753069 
614 237 10 13 0.06480036 
480 223 22 32 0.058860987 
421 344 14 16 0.05751917 
440 357 13 16 0.05538998 
453 276 12 16 0.051886383 
341 242 18 24 0.05153369 
368 206 32 39 0.050845914 
448 231 12 15 0.050191898 
555 150 14 17 0.046825383 
554 219 13 17 0.045019038 
476 255 10 13 0.042795505 
470 267 12 14 0.04167716 
483 226 14 19 0.0410229 
239 244 21 30 0.040880952 
823 131 29 39 0.039689083 
473 261 11 14 0.039351914 
574 236 14 17 0.038727876 
360 248 17 21 0.03828483 
438 239 16 24 0.036320843 
494 328 8 10 0.035759434 
415 190 11 15 0.035206925 
456 355 12 15 0.034627046 
238 241 14 21 0.03411109 
437 210 11 15 0.03398112 
495 212 12 16 0.030673316 
336 213 23 35 0.030601135 
486 269 11 16 0.030568285 
530 223 16 19 0.02960493 
251 227 14 17 0.028211508 
248 317 41 53 0.027882047 
187 346 16 18 0.027456133 
339 223 27 39 0.027311226 
471 241 13 17 0.027113102 
505 221 21 30 0.026951479 
826 131 18 23 0.025558729 
460 269 13 16 0.025450112 
447 229 20 28 0.02485081 
449 272 21 28 0.02415643 
502 281 24 32 0.023989988 
490 210 24 31 0.022478722 
465 260 22 27 0.022446917 
580 230 13 16 0.022361144 
242 231 22 30 0.022066092 
277 210 30 42 0.022001365 
487 249 13 17 0.021988792 
358 204 25 36 0.021858552 
546 207 21 28 0.021735556 
472 231 21 28 0.021439737 
534 217 22 27 0.021108652 
346 219 13 20 0.020814382 
734 208 9 11 0.020789282 
485 316 9 10 0.020641824 
