56_Voter_peoplevoting_56_558
629
645 278 55 77 0.99873585 
397 253 45 88 0.98539007 
835 277 20 26 0.9215661 
893 426 10 12 0.48753044 
984 87 7 10 0.3228499 
597 423 8 11 0.31160167 
-2 178 377 473 0.25037956 
902 352 9 11 0.19009677 
849 125 7 10 0.18103884 
216 351 7 10 0.17868195 
617 150 9 10 0.17186892 
941 105 9 10 0.17176436 
46 408 8 11 0.15329453 
241 352 7 10 0.1395295 
250 335 8 9 0.13689317 
15 408 8 11 0.13595955 
1005 102 7 10 0.13297915 
887 413 8 10 0.13134706 
921 400 7 9 0.12978074 
623 414 8 9 0.12642585 
960 111 8 11 0.12412321 
277 139 10 11 0.11926552 
949 71 9 11 0.11902161 
525 459 11 14 0.118331686 
627 136 8 10 0.1176636 
1004 95 8 10 0.115548156 
896 295 9 12 0.115542695 
618 368 7 9 0.115447566 
518 439 8 11 0.11499387 
936 419 8 11 0.11496711 
585 414 8 10 0.11453332 
913 416 8 11 0.112896085 
977 113 8 9 0.11104221 
519 385 7 9 0.11084662 
518 407 8 11 0.109657414 
518 413 8 10 0.10925483 
375 -47 411 479 0.108803876 
368 141 9 11 0.1057669 
1015 291 7 14 0.10553749 
882 335 7 10 0.105021246 
850 122 7 10 0.09758087 
209 343 7 10 0.096589014 
936 125 7 10 0.096387275 
471 408 10 13 0.09478126 
601 151 7 9 0.0942941 
694 151 8 11 0.09349612 
890 392 6 8 0.09330969 
1001 112 7 9 0.092601195 
967 87 7 9 0.09220266 
622 142 9 11 0.08828704 
317 140 9 11 0.08668925 
585 143 7 9 0.08631511 
48 398 7 10 0.08620829 
279 309 7 10 0.08567049 
249 327 8 9 0.08539693 
886 357 7 9 0.084854156 
169 344 7 8 0.0846182 
112 408 7 8 0.08375787 
918 373 7 9 0.083492644 
838 111 8 10 0.08135353 
952 389 7 9 0.07927655 
230 319 7 10 0.07858836 
949 87 8 10 0.07829796 
958 116 9 11 0.07814542 
919 318 7 9 0.07764467 
488 376 8 10 0.07705695 
490 421 7 10 0.0769453 
927 385 7 9 0.07615951 
1005 111 8 9 0.074696384 
921 405 7 9 0.07423992 
894 398 7 9 0.07416143 
962 383 7 8 0.07374012 
976 116 8 10 0.07363079 
903 319 6 10 0.07333787 
391 129 7 9 0.07328259 
297 143 8 10 0.07296051 
904 326 6 8 0.072781175 
1001 119 7 10 0.07243627 
519 400 7 8 0.071166284 
833 112 7 9 0.07091269 
950 136 9 11 0.07053177 
942 302 8 9 0.06933448 
407 136 7 9 0.06886458 
593 376 8 10 0.068294324 
528 424 8 10 0.068134665 
951 369 7 8 0.06791661 
266 326 9 11 0.067201264 
854 119 8 12 0.06671796 
34 370 6 8 0.066592544 
486 392 9 11 0.066528976 
64 366 8 10 0.065906666 
960 336 7 9 0.06577258 
991 78 7 9 0.065216385 
47 393 7 9 0.064898044 
569 401 7 9 0.063828245 
696 136 7 9 0.06359097 
194 128 14 18 0.063453734 
560 154 7 9 0.06331941 
1002 89 8 10 0.06300041 
674 149 9 11 0.06256759 
381 184 386 456 0.062372472 
272 321 7 10 0.061914984 
598 134 6 9 0.061197855 
293 292 8 11 0.061086662 
879 111 8 10 0.06009554 
591 428 8 11 0.060071763 
910 335 7 10 0.059965093 
839 80 7 9 0.05954739 
928 136 7 9 0.059488587 
951 385 7 9 0.059423234 
218 369 7 9 0.059392665 
889 408 8 12 0.05933483 
914 374 8 9 0.059251573 
961 104 8 9 0.05871394 
39 369 6 8 0.05791698 
392 150 7 10 0.05774943 
584 359 6 9 0.05757333 
96 372 7 10 0.057332408 
16 397 7 10 0.057210714 
374 136 8 9 0.057060804 
201 376 7 9 0.056982927 
569 144 6 8 0.05691594 
117 400 7 9 0.05689705 
618 145 7 9 0.056870837 
937 106 9 12 0.056430567 
295 149 8 10 0.055743773 
578 345 6 7 0.05567008 
608 143 6 8 0.055632364 
679 -60 384 459 0.05553313 
423 110 7 9 0.05545701 
885 375 8 10 0.05540144 
880 304 7 9 0.055241775 
904 94 8 10 0.05507122 
117 367 7 10 0.05451152 
600 382 8 9 0.053995162 
618 412 7 10 0.05368887 
514 383 7 10 0.053321216 
160 383 7 9 0.053309068 
946 70 8 9 0.05298241 
623 350 7 9 0.052827213 
618 350 7 9 0.0528134 
609 137 7 9 0.052550178 
960 376 7 9 0.052144226 
967 57 7 9 0.051776737 
234 375 7 9 0.05159195 
982 112 7 9 0.051440656 
416 104 7 8 0.051069357 
930 335 7 9 0.05096514 
327 247 25 42 0.050880037 
214 336 7 9 0.05057868 
881 310 7 9 0.050405134 
192 358 7 9 0.050349075 
553 329 7 9 0.050133556 
25 382 6 8 0.050032854 
885 352 8 10 0.049573224 
148 407 9 11 0.049492836 
695 143 8 10 0.049255364 
999 125 8 11 0.049218047 
638 150 9 11 0.049068138 
885 319 8 10 0.049039435 
568 413 8 10 0.049012944 
578 153 8 10 0.04870968 
678 142 9 12 0.04843006 
191 335 6 9 0.048396345 
104 392 6 8 0.04802673 
520 390 7 8 0.04778652 
575 400 8 10 0.047722936 
590 144 8 9 0.047462355 
977 375 8 9 0.047285683 
594 129 8 10 0.047017165 
936 367 7 9 0.046794694 
970 79 7 9 0.046402507 
634 384 8 10 0.046353564 
814 109 6 10 0.046053212 
984 62 7 9 0.04570397 
127 359 7 9 0.04547216 
296 309 9 11 0.045440752 
881 340 7 11 0.045302086 
23 376 7 9 0.04519647 
232 304 6 9 0.045078136 
223 367 8 9 0.044958804 
568 326 7 8 0.044907503 
766 120 7 9 0.044821154 
944 367 8 10 0.044780303 
230 342 7 9 0.04461271 
57 384 6 8 0.044465754 
210 349 7 9 0.044458497 
920 96 8 11 0.044428173 
310 113 7 8 0.044401523 
80 408 7 9 0.044393606 
984 104 7 9 0.04420298 
874 113 7 9 0.044145666 
216 326 7 9 0.04413978 
554 346 6 8 0.04375076 
471 367 6 9 0.043741435 
814 104 7 10 0.043508235 
41 374 7 9 0.043454386 
551 145 6 8 0.043442763 
58 366 7 9 0.043393895 
881 352 8 10 0.043382816 
477 408 8 11 0.04336871 
946 65 6 8 0.043069825 
10 398 6 8 0.043001577 
865 135 7 9 0.04259348 
231 336 7 8 0.042539194 
966 111 7 10 0.042528823 
929 413 8 11 0.04227317 
313 136 9 12 0.04218515 
881 439 9 10 0.04198188 
936 340 7 10 0.041958284 
983 92 8 10 0.041952077 
224 359 8 9 0.04185996 
816 125 6 9 0.041806508 
673 127 7 9 0.041687872 
501 460 16 17 0.04167929 
837 341 8 10 0.04159276 
765 320 11 15 0.041587643 
494 416 7 10 0.04133063 
218 373 7 10 0.04108118 
250 340 8 10 0.04105281 
606 152 8 10 0.04095608 
210 397 7 9 0.040940516 
898 320 7 9 0.04093911 
934 286 7 9 0.040788755 
577 134 7 9 0.04053364 
946 383 7 9 0.040438604 
781 332 10 13 0.040164143 
766 127 7 8 0.040010802 
511 375 7 9 0.039940767 
23 360 6 8 0.039760347 
297 119 7 9 0.039692715 
872 128 8 10 0.039360058 
919 301 8 10 0.039326537 
577 129 6 8 0.03926944 
582 151 7 10 0.039241433 
918 416 8 10 0.039149996 
912 113 8 10 0.039127957 
560 345 6 8 0.03894977 
626 128 7 10 0.038830675 
991 105 7 8 0.038809963 
184 382 8 10 0.038788393 
216 356 7 9 0.038719166 
873 406 8 11 0.038624424 
745 318 9 12 0.038513485 
671 173 10 12 0.038386077 
537 337 7 9 0.03828233 
929 286 8 9 0.038246512 
679 136 7 9 0.03823673 
609 172 9 12 0.038231082 
881 327 8 10 0.0378488 
926 80 7 10 0.037695438 
870 97 7 10 0.037613466 
762 119 7 9 0.037554875 
934 336 7 10 0.037467007 
794 113 6 8 0.037239693 
328 120 7 8 0.037226867 
562 129 7 8 0.03722074 
352 112 6 7 0.03696667 
9 369 6 9 0.036926072 
0 390 7 10 0.036886003 
88 342 7 9 0.03678634 
104 375 7 9 0.03648456 
511 343 7 9 0.03645151 
253 342 8 10 0.03633134 
567 129 6 8 0.03628608 
944 340 7 10 0.03610611 
886 381 7 9 0.036103275 
134 397 8 9 0.0359391 
689 157 11 13 0.035932593 
605 157 9 10 0.035825107 
407 118 7 9 0.035703894 
966 94 8 10 0.035595007 
520 421 8 11 0.03558339 
544 342 6 9 0.035379637 
280 126 8 10 0.035337802 
8 392 7 9 0.035330877 
545 149 8 10 0.03526474 
488 359 7 9 0.035263952 
1007 48 8 10 0.035191834 
879 399 7 10 0.034955326 
144 368 7 9 0.03491769 
962 95 9 10 0.03490856 
629 128 8 11 0.03490549 
598 346 7 8 0.034877643 
591 334 7 9 0.03483206 
992 73 7 8 0.034349643 
241 319 6 9 0.034252293 
378 120 6 8 0.034174237 
905 334 8 10 0.034132212 
894 393 7 9 0.034082957 
213 398 7 10 0.034067996 
929 64 7 9 0.034009766 
103 359 7 8 0.033961568 
1008 79 7 9 0.033733327 
885 326 8 10 0.033732183 
507 344 6 8 0.033700477 
537 352 6 9 0.03367974 
303 137 7 10 0.033586804 
104 351 6 9 0.033564135 
872 117 7 10 0.033498097 
216 320 6 9 0.033255663 
99 393 6 9 0.033202615 
560 360 6 7 0.033109386 
968 117 8 10 0.03308293 
495 305 7 8 0.032920122 
914 368 7 10 0.03290128 
570 383 8 10 0.03285209 
383 118 7 10 0.032661326 
301 141 8 11 0.03265251 
248 128 10 11 0.03259187 
911 341 7 9 0.032562505 
951 327 7 9 0.032490157 
992 111 6 8 0.032438107 
904 86 9 11 0.03235701 
536 360 6 8 0.032269698 
110 345 7 8 0.03214389 
697 129 7 8 0.032053456 
10 407 8 12 0.03203352 
582 136 6 8 0.031838346 
950 426 9 10 0.031788334 
408 112 7 9 0.03171454 
209 393 7 10 0.03164825 
904 365 7 9 0.031509805 
614 393 8 9 0.031323895 
966 103 7 9 0.031258952 
117 406 7 9 0.031210687 
961 342 7 8 0.031122774 
537 368 6 7 0.031065382 
214 391 7 10 0.031064074 
226 320 7 9 0.03098538 
192 -49 416 467 0.030939912 
135 375 7 9 0.030764772 
601 409 8 9 0.030682165 
872 79 7 9 0.030661525 
502 415 7 9 0.030613886 
520 360 6 8 0.030581584 
89 368 6 8 0.030578956 
482 396 9 12 0.030459883 
759 323 11 14 0.030284092 
899 326 7 9 0.030283973 
777 120 7 9 0.030235343 
871 391 7 8 0.030131249 
231 311 7 9 0.03012163 
168 350 7 8 0.03007313 
633 157 8 10 0.030030856 
359 122 7 9 0.030025154 
302 125 8 9 0.029995179 
889 295 9 11 0.029969867 
894 104 8 10 0.029901143 
190 377 7 10 0.029833056 
298 136 7 10 0.029807825 
950 77 9 11 0.029713558 
466 405 11 14 0.029657636 
86 384 7 8 0.029625485 
797 119 7 9 0.029599523 
161 360 6 9 0.029558936 
462 335 7 9 0.029556703 
402 120 6 8 0.02952454 
344 111 7 8 0.029508546 
205 375 8 10 0.029456053 
910 350 7 10 0.029442227 
514 400 7 9 0.029421909 
214 343 7 9 0.029411495 
150 344 7 9 0.029336756 
900 300 8 12 0.029301604 
889 423 11 13 0.029271707 
889 104 7 10 0.029262127 
792 154 8 9 0.029138763 
582 104 6 9 0.029085854 
943 359 6 8 0.02895755 
893 434 11 13 0.028951595 
926 407 7 10 0.028848682 
903 408 7 9 0.028825674 
191 398 8 10 0.028717149 
816 120 6 9 0.028665772 
582 157 8 10 0.028598003 
927 142 8 10 0.028576022 
567 151 8 10 0.028499924 
423 105 6 9 0.02847363 
110 391 7 9 0.028424468 
209 336 7 8 0.028300045 
975 127 8 10 0.028181547 
186 376 7 10 0.028171742 
601 144 6 8 0.028163727 
544 368 6 8 0.028151553 
592 149 8 10 0.028053736 
944 374 8 9 0.028024778 
40 359 6 8 0.027964817 
639 145 7 9 0.027960168 
952 374 7 9 0.027913192 
530 367 6 8 0.027856506 
535 320 7 9 0.02781047 
521 343 6 9 0.027746063 
741 126 8 9 0.027691182 
322 111 7 9 0.027656687 
367 121 7 8 0.027579924 
638 366 8 10 0.027473232 
542 192 9 11 0.027397152 
144 375 7 8 0.027392184 
685 183 11 12 0.0273352 
974 77 7 10 0.027200291 
614 136 6 9 0.027191648 
70 376 7 9 0.027176777 
590 414 9 11 0.027141048 
890 397 8 10 0.027113453 
265 295 7 10 0.026983717 
1005 118 8 11 0.026950786 
582 345 7 8 0.026899112 
567 321 8 9 0.02689174 
202 380 7 10 0.0267549 
505 295 8 10 0.026731065 
606 384 7 9 0.026634144 
722 119 8 10 0.026610078 
569 406 8 10 0.02654782 
598 416 10 13 0.026536245 
231 367 7 8 0.026526706 
80 359 7 8 0.026499677 
319 126 7 9 0.02648937 
879 78 7 10 0.026485296 
929 359 7 9 0.026460394 
993 120 7 9 0.026431408 
399 128 7 8 0.026397219 
954 400 8 9 0.026283206 
190 343 7 8 0.026186747 
264 150 9 12 0.026138509 
561 136 7 8 0.026088126 
718 135 7 10 0.02601767 
538 383 7 9 0.026004633 
352 143 7 9 0.02590851 
930 367 7 9 0.025898792 
936 358 7 9 0.025870387 
513 336 7 8 0.025860928 
983 117 7 9 0.025857097 
528 375 7 9 0.0258297 
18 368 6 9 0.025806647 
986 80 7 10 0.025795976 
23 391 8 9 0.025787892 
153 336 6 8 0.025782427 
175 336 6 8 0.025781756 
975 73 7 9 0.025768327 
601 157 9 11 0.025509905 
695 232 395 422 0.025290444 
609 391 8 10 0.025273914 
833 336 8 11 0.025058199 
511 129 7 8 0.025033908 
615 127 6 9 0.025026463 
865 145 8 9 0.024956482 
520 335 6 9 0.024942206 
984 57 7 9 0.024924934 
534 143 6 8 0.024907226 
913 318 8 10 0.024893934 
232 392 8 10 0.024886204 
623 345 7 9 0.024822148 
23 367 7 10 0.024727803 
866 96 7 9 0.024703415 
82 367 7 8 0.024648549 
975 135 8 9 0.024637584 
911 382 7 9 0.024627803 
246 133 11 15 0.024600249 
880 295 7 10 0.02448568 
950 66 7 8 0.024439046 
885 312 8 9 0.02442418 
622 372 7 10 0.024400955 
994 127 8 9 0.02435865 
46 376 7 8 0.024335431 
245 350 9 11 0.024298504 
848 375 9 9 0.02409489 
899 334 7 9 0.024092661 
856 146 8 9 0.024027428 
520 367 6 7 0.024004908 
617 372 8 9 0.023949603 
201 366 7 9 0.023897303 
912 286 7 9 0.023862815 
831 117 8 10 0.023797086 
519 327 6 8 0.023717048 
590 409 8 9 0.023708856 
1008 71 7 8 0.023678942 
895 376 7 9 0.023639003 
200 329 6 8 0.023608556 
855 112 7 9 0.023598567 
408 141 7 10 0.023590308 
128 476 35 30 0.023532068 
215 304 6 8 0.023525855 
67 374 7 9 0.023477882 
703 127 7 9 0.023476811 
513 359 6 8 0.023359146 
231 325 7 9 0.02329315 
578 424 7 9 0.023292027 
192 353 6 8 0.023284657 
902 312 7 9 0.023264596 
647 368 7 10 0.023241654 
481 368 6 8 0.023240786 
7 385 7 9 0.023188464 
768 95 7 8 0.023178283 
544 351 6 8 0.023121951 
216 406 8 11 0.023112409 
929 119 8 10 0.023102798 
751 151 8 11 0.023057127 
489 312 7 9 0.023036495 
478 120 8 10 0.023023177 
967 377 7 9 0.023009766 
113 362 6 7 0.022990584 
505 375 8 9 0.022979965 
929 328 6 8 0.022939816 
279 317 9 10 0.022861818 
519 144 7 8 0.022850187 
384 127 8 11 0.022820186 
839 117 8 10 0.022789942 
399 104 7 8 0.02276083 
386 151 7 9 0.022756599 
287 150 9 10 0.022711542 
595 345 6 8 0.022699885 
303 121 7 9 0.022653554 
712 149 7 10 0.022644436 
361 105 7 8 0.02259256 
935 383 8 9 0.022535298 
958 398 7 10 0.022516526 
136 369 6 8 0.022464193 
352 121 8 9 0.022456352 
49 352 7 9 0.022450203 
761 316 12 15 0.022446062 
961 312 8 9 0.022441858 
546 304 7 9 0.022431439 
953 286 7 8 0.022423381 
942 352 7 9 0.022380035 
638 103 8 11 0.022322105 
304 104 8 10 0.022312663 
151 399 8 10 0.022309862 
376 622 56 51 0.022296451 
307 111 7 9 0.022271523 
208 361 7 9 0.022234442 
230 360 8 9 0.022218885 
1001 49 7 9 0.022156535 
905 343 8 9 0.022141788 
214 422 7 9 0.02213768 
264 302 7 9 0.022126717 
545 360 6 8 0.02209143 
679 127 7 9 0.022038504 
286 127 7 9 0.02201654 
288 112 8 10 0.0220057 
504 406 8 10 0.02199651 
320 120 7 9 0.021917282 
879 129 7 9 0.021912426 
487 336 7 9 0.021900412 
529 350 6 8 0.021899391 
240 336 7 9 0.021894805 
536 173 12 14 0.021888606 
253 328 7 9 0.02172594 
312 300 11 13 0.021707902 
279 119 8 10 0.021694684 
552 150 7 9 0.021694317 
314 127 7 9 0.021686623 
131 374 7 9 0.021661649 
863 119 7 10 0.021608224 
367 110 6 9 0.02145295 
939 302 7 9 0.021420248 
584 422 8 11 0.021397924 
160 328 6 8 0.021395538 
581 129 7 8 0.021365067 
543 389 7 8 0.021338306 
399 143 7 9 0.021334836 
922 391 7 10 0.021302545 
920 85 8 10 0.021259015 
608 398 8 10 0.0212472 
713 143 8 10 0.021244446 
969 328 7 9 0.02122813 
273 126 9 10 0.021206902 
144 382 7 9 0.021159384 
558 424 8 9 0.021147108 
275 309 8 11 0.021146482 
562 398 8 10 0.021130951 
636 335 9 11 0.021129197 
882 381 8 10 0.021107893 
222 375 8 9 0.021102948 
354 137 7 9 0.021096509 
594 351 7 8 0.02108678 
359 136 7 10 0.021029575 
535 407 7 10 0.020987917 
192 329 7 9 0.020984769 
121 335 7 9 0.020875948 
950 93 8 10 0.020855939 
966 366 8 9 0.020839712 
560 143 7 9 0.020809494 
849 71 6 8 0.020796468 
30 385 7 9 0.020767419 
846 365 9 11 0.020685663 
494 360 7 9 0.020671463 
402 135 7 9 0.020658342 
200 393 7 9 0.02064488 
767 134 7 10 0.020644493 
391 96 7 9 0.020628786 
18 383 7 8 0.020609094 
233 349 7 10 0.020606918 
537 375 7 8 0.020604726 
517 460 13 15 0.020593634 
246 320 7 9 0.02058449 
960 317 8 9 0.020468278 
89 401 6 8 0.020443615 
992 366 7 9 0.020442987 
935 327 7 9 0.02043689 
714 136 8 10 0.020426104 
947 135 8 10 0.020412285 
782 120 6 9 0.020402767 
530 361 6 8 0.020402731 
183 367 7 8 0.020396069 
704 120 7 8 0.020360714 
486 341 7 10 0.020285958 
185 360 6 8 0.020269675 
630 141 9 11 0.020247972 
616 154 10 12 0.020223884 
129 391 8 10 0.020210477 
589 438 8 12 0.020206947 
543 384 7 9 0.020186245 
494 377 7 10 0.020164486 
919 296 8 10 0.020161223 
441 161 7 9 0.02015786 
943 400 7 8 0.020151988 
313 149 8 11 0.020124394 
625 422 8 10 0.020122865 
439 165 7 10 0.020116791 
417 111 8 9 0.020109197 
473 327 7 10 0.020106684 
506 350 7 10 0.020101978 
519 320 6 9 0.020097418 
687 126 7 10 0.020096961 
623 392 8 9 0.020096732 
833 97 6 8 0.020039162 
574 405 8 10 0.020038474 
633 389 8 10 0.020024741 
