56_Voter_peoplevoting_56_441
858
218 252 93 141 0.9959371 
989 607 13 17 0.9098905 
900 558 13 17 0.8148102 
978 648 15 20 0.7931467 
834 429 10 12 0.7031301 
901 484 14 16 0.64560515 
854 531 12 17 0.6373281 
720 499 10 13 0.58039117 
773 556 9 12 0.56554407 
835 510 11 15 0.5387449 
791 500 12 14 0.4735622 
828 376 10 12 0.4556563 
492 535 58 64 0.45295772 
621 472 9 12 0.44274208 
873 595 14 18 0.4378407 
987 674 23 31 0.41381377 
821 351 7 10 0.40356275 
819 590 13 15 0.39968148 
741 548 11 13 0.3975518 
909 428 11 15 0.39545295 
972 512 12 16 0.39505368 
815 408 9 11 0.3832075 
686 334 11 13 0.3554886 
795 529 12 16 0.3355331 
964 494 11 14 0.3314214 
843 406 11 15 0.32977882 
961 543 11 15 0.29774562 
924 565 11 13 0.28652152 
883 486 9 12 0.26157108 
734 416 8 10 0.2593138 
964 380 10 13 0.25495547 
952 395 8 11 0.25156507 
712 531 11 13 0.24172841 
822 469 9 10 0.23330802 
950 438 10 14 0.23150638 
1015 380 8 13 0.23107968 
929 523 9 11 0.22904405 
778 327 8 10 0.22861996 
942 358 8 11 0.22479226 
725 526 11 14 0.2215566 
757 513 9 11 0.22037804 
814 510 9 11 0.21693744 
717 530 13 15 0.20497683 
673 358 9 11 0.20415862 
986 577 13 15 0.19194087 
584 476 12 13 0.19060838 
690 470 9 12 0.18379223 
799 390 8 11 0.18160662 
440 369 7 9 0.18042892 
759 367 9 12 0.17921624 
1014 494 8 12 0.17920752 
700 544 9 12 0.17895806 
793 477 9 11 0.17858797 
733 565 10 12 0.17813365 
760 472 9 12 0.17788418 
1008 526 12 16 0.17777635 
630 437 8 9 0.17721966 
985 539 11 13 0.17513566 
460 358 9 12 0.16804631 
790 459 8 11 0.16158275 
1001 590 11 13 0.16095003 
761 371 9 11 0.15650584 
840 391 9 11 0.1557897 
720 454 9 12 0.15569463 
912 534 11 14 0.15058258 
868 240 9 11 0.15022112 
972 398 10 14 0.14790347 
746 399 7 10 0.14380494 
758 414 8 10 0.14256985 
677 461 8 10 0.13799188 
736 490 9 12 0.13648443 
907 487 13 16 0.13369809 
847 351 8 10 0.13286982 
332 324 10 12 0.13252252 
999 437 10 13 0.13249941 
806 431 7 11 0.13195653 
800 336 9 11 0.13117076 
982 407 9 11 0.13065656 
953 312 7 9 0.12960666 
784 419 8 11 0.12611549 
777 368 7 10 0.1242663 
704 557 9 12 0.1232167 
354 383 15 19 0.119982824 
749 551 8 10 0.1187818 
754 457 7 9 0.11875417 
914 400 9 12 0.11760533 
25 372 52 61 0.11704606 
725 476 9 11 0.11558756 
760 406 8 10 0.11504465 
791 550 10 13 0.1150211 
799 304 8 10 0.113852024 
791 473 9 11 0.113287054 
991 366 8 11 0.11196231 
799 472 8 10 0.110996865 
998 445 9 13 0.10961847 
841 398 8 10 0.109222576 
951 423 10 13 0.10859374 
909 469 10 12 0.10800621 
726 405 9 10 0.10673942 
961 375 9 13 0.10627971 
901 590 13 15 0.10584241 
958 388 10 14 0.1056223 
657 473 9 12 0.10470914 
993 446 10 14 0.10380331 
820 489 14 17 0.10307251 
738 544 10 13 0.10257644 
915 577 14 18 0.10249106 
924 502 10 14 0.102049544 
792 375 8 9 0.099398404 
894 508 11 13 0.09900791 
684 487 10 12 0.09874122 
789 405 8 11 0.09781425 
866 390 9 12 0.097715795 
745 464 8 10 0.09757408 
994 352 7 9 0.097356565 
823 392 8 10 0.09730714 
768 552 12 14 0.09720104 
723 495 10 12 0.09509566 
862 359 9 12 0.09376666 
694 523 9 12 0.09350647 
855 598 10 13 0.09271021 
694 359 8 10 0.09225907 
991 431 8 10 0.091421895 
757 456 7 9 0.09022551 
946 444 11 14 0.09021196 
932 519 10 13 0.0901874 
821 334 8 10 0.08993031 
871 344 9 11 0.08898077 
626 437 8 10 0.08846217 
840 342 8 10 0.08830813 
832 536 11 13 0.08820891 
808 375 8 11 0.087597795 
824 296 8 10 0.08616448 
706 351 7 9 0.085652456 
796 496 10 13 0.08533928 
999 317 9 11 0.08521484 
1014 319 8 11 0.08513679 
681 334 10 12 0.08449895 
937 352 8 10 0.084438294 
993 406 9 13 0.08412215 
865 351 8 9 0.08408788 
676 469 11 14 0.08380087 
807 380 10 12 0.0837525 
721 406 8 10 0.08330034 
831 464 8 10 0.08227155 
858 524 13 16 0.082250066 
863 334 8 10 0.0811001 
809 408 9 11 0.08109498 
1006 388 9 12 0.08091986 
880 308 11 13 0.0806491 
288 254 7 10 0.07960111 
863 327 8 11 0.07919603 
740 487 10 12 0.078900285 
801 431 8 11 0.07879539 
783 390 7 8 0.07750102 
962 366 8 10 0.07749764 
775 454 8 11 0.07744845 
985 358 8 10 0.076967575 
884 490 10 14 0.07669692 
704 399 8 10 0.0764928 
814 376 8 11 0.076323316 
818 344 7 9 0.07629561 
760 401 8 9 0.07620022 
805 588 12 14 0.076078124 
681 489 10 14 0.0754662 
785 457 8 11 0.075201534 
1006 534 12 16 0.07498746 
751 461 9 11 0.07401114 
841 303 7 9 0.073642775 
447 345 7 9 0.07324129 
744 476 9 11 0.07271022 
758 384 8 10 0.07259683 
992 357 9 11 0.07207716 
814 429 9 10 0.071869805 
793 309 8 10 0.07178972 
780 555 11 13 0.07162705 
704 405 7 9 0.07153192 
1014 413 8 12 0.0713544 
724 399 10 12 0.07125003 
663 446 7 9 0.0709973 
991 335 7 10 0.06925132 
1009 383 8 12 0.06905423 
417 229 9 11 0.06899807 
899 530 13 19 0.06864724 
997 358 10 12 0.06853432 
807 461 9 11 0.06852852 
956 440 9 11 0.06834228 
800 369 7 10 0.06786906 
959 358 9 11 0.067783736 
978 311 7 10 0.06774959 
813 248 8 10 0.06773215 
976 461 8 11 0.06770219 
800 352 9 11 0.06745635 
722 449 7 9 0.067440905 
808 412 8 12 0.06743926 
712 336 8 9 0.06699215 
504 350 8 11 0.06697711 
744 470 8 10 0.0666218 
926 589 12 15 0.06540848 
921 269 9 11 0.06538319 
761 556 10 12 0.0653735 
992 490 11 15 0.06498938 
711 312 8 9 0.06462289 
763 295 7 9 0.064293735 
805 351 8 10 0.06379661 
305 103 399 472 0.06364422 
769 525 9 12 0.063108474 
996 511 9 12 0.06298727 
783 476 9 11 0.062778965 
999 432 8 11 0.062719285 
975 281 7 9 0.062679216 
705 345 7 9 0.062375855 
793 368 7 10 0.06216626 
745 359 7 8 0.06200425 
785 384 7 9 0.061636 
711 358 7 9 0.06087199 
875 579 14 18 0.060357492 
775 342 8 10 0.060242634 
878 348 8 11 0.06000505 
903 423 10 14 0.059779577 
820 407 8 11 0.05941527 
718 415 7 9 0.059164688 
719 359 7 9 0.05891901 
990 478 10 13 0.05877926 
822 356 8 10 0.05850747 
953 270 9 11 0.058485124 
775 403 9 11 0.058475077 
753 360 7 8 0.058140967 
880 262 10 12 0.058100168 
782 343 7 9 0.058057453 
862 409 9 11 0.057877276 
1014 407 8 11 0.0578436 
850 445 9 12 0.05727896 
977 326 9 10 0.05726431 
985 335 7 9 0.056687783 
703 564 12 15 0.056681283 
783 400 9 11 0.056409877 
695 319 9 10 0.056296695 
1014 367 8 12 0.056275103 
789 421 8 10 0.05619948 
916 537 11 14 0.056195766 
712 485 8 11 0.05546785 
890 516 9 12 0.055421576 
902 414 9 12 0.054857835 
810 247 7 9 0.054623943 
832 320 10 13 0.054417916 
776 416 8 11 0.054119 
753 326 8 10 0.05405984 
749 400 8 10 0.05393007 
434 367 7 9 0.053635668 
902 405 9 11 0.053468347 
806 325 8 10 0.05297213 
953 351 8 11 0.05273424 
744 376 7 9 0.051997498 
951 357 8 11 0.0519023 
766 368 8 10 0.051784415 
941 546 11 14 0.051777437 
942 352 8 10 0.05173679 
958 422 10 13 0.051427346 
799 373 8 10 0.051276524 
955 670 12 17 0.050984174 
957 352 8 11 0.050961267 
1004 437 11 14 0.050518032 
720 478 9 12 0.050372895 
966 413 9 11 0.050333526 
776 333 8 12 0.050294556 
977 319 8 10 0.05027421 
704 304 8 10 0.050068937 
614 447 9 10 0.049974374 
777 478 8 11 0.04959374 
800 384 9 11 0.049519785 
755 366 8 10 0.049340233 
796 484 9 11 0.04920181 
985 365 9 11 0.04916722 
841 337 7 9 0.049144067 
734 313 7 9 0.048898593 
974 344 7 9 0.048664715 
1008 493 11 15 0.048579127 
946 423 9 13 0.04853064 
982 326 7 10 0.048517622 
857 380 9 11 0.04824137 
639 429 8 10 0.04809299 
663 442 7 8 0.048065852 
839 366 8 11 0.047929775 
776 351 7 9 0.04761781 
677 456 8 10 0.047605917 
646 463 8 9 0.04752076 
784 500 12 15 0.047286328 
905 563 13 15 0.04692973 
993 437 9 12 0.046877906 
886 481 9 12 0.046800274 
990 484 11 15 0.04645089 
1001 280 9 11 0.04638612 
880 303 10 12 0.04631995 
989 269 9 10 0.04602645 
724 454 9 11 0.04590568 
775 359 8 9 0.045863062 
821 344 8 9 0.045820367 
799 280 7 9 0.045758884 
939 604 14 16 0.045657396 
807 632 13 17 0.045571484 
842 351 7 10 0.04533295 
838 324 8 11 0.045298316 
814 500 11 14 0.04528724 
995 319 7 10 0.04522086 
981 310 8 10 0.045214582 
915 484 13 16 0.045165744 
688 518 10 14 0.045137268 
970 281 8 10 0.045083284 
786 404 8 11 0.045025777 
977 508 13 17 0.04484399 
802 413 9 12 0.044841498 
957 310 8 10 0.04461113 
498 287 7 10 0.04458189 
673 455 8 11 0.04453829 
722 473 8 9 0.044283062 
768 336 8 10 0.044131294 
367 361 7 10 0.04398775 
945 450 11 14 0.043794252 
966 489 11 13 0.043763857 
1008 519 11 15 0.043740537 
845 398 9 12 0.043668937 
918 421 9 13 0.043619365 
904 267 9 11 0.04359756 
1015 309 8 11 0.043506596 
729 312 8 10 0.043169998 
758 461 8 11 0.042980418 
362 366 8 9 0.042898677 
905 477 14 17 0.04276881 
824 248 7 9 0.042496786 
765 477 8 10 0.042486038 
728 560 9 12 0.04247702 
727 377 7 8 0.042470817 
854 444 10 13 0.04229692 
951 335 7 10 0.04228178 
744 448 8 9 0.042236775 
806 302 8 11 0.042190697 
818 263 7 10 0.04210814 
999 468 11 14 0.04189357 
1006 279 8 10 0.04170883 
799 455 8 10 0.041546877 
816 485 11 14 0.041394543 
716 319 8 10 0.04131818 
816 463 9 11 0.04125642 
813 514 11 14 0.041140605 
761 319 8 9 0.04080373 
969 403 11 14 0.04076461 
728 328 7 9 0.04072241 
912 574 12 16 0.04059641 
991 342 8 10 0.04053067 
609 457 9 10 0.040392626 
898 246 8 10 0.040320408 
767 400 8 10 0.04020703 
774 486 9 11 0.040205915 
1006 470 9 12 0.040190402 
945 342 8 10 0.039982148 
1000 312 9 10 0.03992417 
854 407 10 13 0.039922964 
596 312 8 10 0.03990509 
1004 597 12 14 0.039820537 
797 287 8 10 0.039751515 
758 328 7 9 0.039724886 
769 453 8 10 0.039672453 
830 468 9 11 0.039648943 
993 515 11 13 0.039487284 
857 336 8 10 0.039187517 
794 318 9 11 0.03908558 
726 381 8 9 0.038925055 
425 280 6 8 0.038923774 
911 268 9 11 0.03885877 
846 356 9 12 0.038770653 
753 514 10 12 0.03876964 
930 595 15 16 0.038743265 
805 341 8 10 0.038667243 
1014 498 9 14 0.038661428 
982 389 10 13 0.038557213 
1000 389 9 12 0.03855592 
927 325 10 11 0.038484223 
838 383 9 11 0.038467523 
917 492 11 14 0.038369786 
688 368 8 9 0.038346674 
441 344 7 9 0.038311835 
758 360 7 9 0.038271606 
1013 228 9 14 0.038259357 
929 350 8 11 0.038202934 
734 408 7 9 0.038089503 
906 584 15 18 0.038013943 
407 318 7 10 0.037970837 
754 384 8 10 0.03781332 
770 342 8 9 0.0377593 
912 375 10 12 0.03758886 
759 551 9 11 0.037537117 
847 271 8 10 0.03742594 
480 360 8 9 0.037376866 
400 233 7 9 0.03732978 
759 335 7 9 0.037293427 
488 345 6 8 0.03712111 
989 289 8 9 0.037105583 
845 365 10 12 0.036924526 
658 440 7 10 0.036693797 
1006 398 8 11 0.03669223 
790 400 8 10 0.036676597 
940 380 12 15 0.03665836 
713 415 8 9 0.036620542 
917 415 10 13 0.036585387 
445 368 7 9 0.03656665 
656 447 7 9 0.03636682 
808 493 11 14 0.03619295 
710 352 8 10 0.03604744 
757 486 11 13 0.036027476 
815 424 8 10 0.035982445 
916 469 11 14 0.03594683 
369 279 7 9 0.035896912 
821 264 8 9 0.035867043 
753 335 7 9 0.035864048 
377 273 7 10 0.03578513 
960 342 8 9 0.035762098 
745 320 7 8 0.035666946 
863 497 9 11 0.03558339 
769 486 9 11 0.035548043 
862 382 9 10 0.035515707 
746 403 8 11 0.03547675 
801 408 8 11 0.035444736 
965 386 11 14 0.03537127 
932 492 10 13 0.035159238 
506 345 6 9 0.035081208 
694 340 9 10 0.035022188 
824 329 7 10 0.034983896 
1015 461 9 13 0.034623045 
881 480 9 13 0.034550507 
703 454 8 10 0.03452483 
890 370 14 18 0.034477778 
817 479 10 13 0.03442943 
719 483 9 12 0.034381628 
975 262 8 10 0.03425294 
973 501 12 16 0.034167267 
718 327 8 9 0.034110148 
679 365 8 10 0.034108907 
734 318 7 9 0.034099437 
696 383 7 9 0.033991307 
919 561 19 24 0.033848386 
847 336 7 10 0.033803772 
873 334 8 10 0.03376505 
862 321 8 10 0.033760265 
976 626 11 15 0.033716843 
458 363 7 10 0.033690557 
842 272 8 10 0.033675924 
480 311 6 8 0.033607837 
789 591 47 56 0.033604942 
1016 358 8 12 0.03355664 
834 455 9 12 0.033543687 
831 503 11 14 0.033409614 
990 372 9 11 0.03333883 
1013 324 9 12 0.033309147 
712 317 9 11 0.033119377 
702 463 8 10 0.033061516 
711 293 10 11 0.03282813 
370 230 8 11 0.032809313 
719 335 7 9 0.03271978 
968 459 9 12 0.03260644 
919 525 10 12 0.032601345 
1001 532 13 16 0.032519665 
799 396 7 10 0.032517903 
885 268 9 11 0.032502446 
1007 312 8 10 0.032468714 
757 389 9 11 0.032438427 
718 295 9 11 0.032391116 
442 350 7 9 0.03231598 
761 312 7 9 0.032232467 
1008 318 8 10 0.03222658 
880 255 9 11 0.03213725 
752 304 7 9 0.032102976 
1008 366 9 11 0.031825684 
983 462 9 12 0.03180015 
854 343 7 10 0.031734418 
720 521 9 11 0.03173355 
896 239 9 11 0.031656597 
983 279 7 9 0.0316544 
919 505 12 15 0.03165124 
801 589 26 32 0.03165041 
735 334 9 11 0.031583615 
847 343 8 10 0.03147899 
917 366 9 11 0.031462878 
992 470 9 11 0.031283252 
726 486 9 12 0.03127257 
984 436 9 12 0.03126671 
990 600 11 15 0.031265385 
730 318 7 9 0.031229379 
701 520 10 13 0.031187126 
750 406 8 10 0.031173518 
860 375 10 12 0.031164715 
806 456 9 10 0.031151665 
656 453 9 11 0.031148486 
668 198 22 30 0.031098869 
881 417 9 12 0.031057745 
457 312 6 8 0.031035181 
447 349 7 9 0.031020302 
948 605 11 15 0.030937688 
461 353 7 8 0.030937126 
734 560 10 11 0.030825017 
928 341 9 12 0.030775947 
480 345 7 9 0.030740974 
1015 419 9 13 0.030732865 
815 252 7 10 0.030661413 
918 475 12 16 0.030617446 
997 410 11 14 0.03057464 
433 343 7 9 0.03054745 
831 368 9 11 0.030433215 
672 353 8 11 0.03040492 
345 233 8 9 0.030402621 
401 320 7 10 0.03031647 
794 336 7 9 0.030130433 
966 360 8 10 0.030128546 
744 327 8 9 0.03012615 
705 309 8 10 0.029984407 
812 588 22 27 0.029860962 
775 310 8 10 0.02983398 
647 254 9 12 0.029795004 
986 342 7 9 0.029779823 
697 374 8 10 0.029779455 
975 240 8 9 0.029671263 
968 319 7 9 0.02964325 
767 520 9 11 0.029592544 
941 520 10 13 0.029518416 
897 428 10 13 0.029488446 
781 542 10 13 0.029467663 
414 343 7 9 0.029465687 
824 309 8 10 0.02945883 
502 287 8 9 0.02924657 
991 389 11 13 0.029230503 
839 359 8 10 0.029203113 
1007 414 10 13 0.029156346 
857 362 10 13 0.029127957 
815 367 9 11 0.02899295 
985 431 8 11 0.028968366 
653 481 11 15 0.02894229 
682 406 8 10 0.028938813 
1013 468 10 14 0.028821774 
730 422 8 11 0.028791105 
818 391 8 11 0.02864423 
842 277 8 10 0.02860969 
881 268 9 11 0.028540628 
782 368 8 9 0.028537614 
935 375 9 12 0.028536998 
840 309 9 10 0.028534064 
997 583 12 15 0.028515939 
885 255 9 10 0.028515803 
1005 529 19 26 0.028372867 
929 563 12 15 0.02832848 
481 351 7 8 0.028310735 
911 528 10 13 0.02830933 
824 370 17 23 0.028222699 
896 590 12 14 0.028211193 
955 650 12 18 0.028171312 
473 289 7 9 0.027935656 
709 287 9 11 0.027838266 
968 312 7 9 0.027799862 
896 352 8 10 0.027781732 
694 465 10 12 0.027770184 
929 373 8 11 0.027734257 
675 220 13 15 0.027695589 
704 367 7 10 0.02766943 
375 247 7 10 0.027593251 
652 218 29 35 0.027572865 
1015 488 9 14 0.02755994 
765 319 7 9 0.02750535 
797 308 8 10 0.027474277 
753 342 8 10 0.027447024 
613 453 9 12 0.027443048 
383 272 7 10 0.0273715 
808 501 10 12 0.02727309 
973 605 10 12 0.027159598 
481 547 35 44 0.027028743 
833 359 8 10 0.027005665 
984 352 7 10 0.026973262 
725 449 7 9 0.02696577 
776 543 9 12 0.026835985 
826 491 12 16 0.026801927 
871 328 10 12 0.0267906 
899 506 11 14 0.026755335 
154 271 124 115 0.026734464 
496 262 7 9 0.026723564 
806 423 8 10 0.026721846 
981 319 8 10 0.026693149 
744 295 8 9 0.026641302 
791 382 7 9 0.026556177 
854 350 8 10 0.026520599 
919 392 8 9 0.026490051 
522 352 7 9 0.026479352 
710 390 8 11 0.026457537 
786 240 6 9 0.02641063 
612 461 13 15 0.026400132 
335 238 7 10 0.026394112 
896 479 12 15 0.026378341 
758 350 7 9 0.026346605 
736 367 7 8 0.026335329 
614 466 18 23 0.026283843 
409 359 8 10 0.02625941 
777 389 7 9 0.026224328 
805 356 8 11 0.02614187 
832 424 16 22 0.026134135 
781 332 8 11 0.02612061 
721 375 7 10 0.026047291 
783 495 11 13 0.026030459 
769 359 8 9 0.02602124 
943 573 11 14 0.026007555 
681 516 10 14 0.025990797 
1013 385 10 14 0.025981901 
408 287 7 9 0.025980309 
431 360 8 9 0.025950262 
687 439 9 11 0.025932783 
1005 629 19 31 0.025850741 
969 349 9 11 0.025846059 
913 413 10 13 0.025810266 
487 305 8 9 0.025761968 
688 383 7 9 0.025753845 
400 345 8 9 0.025740478 
125 299 427 423 0.025699167 
919 558 12 14 0.025698652 
442 311 7 9 0.025686368 
384 248 7 9 0.025621247 
719 537 12 14 0.02561997 
465 239 8 10 0.025572803 
703 447 8 10 0.025571909 
829 545 11 16 0.025536565 
743 335 8 10 0.025452513 
721 366 8 9 0.0254371 
735 328 7 9 0.025395127 
1001 384 9 11 0.02534344 
592 305 8 9 0.025332322 
732 532 10 13 0.025260096 
871 471 8 10 0.025259735 
913 365 9 11 0.02524145 
831 387 10 12 0.025215818 
725 271 8 10 0.025215471 
862 270 8 9 0.025203256 
867 343 7 10 0.02515019 
974 367 8 10 0.025143778 
967 302 7 9 0.02511486 
293 254 7 10 0.025066761 
737 544 18 22 0.025039608 
989 293 8 10 0.025021123 
792 539 12 15 0.025014317 
896 421 10 13 0.024994103 
935 312 7 9 0.02489055 
944 404 10 14 0.024857221 
971 492 11 15 0.024783056 
784 375 8 9 0.02473393 
1001 262 9 11 0.024710082 
775 384 8 10 0.024691954 
712 408 7 9 0.02467823 
686 399 8 10 0.024647843 
831 414 10 12 0.024625488 
974 349 8 10 0.02460425 
416 238 8 10 0.024600355 
650 452 8 11 0.02459893 
802 422 8 10 0.024597682 
705 534 9 12 0.024594171 
974 392 9 12 0.02457687 
991 424 9 11 0.024550674 
816 327 8 10 0.024502762 
343 254 8 10 0.024461651 
997 498 10 14 0.024457218 
880 248 9 10 0.024418142 
425 352 8 9 0.024411317 
688 464 9 12 0.024372788 
793 431 7 10 0.024365038 
519 230 9 11 0.024352806 
480 364 9 12 0.024309916 
703 525 9 13 0.024264049 
777 460 8 11 0.024260798 
791 351 9 10 0.024185214 
751 470 9 11 0.024181344 
445 373 7 9 0.024159672 
753 279 7 9 0.024139805 
510 344 7 10 0.024106411 
822 269 9 10 0.024025071 
879 315 9 11 0.024023706 
864 252 10 12 0.023984829 
432 280 7 8 0.02398344 
698 406 7 9 0.023982223 
886 416 10 13 0.02395787 
1009 374 10 12 0.023918903 
990 585 12 16 0.02390756 
959 337 7 9 0.023899902 
693 326 10 12 0.02389881 
917 463 10 12 0.023883542 
708 558 10 13 0.023835383 
986 270 8 11 0.023811597 
835 522 12 15 0.023810899 
750 554 10 13 0.023792595 
463 313 6 8 0.023772735 
688 414 7 9 0.02373029 
857 438 10 13 0.02372396 
1015 454 9 12 0.02372279 
522 304 6 9 0.023715718 
639 461 9 11 0.023714243 
912 392 9 11 0.023666924 
969 327 7 9 0.023662962 
17 352 80 104 0.023649365 
944 387 11 14 0.023639508 
726 392 7 9 0.023604413 
672 416 7 9 0.023573384 
951 611 11 15 0.02357219 
335 247 8 10 0.02355851 
975 598 9 12 0.023530008 
673 432 7 9 0.0235291 
794 293 8 9 0.023506287 
967 438 8 10 0.023490192 
422 226 8 10 0.023432894 
793 281 8 9 0.023391949 
950 412 10 12 0.023379378 
433 337 7 9 0.023378136 
282 253 9 12 0.023377493 
696 495 9 12 0.023346176 
457 351 8 9 0.023344675 
760 288 8 9 0.02334032 
897 400 10 12 0.023316946 
737 469 8 11 0.023270579 
407 239 7 9 0.02322327 
854 424 9 11 0.023143187 
717 313 8 8 0.023126936 
791 492 19 22 0.023121316 
833 342 8 10 0.023099277 
448 312 6 9 0.023080263 
945 319 7 9 0.023044005 
927 332 12 14 0.023009196 
807 320 9 11 0.02299665 
409 344 8 10 0.022936571 
320 260 9 11 0.022902973 
741 500 11 12 0.022895098 
994 670 16 23 0.022859393 
864 591 19 24 0.02285668 
708 583 14 16 0.022848578 
661 453 10 13 0.022833895 
752 374 8 10 0.022811776 
692 474 11 13 0.022803273 
592 264 8 10 0.022793371 
806 367 7 10 0.022784866 
776 304 7 9 0.02267044 
970 645 19 28 0.022656163 
360 311 7 9 0.022620048 
479 207 9 11 0.022619229 
960 460 11 13 0.022606969 
702 374 7 10 0.022560267 
855 463 8 10 0.022506919 
999 526 12 15 0.022429466 
935 343 8 10 0.022355678 
919 274 11 12 0.02234333 
336 270 9 12 0.02230229 
856 391 9 11 0.02228343 
883 596 12 16 0.02226556 
823 445 9 13 0.022235135 
766 312 8 10 0.0221419 
545 336 6 9 0.022124695 
895 489 12 16 0.022110434 
969 343 8 10 0.022038305 
393 232 8 10 0.02201652 
847 439 9 12 0.022013245 
999 323 9 11 0.022011572 
650 448 8 10 0.02197493 
680 512 9 12 0.021971963 
720 526 19 23 0.021969274 
770 351 7 9 0.0219355 
783 350 7 9 0.021912387 
825 279 8 10 0.021895222 
951 487 9 13 0.021887457 
696 366 8 10 0.021877429 
896 332 9 12 0.021859273 
681 400 8 10 0.021850027 
809 310 8 9 0.021849206 
864 470 8 11 0.021809982 
941 596 14 18 0.021742698 
996 584 19 23 0.021722551 
671 465 18 23 0.021700269 
553 321 8 10 0.021692608 
1000 399 9 12 0.021649156 
729 287 8 9 0.021599472 
295 247 7 9 0.021592932 
377 342 8 11 0.021591954 
986 294 8 10 0.021507781 
837 374 9 11 0.021483013 
877 328 8 11 0.021471033 
696 534 9 12 0.021438532 
843 581 11 15 0.021412378 
959 407 9 12 0.021386623 
864 421 9 11 0.021373127 
657 384 8 10 0.021368397 
961 295 7 10 0.02133009 
1013 278 8 11 0.021302605 
637 453 9 13 0.02128754 
995 485 13 16 0.02127582 
765 560 14 15 0.021251835 
448 286 6 8 0.021177657 
567 312 8 10 0.021167288 
424 239 7 10 0.02112888 
489 232 8 10 0.02111695 
1006 404 9 13 0.021108218 
999 342 9 10 0.021086616 
947 312 7 9 0.021079617 
585 478 17 19 0.021070682 
850 246 8 10 0.021047452 
736 464 8 10 0.021019578 
921 334 9 11 0.021018727 
711 366 7 9 0.02101757 
928 531 11 13 0.02096889 
496 256 7 10 0.020928098 
880 374 10 12 0.020915156 
738 564 12 15 0.020914087 
840 231 8 10 0.020906422 
782 485 10 11 0.02089537 
672 438 8 10 0.020887088 
861 594 13 17 0.020874849 
998 475 12 14 0.020856192 
1006 342 8 9 0.02084733 
663 375 8 10 0.020843217 
961 494 17 23 0.020818094 
949 574 11 13 0.020791736 
997 432 18 24 0.020764733 
674 333 11 13 0.02075572 
859 326 8 11 0.020709524 
805 470 8 11 0.020701086 
825 594 12 16 0.02069891 
808 297 7 9 0.02068829 
417 280 6 8 0.020669105 
960 488 10 14 0.020668793 
417 286 7 8 0.020657042 
797 604 13 17 0.020612199 
931 498 11 15 0.02057779 
745 288 8 9 0.020547155 
353 341 8 10 0.020534746 
493 519 87 110 0.020524308 
695 312 8 10 0.020495579 
945 335 8 11 0.020494306 
974 358 9 11 0.020466946 
369 238 7 10 0.020461606 
935 546 13 17 0.020442145 
710 280 9 10 0.020423116 
377 295 7 10 0.02041329 
772 551 20 23 0.020395622 
1007 514 20 27 0.020385822 
847 231 7 9 0.020379022 
824 369 9 11 0.020375224 
381 348 9 11 0.020374691 
793 325 8 10 0.020364901 
1008 325 10 11 0.02034766 
920 304 8 10 0.020274982 
383 294 7 10 0.020266505 
726 460 9 11 0.020262614 
400 238 8 9 0.02026178 
530 310 6 8 0.020223659 
929 357 7 10 0.020217406 
376 303 7 9 0.02018762 
336 263 7 9 0.020124199 
801 326 8 9 0.02010203 
950 405 11 14 0.020071574 
960 304 7 9 0.020065162 
846 303 7 10 0.020026697 
