30_Surgeons_Surgeons_30_552
25
212 260 29 41 0.96138465 
386 226 28 33 0.9197794 
395 220 28 34 0.05216185 
412 353 15 18 0.046604477 
86 451 13 17 0.046398185 
249 311 10 13 0.039631736 
725 277 11 14 0.03920483 
204 259 17 25 0.03746572 
511 506 32 38 0.034544285 
203 272 49 58 0.03341053 
197 260 29 38 0.03231976 
410 229 17 23 0.029361954 
306 393 197 229 0.02900857 
221 372 203 241 0.02900584 
398 356 13 19 0.028981762 
401 348 24 28 0.028952423 
407 214 13 15 0.028778827 
976 577 47 78 0.027978204 
235 327 18 21 0.024286496 
247 315 14 17 0.023140794 
365 378 13 16 0.022971526 
324 7 15 18 0.021790065 
404 218 17 23 0.021274384 
528 72 212 320 0.020783463 
223 322 31 34 0.020391721 
