30_Surgeons_Surgeons_30_256
21
321 440 142 154 0.9918351 
430 45 121 116 0.9878776 
658 470 143 140 0.8712196 
688 194 146 128 0.38866514 
343 292 133 134 0.2724526 
266 259 188 138 0.11475232 
666 126 208 236 0.094940424 
328 265 197 254 0.06661222 
255 238 131 99 0.05698844 
785 119 58 58 0.042887054 
766 107 92 108 0.03994783 
506 204 73 71 0.03882569 
595 99 433 427 0.029366085 
722 206 27 36 0.027535161 
387 80 385 412 0.026089603 
697 226 86 70 0.025794543 
19 36 175 182 0.025724746 
681 491 87 84 0.022116262 
387 319 82 85 0.02088797 
467 384 66 73 0.020783246 
31 10 114 121 0.020254727 
