30_Surgeons_Surgeons_30_95
69
763 223 59 91 0.99334586 
561 160 39 46 0.9292789 
597 202 61 61 0.90738535 
357 196 57 66 0.5506019 
742 620 47 41 0.42217737 
573 168 42 55 0.22220653 
626 191 58 58 0.13025221 
317 171 49 63 0.11859561 
763 598 58 54 0.11394611 
448 402 53 56 0.074882984 
375 182 49 63 0.066393755 
648 181 48 57 0.065560214 
167 185 15 22 0.061219558 
96 366 10 13 0.0611121 
464 72 50 45 0.060559746 
207 28 115 119 0.059915345 
238 6 117 108 0.05937591 
331 194 58 69 0.05261845 
791 228 66 81 0.051370684 
45 634 42 46 0.047778763 
31 355 10 16 0.047532164 
215 189 9 13 0.04677393 
18 337 15 20 0.046563838 
803 227 96 112 0.04402484 
211 329 13 18 0.043974124 
588 181 39 48 0.043761402 
473 411 47 54 0.043341547 
34 451 12 15 0.042637292 
831 434 128 164 0.040254038 
719 613 107 79 0.036776755 
731 196 30 32 0.03605589 
795 543 46 63 0.035832677 
168 167 8 11 0.03494078 
29 342 10 15 0.034246065 
762 120 16 22 0.03374569 
89 366 8 11 0.032344867 
422 386 57 59 0.031507894 
114 322 13 18 0.03027852 
472 71 28 30 0.02937771 
9 329 26 32 0.029183665 
163 238 11 14 0.027959859 
834 166 19 21 0.027323078 
786 586 56 61 0.0270455 
254 189 10 13 0.027009282 
312 167 34 47 0.026692428 
39 291 475 522 0.026123457 
426 403 17 21 0.026044762 
417 395 32 37 0.025454344 
758 632 39 40 0.025213484 
0 319 39 54 0.025040416 
740 203 17 17 0.024789143 
10 623 46 49 0.024599949 
180 180 12 15 0.024537805 
180 188 11 14 0.024528643 
331 0 38 26 0.024179287 
679 239 416 436 0.023725197 
569 150 26 34 0.023593713 
39 374 10 13 0.023544353 
182 156 25 28 0.0233214 
45 643 14 20 0.022805197 
578 111 13 17 0.022687424 
751 246 8 12 0.022505296 
182 170 13 16 0.022336934 
872 195 12 16 0.022212733 
81 367 8 10 0.021605462 
68 366 10 12 0.021025073 
301 186 11 15 0.020848738 
15 311 202 261 0.020827506 
746 577 95 98 0.02056624 
