30_Surgeons_Surgeons_30_122
23
277 302 37 46 0.91877896 
526 295 34 36 0.7969148 
255 265 28 45 0.7223125 
129 311 40 53 0.4486789 
850 433 36 34 0.24985333 
741 280 33 34 0.10014895 
218 271 33 41 0.07854649 
105 326 43 48 0.06969722 
729 268 23 33 0.055805966 
502 348 33 38 0.053705826 
812 410 42 52 0.04576868 
304 340 45 70 0.036736023 
231 269 40 47 0.035369962 
967 425 57 66 0.032559063 
832 418 47 44 0.029748054 
860 544 34 38 0.028249927 
266 268 15 22 0.02769551 
149 311 35 55 0.024578966 
196 350 48 58 0.024321174 
926 370 46 56 0.02399332 
270 291 73 102 0.021681054 
849 451 37 37 0.020955991 
264 274 41 58 0.020804984 
