30_Surgeons_Surgeons_30_979
19
338 237 447 565 0.99999535 
558 306 386 508 0.39184818 
737 339 338 439 0.30149618 
244 786 137 160 0.1830968 
179 759 201 281 0.066264994 
956 425 30 33 0.06552596 
99 592 55 58 0.0352931 
756 844 106 106 0.033292938 
65 833 455 377 0.031263765 
879 798 34 39 0.030938119 
951 428 47 48 0.029387446 
835 889 66 58 0.02819858 
879 538 51 54 0.028106652 
102 697 31 32 0.025020344 
811 804 100 114 0.024915038 
873 540 34 37 0.023244891 
802 877 70 63 0.022492785 
822 408 129 157 0.020390453 
253 496 71 89 0.020272555 
