53_Raid_policeraid_53_54
36
643 172 61 82 0.99873847 
354 169 36 41 0.99541795 
668 131 24 30 0.35419276 
172 171 30 32 0.34728184 
125 176 27 31 0.32371494 
137 184 16 19 0.17658864 
187 160 23 36 0.16199328 
149 164 23 32 0.14193521 
51 168 33 38 0.12766394 
68 169 31 33 0.10737548 
133 167 27 35 0.06578888 
171 188 29 32 0.06060027 
310 179 13 18 0.05810094 
148 185 11 16 0.05484744 
642 99 14 18 0.05479695 
300 284 25 31 0.039454807 
297 187 24 29 0.036367517 
539 475 14 21 0.03252331 
284 327 13 16 0.032296844 
35 169 31 37 0.031664718 
162 177 20 22 0.031422924 
198 149 23 38 0.031006947 
169 181 21 22 0.030809404 
853 682 15 18 0.0273812 
127 153 26 34 0.02695605 
171 201 30 37 0.026699226 
670 118 13 16 0.026548868 
120 180 14 16 0.026519155 
623 77 12 15 0.025017353 
658 127 43 50 0.024858402 
745 538 30 31 0.023739161 
61 176 15 19 0.023032434 
676 157 405 480 0.022594737 
196 272 15 20 0.022424124 
665 116 26 34 0.020603145 
652 101 13 16 0.020054163 
