53_Raid_policeraid_53_597
39
456 178 220 293 0.9999522 
49 175 43 59 0.24560359 
636 731 106 130 0.21814702 
268 817 228 277 0.1838101 
993 809 20 24 0.09946567 
431 864 18 22 0.081403226 
188 636 358 507 0.07756802 
260 470 12 16 0.07715532 
575 670 161 241 0.07651622 
714 791 17 21 0.067891054 
877 680 99 135 0.0675568 
252 497 16 20 0.04506348 
175 547 26 32 0.04091944 
529 961 106 92 0.040058993 
530 109 50 63 0.03989172 
-2 870 27 52 0.037718903 
212 497 12 16 0.036939535 
251 505 15 21 0.034871932 
511 -43 403 515 0.03455414 
659 648 407 409 0.034389876 
919 722 60 84 0.032748796 
704 350 18 22 0.030409899 
399 687 364 476 0.028569113 
794 770 118 147 0.027676415 
225 337 14 19 0.02713059 
755 732 200 227 0.026440073 
285 867 138 160 0.026369115 
245 498 15 19 0.024047581 
597 1007 54 64 0.022683552 
259 494 16 21 0.022126688 
1003 789 20 32 0.021914527 
237 511 15 19 0.02157603 
833 701 108 130 0.021541873 
946 793 16 24 0.021527141 
226 162 14 19 0.021027684 
998 751 26 37 0.020929543 
685 1065 17 17 0.020832833 
449 889 53 80 0.02080739 
25 905 25 33 0.020107899 
