53_Raid_policeraid_53_805
28
407 184 38 42 0.99953496 
189 215 28 38 0.9971054 
590 167 25 30 0.4045442 
486 162 39 53 0.3690765 
774 175 11 15 0.21281257 
583 164 19 30 0.12581018 
296 217 37 40 0.12408562 
602 163 27 34 0.10396031 
580 162 15 23 0.07409421 
687 194 24 27 0.052308828 
204 207 24 40 0.04189931 
703 471 31 38 0.041707907 
498 186 19 24 0.038994398 
771 172 21 27 0.036066156 
219 210 14 23 0.036059238 
704 441 29 39 0.034851428 
365 181 24 33 0.034460966 
612 153 23 36 0.03319608 
315 220 28 33 0.032186326 
561 381 26 37 0.03207864 
181 191 45 61 0.029825442 
570 229 47 72 0.029196247 
334 222 15 23 0.028359132 
490 169 17 23 0.027802812 
573 63 12 16 0.026377203 
481 180 32 46 0.025164992 
564 387 15 23 0.023250954 
437 171 28 38 0.020343535 
