53_Raid_policeraid_53_736
75
376 176 36 43 0.9338633 
491 185 39 49 0.5868283 
150 348 23 28 0.27989256 
277 207 28 35 0.26081857 
120 226 27 32 0.1995608 
614 309 47 58 0.18157928 
190 231 30 33 0.1323042 
476 192 44 54 0.078771904 
78 323 24 27 0.07642165 
186 233 20 24 0.06947512 
154 209 16 19 0.06946054 
171 245 24 31 0.06106829 
252 242 27 36 0.060732815 
459 198 40 52 0.049181383 
207 211 10 13 0.04825997 
213 221 12 17 0.048240438 
264 216 39 52 0.045872744 
108 218 28 34 0.045116052 
308 495 25 34 0.04446419 
106 212 15 18 0.0425118 
656 371 50 72 0.04235217 
229 247 17 20 0.042079516 
103 215 22 29 0.040835053 
257 243 17 21 0.040689457 
690 188 9 11 0.03802595 
743 553 14 17 0.037205517 
310 322 15 20 0.036968336 
83 336 17 19 0.036943473 
414 277 14 19 0.03648057 
344 447 10 12 0.033793118 
259 326 16 19 0.03173746 
88 325 16 19 0.031713206 
80 278 24 30 0.03160018 
162 267 24 30 0.031561058 
90 357 14 17 0.03139358 
200 220 22 30 0.031382993 
579 450 14 17 0.030992132 
101 224 14 19 0.030082496 
77 281 15 19 0.029310167 
194 226 19 22 0.029272687 
276 284 39 51 0.029130075 
105 233 28 30 0.028879412 
622 614 8 10 0.028710043 
448 211 32 43 0.028688027 
820 321 54 66 0.028408805 
91 292 15 18 0.0278317 
130 232 25 33 0.027577724 
603 299 36 45 0.026229491 
289 204 33 41 0.026032547 
79 268 11 16 0.02598988 
132 219 15 21 0.025733508 
216 242 25 30 0.024814293 
170 261 18 22 0.024785802 
308 310 24 30 0.024687424 
92 288 29 32 0.023939539 
336 240 18 18 0.023598954 
220 289 17 20 0.023155523 
195 218 16 20 0.023153525 
392 185 33 44 0.023108708 
255 239 14 16 0.023085197 
139 244 23 29 0.023035482 
157 277 26 35 0.022942552 
628 330 43 48 0.02256292 
439 340 14 15 0.02251029 
121 319 26 30 0.02248238 
154 254 27 31 0.022212442 
358 438 10 12 0.021941673 
723 515 13 14 0.021859093 
119 209 27 35 0.0214553 
190 219 14 17 0.021189062 
703 240 11 13 0.021170033 
208 230 18 23 0.021044564 
95 226 12 18 0.020703407 
181 239 16 21 0.020499323 
119 244 29 33 0.020394616 
