53_Raid_policeraid_53_854
38
844 390 28 33 0.9699355 
707 280 17 22 0.21171425 
413 672 12 14 0.1614396 
825 524 76 57 0.12608075 
730 226 30 38 0.09257287 
598 264 27 50 0.06917844 
796 549 12 17 0.0682297 
626 279 32 32 0.06486766 
699 525 18 20 0.06293481 
821 100 10 13 0.060578436 
812 404 13 17 0.04313865 
816 529 119 87 0.039583072 
724 219 47 64 0.038640324 
822 532 38 35 0.038305826 
596 583 28 39 0.03692497 
689 528 29 30 0.03564939 
713 539 15 18 0.030548211 
615 271 31 38 0.030464899 
874 588 39 37 0.029998047 
814 537 239 284 0.0287657 
647 268 27 33 0.02763663 
677 527 50 57 0.027457023 
848 502 65 68 0.027140386 
702 532 25 28 0.027076261 
816 95 11 14 0.026749512 
445 258 13 18 0.02671177 
695 265 39 51 0.025833745 
866 393 16 21 0.025526293 
681 538 30 37 0.024458347 
806 188 13 17 0.022806548 
828 392 31 32 0.022411413 
590 560 32 43 0.022206819 
812 398 23 28 0.022190606 
824 270 28 37 0.021970209 
578 316 14 15 0.02156802 
695 282 13 17 0.021443017 
547 355 17 23 0.020932369 
873 423 24 27 0.020816596 
