53_Raid_policeraid_53_212
36
883 88 50 81 0.9996068 
486 89 56 66 0.9988977 
620 94 49 69 0.99568355 
287 310 43 63 0.9953826 
639 330 65 67 0.92216736 
344 128 23 27 0.8842462 
228 88 29 55 0.5905876 
906 247 60 66 0.2148749 
551 513 26 32 0.16563855 
646 139 50 62 0.13664167 
738 138 15 20 0.13469896 
820 182 18 19 0.1084862 
637 103 53 71 0.07508103 
384 309 34 42 0.053975217 
728 130 29 37 0.049999002 
575 105 49 64 0.043353893 
549 60 41 54 0.04197251 
958 442 15 21 0.039322726 
918 23 47 56 0.03665244 
365 303 42 59 0.03530278 
422 220 41 54 0.033509996 
655 354 64 70 0.032592285 
238 95 47 56 0.03186969 
865 418 26 30 0.029394995 
340 198 37 55 0.028818464 
191 159 11 15 0.028287658 
937 92 42 67 0.02652254 
329 117 36 48 0.026291428 
453 196 29 41 0.025944514 
610 61 52 76 0.025733335 
700 112 46 58 0.025277406 
331 311 43 59 0.023596646 
814 171 29 33 0.023449944 
807 165 46 56 0.022619812 
648 329 35 49 0.021959173 
185 163 12 17 0.020488728 
