53_Raid_policeraid_53_543
62
582 193 94 117 0.9990263 
730 227 49 62 0.9803673 
163 162 22 29 0.9471324 
-3 177 41 89 0.9369928 
78 260 40 48 0.9118649 
531 285 19 23 0.82069635 
393 255 29 39 0.76080465 
485 290 21 25 0.70332956 
50 165 20 24 0.67571205 
791 230 46 69 0.6162422 
218 233 26 39 0.23776121 
89 197 15 19 0.17787907 
542 345 13 16 0.10888502 
522 283 20 26 0.097487666 
22 168 48 72 0.095212996 
449 284 22 27 0.08129967 
461 292 13 18 0.0707904 
768 223 49 68 0.06800378 
546 288 13 17 0.0625214 
294 282 13 17 0.05926635 
535 342 13 17 0.0580899 
368 194 14 21 0.057869855 
390 193 15 20 0.052193265 
715 236 39 45 0.047855813 
540 340 23 28 0.046215143 
550 308 12 16 0.041620087 
558 283 15 17 0.040375378 
928 276 57 57 0.03538383 
40 179 49 62 0.03507502 
1007 257 15 19 0.03341106 
83 200 25 29 0.03317521 
68 186 43 50 0.031724848 
939 636 61 58 0.030266816 
1002 232 21 28 0.028162085 
465 295 15 20 0.027865019 
266 185 16 19 0.027843347 
951 243 29 28 0.02750095 
384 197 23 32 0.02749127 
141 214 11 15 0.027402591 
375 255 36 38 0.027191935 
792 225 27 49 0.026904186 
498 291 14 20 0.026573546 
557 412 14 18 0.02592716 
498 626 15 17 0.025292596 
523 330 39 47 0.025178261 
320 179 11 16 0.025112659 
671 208 34 52 0.024361446 
520 357 13 15 0.024286512 
969 246 19 23 0.023910431 
153 298 29 34 0.023719626 
163 409 62 77 0.02356475 
953 658 31 32 0.023459988 
556 291 23 31 0.02285522 
325 177 12 16 0.022215113 
520 331 23 33 0.02185035 
519 279 14 18 0.021799609 
924 247 22 28 0.021260157 
276 275 11 14 0.021208342 
194 415 48 70 0.021091087 
301 266 13 15 0.020765949 
551 307 25 31 0.020540675 
139 280 47 59 0.020278187 
