53_Raid_policeraid_53_928
26
767 132 46 56 0.9934621 
244 194 92 70 0.9876736 
705 134 32 56 0.955888 
662 134 47 58 0.13447385 
285 188 66 64 0.107319675 
815 507 59 79 0.07674147 
23 299 9 12 0.06725924 
681 138 49 59 0.05751873 
870 242 24 28 0.047319096 
811 214 41 52 0.04725756 
318 435 137 181 0.040499058 
930 140 12 16 0.038549345 
663 727 10 13 0.034214575 
860 252 24 28 0.032532193 
980 15 10 13 0.03010856 
26 508 10 13 0.029815918 
881 247 16 20 0.02772496 
660 745 12 14 0.02644039 
252 209 52 45 0.026352197 
962 507 16 20 0.023927609 
8 527 8 10 0.023315128 
623 23 9 11 0.021781376 
718 39 9 10 0.021580538 
109 646 14 17 0.02129412 
729 31 7 9 0.020221928 
987 104 12 18 0.020117523 
