53_Raid_policeraid_53_489
87
55 138 39 54 0.9441196 
67 227 22 30 0.93615866 
992 307 9 12 0.3145043 
435 272 21 25 0.31011343 
670 158 26 31 0.29392618 
334 273 23 30 0.2289109 
374 170 8 12 0.16903418 
429 272 15 19 0.14643672 
931 311 7 9 0.12020214 
399 306 25 29 0.11973606 
101 335 14 19 0.10079824 
336 265 18 21 0.08352749 
480 283 12 17 0.08061833 
761 128 10 11 0.07734846 
409 305 26 26 0.07681473 
502 363 33 33 0.07518046 
582 252 25 31 0.07171868 
86 141 25 35 0.07099903 
55 228 25 30 0.06805971 
917 320 7 9 0.063964956 
425 306 17 19 0.06114117 
368 80 8 9 0.058752585 
91 346 15 17 0.05391292 
991 124 21 31 0.05294829 
918 325 8 10 0.051511608 
1006 319 7 10 0.050607566 
92 135 19 24 0.046370294 
935 335 7 9 0.045961533 
94 338 16 19 0.04440507 
933 319 8 10 0.044301383 
452 270 11 16 0.042954005 
480 264 13 18 0.042418722 
880 312 9 11 0.042314768 
650 230 46 57 0.040687516 
583 568 27 28 0.040593054 
946 342 7 10 0.039067693 
997 308 9 11 0.038353458 
966 360 8 10 0.038197987 
393 413 27 35 0.0359595 
345 276 16 24 0.03540374 
0 101 21 29 0.034348845 
554 260 25 32 0.03431536 
324 282 32 35 0.03298664 
621 41 28 33 0.03223769 
920 353 7 8 0.032216784 
928 342 8 10 0.031836346 
416 309 28 30 0.031792108 
391 304 22 29 0.031672515 
373 78 8 11 0.031668387 
92 354 15 18 0.031215217 
982 327 9 11 0.031193048 
387 343 43 68 0.030992197 
691 165 13 22 0.030444505 
592 345 59 77 0.0302701 
984 366 8 9 0.029870356 
992 315 8 10 0.02981585 
482 357 18 23 0.029348293 
1000 335 8 10 0.02912326 
681 157 17 21 0.02709179 
400 307 39 45 0.027034037 
1015 325 8 12 0.026913246 
427 279 25 29 0.02579059 
726 128 9 11 0.025315227 
966 317 9 11 0.025264032 
2 256 14 19 0.025074577 
0 111 14 24 0.02473262 
286 366 23 28 0.024706908 
1009 350 8 11 0.024504593 
929 305 8 11 0.024325509 
934 325 8 10 0.02405315 
1006 324 9 11 0.02399969 
959 341 10 12 0.023863014 
912 56 9 13 0.023633787 
929 326 8 10 0.022805218 
100 333 25 30 0.022775685 
571 255 24 35 0.022670977 
902 312 7 10 0.022517653 
651 223 30 39 0.021990856 
991 359 8 10 0.021574514 
579 127 22 27 0.02126136 
744 129 8 10 0.02113978 
961 360 8 11 0.020527452 
944 349 9 10 0.02042586 
929 336 8 9 0.020374358 
929 359 8 10 0.020255063 
961 319 8 10 0.02025118 
384 61 8 10 0.02007398 
