53_Raid_policeraid_53_696
133
554 254 21 29 0.77325547 
421 219 23 31 0.660214 
452 245 22 27 0.5664033 
345 224 24 30 0.5574933 
162 112 33 40 0.51876605 
863 267 25 29 0.49784833 
269 204 25 31 0.4160686 
369 235 23 28 0.37667075 
270 330 120 163 0.34691015 
493 247 21 27 0.30503222 
371 221 23 27 0.25981492 
196 364 15 19 0.22097255 
559 244 23 28 0.21976638 
437 282 27 33 0.2090139 
648 270 20 23 0.189729 
123 223 19 22 0.1895026 
869 280 19 22 0.18765923 
533 346 26 28 0.17869554 
350 196 14 16 0.14609481 
415 228 23 31 0.13319404 
775 250 38 43 0.11966777 
67 336 31 40 0.11801267 
193 212 33 41 0.116280444 
668 358 24 30 0.11400835 
217 395 16 21 0.113843545 
459 397 23 31 0.11307197 
816 34 49 59 0.111876205 
361 222 23 28 0.10556219 
517 281 17 23 0.101869635 
850 23 18 23 0.10110921 
832 285 24 29 0.09949884 
892 281 16 22 0.09541963 
339 207 14 17 0.093428105 
790 175 34 38 0.07748439 
841 26 28 37 0.07711086 
167 108 50 58 0.07247479 
259 187 42 50 0.07108595 
59 257 30 33 0.064232685 
348 210 14 17 0.057125904 
40 331 23 32 0.052840434 
882 282 23 29 0.05282206 
186 187 53 69 0.051849592 
673 273 33 35 0.05182849 
613 278 26 27 0.049303763 
132 371 59 80 0.049204953 
539 257 22 29 0.049015455 
980 7 42 71 0.047872286 
441 278 18 22 0.04721736 
831 15 29 37 0.04617195 
811 271 44 53 0.045733854 
789 442 15 21 0.04360561 
790 15 91 110 0.04321208 
67 244 32 39 0.04319892 
174 158 61 78 0.04311458 
155 124 49 60 0.043075837 
784 252 50 55 0.04111713 
442 294 31 38 0.04103379 
825 0 27 31 0.0380959 
560 350 48 66 0.037819196 
863 249 30 38 0.037792716 
930 242 47 57 0.03737328 
333 359 22 33 0.037340872 
721 0 19 17 0.036217064 
427 212 19 23 0.035560012 
810 39 34 42 0.03546948 
899 54 17 20 0.035376713 
230 401 13 17 0.035317115 
121 225 29 35 0.035215754 
769 219 31 34 0.033941094 
791 226 15 18 0.033906303 
909 248 44 53 0.03372151 
350 207 21 27 0.033648144 
730 245 30 34 0.033629183 
387 227 15 20 0.033312254 
848 276 26 32 0.033301912 
772 233 36 45 0.032864477 
354 393 16 19 0.032537565 
593 302 19 22 0.03203525 
262 303 32 40 0.03180497 
345 200 19 24 0.0314523 
862 263 18 22 0.030748457 
302 357 68 96 0.030618006 
868 284 27 33 0.030451417 
717 459 13 16 0.030291576 
353 203 16 19 0.030233845 
664 340 37 44 0.030193733 
540 345 47 60 0.029673433 
47 322 39 52 0.02921953 
842 360 25 30 0.02864078 
809 247 32 42 0.028252427 
798 221 27 29 0.026441948 
792 176 20 23 0.026275411 
783 58 27 32 0.026001373 
214 349 11 14 0.025711935 
254 272 36 45 0.025389533 
785 274 32 39 0.025249625 
86 387 47 60 0.025031257 
781 233 84 103 0.024895262 
929 260 26 35 0.02481162 
360 211 22 26 0.024779854 
805 181 31 38 0.024642102 
876 274 38 51 0.024217468 
893 264 27 33 0.02410052 
950 236 54 67 0.023857117 
411 103 411 411 0.02380108 
548 242 24 32 0.023688223 
732 234 46 54 0.023664389 
783 224 30 30 0.023530358 
846 256 40 51 0.023308842 
491 259 18 23 0.023222417 
459 240 15 18 0.023199895 
498 239 15 17 0.02319947 
156 143 60 75 0.023034805 
906 0 27 24 0.022793012 
531 262 22 27 0.022461154 
738 261 19 22 0.022102835 
240 367 8 11 0.022060681 
426 226 27 34 0.021981454 
899 0 19 18 0.021971121 
246 374 9 11 0.021567117 
845 273 15 18 0.021414207 
803 217 50 60 0.021381525 
811 48 18 22 0.021347882 
809 225 29 35 0.021258213 
248 368 8 10 0.020919578 
191 339 14 18 0.02086825 
504 253 16 23 0.020863077 
541 284 13 18 0.020768054 
894 44 27 35 0.020760935 
815 224 17 20 0.020467827 
782 422 11 14 0.020332342 
74 354 19 25 0.020036217 
505 243 16 21 0.02000511 
