53_Raid_policeraid_53_599
123
354 306 29 34 0.99748576 
137 139 65 112 0.99054235 
243 328 25 28 0.97607315 
835 268 15 21 0.9737543 
821 309 18 24 0.96950924 
582 267 16 21 0.910974 
640 329 17 23 0.9044926 
622 264 16 22 0.90298474 
506 295 23 27 0.8727364 
853 297 15 20 0.7858732 
458 293 24 29 0.6658379 
720 240 12 17 0.626381 
666 257 14 16 0.6178541 
877 283 10 12 0.4314267 
524 276 14 18 0.3828424 
483 284 17 21 0.30086613 
472 289 20 25 0.29971305 
454 302 26 34 0.2229525 
884 331 15 21 0.19629619 
684 323 11 16 0.19036028 
572 236 16 24 0.1485726 
778 364 27 33 0.14496131 
891 297 13 17 0.1274865 
872 307 16 19 0.11869051 
750 273 14 18 0.118348844 
543 201 12 15 0.11669491 
598 276 12 17 0.11540814 
876 337 17 20 0.09891152 
96 527 17 21 0.09248377 
704 315 13 17 0.09217516 
813 375 15 21 0.084290326 
515 331 16 22 0.08281295 
518 269 14 19 0.081393525 
753 375 27 39 0.07983745 
561 221 25 38 0.069111675 
675 260 13 17 0.06760378 
512 253 12 16 0.06322366 
706 321 14 16 0.059919737 
869 319 16 17 0.058102623 
78 177 86 99 0.056970656 
678 303 11 13 0.056952912 
655 271 13 17 0.05572097 
120 474 100 138 0.05355382 
540 222 24 34 0.05300104 
876 301 14 16 0.051609725 
996 123 14 20 0.051429212 
529 277 16 22 0.050968282 
442 307 26 33 0.04952544 
862 270 10 13 0.049123783 
661 267 13 17 0.048249587 
743 369 25 36 0.047655586 
539 209 16 19 0.045980405 
871 278 13 16 0.045283116 
988 307 27 34 0.04456102 
871 321 22 26 0.044342138 
690 321 13 17 0.043500178 
762 365 38 46 0.04316358 
678 285 11 14 0.042820126 
500 291 17 24 0.041766815 
668 285 11 15 0.04161747 
521 235 11 16 0.0411816 
668 263 15 19 0.040596157 
734 362 21 32 0.040095363 
918 134 11 14 0.03614144 
497 283 14 20 0.03597722 
531 220 23 32 0.035749376 
877 302 20 26 0.0352502 
863 275 13 16 0.03447713 
231 523 25 35 0.034361612 
516 284 21 29 0.033466652 
231 590 49 74 0.03317339 
844 329 13 16 0.033018105 
792 369 16 22 0.03298597 
890 327 20 28 0.0322411 
755 331 16 18 0.03211634 
540 206 23 31 0.03177261 
533 219 14 21 0.031121355 
525 233 12 18 0.030818732 
884 313 14 16 0.030571504 
774 329 13 17 0.030179622 
623 300 12 14 0.029731622 
882 283 12 16 0.029611342 
517 277 17 23 0.029151358 
597 305 16 19 0.029023115 
678 316 15 18 0.028797274 
732 357 16 22 0.028434657 
32 307 37 42 0.027791629 
467 285 15 22 0.027349439 
481 336 18 19 0.02710076 
260 389 26 32 0.027021809 
630 405 19 19 0.026361546 
252 372 25 28 0.026227908 
596 309 22 26 0.026099073 
540 199 20 24 0.025997072 
535 211 12 16 0.025718385 
847 301 16 21 0.02559754 
475 294 26 32 0.025541537 
800 367 20 29 0.025513649 
859 282 19 25 0.025419354 
517 244 11 15 0.02521276 
705 310 23 27 0.024821209 
540 237 17 22 0.024712935 
512 255 20 26 0.024689564 
750 334 22 25 0.024648977 
329 370 30 38 0.02456734 
679 327 13 17 0.02448127 
620 253 15 18 0.024328426 
117 519 18 19 0.024046838 
397 380 27 30 0.023642274 
724 234 11 14 0.023218337 
682 261 13 18 0.02284872 
728 316 13 15 0.022607783 
455 290 18 22 0.022541389 
779 346 27 33 0.022288099 
501 349 15 18 0.0221323 
522 325 15 19 0.021943452 
742 275 15 17 0.02177077 
853 332 11 14 0.021645883 
453 366 43 51 0.021173246 
669 333 12 14 0.021014674 
694 309 11 16 0.020772789 
862 315 40 50 0.020466357 
660 279 21 26 0.020195782 
