53_Raid_policeraid_53_445
78
531 274 108 142 0.9999417 
119 166 44 55 0.98839414 
764 160 40 50 0.9842488 
368 132 48 57 0.9831729 
214 198 42 54 0.97515965 
509 188 40 48 0.9700959 
976 155 38 51 0.9660235 
423 160 36 48 0.9258071 
822 132 45 54 0.89551944 
64 182 41 51 0.8937196 
615 145 45 59 0.8481647 
217 275 34 41 0.6663007 
305 200 37 48 0.6196016 
439 159 36 43 0.39952728 
328 250 42 51 0.3934478 
946 159 27 37 0.38892666 
19 425 59 83 0.16461852 
838 106 16 19 0.15234368 
415 249 37 45 0.11596661 
717 179 30 38 0.09001735 
772 268 23 33 0.08415111 
0 117 43 75 0.0768476 
836 111 24 30 0.07578764 
108 617 32 36 0.07035928 
568 94 17 22 0.0697881 
139 149 25 31 0.067044206 
255 198 34 44 0.05946712 
292 401 25 32 0.05776955 
130 542 34 45 0.05302693 
540 132 25 32 0.05126722 
550 130 25 32 0.051236685 
284 202 40 53 0.05038789 
321 181 42 54 0.050270494 
-1 240 21 33 0.047599506 
826 101 46 58 0.044243146 
85 293 29 35 0.044125482 
840 388 41 37 0.044107597 
100 622 51 46 0.041658208 
317 222 45 55 0.040522307 
840 90 25 30 0.03959856 
233 195 43 53 0.03838409 
110 88 14 19 0.038161814 
830 100 25 31 0.037987895 
319 359 17 24 0.035473198 
119 223 364 435 0.035372343 
273 242 43 57 0.034453835 
108 625 18 22 0.034088396 
657 126 32 41 0.03382613 
497 250 35 49 0.033427235 
157 290 39 48 0.033194922 
393 142 45 56 0.03216025 
281 286 29 39 0.031219386 
469 98 24 33 0.030153492 
223 294 23 27 0.03008676 
36 423 40 46 0.029886998 
716 557 60 74 0.029259317 
597 91 16 18 0.028761094 
978 147 29 37 0.028003125 
591 106 24 30 0.02518426 
470 222 25 32 0.024303554 
204 183 42 55 0.024232728 
956 155 35 50 0.024076946 
335 165 45 57 0.023291184 
301 370 169 239 0.023156913 
308 238 93 110 0.022909574 
296 253 25 37 0.022202434 
814 261 37 52 0.022078546 
538 98 18 24 0.021970764 
372 197 40 46 0.021795806 
522 179 29 40 0.021781102 
754 250 47 63 0.021734865 
86 630 16 23 0.021020649 
302 267 50 62 0.020923356 
25 70 16 22 0.02080205 
509 99 17 23 0.020784684 
389 115 25 35 0.020653289 
894 217 45 54 0.020292593 
146 551 34 41 0.020262694 
