36_Football_americanfootball_ball_36_126
76
52 132 42 56 0.63363177 
780 95 38 42 0.40745613 
691 93 42 50 0.37328595 
925 57 29 51 0.25942048 
332 161 48 74 0.25717562 
792 87 33 37 0.21388032 
780 116 32 39 0.21319658 
331 319 19 21 0.15190831 
664 211 29 34 0.1454134 
1010 505 13 19 0.13702784 
963 58 43 59 0.11932779 
690 78 35 44 0.115762375 
203 171 65 64 0.087206736 
946 31 29 31 0.07321729 
674 74 30 39 0.07265645 
506 289 38 40 0.07213898 
340 149 34 50 0.06932862 
705 77 19 23 0.06530386 
123 191 26 30 0.06112917 
785 130 19 23 0.053192254 
646 218 33 39 0.05290105 
670 218 41 49 0.049251936 
709 102 33 44 0.048080914 
203 149 52 58 0.042132217 
926 162 35 36 0.04144669 
612 279 57 55 0.037448954 
131 188 16 20 0.037390593 
974 55 28 40 0.036980834 
920 134 14 18 0.036814924 
808 95 17 22 0.034907833 
694 68 28 35 0.03447251 
38 117 26 34 0.034077395 
11 264 15 25 0.033430383 
645 227 13 15 0.033196624 
595 261 60 59 0.03254505 
329 305 30 38 0.032542963 
725 108 32 43 0.032073062 
111 191 43 51 0.02977787 
543 213 206 246 0.029688813 
34 190 25 31 0.029644806 
917 133 23 32 0.029580409 
710 126 35 40 0.029573012 
201 133 44 50 0.029313669 
950 36 15 18 0.0292734 
526 312 39 41 0.029253885 
678 87 38 46 0.028780974 
268 123 12 15 0.027629595 
326 191 42 52 0.026925137 
464 496 28 30 0.025911272 
772 101 25 34 0.02554886 
518 290 49 50 0.025292125 
571 247 59 54 0.025234638 
937 143 36 47 0.02479105 
932 55 48 67 0.024660502 
980 111 43 68 0.024660349 
22 199 27 29 0.023757031 
536 285 56 56 0.023674268 
966 88 49 67 0.023605114 
789 127 30 38 0.023382088 
635 216 30 34 0.023365129 
76 292 32 53 0.02313988 
10 172 42 49 0.022912525 
742 105 25 36 0.022558924 
38 115 73 94 0.022497432 
564 279 63 58 0.022423435 
0 406 21 47 0.022279074 
686 244 34 37 0.022041183 
41 124 36 48 0.021930993 
767 107 12 19 0.021480912 
714 76 15 21 0.02141043 
748 115 14 20 0.02127165 
7 231 12 16 0.02098929 
67 146 37 46 0.02097331 
320 163 39 50 0.020694207 
694 115 33 45 0.02013735 
946 119 45 64 0.020049615 
