36_Football_americanfootball_ball_36_38
38
369 18 64 77 0.9958813 
720 74 58 75 0.9908364 
523 57 53 59 0.9795393 
921 114 24 33 0.68084174 
961 101 21 28 0.3949002 
532 315 43 59 0.17194371 
749 98 52 63 0.15791991 
877 138 29 36 0.12671353 
153 108 26 30 0.12339285 
442 10 17 20 0.10631314 
929 108 20 25 0.09945599 
530 280 54 66 0.08794431 
435 4 26 35 0.071065895 
585 197 52 60 0.06749672 
327 14 22 32 0.058868412 
906 116 27 36 0.056681123 
385 252 56 43 0.051980924 
561 198 44 57 0.043516047 
775 107 33 47 0.04015681 
541 197 41 59 0.03910627 
463 287 43 49 0.031787973 
151 157 12 15 0.031572197 
696 55 58 76 0.030906172 
532 235 52 71 0.030140022 
146 89 41 50 0.029942764 
102 542 34 35 0.028538296 
961 91 19 22 0.02733315 
215 145 21 29 0.024742283 
594 221 52 62 0.024324553 
605 191 61 64 0.023950402 
194 174 39 50 0.023941068 
515 222 18 24 0.023839435 
431 8 42 51 0.023761207 
622 61 41 56 0.023723671 
941 105 27 33 0.022447303 
514 212 28 39 0.021358877 
554 230 49 68 0.02134956 
505 319 54 60 0.021190487 
