36_Football_americanfootball_ball_36_132
60
794 75 37 45 0.99191576 
788 192 44 52 0.5445561 
697 131 12 16 0.41224813 
282 234 38 35 0.17866668 
374 249 57 37 0.16267912 
595 97 36 41 0.15577064 
82 138 45 60 0.15155825 
147 81 29 35 0.10331306 
564 11 22 30 0.09033838 
113 208 48 46 0.08717511 
5 92 16 22 0.077217825 
232 244 54 67 0.06966749 
392 236 45 41 0.06552853 
571 91 56 62 0.061059117 
957 143 18 23 0.058925588 
803 178 33 42 0.047266655 
372 217 53 53 0.046926778 
870 106 48 65 0.04418221 
585 74 34 46 0.041804016 
887 165 12 16 0.0409851 
36 62 35 41 0.040303394 
2 102 17 23 0.039320778 
302 231 31 34 0.037981164 
621 4 32 33 0.037648886 
606 80 36 39 0.036632877 
963 187 38 52 0.03594095 
162 83 17 24 0.035598725 
399 215 42 47 0.03549273 
529 1 46 50 0.033939213 
553 6 26 33 0.033628657 
706 54 40 50 0.031825937 
970 115 14 16 0.030921994 
565 33 14 18 0.03032278 
260 83 15 19 0.029862328 
547 34 15 19 0.02850552 
60 145 61 80 0.027337322 
521 55 44 54 0.026989933 
853 87 76 104 0.026402557 
61 211 36 38 0.026402202 
558 33 13 19 0.026054313 
255 232 56 57 0.025983023 
543 83 13 18 0.025501503 
982 185 29 44 0.024712756 
523 53 14 16 0.023216976 
947 132 14 16 0.023171553 
6 84 29 34 0.023167543 
996 74 15 17 0.022578197 
666 161 55 56 0.02239264 
538 24 25 31 0.022119703 
112 161 30 45 0.022050135 
-1 109 17 29 0.022044027 
537 9 27 32 0.021884833 
624 205 73 69 0.021357397 
137 75 28 37 0.021332296 
518 58 28 33 0.021099288 
86 132 28 34 0.021095159 
985 62 26 30 0.020428184 
7 84 14 20 0.02020959 
689 131 13 17 0.020115541 
314 107 50 72 0.020023016 
