36_Football_Football_36_23
48
382 94 56 67 0.99955696 
736 54 56 73 0.9994123 
227 54 55 75 0.99916136 
600 46 61 82 0.9908228 
547 117 28 35 0.7880172 
71 0 23 25 0.42783707 
140 5 20 24 0.40721014 
565 25 18 22 0.3310425 
180 25 19 22 0.29880235 
369 12 19 23 0.2950593 
228 -1 52 56 0.26371953 
83 33 18 23 0.24042702 
361 13 29 38 0.17953853 
303 -1 27 25 0.17708233 
27 55 25 32 0.157847 
801 13 19 23 0.12212406 
224 27 54 70 0.10245339 
494 34 17 22 0.07888177 
73 8 27 32 0.06815692 
640 5 30 36 0.05981973 
963 120 25 28 0.052696187 
14 114 34 40 0.051390655 
424 522 33 41 0.0504088 
349 20 36 48 0.043396913 
850 74 26 31 0.041555744 
10 0 29 29 0.04010835 
58 -2 29 31 0.038911235 
428 443 29 37 0.033736926 
954 101 41 48 0.030886417 
615 16 61 85 0.03024958 
554 74 17 21 0.029048666 
148 7 25 33 0.028413033 
195 42 43 62 0.027581517 
446 35 23 31 0.026494058 
207 1 49 55 0.02527631 
169 8 28 36 0.02459393 
485 3 17 20 0.024310661 
541 82 42 58 0.02413754 
934 114 27 33 0.024134206 
660 0 29 35 0.02239311 
413 2 27 33 0.021645797 
172 13 42 54 0.02127996 
819 77 23 29 0.02108605 
996 209 18 23 0.021063967 
556 54 11 14 0.020741867 
63 13 42 49 0.02069046 
552 36 72 102 0.020374259 
135 2 17 22 0.020311827 
