36_Football_americanfootball_ball_36_27
42
656 44 66 84 0.97666705 
189 207 55 70 0.30355316 
149 190 57 73 0.19924568 
384 284 47 66 0.16808785 
981 84 27 35 0.08369107 
336 289 26 38 0.076927945 
222 -19 382 522 0.075173795 
312 306 44 68 0.071280085 
400 -1 18 18 0.064078055 
373 124 26 33 0.049816474 
398 266 50 69 0.04875357 
401 198 41 59 0.046746157 
13 12 53 62 0.0433765 
504 96 69 79 0.038249515 
371 253 79 113 0.037843104 
916 380 25 30 0.037341915 
510 0 34 27 0.036503803 
835 190 42 60 0.036481585 
563 293 97 115 0.033854738 
632 145 31 34 0.032961283 
-2 509 48 73 0.03187832 
802 56 36 45 0.029091148 
161 125 25 34 0.028682185 
392 188 80 110 0.026852982 
981 130 42 75 0.026758548 
170 4 35 36 0.025548333 
326 296 48 70 0.024862245 
689 303 93 147 0.024517596 
432 0 21 20 0.02406308 
-11 118 344 421 0.023431245 
433 221 53 72 0.023294395 
300 286 78 111 0.023249332 
984 612 36 54 0.023002893 
864 -2 21 19 0.022622585 
171 214 43 47 0.02215918 
616 60 88 108 0.021320278 
519 49 66 77 0.021000229 
394 232 54 76 0.02086863 
0 -3 29 35 0.020481499 
472 -2 23 19 0.0204555 
798 235 25 30 0.020144388 
358 74 31 36 0.02007177 
