36_Football_americanfootball_ball_36_114
40
727 96 68 90 0.9959293 
45 27 31 38 0.99338126 
216 29 33 41 0.9903301 
437 12 31 34 0.9765237 
603 22 32 41 0.9467619 
111 54 29 36 0.55824476 
54 252 99 124 0.47716722 
106 84 56 88 0.17550644 
68 87 56 76 0.17165862 
657 96 32 41 0.12741466 
905 26 34 50 0.10361816 
109 98 81 120 0.08127328 
620 77 42 51 0.067523964 
107 60 48 68 0.06698552 
502 112 47 61 0.058893472 
1 643 49 108 0.053331576 
19 107 58 77 0.05076868 
529 117 50 66 0.047249403 
93 112 56 79 0.046126544 
20 265 13 17 0.044179235 
24 211 32 39 0.043232452 
627 81 18 23 0.040262237 
622 71 30 36 0.0389682 
555 135 28 39 0.03305301 
641 71 46 59 0.03126207 
22 144 62 84 0.030086821 
456 292 45 61 0.029034901 
-2 365 36 75 0.026219541 
13 258 16 20 0.025815522 
436 112 56 70 0.025192609 
588 166 46 58 0.024773886 
0 125 53 74 0.024152692 
391 779 40 46 0.0225213 
95 44 44 60 0.022388423 
660 101 41 58 0.02231793 
460 110 52 65 0.020994553 
621 86 17 21 0.020902144 
573 91 49 58 0.020646403 
613 81 30 35 0.020220045 
602 87 44 53 0.020116659 
