36_Football_Football_36_157
634
739 218 31 34 0.99767536 
607 240 27 32 0.9954591 
48 128 23 29 0.99474573 
869 85 20 26 0.99251634 
606 141 24 29 0.99233186 
755 118 18 22 0.9909031 
163 201 21 27 0.9881462 
964 138 17 22 0.9874391 
876 171 20 26 0.9864764 
285 133 17 23 0.98494256 
95 238 24 27 0.9839851 
91 107 15 18 0.98107177 
564 104 21 26 0.9807725 
498 246 24 30 0.98042876 
662 252 21 26 0.98004514 
786 56 19 24 0.9749052 
41 256 22 26 0.9719268 
508 175 20 25 0.9712777 
581 185 23 28 0.9710949 
978 198 16 24 0.9685324 
74 195 21 27 0.9684286 
541 26 21 27 0.9666853 
144 96 18 22 0.96575844 
846 50 19 23 0.96381783 
546 192 17 22 0.96357775 
344 133 20 26 0.96334946 
493 6 19 24 0.9628303 
178 93 18 23 0.96174574 
150 150 21 25 0.96150666 
233 77 19 22 0.96075827 
339 103 19 23 0.9604027 
614 75 21 25 0.958288 
392 82 20 23 0.95715886 
479 120 21 24 0.9547589 
907 217 22 28 0.9542565 
907 168 19 22 0.953584 
425 261 21 27 0.9499901 
115 200 18 22 0.94794446 
855 0 20 22 0.9451892 
461 33 21 26 0.944147 
535 74 21 27 0.9416646 
579 6 21 23 0.9400335 
0 181 20 28 0.9398786 
898 24 19 26 0.9395425 
544 107 19 24 0.93870777 
119 110 19 23 0.9365817 
184 183 22 26 0.9350963 
984 247 22 26 0.93472385 
229 173 19 23 0.9320217 
431 345 27 38 0.9306184 
579 84 18 23 0.92964894 
248 117 17 23 0.9292301 
303 159 19 23 0.9266161 
157 176 20 25 0.92584854 
361 114 17 22 0.9255672 
970 24 17 22 0.9208071 
411 140 18 22 0.9190467 
144 270 17 24 0.91606814 
632 188 24 28 0.915665 
113 134 19 26 0.91314346 
334 179 20 25 0.9119435 
666 31 21 26 0.9052486 
390 196 34 34 0.8979391 
903 103 18 24 0.8951456 
890 131 16 19 0.88885754 
432 217 20 26 0.88822967 
898 83 22 27 0.8801303 
897 192 17 21 0.878994 
814 109 15 19 0.8721886 
234 247 29 33 0.86947185 
565 133 18 23 0.8656567 
833 108 16 20 0.84429705 
246 196 18 19 0.84427005 
336 43 19 23 0.84132683 
348 5 17 19 0.83804536 
197 0 19 20 0.8276281 
515 51 19 24 0.82606524 
516 145 19 22 0.82316446 
230 235 28 34 0.8230378 
415 7 23 27 0.81790495 
787 172 24 30 0.8175614 
293 92 19 22 0.81686413 
273 42 18 21 0.8154066 
424 98 19 21 0.804899 
382 128 17 21 0.7968136 
299 219 20 23 0.79616547 
614 41 21 23 0.78833276 
413 53 16 19 0.7865577 
552 103 22 29 0.7836458 
44 186 19 22 0.7648972 
524 110 20 23 0.75821507 
15 117 20 25 0.74960417 
407 120 17 20 0.7417854 
642 -1 19 18 0.7377698 
942 95 14 19 0.72836494 
356 175 19 22 0.7188902 
489 88 16 20 0.71162015 
229 128 16 18 0.70027226 
87 132 21 27 0.69874287 
873 215 23 32 0.6984471 
79 153 18 23 0.68548787 
102 169 20 23 0.6589228 
455 104 15 18 0.65081483 
319 78 22 25 0.64670247 
853 187 15 19 0.62277937 
851 165 16 22 0.6179486 
781 110 18 22 0.6167905 
483 358 17 21 0.59103763 
0 144 14 20 0.5884269 
585 159 18 22 0.56938505 
441 165 19 22 0.555025 
819 18 14 17 0.53363985 
932 173 20 26 0.49317053 
149 49 16 18 0.4907473 
249 153 17 19 0.43731362 
216 158 17 20 0.4355038 
966 98 12 16 0.3885183 
142 198 20 26 0.38730967 
81 141 20 27 0.37504348 
300 120 20 24 0.3679791 
667 172 15 20 0.3627127 
265 26 16 19 0.35869947 
412 64 17 21 0.35475364 
954 193 15 19 0.34157678 
841 188 17 21 0.33565468 
485 203 16 19 0.33072704 
271 163 15 19 0.33021858 
474 64 16 19 0.31961048 
750 186 23 28 0.31372678 
25 47 25 30 0.27702475 
23 167 20 26 0.2744632 
957 233 21 26 0.2701536 
418 0 20 21 0.2656594 
353 70 18 20 0.24784893 
363 97 16 18 0.23854943 
271 203 15 20 0.23080997 
153 19 14 17 0.22795454 
786 234 29 35 0.2264024 
926 6 11 13 0.22385706 
203 99 15 19 0.22121027 
186 146 17 20 0.22068751 
763 206 27 37 0.21804844 
276 184 17 20 0.21293032 
494 356 26 32 0.21050958 
583 245 20 25 0.20796864 
98 4 16 19 0.20709485 
186 171 22 26 0.19981857 
1 232 16 22 0.19893618 
329 152 19 21 0.19725151 
733 123 17 21 0.19246428 
293 63 14 18 0.18931901 
385 112 17 21 0.18916258 
635 168 22 27 0.18630677 
242 149 18 20 0.18609853 
45 193 22 28 0.18508963 
477 99 15 19 0.18184176 
33 175 23 27 0.17984715 
186 155 22 25 0.17861986 
15 106 16 19 0.17548549 
32 153 17 19 0.17547747 
935 165 15 18 0.17386146 
947 101 16 20 0.172561 
766 149 16 19 0.16915302 
860 132 21 25 0.16838732 
1006 94 12 16 0.16683368 
306 258 20 22 0.15928829 
695 20 21 28 0.1587472 
952 20 11 15 0.15713978 
749 0 15 18 0.15332836 
267 35 19 22 0.15332429 
154 305 16 20 0.14725885 
980 159 13 18 0.143261 
41 18 17 20 0.14289688 
814 13 15 18 0.1422738 
779 119 18 23 0.14038177 
957 199 16 20 0.13724779 
679 29 21 27 0.13722806 
638 163 16 20 0.13661069 
321 69 18 22 0.13654125 
284 181 16 20 0.1351537 
484 94 19 23 0.1329404 
204 92 14 16 0.13160616 
804 229 31 38 0.1298714 
956 99 14 19 0.12920645 
165 131 15 18 0.12870741 
728 47 22 25 0.12609604 
28 125 16 21 0.12593004 
631 318 29 36 0.12581755 
900 198 22 27 0.12575679 
427 108 17 22 0.12552634 
1008 75 14 17 0.12509426 
754 -1 15 14 0.124807745 
166 65 15 18 0.12414872 
590 138 17 20 0.123898454 
850 177 18 23 0.123335004 
215 265 17 22 0.120144784 
398 118 21 26 0.11973771 
587 144 20 25 0.119729504 
685 126 23 27 0.11927599 
972 242 22 28 0.11846062 
483 215 16 21 0.116813734 
632 125 21 25 0.11559512 
925 14 16 20 0.115269594 
632 438 30 38 0.11490221 
65 0 18 19 0.11420764 
325 134 17 20 0.11338646 
964 237 21 27 0.10852503 
1004 198 14 18 0.107468896 
786 241 19 21 0.10617649 
273 214 20 25 0.10575188 
798 0 11 12 0.10501404 
223 167 20 24 0.104914345 
348 16 17 19 0.10470567 
389 124 22 26 0.10374056 
416 108 20 26 0.102074325 
113 298 24 31 0.10112577 
742 195 30 39 0.09978036 
31 122 23 30 0.09801025 
941 6 13 15 0.09678459 
999 137 12 15 0.095452175 
483 223 18 26 0.09543701 
578 339 15 19 0.09543148 
282 1 18 19 0.092382886 
957 209 17 21 0.092019476 
409 128 17 22 0.09174416 
223 256 24 29 0.09155171 
190 130 14 17 0.09135028 
501 125 13 17 0.091225386 
1012 109 11 17 0.085952215 
270 187 15 18 0.08472184 
826 188 23 25 0.082922 
133 239 21 27 0.08264006 
0 63 11 21 0.08226471 
332 159 22 27 0.08100934 
208 1 15 18 0.077797554 
452 59 15 20 0.077626646 
327 122 14 19 0.07735818 
731 34 22 24 0.075658046 
988 217 17 21 0.07492311 
112 171 16 19 0.074669525 
131 196 20 27 0.074531004 
962 195 15 19 0.074211836 
931 5 14 16 0.074154414 
674 10 17 20 0.073784664 
258 171 14 19 0.073259436 
564 -2 13 12 0.07262765 
773 206 14 19 0.072216354 
964 198 19 25 0.07212037 
299 39 16 20 0.071861535 
949 216 16 21 0.07116823 
590 237 25 33 0.07101282 
303 211 18 22 0.070422806 
0 51 10 17 0.068807036 
321 91 17 21 0.06865637 
335 37 16 20 0.06740557 
163 91 13 16 0.06587655 
869 49 13 18 0.065659575 
877 27 14 18 0.06394887 
233 229 19 22 0.06391198 
1010 97 13 17 0.0635695 
276 196 23 28 0.06311541 
480 61 18 21 0.062713936 
657 0 17 19 0.062612504 
505 364 18 23 0.062469497 
952 0 11 13 0.06194365 
371 94 14 18 0.061725523 
28 159 22 25 0.061192907 
163 180 22 28 0.060755257 
708 142 16 20 0.060512863 
710 162 21 27 0.060277 
252 177 17 20 0.059835862 
965 179 14 18 0.059820324 
924 61 16 21 0.05814047 
467 69 18 21 0.0581388 
152 33 17 19 0.05795607 
271 224 16 22 0.05659437 
903 178 20 26 0.055553254 
502 347 32 42 0.055539597 
603 110 21 24 0.05481407 
884 65 16 19 0.05479726 
784 101 21 25 0.054725543 
700 0 17 18 0.0546139 
290 122 23 26 0.05428319 
362 72 15 18 0.053847507 
183 50 15 17 0.05361415 
570 329 25 31 0.05326974 
669 18 22 27 0.052999217 
925 119 14 18 0.05263196 
971 96 11 15 0.052555464 
765 1 14 18 0.052478027 
725 392 52 65 0.05215992 
53 195 23 29 0.051765595 
767 7 23 27 0.0510273 
317 429 42 50 0.050616875 
230 163 21 23 0.050610058 
819 191 18 20 0.050422177 
917 15 14 20 0.050419137 
973 14 13 16 0.050334137 
434 204 23 28 0.050245255 
179 107 16 21 0.05007103 
553 170 21 24 0.049860787 
346 172 21 26 0.04983139 
332 129 21 26 0.049743183 
336 325 32 38 0.04951691 
451 -1 16 14 0.049361527 
470 175 14 19 0.048862055 
438 145 16 19 0.04817806 
19 215 22 28 0.048159674 
595 295 32 40 0.047500767 
699 12 16 19 0.047478203 
646 1 23 25 0.046864264 
391 211 29 32 0.04674195 
881 21 22 28 0.046335507 
287 185 22 28 0.046204723 
400 73 20 24 0.045799784 
308 197 12 15 0.045247406 
424 327 38 48 0.04505614 
514 154 24 26 0.044570882 
68 179 17 20 0.0443673 
261 80 17 22 0.044348158 
723 458 51 67 0.04430045 
132 185 17 21 0.04414355 
295 101 21 23 0.044101078 
746 68 24 28 0.043509264 
76 284 16 22 0.04283273 
752 213 30 37 0.042809375 
705 -1 16 14 0.0422045 
974 168 15 20 0.04209613 
891 64 16 18 0.04182065 
75 212 16 22 0.04144357 
148 -1 13 12 0.04127002 
478 132 17 21 0.041214913 
215 271 23 29 0.041145816 
1006 132 11 16 0.040974718 
270 123 14 18 0.040467206 
509 9 13 17 0.040406983 
708 29 15 22 0.04026206 
184 102 15 20 0.040259533 
268 194 15 21 0.039901238 
9 213 21 28 0.03982087 
906 78 21 27 0.039440922 
921 5 12 15 0.03937057 
828 12 13 17 0.03916372 
237 114 19 25 0.039122578 
307 202 15 21 0.039004013 
594 10 15 19 0.038825817 
921 166 20 26 0.03861086 
456 110 19 22 0.038246706 
793 247 16 21 0.038189482 
938 215 20 26 0.03817523 
692 505 15 20 0.0381287 
5 285 14 18 0.038069826 
483 363 29 35 0.037986252 
565 312 28 35 0.037954006 
623 35 18 23 0.037943967 
654 242 35 45 0.03793587 
2 216 16 21 0.037883177 
400 240 24 31 0.037714884 
156 107 12 17 0.037266176 
53 182 21 27 0.037166342 
1005 171 16 18 0.03703243 
486 230 21 27 0.036881566 
243 352 47 63 0.03664108 
0 133 12 19 0.03658743 
965 275 24 29 0.036542747 
955 0 14 17 0.03623114 
279 1 13 13 0.036225498 
575 130 21 25 0.036218617 
920 147 13 16 0.0361382 
227 117 16 20 0.036126975 
57 250 20 28 0.036076777 
527 0 11 11 0.036013454 
1001 99 11 15 0.036012825 
595 142 19 23 0.03565031 
237 259 31 36 0.03564186 
641 255 21 27 0.03556519 
949 112 15 18 0.035367247 
533 0 11 10 0.035216715 
453 87 21 25 0.03518599 
473 449 23 22 0.035089284 
485 311 28 35 0.03502419 
934 9 20 24 0.034929182 
185 139 14 19 0.03491847 
174 194 21 27 0.034861602 
850 33 20 25 0.03475571 
317 4 12 14 0.034747507 
609 216 26 30 0.034578357 
11 44 22 30 0.03422587 
156 84 15 18 0.034168955 
343 22 21 26 0.034087002 
951 233 17 22 0.033936508 
837 27 15 18 0.033915225 
626 131 22 26 0.033865143 
54 119 14 16 0.03383007 
519 125 22 27 0.033823356 
858 32 17 21 0.03374825 
380 396 38 39 0.033427745 
514 10 14 17 0.033395343 
803 4 15 18 0.03334445 
337 29 21 25 0.033268034 
34 23 26 33 0.033249676 
198 103 14 19 0.033174813 
295 254 25 29 0.03307614 
352 1 17 17 0.032990664 
319 21 13 16 0.032842502 
807 9 15 21 0.032776058 
529 145 15 20 0.03275011 
798 236 45 52 0.032742575 
628 296 35 43 0.032710314 
36 247 35 44 0.0327054 
587 126 23 27 0.03268001 
953 121 14 17 0.032593776 
843 112 15 20 0.032506175 
342 72 15 19 0.032416973 
815 23 16 20 0.032347955 
223 124 16 20 0.03230181 
643 251 15 20 0.032296978 
989 168 15 21 0.032278366 
162 51 13 15 0.03225405 
254 49 13 17 0.03204206 
793 99 15 18 0.031934023 
615 52 21 25 0.031794403 
941 41 13 16 0.031750306 
690 28 18 24 0.0317352 
10 288 14 19 0.031708844 
484 345 28 35 0.031615395 
970 186 15 20 0.031568773 
456 78 23 25 0.031418204 
459 64 20 24 0.03133293 
235 137 16 18 0.03109179 
642 172 24 30 0.031072829 
612 321 29 36 0.03100683 
478 160 15 19 0.030968618 
611 348 15 18 0.030689206 
989 0 14 12 0.03066901 
517 224 17 21 0.030496387 
223 115 14 18 0.030462561 
699 133 20 27 0.030461302 
843 178 18 24 0.030449923 
931 21 15 19 0.030380486 
448 64 15 19 0.02999977 
327 198 24 31 0.02999023 
446 155 20 26 0.029863793 
293 191 23 29 0.029699147 
894 109 21 26 0.029641205 
307 268 18 21 0.029640568 
248 260 19 22 0.02960467 
308 0 12 12 0.02953493 
912 13 12 17 0.02946902 
812 6 15 18 0.029444246 
994 212 16 19 0.029271109 
458 148 15 19 0.029146131 
281 209 15 20 0.02904172 
164 96 14 18 0.0290236 
407 50 16 20 0.028748143 
539 61 15 18 0.028692095 
989 44 12 15 0.028668413 
948 13 14 18 0.028659241 
0 46 17 30 0.02851742 
9 128 23 29 0.028430145 
959 183 20 25 0.028366292 
195 285 13 16 0.028251484 
489 103 18 22 0.028147448 
264 44 22 27 0.028010117 
194 138 14 19 0.027920047 
307 110 15 19 0.027906395 
417 347 31 42 0.027803743 
853 107 13 18 0.027696742 
259 164 14 18 0.027684804 
409 249 25 32 0.027634757 
987 116 13 17 0.02759819 
408 206 18 22 0.02746328 
5 96 19 28 0.02744828 
951 14 19 25 0.027349468 
277 6 17 19 0.027348341 
479 70 21 23 0.027308255 
313 126 20 25 0.027261646 
667 -1 14 14 0.02718585 
744 3 15 18 0.027070582 
965 4 11 14 0.027062653 
313 255 22 28 0.027029019 
303 26 15 19 0.026960036 
271 27 17 20 0.02691293 
506 129 15 18 0.026906583 
456 162 15 21 0.026890174 
986 237 17 21 0.026793208 
255 196 19 24 0.026790872 
996 245 20 28 0.026746618 
976 31 14 18 0.026692592 
667 174 22 31 0.026689498 
66 255 17 22 0.0266744 
574 147 21 25 0.026584618 
325 0 12 11 0.02654007 
571 320 17 20 0.026459854 
437 154 19 24 0.026433986 
140 138 16 19 0.026406873 
360 256 32 37 0.026353274 
84 296 16 19 0.026336579 
868 32 15 19 0.026243608 
214 27 14 17 0.026243577 
517 330 32 46 0.026219428 
192 299 18 19 0.026169335 
194 125 15 18 0.026164085 
937 183 22 28 0.02607655 
995 168 23 26 0.025807975 
603 332 26 33 0.02571696 
617 141 25 28 0.02563398 
806 215 32 37 0.025236828 
497 90 14 18 0.025181135 
454 153 14 20 0.025153467 
246 29 12 16 0.025111543 
918 35 13 16 0.024990028 
973 116 12 16 0.024779346 
917 67 20 26 0.0247501 
374 372 45 52 0.024745839 
502 508 14 19 0.02474204 
817 235 18 23 0.024691384 
907 250 16 19 0.024656923 
372 210 14 18 0.02463236 
228 246 19 25 0.02460012 
128 133 21 26 0.024500579 
741 9 16 20 0.024368152 
129 315 17 22 0.024366206 
83 2 15 17 0.024351751 
907 21 20 27 0.02435072 
256 386 36 52 0.024301512 
158 129 14 18 0.024298087 
220 151 16 19 0.024242057 
738 388 33 42 0.024166994 
428 317 29 31 0.024048736 
650 242 17 22 0.02397105 
969 13 10 14 0.023952622 
147 140 16 20 0.023927854 
860 216 39 47 0.023859374 
291 275 25 31 0.023842545 
920 216 17 23 0.023823762 
156 75 16 18 0.02370026 
506 441 14 19 0.02354978 
1 129 21 30 0.023536637 
240 199 16 19 0.023530195 
334 29 14 19 0.023517922 
728 419 56 75 0.023460276 
665 2 21 22 0.023367118 
900 253 23 28 0.023329703 
363 137 15 19 0.023304187 
145 107 17 22 0.023293875 
0 100 11 18 0.023280926 
1003 208 16 18 0.023261536 
322 24 14 19 0.023224948 
352 183 24 30 0.023192301 
464 102 20 25 0.02319027 
489 115 18 22 0.023119582 
610 295 36 43 0.023066016 
810 194 30 33 0.023041869 
307 20 15 19 0.022971284 
876 154 15 18 0.022960665 
450 172 15 20 0.022918575 
530 129 16 21 0.02291592 
933 1 12 12 0.022914488 
252 0 12 12 0.022897637 
217 2 15 16 0.022896959 
572 303 29 34 0.022834675 
428 84 14 18 0.022773053 
104 10 13 17 0.022755835 
535 326 26 41 0.02269608 
495 539 35 30 0.022674473 
391 226 28 36 0.0226502 
139 179 14 20 0.022598509 
380 4 16 19 0.02259215 
549 178 17 20 0.022585062 
312 199 22 29 0.02256211 
602 11 14 19 0.0225376 
291 2 27 29 0.022484332 
573 158 16 20 0.022464948 
733 13 21 26 0.022422666 
85 158 20 25 0.022410868 
167 117 21 26 0.022386493 
155 55 15 18 0.022370646 
49 0 24 25 0.022361314 
981 214 17 23 0.022347027 
603 306 33 43 0.022250254 
607 40 16 19 0.022245659 
545 279 16 19 0.022229237 
957 86 13 16 0.022128131 
983 5 11 13 0.022073677 
326 158 17 22 0.022043452 
10 170 20 28 0.021936037 
197 85 15 18 0.02185115 
333 -1 13 11 0.021835888 
477 229 18 24 0.02182353 
452 71 17 20 0.021741832 
934 211 14 22 0.021715088 
817 103 15 19 0.021660667 
204 223 22 26 0.02165961 
295 112 21 25 0.02160697 
513 246 22 28 0.021520747 
517 0 13 11 0.021389488 
532 208 14 20 0.021255651 
236 92 15 20 0.021234022 
1008 112 11 16 0.02117071 
132 168 16 20 0.021154849 
443 140 16 19 0.02114816 
517 435 16 20 0.021118151 
1004 188 14 16 0.021101894 
844 100 13 18 0.021077972 
888 221 17 24 0.02105669 
195 74 15 19 0.021025721 
791 254 14 19 0.020944724 
237 176 19 23 0.020920109 
957 178 16 21 0.020864286 
222 154 21 23 0.020756744 
178 129 21 25 0.02074426 
835 194 20 24 0.020690056 
621 29 16 18 0.020670552 
926 184 15 22 0.020626787 
81 282 25 30 0.020543443 
776 214 17 23 0.020494923 
244 340 33 50 0.02049342 
142 0 16 17 0.020411193 
612 339 14 18 0.020391038 
255 255 17 22 0.020356368 
559 -10 25 24 0.020341635 
220 363 49 63 0.020319847 
730 27 19 21 0.020253016 
292 133 20 25 0.020239182 
340 236 16 20 0.020237282 
0 208 13 20 0.020235112 
631 170 16 19 0.020174947 
584 253 26 30 0.020166801 
572 342 27 35 0.020166438 
810 253 48 54 0.020121282 
915 154 17 21 0.020069733 
830 5 14 17 0.020061165 
950 137 15 22 0.020005492 
