36_Football_americanfootball_ball_36_257
70
629 135 52 70 0.9995459 
430 196 61 74 0.9995303 
72 226 68 88 0.9993993 
503 214 34 45 0.99897987 
100 169 56 70 0.99869734 
865 160 82 110 0.99569017 
287 168 57 68 0.98527795 
58 181 30 39 0.983309 
989 253 28 44 0.92640096 
386 193 33 51 0.8952972 
431 169 36 40 0.6591064 
190 180 24 32 0.31719768 
416 12 24 30 0.28595084 
765 181 84 120 0.22529419 
906 35 50 67 0.21209921 
660 609 35 39 0.15253496 
992 159 26 37 0.13263416 
185 133 16 21 0.09122469 
0 180 30 50 0.07284058 
0 160 12 18 0.071480356 
754 204 56 74 0.069833875 
822 175 88 119 0.0666195 
589 89 17 22 0.064216934 
188 175 41 60 0.06328306 
912 11 78 103 0.062885195 
962 55 56 68 0.06117739 
33 171 44 59 0.06064213 
566 94 43 66 0.059848014 
974 139 41 56 0.058840193 
361 177 48 63 0.057286013 
424 183 34 46 0.056923952 
385 -1 26 23 0.052965224 
740 352 50 57 0.052659567 
528 37 27 31 0.045426227 
968 101 29 36 0.03892077 
32 136 9 11 0.03824493 
755 222 33 43 0.034996003 
251 171 16 20 0.03488254 
936 64 87 113 0.033652354 
490 196 28 33 0.032727517 
234 171 43 59 0.03171483 
317 162 51 70 0.03148146 
275 183 41 41 0.031340078 
70 178 34 42 0.03085262 
294 130 67 94 0.029260302 
250 165 27 34 0.028720256 
418 27 29 35 0.027945796 
15 143 11 13 0.027799115 
24 241 41 58 0.026394477 
265 178 32 40 0.025799206 
958 261 28 37 0.025688661 
961 122 45 58 0.025416968 
593 163 26 36 0.024126936 
220 185 46 65 0.023840789 
973 77 52 71 0.023379331 
889 39 89 118 0.023325011 
982 226 44 68 0.023225727 
744 234 53 70 0.022967707 
530 49 87 127 0.02272546 
952 195 30 42 0.022229712 
422 42 27 30 0.022191769 
488 210 33 43 0.021667626 
935 186 53 73 0.021534506 
0 379 10 15 0.021147449 
398 195 47 57 0.021041775 
21 142 9 13 0.020587903 
718 141 174 223 0.02042074 
650 591 58 64 0.02028621 
187 123 18 22 0.020270176 
45 164 27 40 0.020259658 
