36_Football_Football_36_194
45
826 238 17 20 0.9952893 
421 219 16 21 0.99209654 
453 255 22 32 0.97825706 
455 189 13 17 0.96808314 
69 191 11 15 0.92257273 
557 296 22 27 0.90076256 
988 137 12 14 0.7321346 
404 147 11 13 0.41224048 
568 298 20 21 0.18656348 
408 562 21 35 0.17672329 
430 269 17 21 0.10601628 
445 260 22 34 0.0589013 
981 223 7 10 0.05262555 
415 175 8 10 0.051853765 
396 175 10 13 0.04994946 
742 137 11 14 0.049457785 
380 184 10 12 0.048458267 
78 216 10 12 0.04390442 
701 134 8 10 0.04298281 
436 279 14 21 0.042746935 
375 549 22 34 0.042502463 
846 372 9 11 0.034951016 
824 348 16 19 0.030452035 
854 294 11 15 0.030437276 
437 238 12 13 0.029392792 
405 558 17 24 0.029238893 
434 257 16 22 0.028558165 
408 174 9 12 0.028409474 
411 285 25 29 0.028380966 
534 483 12 17 0.027958514 
393 547 26 31 0.027308026 
392 182 9 11 0.027143357 
553 296 15 22 0.026714811 
74 299 12 16 0.02543784 
481 259 15 21 0.025007058 
552 168 10 12 0.024656402 
427 279 17 22 0.024402985 
398 573 27 31 0.022950478 
472 264 18 21 0.022749936 
76 226 12 14 0.022660846 
443 247 23 31 0.022639764 
81 183 8 10 0.022259427 
976 173 9 13 0.021333257 
438 245 12 16 0.021195939 
570 166 9 11 0.020684054 
