36_Football_americanfootball_ball_36_510
33
573 142 68 77 0.99500054 
161 33 65 81 0.36359063 
968 74 42 58 0.3154742 
390 86 42 55 0.29843235 
564 28 48 65 0.26225528 
495 29 43 53 0.1389762 
104 39 105 100 0.09878886 
240 345 51 63 0.0843024 
203 13 35 45 0.0818274 
879 9 54 77 0.08163576 
391 110 44 55 0.0781332 
857 113 50 58 0.07378088 
954 86 40 52 0.06496212 
284 76 40 55 0.06413859 
1 0 37 47 0.054505598 
178 12 61 72 0.054191586 
908 44 53 74 0.050606374 
925 86 40 55 0.041375227 
710 0 27 21 0.036923032 
571 17 36 45 0.036114514 
862 572 15 19 0.035769287 
467 230 86 100 0.034742445 
351 86 47 59 0.03238222 
81 -4 159 186 0.030983318 
900 0 82 102 0.029717822 
970 32 49 81 0.027903102 
870 32 38 56 0.026065094 
187 56 59 75 0.02409788 
-97 325 393 433 0.023566715 
639 170 13 17 0.023037221 
245 56 16 22 0.02080102 
781 1 31 35 0.020747017 
634 497 31 32 0.020059476 
