36_Football_americanfootball_ball_36_487
2141
167 237 14 17 0.9766534 
801 331 27 29 0.9764639 
276 198 12 16 0.96314967 
46 253 13 16 0.9589024 
55 303 14 21 0.95233905 
204 231 12 16 0.9388411 
222 251 13 17 0.89563453 
380 67 11 14 0.8847836 
513 196 12 16 0.87956494 
284 79 10 13 0.87745607 
63 221 12 16 0.86827636 
291 258 13 16 0.86321265 
608 242 12 15 0.8601174 
89 220 12 17 0.85877144 
168 117 11 13 0.8584136 
374 251 12 16 0.85725886 
114 52 10 12 0.8427393 
296 183 12 14 0.8393116 
860 148 10 14 0.83571136 
916 164 11 15 0.8307346 
144 166 12 15 0.8284299 
112 88 11 14 0.8238636 
6 216 11 14 0.8144794 
101 155 11 14 0.8105673 
657 182 9 12 0.8092509 
13 143 11 14 0.8050165 
129 140 10 12 0.80471915 
871 230 12 15 0.7958242 
27 234 12 17 0.7954727 
905 189 10 13 0.79500264 
380 44 10 14 0.79259646 
823 207 12 14 0.79190063 
960 174 10 14 0.79155105 
231 232 14 16 0.78016174 
887 199 10 13 0.7682471 
292 159 11 13 0.76717556 
585 221 11 14 0.7639975 
884 19 12 15 0.7544979 
371 96 12 16 0.7516069 
950 119 10 12 0.7483265 
526 245 11 16 0.745484 
396 250 12 15 0.7414142 
908 121 11 15 0.73686785 
195 174 11 14 0.7278313 
103 175 12 16 0.72103876 
885 163 11 15 0.7174153 
896 225 12 16 0.71655303 
628 228 11 14 0.715836 
900 271 14 17 0.71463233 
921 180 10 14 0.705173 
359 273 13 17 0.704834 
885 43 11 13 0.7015479 
339 85 12 15 0.6934912 
59 157 10 13 0.6920775 
413 232 11 14 0.6865794 
839 42 10 14 0.68365175 
774 244 11 14 0.67470866 
919 210 12 15 0.6746137 
70 196 12 14 0.67109036 
625 6 11 13 0.6631316 
767 111 9 11 0.65999013 
799 222 9 11 0.6558353 
197 6 8 10 0.64982635 
719 231 10 12 0.6307307 
16 93 9 11 0.62957305 
880 126 10 13 0.62887096 
83 257 12 15 0.6251625 
606 44 9 11 0.61973697 
319 186 11 14 0.6114379 
184 16 9 13 0.609895 
318 52 9 13 0.59799457 
86 108 11 14 0.59673333 
437 29 8 11 0.59648573 
670 78 8 10 0.5956832 
622 185 9 11 0.5930995 
973 7 11 13 0.58971614 
417 253 13 15 0.5859235 
942 143 10 13 0.58525217 
844 211 10 13 0.58360505 
99 244 12 16 0.57951516 
674 238 9 12 0.57849765 
95 92 9 12 0.577578 
392 54 8 12 0.5741734 
977 102 9 12 0.5717765 
85 34 11 14 0.5689141 
164 15 10 14 0.5667223 
312 275 16 20 0.56511015 
13 66 10 13 0.5634242 
174 99 11 13 0.56334245 
927 119 8 11 0.5623023 
797 50 11 14 0.5606069 
826 168 9 11 0.55981797 
321 255 10 13 0.558893 
716 126 8 12 0.55872524 
77 135 10 14 0.5553061 
872 180 11 13 0.55488145 
544 197 11 13 0.55367094 
843 174 9 13 0.55267054 
328 36 10 13 0.5516617 
392 86 10 13 0.5455579 
625 73 10 13 0.5444106 
1001 171 10 13 0.54183835 
451 37 8 11 0.54101896 
264 35 9 12 0.5410043 
235 23 10 12 0.5400731 
32 103 10 13 0.5387584 
844 2 11 14 0.53756785 
913 55 11 13 0.5359634 
365 238 11 13 0.5352243 
697 118 10 12 0.53475744 
562 11 9 12 0.5273738 
701 246 12 15 0.52313095 
304 92 10 12 0.51775676 
659 207 11 13 0.5147942 
459 284 21 26 0.51336443 
59 53 10 12 0.51197344 
41 59 9 12 0.51001996 
60 142 9 11 0.50839764 
768 195 9 11 0.5080574 
727 199 11 13 0.5076261 
8 108 9 11 0.5076083 
790 172 10 13 0.4985358 
941 103 10 12 0.49659762 
357 181 10 14 0.49489745 
770 31 10 12 0.4936377 
986 226 13 15 0.48833856 
228 77 9 11 0.48749617 
940 173 11 13 0.48452622 
253 158 10 12 0.47599795 
630 204 11 14 0.47585312 
130 47 10 13 0.4700429 
10 36 10 12 0.4694249 
398 133 11 14 0.46899623 
285 5 9 12 0.46499664 
336 278 11 14 0.46289036 
398 93 10 14 0.4610073 
65 180 10 12 0.45491433 
432 189 8 11 0.4535705 
40 135 10 12 0.45232415 
749 247 11 14 0.45057887 
703 78 10 12 0.44847938 
913 232 11 14 0.44811913 
943 87 11 12 0.44760486 
81 68 10 12 0.44667855 
64 92 9 12 0.44635823 
181 68 10 12 0.44486088 
454 57 9 12 0.44474593 
971 253 16 19 0.44364467 
704 208 9 12 0.44296467 
865 39 11 13 0.4425107 
506 71 9 12 0.44227844 
25 173 9 12 0.43961394 
257 76 9 12 0.43498558 
533 83 9 13 0.43046635 
480 36 8 11 0.42499006 
325 107 9 12 0.4238616 
30 20 9 12 0.4234403 
143 102 10 13 0.41973215 
941 226 11 13 0.41831988 
1010 147 10 14 0.417999 
46 69 10 14 0.41660726 
533 197 11 14 0.41618827 
864 314 24 30 0.4152486 
201 69 10 13 0.41378814 
309 13 8 11 0.41218734 
554 222 9 13 0.40799394 
709 14 8 11 0.40784726 
900 88 9 13 0.40587115 
793 326 24 28 0.4054932 
462 182 10 13 0.40481806 
486 202 13 15 0.40370938 
598 134 10 13 0.3985903 
278 163 9 12 0.39342257 
661 30 9 11 0.39322856 
977 176 8 10 0.38434178 
736 71 9 12 0.3825529 
272 104 10 13 0.38112524 
537 110 10 12 0.380109 
975 124 9 11 0.37859616 
924 272 15 17 0.3775051 
419 106 11 14 0.37364733 
796 93 8 10 0.36989847 
976 144 10 12 0.36972803 
136 29 10 12 0.3695338 
349 129 14 17 0.3650042 
285 231 9 12 0.36475816 
320 72 9 10 0.36391512 
328 12 10 13 0.3589737 
946 38 9 11 0.35020837 
764 143 11 13 0.3497569 
790 200 10 12 0.3491943 
20 308 13 20 0.34788534 
528 24 8 10 0.34653777 
789 32 10 14 0.34543234 
823 132 12 15 0.34411106 
126 32 8 11 0.34344062 
191 85 9 12 0.34150013 
575 39 9 12 0.34125215 
940 256 16 20 0.34056807 
494 127 10 12 0.33849746 
58 102 8 11 0.33739012 
483 308 24 30 0.33539462 
6 304 17 21 0.3323383 
504 99 10 12 0.33141187 
383 283 13 16 0.33054954 
930 14 9 12 0.3299293 
205 77 8 10 0.32928768 
40 93 10 12 0.3276065 
1004 101 9 11 0.32670984 
388 231 12 15 0.32661545 
81 16 11 12 0.32128373 
103 35 10 12 0.31927735 
817 236 10 12 0.31730127 
777 302 17 19 0.31677428 
457 330 24 31 0.31648803 
219 219 12 15 0.31550613 
190 31 10 12 0.31484598 
641 46 8 11 0.31387147 
706 94 9 12 0.312537 
462 84 10 12 0.312282 
601 87 9 13 0.30972522 
230 151 9 11 0.30719975 
950 21 9 11 0.3071941 
449 133 11 13 0.30594966 
589 31 9 12 0.3049704 
350 48 8 11 0.30377772 
863 104 10 13 0.30113882 
231 156 9 12 0.30044457 
725 31 9 12 0.29805613 
688 184 8 11 0.2963043 
248 104 10 13 0.29251882 
257 117 11 14 0.29213154 
1 123 9 13 0.29168007 
42 126 8 10 0.28952953 
298 55 9 11 0.28920668 
62 38 10 11 0.28919017 
426 141 11 14 0.28824598 
98 141 9 12 0.28807127 
228 134 10 12 0.2871713 
917 171 12 16 0.28638294 
393 13 8 11 0.28568846 
141 250 12 15 0.2843101 
678 96 8 10 0.28375605 
885 79 10 13 0.28253862 
909 14 10 13 0.28143895 
117 255 11 14 0.28016666 
424 65 10 14 0.2800907 
758 175 9 13 0.2785164 
300 103 10 12 0.27752143 
6 258 10 13 0.27645403 
913 76 9 12 0.2763888 
861 77 10 13 0.2706046 
813 54 8 11 0.2705295 
805 277 13 15 0.27001083 
458 184 9 11 0.2689723 
223 2 10 11 0.2681334 
808 38 9 12 0.26763344 
86 181 9 12 0.26550642 
733 247 9 12 0.26544842 
1012 244 10 16 0.2649229 
175 46 9 12 0.2638179 
24 77 10 12 0.2625723 
551 38 10 12 0.2615214 
159 62 9 11 0.26138318 
466 133 8 12 0.26125973 
767 166 9 11 0.25940996 
847 256 11 13 0.25888625 
199 64 11 12 0.2585529 
752 259 12 15 0.25742847 
444 190 11 13 0.25601214 
85 14 9 11 0.25552937 
1013 21 8 11 0.2553795 
105 8 9 12 0.254584 
454 112 11 13 0.25168628 
495 39 10 12 0.25152585 
488 104 9 12 0.25117123 
773 0 9 11 0.25017127 
285 286 15 19 0.24890384 
422 284 13 17 0.24858664 
924 96 9 13 0.24813111 
605 87 9 11 0.24791683 
231 92 9 11 0.24765944 
875 314 21 26 0.24727137 
652 78 8 10 0.24621493 
334 62 10 12 0.24473573 
662 112 7 10 0.24446253 
871 204 8 11 0.24421912 
100 202 10 13 0.23960602 
695 28 9 12 0.23737773 
678 11 10 12 0.23721403 
646 87 9 12 0.23590396 
634 134 8 11 0.23538284 
310 167 11 13 0.23476048 
90 340 15 18 0.23290297 
919 23 8 10 0.23223642 
567 222 8 11 0.23194234 
119 107 9 12 0.23083545 
828 181 11 14 0.22896688 
684 277 13 16 0.22830324 
620 283 12 14 0.22453344 
575 192 9 13 0.22419441 
185 33 9 11 0.22369303 
264 294 10 14 0.22230211 
341 180 11 13 0.22214088 
18 124 9 11 0.21931113 
334 249 11 15 0.21839498 
582 104 9 11 0.21711534 
523 278 15 20 0.21678929 
151 124 9 12 0.21667516 
389 178 10 12 0.2163242 
63 116 9 11 0.21581249 
538 341 18 25 0.2139802 
991 104 9 11 0.21368064 
806 46 11 13 0.21365052 
1002 30 8 10 0.21307372 
1 218 9 14 0.21294066 
40 164 10 12 0.21194744 
862 70 11 13 0.21092029 
728 6 9 11 0.20867449 
60 150 10 14 0.20753321 
360 19 10 13 0.20737039 
488 238 18 23 0.20648204 
673 59 9 11 0.2064738 
508 95 9 12 0.20646872 
362 4 9 10 0.20589288 
535 260 13 16 0.20558992 
104 267 13 18 0.20536596 
288 213 10 12 0.20523813 
629 97 8 11 0.20404303 
327 135 11 15 0.20350844 
335 181 10 13 0.20119843 
299 288 14 21 0.2000617 
223 93 8 11 0.19761917 
598 4 8 10 0.1961013 
543 290 17 22 0.19492553 
616 143 10 11 0.1948645 
783 13 10 13 0.19480006 
436 94 11 12 0.1942643 
262 248 12 16 0.19404417 
745 231 8 11 0.19382414 
957 54 8 10 0.19123147 
496 14 9 11 0.19103359 
326 183 10 14 0.19069101 
238 220 10 12 0.19014922 
368 250 12 16 0.18754128 
946 22 8 11 0.18717045 
966 39 8 11 0.18572555 
844 87 9 12 0.18499498 
688 74 10 12 0.18469265 
347 297 13 17 0.18372138 
479 213 14 17 0.18366995 
317 27 9 12 0.1830843 
46 119 8 11 0.18188603 
932 237 15 16 0.18136716 
438 46 8 10 0.18072191 
76 321 14 17 0.18057771 
681 109 9 12 0.17851171 
29 150 9 12 0.17534272 
109 11 9 12 0.1750313 
828 91 10 13 0.1749482 
171 343 12 15 0.17343415 
177 70 10 12 0.17275043 
521 62 10 11 0.17227735 
563 309 16 21 0.1720655 
740 275 14 19 0.17151314 
424 29 7 11 0.17132576 
85 152 9 11 0.17126006 
645 198 8 10 0.17103383 
82 30 10 13 0.17014427 
146 64 8 10 0.16972709 
820 115 11 12 0.16955552 
814 160 9 12 0.16881149 
922 38 8 11 0.16825385 
0 72 7 11 0.16820094 
574 0 8 9 0.16795285 
365 243 12 16 0.16745055 
505 2 8 9 0.16723648 
385 216 9 12 0.16715755 
592 5 9 11 0.16704077 
721 86 9 11 0.16681106 
56 11 11 13 0.1662216 
157 71 10 13 0.1658423 
246 84 9 11 0.1621895 
566 126 8 10 0.16211139 
968 223 10 12 0.16179247 
230 4 10 13 0.16173576 
140 24 11 12 0.16154891 
573 275 12 14 0.1608832 
25 314 13 17 0.16059543 
23 169 9 12 0.16051015 
567 145 8 11 0.16017677 
718 192 9 11 0.15980102 
482 134 9 11 0.15857053 
366 313 17 20 0.15815468 
56 111 9 11 0.15768126 
262 123 10 15 0.15732926 
298 107 11 13 0.15687957 
510 3 7 10 0.1565866 
277 317 15 18 0.15654345 
582 36 10 12 0.15638973 
503 280 13 17 0.15587182 
577 111 9 11 0.15562981 
85 64 8 11 0.15480189 
982 240 13 17 0.15458848 
1004 96 10 11 0.15386647 
342 224 10 12 0.15342043 
344 52 9 11 0.1530737 
553 31 8 11 0.15257935 
245 275 10 13 0.15221615 
13 242 14 16 0.15195176 
221 358 10 13 0.15098691 
645 16 9 11 0.15008858 
519 40 8 11 0.14980495 
49 150 7 10 0.14960538 
624 99 9 12 0.1490389 
617 317 17 21 0.14822476 
704 85 9 11 0.14782542 
353 77 9 12 0.14635497 
296 60 10 13 0.1456369 
234 47 9 12 0.14552733 
475 316 24 32 0.14531757 
672 10 11 14 0.14433661 
994 1 9 11 0.14428079 
445 78 8 11 0.14426188 
700 184 9 12 0.144189 
999 14 8 10 0.14324369 
46 282 14 19 0.14311594 
36 100 11 13 0.14308599 
886 276 10 13 0.14261903 
907 289 11 13 0.1422838 
154 78 9 12 0.14200048 
367 187 8 11 0.14192192 
695 184 11 13 0.14130366 
161 36 10 12 0.14116946 
951 134 11 14 0.14009696 
287 1 9 11 0.14003757 
0 54 8 12 0.1397675 
891 197 11 13 0.13934661 
708 289 13 16 0.13915667 
230 118 7 10 0.1381419 
95 316 12 17 0.13804282 
766 171 10 13 0.13803318 
232 51 9 12 0.13778654 
23 70 9 12 0.13765223 
934 7 10 11 0.13743004 
154 320 14 18 0.13696711 
254 109 9 12 0.13640457 
463 0 11 11 0.13638712 
812 47 9 12 0.13563268 
6 244 10 14 0.1353034 
241 292 13 16 0.1349551 
896 106 11 15 0.13494316 
882 307 15 20 0.13390423 
693 25 8 10 0.13325998 
700 289 15 18 0.13305922 
263 353 13 16 0.1328778 
711 21 8 11 0.13277069 
781 76 9 13 0.13250344 
167 46 8 11 0.1324316 
587 268 15 20 0.13216595 
780 276 11 13 0.13178594 
344 292 13 16 0.1311213 
237 6 9 11 0.13086034 
784 158 9 12 0.13065629 
679 101 9 11 0.13019396 
707 245 11 15 0.12982647 
943 65 9 11 0.12960775 
709 77 9 11 0.12887502 
592 75 9 12 0.12861542 
685 7 9 11 0.12833737 
646 46 9 12 0.12745455 
926 124 9 12 0.1272656 
542 13 8 11 0.12649132 
710 98 10 12 0.12648955 
413 315 16 20 0.1260289 
70 313 15 20 0.12587257 
198 2 9 10 0.12584522 
48 74 9 12 0.12581472 
733 275 15 19 0.124819316 
910 316 21 26 0.12449993 
485 218 14 16 0.124440305 
279 142 10 12 0.12423876 
726 115 10 12 0.12289141 
213 63 8 11 0.122768715 
865 62 10 13 0.122494966 
427 282 13 16 0.1222913 
695 76 9 11 0.12194725 
125 110 8 11 0.121326126 
721 196 9 13 0.12049393 
797 244 11 12 0.120262526 
948 227 10 12 0.120172076 
647 111 8 11 0.11988711 
153 84 9 11 0.1185133 
612 120 9 11 0.11788525 
169 285 11 15 0.11775373 
344 8 9 11 0.1174882 
502 16 8 10 0.117188334 
737 123 10 13 0.11697549 
210 118 8 11 0.11586915 
252 307 13 17 0.11586758 
837 269 13 15 0.11562189 
761 292 11 14 0.11558262 
253 231 10 13 0.115202084 
1008 239 12 13 0.115201615 
705 47 8 12 0.11475926 
618 137 8 9 0.11475168 
653 72 8 10 0.11429919 
817 205 9 12 0.11395989 
951 31 8 11 0.11350616 
869 290 12 16 0.11281156 
64 30 9 11 0.112656355 
883 14 10 13 0.11252813 
598 78 8 10 0.112381354 
1003 39 10 12 0.111922786 
39 289 13 17 0.11136254 
246 182 8 11 0.11099207 
30 8 8 10 0.1108889 
98 150 10 12 0.11054132 
777 227 9 13 0.11042767 
416 182 10 12 0.11007372 
407 336 13 18 0.109948285 
1014 180 9 13 0.10974868 
502 40 9 11 0.109706834 
529 81 10 11 0.108615816 
327 344 15 18 0.10841952 
775 61 9 12 0.10773487 
948 140 12 14 0.107301466 
273 163 9 12 0.1070717 
581 272 14 18 0.10705329 
198 46 9 11 0.106889516 
64 24 10 11 0.10687036 
22 86 10 13 0.1067889 
557 28 10 12 0.106475055 
57 48 10 13 0.106233194 
782 183 9 12 0.10521408 
172 122 10 13 0.10485947 
231 173 9 11 0.10453926 
157 87 11 12 0.104502484 
786 141 8 11 0.10446581 
21 120 9 12 0.10436849 
296 70 10 12 0.104254775 
268 36 10 11 0.103957444 
879 214 10 12 0.10383914 
884 132 9 13 0.10309676 
913 159 11 15 0.10306365 
582 262 13 15 0.102890044 
809 59 11 13 0.10269076 
197 38 8 10 0.10247985 
260 71 9 12 0.10241833 
508 321 23 28 0.102388844 
29 37 8 11 0.10232848 
38 182 9 10 0.102084555 
518 15 8 11 0.10188956 
94 6 9 11 0.10176015 
199 21 10 11 0.101686925 
436 110 10 11 0.10124388 
836 30 10 13 0.100870535 
734 13 10 12 0.100005105 
671 220 9 11 0.09996412 
127 246 11 14 0.0996532 
32 190 10 13 0.09888096 
703 226 9 12 0.09873388 
335 164 12 15 0.09872548 
864 83 9 12 0.09817085 
94 24 8 10 0.09816112 
942 167 11 14 0.09812489 
877 174 10 14 0.09809852 
278 193 11 14 0.09800534 
832 79 8 10 0.0979386 
333 119 11 13 0.09770071 
477 287 15 19 0.09762482 
640 110 8 12 0.09752692 
357 95 10 13 0.097323395 
852 130 10 14 0.09717398 
743 208 9 11 0.097173445 
584 72 8 11 0.097047634 
390 204 9 12 0.09675096 
334 270 13 17 0.09672356 
549 94 10 13 0.09650525 
271 147 8 12 0.09621249 
616 102 9 11 0.09601002 
150 235 11 13 0.095903136 
777 16 9 11 0.094957374 
665 307 14 17 0.09444808 
449 59 10 13 0.094284475 
270 128 10 12 0.09426998 
879 137 11 14 0.094131514 
662 252 14 19 0.0941004 
229 141 9 13 0.09377407 
937 179 12 13 0.09358181 
957 22 9 12 0.09344121 
708 207 8 11 0.09335789 
648 116 8 11 0.09327325 
336 172 11 14 0.09307729 
876 222 10 13 0.092814706 
531 252 13 15 0.09250769 
373 165 9 12 0.09247554 
840 235 11 13 0.09145831 
773 190 10 13 0.091335244 
507 274 19 24 0.091190696 
936 109 9 12 0.09109266 
311 22 11 13 0.09104877 
68 176 10 12 0.09081756 
786 204 9 12 0.09075035 
599 110 8 10 0.090642095 
825 87 10 12 0.0906375 
88 9 9 11 0.09063642 
567 252 11 13 0.09055276 
672 29 9 11 0.0900616 
834 37 10 14 0.08969821 
711 9 8 11 0.089328855 
720 36 9 11 0.089095645 
340 246 11 15 0.088991575 
809 275 15 16 0.088701 
223 228 13 17 0.088554844 
950 112 9 12 0.08831394 
383 49 10 13 0.08811473 
24 266 10 14 0.087800145 
253 13 9 12 0.08770594 
818 110 10 13 0.08749666 
353 100 11 13 0.08746926 
217 86 8 10 0.087339126 
905 17 10 14 0.08711362 
950 47 9 12 0.08707021 
516 192 11 14 0.0870676 
649 52 9 11 0.0866053 
301 78 8 10 0.08655389 
380 73 12 15 0.086443745 
196 29 10 13 0.08641215 
23 148 9 12 0.08639707 
133 246 13 15 0.08638677 
333 6 9 11 0.08623968 
15 55 9 12 0.085935704 
741 174 10 13 0.08581774 
193 168 9 12 0.08581471 
565 101 8 11 0.08565156 
1013 70 9 12 0.0855975 
458 78 9 11 0.085470304 
249 443 9 12 0.085441165 
608 126 8 10 0.0852771 
422 47 8 12 0.08516535 
720 4 9 12 0.08499308 
491 220 12 15 0.0846332 
278 59 10 13 0.08452983 
486 132 10 12 0.08427474 
857 72 9 13 0.0837075 
57 96 9 11 0.08314691 
948 84 9 12 0.08308175 
352 317 12 16 0.08302758 
520 22 9 12 0.08295532 
774 20 10 12 0.082770586 
550 1 8 9 0.08262884 
917 71 8 11 0.082368955 
622 134 8 10 0.082341515 
845 299 16 20 0.08219688 
968 103 8 10 0.081965186 
602 182 7 11 0.08178349 
727 324 11 15 0.0815445 
482 284 14 18 0.08151276 
452 31 9 12 0.08093081 
583 129 7 9 0.08075973 
674 0 7 7 0.080673985 
218 1 9 10 0.080529064 
582 133 8 10 0.07999679 
110 29 9 13 0.07988193 
852 5 10 13 0.0796746 
55 115 9 11 0.079595685 
755 246 11 13 0.07887817 
588 309 13 18 0.07875879 
288 150 9 11 0.07859631 
132 195 12 15 0.07839936 
901 215 10 12 0.07818237 
613 126 8 10 0.07808493 
360 250 13 15 0.077870935 
182 46 8 11 0.07762622 
981 182 10 13 0.07747069 
457 84 11 13 0.07717753 
1000 23 9 11 0.07654711 
791 178 10 13 0.076472946 
653 144 10 12 0.0764331 
294 0 8 9 0.07632427 
132 316 14 16 0.076208055 
736 357 9 12 0.07569547 
927 110 10 13 0.07569097 
814 335 18 23 0.07555824 
432 226 11 15 0.07553672 
3 254 10 14 0.075451635 
32 155 9 12 0.07535098 
774 271 12 14 0.07512508 
45 298 15 20 0.07481483 
728 276 12 15 0.07472116 
296 77 9 12 0.07472035 
876 298 18 21 0.07453608 
703 72 9 12 0.074383676 
511 313 15 19 0.074338004 
680 315 15 19 0.074298374 
100 282 13 18 0.07428552 
303 124 9 10 0.07416598 
206 63 9 11 0.074062854 
542 55 8 12 0.073502116 
1009 22 8 10 0.07335989 
420 204 11 13 0.0732703 
223 85 9 12 0.073270105 
226 125 9 10 0.07326349 
641 198 8 10 0.07310166 
695 37 9 12 0.073096134 
225 73 10 12 0.07303376 
96 1 8 9 0.07301186 
732 205 10 12 0.07265281 
494 55 9 12 0.07249347 
631 283 12 15 0.07247539 
855 312 22 30 0.072463386 
656 128 9 10 0.07223153 
838 25 9 10 0.07205988 
701 112 10 12 0.07172292 
327 364 10 14 0.071590275 
193 2 10 10 0.07152741 
944 46 10 13 0.07126962 
249 13 9 11 0.07119207 
820 232 11 13 0.07119187 
188 14 10 13 0.07118046 
190 79 9 11 0.07105838 
715 318 13 18 0.070730045 
586 5 9 11 0.07065754 
388 218 12 14 0.07060552 
450 110 10 13 0.070215076 
61 7 11 13 0.07021003 
453 128 9 11 0.07004899 
168 141 10 12 0.069989406 
463 71 9 10 0.06980697 
1006 107 8 11 0.069760844 
798 101 10 13 0.06964753 
53 77 8 11 0.06958845 
678 0 8 9 0.06949076 
97 249 11 15 0.06921347 
753 179 10 13 0.06906304 
550 5 9 10 0.068832815 
385 84 10 13 0.0686982 
839 168 12 15 0.06863753 
822 302 12 15 0.06862324 
107 156 10 12 0.06857952 
522 28 8 11 0.06849151 
213 159 7 10 0.06838899 
791 213 8 10 0.068062 
126 116 9 11 0.06794765 
946 32 9 11 0.067923896 
101 161 12 16 0.067779176 
793 47 11 14 0.06774244 
970 11 9 12 0.06752483 
112 103 11 13 0.06732939 
599 129 9 11 0.06718978 
4 117 10 14 0.067160815 
402 93 12 16 0.06714275 
151 63 8 11 0.067035645 
928 240 13 16 0.066784956 
942 51 9 12 0.06674685 
824 187 11 13 0.06670903 
227 243 14 19 0.066651836 
927 18 10 13 0.06659906 
622 266 12 14 0.06644949 
767 86 11 13 0.066296086 
233 38 10 12 0.06623886 
313 48 10 13 0.066037945 
939 233 14 17 0.06594162 
981 166 9 12 0.06578835 
404 289 12 15 0.06577473 
330 408 9 12 0.06570297 
340 62 10 12 0.065652154 
843 266 15 19 0.06544247 
351 117 14 15 0.065407336 
162 44 9 12 0.065396704 
392 30 10 11 0.06534458 
568 276 11 14 0.06475323 
420 246 13 16 0.06462924 
750 325 11 16 0.06446304 
691 268 13 15 0.064428195 
537 54 8 12 0.06440605 
132 204 12 15 0.06422118 
186 331 10 13 0.064183585 
333 1 9 9 0.06400523 
481 93 8 11 0.06379309 
932 116 9 12 0.06372495 
789 21 11 12 0.06371958 
681 282 10 14 0.06331169 
805 125 10 14 0.06317012 
192 91 9 12 0.063038774 
365 15 9 12 0.062802956 
215 4 10 12 0.06276498 
140 259 13 16 0.06268267 
766 78 9 11 0.0626779 
848 127 11 15 0.06226197 
298 15 8 10 0.062146395 
131 135 10 13 0.062118012 
714 229 10 12 0.06211116 
247 7 9 10 0.0620924 
240 276 11 14 0.062087394 
734 213 9 11 0.062024184 
924 188 10 12 0.062012024 
776 55 8 11 0.06190824 
340 237 10 13 0.06160343 
261 61 9 11 0.061459526 
150 274 13 16 0.061163474 
853 267 12 16 0.061150424 
418 234 13 17 0.06112274 
789 143 9 12 0.060843848 
62 135 9 12 0.060787305 
945 158 9 11 0.060651295 
172 109 11 14 0.060643785 
647 40 8 10 0.060523797 
554 23 8 10 0.060391817 
156 310 12 13 0.060378563 
545 1 8 9 0.060348146 
829 136 12 14 0.06034381 
313 253 10 13 0.06033714 
727 92 9 12 0.060276195 
503 119 8 10 0.060234968 
911 8 10 12 0.06009628 
873 186 9 13 0.059992794 
679 70 8 10 0.059794128 
52 276 11 15 0.05965603 
794 221 8 12 0.059619755 
844 275 15 17 0.059582736 
246 62 8 11 0.059504323 
879 96 10 12 0.0594789 
968 119 9 12 0.05946917 
784 134 9 13 0.05920522 
741 76 11 13 0.059201274 
57 38 10 12 0.05917658 
636 281 14 19 0.05915622 
172 289 15 18 0.059076253 
37 189 9 11 0.0590465 
262 56 8 11 0.058996312 
354 293 15 17 0.058979344 
1015 119 9 12 0.05893856 
109 261 11 14 0.05884493 
961 38 8 11 0.05878566 
278 134 8 10 0.058626514 
45 56 8 11 0.058620438 
479 8 10 11 0.058616787 
900 427 12 13 0.058597602 
465 38 9 11 0.058438256 
374 160 8 12 0.058369763 
997 5 9 11 0.05807104 
182 142 9 12 0.058020055 
732 312 11 15 0.057869557 
530 274 14 19 0.05764063 
951 80 9 11 0.05762398 
725 330 12 16 0.057546325 
264 163 9 12 0.057389792 
543 7 9 10 0.05730699 
242 298 15 18 0.057260554 
969 122 10 14 0.05722609 
543 29 8 11 0.05718965 
608 111 8 10 0.05717536 
233 375 9 10 0.05711711 
958 275 12 16 0.05688963 
14 100 10 13 0.056745816 
254 267 12 15 0.056690153 
759 85 10 13 0.056684207 
308 88 9 12 0.05664426 
122 36 9 11 0.056583326 
93 37 10 12 0.0565322 
514 111 7 11 0.05640629 
526 68 8 11 0.056255106 
110 134 10 13 0.056122683 
656 283 9 14 0.05611135 
159 56 9 11 0.05608931 
661 230 10 13 0.056041658 
985 71 8 10 0.056041528 
136 102 8 11 0.055974983 
318 469 9 11 0.055917352 
165 32 9 11 0.05586583 
326 70 8 10 0.055864297 
519 183 8 10 0.055679936 
239 371 9 12 0.05552215 
892 39 10 13 0.055434957 
919 117 9 12 0.05536387 
8 294 11 15 0.05525823 
198 13 9 12 0.05520209 
373 182 10 13 0.055182364 
485 297 17 20 0.055116035 
232 214 11 13 0.05499401 
446 85 9 11 0.05498373 
1000 42 10 13 0.05486653 
351 95 11 13 0.054865982 
920 29 9 11 0.05486204 
149 217 13 16 0.054707754 
657 111 8 11 0.054694064 
960 0 9 9 0.05455762 
437 117 9 12 0.054190442 
787 108 12 16 0.054166984 
533 289 14 19 0.054134823 
231 165 9 12 0.054121085 
432 100 10 13 0.054016944 
9 135 9 11 0.054015294 
1006 86 10 12 0.054003008 
994 13 9 10 0.05395056 
862 283 13 18 0.053878274 
453 92 11 14 0.053824905 
398 221 9 12 0.05372755 
503 20 8 11 0.05363267 
464 129 8 11 0.053611252 
985 233 14 18 0.05360761 
104 103 9 11 0.053431176 
728 316 12 16 0.05314265 
371 237 11 14 0.05309184 
852 259 11 15 0.052962136 
983 107 8 11 0.0529328 
863 174 12 14 0.052902706 
88 55 8 10 0.052868906 
688 40 10 12 0.052735467 
29 27 10 13 0.05271435 
0 286 8 14 0.052639745 
62 330 14 18 0.052585114 
328 117 11 14 0.052446444 
957 30 9 11 0.052303888 
109 141 10 11 0.052194953 
574 56 9 11 0.052174486 
487 0 8 8 0.05215511 
880 276 12 14 0.05207434 
207 7 9 10 0.052071616 
447 450 14 16 0.052062362 
811 204 9 11 0.052007098 
74 308 18 22 0.051968522 
479 13 9 11 0.051936187 
551 89 9 11 0.05183485 
1000 199 12 15 0.051788118 
640 191 8 10 0.051773995 
882 204 11 14 0.051621206 
974 61 8 10 0.05158563 
790 100 11 14 0.051569946 
396 230 9 13 0.051563878 
397 6 9 12 0.05141835 
976 97 9 11 0.05135573 
920 43 9 12 0.051348854 
9 88 9 12 0.051289678 
813 31 10 12 0.05120735 
983 39 8 10 0.05113259 
656 178 8 11 0.051124934 
641 20 11 13 0.050958645 
142 268 11 13 0.05090001 
285 144 8 11 0.050776873 
440 14 10 11 0.050703265 
231 61 10 12 0.050646577 
68 28 9 12 0.050596338 
616 279 12 15 0.050454132 
727 24 9 10 0.050232466 
879 60 8 12 0.050216597 
438 39 8 11 0.050181907 
789 261 12 14 0.050066408 
84 21 10 11 0.050011057 
206 309 11 13 0.050007567 
217 134 9 12 0.049973033 
297 47 9 12 0.049966585 
7 172 8 11 0.049925003 
563 299 15 18 0.04988253 
388 288 13 15 0.049834125 
814 262 13 15 0.04981688 
153 70 10 13 0.04955405 
891 165 10 13 0.049491175 
336 81 9 11 0.049480833 
86 186 10 14 0.049478527 
301 61 9 12 0.049434356 
901 103 10 13 0.049388878 
456 6 10 11 0.04936027 
877 188 9 12 0.049321085 
147 244 13 16 0.04930975 
519 84 10 11 0.04919657 
800 281 13 16 0.04914131 
934 20 9 12 0.049109627 
171 278 11 15 0.049101233 
390 37 10 13 0.049081806 
881 82 11 12 0.0489886 
946 123 11 13 0.048923846 
16 166 9 12 0.04891509 
421 183 9 11 0.04890045 
20 240 14 18 0.04888747 
886 9 8 11 0.048871737 
686 102 9 11 0.048771452 
729 10 10 12 0.048756078 
305 9 9 12 0.048726853 
772 88 10 12 0.048518036 
917 7 9 11 0.04846258 
422 221 11 13 0.04845795 
840 178 10 13 0.048268992 
791 148 8 11 0.048253536 
527 54 8 11 0.048238065 
70 24 9 11 0.04819902 
1009 15 8 10 0.04805868 
534 24 9 11 0.04797355 
490 228 15 17 0.047940616 
85 335 14 18 0.04787306 
1008 76 9 12 0.047872774 
8 166 7 11 0.04777024 
289 287 20 24 0.047758494 
135 0 9 9 0.047616184 
446 93 11 14 0.047583047 
512 22 7 11 0.047563303 
64 126 9 11 0.047549363 
103 137 9 12 0.047543436 
133 292 13 17 0.047517963 
663 116 8 10 0.047461275 
663 221 8 12 0.047442697 
538 13 8 11 0.047291506 
844 232 10 12 0.04725897 
763 340 11 14 0.04722578 
511 39 8 11 0.047101155 
718 93 10 13 0.047004662 
207 83 8 12 0.046916146 
748 229 10 13 0.046814583 
1006 179 11 14 0.046804294 
536 7 8 10 0.046726655 
178 40 8 10 0.046695042 
423 76 10 14 0.04665745 
799 217 8 11 0.04650488 
722 110 9 11 0.04643175 
259 305 13 18 0.046396475 
238 40 9 11 0.046385936 
785 115 11 13 0.046362374 
15 46 9 11 0.046232726 
624 375 8 11 0.046227723 
334 300 11 16 0.046227712 
864 55 11 12 0.04600859 
93 309 12 18 0.04599398 
585 24 8 10 0.045986872 
236 14 10 12 0.045872703 
335 55 10 12 0.04574937 
249 229 10 14 0.045723982 
1017 37 8 11 0.045681417 
206 301 11 13 0.04566364 
887 72 9 11 0.045650776 
81 339 12 16 0.045579527 
317 174 9 12 0.0455751 
725 237 9 11 0.045538817 
979 173 10 12 0.04546101 
263 15 11 14 0.045456078 
335 46 9 12 0.04538861 
535 1 8 8 0.045356173 
704 8 10 12 0.045339637 
54 1 9 9 0.045278788 
577 70 9 12 0.045276396 
852 275 12 18 0.045249704 
448 282 12 17 0.045131255 
13 137 10 11 0.045101967 
976 256 16 20 0.045078278 
688 237 10 12 0.045020767 
0 148 7 12 0.044894908 
918 259 11 15 0.044739157 
3 246 8 12 0.044658035 
78 329 14 17 0.044626985 
881 159 12 14 0.044595655 
644 283 13 18 0.04451058 
639 69 8 11 0.04449817 
937 92 10 12 0.044402722 
526 192 10 12 0.04433573 
281 1 10 10 0.044139482 
958 169 11 14 0.04405129 
2 313 22 30 0.044049665 
701 32 8 11 0.04396175 
765 136 11 13 0.043935254 
929 8 10 12 0.043887913 
870 54 10 13 0.043833766 
385 175 10 13 0.04378871 
198 93 8 11 0.04369423 
365 78 9 12 0.043667853 
285 220 9 12 0.043622892 
417 381 12 15 0.04362232 
46 87 8 11 0.04358706 
21 143 9 13 0.043536697 
699 435 15 20 0.043504443 
135 266 13 16 0.043453336 
742 258 12 16 0.043427013 
817 150 9 11 0.043419853 
925 130 11 14 0.04332353 
1 59 9 14 0.043280244 
82 155 9 12 0.043252233 
417 52 9 12 0.043214485 
760 7 10 11 0.043206915 
170 373 12 13 0.04313945 
73 139 10 12 0.04302445 
471 53 8 10 0.043016814 
264 102 9 11 0.042985044 
379 245 13 17 0.04297338 
736 19 9 13 0.042906668 
834 131 13 16 0.04290341 
72 63 8 11 0.042830303 
831 24 9 11 0.042792086 
432 435 12 16 0.042711794 
141 36 8 11 0.04261215 
827 340 13 19 0.042508148 
49 6 9 11 0.042389423 
941 6 9 10 0.042317584 
182 118 9 12 0.042224415 
938 53 8 10 0.0421798 
501 214 10 13 0.042127877 
761 70 8 10 0.042018823 
440 193 12 15 0.041947328 
313 182 10 14 0.041934 
593 88 8 10 0.04192204 
1007 248 15 18 0.04189514 
694 101 8 10 0.041870642 
451 139 11 14 0.041853223 
396 284 15 18 0.041822102 
542 103 9 12 0.041716274 
632 45 10 12 0.041641787 
967 237 13 15 0.041628744 
325 146 11 15 0.041628525 
671 233 10 13 0.04160253 
27 14 10 13 0.04154299 
326 301 11 14 0.041522257 
264 219 10 12 0.041521933 
241 385 9 12 0.04142076 
255 82 9 13 0.041374482 
438 88 11 11 0.041317444 
767 212 9 12 0.04129303 
740 119 11 14 0.041251235 
506 195 10 14 0.041236162 
912 112 9 12 0.041193515 
270 0 9 9 0.0411719 
552 216 9 12 0.041114345 
320 158 9 12 0.040991437 
776 184 9 11 0.04095797 
453 283 18 21 0.0409567 
872 119 10 12 0.040953565 
301 48 9 12 0.0408256 
896 191 10 12 0.040825136 
607 6 9 10 0.040820505 
458 268 14 16 0.040765192 
511 116 9 11 0.04060827 
592 92 8 11 0.040601116 
479 276 13 16 0.040589854 
940 188 10 13 0.040556766 
880 38 12 15 0.04043111 
745 223 9 12 0.0403884 
431 195 11 15 0.040308468 
425 188 9 12 0.040296566 
88 42 10 13 0.04029589 
3 195 11 15 0.040271536 
282 74 17 22 0.04024563 
437 98 12 15 0.040244464 
707 320 22 28 0.040216256 
661 279 10 13 0.04019388 
277 326 17 22 0.040174276 
622 1 18 22 0.040087923 
845 217 11 13 0.04005934 
741 291 13 14 0.040038634 
99 320 14 17 0.040036947 
810 162 9 12 0.04002173 
775 68 11 14 0.039932176 
70 8 9 11 0.039926004 
735 258 11 14 0.03991801 
697 113 9 11 0.03989774 
431 203 10 12 0.03987122 
489 14 7 11 0.039847218 
295 176 10 12 0.039842863 
587 281 13 16 0.039806247 
912 444 11 12 0.03977342 
741 15 11 13 0.03977102 
655 229 13 16 0.039741013 
388 185 12 18 0.03971529 
244 333 11 14 0.039664395 
701 38 8 10 0.03964641 
463 31 10 12 0.03964085 
480 128 10 12 0.039623104 
439 54 9 11 0.039598037 
192 62 8 11 0.039567523 
239 2 8 10 0.03952059 
214 191 9 11 0.039518304 
128 102 9 12 0.039455943 
49 112 8 10 0.039455708 
173 142 11 13 0.039377015 
1000 177 12 15 0.03934051 
795 198 9 12 0.039311867 
260 467 10 13 0.039271004 
238 158 9 12 0.039181363 
239 428 9 11 0.039164618 
779 61 10 13 0.039146345 
198 291 11 15 0.03911023 
191 292 11 14 0.039099716 
858 100 11 14 0.039054725 
602 244 11 15 0.039005503 
656 202 17 22 0.038948607 
184 265 12 16 0.03892265 
919 109 10 13 0.03890133 
821 160 11 12 0.03888754 
164 63 9 10 0.038854923 
865 205 9 11 0.038839586 
702 277 12 15 0.038829174 
458 277 18 20 0.03878964 
827 118 12 14 0.038762715 
445 100 12 13 0.03865518 
785 212 9 11 0.038639963 
636 229 10 13 0.038596172 
55 151 17 22 0.038586717 
900 233 12 16 0.038584568 
198 53 10 12 0.038565893 
65 187 11 14 0.038459137 
247 29 9 12 0.038449973 
597 72 8 11 0.03844225 
148 268 12 16 0.038379602 
696 229 8 11 0.038379516 
377 20 10 13 0.03837593 
57 86 8 11 0.038319796 
869 85 9 11 0.038307074 
182 75 10 12 0.038287528 
560 69 9 11 0.038268186 
822 162 18 22 0.03825618 
417 283 11 17 0.038145762 
787 7 12 14 0.038144022 
454 152 11 13 0.03809449 
701 257 14 16 0.038077023 
205 22 10 11 0.03794646 
462 16 9 10 0.037907455 
4 190 10 12 0.037868436 
826 126 14 18 0.037850153 
62 59 8 11 0.037813235 
912 85 9 12 0.03780289 
461 110 10 13 0.0377703 
767 2 11 13 0.037768688 
79 86 9 11 0.037751786 
87 198 9 11 0.037745986 
957 169 18 23 0.037711646 
737 47 9 13 0.037564434 
348 307 13 15 0.037483506 
912 305 22 26 0.037438422 
528 5 10 11 0.037431322 
247 162 10 13 0.037426192 
350 284 13 16 0.03732941 
480 23 9 11 0.037250575 
192 47 9 12 0.037235722 
382 15 10 12 0.037221808 
352 109 13 15 0.037193503 
101 304 14 20 0.037175726 
268 384 10 13 0.03715973 
867 107 10 14 0.037151944 
470 275 13 19 0.03712395 
342 68 9 11 0.03710372 
111 24 9 11 0.037041243 
19 249 13 17 0.037034117 
110 151 9 12 0.03702629 
635 205 11 14 0.037024226 
646 30 9 11 0.037012853 
974 273 15 20 0.036992785 
374 171 10 13 0.036984514 
256 214 9 12 0.036951303 
5 183 9 11 0.036920324 
640 184 8 11 0.036917593 
323 156 13 16 0.036892846 
891 203 11 13 0.03688836 
799 108 11 14 0.03682762 
126 195 12 16 0.03681893 
326 56 9 11 0.03679451 
707 269 13 15 0.03672946 
768 270 11 14 0.03671627 
821 243 11 12 0.036714125 
30 166 9 13 0.03669369 
350 203 12 14 0.036658306 
179 64 9 11 0.036641404 
798 270 12 15 0.03655597 
139 290 16 18 0.03651667 
144 117 9 13 0.036494754 
683 183 9 11 0.03647551 
494 102 9 12 0.036435127 
269 220 10 12 0.036430735 
70 111 8 11 0.036409892 
297 20 8 10 0.036363546 
643 269 11 14 0.03629138 
377 39 11 15 0.03622818 
789 275 13 16 0.03616288 
83 313 14 19 0.036133777 
388 47 10 13 0.036128838 
560 269 12 14 0.036125973 
698 427 16 18 0.03603122 
302 118 9 12 0.035978485 
326 356 13 17 0.03593162 
389 195 11 16 0.035911784 
304 174 10 12 0.03585832 
350 39 9 11 0.03585376 
868 102 11 14 0.03584543 
492 214 11 14 0.035813455 
98 151 19 22 0.035706136 
86 77 9 11 0.03566222 
285 205 11 14 0.035654657 
538 60 10 12 0.035650115 
709 47 10 12 0.03564635 
588 217 10 12 0.035646237 
191 149 8 11 0.035639707 
31 179 9 12 0.035628315 
568 271 21 25 0.035612 
286 55 10 12 0.035599474 
804 221 9 13 0.035597928 
142 229 13 15 0.035561744 
870 295 15 21 0.035518546 
568 121 8 10 0.035479095 
447 71 9 12 0.03542247 
702 267 12 15 0.035417557 
570 191 10 13 0.03532569 
629 2 9 10 0.03531598 
279 171 9 12 0.03530433 
656 103 8 11 0.035297994 
918 16 8 11 0.035284854 
90 93 9 11 0.035244185 
785 148 9 12 0.035218634 
874 123 10 13 0.03515938 
287 72 10 13 0.0351258 
712 28 9 11 0.035111796 
358 52 9 13 0.03505073 
937 167 10 13 0.034993056 
215 46 9 11 0.034897972 
480 118 9 11 0.03489656 
227 156 9 12 0.034877896 
215 68 9 12 0.034850866 
229 219 14 17 0.034774963 
6 209 12 15 0.0347736 
881 8 9 12 0.034708545 
144 97 8 10 0.034695152 
134 180 10 13 0.034688372 
1006 7 8 11 0.034686513 
216 197 9 12 0.034568653 
575 228 9 13 0.034494903 
975 22 8 10 0.034491412 
823 80 9 11 0.034447297 
837 79 9 11 0.03443358 
245 221 10 13 0.034431808 
688 230 10 12 0.03441081 
167 114 17 21 0.034371197 
969 61 9 10 0.034361467 
486 270 13 15 0.034347247 
627 279 20 25 0.03430305 
407 270 11 15 0.034299776 
615 6 8 11 0.034253076 
31 144 8 10 0.03424024 
490 54 8 11 0.034203313 
29 261 10 13 0.03413838 
246 38 9 11 0.034132525 
548 192 9 12 0.03400393 
445 22 10 14 0.03396178 
594 273 12 16 0.033924643 
456 72 8 11 0.033901468 
415 277 11 15 0.033885118 
930 267 13 17 0.03383869 
883 211 11 15 0.033833083 
798 30 10 12 0.03380059 
938 241 16 20 0.033761073 
584 1 9 10 0.033744887 
325 307 11 14 0.033742886 
327 18 11 13 0.033705268 
976 29 8 10 0.033699874 
565 258 12 16 0.033696692 
830 262 14 17 0.033691395 
873 213 10 12 0.033689518 
68 116 9 12 0.03368835 
327 432 9 11 0.033634357 
392 19 9 12 0.03358497 
480 43 9 11 0.033584863 
815 111 20 24 0.03357489 
654 177 17 23 0.033570927 
463 22 8 10 0.033566557 
634 109 8 11 0.03350805 
808 200 10 12 0.033489462 
907 194 11 13 0.03344345 
606 49 10 13 0.033354733 
704 133 9 10 0.03323374 
512 434 11 14 0.033182725 
333 31 9 12 0.0330521 
339 284 13 16 0.03302894 
181 96 9 11 0.032997344 
652 85 9 12 0.03295637 
225 438 10 11 0.03291185 
385 207 9 11 0.032910977 
647 104 8 11 0.032877345 
832 273 13 16 0.03286509 
895 170 11 15 0.032767933 
614 37 9 11 0.0326775 
529 1 8 8 0.032656774 
26 30 9 12 0.03263021 
944 16 9 11 0.03253756 
545 44 9 12 0.032506984 
319 59 10 12 0.032479208 
375 292 13 16 0.032476727 
1007 137 18 25 0.032447077 
1013 154 9 13 0.032409843 
703 63 9 11 0.0323975 
289 60 8 12 0.03238401 
654 116 10 11 0.032313336 
79 191 10 13 0.0323105 
755 252 11 14 0.03230204 
102 212 10 14 0.03229421 
855 205 9 12 0.032287903 
1015 27 9 13 0.032270446 
785 311 24 31 0.032252092 
688 149 9 11 0.03219245 
559 4 17 22 0.032083686 
269 21 10 11 0.032073043 
240 164 9 13 0.032072898 
496 33 8 10 0.032068886 
350 175 13 16 0.03206409 
176 208 10 12 0.032009777 
742 198 9 11 0.032009214 
343 305 12 14 0.03200328 
869 77 11 14 0.031986132 
497 1 9 9 0.031974323 
246 176 9 11 0.03191927 
436 223 11 14 0.03188105 
822 200 12 14 0.03187508 
629 188 9 12 0.03187042 
262 109 9 12 0.031827338 
499 124 10 13 0.031825423 
197 86 9 12 0.03181458 
896 216 12 14 0.031795714 
304 166 9 12 0.031777874 
905 8 9 12 0.03175898 
795 116 14 17 0.031742424 
373 298 14 16 0.031709824 
133 221 12 15 0.031668592 
948 147 11 13 0.03161689 
281 222 10 12 0.031610433 
718 24 9 11 0.031609982 
961 102 9 12 0.03157771 
570 43 10 12 0.03156813 
319 195 10 13 0.031567667 
697 14 9 10 0.03156578 
156 220 11 15 0.03155488 
498 312 17 21 0.031547073 
102 0 8 9 0.031529587 
887 49 10 13 0.031506263 
404 251 11 15 0.031489246 
63 70 9 10 0.0314761 
7 158 8 11 0.03146339 
642 91 9 12 0.03146196 
263 215 9 12 0.031460837 
675 98 9 12 0.031458806 
887 93 10 12 0.031457417 
560 274 13 16 0.031455487 
2 327 17 22 0.031449754 
762 114 9 12 0.031429645 
208 191 10 11 0.031413443 
830 333 13 18 0.03135315 
867 68 11 13 0.031147284 
487 96 8 10 0.03113637 
350 14 10 11 0.031116266 
107 299 15 21 0.031053012 
782 83 9 13 0.031052038 
536 266 14 16 0.030965025 
207 1 9 9 0.030889826 
541 23 9 11 0.030881578 
289 452 10 12 0.030849617 
57 180 9 12 0.030746972 
220 338 12 15 0.030741503 
165 88 9 11 0.030710045 
784 330 14 20 0.03070993 
470 48 8 10 0.030701643 
471 5 8 10 0.030601846 
215 375 8 11 0.030557109 
818 84 9 12 0.030539725 
566 270 12 15 0.030498797 
550 50 10 13 0.030498179 
883 460 11 15 0.030486446 
572 397 12 16 0.030480837 
283 276 15 18 0.030478993 
316 164 11 14 0.03047165 
640 252 8 11 0.030466834 
860 261 12 16 0.030462835 
427 470 9 12 0.030459471 
551 218 18 21 0.030423766 
222 38 10 11 0.030389642 
386 277 14 17 0.030372549 
166 53 9 11 0.030354664 
623 68 17 22 0.03033967 
1 111 8 11 0.030325206 
153 328 13 16 0.030322855 
173 485 11 12 0.030317795 
719 80 8 10 0.03031318 
868 306 18 23 0.030302836 
337 227 11 15 0.030286983 
874 292 16 18 0.030183962 
126 136 18 22 0.030126657 
232 17 17 22 0.030125892 
762 165 8 12 0.030115137 
582 234 12 14 0.030104369 
643 276 13 17 0.030050205 
909 183 10 13 0.030045154 
694 7 10 11 0.03000035 
18 351 14 21 0.02993445 
971 231 21 25 0.029897366 
638 6 9 11 0.029894143 
855 118 10 13 0.02988719 
844 39 11 14 0.029883463 
118 62 9 10 0.029874485 
638 64 8 11 0.029849334 
980 124 10 13 0.02981497 
695 296 13 16 0.029814845 
768 24 10 13 0.02978572 
223 111 10 12 0.029609082 
66 214 13 16 0.029605629 
29 85 8 12 0.029517034 
517 117 8 11 0.02950604 
890 21 10 13 0.029504247 
971 227 13 16 0.029481154 
796 216 18 23 0.029443752 
597 447 10 13 0.029435478 
748 21 12 15 0.029398 
746 282 12 14 0.029378144 
955 140 10 14 0.029359154 
498 8 8 11 0.029356355 
863 31 9 12 0.02933556 
119 245 12 16 0.029332714 
624 198 10 13 0.029314578 
731 321 12 16 0.02928263 
919 124 10 13 0.02922613 
893 70 10 12 0.02920041 
561 120 7 10 0.029195445 
183 319 10 13 0.029189093 
670 233 17 23 0.029171852 
37 108 9 12 0.029145068 
798 260 10 13 0.0291426 
641 28 10 13 0.029067809 
242 181 9 12 0.029011803 
160 9 9 11 0.029006483 
148 282 14 17 0.029002963 
246 214 11 13 0.028993418 
431 306 15 17 0.028860508 
199 64 17 23 0.028841529 
682 187 9 12 0.028841374 
966 107 9 12 0.028822916 
694 240 9 11 0.02878924 
38 174 10 12 0.028752157 
253 7 9 11 0.028715974 
241 85 8 12 0.028698727 
496 121 10 11 0.028668478 
645 454 11 14 0.028663898 
862 93 9 12 0.028655201 
717 284 11 16 0.02865217 
775 271 20 24 0.028627519 
648 72 10 11 0.028609773 
917 86 10 12 0.028598959 
465 46 9 11 0.028597552 
88 87 9 10 0.028582947 
738 181 9 11 0.028576756 
789 114 13 17 0.02857447 
711 120 10 12 0.028529914 
673 414 10 12 0.028502643 
374 230 11 14 0.028476674 
214 54 8 11 0.028458923 
697 224 8 11 0.028433122 
341 158 10 14 0.028409474 
992 31 8 10 0.028407281 
693 283 13 17 0.02840638 
65 203 11 14 0.028377663 
943 136 11 13 0.028369447 
761 78 9 12 0.028364427 
983 44 7 10 0.028363954 
768 239 12 15 0.028355518 
921 132 10 13 0.028344471 
168 93 10 14 0.028341709 
871 325 25 32 0.028304491 
941 138 17 22 0.028297521 
680 133 8 10 0.028272254 
364 52 11 14 0.028222531 
94 30 9 11 0.028202 
855 167 10 12 0.028167916 
135 78 8 11 0.028152272 
670 126 9 11 0.028151423 
94 239 14 16 0.028109701 
756 264 11 14 0.02810773 
646 204 10 13 0.028059507 
817 139 12 14 0.028040731 
415 176 10 14 0.028033454 
519 0 9 9 0.028010935 
910 150 10 12 0.02800415 
355 341 12 17 0.027989767 
926 291 13 16 0.027939413 
239 348 14 17 0.027937055 
918 1 9 9 0.027926618 
829 236 11 13 0.027924454 
153 13 9 12 0.02791824 
791 122 12 15 0.02790686 
237 67 10 13 0.027899027 
434 37 8 10 0.02784349 
542 128 9 11 0.027812822 
747 317 13 17 0.027789032 
781 1 11 11 0.02778337 
791 190 10 12 0.02777498 
926 31 8 11 0.027728122 
1000 107 9 10 0.02769004 
28 70 9 12 0.0276799 
151 8 9 11 0.02767365 
397 78 10 13 0.027651561 
715 381 12 17 0.02762277 
518 287 16 20 0.02761187 
804 103 10 13 0.027607284 
892 30 10 12 0.027573403 
461 176 17 23 0.027558453 
88 1 9 9 0.027553892 
502 56 8 11 0.027548902 
257 55 9 12 0.027512277 
711 224 9 12 0.02748746 
663 24 9 12 0.027433302 
93 45 9 11 0.027414097 
591 12 9 12 0.027383786 
824 22 10 12 0.027329268 
707 275 14 17 0.027320106 
661 104 8 10 0.027276997 
351 61 10 12 0.027263017 
559 331 11 15 0.0272281 
335 399 8 10 0.027225573 
521 67 10 12 0.027196633 
167 134 10 12 0.027191442 
767 25 16 21 0.027180243 
838 59 11 13 0.027174367 
433 25 10 12 0.027149659 
81 8 9 11 0.027115028 
107 283 12 17 0.027077153 
94 272 14 19 0.027069299 
796 205 9 11 0.027056359 
695 112 18 24 0.027026461 
46 142 7 11 0.027020667 
346 115 22 25 0.027018733 
66 196 10 14 0.026976895 
715 291 11 15 0.026974097 
288 265 14 16 0.026935251 
471 36 10 12 0.026914237 
703 0 9 10 0.02690628 
582 117 8 10 0.026883109 
185 86 9 11 0.026880503 
717 100 8 11 0.026872622 
879 0 9 10 0.026853574 
168 366 11 14 0.026839873 
671 83 9 10 0.026832705 
422 213 11 13 0.026827231 
191 101 10 11 0.026816975 
178 59 18 23 0.02678868 
472 415 12 15 0.026757454 
457 -1 12 11 0.026754476 
469 129 9 11 0.026719535 
325 162 13 17 0.026713599 
820 53 9 12 0.026701894 
593 126 8 10 0.02669113 
1004 259 13 17 0.026679462 
108 37 10 11 0.026628789 
589 292 10 13 0.026613964 
861 167 10 12 0.026605109 
160 118 9 11 0.026604734 
1015 101 8 11 0.026597582 
239 174 9 12 0.026535178 
895 264 12 13 0.02649546 
145 124 9 12 0.026483182 
665 72 9 11 0.026479231 
734 191 10 11 0.026459228 
177 292 15 19 0.02645386 
440 71 8 12 0.026418833 
341 97 13 15 0.02640691 
555 43 10 13 0.02638852 
990 86 10 12 0.026385812 
846 9 11 14 0.026377909 
733 92 10 13 0.026377166 
241 103 9 12 0.026374105 
462 53 9 12 0.026370222 
154 56 8 11 0.02635178 
819 268 12 16 0.02634773 
268 14 11 13 0.02630978 
699 212 10 13 0.026307723 
167 439 7 9 0.026303131 
143 84 9 11 0.026297294 
492 108 10 12 0.026279898 
239 62 10 13 0.026265861 
128 285 12 15 0.02625168 
489 280 19 25 0.026249425 
839 49 12 14 0.02624701 
585 14 9 11 0.026220834 
529 76 18 22 0.02619281 
560 77 10 11 0.026163667 
397 59 9 12 0.026134757 
733 29 9 12 0.026128547 
260 236 13 17 0.026119398 
967 190 11 13 0.026107226 
49 1 8 9 0.026095623 
717 225 10 13 0.026090315 
766 187 17 22 0.026076749 
354 275 11 15 0.026075635 
246 45 9 12 0.026068756 
263 287 11 15 0.0260591 
388 330 14 19 0.02605057 
204 291 13 17 0.02603514 
193 0 18 22 0.026033966 
133 285 14 16 0.02601899 
88 205 9 11 0.025983687 
78 277 12 14 0.025961334 
759 159 9 11 0.025947062 
257 463 9 12 0.025932267 
80 75 9 13 0.02591021 
510 212 11 14 0.025910173 
312 161 9 11 0.025897361 
286 11 8 11 0.02589187 
304 19 9 12 0.025869533 
556 292 14 18 0.025859958 
884 195 17 22 0.025855929 
254 220 10 13 0.025850901 
244 312 13 15 0.025842965 
221 204 11 13 0.025819585 
662 35 8 11 0.025819289 
244 125 9 12 0.025779877 
479 55 8 10 0.025745794 
949 166 10 13 0.02573349 
457 12 8 11 0.025706915 
860 276 12 17 0.025673985 
110 80 10 13 0.025667321 
184 175 9 12 0.025639264 
49 12 10 12 0.025576418 
292 207 11 13 0.025541611 
193 373 9 10 0.025538601 
1 174 8 11 0.025529804 
133 16 10 11 0.025517503 
134 71 8 9 0.025513548 
503 66 16 23 0.025506774 
379 99 11 15 0.025499925 
21 63 9 12 0.025479885 
749 223 9 12 0.025478939 
142 193 13 17 0.025455125 
92 214 12 16 0.025453588 
661 429 13 17 0.025433157 
205 28 10 12 0.025425015 
591 45 9 12 0.025418295 
1007 153 11 14 0.025401682 
364 279 12 16 0.025309011 
762 285 12 15 0.025295557 
761 28 9 13 0.025265384 
301 88 18 22 0.02525106 
92 13 10 11 0.025248837 
311 248 10 13 0.02523211 
619 180 17 21 0.025193756 
689 243 11 14 0.025119897 
945 81 10 12 0.025102632 
39 149 8 12 0.025083609 
653 47 8 11 0.02505477 
432 88 9 10 0.025051337 
989 71 8 9 0.02501254 
207 14 10 12 0.025005493 
976 86 10 12 0.02499731 
376 285 11 14 0.024981296 
511 30 7 10 0.024953714 
590 24 8 10 0.024916295 
802 41 19 23 0.024882695 
313 47 19 23 0.024880119 
406 223 9 11 0.02487685 
176 182 8 10 0.02487017 
348 245 12 14 0.02487009 
171 334 12 14 0.024857135 
845 304 22 31 0.024818236 
676 55 9 12 0.024799975 
959 15 9 11 0.024747536 
599 22 9 12 0.024741549 
396 331 13 18 0.024713006 
788 267 14 16 0.024707258 
252 230 19 25 0.024652362 
119 68 10 12 0.024649499 
131 147 11 13 0.024618963 
924 218 11 14 0.024612617 
857 95 9 12 0.024595203 
317 183 18 22 0.024569754 
955 203 16 18 0.024564652 
637 150 9 11 0.024539884 
719 118 9 12 0.024530817 
971 3 18 22 0.024524901 
786 27 17 22 0.024508057 
16 75 10 12 0.024494981 
513 184 9 11 0.024491763 
183 441 8 10 0.02443 
321 35 9 13 0.024418795 
464 138 10 13 0.024418263 
1014 134 10 13 0.024406388 
781 252 11 14 0.024402523 
30 46 9 11 0.024400854 
467 85 9 12 0.024370993 
640 104 8 11 0.024361601 
741 352 10 12 0.024351768 
467 184 13 17 0.024349406 
245 371 9 12 0.024349246 
351 331 12 16 0.024348646 
181 206 9 12 0.024299353 
57 135 9 12 0.02427708 
68 38 9 11 0.024271885 
701 143 9 11 0.024270281 
22 132 9 11 0.024262298 
383 6 8 10 0.024258567 
159 230 11 14 0.02421357 
74 131 18 21 0.024190038 
83 264 15 17 0.024186252 
857 82 10 13 0.024173824 
927 1 9 9 0.024132505 
34 234 12 17 0.024111604 
999 87 11 12 0.024090149 
215 39 9 11 0.024075184 
215 124 7 10 0.024061264 
104 78 8 11 0.024034545 
684 12 9 11 0.024004254 
10 218 13 15 0.023984803 
767 205 10 12 0.02398453 
67 337 13 17 0.023973914 
55 126 9 12 0.023971565 
199 100 9 11 0.023961946 
887 221 11 14 0.023951309 
937 98 19 22 0.02393515 
720 319 20 25 0.023932181 
109 291 12 17 0.02392427 
903 130 10 14 0.023911944 
280 0 18 22 0.023894656 
102 4 18 22 0.023891008 
24 189 10 14 0.023880119 
256 456 8 10 0.023877101 
927 197 11 13 0.023872165 
486 8 8 10 0.023866914 
608 13 10 12 0.023814362 
798 57 10 13 0.023782412 
278 48 10 12 0.023775319 
55 136 19 23 0.023771264 
959 47 8 12 0.023755405 
98 173 10 14 0.0237499 
592 109 8 10 0.0237478 
238 51 8 11 0.02374757 
141 46 8 10 0.023736686 
273 190 11 13 0.02371955 
479 88 9 12 0.023689063 
1005 235 19 24 0.02367937 
793 46 18 23 0.023679327 
597 29 10 12 0.02366526 
565 133 8 10 0.023658779 
199 375 8 10 0.023640873 
772 195 10 13 0.023630045 
61 323 13 18 0.02361545 
630 129 9 10 0.023600519 
627 200 19 23 0.023596114 
679 38 9 11 0.02356768 
127 69 9 12 0.023566026 
976 131 10 13 0.023530504 
936 2 8 10 0.023513515 
358 83 11 14 0.023512343 
279 95 9 11 0.023504756 
310 322 12 16 0.02348592 
224 30 10 11 0.023484422 
256 243 14 19 0.023479275 
415 77 11 15 0.023472013 
512 15 8 11 0.023447638 
664 235 10 13 0.023443883 
523 295 15 17 0.02342883 
560 261 13 15 0.02341656 
326 77 9 11 0.02340625 
966 0 9 10 0.023369057 
687 118 9 11 0.023364758 
574 260 13 17 0.023358043 
733 130 12 15 0.023314467 
561 251 11 15 0.023308277 
893 78 9 12 0.023305878 
208 55 7 10 0.023294963 
356 308 13 16 0.023289904 
82 103 9 12 0.023265546 
433 21 18 24 0.02325 
13 258 11 15 0.023230346 
160 111 9 12 0.023202868 
45 226 11 15 0.023194032 
271 4 9 11 0.023186358 
879 54 9 12 0.02316847 
533 89 10 13 0.023161849 
503 88 10 12 0.023158446 
653 94 8 10 0.023156783 
667 265 14 18 0.02315547 
686 289 12 15 0.023061259 
222 99 10 12 0.023033671 
430 184 19 24 0.023017231 
492 265 13 16 0.023000857 
589 302 13 16 0.022987349 
656 134 9 11 0.022976613 
359 374 11 13 0.022973206 
335 288 13 18 0.022960613 
417 28 10 13 0.022947147 
350 464 9 12 0.02292605 
719 276 11 14 0.022920793 
7 42 11 14 0.022916762 
590 104 8 10 0.022907779 
871 93 10 13 0.02290406 
189 340 10 13 0.022891691 
166 70 10 12 0.022848077 
210 234 12 16 0.02284094 
744 299 12 15 0.022705415 
306 447 9 12 0.022702405 
110 47 16 22 0.022661516 
951 172 9 13 0.022644358 
128 191 20 25 0.022630291 
118 202 11 15 0.022619246 
271 86 9 11 0.02256422 
333 203 11 14 0.022563731 
823 28 10 13 0.022558764 
999 167 16 22 0.022547742 
528 201 11 14 0.022543512 
846 200 9 12 0.022540858 
214 164 8 11 0.022538766 
535 183 8 10 0.02249176 
127 211 12 15 0.022482641 
712 1 9 10 0.02246906 
815 68 9 11 0.022463094 
417 61 9 12 0.02246178 
693 259 15 17 0.022451393 
756 288 19 23 0.022424709 
30 284 14 19 0.02241156 
896 135 9 12 0.022410067 
57 31 9 11 0.022402955 
135 36 9 12 0.022387214 
498 302 39 48 0.022362191 
280 445 9 12 0.022359157 
672 111 9 11 0.022340212 
963 178 11 13 0.022312788 
497 68 8 12 0.02230029 
569 108 9 11 0.022294393 
161 236 12 16 0.022288928 
342 21 10 12 0.022288773 
216 362 9 12 0.022262715 
707 211 10 13 0.022260837 
745 285 21 25 0.022254977 
761 191 8 11 0.022250576 
908 308 15 18 0.022222428 
623 37 8 10 0.02222047 
363 233 18 23 0.022202443 
806 319 24 30 0.022189677 
247 1 9 10 0.022186557 
882 39 18 22 0.02218551 
9 61 18 23 0.022183577 
622 381 9 12 0.022171158 
343 124 14 18 0.022150801 
247 152 9 11 0.02214571 
918 301 14 16 0.02213088 
884 138 11 13 0.022129513 
365 85 11 14 0.022109365 
224 71 17 22 0.022108855 
976 156 10 13 0.02208389 
820 151 11 12 0.022081666 
309 452 9 11 0.02206785 
600 117 8 10 0.022046616 
601 39 9 12 0.022043632 
156 282 12 17 0.022033878 
960 6 9 11 0.022029921 
53 7 19 22 0.02202742 
231 179 9 11 0.022023851 
798 190 8 10 0.022016222 
318 255 17 21 0.022004526 
912 211 11 15 0.02199222 
548 202 10 14 0.021979732 
729 242 19 24 0.021958008 
292 153 10 12 0.021952307 
319 300 12 15 0.021945264 
822 101 12 15 0.02193256 
946 234 12 15 0.02191909 
1009 13 17 26 0.021903735 
160 441 6 8 0.021900058 
334 21 9 12 0.02188047 
6 55 9 12 0.021878574 
855 29 10 12 0.02187494 
662 127 8 10 0.021824483 
847 277 19 25 0.021823829 
329 119 20 24 0.021822864 
467 107 11 14 0.0218151 
771 240 18 23 0.021814907 
947 115 18 22 0.021801194 
685 96 9 11 0.021778231 
72 69 9 11 0.021771116 
79 164 10 12 0.02176757 
215 79 9 11 0.021763826 
546 38 9 12 0.021762375 
558 86 9 10 0.021748785 
224 173 9 11 0.021722605 
767 70 10 13 0.02172061 
814 222 10 13 0.021704368 
495 86 10 12 0.02168742 
317 325 10 14 0.02167863 
1000 188 10 12 0.02167495 
247 95 9 11 0.021662526 
778 293 16 18 0.02166175 
609 105 7 10 0.021653373 
22 221 10 13 0.021637166 
396 171 11 14 0.021633836 
216 204 9 13 0.021622287 
321 151 10 12 0.021600645 
327 203 11 13 0.021587826 
22 53 9 11 0.02157579 
216 333 12 15 0.021564912 
1015 111 8 11 0.021557314 
863 213 9 11 0.021505777 
797 251 12 15 0.02149546 
623 210 12 15 0.021483311 
624 129 9 10 0.021439115 
347 252 11 14 0.02142642 
342 2 10 10 0.02142532 
557 216 11 14 0.021418624 
247 21 10 12 0.021397654 
180 284 12 17 0.021376282 
959 109 10 12 0.02136709 
80 0 9 9 0.021364052 
456 261 12 14 0.021358566 
352 185 12 14 0.021345934 
183 136 9 11 0.021336574 
768 -8 21 23 0.021325609 
190 109 11 13 0.021318795 
671 285 10 14 0.021313962 
614 261 13 16 0.0213104 
713 174 9 12 0.02129995 
785 103 10 13 0.021299683 
127 77 9 11 0.021281747 
9 0 8 8 0.021281276 
487 39 8 10 0.021269867 
783 261 12 14 0.021269843 
105 70 8 12 0.021243988 
452 100 12 16 0.021242553 
622 46 10 11 0.02123272 
911 252 12 14 0.021230184 
878 147 11 14 0.021223512 
468 177 10 12 0.021222733 
137 172 11 13 0.021218989 
696 143 9 12 0.021205317 
845 29 10 13 0.021204675 
199 300 11 13 0.02119666 
815 201 9 12 0.02119565 
666 12 10 13 0.021181233 
975 3 9 10 0.021180274 
582 256 11 13 0.02117471 
231 113 8 11 0.021148404 
246 469 9 12 0.021114197 
774 166 9 12 0.021092994 
797 23 10 12 0.021091081 
156 211 12 17 0.021072945 
485 182 12 14 0.02107143 
606 425 12 16 0.021056885 
616 96 8 10 0.02105439 
887 193 11 13 0.021047188 
86 275 12 15 0.021042934 
173 134 10 11 0.021040175 
128 96 8 11 0.021023592 
880 70 8 11 0.02101089 
222 128 19 23 0.021009427 
277 127 9 11 0.02100776 
493 33 19 24 0.021004444 
1 165 8 12 0.020996759 
308 101 10 12 0.020993846 
141 97 18 23 0.020991493 
824 70 7 10 0.020980012 
989 181 10 13 0.020976508 
964 282 12 16 0.02097254 
242 283 14 18 0.02095504 
215 174 9 11 0.020951217 
611 425 14 17 0.020928208 
381 30 11 12 0.020904144 
490 46 7 10 0.020894913 
254 20 9 13 0.02088133 
39 295 15 21 0.0208782 
641 116 9 11 0.020878188 
245 98 18 23 0.020876568 
759 63 8 11 0.020846007 
412 265 14 17 0.020839557 
118 7 9 10 0.020836607 
207 38 9 10 0.020823684 
1016 63 8 12 0.020801287 
166 244 15 20 0.020797087 
696 62 9 11 0.020785352 
1 306 14 19 0.020782636 
869 11 11 14 0.020768756 
921 319 14 18 0.02076818 
327 172 9 13 0.02076374 
238 151 8 11 0.020761918 
166 9 9 11 0.02075624 
951 61 9 12 0.020738633 
364 478 11 12 0.020720791 
957 303 23 32 0.020718126 
52 71 9 12 0.020717528 
1014 186 11 14 0.020708239 
795 317 18 22 0.020702578 
877 121 17 22 0.020688675 
7 77 9 12 0.020686727 
799 289 15 18 0.020686544 
263 95 8 11 0.020680197 
322 363 10 14 0.020673634 
607 31 9 10 0.020670975 
958 60 8 11 0.020657342 
980 6 10 12 0.02063546 
957 148 9 12 0.020622928 
516 212 12 15 0.0205872 
23 46 9 11 0.020581037 
38 56 17 22 0.020557564 
348 82 11 14 0.020549333 
851 291 15 20 0.02053407 
303 0 9 10 0.020530267 
119 213 9 13 0.0205183 
526 183 8 10 0.020500692 
128 42 16 22 0.02049509 
751 158 11 13 0.020458473 
356 312 18 23 0.020432293 
844 257 19 21 0.02041737 
281 225 18 22 0.020413041 
264 129 10 13 0.020388596 
93 53 9 11 0.020378299 
71 54 9 12 0.020371698 
270 99 17 22 0.020370984 
276 310 15 17 0.020368591 
108 244 12 15 0.020360354 
347 226 12 15 0.020359145 
103 23 9 11 0.020337328 
592 119 8 10 0.02032989 
700 203 18 23 0.020319203 
449 42 10 12 0.020318244 
356 71 10 12 0.020296302 
615 0 9 9 0.020279313 
481 0 9 9 0.020248843 
894 1 10 10 0.020228716 
559 96 10 13 0.020219106 
731 110 11 13 0.020216193 
974 138 17 23 0.020215577 
636 140 9 12 0.020204931 
511 124 8 11 0.02020373 
108 125 12 14 0.020191567 
248 117 10 13 0.020164935 
540 114 9 12 0.020147108 
406 310 15 18 0.020122224 
137 108 9 12 0.020113943 
349 7 9 11 0.020104969 
712 148 9 11 0.020102065 
77 202 10 14 0.020100676 
395 36 11 13 0.020094335 
171 232 12 16 0.020091223 
142 1 9 9 0.020090364 
358 260 14 16 0.020089801 
55 47 18 23 0.020073889 
313 71 9 11 0.020073375 
716 226 18 22 0.020060714 
729 132 9 13 0.020044962 
422 354 12 16 0.020043211 
375 1 9 9 0.02004192 
7 328 25 33 0.020036433 
983 119 8 12 0.02002985 
534 70 10 11 0.020026388 
711 122 17 22 0.020026146 
36 20 9 12 0.02002186 
694 147 11 13 0.02001886 
838 126 12 15 0.020014964 
886 60 9 12 0.020010196 
