36_Football_americanfootball_ball_36_693
35
265 117 80 80 0.90232086 
498 298 62 79 0.8971447 
558 161 75 93 0.86672014 
661 299 54 70 0.13833658 
431 133 39 44 0.13801655 
190 198 99 152 0.120489754 
468 288 61 80 0.11427428 
60 768 74 59 0.07740963 
293 129 52 48 0.07570178 
379 145 67 71 0.06276797 
543 156 121 146 0.06248342 
646 632 52 70 0.06159829 
610 470 52 54 0.05512607 
46 35 26 32 0.054884396 
169 0 26 23 0.05251413 
207 148 138 178 0.052036393 
368 378 67 91 0.05062461 
929 498 62 75 0.046129305 
670 330 39 41 0.042693622 
595 591 55 64 0.037607778 
186 234 61 100 0.037299268 
-26 73 321 423 0.033292998 
429 119 66 77 0.0316462 
530 298 53 72 0.031208616 
383 568 63 84 0.028773403 
459 303 42 54 0.024865001 
218 -1 38 37 0.022446662 
338 125 93 105 0.021705993 
495 254 371 453 0.021650787 
779 0 25 23 0.02117925 
450 135 62 75 0.021145355 
565 169 47 53 0.020972919 
1000 -4 22 30 0.020491702 
47 16 34 41 0.020308148 
927 -2 29 30 0.020264199 
