27_Spa_Spa_27_851
61
860 157 34 48 0.992706 
451 143 28 43 0.99188316 
722 144 32 45 0.93744016 
475 352 22 32 0.7045739 
12 41 64 134 0.5840628 
745 144 33 38 0.20594114 
447 132 25 35 0.17641024 
546 337 15 18 0.1495798 
497 294 20 23 0.13773485 
267 275 14 15 0.104674906 
911 139 25 40 0.092310436 
529 336 14 19 0.08630651 
448 370 12 14 0.06816045 
480 140 25 37 0.060160432 
544 345 14 18 0.046524763 
20 230 42 51 0.04651114 
49 285 16 24 0.04148393 
181 353 14 16 0.040211275 
959 269 12 17 0.039694015 
448 132 13 24 0.03927037 
260 269 13 17 0.038974702 
1007 416 9 12 0.038610008 
148 335 16 19 0.037971985 
266 330 12 15 0.036084786 
1015 367 7 12 0.035306193 
185 388 11 15 0.0335865 
531 342 15 21 0.03293684 
232 303 27 32 0.03174904 
360 252 10 12 0.030586405 
140 330 19 21 0.030116113 
636 265 406 476 0.029322993 
905 151 28 43 0.027862629 
722 191 23 31 0.027338317 
516 324 11 14 0.027178869 
439 216 10 12 0.027105091 
211 301 12 16 0.027076423 
428 147 10 13 0.02590554 
675 430 35 42 0.025308678 
120 145 8 10 0.025046501 
33 85 35 67 0.024685513 
397 371 12 14 0.02362542 
425 142 9 12 0.023480188 
75 315 19 22 0.023463577 
116 396 14 18 0.022734046 
119 306 23 26 0.02263616 
429 372 10 12 0.02258155 
963 276 12 15 0.022371301 
128 387 52 60 0.022285147 
371 263 7 11 0.022107795 
329 231 9 10 0.02193937 
350 279 9 10 0.021863516 
2 23 56 97 0.021785108 
450 123 17 23 0.02114959 
124 261 13 17 0.021006562 
876 138 30 42 0.020903716 
429 190 10 12 0.020844057 
721 138 19 29 0.020754507 
515 331 13 17 0.020393629 
493 305 24 30 0.020353293 
477 350 15 19 0.020299658 
192 367 24 27 0.020204468 
