27_Spa_Spa_27_512
80
356 627 97 109 0.9985831 
505 151 24 27 0.29882994 
42 906 14 17 0.19905725 
600 752 8 10 0.12566164 
634 744 8 10 0.09307331 
688 721 8 9 0.08679787 
441 89 197 226 0.070825614 
679 733 9 10 0.06929556 
704 750 9 10 0.0626141 
116 850 18 23 0.061854757 
687 999 61 72 0.058768854 
547 757 8 11 0.058108132 
887 1074 26 30 0.057230618 
653 516 12 14 0.05492803 
545 753 9 10 0.05421927 
686 726 9 10 0.05183529 
660 502 11 13 0.047927532 
681 728 9 10 0.04504539 
781 954 12 15 0.04059418 
759 703 10 13 0.038719207 
704 743 9 10 0.038690474 
710 743 8 10 0.038299125 
696 736 8 10 0.03823601 
701 736 9 10 0.037976865 
694 740 10 11 0.037856493 
337 760 324 432 0.035507552 
654 509 11 13 0.034740347 
601 511 8 10 0.034271732 
695 720 7 9 0.033665806 
673 726 7 10 0.033429712 
558 744 8 10 0.033145677 
622 813 10 12 0.033124205 
574 819 13 18 0.032293595 
637 749 8 10 0.031806096 
570 767 8 9 0.031542063 
600 786 10 13 0.03102988 
584 735 7 9 0.03070022 
682 720 7 9 0.030172784 
560 728 9 10 0.0300754 
503 727 7 10 0.029805578 
654 772 9 11 0.029429702 
670 511 11 11 0.028654514 
996 1184 12 14 0.02818758 
695 759 8 10 0.027572634 
532 744 9 10 0.027483482 
697 712 7 9 0.027480533 
485 726 8 10 0.027008994 
899 1183 38 38 0.026949853 
582 791 8 11 0.026598075 
664 758 8 11 0.02605512 
549 751 8 10 0.025232852 
595 751 8 10 0.024876555 
868 774 10 14 0.024360081 
632 737 8 9 0.0243029 
592 525 10 11 0.0242963 
672 721 6 9 0.023505248 
663 711 7 10 0.023337528 
793 767 8 9 0.023213698 
488 711 9 10 0.023199929 
685 525 31 37 0.023087133 
624 488 8 8 0.023033068 
574 768 8 9 0.022902641 
591 496 7 9 0.022774294 
687 733 8 10 0.022771154 
622 736 8 9 0.022648085 
619 557 30 37 0.022585047 
778 711 8 9 0.021972628 
631 728 7 9 0.02195176 
648 501 10 12 0.021556057 
489 703 8 10 0.021265533 
29 930 17 19 0.02121106 
575 744 9 10 0.021176944 
688 741 10 12 0.020836491 
576 719 8 10 0.020826727 
591 736 8 9 0.020741118 
654 496 10 12 0.02053873 
103 860 14 18 0.020525543 
713 760 8 9 0.02039262 
554 744 7 9 0.020090235 
558 775 7 9 0.020086415 
