37_Soccer_soccer_ball_37_238
22
758 289 25 31 0.99837554 
617 297 24 33 0.99635196 
414 248 24 30 0.99401915 
66 142 20 26 0.9850118 
778 320 28 31 0.10278761 
579 52 469 521 0.05412418 
6 322 520 565 0.047688253 
61 206 15 21 0.041068714 
754 460 25 34 0.040958486 
769 330 30 34 0.037927978 
783 331 29 28 0.03608335 
26 -29 397 514 0.0325077 
81 225 24 33 0.032303344 
731 341 13 16 0.02975431 
99 302 12 16 0.026561214 
801 354 18 22 0.025826646 
760 312 42 44 0.024966253 
784 344 31 30 0.02391648 
767 441 109 170 0.023638783 
725 338 12 14 0.021940803 
760 298 31 35 0.021766253 
749 340 14 16 0.020216156 
