37_Soccer_Soccer_37_394
43
902 91 24 32 0.9913088 
586 123 18 24 0.8476841 
517 134 13 17 0.57059854 
132 147 12 17 0.4438143 
470 131 15 25 0.42090416 
653 158 16 24 0.08718237 
432 255 11 14 0.08673652 
583 227 13 18 0.06765413 
465 136 13 20 0.06521583 
0 181 21 31 0.05566299 
521 138 14 18 0.054976616 
646 142 16 22 0.052585695 
84 626 45 51 0.049080905 
532 155 14 16 0.04451519 
584 117 14 18 0.041570522 
444 127 11 14 0.03931395 
668 136 19 31 0.03620403 
475 126 16 23 0.03553048 
904 130 12 16 0.032709233 
450 146 12 15 0.031530526 
658 165 17 22 0.030152777 
655 145 21 32 0.029943788 
2 171 16 23 0.029382437 
633 152 25 33 0.028648557 
2 163 13 18 0.028129632 
653 131 14 19 0.027318282 
676 142 12 21 0.026707992 
1 515 29 45 0.02639143 
661 125 12 15 0.025771953 
1003 441 21 33 0.02416227 
317 475 29 32 0.023961376 
250 369 25 30 0.023449594 
622 153 22 31 0.023274852 
506 114 15 18 0.02271037 
461 110 12 14 0.022687923 
524 143 14 19 0.02259695 
453 131 12 16 0.021984648 
502 101 10 13 0.021919578 
937 127 17 20 0.02173493 
439 107 9 12 0.021579655 
654 128 23 31 0.021307694 
447 176 10 14 0.020363854 
430 141 8 11 0.02005565 
