37_Soccer_soccer_ball_37_512
33
497 62 70 109 0.99502736 
256 344 53 71 0.29608336 
979 180 30 37 0.1634013 
910 10 38 51 0.1359353 
95 280 42 50 0.08385476 
44 328 41 51 0.07948443 
410 448 58 71 0.07411164 
257 53 51 77 0.060799453 
288 -1 29 31 0.05838888 
241 -3 89 118 0.051956568 
820 234 42 56 0.049201783 
894 360 41 50 0.0481103 
267 9 53 75 0.04363099 
796 60 81 122 0.042363856 
977 14 45 74 0.041216973 
4 -1 25 20 0.039155737 
1011 407 13 28 0.03804996 
-1 426 37 63 0.037528563 
572 383 39 52 0.03682419 
717 312 30 41 0.035676554 
413 286 117 123 0.035172503 
740 59 31 38 0.03484649 
0 72 23 33 0.032498572 
977 229 44 67 0.02551448 
195 383 38 52 0.025208494 
985 260 28 34 0.02490125 
977 187 46 66 0.02461335 
189 330 30 33 0.023959631 
732 293 42 54 0.023824567 
156 4 61 55 0.022585917 
650 428 45 56 0.022489423 
631 0 30 27 0.021507606 
467 10 22 29 0.020418508 
