37_Soccer_soccer_ball_37_583
607
795 252 45 56 0.99630725 
668 257 43 53 0.9943552 
285 287 45 56 0.9926373 
405 79 42 56 0.9919526 
796 98 40 54 0.9908375 
669 89 38 51 0.9907995 
272 97 38 50 0.9907761 
563 102 40 53 0.9844705 
417 266 41 52 0.98307264 
185 74 41 53 0.9780983 
527 274 42 52 0.9773399 
137 45 10 11 0.27749306 
117 100 16 19 0.25943282 
98 47 8 10 0.2207664 
6 3 10 13 0.19260345 
129 7 8 9 0.19160016 
463 23 8 10 0.18651175 
856 87 8 10 0.17222816 
78 63 8 10 0.1671355 
121 78 8 10 0.16276717 
145 6 9 10 0.15484154 
432 23 7 10 0.15204531 
31 111 9 12 0.14260611 
65 76 8 11 0.13923068 
901 8 9 10 0.13753179 
119 96 10 13 0.13350661 
85 8 8 9 0.13089468 
65 71 7 10 0.124550655 
1008 85 8 10 0.122564845 
128 63 9 11 0.121849455 
121 47 9 10 0.121757396 
64 8 8 11 0.11953205 
646 55 6 8 0.11501703 
52 86 8 10 0.11323198 
716 103 14 17 0.11313345 
398 2 8 8 0.10871203 
351 79 8 10 0.10838967 
334 427 14 15 0.10810855 
1 38 8 12 0.10646142 
366 71 7 8 0.10643873 
377 56 8 10 0.10331381 
48 88 9 11 0.101738855 
536 65 7 9 0.101348706 
535 2 8 8 0.10108771 
176 2 8 9 0.100148775 
494 15 7 9 0.09904789 
13 104 7 11 0.09888241 
310 41 6 8 0.098534845 
382 14 8 10 0.0966211 
656 40 6 8 0.09531722 
46 92 9 11 0.094300605 
82 7 7 9 0.093825534 
126 55 7 8 0.09364817 
367 24 7 9 0.09134612 
1001 70 7 9 0.08969477 
906 96 7 10 0.08866479 
681 53 8 11 0.08814103 
97 31 8 10 0.087708674 
279 14 7 9 0.08659574 
608 117 11 14 0.0859689 
576 14 7 9 0.08321051 
354 55 7 9 0.08314918 
327 71 7 9 0.08231339 
519 16 7 8 0.08139973 
671 16 6 8 0.08085286 
181 2 9 8 0.0808058 
440 23 8 10 0.08073841 
855 92 8 10 0.0791419 
505 32 7 8 0.07848714 
258 14 8 10 0.078347035 
544 85 9 11 0.07757012 
528 64 8 10 0.07729262 
330 39 7 9 0.07642455 
128 86 9 10 0.07600127 
311 69 7 9 0.075149484 
840 69 9 9 0.074578516 
143 2 8 9 0.074142195 
57 65 8 10 0.073215716 
681 48 7 9 0.07314 
1005 61 8 11 0.072986 
447 21 7 10 0.07289387 
160 37 7 9 0.07095831 
696 30 7 8 0.07061486 
352 39 7 9 0.07025271 
74 63 8 9 0.06978656 
537 29 7 10 0.06928545 
432 27 8 11 0.06723451 
345 32 6 8 0.067113824 
109 23 7 9 0.06705639 
328 31 6 8 0.06685042 
522 47 8 11 0.066297114 
353 9 7 10 0.06620119 
639 93 10 13 0.066198975 
664 39 7 9 0.06613332 
38 78 8 9 0.06589591 
121 0 8 9 0.06554278 
141 96 8 11 0.065386154 
494 71 8 12 0.065341614 
366 0 7 8 0.06504012 
111 55 7 8 0.06497117 
518 85 9 11 0.06478622 
54 81 7 9 0.06473899 
62 64 7 9 0.06467967 
742 95 10 12 0.063780785 
302 16 6 8 0.063745044 
600 57 7 9 0.06355261 
165 54 8 10 0.06310589 
136 95 9 11 0.062992126 
289 48 9 10 0.061535265 
69 78 8 10 0.06148273 
413 28 9 11 0.06116973 
957 98 8 9 0.061159007 
294 53 8 11 0.06113661 
141 40 8 11 0.060561918 
968 86 7 9 0.060260985 
135 22 7 9 0.059978265 
1014 79 8 11 0.05971195 
368 78 7 10 0.058905795 
394 0 8 9 0.05887617 
489 23 7 8 0.0584546 
258 8 7 9 0.057637215 
289 15 7 9 0.05749493 
363 24 7 8 0.0574891 
5 39 8 11 0.057457186 
361 1 7 7 0.057414137 
575 10 7 9 0.05726431 
537 114 14 18 0.057175796 
679 6 8 8 0.056240343 
712 64 10 12 0.055553153 
110 15 8 10 0.055520967 
1001 64 8 10 0.055472124 
98 39 8 10 0.055031683 
128 13 8 11 0.05465892 
335 9 6 7 0.05413639 
981 95 8 10 0.054107435 
357 86 8 10 0.05381954 
155 21 6 9 0.053486187 
559 8 6 8 0.053416852 
102 38 7 10 0.05336239 
125 1 9 9 0.05311692 
512 87 9 12 0.052830245 
992 48 6 9 0.052825447 
52 109 12 14 0.052591506 
504 86 8 11 0.0524813 
592 9 6 8 0.05237198 
513 17 7 9 0.052075036 
113 6 7 9 0.052050445 
543 16 7 8 0.05199465 
310 46 7 8 0.051817533 
134 86 8 10 0.05155068 
398 5 9 10 0.051512487 
270 0 7 8 0.05137922 
329 45 8 10 0.05130453 
666 33 7 9 0.05111441 
152 16 8 9 0.050827585 
738 69 8 10 0.050673664 
17 33 7 9 0.050206218 
77 115 10 12 0.050041877 
495 39 6 9 0.050010625 
490 15 7 9 0.04995351 
70 71 8 11 0.049901024 
873 96 8 9 0.049627937 
929 95 7 9 0.049394883 
125 79 9 10 0.04920511 
568 54 6 9 0.049106266 
1 60 9 11 0.049082927 
39 45 7 9 0.049027704 
904 62 8 10 0.048987128 
87 63 7 9 0.048942644 
26 76 8 11 0.04894185 
447 17 7 9 0.048913304 
8 78 8 9 0.047732882 
32 64 7 9 0.047696177 
336 14 7 9 0.047595844 
458 23 7 10 0.04757346 
105 15 8 10 0.04752286 
537 25 8 9 0.047025036 
56 8 8 10 0.046936594 
69 94 8 10 0.046692237 
47 71 7 9 0.0466607 
110 106 14 17 0.0465958 
86 88 9 10 0.046398494 
74 25 7 8 0.04629714 
136 116 13 18 0.04588224 
71 87 7 9 0.04586831 
167 49 8 10 0.045782667 
505 93 9 10 0.04563765 
85 14 8 11 0.045613527 
321 63 7 10 0.04542676 
959 71 9 11 0.045419954 
161 48 9 10 0.045317743 
16 38 9 10 0.044734932 
88 119 8 11 0.04468621 
519 32 7 8 0.044629738 
441 16 7 10 0.04420709 
121 86 8 11 0.04408269 
34 38 8 10 0.044020236 
495 584 11 15 0.043730747 
488 300 27 34 0.043692097 
630 54 6 9 0.04366447 
7 119 9 11 0.043020193 
47 16 8 10 0.04290481 
495 9 7 9 0.04276305 
382 9 8 10 0.042727686 
318 16 7 9 0.04264804 
536 6 7 9 0.042648017 
358 56 7 9 0.042641424 
553 70 8 10 0.042538293 
360 62 7 8 0.042355407 
657 1 6 8 0.04223309 
687 31 7 9 0.04206499 
474 6 9 11 0.041760504 
82 46 7 9 0.041715316 
650 33 6 8 0.041706517 
40 72 8 10 0.041435998 
953 97 7 9 0.0413567 
111 38 9 10 0.041207675 
1007 104 9 11 0.041129477 
632 9 7 8 0.04087363 
103 52 8 9 0.040554915 
849 95 7 9 0.040473282 
648 141 10 12 0.04044042 
32 31 9 10 0.040364865 
63 40 8 9 0.04032554 
352 47 7 8 0.040172033 
312 65 8 9 0.040150195 
86 93 10 12 0.040081155 
88 55 7 9 0.040041678 
393 24 6 9 0.03957376 
47 22 9 10 0.039489858 
153 86 9 11 0.039478976 
975 87 8 9 0.039477363 
982 114 9 10 0.039470974 
38 40 7 9 0.039250758 
343 56 7 9 0.039130718 
111 87 10 12 0.03911385 
351 73 7 8 0.03903589 
325 64 7 10 0.039034907 
125 94 21 25 0.03903438 
664 46 7 9 0.03899286 
89 69 7 10 0.03895597 
410 45 8 10 0.03894246 
479 544 22 29 0.038882233 
543 23 7 10 0.03883936 
158 0 8 7 0.03878246 
261 30 8 11 0.038540903 
1005 56 8 10 0.038489692 
170 2 7 7 0.038252182 
134 98 12 15 0.03820493 
431 16 8 9 0.037862312 
553 1 7 7 0.03783827 
464 38 8 10 0.037777856 
95 64 7 9 0.037708346 
157 16 8 10 0.037646573 
330 77 7 9 0.037554324 
97 51 8 10 0.03712306 
234 446 18 24 0.03708496 
896 31 8 9 0.03707502 
103 93 9 11 0.03706238 
520 9 7 8 0.036979984 
945 97 7 10 0.03694444 
782 263 14 20 0.036853157 
372 109 16 20 0.036712594 
72 57 7 8 0.036667075 
31 21 10 12 0.03663241 
125 94 11 13 0.036531467 
10 108 9 11 0.036490582 
81 40 6 8 0.03607102 
377 15 7 10 0.03605469 
702 52 7 9 0.035990078 
329 8 7 8 0.035988286 
63 54 8 10 0.035834868 
472 94 9 11 0.035670742 
149 7 8 9 0.035581015 
33 102 9 12 0.035503447 
337 56 7 8 0.035437807 
567 22 6 8 0.035288304 
30 16 9 10 0.035148323 
1001 111 8 10 0.034838714 
472 1 9 9 0.03475799 
128 31 7 10 0.034694616 
495 76 9 12 0.03463655 
534 94 9 11 0.034580223 
177 40 9 12 0.034532126 
864 48 7 9 0.034380972 
73 30 8 10 0.034241065 
178 366 23 34 0.03423071 
137 50 9 11 0.034110136 
863 144 9 12 0.034035202 
102 32 7 10 0.033925366 
698 48 7 9 0.0338824 
40 87 8 11 0.033766784 
145 13 8 11 0.03374222 
88 122 11 14 0.03373476 
95 94 8 11 0.03373284 
386 22 6 9 0.033639114 
134 78 9 12 0.033596274 
521 64 7 9 0.033441763 
410 40 7 10 0.03342272 
409 29 8 11 0.033283606 
718 55 7 9 0.033151023 
561 15 7 8 0.03315014 
440 614 26 26 0.03314776 
333 46 7 9 0.032715578 
24 71 10 12 0.03266848 
679 3 7 7 0.03257746 
41 94 8 11 0.032553412 
47 47 6 8 0.032535113 
670 39 6 9 0.032496408 
511 92 8 10 0.03246813 
586 46 7 9 0.03232799 
446 7 7 9 0.032219294 
48 7 8 10 0.032208588 
272 39 8 9 0.032157812 
929 32 6 9 0.032129593 
511 0 9 8 0.032116193 
607 55 7 8 0.032055076 
359 15 7 9 0.03185425 
784 56 7 9 0.031808414 
703 48 7 10 0.031692214 
49 79 8 9 0.031689554 
56 13 7 10 0.03147644 
961 78 8 9 0.0314511 
131 67 11 14 0.03139914 
79 67 9 10 0.031315215 
394 6 8 10 0.031314667 
111 61 8 10 0.031292066 
346 79 8 10 0.031255577 
2 71 8 11 0.03124803 
314 15 7 10 0.031221038 
880 40 7 9 0.031110855 
296 15 8 9 0.031068858 
93 119 11 13 0.031046456 
134 6 7 9 0.03082099 
95 24 7 9 0.030814458 
918 79 7 10 0.030786991 
934 96 7 9 0.030620674 
458 31 6 9 0.030443193 
134 108 11 14 0.030430268 
537 86 9 10 0.030407961 
279 9 7 9 0.030264102 
886 101 8 11 0.030255092 
256 30 10 12 0.030244432 
673 22 7 9 0.030125156 
552 46 7 9 0.03012301 
495 47 7 9 0.030104753 
591 47 6 8 0.030104293 
584 15 6 8 0.029882358 
358 7 8 10 0.02984472 
992 88 7 9 0.029784584 
288 32 7 10 0.029752454 
81 87 8 10 0.029742321 
296 9 7 9 0.02969916 
666 14 7 10 0.029695367 
545 40 7 9 0.029689051 
271 74 15 17 0.029678997 
16 63 8 9 0.029663147 
80 23 8 9 0.029447256 
868 438 14 18 0.029397778 
624 15 7 9 0.029353831 
716 67 9 13 0.029320367 
1002 55 8 9 0.029240774 
321 56 6 9 0.029089881 
527 41 7 8 0.028996173 
965 71 8 10 0.02899276 
861 84 8 11 0.028851127 
936 39 7 9 0.028818749 
943 79 6 9 0.028793659 
0 86 8 12 0.028791064 
991 64 7 10 0.028758071 
407 16 7 8 0.028667608 
655 7 8 9 0.02865238 
327 25 7 8 0.028644303 
56 31 7 8 0.02853791 
903 32 7 9 0.028530579 
390 95 9 13 0.028520823 
721 101 13 16 0.028496055 
177 60 9 12 0.02844611 
335 108 13 15 0.02811845 
111 30 8 10 0.02805442 
984 47 7 9 0.027990533 
69 14 8 10 0.027979208 
849 88 7 9 0.027897174 
362 69 8 10 0.027864477 
480 38 8 9 0.02785922 
191 30 9 11 0.027817313 
103 115 11 15 0.027810948 
975 56 7 8 0.027692879 
966 79 7 9 0.027629975 
881 71 7 9 0.027552338 
767 56 7 9 0.02751581 
470 24 7 9 0.027506014 
142 79 9 11 0.027459508 
308 453 11 15 0.027455445 
663 1 7 7 0.0274516 
258 99 22 33 0.027409947 
593 56 7 9 0.027404752 
976 63 7 9 0.027340084 
390 101 12 16 0.027328921 
913 86 8 10 0.027294118 
425 23 8 10 0.02725875 
559 1 6 7 0.027221143 
857 81 8 10 0.027188769 
903 39 7 8 0.02712673 
113 76 10 12 0.027123557 
817 46 8 10 0.027099196 
896 15 9 9 0.027063478 
70 8 7 9 0.027002487 
374 23 7 9 0.026907658 
326 55 7 9 0.026885083 
548 86 10 12 0.02687222 
499 277 28 35 0.026846502 
158 6 8 9 0.02682714 
665 8 7 9 0.02677791 
87 22 7 10 0.026737273 
640 16 7 9 0.026727647 
8 23 8 10 0.026511407 
976 47 7 9 0.026498653 
982 118 9 11 0.026498435 
511 31 7 9 0.026448863 
944 49 6 8 0.026431331 
0 32 7 11 0.026389426 
639 64 8 10 0.026323253 
912 32 7 9 0.026286405 
510 273 15 19 0.026204927 
306 45 8 9 0.02617095 
495 64 7 9 0.026083859 
969 56 7 9 0.026070647 
32 77 8 10 0.026019737 
705 38 7 9 0.026017964 
440 7 9 10 0.025965454 
6 61 8 10 0.025906133 
585 10 7 9 0.025875801 
545 47 7 8 0.025856348 
887 46 7 9 0.025693329 
909 7 7 9 0.02566586 
335 79 7 8 0.02563263 
698 15 7 10 0.025587244 
6 73 8 10 0.02551384 
574 72 9 11 0.025480933 
143 86 8 11 0.025473466 
262 24 7 9 0.025393458 
862 80 8 10 0.025217352 
607 91 10 13 0.025211247 
837 451 25 28 0.025075993 
454 114 16 18 0.025024975 
342 61 7 9 0.024979163 
78 30 7 10 0.024910789 
2 77 8 12 0.024847481 
711 46 6 9 0.024827918 
542 63 7 10 0.024799695 
257 21 8 10 0.02479704 
553 7 7 9 0.024754345 
205 5 10 11 0.024713682 
992 94 7 9 0.024700083 
546 56 6 9 0.024667189 
64 32 6 8 0.024561852 
504 16 7 8 0.0244526 
389 79 8 10 0.024451874 
480 55 9 12 0.024451373 
160 32 7 9 0.024396801 
394 64 7 9 0.024342906 
939 79 7 8 0.02427245 
904 25 7 8 0.024266776 
128 22 8 9 0.02422902 
2 0 10 12 0.024162956 
440 2 8 8 0.024117928 
269 61 11 13 0.024021616 
15 87 8 10 0.023964623 
519 22 7 9 0.023859527 
166 78 9 12 0.023852032 
604 111 21 27 0.023848554 
840 86 8 9 0.023805933 
287 63 9 11 0.023740321 
339 470 12 13 0.02357959 
709 40 7 9 0.023558691 
737 65 8 9 0.023540746 
48 103 10 12 0.023538237 
652 285 11 15 0.023514543 
849 102 8 9 0.023486715 
94 69 8 11 0.02347784 
920 33 6 8 0.023445036 
407 6 8 9 0.023380676 
455 16 8 10 0.023351243 
625 49 7 10 0.023345908 
943 31 6 8 0.023316104 
104 62 9 10 0.02329748 
1001 79 8 10 0.023288315 
26 15 9 11 0.023278922 
79 56 8 9 0.023257032 
448 172 15 17 0.02320957 
438 28 8 9 0.023204673 
136 2 9 9 0.02320172 
912 16 7 8 0.023164941 
170 6 8 9 0.023163076 
505 37 7 9 0.023145927 
289 22 8 9 0.023106776 
929 88 7 9 0.02308129 
1001 103 8 10 0.023067094 
872 64 6 9 0.023061145 
111 48 8 9 0.02298192 
862 40 8 9 0.02293365 
895 24 8 10 0.022903463 
347 38 6 9 0.022877414 
616 65 7 8 0.022846058 
705 65 10 10 0.022812573 
593 0 7 8 0.022790425 
494 22 7 9 0.022774465 
322 31 7 8 0.0227603 
479 14 7 9 0.022708125 
30 70 8 11 0.022706835 
471 46 7 9 0.022611888 
137 107 21 28 0.022556378 
1004 69 9 10 0.022466097 
937 47 6 8 0.02237006 
353 1 8 8 0.022304198 
592 14 7 8 0.022272393 
558 64 8 9 0.02226342 
504 0 8 8 0.022240687 
985 70 8 10 0.02220191 
615 16 6 8 0.02212191 
574 292 12 16 0.022119312 
650 38 7 9 0.022117063 
680 40 8 9 0.022093473 
385 71 8 10 0.022084994 
58 54 8 9 0.022068638 
35 44 8 11 0.022041718 
954 72 7 10 0.02201698 
951 120 8 10 0.021981176 
601 0 7 7 0.021966165 
716 92 13 15 0.021942763 
140 0 21 25 0.02193757 
303 21 7 9 0.021926444 
366 29 9 9 0.02189512 
999 32 7 8 0.0218634 
501 79 9 12 0.021817483 
909 95 8 9 0.02181743 
502 55 8 9 0.021781944 
959 47 7 8 0.021749174 
705 69 12 15 0.021733671 
6 123 10 13 0.021709 
314 8 7 8 0.021700136 
320 23 7 9 0.021678166 
33 86 7 10 0.021647146 
990 69 8 10 0.021644464 
737 7 8 10 0.021592116 
673 1 7 8 0.021591507 
111 92 11 14 0.02158065 
678 16 8 9 0.021576667 
747 100 10 14 0.02155461 
679 22 9 10 0.021520201 
632 49 7 9 0.021466736 
344 85 8 11 0.021466704 
361 29 8 10 0.021446647 
863 53 7 9 0.02143381 
600 41 7 9 0.021307714 
490 8 7 10 0.021304118 
641 22 7 9 0.0212953 
506 24 7 9 0.021274513 
293 71 8 10 0.02119514 
159 79 10 13 0.021187952 
449 39 8 9 0.021132471 
314 297 30 45 0.021130616 
893 86 7 9 0.0210864 
734 90 21 26 0.021073246 
156 90 12 16 0.021049595 
817 15 8 9 0.021045385 
954 100 8 11 0.02104495 
332 428 21 24 0.021016894 
230 4 9 12 0.020963414 
112 71 9 12 0.020961393 
550 24 7 9 0.020959785 
49 31 7 9 0.020951053 
984 64 8 10 0.020916197 
262 6 8 10 0.020910377 
119 40 8 10 0.020865222 
868 119 11 12 0.02086108 
311 86 9 12 0.02084635 
13 119 9 11 0.020832095 
345 72 7 9 0.0208007 
522 39 7 9 0.020771421 
377 47 7 9 0.020730335 
451 571 14 17 0.020698639 
63 47 8 10 0.020651594 
431 8 8 9 0.0206155 
356 116 12 14 0.02059164 
498 83 9 12 0.02043174 
983 88 7 10 0.020389894 
366 64 7 9 0.02038779 
257 53 8 11 0.020361567 
921 95 6 9 0.020329151 
200 2 10 10 0.020273002 
706 0 7 8 0.020252211 
346 47 7 9 0.02024246 
147 115 13 16 0.020231085 
275 80 17 18 0.020189973 
142 110 13 17 0.020184351 
241 17 7 9 0.020174462 
748 95 8 11 0.02016234 
289 10 7 9 0.0201376 
975 80 7 9 0.020113979 
710 0 8 8 0.020081067 
57 39 7 9 0.020050433 
322 68 8 10 0.020046735 
639 47 7 9 0.020019863 
585 56 8 10 0.020012563 
978 113 8 9 0.020011835 
