37_Soccer_soccer_ball_37_233
49
414 267 29 35 0.9961224 
629 207 44 43 0.9572969 
856 387 16 20 0.8075345 
328 453 28 31 0.3634359 
345 410 16 19 0.17388418 
512 455 17 21 0.15641499 
141 618 78 62 0.15222667 
1005 424 9 11 0.13923274 
630 477 10 13 0.07467846 
1003 428 8 10 0.06381963 
850 459 13 17 0.05870652 
655 400 8 10 0.048523292 
1011 413 8 12 0.048092835 
565 464 12 16 0.04796342 
1013 440 8 11 0.045546915 
849 454 10 14 0.043358754 
111 593 128 98 0.042812582 
286 -166 454 454 0.040268246 
380 471 10 11 0.038423378 
1013 419 9 13 0.03626015 
15 379 196 269 0.03592263 
848 447 11 13 0.03566222 
1006 468 20 34 0.034829922 
1009 439 8 11 0.03325982 
137 -113 410 422 0.032942105 
380 451 44 48 0.032182958 
405 449 27 33 0.031690273 
341 402 18 22 0.031102639 
878 427 12 15 0.027986659 
572 461 14 18 0.027552785 
511 438 10 12 0.026547424 
56 498 192 185 0.026441092 
193 182 436 506 0.025949894 
977 432 7 9 0.025732977 
360 354 18 23 0.024990164 
560 499 13 16 0.024714189 
885 426 10 14 0.024389438 
560 466 12 15 0.023914192 
999 455 10 13 0.022817494 
561 457 22 27 0.022381451 
993 415 7 10 0.022341724 
847 449 21 25 0.02230241 
496 446 10 12 0.022126146 
1009 407 9 13 0.021913564 
1010 443 9 11 0.021552375 
994 446 7 9 0.021305142 
864 386 14 18 0.021018626 
975 447 7 9 0.02097276 
618 487 16 20 0.020575646 
