37_Soccer_soccer_ball_37_720
47
860 186 28 34 0.9994149 
449 30 44 59 0.9964976 
120 106 40 57 0.9925925 
516 336 17 21 0.98871547 
581 347 14 19 0.98640615 
712 260 21 26 0.9592258 
446 310 39 40 0.23114559 
990 174 22 29 0.13465758 
274 199 14 15 0.08892574 
14 549 8 10 0.06567761 
567 354 50 60 0.06353707 
0 559 10 14 0.060791314 
748 217 24 30 0.05223162 
200 550 7 10 0.050399285 
683 431 17 21 0.043862633 
994 238 29 38 0.04175956 
624 494 12 13 0.040323086 
9 550 8 10 0.037627123 
999 184 18 23 0.036120098 
525 458 14 17 0.035714693 
992 423 6 8 0.035138816 
920 456 9 10 0.033492856 
593 429 14 16 0.03343168 
1007 324 13 16 0.03277201 
926 251 11 13 0.031861376 
573 375 29 32 0.031396832 
824 430 9 9 0.03119355 
583 427 28 26 0.031027054 
739 413 18 22 0.03006903 
146 511 7 8 0.0298367 
981 462 9 11 0.029146338 
41 502 7 10 0.029105328 
460 295 33 42 0.028850336 
708 290 16 21 0.025373433 
551 328 87 110 0.024582205 
77 526 8 10 0.02442201 
964 177 23 29 0.023894716 
744 225 14 19 0.023857981 
430 297 35 39 0.023447279 
9 544 7 10 0.023423675 
575 119 12 15 0.023140417 
607 388 12 18 0.022334184 
1009 415 8 9 0.021535082 
727 408 32 37 0.020791885 
558 94 11 15 0.02075585 
573 387 17 21 0.020173764 
1 552 8 12 0.020050565 
