37_Soccer_Soccer_37_114
144
459 179 54 75 0.9989286 
196 67 35 53 0.94514704 
143 51 16 19 0.7359652 
514 97 18 22 0.709667 
901 115 15 21 0.6736899 
78 120 15 19 0.5871083 
863 81 16 19 0.52777916 
139 126 17 20 0.5142149 
244 155 56 81 0.49855858 
991 93 23 31 0.49592113 
456 99 17 21 0.33426404 
443 27 17 20 0.32285088 
474 130 17 22 0.30943802 
949 54 17 20 0.29712114 
806 22 26 32 0.2671862 
896 43 17 21 0.24540108 
182 128 27 31 0.22019428 
402 76 15 19 0.20754807 
510 65 20 26 0.18993421 
864 190 17 22 0.18159069 
160 81 18 24 0.18023075 
129 147 16 21 0.1717515 
78 123 21 29 0.1703446 
804 95 17 24 0.1658208 
105 24 15 19 0.16153108 
58 4 18 20 0.15635306 
657 58 26 49 0.15356293 
579 43 15 19 0.13954978 
759 513 63 56 0.110616796 
925 78 21 26 0.11010846 
989 170 15 19 0.10882674 
430 120 16 20 0.10150104 
69 217 22 27 0.09199692 
726 27 37 58 0.08942159 
206 83 42 40 0.08682315 
904 1 19 20 0.083831675 
558 306 14 18 0.08257243 
90 0 16 18 0.08130494 
88 55 17 20 0.080806926 
88 179 24 31 0.078605615 
51 231 12 15 0.07612978 
555 1 14 15 0.07303882 
531 19 22 28 0.071994685 
367 97 12 16 0.06979886 
253 28 27 38 0.068519905 
971 44 24 33 0.06730706 
636 1 17 18 0.0669743 
19 138 16 23 0.06597022 
507 59 16 21 0.06286409 
313 3 17 19 0.060639206 
741 7 29 38 0.05975387 
962 43 23 30 0.059520055 
307 9 28 34 0.057911865 
541 115 20 27 0.05716521 
708 51 39 59 0.05685086 
397 129 37 49 0.056315903 
46 229 21 29 0.0534271 
499 134 24 29 0.05244032 
568 291 12 14 0.051636 
557 135 15 22 0.050427105 
215 56 47 59 0.05035094 
671 52 45 59 0.04875778 
117 104 15 18 0.048747856 
765 1 18 20 0.04870672 
967 34 13 16 0.048534833 
749 1 29 32 0.04603411 
658 35 24 40 0.044931654 
444 160 14 19 0.044049863 
620 90 14 20 0.04350355 
434 2 17 18 0.04314737 
795 108 28 35 0.039614286 
132 135 20 27 0.039200585 
29 92 23 29 0.038478643 
899 10 22 27 0.03652181 
708 23 30 49 0.036471657 
645 67 27 41 0.036140487 
414 124 26 31 0.036010575 
269 382 31 32 0.035223678 
829 110 16 21 0.034977812 
968 23 41 52 0.034467004 
625 58 15 21 0.034275625 
466 60 15 18 0.034144845 
115 114 22 31 0.03371484 
32 0 18 19 0.033420417 
546 126 22 28 0.03315661 
937 66 14 19 0.032688025 
484 58 14 20 0.031128515 
474 132 28 33 0.030824268 
751 15 18 22 0.030430699 
21 141 22 31 0.030290913 
911 12 21 27 0.029789643 
722 66 43 58 0.029261721 
511 203 14 19 0.027975863 
922 19 15 19 0.0277918 
367 107 23 36 0.027162593 
45 55 16 20 0.027002348 
738 13 47 59 0.026984373 
659 63 16 29 0.02669203 
457 107 19 23 0.02666256 
437 155 46 60 0.026590725 
10 129 22 29 0.026406854 
988 6 23 28 0.026320599 
54 224 25 32 0.026260946 
335 84 24 30 0.025946237 
560 300 20 27 0.025562316 
963 41 47 61 0.025289593 
550 295 23 33 0.025168385 
83 139 16 23 0.024648221 
439 152 23 31 0.024638072 
499 146 28 35 0.024635423 
724 0 38 39 0.024518032 
132 147 22 29 0.02430124 
73 0 26 24 0.023884142 
499 193 31 40 0.023564005 
228 79 37 45 0.023333535 
28 149 22 30 0.023203816 
857 67 24 31 0.023103338 
507 52 15 18 0.022834511 
137 192 18 22 0.022753661 
875 16 23 31 0.022566782 
58 210 36 48 0.022529881 
573 32 20 26 0.022222864 
257 25 18 24 0.022174198 
209 351 36 42 0.022088654 
931 70 21 28 0.021849751 
736 87 48 57 0.021843884 
180 124 41 52 0.021760358 
307 26 33 40 0.021685883 
233 47 45 59 0.02125896 
271 84 10 13 0.021223228 
531 342 13 16 0.02113789 
848 136 27 35 0.02108922 
245 22 28 32 0.021006823 
705 2 18 17 0.020848608 
892 1 18 20 0.020730047 
67 160 473 456 0.020652585 
187 110 28 36 0.020532435 
508 103 25 31 0.020524768 
831 0 28 26 0.020479474 
527 347 13 17 0.02037414 
904 345 9 11 0.020296698 
886 47 25 33 0.020236304 
257 39 31 41 0.020162446 
970 77 41 53 0.020124875 
