37_Soccer_soccer_ball_37_926
30
508 140 10 12 0.2710895 
939 237 10 13 0.19292252 
454 655 7 10 0.1891623 
73 243 425 435 0.16417637 
570 623 10 12 0.122518845 
439 671 8 10 0.06996501 
536 633 8 10 0.069914185 
552 169 499 508 0.06966427 
445 607 8 10 0.068898864 
484 646 9 11 0.06509868 
938 233 9 11 0.065003395 
505 289 8 10 0.05235421 
526 647 9 11 0.051900834 
504 654 11 13 0.050513532 
522 669 11 13 0.041409496 
559 656 10 13 0.037352163 
940 253 12 14 0.03731701 
439 640 8 10 0.033285934 
392 655 7 9 0.03325764 
576 646 9 12 0.030094644 
507 293 10 13 0.029038962 
453 658 10 12 0.02695957 
473 613 9 11 0.02669631 
528 653 9 12 0.023513647 
490 264 7 10 0.023248475 
495 308 9 12 0.02273592 
535 677 9 10 0.02251354 
532 655 9 12 0.022250196 
525 661 11 13 0.021654908 
483 651 11 13 0.020570371 
