37_Soccer_Soccer_37_618
31
488 333 83 112 0.99900633 
10 308 70 91 0.99815035 
249 321 69 92 0.99803406 
816 351 82 127 0.9976763 
452 293 56 73 0.9230947 
685 334 54 72 0.8787174 
0 439 45 99 0.81407964 
945 350 46 64 0.61692965 
465 307 75 100 0.16471122 
327 391 43 57 0.15828693 
446 299 35 54 0.15526728 
659 156 117 122 0.13782756 
709 316 53 69 0.112851106 
734 323 48 60 0.09523896 
685 433 37 45 0.069938384 
382 249 40 50 0.06817756 
673 107 134 140 0.0632954 
925 361 50 80 0.048564784 
446 133 14 17 0.043785296 
709 353 50 64 0.040817767 
729 376 34 42 0.039832376 
304 458 17 25 0.03628978 
687 233 56 77 0.03237733 
859 343 85 122 0.032194767 
480 39 35 32 0.028160842 
572 365 14 21 0.026568804 
706 81 118 117 0.024828678 
476 289 57 68 0.02341739 
579 125 27 31 0.022206862 
905 328 82 95 0.021199282 
512 270 34 37 0.020438856 
