37_Soccer_soccer_ball_37_345
124
714 163 16 21 0.9973569 
490 171 16 20 0.99595827 
622 179 16 20 0.9951866 
555 166 16 21 0.9941705 
363 179 16 21 0.9937512 
426 183 15 19 0.991422 
818 168 14 19 0.98890746 
383 92 11 15 0.97879 
1001 189 15 19 0.97784424 
969 182 16 20 0.90648544 
141 317 16 22 0.6676186 
414 284 12 16 0.54259586 
432 336 21 24 0.54250836 
837 252 14 18 0.31306884 
446 281 12 16 0.31006017 
351 279 11 15 0.2974918 
949 275 12 15 0.29492053 
621 246 17 18 0.22236593 
439 209 14 17 0.22021377 
576 284 10 13 0.2012693 
476 281 12 15 0.18228264 
541 282 12 15 0.16634046 
705 136 8 10 0.16508044 
489 238 17 19 0.16304554 
552 209 21 24 0.16222738 
385 281 11 15 0.15249887 
370 158 9 13 0.14553249 
736 253 13 17 0.13995153 
428 253 14 15 0.1001661 
511 282 10 13 0.09401834 
412 234 11 14 0.09400024 
697 255 13 18 0.09318659 
367 243 15 16 0.08786539 
485 212 21 25 0.078765385 
391 235 11 13 0.07506535 
602 233 14 17 0.07296688 
609 289 11 14 0.069524184 
565 201 14 18 0.06946123 
982 198 10 13 0.069376454 
328 135 8 11 0.06637961 
400 158 11 15 0.06512984 
647 235 12 14 0.06278764 
368 126 9 11 0.058677923 
141 444 39 57 0.058462597 
414 210 13 16 0.057345647 
374 129 21 27 0.055846617 
983 288 13 15 0.055766407 
440 341 18 21 0.052456588 
265 135 8 11 0.04982663 
375 209 12 15 0.048845794 
796 136 9 11 0.048499677 
423 334 16 22 0.04810096 
347 277 10 15 0.047135904 
134 322 17 21 0.04642737 
654 134 9 12 0.043383904 
437 133 8 12 0.043092057 
80 56 9 11 0.042230465 
504 138 14 16 0.042230025 
548 205 16 21 0.04170461 
368 119 8 11 0.04084478 
503 203 13 16 0.03938285 
599 137 12 15 0.03923892 
691 218 11 16 0.038865823 
617 233 24 27 0.037339453 
423 246 11 14 0.036964156 
532 134 10 13 0.036526274 
387 88 11 14 0.036118608 
433 128 8 11 0.035417207 
354 283 11 14 0.03522629 
605 211 13 18 0.03509141 
345 128 8 10 0.034462415 
487 221 23 26 0.03384837 
449 337 14 20 0.033502493 
726 189 13 16 0.033414125 
467 225 13 15 0.03282975 
613 212 13 16 0.03255813 
350 129 8 10 0.031859588 
805 256 13 16 0.031661004 
367 271 9 13 0.030686956 
422 227 13 15 0.030275296 
328 129 7 8 0.030107327 
512 227 13 16 0.030072425 
965 237 12 15 0.029710786 
146 433 30 43 0.029559113 
346 231 14 17 0.029065207 
581 222 12 16 0.028895725 
134 328 21 28 0.028884653 
966 192 12 15 0.028693724 
371 162 12 15 0.028050836 
86 59 10 11 0.027549502 
108 469 26 25 0.026905525 
630 209 14 17 0.0268372 
687 134 10 12 0.026356738 
406 132 9 12 0.025822442 
0 274 8 17 0.025130812 
802 217 13 18 0.02509607 
828 195 12 14 0.025056815 
959 232 24 28 0.02487409 
736 134 9 13 0.024776675 
431 275 9 12 0.02436523 
944 270 13 17 0.024039576 
621 225 17 19 0.023833085 
989 203 10 13 0.022736879 
610 224 23 26 0.022724766 
373 125 10 13 0.022276806 
579 279 10 14 0.022178054 
453 127 9 12 0.022060057 
836 150 17 20 0.021909252 
361 102 8 10 0.021811925 
360 127 8 10 0.021803454 
387 98 12 13 0.021758094 
413 217 13 17 0.021504845 
136 345 12 16 0.02143695 
972 259 11 15 0.021286476 
180 132 12 15 0.02062553 
552 218 24 26 0.02059195 
406 117 8 11 0.02043029 
349 270 12 17 0.020391755 
484 284 10 14 0.0203174 
959 196 12 15 0.020207858 
368 130 10 15 0.020190125 
527 137 13 16 0.02015632 
483 206 15 18 0.020068713 
427 219 14 17 0.020028362 
