37_Soccer_soccer_ball_37_818
21
52 56 126 183 0.9988795 
641 3 82 108 0.99735093 
560 97 62 84 0.9960311 
477 60 64 87 0.5383725 
793 155 97 127 0.5364147 
41 384 266 294 0.18714003 
257 8 399 489 0.104886845 
130 157 332 420 0.04420016 
381 589 35 56 0.042253032 
526 80 70 97 0.041891232 
512 239 336 458 0.04180771 
209 335 339 435 0.031499133 
213 405 98 126 0.03143112 
820 466 105 117 0.028742326 
340 36 227 302 0.027664086 
738 74 176 222 0.027011821 
406 137 57 67 0.024284966 
755 489 63 81 0.021261262 
722 16 51 69 0.020329686 
616 4 60 85 0.020233363 
500 86 55 75 0.020157013 
