37_Soccer_soccer_ball_37_281
129
968 327 7 8 0.09764042 
73 523 11 13 0.09581848 
951 313 7 9 0.09506563 
177 566 8 9 0.08857841 
392 173 201 243 0.08569654 
401 656 8 10 0.07739407 
361 640 7 10 0.07715389 
175 559 8 10 0.072882995 
951 317 7 9 0.0715235 
47 496 9 12 0.068210445 
25 472 8 10 0.061149642 
985 221 8 10 0.060421966 
182 567 7 10 0.06007907 
194 570 6 8 0.059005473 
386 655 9 11 0.05662667 
25 477 9 11 0.056382086 
224 584 7 8 0.055444524 
383 303 410 453 0.05398812 
28 563 11 15 0.05390344 
194 573 8 10 0.052706834 
417 663 10 11 0.05261924 
216 569 7 9 0.05183416 
215 574 7 9 0.050795954 
366 640 8 11 0.04924796 
421 654 10 11 0.048832476 
344 623 8 11 0.047338147 
199 568 8 9 0.04378246 
217 557 7 9 0.04161341 
375 663 9 11 0.039896578 
208 567 7 9 0.039296538 
390 647 9 11 0.03904137 
9 478 8 10 0.038232855 
374 646 9 11 0.037893906 
361 631 7 9 0.037838645 
516 257 537 428 0.037025128 
232 584 7 9 0.03686509 
198 574 7 10 0.03684014 
937 328 7 8 0.036172163 
953 305 7 8 0.03605371 
400 647 8 10 0.035940867 
272 648 8 11 0.03499329 
31 504 8 10 0.0346403 
1006 364 8 10 0.03446127 
138 550 9 10 0.03437972 
947 318 7 9 0.034253385 
167 551 7 10 0.034045655 
9 429 7 10 0.033603966 
149 80 435 430 0.032295655 
934 310 8 10 0.032153055 
1000 319 7 9 0.032143 
969 321 7 9 0.03212002 
217 582 8 10 0.032047585 
241 575 7 8 0.031963024 
928 320 8 9 0.031908702 
928 335 7 9 0.031776175 
217 518 7 10 0.03128101 
983 318 7 9 0.03112997 
946 313 7 9 0.030695457 
994 204 9 12 0.030371312 
350 623 8 10 0.030311894 
492 672 17 17 0.030064428 
384 660 9 11 0.029888034 
960 304 7 9 0.029762624 
43 495 9 11 0.02959956 
372 670 11 11 0.02944813 
779 561 6 8 0.029049212 
989 215 9 11 0.028356794 
969 336 6 8 0.028161325 
989 221 8 10 0.027455017 
29 479 8 11 0.027157204 
176 325 7 10 0.02703405 
205 560 8 9 0.026414515 
416 648 10 11 0.026317155 
975 319 8 9 0.0262109 
984 336 7 9 0.026182214 
333 614 8 10 0.026143536 
233 589 7 10 0.025975784 
928 344 6 8 0.025761886 
927 351 7 10 0.025283573 
42 501 9 12 0.025169795 
94 325 10 15 0.02497049 
169 557 8 11 0.024884468 
352 628 7 10 0.024821118 
965 303 8 9 0.024799937 
375 639 8 11 0.024681546 
163 552 7 10 0.024531154 
193 551 7 9 0.024096439 
1 520 9 12 0.024088671 
247 604 8 10 0.023751087 
40 486 8 10 0.023670577 
905 336 7 9 0.023533227 
264 319 7 9 0.023448275 
414 670 11 11 0.023300625 
930 305 8 9 0.023233257 
239 568 8 9 0.023195973 
153 568 8 10 0.023136681 
896 335 6 9 0.02300997 
976 225 8 10 0.02277823 
134 510 7 9 0.022615632 
430 655 9 10 0.022413502 
703 96 442 463 0.022328168 
177 321 7 10 0.022309016 
606 535 7 9 0.02218596 
201 551 6 8 0.022146175 
371 676 12 13 0.022042265 
31 483 8 12 0.02203552 
984 343 7 8 0.021981485 
22 557 21 26 0.021952042 
177 572 9 10 0.021911848 
953 344 6 9 0.0218616 
208 343 7 9 0.02178433 
223 567 8 10 0.021669237 
158 568 8 10 0.021573458 
89 494 7 10 0.021532547 
29 471 8 10 0.021454459 
975 312 8 10 0.021351893 
271 318 7 10 0.021259535 
587 311 7 9 0.021257227 
5 520 8 11 0.020907532 
14 479 7 10 0.020864436 
200 581 8 9 0.020796528 
927 328 8 9 0.020727742 
952 351 7 8 0.020639686 
602 247 9 12 0.020509781 
1001 326 8 9 0.020461012 
1014 319 7 10 0.020419395 
943 327 7 9 0.020417698 
385 649 9 11 0.020157704 
375 655 8 10 0.020152189 
