37_Soccer_soccer_ball_37_341
21
396 186 19 22 0.46710098 
396 232 24 35 0.43432724 
451 94 48 71 0.25169942 
364 266 27 30 0.23086968 
543 223 235 239 0.19517235 
596 338 197 265 0.18975979 
979 480 42 63 0.15402855 
379 183 12 16 0.10848124 
381 184 25 31 0.056278117 
627 459 130 159 0.05341132 
353 259 47 53 0.047864135 
521 144 55 78 0.045020767 
375 262 28 38 0.03234771 
464 127 57 78 0.029117815 
389 239 28 45 0.026136221 
492 143 56 71 0.025118522 
13 362 13 16 0.023437826 
434 120 353 421 0.023339368 
354 251 15 20 0.022387108 
58 259 488 448 0.020229427 
375 181 21 26 0.020092424 
