37_Soccer_Soccer_37_651
582
903 294 31 39 0.9998022 
495 306 29 40 0.9995307 
104 225 37 39 0.99428385 
3 211 25 39 0.98361266 
303 219 25 36 0.9358628 
463 98 16 19 0.5207733 
126 3 17 19 0.51813483 
323 475 28 33 0.5176765 
979 42 15 19 0.50655866 
217 105 16 20 0.49200466 
650 98 15 18 0.41588807 
584 179 16 19 0.35399726 
186 28 12 14 0.34645516 
411 101 13 15 0.3402651 
365 0 15 13 0.31493092 
239 224 22 29 0.3112992 
419 14 19 22 0.30242062 
661 155 14 17 0.2904465 
1006 2 17 17 0.26539287 
805 112 17 21 0.24316461 
545 11 11 13 0.23697314 
731 174 15 18 0.23424865 
174 171 13 17 0.22470784 
249 223 23 29 0.22470248 
674 130 14 17 0.22317454 
102 20 15 19 0.21375203 
193 228 19 21 0.21249145 
67 73 12 16 0.20972688 
709 137 14 18 0.20939049 
288 163 13 16 0.20687124 
1008 82 10 14 0.20678745 
460 53 12 15 0.20577191 
741 0 12 12 0.20033799 
565 53 12 17 0.19238017 
772 157 15 20 0.19166932 
777 204 16 20 0.1828911 
826 171 17 20 0.18035099 
215 238 22 29 0.1747922 
418 163 16 20 0.17469063 
617 127 10 13 0.17366666 
700 88 18 20 0.16813606 
434 105 15 19 0.16294754 
740 127 11 13 0.15815325 
604 83 13 15 0.1553177 
206 173 11 13 0.15401687 
368 77 12 13 0.14518641 
540 60 10 14 0.14486912 
68 11 12 15 0.14442343 
233 4 10 13 0.14065602 
867 53 10 13 0.1353338 
564 110 12 14 0.13304773 
276 75 13 17 0.13190816 
806 91 12 15 0.13056108 
254 3 12 13 0.13053225 
748 71 11 14 0.1299887 
38 74 12 16 0.1295105 
460 18 13 16 0.12893339 
93 86 11 13 0.12631682 
571 127 12 14 0.1233534 
1010 75 13 20 0.12207202 
390 98 12 15 0.12112384 
821 256 16 18 0.12045694 
213 228 21 26 0.11998533 
77 9 13 16 0.11937866 
226 81 15 16 0.11428611 
502 121 12 14 0.11346384 
1012 324 11 18 0.11096419 
232 170 15 18 0.10968934 
329 47 10 14 0.10899313 
647 175 13 16 0.10854014 
184 2 10 10 0.10759836 
641 85 11 15 0.10714965 
366 11 14 16 0.10714224 
716 135 14 19 0.106616065 
565 84 10 13 0.106459066 
605 92 13 17 0.106270224 
405 126 13 15 0.10233971 
706 168 17 21 0.10041403 
0 69 10 16 0.100000896 
944 81 11 16 0.09970569 
1011 135 13 21 0.09706906 
550 126 10 13 0.09702669 
738 25 14 15 0.09573645 
182 5 11 12 0.0912451 
172 173 21 26 0.09094106 
516 68 13 15 0.09033539 
358 21 11 13 0.08790621 
204 24 14 17 0.087491706 
973 90 17 20 0.08661117 
32 20 12 15 0.08620677 
844 148 13 18 0.085915126 
153 171 10 14 0.084123716 
600 4 11 14 0.083433405 
219 247 23 31 0.08337477 
20 22 12 15 0.081859045 
270 92 10 12 0.08185354 
108 69 12 16 0.08138543 
172 184 15 18 0.080100425 
161 227 25 25 0.0800817 
199 0 11 10 0.080078326 
665 147 15 18 0.07864725 
309 70 10 14 0.07821091 
131 89 14 16 0.077901855 
311 125 12 14 0.07741453 
97 167 9 11 0.07735483 
188 110 12 15 0.07726802 
359 0 14 13 0.076137654 
245 27 12 13 0.073926866 
975 34 15 18 0.073079355 
117 19 12 15 0.072627984 
588 5 10 13 0.07235964 
304 61 10 13 0.071425274 
46 164 10 12 0.071386755 
176 13 10 13 0.07093034 
401 47 10 14 0.07070965 
646 30 9 13 0.07057195 
78 1 12 13 0.070318066 
495 18 12 14 0.06979152 
119 186 11 14 0.068644345 
94 47 11 15 0.067688584 
374 137 404 430 0.067515135 
584 125 10 14 0.067368664 
167 27 13 15 0.066997975 
237 3 10 11 0.06699002 
261 3 10 12 0.06652704 
247 45 10 12 0.06638087 
64 178 10 13 0.066023394 
405 177 12 17 0.06536438 
336 179 24 31 0.06436742 
1005 66 15 20 0.06391095 
775 133 11 15 0.06319486 
1013 119 10 16 0.06301347 
351 0 13 13 0.06250987 
207 178 12 15 0.06239098 
997 56 15 21 0.061526325 
805 126 17 20 0.061113365 
469 60 13 17 0.06097368 
599 101 10 13 0.060708936 
647 0 9 9 0.060519174 
988 5 13 15 0.06032218 
532 12 11 13 0.05929733 
510 85 13 17 0.058684126 
976 23 10 14 0.05867779 
515 74 14 18 0.058486577 
613 159 15 19 0.05839807 
663 161 17 19 0.05831162 
207 92 11 14 0.057269275 
699 203 12 16 0.05725831 
188 121 16 20 0.05684659 
302 13 10 11 0.056845617 
782 68 11 14 0.05668258 
249 4 10 12 0.055764437 
517 38 13 16 0.055393353 
740 139 12 16 0.05495145 
59 237 17 19 0.054809388 
235 98 15 18 0.054772474 
447 114 13 17 0.05463515 
564 12 11 14 0.05460004 
485 2 16 17 0.054190096 
30 38 11 14 0.054083757 
669 138 16 19 0.054009527 
705 97 15 18 0.053635426 
644 90 15 19 0.05353893 
550 196 13 18 0.053424675 
15 25 12 15 0.053330712 
429 0 12 13 0.052811112 
222 58 12 16 0.052243046 
534 198 11 14 0.052227486 
568 254 23 27 0.052037142 
407 62 10 15 0.052016187 
781 82 12 16 0.052014243 
180 11 11 15 0.051766016 
223 223 23 30 0.05161699 
328 1 9 10 0.051608402 
205 165 14 17 0.051293485 
396 15 11 13 0.050988376 
37 82 13 16 0.050473567 
24 92 9 13 0.05037231 
175 53 12 14 0.050041176 
16 0 11 11 0.049845215 
374 99 10 12 0.04970757 
394 245 27 35 0.049553942 
385 98 10 14 0.049089037 
990 127 11 13 0.04904127 
678 156 15 18 0.048667587 
974 49 14 18 0.048410337 
371 72 12 14 0.04829367 
359 94 10 13 0.047543235 
214 87 10 13 0.046933826 
444 138 16 20 0.046656676 
156 100 11 13 0.04660505 
180 52 14 15 0.046563465 
527 13 12 15 0.04605257 
560 336 17 24 0.04596307 
0 15 9 12 0.045298398 
488 37 11 13 0.045294642 
269 485 24 27 0.04529291 
442 108 14 18 0.045285586 
900 0 13 11 0.04524094 
541 66 11 15 0.04509727 
259 161 16 18 0.045092948 
659 17 14 17 0.04501873 
240 45 10 12 0.044931654 
353 22 10 12 0.044888016 
285 3 11 12 0.04452891 
52 20 11 15 0.044474047 
213 92 11 15 0.044445623 
568 91 9 12 0.044238005 
256 75 10 13 0.04401476 
701 57 13 16 0.043941066 
845 139 14 20 0.04389495 
173 20 11 15 0.04385234 
515 90 16 19 0.04368866 
453 107 14 19 0.043679386 
536 135 10 13 0.043605126 
628 0 11 11 0.04354447 
701 105 16 19 0.043516483 
303 0 9 10 0.043481804 
942 123 11 15 0.04347229 
179 183 15 19 0.043374237 
285 39 10 12 0.043326885 
280 52 9 12 0.043290284 
82 3 13 16 0.04325823 
591 103 9 11 0.043072555 
462 25 13 16 0.04307094 
37 38 10 13 0.043040317 
127 173 10 13 0.043025274 
302 7 10 12 0.04279519 
222 101 22 25 0.04270752 
201 232 16 18 0.042653978 
692 13 11 14 0.042500347 
62 15 13 18 0.042392403 
271 35 11 13 0.042333387 
392 18 11 14 0.04217975 
32 14 10 12 0.042037275 
725 7 11 13 0.041722983 
292 399 23 31 0.041516583 
566 103 10 12 0.0408816 
847 133 13 16 0.040562484 
230 122 13 17 0.04050996 
459 207 13 16 0.040504236 
467 53 12 16 0.040270977 
311 0 11 10 0.04009842 
731 162 16 19 0.04005293 
305 66 12 15 0.039995622 
750 81 12 15 0.039941903 
421 6 15 17 0.039931588 
184 34 13 15 0.039916374 
397 162 12 16 0.039915726 
131 172 12 13 0.03976031 
968 55 10 15 0.039564688 
724 22 11 14 0.039362293 
87 93 12 14 0.039361116 
421 101 11 15 0.039308358 
254 38 12 15 0.0392473 
325 317 25 32 0.03905212 
204 0 9 9 0.039001297 
200 26 11 15 0.038876325 
504 91 12 17 0.0388702 
167 84 11 14 0.038828854 
694 38 10 13 0.038754616 
168 186 11 15 0.038663127 
120 76 10 14 0.038623374 
500 20 12 13 0.03844341 
67 174 10 13 0.038315434 
119 167 10 11 0.038279608 
174 224 24 27 0.03824636 
414 138 12 16 0.038202368 
694 45 9 12 0.03819703 
655 14 12 15 0.03817037 
434 142 18 21 0.038101837 
202 123 15 18 0.03802125 
188 52 14 15 0.037965935 
687 131 11 15 0.03794562 
735 4 12 14 0.03753856 
271 1 11 11 0.03733446 
278 3 12 12 0.03726821 
805 96 15 18 0.037068095 
714 188 14 17 0.037024032 
1007 502 18 45 0.03692787 
262 117 12 15 0.036647446 
639 161 13 17 0.036646936 
227 185 15 20 0.03660812 
701 0 10 9 0.036461152 
280 37 9 12 0.036066722 
296 45 9 11 0.035903465 
302 56 9 12 0.035860907 
636 53 10 13 0.03585836 
547 17 14 15 0.035720013 
141 212 12 16 0.035693616 
95 1 11 13 0.03554123 
843 158 16 22 0.035360385 
318 109 11 14 0.03534715 
700 129 20 26 0.035160914 
182 22 13 16 0.03502663 
259 170 14 17 0.034943063 
366 111 10 13 0.03491606 
33 77 11 14 0.034703255 
816 252 26 31 0.034643438 
475 136 14 18 0.034571018 
260 37 11 14 0.03456414 
556 36 10 13 0.03434703 
495 146 14 18 0.034323312 
212 26 12 16 0.03422212 
560 115 10 14 0.03407163 
660 3 14 16 0.034062922 
659 166 16 19 0.034000847 
892 507 17 21 0.033987902 
984 290 31 37 0.03391344 
261 76 10 14 0.03363627 
326 101 12 14 0.03358452 
242 93 13 16 0.033576295 
610 98 12 16 0.033499938 
196 53 10 13 0.033375382 
125 77 15 17 0.033290442 
369 83 13 15 0.03300129 
561 7 10 12 0.032941204 
0 29 8 13 0.032928593 
706 158 16 19 0.03292211 
991 57 13 19 0.032916468 
639 77 12 16 0.03290367 
324 106 13 15 0.032775324 
624 13 11 14 0.032775227 
267 161 15 18 0.032659736 
756 70 11 15 0.03260399 
271 83 14 17 0.03253786 
166 46 11 14 0.03237605 
972 57 12 15 0.032252796 
246 123 12 15 0.03223524 
54 239 16 21 0.032221694 
707 52 12 15 0.032197893 
190 0 12 10 0.03219042 
317 0 11 10 0.032116428 
553 194 18 22 0.032034736 
999 5 11 13 0.031988017 
30 93 10 13 0.03197367 
536 55 12 15 0.03193529 
227 113 15 19 0.031877663 
328 13 11 15 0.031857487 
535 8 10 13 0.031856477 
115 70 13 16 0.03169483 
94 78 11 13 0.0316246 
832 158 20 26 0.031409808 
241 22 11 14 0.03131614 
359 12 12 15 0.031052396 
157 232 16 19 0.031003866 
691 129 14 18 0.030979121 
165 53 11 13 0.030882724 
150 161 19 25 0.030695718 
957 98 11 15 0.030598298 
1009 145 13 18 0.030586094 
391 85 9 11 0.030576838 
253 126 11 14 0.030506667 
170 265 466 486 0.030504366 
228 92 14 16 0.030457228 
162 84 9 11 0.030348726 
90 96 15 18 0.030346131 
732 154 14 17 0.030293921 
519 395 25 28 0.030241564 
584 104 9 12 0.030176591 
127 167 11 13 0.03013069 
693 54 12 15 0.030121211 
21 88 10 13 0.030111939 
856 6 11 13 0.030101478 
139 3 13 17 0.029995274 
744 66 18 23 0.02997415 
169 90 14 15 0.029842868 
280 46 10 13 0.029761504 
228 176 16 20 0.029738829 
335 193 26 32 0.029697742 
490 0 14 13 0.02966976 
444 58 14 19 0.029506812 
492 35 11 12 0.029414177 
599 161 13 17 0.029370734 
251 29 12 14 0.029216811 
466 155 16 20 0.029186476 
221 171 13 17 0.029163634 
644 70 10 13 0.029142551 
204 157 16 18 0.028990198 
654 0 10 12 0.028939338 
274 71 11 14 0.028856779 
986 49 14 18 0.028854167 
68 17 13 17 0.028767033 
409 168 22 28 0.028744768 
362 84 10 13 0.028717583 
890 24 14 18 0.028709577 
64 166 10 12 0.02850791 
377 51 12 16 0.028495792 
649 85 17 20 0.028480232 
968 83 12 16 0.028410893 
749 0 10 11 0.028389337 
296 15 9 11 0.028355323 
294 21 9 11 0.028164588 
175 0 10 11 0.028104683 
490 389 17 21 0.028032485 
269 194 11 15 0.027959453 
981 174 11 15 0.027949953 
542 193 13 18 0.027833413 
275 159 21 25 0.027807528 
558 125 9 13 0.027761212 
21 14 11 13 0.027719293 
246 38 13 15 0.027695566 
201 172 12 15 0.027517313 
741 145 12 18 0.027509853 
229 26 11 15 0.027357185 
439 54 10 13 0.027351398 
14 85 10 13 0.027346179 
205 11 11 15 0.027175346 
551 120 10 12 0.027159503 
423 169 16 18 0.027017301 
176 7 11 13 0.027004959 
221 501 22 26 0.02689862 
188 103 11 13 0.026785525 
371 92 12 15 0.026747039 
1001 83 11 14 0.026731374 
1011 154 12 17 0.026726032 
307 237 25 35 0.026694309 
19 3 12 14 0.026683237 
596 5 22 28 0.02643933 
93 55 13 19 0.026322115 
165 0 11 11 0.026287038 
121 3 12 16 0.026239082 
488 322 28 38 0.026207512 
151 95 11 14 0.026170915 
522 69 11 13 0.026123628 
525 42 11 15 0.02608643 
367 99 11 14 0.02593228 
233 158 17 19 0.025930563 
238 160 24 25 0.025926614 
823 176 22 28 0.02584397 
160 52 11 15 0.025827685 
602 11 13 16 0.025709879 
674 147 15 18 0.025704395 
468 481 14 16 0.025543211 
163 162 21 26 0.025435342 
373 111 9 13 0.025344595 
784 118 10 13 0.025252728 
6 7 9 11 0.025241535 
461 86 14 17 0.025199974 
32 8 11 13 0.025176477 
262 54 9 12 0.025137303 
144 20 11 14 0.025134178 
101 204 12 16 0.025121484 
69 81 12 16 0.02509745 
468 146 16 22 0.025056684 
908 53 10 13 0.024993762 
572 93 10 13 0.02498255 
240 13 10 13 0.02496633 
839 152 15 19 0.024910446 
6 20 11 16 0.024877816 
78 235 15 17 0.02481887 
383 127 10 14 0.024792233 
579 252 16 21 0.024686553 
172 59 13 15 0.024575127 
104 209 26 32 0.02455444 
175 47 11 14 0.02453073 
119 84 11 14 0.024487536 
500 49 13 16 0.024415674 
412 80 14 17 0.024390612 
109 202 15 18 0.024219269 
72 103 9 11 0.024182016 
275 87 14 17 0.024153491 
204 3 10 13 0.02413483 
790 307 39 49 0.024105545 
603 137 13 17 0.024102878 
221 66 13 16 0.023991186 
5 125 10 13 0.023984684 
160 46 10 12 0.023952957 
313 129 13 16 0.023950262 
40 174 11 12 0.023940876 
736 130 13 17 0.02391287 
4 14 10 13 0.023860782 
598 106 10 13 0.02381091 
943 89 10 15 0.023800908 
123 179 11 15 0.023778506 
0 92 8 14 0.023772825 
419 145 22 28 0.023726301 
332 85 12 14 0.023719842 
99 12 16 20 0.023643447 
668 0 10 11 0.023612875 
997 28 14 16 0.023611328 
205 184 14 18 0.023607338 
295 0 10 11 0.02359347 
995 125 13 16 0.023588616 
310 28 11 14 0.023493411 
206 175 21 24 0.02346975 
114 213 27 36 0.02344514 
214 35 13 17 0.023420397 
294 40 9 11 0.023413738 
351 95 11 14 0.023388602 
360 164 11 13 0.023359334 
365 90 13 16 0.023356903 
524 86 11 15 0.023342479 
172 100 13 14 0.023340931 
150 231 27 33 0.023184761 
71 13 22 25 0.023116915 
406 146 13 17 0.023033477 
756 13 11 13 0.02302523 
428 139 17 20 0.023011832 
220 92 14 16 0.022984684 
927 0 10 11 0.02296455 
693 18 11 15 0.02294068 
271 44 11 13 0.022899996 
480 115 12 17 0.022808671 
450 52 20 25 0.02276231 
349 399 25 33 0.022728357 
84 206 11 14 0.022705555 
946 77 12 16 0.022685368 
332 94 13 15 0.022665255 
212 165 14 15 0.022533283 
194 116 14 18 0.022519248 
115 195 14 19 0.022518488 
712 194 13 16 0.022507165 
417 26 11 16 0.022498831 
478 106 12 17 0.022393934 
169 570 13 17 0.022310117 
727 52 13 15 0.02225733 
584 1 11 12 0.022202399 
521 14 10 14 0.022176575 
315 114 14 17 0.022156669 
869 24 10 13 0.022148324 
545 125 11 14 0.02213842 
601 80 10 13 0.022068767 
238 52 9 12 0.022064576 
194 110 13 15 0.022063315 
603 1 13 13 0.021984251 
540 30 12 14 0.021984117 
406 128 21 24 0.021901546 
110 166 10 12 0.021873463 
457 113 18 19 0.021828212 
719 26 12 16 0.021815166 
562 78 10 14 0.021776913 
44 169 12 15 0.021744503 
509 94 18 21 0.021734333 
320 103 11 14 0.021721946 
249 164 23 28 0.02171282 
510 42 14 17 0.021626499 
786 203 14 18 0.021614777 
424 23 15 19 0.02160677 
406 138 15 18 0.021576894 
722 133 14 18 0.02154675 
235 408 13 16 0.021546062 
537 166 10 14 0.021543408 
467 69 17 21 0.021515796 
36 26 12 15 0.021473972 
86 25 12 17 0.021447845 
755 82 12 16 0.021275572 
663 127 10 14 0.021237953 
868 58 11 14 0.02121581 
417 134 21 26 0.021106584 
614 122 18 22 0.021098005 
300 46 10 12 0.021072222 
787 124 13 18 0.020975944 
1002 15 18 19 0.020922808 
453 85 13 16 0.02084065 
475 53 14 17 0.020786518 
184 107 21 25 0.020765917 
572 247 14 15 0.020755984 
755 267 17 23 0.020724691 
733 12 11 14 0.020705193 
315 76 11 13 0.020671261 
210 171 15 17 0.020644179 
158 180 11 15 0.020623872 
908 19 12 16 0.020539287 
263 85 10 13 0.020520627 
444 100 14 19 0.020480106 
977 84 16 19 0.02035412 
446 53 12 15 0.020344848 
382 84 10 12 0.02033058 
663 142 14 17 0.020322457 
218 168 22 27 0.020318786 
701 21 10 13 0.020298852 
212 207 12 15 0.020294935 
655 162 14 20 0.020281449 
263 223 17 23 0.020251255 
695 6 12 14 0.020229435 
246 13 11 14 0.020212635 
549 84 9 13 0.020209018 
533 20 11 14 0.02017938 
725 1 11 11 0.020112984 
33 84 10 14 0.020096159 
398 4 11 13 0.020047791 
