37_Soccer_soccer_ball_37_114
45
364 162 29 36 0.9997353 
683 258 30 37 0.9996929 
411 242 30 37 0.99953735 
506 345 31 41 0.9994747 
240 259 29 36 0.99944156 
891 255 32 38 0.99941623 
500 232 30 38 0.99933773 
443 152 27 33 0.9992543 
774 253 28 34 0.9992204 
291 165 27 34 0.9990902 
125 150 28 34 0.9990858 
832 161 29 35 0.9988807 
603 274 30 38 0.99883944 
136 368 35 42 0.99861586 
609 156 29 35 0.9985915 
642 354 36 44 0.99853015 
756 363 35 43 0.9985061 
265 363 33 41 0.9982742 
74 255 28 34 0.99825543 
740 157 29 35 0.9982126 
160 260 29 34 0.9978264 
327 245 30 36 0.9975821 
675 156 26 32 0.99736315 
386 351 33 41 0.9971763 
521 153 27 31 0.99676055 
218 176 27 32 0.989423 
199 388 22 29 0.10906147 
846 356 27 38 0.097466655 
65 333 43 51 0.06302048 
550 363 24 29 0.04852153 
886 373 32 36 0.045607835 
856 364 26 36 0.043579713 
247 375 24 31 0.042182185 
300 273 20 24 0.03445924 
464 316 22 28 0.031722087 
868 379 16 20 0.031618096 
360 382 26 31 0.03106524 
864 376 28 31 0.030748349 
202 383 17 20 0.027213745 
781 321 38 49 0.026343156 
536 370 26 32 0.024437841 
229 162 24 34 0.023924135 
202 397 24 33 0.023479281 
837 150 28 33 0.022089956 
942 365 15 20 0.021625323 
