37_Soccer_soccer_ball_37_867
212
685 108 49 64 0.99878687 
386 206 33 44 0.9984989 
251 238 48 62 0.9977825 
518 219 48 67 0.9960097 
507 58 52 68 0.99598527 
85 290 29 36 0.9816722 
900 226 42 54 0.937853 
480 256 26 36 0.45021024 
443 373 15 20 0.3346379 
7 240 8 10 0.21373832 
575 304 37 52 0.12978037 
23 300 9 12 0.12643966 
153 363 12 16 0.12601955 
50 281 8 9 0.11911728 
16 312 9 12 0.113707736 
64 288 10 12 0.111958064 
451 385 18 23 0.10456904 
64 438 12 13 0.099683724 
33 266 8 10 0.098467566 
485 312 15 18 0.09342441 
792 271 8 9 0.08717079 
79 276 9 11 0.083790466 
105 370 13 15 0.08297089 
20 228 10 11 0.07691744 
6 298 9 12 0.0751821 
31 280 9 10 0.07454928 
150 289 8 11 0.066073 
471 337 16 20 0.0655335 
753 269 15 17 0.06344164 
3 240 8 11 0.06336734 
53 278 8 11 0.062039826 
844 277 10 11 0.061322372 
120 209 8 10 0.059963025 
21 308 10 13 0.05976082 
513 545 38 39 0.052272417 
356 322 26 31 0.052250285 
13 239 8 10 0.05194222 
123 386 13 17 0.051252197 
36 191 391 518 0.051163506 
261 111 8 10 0.050210174 
94 185 8 10 0.049730938 
24 280 8 11 0.04705277 
17 299 11 13 0.046778295 
88 184 8 9 0.045757324 
215 184 7 9 0.04433845 
25 247 8 11 0.044151396 
557 152 47 58 0.043888927 
240 128 8 10 0.042970214 
447 378 19 22 0.042666167 
120 231 8 10 0.042213053 
814 273 9 11 0.04221028 
31 128 6 8 0.041552525 
50 112 6 8 0.040995616 
459 687 13 15 0.040627055 
101 390 10 12 0.040401068 
125 379 26 34 0.0400836 
29 247 9 10 0.039373104 
175 287 10 11 0.038997352 
178 229 7 10 0.0388556 
31 150 6 9 0.037950005 
266 137 8 9 0.037771348 
200 273 8 11 0.03725374 
239 133 9 12 0.03698503 
135 375 27 36 0.036617737 
14 183 7 10 0.035699673 
242 261 9 13 0.03521078 
797 270 8 11 0.03519708 
19 370 13 15 0.035181746 
126 175 8 10 0.035109688 
169 304 9 11 0.03509248 
17 111 8 10 0.034965195 
9 314 10 13 0.034960646 
253 209 9 11 0.034514427 
178 142 8 9 0.03423583 
17 223 10 12 0.03353049 
108 262 9 11 0.033306383 
126 208 7 9 0.03291115 
71 208 8 9 0.032833986 
23 332 12 15 0.032774985 
138 159 8 10 0.03261549 
840 251 12 15 0.032391347 
73 277 9 11 0.032368742 
105 159 7 9 0.032318145 
47 183 8 10 0.03228059 
333 342 10 13 0.032107905 
24 341 13 15 0.032063153 
32 200 8 11 0.03193381 
15 246 7 9 0.031721152 
80 185 7 8 0.03171589 
186 239 8 9 0.031536583 
110 167 7 10 0.03131407 
144 272 8 10 0.031198932 
22 160 9 10 0.031101089 
301 167 10 12 0.030748045 
39 167 7 10 0.030744443 
63 279 9 11 0.03045433 
152 245 9 12 0.030382741 
914 252 33 40 0.03031612 
285 156 8 11 0.030257609 
137 312 9 11 0.030199824 
77 166 9 10 0.029897844 
55 166 8 10 0.029797303 
63 183 7 9 0.029718818 
80 111 7 9 0.029692229 
810 276 10 11 0.029561536 
2 299 9 13 0.02935309 
834 230 8 9 0.02915005 
54 112 7 9 0.02909135 
137 189 7 10 0.028919544 
135 184 8 10 0.02871402 
22 112 7 9 0.028687885 
786 269 8 11 0.028559746 
24 127 8 10 0.028519785 
48 158 8 9 0.028248189 
112 207 8 10 0.028083058 
95 167 8 10 0.028039224 
15 191 8 11 0.028006844 
539 427 14 17 0.027994236 
79 207 8 10 0.027959349 
22 192 7 9 0.027913498 
47 152 8 10 0.02763175 
150 369 12 17 0.02761099 
36 268 9 11 0.027575267 
58 191 8 10 0.02756928 
72 272 9 11 0.027549604 
485 396 10 14 0.027239662 
144 133 8 10 0.027229097 
822 290 12 13 0.027019268 
21 316 10 11 0.026828293 
183 255 8 10 0.026810162 
39 191 7 9 0.026756102 
53 284 9 12 0.026381215 
249 183 7 9 0.02632775 
280 153 8 11 0.02622758 
182 142 8 9 0.026220236 
731 269 10 12 0.026111536 
10 183 7 10 0.025936687 
224 177 7 9 0.025852423 
24 253 9 11 0.025711145 
105 167 8 10 0.025557814 
22 166 9 11 0.025414135 
38 279 9 11 0.025187727 
64 129 7 8 0.025158625 
125 255 9 10 0.02492836 
38 284 9 11 0.024862599 
420 277 14 19 0.024842305 
65 160 7 9 0.024703337 
41 128 7 9 0.024588654 
126 376 11 14 0.024475118 
833 224 8 10 0.024371982 
25 174 9 11 0.024290413 
57 199 7 9 0.024196146 
55 160 7 9 0.024145298 
103 201 8 10 0.024006216 
34 192 6 8 0.023916608 
57 183 8 10 0.023747744 
153 310 10 12 0.023709286 
96 216 8 9 0.023705523 
92 285 15 19 0.02353905 
73 135 8 9 0.023522863 
209 200 7 9 0.02330888 
40 173 7 10 0.023294203 
120 191 8 10 0.023239717 
542 419 13 15 0.023118427 
231 119 8 9 0.023039216 
24 182 8 10 0.022810722 
63 272 7 9 0.022635939 
178 224 8 10 0.022544257 
64 207 9 11 0.02226774 
121 292 12 15 0.022188859 
152 223 8 9 0.022108741 
139 318 9 11 0.022104891 
120 129 7 9 0.022066401 
165 232 8 9 0.021929715 
41 159 7 9 0.021904446 
356 452 14 16 0.021843266 
129 223 7 9 0.021789312 
113 212 8 11 0.021771725 
337 321 11 17 0.021700252 
42 315 13 15 0.021333236 
136 273 9 10 0.021326596 
94 279 12 13 0.021274485 
262 116 9 11 0.02117084 
88 167 8 9 0.021160008 
62 197 8 10 0.021140432 
102 459 12 14 0.02106314 
88 159 7 9 0.021060161 
104 239 8 10 0.021036856 
194 191 7 9 0.020999076 
45 485 13 19 0.020994864 
126 231 8 10 0.020950694 
269 141 8 9 0.020948876 
25 262 8 10 0.020926742 
62 191 8 11 0.02083051 
47 135 7 8 0.02081078 
191 260 8 10 0.020810196 
192 143 7 9 0.02077491 
61 436 23 25 0.020695161 
79 135 7 10 0.020614037 
182 230 7 10 0.02057826 
90 189 8 10 0.020543238 
254 149 8 11 0.020538865 
161 175 9 12 0.020432895 
136 223 8 10 0.020389374 
839 273 11 12 0.020347048 
281 127 8 10 0.020268317 
233 160 8 10 0.020237116 
129 246 8 11 0.020169102 
145 112 7 9 0.020141868 
147 364 23 31 0.020129945 
129 238 8 10 0.020072354 
96 160 7 9 0.020032011 
