54_Rescue_rescuepeople_54_208
37
249 21 115 225 0.99525875 
301 35 162 252 0.40375733 
632 98 14 18 0.10832877 
361 65 188 256 0.100477286 
184 440 30 41 0.07939591 
414 504 13 16 0.071198404 
1011 580 11 18 0.05932508 
617 68 10 13 0.048634633 
100 51 17 23 0.048534498 
151 373 13 15 0.04619665 
617 76 10 13 0.046120606 
197 595 10 13 0.043341056 
338 469 40 47 0.03737333 
964 14 63 79 0.03671919 
507 542 11 13 0.0361795 
508 534 10 11 0.03578008 
709 135 31 32 0.03541081 
448 518 10 13 0.033445157 
1003 610 14 17 0.031711668 
631 115 13 16 0.029316816 
509 548 10 13 0.028415095 
921 114 97 138 0.028318679 
474 498 24 29 0.028036708 
70 299 117 174 0.02787023 
505 528 8 11 0.026596528 
364 532 16 18 0.025610207 
0 0 29 24 0.025407149 
175 302 28 39 0.024974821 
112 371 12 15 0.02461271 
150 277 12 15 0.023772255 
108 63 14 18 0.02320519 
0 165 35 53 0.023021655 
312 451 209 213 0.022307847 
528 554 15 18 0.020826874 
470 549 10 14 0.02069739 
998 608 23 31 0.020294955 
194 591 10 12 0.020182058 
