54_Rescue_rescuepeople_54_1006
22
244 245 38 60 0.99707544 
619 158 50 65 0.9956683 
426 280 33 42 0.99430627 
312 257 32 48 0.98314744 
580 389 10 13 0.259486 
550 354 15 20 0.12500572 
262 249 35 55 0.09116692 
553 349 14 17 0.09103208 
287 250 29 44 0.089111246 
577 415 9 11 0.048681095 
454 331 14 20 0.038029004 
541 389 10 14 0.03734917 
676 372 29 37 0.03166783 
547 365 15 19 0.030322932 
560 347 16 17 0.029165173 
403 336 58 74 0.0271555 
663 462 13 15 0.025334323 
564 339 15 19 0.025058946 
542 427 10 13 0.024595024 
664 455 11 13 0.022019148 
576 467 13 16 0.022001231 
-17 76 175 295 0.020477619 
