54_Rescue_rescuepeople_54_108
32
235 335 207 286 0.9997373 
364 235 417 396 0.67634577 
425 884 471 423 0.66205513 
627 127 246 251 0.5986709 
95 861 441 407 0.45762163 
308 425 402 457 0.30447653 
477 314 70 83 0.24061261 
536 175 285 343 0.14284065 
451 289 255 239 0.10295398 
960 567 36 46 0.10212508 
460 316 129 119 0.09921122 
320 323 294 370 0.095851555 
619 64 392 412 0.087688446 
952 430 64 89 0.081394166 
712 396 109 136 0.07397275 
665 136 124 132 0.072677314 
476 206 47 49 0.060144544 
148 958 233 231 0.057492577 
597 132 115 134 0.04514292 
38 498 455 525 0.043617662 
544 1022 271 279 0.0405384 
433 1012 376 506 0.040143594 
755 440 79 83 0.03806349 
555 174 116 139 0.03385753 
113 972 120 138 0.027826197 
539 242 129 174 0.02477491 
940 262 87 140 0.023357632 
-10 750 374 486 0.022544201 
466 225 52 57 0.02250086 
424 335 117 134 0.021642646 
936 454 87 139 0.021396188 
154 947 30 50 0.020819658 
