54_Rescue_rescuepeople_54_531
32
363 125 206 299 0.9998981 
288 842 175 277 0.6596299 
644 983 44 71 0.47410306 
626 914 84 127 0.21564363 
614 133 55 55 0.13895462 
655 543 208 274 0.113944575 
384 542 54 71 0.08832672 
624 441 116 122 0.082590386 
287 382 101 114 0.07322178 
677 915 88 121 0.06007087 
311 434 58 72 0.05788123 
810 610 70 72 0.055828996 
262 704 358 484 0.048661843 
718 920 83 120 0.047478333 
683 481 118 141 0.04585292 
374 553 82 95 0.044830248 
662 459 70 75 0.04469576 
623 470 64 79 0.039134175 
284 868 415 507 0.037255418 
676 1124 98 110 0.034443244 
326 932 103 183 0.03261457 
315 451 36 46 0.031508166 
305 830 109 181 0.031185137 
749 591 126 106 0.031168858 
710 545 132 107 0.028728627 
584 404 43 46 0.02717848 
-4 242 182 290 0.026525363 
564 380 101 109 0.025734255 
610 912 65 96 0.024521021 
335 533 91 122 0.022660976 
299 34 134 129 0.021937346 
581 487 364 426 0.020469569 
