54_Rescue_rescuepeople_54_335
27
825 148 112 141 0.9998833 
524 231 96 130 0.9996711 
380 374 105 115 0.99950695 
487 91 15 18 0.31989938 
604 290 91 129 0.14082539 
565 343 217 262 0.13604817 
146 445 25 27 0.06211379 
557 261 90 127 0.059356857 
835 439 172 254 0.055449795 
416 375 361 490 0.050406776 
540 495 202 323 0.041584287 
592 461 155 145 0.031353164 
200 -8 104 123 0.031275433 
-30 -23 189 220 0.029893953 
47 63 27 32 0.028807748 
88 397 16 19 0.027919954 
223 615 54 62 0.02543979 
841 39 8 10 0.02434598 
65 71 27 33 0.023916837 
86 407 24 28 0.023631856 
133 395 14 17 0.023382887 
128 468 28 29 0.023362039 
118 14 104 108 0.022779824 
142 92 13 16 0.022457734 
829 54 9 11 0.022325762 
600 642 147 196 0.022194171 
41 18 123 143 0.020111773 
