54_Rescue_firemanrescue_54_153
23
264 96 109 187 0.9980501 
411 396 86 87 0.9498943 
762 236 197 209 0.07669997 
476 417 127 186 0.0624614 
434 411 102 105 0.0482557 
735 290 11 15 0.04420076 
608 237 10 11 0.042901244 
398 336 172 213 0.039861567 
33 239 9 11 0.035268653 
38 245 8 11 0.030985046 
351 387 117 104 0.029811546 
342 129 106 157 0.029760718 
488 607 113 112 0.026711868 
89 400 9 11 0.026613971 
33 244 8 10 0.025206558 
725 323 52 61 0.024468336 
337 351 47 67 0.023630412 
594 257 42 51 0.023216056 
424 606 116 117 0.023179648 
41 254 10 13 0.022989592 
46 254 11 13 0.022820156 
192 417 103 109 0.020790728 
410 383 43 31 0.020304834 
