54_Rescue_rescuepeople_54_188
34
398 94 212 253 0.99970514 
291 99 95 110 0.9989171 
692 14 55 62 0.9976394 
950 167 47 46 0.8314348 
233 21 51 75 0.3326315 
596 1 45 38 0.23926197 
843 129 25 31 0.23800637 
850 120 22 32 0.14230646 
251 5 33 40 0.118600994 
855 272 58 76 0.07699801 
21 55 13 15 0.07643713 
380 25 25 37 0.06195053 
316 179 61 71 0.057023484 
84 224 47 60 0.056747824 
93 78 44 62 0.054914195 
853 117 14 21 0.050261024 
955 446 40 51 0.043712255 
229 388 55 75 0.04226244 
115 222 44 53 0.037972834 
859 122 24 36 0.03403162 
782 271 32 44 0.032144915 
443 137 404 522 0.032077655 
0 328 202 281 0.030404527 
753 -2 35 33 0.030245783 
2 81 27 33 0.027023546 
311 35 15 19 0.0259708 
56 22 83 116 0.02515163 
827 262 57 68 0.024839956 
82 49 16 18 0.02466064 
942 173 33 40 0.023528304 
577 -6 62 68 0.023118446 
4 97 17 22 0.022748139 
837 134 20 24 0.022256054 
171 180 67 78 0.020630712 
