54_Rescue_rescuepeople_54_325
46
367 165 67 94 0.99476886 
574 297 59 70 0.90622115 
612 258 52 86 0.6684264 
863 237 67 82 0.45055112 
159 285 50 64 0.32169637 
575 138 33 33 0.24264927 
843 240 52 78 0.225041 
184 291 33 53 0.20984079 
548 304 61 71 0.12949806 
132 277 58 72 0.12067521 
932 474 30 43 0.11827116 
192 273 48 60 0.07215427 
522 191 15 20 0.06100504 
898 231 55 69 0.05675559 
208 267 47 54 0.05583146 
636 247 58 86 0.05420214 
25 264 29 49 0.052622896 
60 378 27 32 0.046170816 
224 276 25 30 0.044711035 
661 240 59 85 0.039574377 
261 212 25 32 0.03930844 
603 304 38 56 0.03916191 
893 451 31 33 0.038494617 
439 -2 60 66 0.038405996 
76 406 182 262 0.038037147 
52 524 133 154 0.037067026 
590 145 26 29 0.03534362 
613 618 27 34 0.034488425 
0 285 8 15 0.030834416 
1010 306 12 18 0.030788437 
779 255 33 35 0.030121427 
85 252 95 111 0.029081319 
214 485 14 19 0.027546328 
73 434 127 131 0.027002594 
719 148 13 19 0.026072014 
190 305 46 56 0.02523813 
516 392 13 17 0.023328396 
362 308 34 54 0.022823319 
283 293 27 36 0.022117017 
927 458 48 72 0.021276306 
524 190 23 30 0.021230152 
285 271 14 20 0.021223238 
906 227 37 45 0.021132052 
721 151 23 29 0.020622605 
573 139 20 22 0.0205988 
785 170 14 17 0.020183574 
