54_Rescue_rescuepeople_54_589
34
289 358 65 74 0.99808574 
460 377 63 76 0.9979074 
831 412 62 78 0.997593 
598 371 68 74 0.99667704 
107 400 72 68 0.98859566 
956 499 44 55 0.96345323 
671 441 24 29 0.66722786 
900 491 40 51 0.39610317 
685 140 13 15 0.14607267 
1003 593 19 33 0.09148276 
392 629 73 59 0.0691901 
1 487 16 23 0.0640089 
655 103 10 11 0.04979163 
733 154 13 15 0.04941008 
709 133 13 14 0.049097445 
338 356 33 43 0.04901538 
763 476 12 17 0.042766176 
673 102 9 10 0.03557123 
664 146 11 13 0.035319068 
664 440 41 49 0.033790406 
736 132 11 12 0.031147989 
763 468 28 33 0.030807 
787 447 32 39 0.02845338 
149 646 55 50 0.024436546 
905 511 45 61 0.023237042 
990 595 27 40 0.023236696 
669 149 10 13 0.02306829 
775 443 31 37 0.022397755 
795 458 32 45 0.021937488 
190 584 13 18 0.021415712 
684 441 25 35 0.02134177 
688 118 9 10 0.021268874 
681 135 10 13 0.020922922 
681 120 7 9 0.020506723 
