54_Rescue_rescuepeople_54_526
67
472 24 68 64 0.99428165 
3 899 19 24 0.38612992 
40 1174 24 31 0.13817324 
982 814 13 17 0.12944603 
0 848 13 23 0.095764704 
0 865 13 21 0.08752598 
455 548 35 41 0.077935256 
995 808 15 21 0.073551096 
76 839 23 29 0.072600454 
1004 818 14 18 0.06514398 
762 226 31 41 0.06326219 
164 932 46 56 0.05739787 
684 419 16 21 0.053161975 
223 844 116 130 0.05258894 
13 1161 22 29 0.051749256 
353 804 123 169 0.05095375 
512 504 39 60 0.047540907 
0 1072 12 21 0.044621985 
196 738 198 247 0.04414102 
710 396 15 18 0.0435051 
18 1169 28 33 0.043036453 
185 917 46 64 0.041063968 
64 1038 18 25 0.04031624 
605 285 15 23 0.039704673 
69 824 26 34 0.039129544 
903 172 12 16 0.036173575 
60 920 14 20 0.034852315 
237 883 64 63 0.03389823 
19 1155 15 19 0.033405602 
63 884 11 14 0.032996707 
9 891 17 21 0.03265867 
496 3 60 66 0.032155126 
851 165 15 19 0.031988684 
715 410 25 28 0.031797472 
791 422 10 14 0.030601505 
228 965 390 486 0.029163722 
197 866 94 118 0.028745107 
738 421 14 17 0.028720923 
81 833 17 22 0.028288813 
2 1067 14 19 0.026872048 
1006 781 15 21 0.026224045 
894 501 27 32 0.025285566 
734 435 15 18 0.024955237 
9 897 24 29 0.024948766 
245 898 38 40 0.024901662 
668 379 12 16 0.024859589 
111 892 16 17 0.02472796 
663 372 10 12 0.024678182 
445 529 57 67 0.0244204 
0 1095 25 33 0.024294978 
712 398 25 28 0.024236191 
1 1196 11 18 0.02354701 
903 728 103 129 0.02315797 
18 1133 26 29 0.022891674 
119 693 62 57 0.022740671 
511 534 38 46 0.021799458 
39 1019 14 18 0.02174341 
418 867 83 120 0.02170443 
1012 644 10 14 0.021471696 
213 910 130 124 0.021448897 
51 912 21 30 0.02143592 
895 453 9 12 0.021386655 
115 1178 51 65 0.021129856 
14 1131 15 17 0.02099559 
18 1214 16 21 0.02086148 
72 842 15 21 0.020467404 
226 963 61 77 0.020168053 
