54_Rescue_rescuepeople_54_431
696
570 459 30 42 0.9983625 
521 514 36 45 0.99830794 
757 455 29 34 0.9973984 
675 397 26 33 0.9970202 
820 376 29 31 0.9955165 
872 423 38 43 0.9953329 
625 552 39 45 0.99343854 
370 398 34 44 0.99310523 
532 380 21 28 0.9850021 
785 523 33 37 0.9771035 
742 403 22 29 0.9721738 
80 312 82 84 0.96787417 
664 356 21 27 0.9571004 
418 229 21 28 0.9304525 
693 315 17 21 0.90076363 
484 214 18 23 0.8936941 
554 191 15 19 0.8916093 
601 286 13 17 0.8863079 
607 317 18 22 0.88613975 
775 326 22 27 0.86862904 
509 168 14 20 0.83669704 
270 323 16 19 0.8341701 
751 301 13 16 0.80444366 
653 275 15 19 0.7737166 
729 449 19 25 0.7455699 
210 284 16 19 0.71778584 
517 258 15 20 0.7090496 
686 293 13 16 0.67256075 
753 331 15 20 0.6597357 
598 359 19 22 0.65314573 
211 355 18 24 0.61543185 
466 326 27 34 0.61262023 
572 316 18 22 0.6070204 
889 514 37 41 0.6000689 
239 315 14 18 0.5973378 
312 353 17 23 0.5913445 
300 281 14 17 0.5882848 
300 219 14 18 0.5869508 
314 195 13 18 0.55591655 
91 221 34 52 0.55062896 
626 414 18 22 0.5070342 
663 451 24 30 0.50448406 
317 190 13 16 0.45145065 
146 282 15 19 0.44559035 
380 205 14 16 0.4382071 
616 299 13 16 0.42992932 
294 197 10 13 0.39436066 
800 395 19 26 0.38995144 
207 277 13 18 0.37228778 
224 223 9 10 0.3697482 
391 187 13 15 0.36407635 
653 229 10 12 0.3602347 
331 208 15 18 0.35046333 
797 460 22 25 0.3494324 
446 212 12 16 0.32499886 
380 256 17 23 0.32055426 
348 184 14 17 0.30758154 
346 397 22 31 0.30408522 
584 274 12 16 0.2790986 
245 197 9 12 0.27248 
570 424 17 21 0.27164617 
323 301 13 17 0.2706174 
323 186 11 14 0.26157108 
472 184 9 10 0.25270128 
678 222 8 10 0.2456736 
580 233 13 17 0.24137141 
672 181 7 9 0.24078433 
683 249 13 16 0.23593076 
917 141 9 13 0.23118274 
632 245 10 12 0.2306763 
688 217 7 10 0.2270177 
650 231 9 11 0.22639818 
635 368 15 18 0.22520147 
873 133 11 13 0.22410955 
632 240 9 11 0.21997592 
821 422 20 27 0.2166538 
280 188 10 12 0.21576941 
707 466 21 26 0.21063566 
246 192 9 11 0.2103972 
669 209 8 11 0.20817037 
696 175 7 9 0.20778784 
304 316 12 14 0.20709552 
361 394 30 38 0.19715448 
264 293 12 14 0.1936711 
215 289 17 18 0.1742042 
657 246 9 11 0.17401344 
715 394 16 19 0.17372477 
712 316 12 15 0.17128439 
728 379 14 19 0.16038738 
342 148 11 14 0.15390003 
662 230 9 11 0.15312506 
656 252 10 12 0.15289865 
189 214 9 12 0.15173665 
617 176 8 10 0.14625065 
695 222 7 10 0.14432509 
650 236 9 12 0.14387588 
632 274 9 14 0.14261459 
253 183 11 13 0.14112388 
654 288 12 16 0.1351973 
495 325 15 20 0.13465182 
245 295 14 18 0.13101576 
285 187 9 12 0.13084096 
604 237 10 14 0.13019562 
617 394 21 25 0.12962422 
117 222 11 16 0.12929004 
669 350 14 17 0.12790492 
720 159 9 11 0.12516692 
383 527 33 44 0.124409646 
637 221 8 11 0.12342335 
641 260 9 13 0.123384565 
669 190 9 12 0.123250924 
647 341 14 16 0.12295087 
239 238 10 12 0.12285811 
296 276 13 18 0.12255365 
631 314 13 18 0.121878885 
195 329 18 20 0.12090141 
743 386 23 28 0.12075716 
213 248 11 13 0.11896543 
449 200 9 11 0.11700691 
448 206 12 16 0.11589577 
236 263 9 12 0.115643345 
621 220 9 12 0.11470687 
294 314 10 14 0.114390545 
294 192 9 12 0.114351146 
852 403 16 22 0.113719225 
769 166 7 9 0.11268288 
568 432 23 29 0.11249387 
644 270 13 16 0.11247991 
811 405 16 22 0.11208797 
388 194 15 18 0.112078294 
664 190 10 12 0.111499004 
244 239 10 13 0.11042725 
759 328 19 26 0.11021793 
778 409 17 22 0.10922145 
737 354 15 19 0.105578505 
721 176 8 9 0.103346415 
668 237 10 12 0.10323547 
647 274 14 18 0.10202956 
656 225 9 11 0.10174211 
213 230 8 10 0.10136865 
616 256 9 12 0.10112043 
186 221 9 10 0.10092115 
710 183 8 10 0.100830704 
277 354 14 20 0.10068659 
208 224 8 11 0.10048243 
26 398 19 21 0.10042549 
320 279 9 13 0.09945656 
414 201 13 15 0.09723764 
598 190 11 15 0.096809186 
710 176 8 9 0.09406642 
696 262 9 11 0.09340911 
851 534 26 37 0.092406616 
429 198 8 11 0.09230949 
310 385 14 19 0.09018889 
591 305 12 17 0.08982367 
661 252 9 12 0.08970639 
232 266 12 14 0.08813374 
712 190 8 9 0.08721401 
309 300 10 13 0.087122835 
326 205 14 18 0.08658254 
697 310 13 17 0.08566251 
684 260 11 13 0.08524898 
614 408 22 28 0.08511686 
638 254 9 12 0.08435284 
645 411 15 20 0.083236784 
708 407 17 22 0.08319036 
641 191 8 10 0.08292554 
727 181 6 9 0.082427934 
817 410 20 25 0.081466086 
308 293 11 15 0.08097324 
699 486 24 30 0.08013908 
170 281 14 18 0.07828078 
886 167 11 13 0.077437736 
617 221 8 12 0.0766599 
240 283 12 15 0.076564 
333 318 13 19 0.07598281 
635 433 16 22 0.07576874 
231 230 10 12 0.075651385 
643 387 17 20 0.075441934 
721 457 22 28 0.075356975 
293 269 13 16 0.075007856 
638 216 9 12 0.07493079 
597 229 11 13 0.074792564 
750 327 13 17 0.074704096 
197 302 12 16 0.07469282 
333 308 10 14 0.07468602 
260 285 14 18 0.07435978 
615 180 9 11 0.07385857 
784 142 6 9 0.072514266 
290 356 15 18 0.07161468 
290 199 9 12 0.07040031 
711 222 8 11 0.07016743 
214 214 8 11 0.06905043 
685 239 10 12 0.06847177 
148 252 13 16 0.06819459 
751 174 7 8 0.06802016 
513 175 14 19 0.067131706 
823 118 11 13 0.06689516 
192 293 11 14 0.06687857 
638 204 8 11 0.06686104 
668 441 17 22 0.06602217 
326 323 13 18 0.0659707 
404 211 14 18 0.06595924 
593 190 10 14 0.06594725 
241 242 10 13 0.064026564 
661 225 8 10 0.063619964 
148 203 9 13 0.062966555 
282 354 17 22 0.0629186 
399 205 11 14 0.0625803 
267 297 12 15 0.0624807 
687 230 9 11 0.06225115 
461 226 12 14 0.06217661 
816 151 9 10 0.06214012 
269 395 22 29 0.06158048 
395 183 11 12 0.061489724 
179 251 12 14 0.060827177 
148 259 14 16 0.06055815 
3 76 13 18 0.060350355 
633 295 10 12 0.0599734 
826 158 9 12 0.059558712 
515 232 14 18 0.05955264 
493 181 9 12 0.059406858 
386 200 13 18 0.059369676 
746 375 23 27 0.05927233 
255 240 13 17 0.059001207 
591 231 11 13 0.058773197 
620 259 11 13 0.058703844 
678 259 11 14 0.058667652 
612 306 14 20 0.057580996 
319 312 13 16 0.05729652 
585 282 12 15 0.057082586 
631 419 21 28 0.056600794 
647 256 10 12 0.055963986 
745 192 8 9 0.055426445 
632 442 15 20 0.05536866 
654 259 11 15 0.055208888 
657 189 8 10 0.055189602 
201 361 22 29 0.05510173 
633 199 8 11 0.054838214 
59 244 28 34 0.054833613 
587 235 11 14 0.0546773 
918 137 10 12 0.054378424 
298 406 23 29 0.054211825 
616 199 9 12 0.053774595 
199 376 14 19 0.052997783 
222 321 14 18 0.052873112 
237 232 9 11 0.052817468 
681 294 11 15 0.052765552 
369 204 12 15 0.052679256 
525 360 12 17 0.05254762 
667 176 7 10 0.052538034 
690 299 14 18 0.052338734 
233 234 10 14 0.052317005 
536 195 10 13 0.052268423 
742 159 7 7 0.05196845 
542 182 11 15 0.051947705 
306 322 12 15 0.051864587 
670 282 12 15 0.051540803 
215 223 8 10 0.051396307 
681 216 9 11 0.051185086 
373 260 20 28 0.051037777 
301 196 11 15 0.050801504 
230 216 9 11 0.050630756 
657 185 7 10 0.050497588 
378 551 29 39 0.050124075 
242 308 15 21 0.050058305 
887 126 9 11 0.049900364 
422 198 11 14 0.04982182 
728 199 8 10 0.049178813 
933 129 8 9 0.049058817 
673 454 25 29 0.048881624 
178 304 17 22 0.0487458 
599 280 13 17 0.04858094 
289 243 11 15 0.048496988 
774 419 24 28 0.048237745 
632 216 9 12 0.04804188 
606 232 9 12 0.047951233 
746 300 12 15 0.047833968 
264 199 9 11 0.04752917 
206 272 12 15 0.04751809 
945 539 46 58 0.047265954 
465 188 8 11 0.046968054 
400 209 12 17 0.04696514 
635 299 11 14 0.046530053 
412 211 14 18 0.0460321 
636 389 20 26 0.045827374 
293 379 15 19 0.04571032 
716 312 13 15 0.045542326 
962 465 40 53 0.045480628 
550 443 21 29 0.045469493 
476 321 26 31 0.045449514 
374 207 16 18 0.045306522 
335 377 28 32 0.045258623 
625 240 8 10 0.04521673 
518 323 15 19 0.04505859 
528 295 12 20 0.044698294 
776 302 9 10 0.044544723 
191 298 12 18 0.04401296 
726 205 8 10 0.04368682 
630 191 8 10 0.04365089 
673 255 9 13 0.043375444 
679 277 10 14 0.042946104 
332 367 23 30 0.042919137 
300 249 11 14 0.04283756 
865 142 9 12 0.042477816 
294 248 13 16 0.042376786 
684 267 11 13 0.042219225 
599 242 12 15 0.042166553 
542 175 10 12 0.042156376 
694 460 22 28 0.04200684 
178 247 10 12 0.041390203 
253 293 13 17 0.04136503 
305 225 12 15 0.041309293 
360 536 40 52 0.041053224 
299 351 22 26 0.04093927 
672 169 7 9 0.040805027 
705 183 8 10 0.040754806 
639 176 8 9 0.040707286 
824 176 9 11 0.040640198 
641 183 8 10 0.040509228 
814 167 9 11 0.0403392 
712 206 8 10 0.040306132 
340 197 13 16 0.040185697 
902 149 9 13 0.040142313 
220 247 11 13 0.039958894 
872 523 40 45 0.03989561 
127 253 11 15 0.039874256 
610 433 14 18 0.03985079 
829 118 10 12 0.03982375 
256 270 10 13 0.0397447 
800 175 7 9 0.0397138 
308 278 13 17 0.0394882 
665 184 7 8 0.03931953 
303 289 13 16 0.039187808 
691 176 7 9 0.03913353 
992 144 8 11 0.03903824 
309 308 11 16 0.038922638 
705 189 8 10 0.03887984 
148 268 13 15 0.038766887 
503 233 12 15 0.03872103 
287 218 10 14 0.038697302 
324 314 14 19 0.038594723 
727 152 7 9 0.03853976 
466 183 9 12 0.03847412 
962 603 16 20 0.03837585 
640 269 11 14 0.038370542 
746 230 7 10 0.038044628 
245 203 9 13 0.03803921 
404 204 13 16 0.03786263 
812 180 10 12 0.037742853 
285 292 11 13 0.037678532 
685 278 10 13 0.037634518 
712 198 9 11 0.037566442 
287 238 11 15 0.037520748 
278 293 10 13 0.037464153 
755 297 10 12 0.03740227 
172 290 16 18 0.03737985 
733 567 49 60 0.037351504 
201 333 19 20 0.037331667 
159 373 29 30 0.037170574 
656 208 8 10 0.03712352 
861 543 34 35 0.03706747 
670 230 9 11 0.036868542 
190 231 9 11 0.036826015 
273 189 9 11 0.03673247 
704 223 7 10 0.036714703 
346 233 23 30 0.036709435 
688 183 8 9 0.036701027 
409 217 21 31 0.03670063 
718 191 9 11 0.036676522 
524 454 22 29 0.036629863 
337 204 14 18 0.03630724 
702 242 10 13 0.0362248 
625 245 9 11 0.036201682 
36 320 48 64 0.036162265 
174 297 17 20 0.03602906 
703 176 8 9 0.035993677 
227 329 14 17 0.03595343 
604 189 11 14 0.035822216 
32 90 14 18 0.035778657 
599 185 10 12 0.035605658 
646 191 7 10 0.035480313 
246 230 10 12 0.035288274 
830 151 9 12 0.035246555 
54 313 57 68 0.03521085 
647 197 7 9 0.035013407 
736 101 11 12 0.034802668 
231 312 18 24 0.034519345 
440 216 13 17 0.034499817 
823 151 9 11 0.034354277 
981 477 40 53 0.034265608 
606 310 15 18 0.034229323 
246 213 9 12 0.03417501 
79 333 100 118 0.03404582 
741 549 14 18 0.033996277 
697 64 30 38 0.033960897 
292 238 12 14 0.033951767 
259 277 12 16 0.033907067 
643 331 15 17 0.03390012 
793 159 8 9 0.033774283 
743 152 6 8 0.033711363 
100 204 14 17 0.03370725 
209 214 8 11 0.033497635 
945 150 9 11 0.033164967 
813 175 10 12 0.032764286 
347 192 15 18 0.032730307 
728 191 8 10 0.032686274 
658 270 13 17 0.032644104 
745 295 10 12 0.03262483 
929 133 8 10 0.032614272 
489 180 8 12 0.03256052 
801 141 9 11 0.03244068 
265 204 11 14 0.03240429 
201 275 12 16 0.032174926 
239 354 12 16 0.032151252 
191 236 8 11 0.032139443 
395 195 12 15 0.032115962 
365 263 22 31 0.03206803 
735 193 7 9 0.03184774 
761 160 7 8 0.031819854 
813 432 15 20 0.031801883 
613 287 11 14 0.031791784 
542 147 10 11 0.031755846 
254 196 10 11 0.03162328 
788 398 17 24 0.03162268 
617 246 8 11 0.031501807 
635 412 16 21 0.03140623 
349 173 12 15 0.031346634 
223 182 9 11 0.03133715 
768 161 7 9 0.031148147 
743 167 7 10 0.031078693 
680 207 8 10 0.031023126 
647 167 8 9 0.03097759 
622 482 15 20 0.030971507 
387 254 23 28 0.030844724 
1 260 25 28 0.030826837 
700 261 12 14 0.030789768 
825 299 11 15 0.030764969 
607 185 8 10 0.030688237 
135 276 26 30 0.030661356 
845 405 17 23 0.030490318 
190 209 9 11 0.030450564 
645 397 19 26 0.030370079 
2 71 22 31 0.030307774 
744 174 8 10 0.030099006 
557 435 22 27 0.03003884 
291 182 10 13 0.029977867 
800 151 8 11 0.029814666 
734 198 7 9 0.02981374 
91 209 28 36 0.029663632 
217 306 16 19 0.029660683 
751 169 7 9 0.029660596 
208 209 9 11 0.029506847 
201 229 8 12 0.029423088 
320 324 13 17 0.029397799 
798 168 7 9 0.029380266 
288 175 9 11 0.029357918 
797 341 12 16 0.029190848 
584 189 8 12 0.029179236 
282 323 14 18 0.029174225 
877 129 12 14 0.02916813 
262 191 9 10 0.02915456 
199 215 8 11 0.029082216 
429 203 10 14 0.029079337 
404 260 14 20 0.028978525 
129 266 44 53 0.0287102 
979 582 44 75 0.028696848 
650 243 10 12 0.028648144 
318 295 13 17 0.02861568 
300 231 98 109 0.028494077 
559 445 25 31 0.028459122 
169 220 8 11 0.028301468 
686 207 8 10 0.028187415 
936 105 8 9 0.028135173 
314 392 14 19 0.027929865 
870 129 18 22 0.027902657 
736 135 8 9 0.027856933 
279 307 11 14 0.027728347 
711 216 9 10 0.027662637 
728 135 8 9 0.027626192 
338 321 13 18 0.027607737 
881 166 10 13 0.027581021 
214 393 30 33 0.027528584 
738 143 7 9 0.027466128 
738 158 8 9 0.027362155 
737 369 22 26 0.027234541 
169 214 8 11 0.02721021 
544 182 20 27 0.027199617 
302 329 16 18 0.027092507 
336 156 10 12 0.027063807 
143 270 12 15 0.027055103 
782 428 25 30 0.027035113 
882 413 30 32 0.027010374 
407 232 14 20 0.02700875 
290 193 18 23 0.026988901 
638 228 9 11 0.026955636 
731 329 13 16 0.026954256 
632 229 10 11 0.026932275 
580 386 17 21 0.026925245 
636 322 15 18 0.026922882 
794 153 7 10 0.026748607 
492 469 25 34 0.026699765 
188 325 16 21 0.026588948 
193 392 43 53 0.026532063 
886 160 9 10 0.026512872 
377 292 27 36 0.026334902 
397 173 11 14 0.02631022 
282 220 9 12 0.02629865 
736 175 8 11 0.026277399 
725 158 7 11 0.02623282 
175 214 8 11 0.02620066 
680 200 8 9 0.026174415 
168 208 9 11 0.026161851 
516 219 15 22 0.026099488 
152 287 15 20 0.025975158 
695 227 9 11 0.025956837 
201 223 9 11 0.02593535 
177 231 8 10 0.025833536 
801 440 24 30 0.0258327 
299 360 14 19 0.025826735 
820 213 10 13 0.025765717 
736 152 8 8 0.025730345 
696 181 8 9 0.025699202 
726 299 13 15 0.025679305 
218 348 17 22 0.025642533 
294 215 15 19 0.025591334 
839 132 9 11 0.025574103 
919 127 8 10 0.025559511 
156 261 10 15 0.025537763 
653 461 13 17 0.025522994 
686 309 14 18 0.025409743 
268 199 11 13 0.025406776 
880 159 9 11 0.025392372 
187 93 31 28 0.02523379 
337 150 11 13 0.025230564 
203 292 20 27 0.025212828 
711 168 8 10 0.025187341 
407 198 11 14 0.025159076 
794 352 16 19 0.02514155 
325 217 14 17 0.02509192 
985 184 9 11 0.024953865 
721 206 7 9 0.02494886 
774 151 7 9 0.024924481 
330 302 11 14 0.024860991 
783 191 8 10 0.024856368 
303 391 22 26 0.024777038 
591 243 10 14 0.024743238 
573 302 14 16 0.024702903 
808 151 8 11 0.024679765 
721 181 8 10 0.024660593 
804 135 10 13 0.024657402 
638 377 15 19 0.024651075 
808 176 9 11 0.024625719 
830 447 25 36 0.024520297 
770 151 7 9 0.024517138 
744 183 8 9 0.024508884 
499 443 12 15 0.02443599 
455 226 13 17 0.024364172 
463 308 28 33 0.024345199 
609 221 8 10 0.024241582 
821 144 9 11 0.024236213 
634 308 14 19 0.024212172 
45 185 28 33 0.02420572 
863 148 9 11 0.024195956 
488 326 24 31 0.024082799 
831 346 13 15 0.024081059 
586 323 12 17 0.024030792 
694 170 8 10 0.023993462 
413 204 21 28 0.02398738 
886 149 8 11 0.023908222 
499 226 14 18 0.02387598 
59 176 47 61 0.02380412 
254 354 15 18 0.02377433 
652 456 23 28 0.023714112 
296 331 24 31 0.02369691 
205 349 17 21 0.023676489 
145 236 9 11 0.023554973 
381 560 16 23 0.023439867 
607 420 21 28 0.023388784 
678 183 7 10 0.023387425 
616 227 9 13 0.023351924 
815 390 25 31 0.023312392 
969 127 8 9 0.023297857 
323 348 13 20 0.023292515 
798 182 9 11 0.023278758 
230 182 8 10 0.023124708 
249 314 14 20 0.02311287 
614 188 8 12 0.02303842 
190 387 24 32 0.022876091 
372 265 28 40 0.022868976 
648 224 7 9 0.022860615 
333 187 11 14 0.022842232 
301 312 20 26 0.022841824 
693 216 8 11 0.022828842 
349 247 13 17 0.022795198 
693 245 9 13 0.022783773 
181 258 11 15 0.022755975 
710 244 10 13 0.022689223 
880 150 10 11 0.022663256 
914 127 8 9 0.022634115 
675 520 27 34 0.022569982 
334 199 13 17 0.022544058 
208 338 16 18 0.022539811 
687 200 8 9 0.022513628 
633 176 7 9 0.022468517 
200 349 40 50 0.022468364 
645 183 8 10 0.022408372 
493 175 10 13 0.022356426 
711 554 43 52 0.022324916 
2 381 15 22 0.022281012 
202 305 14 19 0.022235269 
529 152 8 12 0.02223342 
292 368 16 21 0.022229983 
398 235 12 17 0.022203973 
944 156 10 11 0.022130221 
193 307 24 28 0.022124985 
621 204 9 12 0.022029294 
198 283 13 17 0.021922538 
760 167 7 9 0.021922432 
551 343 15 20 0.021914499 
344 360 24 30 0.021866832 
591 352 21 25 0.021860199 
476 186 10 12 0.021747649 
582 290 12 16 0.021719566 
322 195 13 16 0.021715539 
646 214 8 11 0.021668602 
365 259 15 20 0.021662664 
626 191 7 10 0.0216565 
106 224 24 32 0.021652898 
784 167 7 9 0.02165235 
269 305 13 17 0.021651099 
356 316 12 16 0.021613758 
602 439 21 28 0.02158631 
798 157 8 10 0.0215828 
240 191 18 24 0.02157071 
244 259 11 14 0.021503571 
661 259 11 15 0.021497928 
215 312 14 20 0.02145863 
727 323 13 16 0.021449033 
404 165 11 14 0.021444034 
672 244 9 12 0.021383053 
280 195 11 14 0.021380147 
858 473 27 33 0.021341614 
749 190 8 10 0.021327542 
630 262 11 15 0.021309046 
815 116 13 14 0.021245435 
511 262 16 21 0.021243231 
252 400 25 30 0.021220738 
198 375 23 31 0.02121741 
580 326 15 20 0.021206832 
470 443 12 17 0.021190587 
507 322 15 20 0.021167416 
743 322 12 17 0.021166172 
532 361 16 19 0.021164669 
945 144 8 11 0.021159858 
679 229 9 11 0.021103026 
639 256 20 24 0.020960229 
912 146 11 15 0.020955384 
654 296 12 15 0.020884708 
184 229 10 12 0.02084929 
308 363 20 26 0.020814285 
576 419 16 20 0.020805636 
662 342 14 17 0.020803558 
718 246 10 12 0.020784916 
596 250 13 16 0.02075786 
373 329 26 39 0.020755025 
285 301 11 14 0.020748833 
855 411 23 30 0.020737195 
816 112 23 27 0.020707082 
692 252 10 15 0.020574138 
622 199 8 11 0.020545812 
287 314 13 17 0.020529743 
712 541 29 37 0.020522237 
901 483 29 36 0.020492312 
807 464 16 20 0.02047936 
870 497 26 35 0.020450147 
510 181 13 18 0.020446444 
475 379 26 30 0.020436656 
150 212 8 11 0.020433936 
242 233 18 23 0.020425562 
678 285 11 13 0.02041392 
184 208 10 13 0.020409973 
773 167 7 9 0.020385021 
775 144 7 9 0.020351386 
656 486 21 32 0.020324383 
579 307 15 19 0.02031903 
714 459 17 22 0.020297296 
156 276 13 19 0.020268066 
744 270 10 13 0.020243064 
244 249 13 16 0.020215811 
829 179 12 14 0.020212097 
993 496 31 42 0.020154785 
-2 284 23 34 0.020113641 
821 334 11 14 0.02004426 
157 267 11 15 0.020021396 
239 253 11 14 0.020020628 
