54_Rescue_rescuepeople_54_711
53
407 374 12 17 0.8630805 
485 308 13 17 0.8441543 
423 319 10 14 0.37948918 
438 349 8 11 0.3305357 
494 342 8 9 0.2504153 
428 323 9 13 0.23231728 
456 352 8 11 0.17069645 
495 334 9 12 0.106184624 
495 325 10 12 0.0882217 
424 312 10 14 0.07137346 
473 356 7 10 0.06872914 
497 368 9 10 0.06501075 
458 302 8 11 0.06177781 
542 284 15 17 0.06100448 
490 315 12 15 0.05511529 
480 335 10 12 0.05317189 
490 341 8 11 0.052667804 
512 295 9 11 0.051066108 
479 357 7 9 0.050687704 
475 386 13 15 0.044826515 
528 360 10 12 0.043669786 
421 317 19 24 0.043558482 
447 373 10 13 0.04321766 
463 367 8 11 0.040786367 
559 280 13 15 0.040095836 
507 213 44 59 0.038218763 
469 317 10 13 0.03437577 
446 369 9 11 0.03266544 
462 295 9 11 0.032307357 
488 294 9 10 0.030923417 
512 342 9 10 0.030352714 
445 343 10 11 0.02876406 
501 367 8 10 0.026485078 
469 324 9 12 0.026438393 
423 365 8 10 0.026196938 
488 337 9 11 0.026014894 
550 279 12 14 0.025934372 
444 419 14 15 0.024211105 
533 364 9 10 0.024155412 
437 356 9 10 0.023857705 
504 296 9 11 0.02376948 
461 308 10 12 0.023466438 
461 249 106 131 0.022443136 
446 349 10 12 0.022398716 
501 333 8 10 0.022128683 
422 358 8 11 0.021341672 
423 328 10 15 0.021237131 
537 336 8 10 0.021166043 
487 320 11 14 0.020612443 
527 327 9 11 0.020327197 
432 344 9 12 0.020324511 
575 283 12 16 0.020147255 
596 306 12 14 0.020040298 
