54_Rescue_rescuepeople_54_493
45
822 384 14 17 0.123646386 
703 319 10 12 0.09911759 
344 67 32 40 0.08920312 
406 84 10 13 0.08691145 
310 117 26 34 0.0710862 
713 310 8 11 0.0571156 
790 88 28 32 0.055139977 
1 64 17 36 0.051584873 
734 321 9 10 0.04730719 
680 502 21 34 0.04623787 
320 113 28 34 0.045698978 
53 200 12 15 0.04315796 
318 32 13 16 0.039928444 
687 383 11 13 0.039581697 
702 107 14 19 0.038083956 
804 413 13 16 0.036113143 
709 319 8 11 0.03581464 
62 201 13 16 0.033951547 
727 320 9 11 0.033071887 
716 310 10 11 0.031708125 
792 121 16 17 0.029737404 
710 325 8 11 0.029570498 
736 326 10 13 0.029487446 
875 86 34 34 0.028343134 
736 332 11 13 0.02804155 
726 383 9 13 0.027913563 
662 101 16 19 0.027740184 
718 320 9 10 0.027524069 
687 311 8 11 0.026329547 
306 122 15 21 0.02592475 
318 92 30 37 0.025507357 
697 302 9 11 0.025467763 
0 189 11 19 0.025126157 
431 151 22 29 0.025087316 
84 190 16 21 0.02477496 
667 285 11 13 0.023136789 
703 434 13 16 0.023132566 
724 342 9 11 0.021486122 
704 243 13 14 0.021167856 
702 296 9 10 0.02115495 
686 436 11 13 0.02113477 
353 121 25 37 0.020778857 
1 237 11 15 0.020767977 
65 -40 229 230 0.020706607 
0 212 10 16 0.020439435 
