54_Rescue_rescuepeople_54_529
38
408 24 68 87 0.9982722 
828 165 65 82 0.9826266 
464 195 56 66 0.97856826 
301 228 62 81 0.96006346 
407 284 50 57 0.379495 
845 195 59 81 0.31999654 
522 303 18 22 0.1651825 
571 162 27 29 0.13337968 
523 296 30 35 0.11874683 
584 74 435 437 0.10363023 
410 262 48 54 0.10192299 
403 298 36 36 0.081670426 
394 302 52 64 0.068434946 
389 257 84 92 0.052982975 
315 294 64 68 0.050130356 
715 220 41 51 0.04754864 
565 167 42 49 0.046690784 
649 139 239 250 0.042681746 
411 266 30 34 0.04032514 
533 295 35 40 0.039503127 
293 250 91 103 0.038212266 
482 130 44 54 0.036155127 
483 314 43 51 0.03306076 
476 162 51 64 0.032795496 
704 202 104 126 0.03188701 
417 299 55 66 0.029742343 
108 152 359 438 0.027963735 
433 278 50 61 0.026617497 
313 215 37 55 0.024674451 
665 160 19 21 0.023561819 
430 276 34 39 0.02325598 
606 361 27 39 0.022949731 
652 338 14 20 0.022719685 
797 173 59 77 0.021927312 
494 198 34 48 0.02187207 
414 249 34 38 0.021574821 
817 246 158 267 0.021445114 
457 208 43 43 0.021212786 
