43_Row_Boat_Canoe_43_325
138
991 363 14 20 0.957455 
187 384 16 20 0.93504757 
692 395 18 23 0.93455845 
798 417 14 20 0.8635609 
918 420 15 21 0.77268595 
322 403 13 19 0.77133673 
421 352 10 12 0.4756088 
226 349 10 13 0.44111353 
546 360 8 10 0.42016757 
468 349 9 11 0.37665236 
314 358 10 12 0.3759387 
687 360 9 12 0.26598227 
386 375 16 23 0.23452668 
600 403 12 14 0.21292262 
575 408 11 13 0.19924584 
146 380 14 21 0.1580286 
788 369 9 11 0.14642702 
675 370 14 17 0.14442001 
658 352 8 11 0.14148411 
925 416 12 16 0.13188992 
494 379 14 19 0.12696978 
809 419 12 15 0.12200999 
376 327 10 13 0.11356958 
207 383 10 14 0.10794941 
595 352 8 11 0.10794388 
798 407 13 17 0.105886824 
580 396 10 12 0.10485515 
803 405 15 17 0.09566102 
438 406 8 10 0.092998564 
576 499 16 19 0.0920437 
203 411 17 20 0.091999836 
331 390 12 15 0.08999732 
176 298 198 249 0.08053394 
600 409 14 17 0.07994014 
157 330 11 14 0.07751848 
671 366 11 15 0.07623269 
612 391 11 14 0.067947924 
678 377 12 16 0.06449838 
577 390 9 13 0.06151507 
593 356 9 11 0.057523258 
929 420 12 16 0.056542154 
129 359 9 11 0.05385742 
384 384 12 18 0.05369444 
465 354 10 13 0.053043198 
343 404 10 13 0.053005327 
698 425 15 20 0.052825067 
447 389 10 14 0.051331505 
806 399 12 15 0.050971627 
684 379 12 15 0.050754018 
200 417 13 18 0.050236154 
133 365 12 17 0.046650168 
604 399 10 13 0.046629976 
566 397 9 13 0.046133824 
438 373 10 14 0.044268783 
183 374 11 17 0.043356936 
914 419 13 17 0.04280825 
660 355 10 13 0.042069465 
187 376 15 18 0.041590072 
313 353 9 12 0.040980406 
456 409 10 12 0.040412888 
500 374 13 19 0.03932306 
327 402 15 18 0.039072752 
429 367 9 12 0.038027015 
401 402 17 19 0.037994582 
264 385 23 28 0.037812125 
276 388 13 15 0.037793633 
558 426 15 18 0.037252836 
837 446 10 13 0.036398485 
423 345 11 13 0.036215812 
612 402 14 17 0.035170175 
912 415 10 12 0.03510291 
364 461 16 22 0.03367461 
809 431 23 26 0.03300007 
164 332 11 13 0.032006525 
501 367 10 12 0.031912938 
619 492 23 28 0.03141818 
599 417 14 16 0.03135533 
891 451 16 19 0.030699106 
424 363 10 13 0.03069079 
440 381 11 16 0.030142369 
569 405 9 12 0.029489012 
620 403 12 14 0.02933085 
811 403 12 15 0.029004885 
529 464 27 34 0.028954616 
302 496 33 34 0.028874088 
605 390 23 26 0.028168445 
1000 349 11 14 0.028074581 
195 383 20 24 0.0280716 
672 379 11 15 0.028062794 
704 395 14 18 0.027873581 
768 437 10 12 0.027821405 
566 390 10 14 0.02766431 
606 380 9 13 0.027403887 
412 400 15 18 0.027375396 
683 368 14 19 0.026695058 
139 371 15 20 0.02665289 
248 388 10 15 0.026332427 
246 374 13 18 0.02614659 
438 399 10 13 0.0257198 
665 363 10 14 0.025619116 
905 383 8 10 0.025617428 
432 371 10 14 0.025219291 
693 228 15 19 0.025084728 
1001 453 16 20 0.02484621 
407 389 11 14 0.024772307 
309 409 14 17 0.024257604 
222 337 19 25 0.023780234 
446 407 9 12 0.023584334 
445 383 11 15 0.023384582 
127 382 13 16 0.02333466 
175 374 12 15 0.02332557 
772 381 10 13 0.023217225 
691 359 10 12 0.023124093 
161 466 28 35 0.023070715 
308 393 23 28 0.023065798 
323 387 21 26 0.022506395 
671 386 11 14 0.022474715 
221 324 23 27 0.022448294 
426 356 12 13 0.0221974 
655 489 15 20 0.022025185 
592 362 9 11 0.022024024 
694 380 12 16 0.021992775 
562 418 27 29 0.021954581 
560 406 9 11 0.021750793 
554 178 150 108 0.021656005 
253 375 14 19 0.021606559 
165 338 12 14 0.021577347 
118 462 32 37 0.021569386 
604 374 11 15 0.02150737 
691 372 12 16 0.021011416 
599 399 19 23 0.020904826 
489 378 13 17 0.020744381 
679 373 21 26 0.020696094 
565 494 24 27 0.020671122 
131 374 21 27 0.020328227 
412 389 11 16 0.020252373 
668 358 12 14 0.020118056 
405 395 13 17 0.020087484 
