43_Row_Boat_Rowboat_43_839
58
532 260 76 99 0.9955949 
52 925 232 315 0.8997724 
354 244 14 18 0.8129227 
865 359 8 9 0.21621816 
384 340 9 12 0.13444099 
969 338 7 10 0.09038621 
800 367 7 9 0.07321867 
968 381 8 10 0.06441097 
523 554 388 409 0.05664956 
852 385 10 15 0.053633463 
953 304 8 9 0.0479977 
604 624 456 465 0.047985192 
60 606 428 459 0.043540448 
697 352 10 12 0.04202158 
974 342 7 9 0.041053865 
697 357 11 16 0.040678583 
973 381 8 10 0.03976016 
822 359 10 14 0.037154768 
829 365 13 16 0.03588561 
843 413 12 15 0.035473265 
1001 279 7 10 0.035370782 
817 360 21 27 0.034963574 
649 391 30 40 0.03324868 
1009 310 10 14 0.03308869 
886 346 10 12 0.03289692 
697 373 11 15 0.032614063 
951 375 9 11 0.031340986 
960 336 9 11 0.030953288 
334 299 9 13 0.030849228 
794 404 12 13 0.029206732 
958 305 8 10 0.029179066 
864 362 9 12 0.027323155 
575 330 18 20 0.026727572 
92 368 394 489 0.026578844 
666 613 18 21 0.026111033 
946 365 8 10 0.025351662 
835 370 13 15 0.02512027 
960 320 8 10 0.024804398 
935 383 8 11 0.02465393 
1001 373 9 13 0.024280401 
843 247 185 252 0.024028258 
361 248 13 17 0.023951435 
-3 793 364 530 0.023926757 
974 337 8 10 0.023763858 
400 312 8 10 0.023383122 
824 367 24 30 0.023359422 
784 375 9 10 0.02304419 
951 368 8 10 0.022781245 
81 336 116 146 0.02255081 
1002 379 9 13 0.02243254 
356 445 17 18 0.022145124 
400 317 8 10 0.02205531 
384 346 9 11 0.02129962 
992 343 8 9 0.020889198 
828 378 25 30 0.020759566 
688 615 229 278 0.020641102 
869 364 9 11 0.020207906 
820 380 15 19 0.02002994 
