43_Row_Boat_Canoe_43_93
45
630 252 21 26 0.97922975 
933 437 8 11 0.21128336 
358 25 9 11 0.12553029 
916 438 10 14 0.07675271 
645 352 17 21 0.075956196 
239 30 9 11 0.050918162 
832 30 8 10 0.046698686 
452 77 11 13 0.04298771 
267 63 11 12 0.038470406 
119 32 9 11 0.03768175 
877 479 10 13 0.03712599 
354 29 10 13 0.036842998 
636 346 30 34 0.03471332 
696 323 9 11 0.034534194 
643 290 24 29 0.03241093 
825 30 8 10 0.031193744 
130 23 11 12 0.030457413 
246 138 16 18 0.029258767 
417 29 8 10 0.029108383 
416 23 7 9 0.028297178 
133 28 9 11 0.02779543 
689 449 17 19 0.02742474 
128 29 10 12 0.027137088 
105 31 9 11 0.026171751 
363 38 13 15 0.025991993 
896 438 8 12 0.025639823 
465 348 17 20 0.025545929 
414 53 9 11 0.024872115 
348 37 10 14 0.024036935 
336 425 11 15 0.023958275 
832 56 8 11 0.023126202 
840 57 8 10 0.023000298 
838 472 8 11 0.022566658 
790 71 8 11 0.022154106 
238 35 10 12 0.021980757 
801 72 9 10 0.02195247 
110 30 10 11 0.021929454 
873 41 8 10 0.021525275 
449 1 9 9 0.021473236 
878 39 7 10 0.021408273 
808 22 8 10 0.021206457 
889 39 7 9 0.021103559 
808 61 8 10 0.021078682 
165 31 8 10 0.021033753 
815 39 8 8 0.0205925 
