43_Row_Boat_Canoe_43_251
30
460 245 21 27 0.917011 
623 275 13 16 0.45023194 
600 180 18 23 0.36661237 
579 238 13 16 0.19983305 
573 243 15 17 0.11511327 
566 244 15 19 0.10090302 
552 233 12 18 0.078858264 
621 311 14 16 0.077778645 
592 216 8 11 0.05423971 
611 252 14 16 0.053305697 
609 183 16 20 0.046502274 
454 284 11 14 0.046211593 
546 277 16 18 0.04368241 
461 367 15 19 0.040252097 
626 270 13 16 0.040220674 
467 410 12 14 0.03973148 
592 220 10 12 0.03793418 
472 248 17 21 0.035561647 
413 294 13 14 0.029763797 
554 234 21 26 0.02669033 
558 259 14 18 0.025795382 
620 189 12 16 0.02566947 
590 253 10 13 0.024251804 
574 230 13 15 0.02254678 
446 338 16 18 0.022290424 
597 261 10 12 0.022114454 
598 174 15 18 0.021883646 
86 336 21 33 0.02171821 
636 260 11 13 0.020194385 
501 268 11 14 0.02004681 
