43_Row_Boat_Canoe_43_458
95
885 429 11 14 0.9555241 
849 429 7 10 0.5345675 
710 424 7 10 0.4491439 
8 298 13 17 0.38905984 
819 428 8 11 0.37340984 
792 429 7 9 0.34446988 
686 417 7 9 0.23872307 
730 422 7 9 0.2072094 
749 422 7 10 0.18563855 
657 416 7 10 0.09317452 
776 454 8 10 0.08639699 
793 469 10 11 0.075437985 
807 440 9 11 0.07495736 
720 432 7 10 0.06870631 
837 440 9 11 0.06596803 
711 428 8 10 0.055934053 
765 469 8 10 0.05535459 
655 420 8 10 0.054183528 
847 473 11 13 0.053875647 
720 436 8 11 0.05319086 
783 441 8 10 0.05210957 
662 409 7 9 0.05003716 
682 422 8 10 0.047007613 
608 439 7 9 0.046626884 
746 417 7 10 0.045262586 
783 461 9 11 0.044334497 
759 432 8 9 0.04393831 
833 440 9 11 0.042217333 
745 463 8 10 0.042000208 
614 430 6 9 0.04165966 
776 425 7 9 0.041644733 
639 410 6 9 0.040573206 
742 437 8 11 0.040147144 
678 431 8 10 0.03993371 
610 431 7 9 0.038785666 
792 464 9 11 0.038405657 
745 456 8 11 0.038400654 
737 438 8 11 0.038190182 
625 417 7 9 0.037023377 
802 456 7 9 0.03701207 
557 150 12 13 0.036406998 
759 438 8 9 0.03626456 
782 455 8 11 0.036210522 
753 439 8 10 0.035754327 
319 337 6 8 0.035334487 
836 455 9 11 0.03493003 
698 432 7 9 0.034389775 
615 425 6 9 0.03388131 
678 437 7 10 0.033124223 
727 429 9 10 0.033082247 
775 429 8 10 0.03273421 
690 448 8 9 0.03229229 
650 424 6 8 0.032020986 
704 431 8 9 0.031846784 
734 446 8 11 0.03137424 
559 155 13 15 0.031323705 
777 448 8 10 0.030876463 
821 435 9 12 0.030465463 
798 463 7 10 0.030206364 
835 445 8 11 0.030066865 
21 294 9 11 0.029042637 
872 440 9 12 0.028905071 
177 280 9 11 0.028464567 
640 431 7 11 0.02833317 
852 424 9 10 0.028268153 
726 464 9 12 0.027980085 
490 400 6 8 0.027955132 
2 299 11 17 0.027431812 
751 457 8 11 0.027054727 
796 429 8 10 0.025843954 
148 398 226 287 0.025550762 
736 431 8 10 0.025191942 
674 431 7 10 0.023994576 
743 430 8 11 0.02313391 
696 438 9 12 0.02308777 
778 439 8 11 0.022975247 
486 407 6 8 0.02292974 
706 457 8 11 0.02288574 
753 429 8 10 0.02231092 
824 472 10 12 0.022259846 
806 456 7 9 0.022140382 
801 440 8 10 0.021989657 
670 448 7 9 0.02192794 
842 470 9 12 0.021927865 
536 414 6 8 0.021760622 
523 390 6 9 0.021667985 
808 462 7 10 0.021376407 
920 208 11 14 0.021270964 
777 459 9 12 0.020922042 
328 335 7 9 0.020900168 
702 437 7 11 0.020810356 
786 429 8 10 0.020705221 
681 121 9 11 0.020527817 
882 425 11 12 0.020360343 
688 456 8 10 0.020167932 
