43_Row_Boat_Rowboat_43_563
19
615 106 49 56 0.9676248 
202 396 60 77 0.12270962 
0 439 8 11 0.09191884 
85 398 9 11 0.034317847 
109 390 9 12 0.03424145 
152 416 8 11 0.03354084 
9 430 7 10 0.031440895 
46 388 9 11 0.030346636 
6 399 8 12 0.02837073 
974 546 35 40 0.027576257 
82 399 8 10 0.027405955 
40 383 10 12 0.027099887 
87 376 8 11 0.026602762 
211 386 94 102 0.022565747 
13 387 10 12 0.022061769 
58 398 9 11 0.02084997 
14 380 11 15 0.020606525 
899 569 23 32 0.020464549 
32 382 9 11 0.020168623 
