43_Row_Boat_Canoe_43_341
18
404 620 45 62 0.96187973 
401 456 26 33 0.80944526 
440 627 41 52 0.084023595 
672 948 18 21 0.078940116 
595 601 96 113 0.06852048 
317 552 22 30 0.06821598 
233 350 23 28 0.050764732 
924 928 100 207 0.03718167 
414 465 27 29 0.03100192 
229 1075 10 14 0.030800305 
28 388 13 15 0.02928507 
320 548 14 19 0.026985377 
398 608 34 57 0.024770183 
385 451 38 48 0.024009334 
631 290 467 531 0.021408057 
887 444 12 16 0.021373175 
363 474 14 19 0.020573359 
332 1147 15 20 0.020082843 
