43_Row_Boat_Canoe_43_757
33
517 198 47 59 0.99603796 
482 35 16 20 0.4744914 
617 56 18 20 0.39470723 
994 233 27 49 0.22463979 
462 35 15 19 0.12832525 
513 51 17 22 0.11570558 
531 78 15 20 0.11569053 
557 139 13 15 0.097603336 
736 417 12 16 0.066125095 
486 145 20 29 0.05441911 
455 172 28 36 0.05273662 
453 3 23 25 0.05235471 
348 144 17 20 0.04945794 
539 7 14 20 0.0443063 
552 41 13 17 0.043167684 
511 46 13 17 0.040479243 
196 312 14 19 0.040002085 
359 75 15 19 0.035655897 
976 294 41 55 0.03351274 
931 345 44 52 0.029919947 
498 84 17 20 0.028036809 
465 34 22 24 0.02700169 
406 91 15 20 0.026566261 
386 26 16 19 0.026228832 
1005 214 20 34 0.025935844 
435 426 49 57 0.0247158 
487 112 26 33 0.023585312 
443 177 37 49 0.022283448 
378 34 25 31 0.022112282 
386 298 31 29 0.021823045 
482 44 17 20 0.021621203 
427 17 23 28 0.021070063 
492 88 18 21 0.020070551 
