43_Row_Boat_Rowboat_43_301
21
720 258 28 36 0.98332787 
289 278 34 43 0.6306833 
505 259 24 31 0.22993466 
516 294 31 32 0.11179295 
414 147 23 27 0.055120353 
522 304 18 20 0.047651775 
513 261 15 19 0.0401121 
302 268 27 37 0.036501795 
313 276 16 20 0.03208651 
710 302 21 26 0.029735465 
464 320 8 10 0.027222076 
503 257 42 52 0.026795993 
525 294 15 18 0.025226507 
540 280 14 19 0.023062626 
527 275 26 32 0.021496192 
540 289 13 17 0.021078672 
2 2 17 18 0.020974042 
67 43 15 18 0.020854332 
524 250 12 15 0.02085295 
384 179 29 36 0.02082101 
517 252 13 15 0.020639202 
