43_Row_Boat_Canoe_43_726
18
191 344 19 22 0.9391749 
485 326 27 42 0.8442459 
279 302 32 35 0.68577087 
497 324 27 41 0.072436064 
173 383 26 33 0.06393592 
122 242 32 39 0.051639628 
273 287 34 39 0.051620178 
294 304 21 25 0.03283126 
272 272 24 30 0.032215457 
495 396 49 60 0.03156594 
183 386 30 36 0.028657738 
805 563 39 42 0.027729036 
177 427 13 17 0.027007245 
514 327 29 34 0.026561305 
534 447 95 113 0.02652627 
506 335 16 23 0.025277976 
526 321 26 35 0.02265185 
251 294 13 18 0.021425914 
