43_Row_Boat_Rowboat_43_797
19
480 368 16 24 0.8452688 
746 502 35 35 0.084656835 
478 426 15 19 0.06525347 
532 429 12 13 0.04962815 
532 437 12 13 0.039370645 
581 411 14 19 0.035840895 
510 440 15 19 0.035029642 
444 453 16 17 0.034050316 
539 425 14 15 0.030628832 
757 120 28 31 0.027994053 
574 413 14 17 0.02741896 
404 83 12 17 0.027034754 
125 163 14 17 0.026357993 
769 127 15 19 0.024137087 
465 416 23 32 0.024013208 
118 159 12 17 0.023927463 
715 121 13 15 0.02303278 
435 435 12 14 0.020823915 
441 100 11 13 0.020701934 
