21_Festival_Festival_21_395
180
762 415 36 46 0.9844483 
544 124 36 46 0.97288764 
408 265 31 38 0.9598824 
514 275 40 52 0.9448957 
560 398 41 51 0.92333454 
309 425 32 40 0.70534194 
685 264 34 43 0.6757251 
978 501 21 27 0.5845899 
174 493 21 27 0.48406103 
666 428 32 39 0.476436 
660 505 23 33 0.44366565 
743 586 53 77 0.3646195 
873 450 27 34 0.27456844 
77 484 17 22 0.24208628 
656 496 24 29 0.22687455 
645 464 31 37 0.21607763 
94 534 17 22 0.20323333 
420 588 17 21 0.19617392 
843 478 36 45 0.19253083 
962 489 15 22 0.18329598 
221 555 54 58 0.18131824 
132 492 15 21 0.17646237 
824 492 58 74 0.1556355 
20 467 12 15 0.14481106 
919 474 18 22 0.12555183 
294 262 24 28 0.11953867 
91 540 24 31 0.10695788 
658 262 23 42 0.10508074 
111 491 14 19 0.10367254 
56 488 10 13 0.100373134 
408 176 29 44 0.098243 
12 572 25 40 0.08271376 
730 560 56 77 0.081817515 
940 492 23 30 0.07798153 
919 471 13 16 0.0765612 
42 475 11 15 0.074705414 
82 466 99 124 0.07309407 
873 463 30 39 0.07252942 
673 409 41 55 0.07080622 
712 459 32 37 0.07052879 
0 500 13 21 0.06961821 
989 500 22 30 0.06812311 
551 278 29 41 0.06516153 
751 424 43 61 0.06428685 
647 480 31 41 0.061417606 
240 409 28 37 0.059342135 
903 479 26 29 0.057444487 
66 445 13 15 0.05684621 
362 597 26 31 0.05613762 
759 484 50 75 0.055718508 
70 438 11 12 0.055607717 
933 459 18 21 0.05425843 
894 502 55 61 0.052670654 
97 529 26 32 0.050404668 
97 553 17 23 0.04919569 
881 474 54 54 0.04844446 
213 409 40 48 0.04824013 
854 503 61 71 0.04778588 
538 401 45 50 0.04555732 
986 646 15 23 0.045375958 
852 468 48 52 0.04525238 
924 494 31 36 0.044877533 
4 494 13 17 0.044278424 
13 520 11 15 0.04295388 
38 449 10 13 0.042683173 
407 572 26 31 0.04261151 
4 486 10 13 0.04174322 
944 494 12 16 0.04143088 
194 578 70 57 0.04029195 
327 169 11 14 0.039200697 
167 496 16 21 0.038949016 
869 481 94 105 0.038503367 
77 563 15 19 0.03831375 
551 592 27 39 0.038161453 
950 491 26 35 0.03787363 
739 566 32 45 0.036855202 
21 559 13 20 0.035603847 
282 546 26 35 0.035595037 
60 465 14 17 0.03527052 
13 529 16 23 0.035222832 
25 492 10 13 0.035175744 
2 544 13 16 0.034741227 
968 414 48 66 0.03466113 
404 378 33 40 0.034573935 
811 501 101 115 0.03435749 
976 495 44 74 0.034273632 
81 479 25 28 0.034042347 
64 449 13 17 0.033277005 
743 482 34 53 0.03322359 
172 500 28 37 0.033157334 
183 605 71 57 0.03309675 
98 505 15 20 0.032646447 
851 461 35 35 0.03257425 
251 544 46 53 0.031755887 
961 492 24 33 0.03154607 
86 557 16 19 0.031272873 
314 177 17 17 0.031244893 
152 441 17 21 0.031093555 
86 553 27 34 0.030979801 
356 644 18 21 0.03060827 
529 268 37 49 0.03020862 
460 384 32 35 0.02994601 
210 404 28 35 0.029796422 
544 237 43 56 0.029765038 
60 474 14 16 0.029645493 
69 563 13 18 0.029323032 
150 457 91 115 0.029315835 
900 487 17 21 0.029173095 
113 490 21 27 0.028985566 
748 529 58 81 0.028961862 
929 444 27 31 0.028839309 
695 272 31 50 0.028727015 
92 447 171 210 0.028303932 
4 477 11 14 0.027894437 
14 558 13 19 0.027856646 
370 595 16 18 0.027832642 
954 458 74 126 0.027786372 
62 627 44 45 0.027758487 
468 381 48 57 0.027753826 
169 483 46 58 0.027652936 
723 572 35 49 0.02752347 
941 448 10 13 0.027358143 
380 598 14 17 0.027191827 
670 265 28 43 0.027083088 
998 496 20 30 0.027030218 
886 471 26 33 0.026901754 
395 343 28 33 0.026810834 
763 448 32 45 0.026731808 
876 444 18 25 0.02672684 
376 389 31 35 0.02660544 
992 521 32 44 0.026595162 
904 461 25 29 0.026456647 
40 481 11 14 0.026143074 
590 485 40 56 0.026114047 
564 574 37 52 0.025686715 
893 454 46 47 0.025453389 
869 455 18 22 0.025396708 
225 409 18 22 0.024736943 
192 524 95 104 0.02468702 
121 552 33 36 0.024607196 
95 586 26 32 0.024504593 
287 377 38 49 0.024448074 
33 447 10 13 0.024369828 
30 501 12 16 0.024278108 
681 602 12 16 0.024150198 
706 275 14 19 0.024085846 
738 441 28 40 0.024044134 
94 477 24 28 0.023879334 
138 563 26 32 0.023796381 
940 452 14 18 0.023683673 
730 390 15 19 0.023581192 
403 556 16 20 0.023533843 
912 482 31 35 0.023138894 
4 513 14 21 0.023093276 
47 492 13 17 0.022883842 
94 525 14 21 0.022806704 
30 485 10 14 0.02276118 
728 549 28 43 0.022744805 
312 549 26 35 0.022534164 
920 444 44 51 0.022474924 
922 474 28 34 0.022454854 
54 480 21 25 0.022426723 
161 391 28 33 0.022369869 
935 446 13 16 0.022273907 
91 526 51 67 0.02204522 
730 454 29 40 0.021925878 
748 432 27 42 0.021552945 
30 476 11 14 0.021432491 
125 498 22 30 0.021394644 
401 559 24 34 0.021336956 
740 585 33 56 0.021217713 
854 490 36 49 0.02106489 
583 400 30 41 0.020923136 
456 101 12 16 0.0209186 
955 477 15 18 0.020798463 
15 537 20 31 0.02049395 
17 465 19 24 0.020446658 
499 597 28 48 0.02024734 
11 557 21 31 0.020133374 
298 253 19 22 0.020108258 
