21_Festival_Festival_21_526
1412
623 630 14 17 0.71974796 
78 599 20 26 0.6399328 
647 637 13 20 0.5388207 
909 582 17 23 0.5136158 
46 525 12 16 0.46499255 
33 118 23 30 0.43094328 
243 286 10 12 0.42822856 
177 534 9 13 0.40695238 
62 157 24 30 0.39031234 
660 430 9 11 0.38192815 
113 309 12 15 0.36716214 
19 615 16 21 0.36210307 
463 773 14 21 0.34259012 
685 550 9 13 0.3362284 
997 527 9 11 0.3186828 
54 564 12 15 0.3118048 
585 512 7 10 0.27262497 
47 507 10 13 0.26904398 
987 620 13 18 0.25947553 
880 18 37 40 0.25644475 
976 579 9 12 0.25124776 
944 632 20 27 0.2443642 
55 511 9 11 0.2410779 
718 551 9 13 0.23781484 
47 559 11 14 0.23410355 
984 536 9 11 0.2281803 
952 557 10 13 0.22495219 
696 567 11 14 0.21751963 
110 467 10 13 0.21228069 
220 293 9 13 0.21205093 
67 596 22 27 0.21169971 
823 634 15 18 0.2089874 
575 479 8 11 0.20841926 
612 232 14 17 0.20586562 
240 244 10 13 0.20553572 
0 61 29 34 0.2051459 
948 534 9 12 0.2037739 
931 564 10 14 0.20200604 
983 559 12 15 0.19456607 
602 -81 410 547 0.19428352 
404 409 12 15 0.19166653 
632 253 10 13 0.18680504 
62 592 16 24 0.18082601 
696 517 9 14 0.17730081 
241 502 11 14 0.17158648 
659 613 13 15 0.17142998 
659 568 11 14 0.1703452 
233 524 10 13 0.1696589 
566 542 10 14 0.16764262 
670 383 7 9 0.16633764 
55 491 10 12 0.1613531 
665 524 9 12 0.16069525 
202 535 9 11 0.1590642 
586 516 9 12 0.15816352 
577 612 9 12 0.155898 
326 501 10 14 0.15558755 
37 493 9 12 0.1497318 
191 486 9 10 0.145805 
275 253 11 14 0.14442465 
661 655 19 27 0.14314005 
29 2 33 35 0.141038 
23 529 12 14 0.14056082 
884 533 10 13 0.13966855 
982 541 10 11 0.1396101 
607 508 9 11 0.13754739 
405 472 8 11 0.13601206 
185 517 8 11 0.1353198 
152 496 7 9 0.13486566 
433 527 8 10 0.13411018 
116 268 12 15 0.13343965 
111 494 9 11 0.13208209 
695 493 8 11 0.13205415 
569 511 8 11 0.12931885 
222 518 10 13 0.12702668 
864 565 11 14 0.124876976 
457 359 10 12 0.12479141 
31 493 10 14 0.124691136 
416 182 10 13 0.12416351 
133 305 12 16 0.12386046 
1000 566 9 12 0.123585016 
20 564 15 18 0.123475045 
259 244 11 14 0.12284334 
150 316 11 14 0.12227267 
617 416 7 9 0.1213711 
664 384 7 10 0.12114689 
998 532 9 11 0.12015297 
11 151 18 19 0.11928425 
669 525 8 10 0.11908659 
669 360 8 10 0.11857931 
94 542 12 15 0.118538305 
330 123 29 34 0.11770359 
568 495 8 10 0.11720131 
981 573 11 13 0.117189966 
558 504 9 11 0.11698162 
417 423 10 12 0.11664722 
561 486 9 11 0.1160467 
453 550 11 13 0.115939535 
102 501 10 13 0.11554198 
728 508 10 12 0.11447725 
924 656 15 21 0.11441511 
262 679 11 14 0.11435428 
699 71 12 16 0.114318214 
649 539 10 12 0.113142125 
1 493 8 12 0.11186342 
711 503 8 11 0.111401334 
-103 69 438 547 0.110268354 
185 496 8 10 0.11026148 
884 443 11 14 0.11026065 
575 495 8 11 0.11009841 
902 570 10 12 0.109979905 
904 550 11 13 0.10943554 
749 529 9 11 0.1089969 
632 390 8 10 0.10824122 
554 208 24 26 0.10805992 
910 620 12 16 0.10801269 
6 495 8 12 0.1079945 
671 310 9 10 0.10789921 
865 561 9 11 0.107507296 
997 600 14 18 0.10713109 
972 527 9 11 0.106566735 
663 546 10 13 0.10579621 
55 515 11 16 0.10571027 
624 567 9 11 0.10440201 
111 502 9 11 0.1042281 
921 543 9 11 0.10396409 
684 692 16 22 0.103540935 
680 542 9 12 0.10189035 
593 495 8 11 0.101115026 
928 560 10 13 0.10078109 
719 522 7 10 0.1005559 
594 486 8 10 0.10041976 
961 543 9 11 0.099584654 
422 478 10 12 0.09953575 
822 618 11 14 0.09862487 
733 592 14 21 0.09798448 
881 555 11 13 0.09786224 
232 320 10 13 0.0960863 
670 519 9 11 0.095673025 
173 550 10 12 0.09513904 
578 328 9 12 0.095013335 
1008 542 9 10 0.094637 
16 478 10 13 0.094394386 
481 193 12 16 0.09418064 
968 575 9 11 0.09394108 
700 550 9 12 0.09307849 
896 426 12 16 0.09282204 
877 647 17 22 0.092819154 
111 271 12 15 0.09231731 
826 570 14 17 0.092157714 
685 544 10 12 0.09180658 
745 528 9 12 0.09131505 
109 543 13 18 0.0909516 
833 549 10 12 0.09038856 
681 555 10 13 0.090380825 
83 515 13 18 0.090348236 
261 276 13 17 0.090145305 
23 542 12 16 0.0898947 
916 502 9 11 0.08968276 
883 549 10 13 0.08913778 
75 521 15 19 0.08861723 
350 464 7 10 0.08843122 
87 495 8 11 0.088167995 
659 494 8 10 0.08812423 
586 469 8 10 0.087383956 
574 463 7 9 0.08728612 
815 618 11 14 0.0872544 
853 479 10 13 0.086493134 
182 550 10 13 0.0860309 
442 360 9 11 0.08597421 
943 572 11 14 0.08581527 
572 549 10 12 0.085277 
753 676 17 19 0.08469862 
883 540 10 13 0.084197745 
657 502 9 11 0.08395905 
230 547 9 13 0.08328733 
696 558 10 13 0.08313078 
1008 549 11 15 0.08293697 
184 307 12 14 0.08211299 
672 512 8 10 0.08210411 
452 517 10 14 0.08202957 
469 74 24 29 0.08191066 
190 495 10 12 0.08188884 
656 389 9 10 0.08169019 
705 509 10 12 0.081307575 
945 510 10 13 0.08096199 
663 470 7 10 0.08089736 
654 536 10 13 0.080736995 
441 472 7 9 0.08072404 
865 79 28 35 0.080654696 
974 0 40 43 0.08063919 
268 503 10 12 0.08035999 
558 158 21 26 0.08004913 
40 531 13 16 0.07983076 
152 518 10 13 0.07971823 
64 475 9 11 0.07954582 
625 572 10 12 0.07942169 
532 237 12 15 0.079372644 
169 552 10 13 0.079245105 
671 462 7 9 0.07921084 
160 478 9 12 0.07869346 
624 351 9 11 0.07862763 
574 512 8 10 0.077775925 
721 618 15 22 0.077536345 
769 339 13 17 0.077211365 
672 343 8 10 0.07707415 
309 523 12 15 0.076496474 
431 408 9 11 0.0764837 
984 550 10 12 0.0763394 
606 535 9 13 0.07606032 
279 361 9 13 0.075908035 
813 572 12 15 0.07588337 
402 453 10 12 0.07566089 
577 557 9 12 0.07544548 
288 366 10 12 0.07532024 
201 539 11 14 0.07525682 
679 518 9 12 0.07524973 
636 550 8 11 0.07515716 
566 536 10 12 0.07513796 
625 400 7 8 0.07491496 
676 626 16 20 0.07485836 
84 478 10 13 0.07418432 
679 536 8 11 0.074134536 
663 511 8 10 0.07406454 
471 559 10 12 0.07404226 
55 423 9 11 0.073453665 
991 584 9 11 0.07338351 
159 494 8 10 0.072858535 
244 291 12 15 0.07264207 
133 468 10 12 0.07261307 
1012 611 10 14 0.072605 
951 618 13 16 0.07252408 
648 408 9 10 0.072515234 
687 349 8 9 0.07220048 
657 488 8 11 0.07208368 
679 512 8 9 0.07203049 
184 511 9 12 0.07193633 
266 508 11 12 0.07189468 
583 269 11 15 0.07163713 
97 501 9 11 0.071508996 
472 423 9 11 0.07072727 
4 520 14 20 0.07067481 
654 549 11 15 0.07065782 
636 541 9 11 0.07048583 
592 556 9 12 0.070376486 
624 527 10 12 0.07005427 
253 298 10 13 0.06982901 
241 496 8 10 0.06950936 
11 514 11 16 0.06926024 
710 536 10 11 0.06922499 
157 317 10 13 0.06917732 
462 533 9 11 0.06913487 
918 482 11 14 0.06911304 
797 663 17 23 0.06868559 
575 483 9 12 0.06862243 
968 531 9 11 0.06856152 
181 528 10 12 0.06831541 
729 119 10 13 0.06831273 
41 509 11 14 0.0681993 
680 349 9 10 0.06800112 
928 526 9 11 0.06773752 
771 570 11 15 0.0675182 
697 549 8 12 0.0674623 
670 448 8 10 0.06726496 
16 501 9 11 0.06724309 
671 585 14 18 0.06712132 
632 558 8 10 0.06699907 
769 535 9 12 0.066515595 
623 463 8 10 0.06591173 
248 536 9 11 0.06583382 
263 374 9 12 0.065719925 
551 271 12 14 0.06550409 
660 424 10 12 0.065262765 
760 544 9 11 0.06521594 
421 524 9 11 0.06521208 
641 641 13 18 0.06514098 
661 695 15 21 0.065114565 
208 502 9 11 0.06509555 
663 326 8 11 0.06507943 
226 477 8 10 0.065061204 
224 659 12 17 0.06484947 
105 464 10 12 0.064809434 
177 530 9 11 0.064705834 
694 350 8 10 0.06449774 
714 524 9 11 0.063982055 
155 611 14 18 0.06397508 
218 305 13 17 0.06371667 
139 545 11 16 0.06368418 
664 343 7 9 0.06344499 
100 508 13 17 0.063133724 
670 558 10 12 0.06291632 
431 485 8 11 0.06274489 
444 364 9 11 0.062679805 
455 524 9 12 0.06264199 
294 439 7 9 0.062387954 
954 634 15 20 0.062306974 
104 496 10 12 0.062221378 
209 483 10 12 0.062013414 
30 129 25 33 0.0616842 
430 548 10 13 0.061520986 
671 351 8 10 0.061347645 
400 433 8 10 0.061341483 
753 570 12 15 0.061203826 
88 605 15 23 0.061154626 
772 580 11 14 0.060989104 
924 548 10 12 0.060617886 
945 552 10 12 0.060592983 
327 438 8 11 0.06056753 
580 609 10 13 0.06054893 
169 419 9 11 0.06054534 
566 486 8 10 0.060474757 
696 544 8 11 0.060373947 
251 318 11 14 0.060356677 
132 313 14 18 0.060058933 
564 318 9 12 0.059919953 
457 531 10 13 0.059840135 
2 499 8 13 0.05983809 
666 519 8 12 0.059810918 
428 510 8 10 0.05980574 
241 455 8 10 0.05975428 
460 550 10 13 0.059726708 
660 435 9 12 0.059675917 
366 406 9 11 0.05942676 
677 422 10 13 0.05938303 
927 522 9 10 0.059374753 
308 351 8 11 0.059185393 
81 511 12 15 0.059056405 
569 480 8 10 0.059001133 
206 614 10 14 0.05885878 
613 574 8 12 0.05885427 
687 503 8 10 0.05875312 
193 500 10 14 0.058292955 
649 557 10 13 0.05813735 
988 552 10 12 0.05796873 
214 523 10 13 0.05791595 
160 581 11 14 0.057852283 
752 565 11 14 0.057755042 
194 478 9 13 0.057728786 
926 587 12 16 0.057618488 
193 218 13 18 0.057593513 
535 53 11 14 0.05747947 
695 365 9 12 0.057323575 
111 527 12 15 0.05727091 
308 373 10 13 0.05704243 
663 447 9 10 0.05697337 
180 469 10 13 0.05693272 
32 488 9 12 0.05666773 
711 519 9 10 0.05660045 
669 549 8 11 0.0565858 
231 520 10 12 0.056518044 
687 519 10 13 0.056456327 
745 543 9 10 0.056347445 
110 585 15 18 0.05614998 
303 391 7 9 0.055968355 
163 589 14 16 0.055959865 
145 501 10 13 0.055878334 
602 693 12 17 0.055812586 
704 536 9 11 0.05574568 
63 746 29 48 0.05535858 
690 494 8 11 0.055308603 
551 486 8 11 0.055139508 
646 502 9 12 0.054937523 
139 258 13 15 0.05491453 
263 350 9 11 0.054616384 
600 408 7 9 0.054417126 
647 314 8 9 0.05434722 
145 496 8 10 0.054328267 
169 494 9 11 0.054282654 
27 634 14 17 0.053935986 
194 557 13 16 0.053905193 
743 560 9 11 0.053792056 
237 533 9 12 0.05377895 
932 527 9 11 0.053687107 
85 589 14 17 0.05367258 
288 518 9 11 0.05363741 
720 368 10 11 0.053556874 
468 784 22 27 0.053548332 
246 299 10 14 0.05351659 
27 546 12 16 0.053427923 
400 438 9 10 0.053403325 
630 247 10 13 0.05334428 
908 533 9 12 0.053168546 
1015 564 8 13 0.053115435 
402 674 23 28 0.0526589 
257 343 9 11 0.052479785 
637 392 7 9 0.052422103 
581 559 9 11 0.052306123 
0 200 22 32 0.052303784 
266 329 8 10 0.052209876 
601 478 8 10 0.052191474 
717 664 18 23 0.052137062 
319 468 10 12 0.052113213 
96 231 12 15 0.05182709 
232 565 8 11 0.051730134 
422 407 9 11 0.051666655 
664 465 7 9 0.05161757 
932 569 12 16 0.05158296 
887 578 11 14 0.051485337 
228 581 12 15 0.05141532 
277 532 10 15 0.051301323 
796 527 9 10 0.05124363 
645 611 13 16 0.05117665 
133 386 11 14 0.051120065 
639 397 7 9 0.0510351 
634 302 8 11 0.05102876 
720 544 8 10 0.05102281 
553 503 9 11 0.050987557 
511 376 7 9 0.050959334 
640 359 9 11 0.0508606 
93 583 11 15 0.05082832 
751 543 8 11 0.05069178 
1 439 9 13 0.050639004 
686 509 8 10 0.05060541 
48 493 10 12 0.0505235 
665 351 7 10 0.05051246 
672 305 7 10 0.050337795 
812 635 12 16 0.050299574 
20 484 10 12 0.05019938 
648 398 9 10 0.050175223 
315 251 12 16 0.050056484 
561 548 10 13 0.050018553 
470 542 8 11 0.050013844 
964 635 12 16 0.0498952 
402 446 9 11 0.049877044 
975 533 8 10 0.049651846 
613 559 8 10 0.049628273 
671 328 8 10 0.04961767 
108 606 17 23 0.04937945 
0 196 12 20 0.049371943 
479 409 9 11 0.04923289 
658 471 7 10 0.04920491 
972 588 12 15 0.0491911 
230 494 8 10 0.04913856 
231 588 11 13 0.049050298 
687 533 9 12 0.049040936 
673 503 7 9 0.049016297 
550 494 8 10 0.048995882 
452 420 11 12 0.048986446 
123 269 12 14 0.048972197 
143 507 11 15 0.048952393 
0 488 6 12 0.048830837 
645 424 8 11 0.048786916 
13 567 16 20 0.048683237 
826 617 15 18 0.04867719 
943 628 14 20 0.04861935 
937 711 29 36 0.04857316 
662 389 8 10 0.048488136 
687 311 8 10 0.048359476 
70 200 15 20 0.04833338 
173 502 9 11 0.04832403 
93 515 12 16 0.0483039 
602 508 10 12 0.04814393 
51 647 18 25 0.04809621 
608 582 10 13 0.048064042 
190 509 10 12 0.048062377 
571 643 11 13 0.04805861 
910 526 9 11 0.047941994 
672 399 8 10 0.04787937 
688 566 11 14 0.04787067 
1007 536 9 12 0.04779877 
372 250 13 15 0.04777983 
100 523 13 18 0.047750436 
627 581 11 14 0.047733434 
281 383 7 10 0.047585372 
132 414 14 16 0.04752174 
582 494 8 10 0.047499128 
375 389 10 12 0.047453992 
568 502 8 10 0.047367785 
449 382 11 14 0.047348093 
570 463 8 11 0.047330514 
635 12 10 14 0.04727846 
677 438 9 10 0.047197 
648 508 9 11 0.047011867 
662 487 8 11 0.046915025 
703 541 9 11 0.046822965 
713 573 10 14 0.046799306 
139 455 10 11 0.046792414 
809 572 10 14 0.046755094 
305 519 10 13 0.046717413 
916 576 10 12 0.046588007 
68 149 18 23 0.046458777 
911 575 11 13 0.04645124 
735 528 8 10 0.046415593 
662 320 8 10 0.046381667 
263 259 11 14 0.046339903 
121 632 15 22 0.046270963 
637 535 8 11 0.046208713 
968 591 11 14 0.04601588 
432 544 8 11 0.04600937 
89 463 7 10 0.045968946 
958 548 10 13 0.045848332 
289 261 11 15 0.04576786 
654 367 9 11 0.045754097 
1012 556 10 14 0.04572726 
255 581 11 14 0.045725394 
133 564 11 13 0.045624156 
641 367 9 10 0.045611657 
574 517 8 11 0.045598224 
0 540 7 15 0.045581564 
79 545 13 18 0.045525357 
239 301 13 15 0.04549567 
385 439 8 10 0.04549257 
756 576 12 15 0.045414247 
407 144 11 15 0.045366988 
59 490 13 15 0.04523284 
822 604 11 15 0.045163617 
911 520 9 10 0.04508918 
568 516 10 12 0.045010637 
681 623 20 26 0.044998214 
47 478 11 13 0.044931803 
629 532 11 13 0.044902306 
283 407 10 12 0.044849336 
497 405 10 12 0.044833872 
669 365 8 10 0.04482924 
436 525 9 11 0.044564564 
191 190 14 17 0.044550516 
751 560 8 11 0.04453632 
854 517 9 12 0.04452829 
673 532 9 12 0.044414002 
223 460 9 12 0.04435921 
670 390 8 10 0.04421286 
4 445 10 12 0.044093255 
488 331 10 12 0.0440543 
311 439 8 9 0.04404645 
649 384 8 10 0.04402415 
651 630 16 20 0.04398584 
991 533 9 11 0.04393153 
741 585 22 28 0.04373724 
41 -2 470 528 0.043656595 
736 551 8 10 0.04365081 
151 464 10 12 0.04363073 
159 455 10 11 0.043565318 
424 484 9 11 0.043517426 
977 557 11 15 0.04349915 
773 540 8 10 0.04344096 
625 479 8 10 0.043381564 
181 538 10 12 0.043364443 
423 399 8 11 0.043340504 
196 445 10 13 0.043317053 
646 429 7 10 0.043061417 
225 513 9 11 0.042861674 
457 191 21 27 0.042814553 
631 479 8 11 0.04273956 
505 746 13 18 0.04270734 
80 502 9 11 0.042688843 
68 564 11 15 0.0426859 
728 589 11 15 0.042634837 
71 455 8 10 0.042616393 
768 540 10 12 0.042502794 
585 589 11 14 0.042495955 
704 504 10 11 0.04231547 
599 412 8 10 0.042274807 
701 517 9 14 0.04227399 
624 520 10 12 0.042168435 
938 603 14 18 0.042164106 
231 489 7 9 0.042114243 
185 485 9 11 0.042055923 
177 574 12 15 0.042006407 
323 405 9 11 0.041912753 
497 399 9 11 0.041905053 
706 383 8 10 0.041848935 
656 312 7 10 0.041746955 
976 519 9 10 0.04164339 
79 464 8 10 0.041584544 
694 533 9 11 0.041572433 
905 542 9 12 0.041549537 
670 454 9 11 0.04153268 
7 510 11 15 0.04131193 
640 408 8 10 0.04123487 
1006 572 10 13 0.04122795 
311 446 8 10 0.040920507 
654 374 8 10 0.040829167 
561 492 9 11 0.040780697 
562 292 11 16 0.040740557 
149 508 10 14 0.040662233 
345 463 9 11 0.040591642 
225 566 8 11 0.04047458 
842 610 16 21 0.04034891 
696 500 8 11 0.040324952 
638 590 11 14 0.040291727 
424 502 8 10 0.040265113 
154 601 15 19 0.04023831 
14 492 11 13 0.040236007 
58 569 14 17 0.040183134 
80 494 10 13 0.04014579 
673 287 8 11 0.040131237 
440 479 9 11 0.040085852 
971 713 23 33 0.040082626 
221 208 11 14 0.03999091 
593 480 8 10 0.039937258 
682 301 8 11 0.039834086 
991 597 14 18 0.03983124 
908 554 11 14 0.039784804 
630 384 9 11 0.039734684 
159 596 13 16 0.039704837 
3 111 22 32 0.03954954 
933 533 8 11 0.039512005 
549 477 8 11 0.039421532 
420 427 10 11 0.039418604 
381 416 9 10 0.03935859 
886 529 9 11 0.03933688 
169 534 10 13 0.0393312 
550 345 8 10 0.039198346 
172 188 12 14 0.039183963 
256 655 12 12 0.03913122 
620 716 12 16 0.039052676 
230 476 8 10 0.038840678 
175 508 10 12 0.03881041 
416 407 10 11 0.038788006 
237 655 11 14 0.038603004 
85 541 13 17 0.038525444 
244 357 9 11 0.038501553 
629 407 9 11 0.038345918 
64 230 13 15 0.038290597 
116 530 10 15 0.03827898 
968 579 11 13 0.038276263 
641 446 8 9 0.03823994 
109 506 13 16 0.038227595 
166 459 10 12 0.038221307 
639 570 10 13 0.038207967 
620 422 9 11 0.03819351 
744 550 8 10 0.03816785 
562 481 8 10 0.038163584 
596 557 9 11 0.037993524 
432 436 10 13 0.037985835 
209 428 11 15 0.037944462 
655 478 8 10 0.037940383 
624 588 10 15 0.037932333 
662 406 9 10 0.037921466 
543 478 8 11 0.0379015 
991 518 8 10 0.037837975 
161 486 8 13 0.037811197 
441 486 9 11 0.037793517 
165 565 11 15 0.03773103 
0 533 8 15 0.03772283 
81 472 8 10 0.037679132 
101 543 14 19 0.03765665 
714 553 11 16 0.037653763 
835 615 16 20 0.037616923 
729 488 9 11 0.037616678 
217 316 10 14 0.037528727 
737 596 16 22 0.037493154 
424 472 9 12 0.037475448 
583 456 7 10 0.037421137 
135 486 10 13 0.03733592 
914 622 16 20 0.037283868 
588 511 9 12 0.037213843 
522 187 14 17 0.037160467 
39 515 12 15 0.03709941 
654 360 8 10 0.0370856 
629 357 9 11 0.037081383 
638 479 9 11 0.037030697 
448 511 10 13 0.036964364 
115 463 12 13 0.03695102 
149 230 11 15 0.03683449 
39 500 10 13 0.036794215 
717 501 9 11 0.036792647 
510 382 8 11 0.036791176 
526 368 8 10 0.036768284 
606 431 7 9 0.03670299 
649 391 8 10 0.03656913 
353 422 7 10 0.036559723 
899 421 12 15 0.03653792 
574 535 9 11 0.036408138 
209 463 9 11 0.036336586 
28 143 24 30 0.03633143 
680 525 8 10 0.03623091 
640 424 8 11 0.036210105 
630 495 8 10 0.0362016 
321 495 10 13 0.036161292 
21 500 10 13 0.036153007 
191 580 11 14 0.03612301 
169 325 10 12 0.036065485 
652 705 13 19 0.0360503 
295 247 10 12 0.036029417 
143 316 12 15 0.035887156 
711 496 8 10 0.03586112 
561 539 11 15 0.035804447 
140 484 10 12 0.035755344 
176 528 19 23 0.035656717 
590 463 9 11 0.035647985 
361 375 9 11 0.035647523 
803 419 11 15 0.035609234 
688 360 11 12 0.035560306 
272 526 10 13 0.035539575 
629 520 9 11 0.035482302 
851 548 11 14 0.03547329 
679 326 9 11 0.03539433 
401 239 11 15 0.035357624 
256 502 9 11 0.035331577 
688 344 8 10 0.035287466 
1001 539 9 12 0.035281245 
959 527 9 10 0.03527675 
245 496 8 10 0.035103366 
262 648 13 14 0.035096854 
341 430 10 13 0.035047106 
641 496 8 10 0.03502316 
18 623 23 30 0.03496253 
637 557 9 11 0.034955297 
772 334 11 14 0.034952246 
976 548 11 14 0.03493986 
167 525 8 11 0.034930497 
979 596 13 17 0.03485797 
7 610 25 32 0.03476898 
253 533 13 15 0.034713384 
1004 603 13 18 0.03468593 
701 493 11 12 0.03464776 
178 474 11 14 0.034617394 
718 496 8 10 0.034603655 
650 551 10 13 0.034593843 
630 485 8 10 0.03456634 
413 512 8 10 0.03455062 
21 551 20 25 0.034505155 
671 543 9 12 0.034503717 
165 519 9 13 0.03448093 
615 400 6 8 0.034444667 
734 580 12 16 0.034418672 
641 501 10 12 0.034350667 
119 414 14 17 0.034341197 
248 481 8 9 0.03433634 
618 430 7 10 0.034274306 
602 470 8 12 0.034252673 
193 200 15 20 0.034245245 
924 479 11 15 0.03414314 
416 518 9 13 0.034138516 
971 595 13 17 0.034100678 
215 462 9 12 0.03406146 
235 324 9 13 0.034049734 
231 500 9 12 0.034031045 
244 438 9 11 0.0340234 
75 668 25 30 0.033990663 
542 245 14 18 0.033922695 
553 360 8 11 0.033775058 
619 105 23 30 0.03371567 
101 602 15 21 0.033676654 
304 406 8 10 0.033673525 
245 432 10 12 0.033641282 
189 640 13 18 0.033608306 
54 504 10 13 0.033601906 
724 373 9 11 0.033552624 
265 332 8 12 0.03350085 
2 524 9 15 0.03349539 
873 518 8 10 0.033491552 
559 524 9 13 0.03346019 
872 558 21 27 0.033452246 
143 468 11 12 0.033334486 
692 624 16 21 0.033283927 
606 477 9 11 0.033196814 
692 576 14 18 0.033151153 
157 538 12 14 0.033143476 
248 587 11 14 0.033101197 
332 338 13 16 0.033074707 
408 384 8 10 0.03304375 
245 281 12 14 0.033038545 
655 699 14 19 0.033029214 
688 319 10 12 0.03292673 
127 221 15 18 0.03287925 
625 561 9 11 0.03275005 
992 624 15 17 0.032749597 
179 561 22 28 0.032629408 
895 525 9 11 0.032612123 
775 551 8 10 0.032575857 
449 415 11 13 0.032555576 
623 355 10 12 0.032523125 
542 502 9 11 0.032520246 
158 460 11 12 0.03251545 
647 519 9 11 0.032510053 
682 391 8 10 0.032503504 
835 570 14 17 0.032483354 
93 463 9 10 0.03247841 
255 270 13 16 0.03243229 
560 532 10 16 0.032429155 
644 590 11 13 0.0322914 
106 282 16 20 0.032205515 
136 461 10 13 0.032192066 
48 484 12 14 0.032148894 
417 412 9 12 0.032133605 
680 504 8 9 0.032125697 
973 707 14 18 0.03212169 
189 551 11 14 0.032101795 
431 480 8 10 0.032004405 
10 477 10 12 0.031961765 
808 622 11 12 0.03195262 
904 617 13 18 0.031890363 
338 429 8 12 0.03181265 
157 523 10 12 0.031737376 
614 566 8 11 0.03164529 
570 469 8 10 0.031577613 
191 470 10 12 0.03156448 
382 422 8 10 0.031556796 
159 510 8 11 0.031541247 
632 398 7 9 0.03145786 
933 628 13 18 0.031419504 
920 556 10 14 0.031359535 
712 640 13 18 0.031322114 
679 360 9 10 0.031320337 
536 429 9 11 0.031309664 
225 487 9 10 0.031272694 
327 8 40 40 0.031261567 
127 299 15 17 0.031257655 
363 -60 490 554 0.03125654 
932 582 11 13 0.031234244 
648 375 8 9 0.031216746 
264 441 8 9 0.031147053 
393 610 11 16 0.031129532 
526 472 8 11 0.03107067 
934 630 22 28 0.031048479 
804 319 9 11 0.031043816 
439 535 9 12 0.030974027 
113 487 9 12 0.03097058 
647 479 8 10 0.03095703 
463 375 9 10 0.03094014 
247 486 8 10 0.030936835 
60 578 14 20 0.030936258 
127 316 13 18 0.030906089 
100 587 14 17 0.030814404 
615 186 14 17 0.030733334 
400 476 11 13 0.030715838 
371 388 9 11 0.030696392 
544 494 9 11 0.0306852 
271 432 9 10 0.030604707 
947 617 21 27 0.030571146 
709 600 12 15 0.030567778 
390 439 8 11 0.030539816 
552 471 6 10 0.030517524 
211 534 12 14 0.030516407 
12 522 12 16 0.030489612 
319 391 9 9 0.030461313 
654 455 8 10 0.030395413 
927 533 9 11 0.03037321 
445 480 8 10 0.030286487 
321 384 9 10 0.030256586 
564 605 11 14 0.030217102 
986 428 16 18 0.030210417 
880 493 10 12 0.03020127 
614 375 9 11 0.030183647 
197 472 9 11 0.030179752 
758 526 9 11 0.030166704 
655 507 9 12 0.030146563 
359 380 9 12 0.030131908 
503 368 8 10 0.030091984 
881 529 9 10 0.030063905 
647 293 10 12 0.030055104 
291 372 11 12 0.030051228 
166 487 9 12 0.029884966 
897 566 11 15 0.029871752 
290 439 8 11 0.029861802 
446 535 9 13 0.029857017 
408 46 26 33 0.029824363 
727 541 9 11 0.029812906 
367 401 8 10 0.029805638 
255 495 9 11 0.029748598 
124 556 13 17 0.02971949 
734 575 11 13 0.029702445 
856 434 13 16 0.02969648 
126 485 11 14 0.029671866 
581 486 8 10 0.029668616 
38 488 9 11 0.029603116 
125 417 14 16 0.02959845 
769 560 9 11 0.029597906 
345 468 9 10 0.02959757 
110 321 14 15 0.02955697 
446 542 10 14 0.029532297 
799 551 9 12 0.029528342 
681 472 8 10 0.029519776 
717 621 23 31 0.029506424 
695 373 8 10 0.029498512 
334 367 8 10 0.029470507 
1012 500 9 14 0.02946714 
640 439 9 12 0.029464124 
416 500 8 11 0.029425967 
280 389 8 11 0.029409735 
686 389 9 11 0.02940202 
657 463 7 9 0.029358475 
24 492 10 15 0.029355025 
582 542 9 12 0.02931498 
719 280 9 12 0.029308533 
670 564 10 13 0.029289866 
980 588 12 14 0.029243726 
997 583 10 12 0.029225916 
208 495 10 11 0.029184598 
908 565 12 15 0.029160166 
456 181 13 16 0.029097546 
621 242 11 15 0.02909221 
266 477 9 12 0.029071974 
998 282 21 29 0.029071053 
421 554 11 14 0.029043937 
506 616 28 36 0.028954975 
839 587 11 14 0.028947249 
15 531 11 15 0.028942317 
582 550 9 12 0.028858623 
633 308 9 11 0.028790819 
997 588 11 13 0.028762 
867 602 15 18 0.028681178 
923 717 15 18 0.028666297 
212 613 11 15 0.028644841 
261 671 13 16 0.02864478 
944 528 10 11 0.028638419 
891 580 12 15 0.028596306 
812 568 20 25 0.02858419 
920 563 11 14 0.028562423 
266 472 8 9 0.0285474 
311 393 8 10 0.028518023 
182 463 11 12 0.028491264 
657 606 21 25 0.028468022 
527 373 8 10 0.028444188 
1013 629 10 16 0.0284229 
487 366 11 14 0.028386062 
646 496 7 9 0.028378742 
623 252 10 14 0.028333498 
672 376 8 11 0.028325908 
338 399 9 11 0.028324833 
573 472 8 9 0.02832218 
949 528 10 12 0.028244006 
734 542 8 10 0.02821691 
646 524 10 12 0.028207624 
608 400 8 10 0.028203927 
38 428 12 14 0.028193826 
197 548 13 16 0.028146982 
255 282 13 16 0.028129937 
585 351 8 10 0.028122507 
188 535 10 12 0.02810623 
849 501 8 11 0.028085316 
80 481 10 13 0.028046021 
81 432 8 9 0.028002072 
2 431 8 12 0.027958134 
680 455 9 10 0.027950577 
616 472 8 11 0.027949695 
561 583 16 20 0.027894061 
1007 516 8 10 0.0278706 
959 517 9 11 0.02786921 
700 367 8 10 0.02783425 
252 485 9 12 0.027752966 
438 373 9 11 0.02774041 
932 541 10 13 0.027719507 
319 432 7 9 0.02769631 
702 399 8 10 0.02767579 
281 411 11 15 0.027629213 
918 472 11 13 0.027623165 
281 518 9 12 0.027611503 
533 150 23 28 0.027603772 
282 419 9 13 0.027589427 
942 578 11 15 0.027587876 
645 438 9 11 0.027551413 
345 381 9 12 0.02755133 
786 534 8 11 0.02752468 
878 571 13 18 0.027520621 
581 479 8 10 0.027519781 
183 501 10 12 0.027503792 
755 340 15 18 0.027468564 
633 296 9 13 0.027366612 
662 397 8 11 0.027337566 
345 358 10 13 0.027281716 
849 517 9 13 0.027279122 
418 478 9 12 0.027254548 
302 333 9 11 0.027226306 
462 776 22 28 0.027199244 
537 391 7 9 0.02714818 
59 558 14 16 0.027126746 
25 107 39 49 0.027116802 
1005 268 16 18 0.027114913 
599 517 10 11 0.027113203 
737 366 9 11 0.0270842 
83 612 17 22 0.027083885 
657 318 8 9 0.027083527 
940 695 18 21 0.027033558 
263 514 13 15 0.027011093 
536 759 11 14 0.027009452 
225 499 10 12 0.027005255 
224 471 8 11 0.027001156 
335 279 10 12 0.026979879 
277 247 11 14 0.026973052 
1004 566 11 14 0.026971744 
369 382 8 11 0.02697077 
737 559 9 11 0.026940363 
16 432 9 11 0.026928153 
497 411 9 13 0.026922258 
584 415 7 9 0.02692117 
983 615 12 17 0.0269042 
987 668 15 19 0.026892139 
402 367 9 11 0.026875975 
768 528 9 11 0.026868887 
243 238 13 15 0.026862623 
612 503 11 13 0.02685924 
198 317 11 13 0.026836008 
441 130 13 16 0.026824169 
679 294 8 11 0.026813269 
628 566 11 13 0.026809115 
686 477 7 10 0.026791414 
607 527 9 11 0.026772657 
625 384 8 10 0.026764987 
114 538 12 19 0.026752299 
608 485 8 10 0.02670321 
405 460 9 11 0.026686631 
153 453 9 11 0.026671352 
599 687 11 15 0.026630966 
649 279 10 13 0.026629945 
231 510 9 12 0.02662518 
559 468 8 10 0.026601193 
632 422 9 12 0.026568605 
720 399 8 10 0.026559094 
413 383 9 11 0.026532618 
239 430 9 12 0.0265233 
336 456 7 9 0.026510248 
973 444 11 13 0.026496451 
207 445 10 13 0.026456878 
625 391 8 9 0.02643294 
854 577 14 18 0.026384246 
740 692 15 20 0.026380606 
879 636 14 17 0.026351742 
326 420 8 10 0.026331529 
501 140 12 17 0.026328027 
690 487 8 11 0.026310312 
432 472 8 10 0.026300555 
408 400 9 12 0.02629092 
534 492 8 12 0.026283463 
452 386 12 14 0.026247377 
671 315 9 12 0.02620717 
329 456 7 9 0.02620439 
448 350 9 10 0.026145974 
618 236 12 16 0.026131738 
657 342 9 11 0.02612755 
613 708 11 14 0.026115997 
809 624 20 25 0.026110983 
521 374 7 9 0.026084272 
189 556 21 28 0.026061399 
601 533 11 14 0.026061047 
979 642 15 19 0.02606054 
361 440 7 10 0.026002547 
2 608 17 23 0.025998114 
889 281 23 27 0.025993057 
70 487 10 12 0.02597967 
993 521 18 23 0.02596666 
706 295 10 13 0.025934193 
59 522 14 17 0.025927244 
607 438 7 9 0.025918817 
72 461 8 9 0.02590298 
86 693 51 61 0.025895026 
687 585 13 18 0.025893405 
30 736 52 69 0.025892345 
848 642 12 16 0.02582298 
263 446 9 11 0.025818903 
646 366 8 11 0.025807872 
537 335 9 10 0.025799671 
462 528 8 11 0.025780784 
867 454 11 14 0.025768938 
622 469 9 11 0.025759624 
69 439 9 11 0.025740283 
861 682 16 21 0.025736695 
39 556 13 16 0.025716199 
697 511 8 11 0.025705973 
6 431 9 11 0.025676455 
505 374 8 9 0.025666596 
629 351 8 12 0.025644708 
626 405 8 11 0.025639277 
877 518 8 9 0.02563099 
664 477 8 10 0.02561177 
647 359 9 11 0.025603667 
325 464 8 9 0.025569657 
646 564 10 13 0.025560167 
729 305 10 12 0.025542801 
639 484 8 10 0.025530769 
631 440 8 10 0.025507232 
432 520 8 11 0.025489649 
654 589 10 14 0.025461473 
493 366 9 12 0.025452971 
758 561 8 10 0.025446516 
59 549 12 14 0.025433535 
835 554 11 15 0.0254212 
877 288 11 14 0.025417572 
957 511 10 13 0.025391871 
116 491 10 13 0.025365792 
577 360 7 8 0.025339764 
454 67 28 33 0.02530875 
871 550 10 13 0.02526791 
951 598 13 16 0.025266008 
679 399 8 10 0.025240682 
648 486 7 10 0.025222862 
959 534 9 11 0.025218483 
445 66 13 17 0.025196444 
781 321 13 17 0.025193835 
0 190 10 17 0.025186438 
253 480 8 9 0.025091479 
638 327 8 10 0.025077865 
265 309 10 13 0.025074199 
115 507 11 14 0.025062772 
721 391 7 10 0.025061848 
653 407 8 10 0.025060963 
664 311 9 11 0.025060391 
465 436 10 14 0.025004342 
311 451 8 11 0.02500239 
702 375 8 9 0.02498123 
120 629 24 36 0.024961587 
153 351 11 14 0.024948243 
827 621 22 26 0.024933321 
709 618 21 29 0.024912223 
141 404 11 13 0.0249074 
158 501 8 11 0.024891961 
452 543 21 26 0.024882598 
535 504 8 10 0.024878575 
125 275 14 16 0.024873465 
93 495 12 14 0.02484515 
621 525 21 25 0.024833342 
862 511 8 10 0.024824182 
568 621 11 13 0.024716454 
1013 573 10 14 0.024710314 
133 555 13 17 0.024701802 
814 602 15 20 0.024673358 
428 400 11 13 0.024650022 
30 510 11 15 0.02464923 
550 741 14 15 0.02462382 
329 444 7 10 0.02458054 
920 525 9 12 0.02456384 
655 327 10 11 0.024530787 
930 685 26 34 0.024519745 
432 533 8 11 0.024497166 
754 687 15 18 0.024482263 
686 463 8 10 0.024480669 
163 597 17 21 0.02447411 
547 259 12 14 0.024469808 
195 263 11 15 0.024456242 
39 655 29 37 0.024443878 
152 488 8 11 0.0244376 
457 454 8 11 0.024390584 
94 454 9 10 0.024363983 
862 586 12 14 0.02435642 
447 502 8 11 0.024327913 
549 375 8 11 0.024299849 
1008 579 10 13 0.024281688 
615 478 7 10 0.024259025 
670 495 9 11 0.024256282 
239 667 11 14 0.024235846 
108 514 13 16 0.024232876 
848 543 10 15 0.024223061 
606 423 7 10 0.024213007 
505 383 9 11 0.024208989 
468 546 12 16 0.024201956 
208 507 9 11 0.02416717 
327 433 7 9 0.024146847 
649 286 10 12 0.024137974 
95 482 11 13 0.024120584 
195 507 11 13 0.024078654 
271 392 8 10 0.024034614 
258 532 13 15 0.024030091 
599 502 9 11 0.024022711 
447 375 9 11 0.02401905 
297 310 8 11 0.024012238 
261 659 12 14 0.023948956 
1013 597 10 15 0.023931278 
608 575 10 13 0.023913074 
255 396 10 12 0.023912173 
849 510 8 11 0.023896853 
646 582 10 12 0.023832163 
776 318 11 15 0.023790885 
230 574 11 14 0.02378915 
688 383 10 12 0.02378283 
671 279 8 10 0.023769282 
976 564 20 25 0.023767518 
245 444 9 11 0.023760436 
1012 438 9 13 0.023722012 
664 185 12 16 0.02371149 
895 519 9 11 0.02371069 
409 516 10 13 0.02370674 
863 563 19 25 0.023694368 
680 462 8 9 0.023680104 
200 353 12 15 0.023671292 
945 503 8 11 0.023665378 
957 709 28 40 0.023652831 
559 612 9 12 0.02365261 
227 637 11 14 0.023626633 
782 549 9 11 0.023609394 
359 305 12 15 0.023560919 
390 376 8 10 0.023549309 
258 249 13 17 0.02351912 
401 373 9 11 0.023507208 
563 56 25 30 0.02348394 
414 534 10 12 0.0234582 
519 399 9 12 0.023439484 
45 551 14 16 0.02341261 
639 352 9 10 0.023397882 
869 468 9 12 0.02337625 
337 463 7 9 0.023370504 
596 550 11 14 0.023369182 
938 688 44 59 0.02336317 
444 471 9 10 0.023362892 
750 669 17 20 0.023352047 
160 571 13 17 0.023307638 
988 539 10 12 0.023303887 
167 271 13 15 0.023271529 
416 375 9 11 0.02325636 
268 349 10 12 0.023227543 
566 554 11 16 0.023215352 
766 692 14 17 0.023206165 
141 534 9 12 0.023198253 
165 319 10 12 0.023193413 
160 555 12 17 0.02318813 
808 568 9 11 0.023181597 
118 555 13 18 0.023180222 
46 427 11 15 0.023104714 
401 383 9 11 0.023097062 
597 604 12 15 0.023093704 
303 517 20 25 0.02307552 
592 563 10 13 0.02307039 
672 336 8 9 0.023068782 
665 375 7 10 0.023043824 
158 472 11 13 0.023034055 
229 642 10 13 0.02303015 
680 334 8 11 0.023017831 
791 533 9 11 0.023012841 
125 406 12 14 0.022997105 
965 670 16 22 0.022964215 
785 542 8 11 0.022962999 
407 534 10 14 0.022930577 
987 570 12 14 0.022916721 
22 432 9 11 0.02291332 
25 634 25 32 0.02291166 
315 524 12 15 0.022908438 
313 432 8 10 0.022889445 
655 396 9 11 0.022873208 
733 534 9 11 0.022815432 
797 532 9 12 0.02277702 
567 543 18 23 0.02277568 
617 526 9 12 0.022763954 
32 230 13 17 0.022744918 
716 579 11 14 0.022678418 
988 678 16 21 0.022678385 
141 513 13 16 0.022677848 
278 526 9 14 0.02267256 
748 690 14 18 0.022668026 
20 636 40 49 0.022653563 
238 472 7 9 0.022649582 
441 492 9 12 0.02263104 
337 424 9 10 0.022626417 
838 544 9 13 0.022624485 
321 400 8 10 0.022623027 
254 463 7 10 0.022613354 
767 578 12 14 0.022577211 
465 445 10 13 0.02257272 
191 587 12 16 0.022566902 
245 456 7 10 0.022555629 
537 409 9 10 0.022541575 
522 208 16 20 0.022540843 
904 526 9 11 0.02251707 
325 414 9 12 0.02251575 
404 439 9 10 0.022498785 
69 570 11 16 0.022483688 
662 532 9 12 0.022470444 
1012 535 10 12 0.022454783 
304 398 8 10 0.022446223 
1005 526 10 12 0.022431055 
262 301 9 12 0.022408415 
655 446 9 11 0.022401853 
933 597 13 15 0.022395795 
575 343 9 11 0.022348672 
343 455 9 10 0.022335956 
129 397 11 13 0.022328902 
917 652 16 22 0.02231039 
70 471 8 11 0.02230005 
273 463 8 10 0.022264078 
939 715 17 23 0.022259125 
194 209 15 20 0.02224156 
16 547 12 14 0.022241132 
712 375 8 9 0.022226699 
409 511 8 11 0.02221378 
560 335 9 10 0.022204004 
781 270 9 12 0.022178637 
920 536 10 12 0.022170557 
599 333 9 11 0.022131115 
790 566 11 15 0.022077834 
965 548 10 13 0.022053394 
326 388 10 12 0.022048488 
807 630 12 14 0.022045974 
607 704 11 15 0.022037353 
614 486 9 10 0.022037085 
907 754 20 27 0.02203514 
584 522 11 13 0.022026688 
838 580 11 15 0.022021614 
753 561 20 25 0.022015303 
260 525 13 16 0.02198867 
238 497 17 23 0.021974925 
678 343 10 11 0.021964587 
223 546 12 16 0.021963758 
493 327 10 13 0.021931168 
517 358 8 11 0.021916935 
22 510 10 14 0.021916341 
746 576 22 27 0.021915575 
649 471 7 9 0.021906754 
237 572 11 14 0.02188594 
431 359 8 10 0.021829024 
966 512 8 10 0.021818494 
835 604 17 21 0.021796275 
125 249 15 17 0.021770943 
622 437 9 11 0.021756914 
575 501 8 9 0.021754362 
674 429 9 12 0.021752052 
729 579 22 30 0.021749659 
48 462 10 11 0.021733338 
249 410 11 14 0.021729771 
571 479 223 232 0.02172447 
320 475 9 12 0.021715038 
549 694 16 23 0.021699743 
199 527 10 13 0.021683313 
623 344 10 11 0.021678763 
422 373 9 11 0.021676477 
544 156 22 26 0.021671856 
983 517 9 10 0.021669662 
471 381 9 11 0.021665424 
272 247 11 14 0.021650514 
233 243 11 13 0.02164609 
425 83 14 19 0.021643702 
668 245 10 13 0.021636186 
960 580 11 14 0.021628562 
54 592 16 24 0.02161137 
968 360 35 40 0.021558583 
926 680 15 19 0.021557214 
292 522 12 16 0.021524303 
545 343 8 9 0.021522712 
-1 5 22 34 0.021520946 
775 492 8 10 0.021505153 
654 596 10 14 0.021480853 
669 471 8 9 0.021473853 
454 375 10 11 0.02146778 
680 366 9 11 0.021345854 
235 519 11 14 0.021316156 
668 485 9 12 0.021310562 
638 310 9 11 0.021295449 
630 445 8 10 0.021224894 
918 520 9 11 0.021217855 
384 430 8 10 0.021203676 
50 577 22 30 0.021197364 
155 751 29 35 0.021171805 
666 453 8 10 0.021137772 
923 324 10 13 0.021098891 
173 485 10 12 0.021088267 
924 626 15 19 0.02108179 
656 352 8 10 0.021074587 
462 422 9 11 0.021064468 
253 507 11 13 0.021049395 
625 485 9 10 0.021036528 
236 565 11 14 0.021033922 
894 512 10 11 0.020997582 
71 526 14 19 0.020983562 
200 611 12 17 0.020969894 
450 523 9 13 0.020955665 
934 501 9 10 0.020955522 
20 528 19 24 0.020946318 
816 335 10 13 0.020945458 
793 481 8 10 0.020938458 
927 560 17 22 0.020930761 
566 611 11 14 0.020915035 
110 611 22 29 0.020910762 
752 398 9 13 0.020868106 
939 704 18 24 0.020865537 
535 486 9 12 0.02085625 
590 176 15 19 0.020849776 
306 453 9 11 0.020847721 
196 496 10 12 0.020836025 
232 447 9 11 0.02082878 
250 134 26 30 0.020803703 
601 400 7 9 0.020765942 
735 344 9 12 0.020751545 
639 342 9 11 0.020743854 
429 555 11 13 0.020742314 
222 324 10 13 0.020736506 
689 334 9 11 0.020734316 
600 422 9 11 0.02072813 
537 413 10 12 0.020713268 
727 534 11 13 0.02070924 
415 399 9 10 0.02070893 
327 517 10 14 0.020702617 
854 737 12 18 0.020695943 
989 511 7 10 0.020694626 
991 11 31 43 0.020691652 
213 493 10 11 0.020689735 
72 547 11 15 0.020688765 
616 382 8 10 0.020669004 
694 380 7 10 0.020653365 
286 360 10 13 0.020635076 
180 221 14 18 0.020628428 
140 309 12 16 0.020554857 
655 525 10 12 0.020542242 
194 375 9 13 0.020522764 
670 631 15 20 0.020517781 
578 376 7 9 0.020513115 
529 503 8 10 0.020453626 
176 319 10 12 0.020434929 
594 241 14 17 0.020427756 
100 614 18 23 0.020417085 
671 574 11 13 0.02041426 
108 594 17 21 0.02040046 
828 354 10 12 0.020384878 
811 613 22 25 0.020383522 
565 367 8 10 0.020356396 
883 561 13 17 0.020308096 
439 519 9 11 0.02030791 
697 427 8 12 0.020284016 
288 252 10 14 0.020236757 
769 491 9 12 0.020232052 
640 317 9 10 0.020226473 
215 582 12 15 0.020209381 
652 607 14 17 0.020205611 
773 597 13 19 0.020172162 
628 187 12 15 0.020156816 
247 525 9 11 0.020141305 
342 423 8 10 0.02012953 
31 544 20 27 0.020117918 
335 470 8 9 0.020108107 
440 165 12 15 0.020103725 
260 573 11 15 0.020092474 
166 549 20 27 0.02006366 
726 3 12 15 0.020059722 
423 532 9 11 0.02001438 
626 61 13 17 0.020013515 
