21_Festival_Festival_21_373
248
78 183 38 49 0.99695194 
872 181 16 20 0.9777755 
833 171 16 22 0.88218045 
605 214 12 15 0.87207174 
933 166 19 22 0.80915195 
551 218 15 22 0.74445325 
683 221 13 16 0.73989016 
397 243 31 30 0.7063422 
398 202 22 28 0.68959177 
809 248 18 21 0.66906077 
746 189 9 12 0.6283204 
799 188 11 14 0.56663036 
860 218 19 20 0.49591893 
727 187 8 10 0.4915344 
645 209 15 23 0.45434716 
565 191 9 12 0.44180104 
494 243 17 19 0.34632134 
600 270 23 29 0.32819605 
492 257 17 21 0.3183813 
601 191 9 11 0.31550106 
542 204 11 14 0.31301534 
526 220 11 17 0.25980493 
582 181 8 10 0.24848041 
842 179 15 18 0.20656669 
645 191 8 11 0.2050268 
402 256 20 21 0.18416135 
783 202 11 15 0.15745251 
38 196 10 11 0.15541774 
406 207 28 33 0.14143841 
745 186 8 11 0.13960624 
509 205 11 14 0.13646004 
532 217 13 19 0.13552935 
605 364 12 14 0.1334205 
655 275 9 11 0.124482155 
728 246 10 13 0.117408045 
590 236 10 12 0.116327725 
612 236 12 15 0.11532595 
472 265 15 21 0.114686444 
710 182 8 10 0.11382552 
595 268 19 23 0.110976934 
656 291 10 12 0.103075005 
630 288 12 15 0.10194205 
644 195 10 14 0.10084937 
541 210 14 20 0.09626896 
533 274 17 20 0.087183796 
438 195 14 17 0.08714829 
734 184 8 10 0.084671415 
538 268 13 16 0.083838664 
817 182 9 12 0.08277479 
366 190 12 16 0.08214728 
516 189 10 11 0.081484646 
787 204 12 15 0.08098701 
694 197 8 9 0.08063672 
792 228 10 13 0.079647094 
558 255 14 17 0.07429739 
749 205 9 12 0.07123329 
608 217 13 16 0.07004403 
603 286 17 21 0.06996303 
808 223 12 15 0.06963749 
551 190 9 11 0.06814191 
853 224 19 19 0.06624185 
576 197 12 14 0.064742595 
745 194 10 13 0.064119235 
673 200 7 9 0.06402634 
578 201 17 22 0.063875645 
480 184 9 12 0.06317595 
718 214 9 12 0.06302606 
582 403 15 16 0.061560594 
487 188 9 10 0.06082126 
718 267 10 12 0.057366744 
824 179 12 16 0.056124408 
851 184 12 17 0.05596389 
601 185 8 10 0.055858307 
535 89 8 11 0.05575505 
5 197 9 13 0.05546325 
530 92 8 11 0.05511452 
377 283 33 43 0.05494415 
654 190 9 11 0.05262359 
575 245 11 14 0.052144695 
420 210 16 20 0.051539913 
777 204 10 13 0.051355988 
561 307 17 21 0.050804745 
729 238 9 13 0.050591763 
587 265 18 23 0.050494254 
505 79 7 8 0.04965525 
693 214 10 12 0.0479819 
461 183 8 11 0.047942214 
389 205 16 22 0.04777184 
429 204 14 19 0.047680844 
696 193 7 10 0.046867624 
548 196 11 14 0.046720836 
65 199 10 13 0.046419032 
2 191 8 11 0.04587518 
555 234 15 19 0.045774527 
576 175 9 11 0.044092674 
691 197 8 10 0.04343885 
706 184 7 9 0.042897332 
0 30 8 14 0.04207173 
719 231 8 10 0.041855402 
679 216 11 14 0.041802663 
586 202 16 21 0.041287832 
689 182 8 10 0.04075666 
689 192 8 10 0.04034951 
678 191 8 10 0.04025944 
584 237 10 14 0.040136214 
408 227 27 32 0.04004604 
706 255 9 12 0.039981764 
664 198 9 11 0.03899873 
710 320 11 13 0.038062286 
611 274 21 29 0.037956376 
601 175 9 10 0.037157264 
526 275 15 19 0.036967028 
32 199 9 11 0.036611035 
636 174 9 11 0.03621188 
552 241 14 17 0.036126684 
513 184 9 11 0.03586368 
793 187 12 14 0.035729285 
742 186 18 22 0.035627037 
721 220 9 12 0.035553776 
803 183 10 13 0.035072464 
702 260 10 14 0.034898292 
468 327 13 19 0.033915322 
495 87 7 9 0.03362852 
517 183 9 11 0.033557285 
773 180 10 12 0.03277453 
849 171 14 17 0.03275167 
640 217 15 18 0.032718375 
390 250 29 31 0.03256869 
759 216 10 12 0.032520268 
544 88 8 10 0.03249488 
621 202 13 16 0.032381896 
920 215 11 14 0.03229892 
596 229 12 16 0.031646665 
621 323 11 14 0.031439256 
563 234 12 18 0.031401146 
7 202 9 13 0.030982729 
496 183 8 10 0.030906884 
804 221 21 29 0.030432811 
933 182 14 18 0.030389743 
713 212 10 14 0.030283099 
515 197 12 15 0.030232912 
487 102 8 9 0.030074455 
664 205 10 13 0.029897118 
537 204 11 15 0.029830094 
677 198 8 10 0.029824473 
751 219 10 14 0.029667346 
679 207 9 11 0.02960873 
553 242 21 27 0.029529603 
638 243 10 14 0.029267475 
627 189 11 13 0.02884907 
562 225 13 18 0.028641833 
944 168 15 20 0.028361076 
662 192 8 10 0.02831417 
909 203 11 14 0.027876116 
889 646 9 11 0.027799064 
502 182 8 11 0.02777399 
362 189 22 26 0.027723243 
623 184 10 11 0.0272493 
641 202 14 21 0.027158553 
727 231 9 12 0.02709392 
566 185 10 12 0.026939396 
568 172 10 12 0.026931066 
837 183 22 28 0.026910806 
681 271 9 12 0.026903715 
542 221 17 21 0.026848948 
354 180 436 482 0.026694905 
621 189 13 15 0.026479585 
393 177 10 11 0.026393006 
695 182 8 10 0.026380282 
640 184 8 10 0.026328422 
637 335 9 11 0.026327988 
788 317 23 29 0.025988376 
808 237 43 49 0.025757616 
928 140 10 12 0.02556766 
711 177 8 10 0.025559042 
485 262 17 21 0.02520854 
575 239 10 14 0.025129428 
687 206 10 12 0.025057947 
643 223 15 17 0.024960538 
503 208 14 18 0.024911141 
732 334 11 12 0.024790736 
397 260 27 34 0.024694156 
693 206 10 12 0.024501897 
782 142 9 11 0.024410658 
759 204 10 12 0.024383765 
570 372 18 21 0.02428988 
1006 124 12 16 0.024220306 
603 196 10 14 0.024076086 
471 184 8 10 0.02404193 
638 583 10 11 0.0240152 
812 235 17 22 0.023960162 
660 276 10 12 0.023813546 
404 268 16 21 0.02376667 
629 184 10 11 0.023556529 
582 260 15 19 0.023499772 
607 252 11 14 0.023359278 
734 213 8 11 0.023359153 
649 276 11 13 0.023300368 
574 189 10 13 0.023275143 
722 188 9 11 0.023273554 
835 251 16 20 0.023261668 
605 155 10 13 0.023236712 
45 198 9 11 0.023149626 
705 245 9 12 0.023102185 
497 81 7 8 0.022955786 
416 243 15 18 0.022950394 
703 190 7 9 0.022895979 
783 191 11 13 0.022674255 
713 230 9 12 0.022629116 
410 263 14 18 0.022553459 
592 167 8 11 0.022507744 
725 222 8 11 0.022320561 
448 608 9 11 0.022216335 
328 146 31 36 0.022200106 
606 227 14 18 0.021846332 
567 45 8 10 0.02184198 
560 185 19 23 0.02178475 
605 261 13 15 0.02171821 
829 197 13 17 0.021631049 
722 184 8 10 0.021528326 
117 195 14 20 0.021478683 
681 244 10 13 0.02139119 
456 175 9 11 0.02125407 
416 215 26 33 0.021185309 
616 190 11 14 0.02110416 
728 197 10 12 0.02109243 
670 204 9 12 0.02108551 
697 395 10 13 0.021055434 
733 205 9 11 0.021030886 
431 253 11 15 0.021029735 
788 197 13 16 0.020763319 
541 240 13 18 0.02073076 
763 197 12 14 0.020691518 
14 200 8 11 0.02052039 
34 192 10 11 0.020505024 
719 235 10 13 0.020448469 
393 220 31 39 0.020440312 
598 503 10 12 0.020436848 
821 246 27 30 0.020410802 
262 20 10 13 0.02035873 
567 30 8 9 0.020340629 
654 184 9 12 0.02031105 
570 244 20 26 0.020247037 
487 252 15 20 0.020164197 
763 244 13 16 0.020132108 
596 263 15 17 0.020127764 
492 188 9 11 0.020049686 
614 308 10 13 0.020047933 
