21_Festival_Festival_21_727
139
589 95 97 122 0.30283332 
417 167 9 12 0.2852916 
417 170 11 16 0.24074309 
416 130 10 14 0.23931366 
822 354 58 89 0.20189793 
492 192 14 18 0.18136628 
443 218 16 20 0.1566924 
951 247 9 13 0.148134 
421 178 10 13 0.13394545 
438 133 9 11 0.11783796 
175 215 12 16 0.11277813 
277 61 16 17 0.09934454 
383 127 9 10 0.09691614 
487 197 13 16 0.087575845 
460 172 13 15 0.08250194 
397 188 10 12 0.0779182 
434 129 8 10 0.07322717 
392 183 9 12 0.0703295 
388 156 9 12 0.06965651 
447 39 9 10 0.0683752 
519 214 12 14 0.06828165 
808 325 61 81 0.065950036 
392 136 8 11 0.06578414 
420 128 8 11 0.06461939 
479 198 10 12 0.061432686 
207 213 9 13 0.060812864 
444 174 9 12 0.06046942 
387 165 10 14 0.060045663 
959 344 12 16 0.05978668 
218 214 28 33 0.057826452 
124 253 12 15 0.05729669 
226 212 16 18 0.05663255 
463 142 10 11 0.05383643 
357 229 9 11 0.05117335 
388 197 11 15 0.04970562 
469 190 10 13 0.049622875 
947 341 14 17 0.04940391 
500 214 13 14 0.0487027 
574 164 11 15 0.04779838 
456 124 9 11 0.047619995 
417 161 8 11 0.04555479 
513 142 9 11 0.044087466 
504 346 30 32 0.043661147 
469 329 25 36 0.04334151 
517 144 9 10 0.0423443 
510 29 26 30 0.042325214 
990 239 8 11 0.04119941 
383 121 9 9 0.04083589 
229 416 14 18 0.04082797 
44 111 14 17 0.040252104 
946 253 10 13 0.040032335 
429 386 12 16 0.039750498 
965 279 10 12 0.039523497 
464 197 12 15 0.038843386 
469 148 9 11 0.038623024 
469 203 11 14 0.038449973 
955 245 9 12 0.037621636 
438 201 11 13 0.037362713 
861 251 11 15 0.036789518 
253 356 13 15 0.034745757 
463 203 11 14 0.034589313 
510 43 12 14 0.03437776 
414 96 8 11 0.033565782 
472 212 8 11 0.03347667 
32 235 10 12 0.03337239 
341 171 11 17 0.03294034 
481 152 8 11 0.032383535 
497 339 25 31 0.032382723 
444 133 9 10 0.03201658 
345 494 10 12 0.03188949 
486 167 11 14 0.030955091 
55 231 11 12 0.030337283 
512 30 12 16 0.029653518 
965 288 12 16 0.02963769 
604 39 155 192 0.029461538 
193 55 10 13 0.029286504 
275 139 25 27 0.029047636 
187 401 33 39 0.02890556 
460 354 12 19 0.028720269 
410 133 9 11 0.028595898 
502 247 9 11 0.028018486 
469 172 12 14 0.028000964 
185 382 50 68 0.027928153 
534 188 9 11 0.027370688 
207 217 13 16 0.027345017 
225 410 22 30 0.027040975 
429 220 11 14 0.026445566 
406 198 9 13 0.026387747 
425 79 9 10 0.026302937 
992 539 10 12 0.026194178 
396 134 9 11 0.025743721 
520 172 9 11 0.025628973 
485 152 9 11 0.02500279 
421 228 11 14 0.024774415 
384 131 10 12 0.024656521 
430 118 8 10 0.024454206 
493 180 16 19 0.024398869 
529 188 9 12 0.024393117 
410 167 9 12 0.024161793 
338 243 12 16 0.024084805 
454 383 9 14 0.023917088 
991 345 13 17 0.023861635 
429 470 12 16 0.023838911 
384 355 14 18 0.023777781 
55 53 23 29 0.023749642 
167 206 10 11 0.023515498 
382 194 20 25 0.02346504 
306 144 16 18 0.023397205 
422 158 8 11 0.023330871 
949 239 11 12 0.023069803 
174 559 10 11 0.022855086 
969 246 10 13 0.022703525 
287 20 13 14 0.0223756 
604 343 33 33 0.02228737 
384 159 17 25 0.02222935 
949 284 10 14 0.022095209 
986 243 10 13 0.02180195 
846 286 11 12 0.021591557 
158 238 16 20 0.021536397 
282 201 32 39 0.02145614 
499 172 12 14 0.021417376 
667 79 180 198 0.021359928 
172 48 383 467 0.02132199 
446 129 9 11 0.021221148 
956 336 20 27 0.02092586 
661 97 63 84 0.020889366 
63 170 12 15 0.020873921 
999 254 8 11 0.020870835 
402 28 10 12 0.020663274 
948 231 10 11 0.020587496 
502 240 8 10 0.02056669 
494 71 9 10 0.020522773 
356 222 10 14 0.020461503 
204 345 100 117 0.020325786 
918 285 13 17 0.020248342 
440 166 11 13 0.020220181 
458 142 9 11 0.020170033 
527 140 9 12 0.020139767 
252 362 15 20 0.020097764 
