21_Festival_Festival_21_830
21
467 134 356 502 0.99970645 
9 505 45 63 0.62147677 
59 572 413 514 0.4840812 
332 452 557 545 0.36278805 
964 503 51 58 0.292528 
940 509 54 59 0.23979183 
823 514 50 66 0.2165 
108 813 268 290 0.1856401 
989 491 35 54 0.096634984 
340 71 371 462 0.06842364 
676 666 255 266 0.066215314 
933 497 26 38 0.0652233 
923 526 55 69 0.05773576 
186 484 415 501 0.05393479 
27 302 95 158 0.04921338 
108 91 83 147 0.036028694 
922 501 49 65 0.034153312 
185 501 18 20 0.03278974 
98 534 13 18 0.031099418 
54 50 355 516 0.026694715 
906 522 88 110 0.026499797 
