21_Festival_Festival_21_797
93
644 128 105 135 0.99994874 
315 325 53 61 0.99921334 
503 256 51 72 0.9990195 
418 216 52 66 0.9989981 
287 198 29 41 0.99702543 
84 241 52 62 0.9952182 
836 160 41 53 0.98872954 
102 334 48 56 0.9652502 
781 285 50 64 0.96303964 
171 298 43 41 0.9292023 
295 236 49 57 0.91869915 
36 183 29 44 0.8432334 
659 67 40 48 0.44575596 
182 75 24 41 0.43636224 
263 452 16 22 0.38861603 
508 200 35 41 0.3289954 
805 292 52 60 0.23002657 
927 144 39 49 0.15913577 
272 300 38 47 0.12251829 
826 303 39 42 0.08871664 
136 450 15 20 0.08590603 
451 366 48 50 0.083935514 
899 174 27 37 0.08122755 
764 59 26 41 0.07697416 
961 146 30 45 0.0619402 
799 76 13 17 0.057208367 
280 439 12 14 0.05683603 
680 72 48 63 0.056756996 
297 203 37 38 0.054828584 
391 209 26 42 0.053808182 
164 286 35 45 0.049285375 
522 198 30 33 0.048822332 
694 12 31 40 0.04690265 
450 149 15 19 0.046846103 
913 145 34 40 0.04532853 
196 204 25 40 0.044294085 
282 283 44 55 0.041237816 
396 219 15 23 0.04108754 
182 281 33 43 0.04074284 
585 92 11 14 0.03949623 
249 57 47 59 0.037485793 
75 171 13 18 0.03671556 
957 297 28 38 0.035938125 
39 283 40 54 0.035844095 
278 1288 33 38 0.035529505 
706 75 32 52 0.033402964 
367 128 11 12 0.032211915 
179 60 44 63 0.030922102 
842 66 15 17 0.030877536 
174 101 15 20 0.030731888 
707 461 39 50 0.030327499 
323 157 30 31 0.030224811 
171 84 25 36 0.02929677 
533 157 17 20 0.027155962 
341 223 25 33 0.02659025 
532 111 14 17 0.025352923 
706 7 31 37 0.025246108 
908 128 27 34 0.025077209 
440 377 38 41 0.02494321 
421 390 17 21 0.02457237 
160 44 46 66 0.02447001 
683 21 34 39 0.024414796 
147 24 48 65 0.024412517 
149 64 35 38 0.024301631 
271 9 143 147 0.023998464 
388 317 38 44 0.02397576 
471 100 10 12 0.023826525 
505 216 51 68 0.023584124 
358 226 15 22 0.023530746 
360 192 13 18 0.023413619 
398 159 46 52 0.02339531 
594 499 27 29 0.02333843 
203 214 15 24 0.023041582 
777 73 16 21 0.022795813 
614 69 23 35 0.022412749 
324 225 32 40 0.022290766 
833 54 24 28 0.0221113 
930 -1 31 26 0.022067225 
805 40 25 28 0.021874338 
392 232 28 41 0.021792341 
125 261 27 39 0.021527272 
943 154 37 51 0.021453511 
535 201 19 22 0.021177027 
745 219 30 43 0.021095686 
528 195 20 22 0.020992003 
289 219 39 48 0.020949153 
375 330 42 53 0.020855667 
339 202 25 31 0.02076646 
900 104 16 22 0.020743325 
159 90 44 55 0.020401387 
78 577 15 20 0.020345947 
222 25 226 240 0.020273376 
143 79 33 33 0.0201086 
