21_Festival_Festival_21_331
105
745 225 57 71 0.99951684 
349 291 48 60 0.99842834 
237 276 30 38 0.99716514 
264 271 32 40 0.99682176 
58 364 40 48 0.99096 
156 410 85 98 0.98791194 
163 282 19 23 0.98047847 
662 276 53 60 0.97485614 
142 317 26 29 0.9617164 
520 299 28 33 0.95760953 
887 239 24 38 0.8854313 
459 269 12 17 0.64039093 
992 268 32 40 0.3958216 
423 303 26 34 0.35904887 
716 294 34 48 0.2383765 
497 292 16 19 0.20685445 
620 316 27 30 0.19184098 
303 394 37 40 0.18511723 
476 281 15 20 0.1597964 
453 268 22 28 0.15434928 
680 291 50 57 0.14901528 
854 214 27 34 0.13293205 
576 271 8 11 0.12614822 
865 314 37 44 0.12257684 
611 327 29 34 0.11880048 
465 273 21 28 0.11019406 
467 321 28 30 0.105288625 
995 289 29 35 0.10337049 
482 285 21 24 0.08940818 
974 259 42 52 0.08278083 
650 280 30 36 0.078393 
137 318 41 46 0.0711493 
505 299 29 34 0.0688098 
502 319 16 22 0.06316145 
958 281 14 20 0.056965996 
406 290 38 45 0.055389065 
865 218 28 36 0.054237206 
123 328 45 52 0.053005893 
0 297 18 40 0.05237231 
613 333 13 17 0.04759251 
974 340 12 15 0.04706207 
928 269 12 14 0.047036488 
444 260 26 30 0.045199905 
866 233 38 54 0.045046125 
467 344 15 18 0.044680603 
140 308 18 23 0.043945696 
468 319 18 20 0.043351818 
1001 305 21 25 0.04327389 
457 269 38 47 0.04321405 
866 333 27 37 0.042183124 
376 134 35 44 0.042157855 
618 295 41 50 0.03943802 
1 283 39 71 0.039174095 
462 330 29 35 0.038742725 
643 287 24 32 0.038145896 
789 223 36 46 0.037257347 
959 275 22 30 0.036764108 
490 362 29 38 0.036393363 
534 302 20 24 0.036225133 
696 257 46 55 0.035416886 
863 205 27 31 0.035144296 
494 298 26 31 0.03229998 
438 265 17 20 0.03143469 
550 268 11 12 0.031184 
990 238 14 16 0.030808534 
487 309 27 32 0.030166907 
962 334 48 60 0.030105414 
253 278 32 39 0.02952681 
654 456 14 18 0.02929975 
79 362 34 40 0.02858623 
605 273 16 21 0.02779271 
568 270 9 11 0.02747358 
619 341 17 22 0.027243992 
268 290 30 39 0.027174493 
841 213 27 38 0.02670554 
380 286 43 51 0.025488257 
207 481 33 40 0.025350828 
485 267 14 17 0.024540408 
555 305 16 20 0.024359342 
101 338 46 54 0.024059474 
908 233 27 34 0.024008097 
564 288 15 18 0.023853295 
611 340 17 22 0.023639228 
625 336 17 22 0.023569323 
891 229 32 41 0.023528358 
152 319 33 33 0.023521246 
431 291 38 46 0.023511676 
990 305 35 41 0.023426412 
1008 281 15 20 0.023334766 
451 286 18 22 0.023292076 
607 369 45 57 0.022787467 
999 201 11 15 0.022715831 
483 275 14 19 0.022629933 
987 284 19 22 0.022560118 
104 370 42 49 0.021732995 
491 304 17 21 0.02142782 
871 297 31 38 0.02140102 
148 291 15 17 0.02125342 
875 305 19 22 0.021146107 
483 306 16 20 0.020988526 
413 282 26 32 0.020953296 
211 329 26 35 0.02063872 
334 271 41 57 0.020549677 
116 270 23 32 0.020109957 
467 299 14 18 0.020020312 
