21_Festival_Festival_21_340
653
701 293 13 16 0.6962375 
593 256 10 12 0.6464643 
252 358 14 20 0.6100084 
62 291 411 484 0.59423184 
361 263 10 12 0.5392426 
416 232 10 12 0.53038406 
462 263 9 11 0.47291782 
171 371 15 21 0.47217414 
566 264 8 11 0.46798387 
101 321 11 14 0.44701257 
706 239 9 10 0.3864345 
237 338 12 17 0.32324412 
472 248 9 12 0.31649256 
561 267 11 14 0.31329378 
481 231 10 12 0.30701992 
429 283 11 14 0.30485988 
400 223 8 10 0.29743484 
456 232 9 11 0.29274285 
73 343 8 10 0.27970678 
96 318 12 15 0.27287477 
479 262 11 15 0.26916552 
441 262 9 12 0.2626384 
660 279 10 12 0.26157007 
440 267 10 13 0.25467214 
310 244 9 11 0.2527753 
55 304 8 11 0.24465638 
380 238 9 11 0.2382836 
97 280 9 11 0.22736734 
222 338 13 18 0.22486353 
582 294 12 17 0.22236954 
121 302 11 13 0.22204119 
454 278 12 15 0.216748 
73 277 8 10 0.20143293 
328 255 8 10 0.20142913 
399 253 9 11 0.19979279 
177 285 10 14 0.19246686 
143 275 8 11 0.18520889 
335 260 8 10 0.183829 
77 343 9 12 0.1824702 
318 301 13 15 0.17910689 
445 253 11 13 0.17587012 
655 262 9 11 0.17438012 
237 277 8 11 0.17021486 
551 263 10 12 0.16774249 
128 352 10 13 0.16123426 
23 349 10 14 0.15555942 
622 260 10 12 0.15342963 
503 259 11 16 0.1507334 
142 304 9 12 0.15063488 
167 263 9 11 0.1490014 
368 231 8 10 0.14697918 
230 327 10 13 0.1432474 
126 325 9 12 0.1405666 
124 270 8 11 0.13827038 
87 304 8 10 0.1360652 
49 302 8 10 0.13549368 
659 334 12 14 0.13472383 
167 331 10 13 0.13176806 
294 264 10 11 0.13163763 
22 344 8 11 0.13005309 
30 351 10 13 0.1277249 
352 247 8 11 0.12679003 
182 343 11 13 0.123445086 
165 354 11 12 0.12328301 
71 372 10 12 0.12287686 
78 287 8 10 0.122728586 
119 309 10 13 0.12110058 
20 354 12 16 0.11951074 
695 253 8 10 0.11853588 
736 246 8 10 0.11829295 
168 269 8 10 0.11779983 
191 280 9 10 0.11626313 
79 309 8 10 0.115716554 
94 363 9 11 0.11530764 
617 261 10 11 0.11524924 
80 305 8 10 0.11509899 
174 347 13 15 0.114809155 
329 239 8 10 0.11398658 
266 298 13 16 0.11375089 
306 276 9 12 0.11367146 
56 332 9 12 0.11104249 
111 270 8 11 0.11099462 
189 342 10 12 0.10830133 
166 256 8 9 0.10790943 
120 317 9 12 0.106405124 
61 333 8 11 0.10628301 
396 143 27 29 0.10578619 
241 302 11 14 0.10563167 
351 239 8 9 0.10561888 
351 310 10 12 0.10429847 
137 310 9 12 0.10343711 
383 271 10 12 0.102123156 
71 349 10 13 0.101891086 
142 287 9 12 0.101499125 
73 273 7 10 0.10148178 
607 278 9 12 0.10067354 
382 233 7 9 0.10010403 
136 255 9 11 0.100063145 
62 319 8 10 0.10002926 
708 242 10 12 0.09947576 
227 338 15 18 0.098908305 
144 358 11 14 0.09632292 
205 350 10 13 0.09593951 
176 265 8 10 0.094468884 
655 270 9 11 0.091538094 
89 363 9 12 0.09081653 
136 318 9 12 0.09070337 
557 60 12 14 0.09002517 
351 252 8 10 0.089980945 
375 315 12 15 0.08925977 
278 291 10 13 0.08916311 
559 255 7 9 0.08861705 
85 308 9 11 0.088368446 
73 286 8 11 0.086920045 
63 356 9 12 0.08659921 
112 255 8 9 0.084113136 
290 262 8 11 0.08410448 
56 271 8 10 0.084084995 
81 317 8 11 0.082736336 
85 263 9 10 0.08225034 
33 343 9 12 0.08156293 
304 271 8 11 0.08138144 
552 256 9 11 0.0798974 
220 302 10 13 0.079890445 
333 240 9 10 0.07914799 
238 273 9 10 0.0785264 
152 247 6 8 0.07630505 
167 246 7 9 0.07582515 
78 333 7 10 0.07577238 
135 293 8 11 0.0756857 
183 264 7 10 0.073964685 
537 255 8 11 0.073368296 
47 325 8 12 0.07318753 
356 247 9 10 0.07309 
378 270 8 11 0.07300939 
200 358 10 12 0.07295964 
488 309 11 14 0.07272535 
193 257 8 9 0.071353324 
142 260 7 9 0.0706901 
125 264 7 9 0.07049974 
304 310 11 15 0.07030684 
222 276 8 11 0.06998577 
63 293 9 11 0.06914262 
330 260 8 11 0.06856031 
75 387 15 21 0.06818522 
20 332 10 13 0.06799037 
41 304 7 9 0.06790526 
161 351 10 13 0.06733193 
335 244 8 11 0.06653121 
327 277 8 10 0.06561522 
655 285 9 12 0.06520084 
610 273 7 9 0.064934745 
49 332 10 13 0.064902715 
176 239 8 9 0.06470326 
127 319 9 12 0.0645781 
71 291 9 12 0.06435178 
192 241 7 8 0.06417539 
430 313 12 16 0.06383349 
322 254 7 10 0.06362292 
101 283 8 10 0.06344585 
701 232 21 24 0.063253984 
208 263 8 9 0.0629718 
433 222 9 11 0.06278498 
310 271 8 11 0.06199084 
312 302 10 14 0.061617743 
161 254 8 10 0.061540976 
309 315 11 15 0.06112412 
191 262 8 10 0.060927473 
120 287 9 11 0.06085587 
319 321 14 18 0.060299993 
774 93 43 63 0.059891135 
77 278 8 11 0.05971671 
309 308 11 15 0.059593763 
37 341 8 12 0.05930217 
329 247 8 10 0.058934387 
704 260 10 13 0.058450356 
198 248 7 9 0.058318283 
74 335 8 10 0.057838507 
536 259 10 14 0.057782523 
611 277 10 12 0.05766519 
365 279 8 11 0.057421952 
319 295 12 14 0.057219665 
388 271 11 12 0.057112698 
476 246 11 13 0.057078943 
75 309 7 10 0.056579277 
222 353 12 16 0.056571886 
146 240 7 9 0.056412976 
48 297 7 9 0.05585595 
321 307 15 17 0.055523764 
736 253 10 12 0.05541106 
168 367 14 17 0.055167392 
307 246 8 10 0.055166792 
296 255 8 10 0.055110946 
741 247 8 10 0.054792047 
298 331 15 19 0.054587 
24 309 8 11 0.054548867 
613 271 9 10 0.05449593 
78 292 8 10 0.054434307 
172 333 11 14 0.054297116 
126 331 10 13 0.054187085 
233 287 10 10 0.053780552 
543 262 10 13 0.053763073 
272 270 8 9 0.0537259 
279 279 8 11 0.05352857 
30 304 8 10 0.05342061 
97 271 8 9 0.05315151 
438 214 8 10 0.05295966 
545 267 10 13 0.052282955 
392 239 8 10 0.05211901 
301 264 8 10 0.051969368 
183 325 10 13 0.05194391 
398 236 9 12 0.05186326 
127 296 9 12 0.051717527 
627 284 12 14 0.05149233 
344 254 8 11 0.05134307 
391 255 10 12 0.051330596 
199 263 8 9 0.05109531 
602 279 9 11 0.051046923 
496 260 13 17 0.050836626 
377 242 10 13 0.05069074 
199 342 9 13 0.05061831 
416 272 9 11 0.0505027 
79 328 8 11 0.050054464 
352 314 11 15 0.050026942 
160 248 7 8 0.049751632 
310 322 12 15 0.049673475 
182 332 11 13 0.049532175 
672 239 8 10 0.04939621 
197 254 8 10 0.049219675 
78 367 8 11 0.048805024 
61 327 9 12 0.0487824 
566 312 23 32 0.048658963 
233 273 8 11 0.04853368 
584 275 11 13 0.048476245 
320 288 9 11 0.048428237 
176 281 8 10 0.048394296 
141 319 8 12 0.048327558 
735 259 9 11 0.048304353 
279 241 8 9 0.048092835 
152 240 6 9 0.0480323 
783 237 57 73 0.047866877 
375 232 9 11 0.047711644 
293 294 9 13 0.04770319 
721 285 9 11 0.047580514 
338 224 7 9 0.04725143 
201 348 10 13 0.047223188 
277 272 8 9 0.046875417 
565 44 10 13 0.04684711 
678 246 8 11 0.0466051 
121 294 10 12 0.046366524 
504 274 12 15 0.04622292 
65 342 8 11 0.046085525 
18 342 8 11 0.04601849 
737 284 10 13 0.045879778 
723 269 11 12 0.045771394 
73 328 9 11 0.045738284 
418 233 12 16 0.0456091 
721 276 10 12 0.04557626 
233 239 7 9 0.04539832 
403 253 10 12 0.045074422 
103 367 9 11 0.044937935 
327 271 8 11 0.044913657 
320 270 8 11 0.044719476 
381 244 10 12 0.044624094 
678 285 8 11 0.044373654 
121 275 9 11 0.044322137 
289 258 7 9 0.044284645 
376 262 9 12 0.044214595 
734 242 9 10 0.04411965 
22 287 8 10 0.044047236 
695 339 14 18 0.043921825 
399 217 9 11 0.043715615 
384 254 9 11 0.04328698 
287 279 8 10 0.04323412 
246 295 10 12 0.043216377 
249 286 9 10 0.042977907 
437 274 11 15 0.042739693 
30 309 8 10 0.04272805 
453 255 10 12 0.042322528 
96 264 7 9 0.042220145 
459 235 11 13 0.04218976 
591 251 16 22 0.04202844 
761 261 9 11 0.041984845 
357 317 11 15 0.041911233 
61 303 8 10 0.041738354 
135 323 9 13 0.041640874 
125 308 11 14 0.041578405 
46 320 8 10 0.04141318 
49 279 8 10 0.041357405 
160 238 7 9 0.04128244 
26 302 9 12 0.041217208 
205 342 11 15 0.040960588 
673 246 9 11 0.04095756 
137 288 9 11 0.040841997 
514 239 9 10 0.04070259 
239 294 9 11 0.04060605 
708 256 10 11 0.040552072 
169 278 8 10 0.040182695 
349 278 8 10 0.0400938 
264 265 7 9 0.040021263 
50 308 8 10 0.03992364 
204 392 13 19 0.039903343 
97 332 9 12 0.039899044 
216 307 10 13 0.03987116 
222 295 8 10 0.03975188 
232 262 7 9 0.03971845 
197 279 8 10 0.039699342 
456 270 11 13 0.039695714 
537 50 11 14 0.039657366 
31 319 8 11 0.039601605 
40 320 9 11 0.039458152 
360 256 9 12 0.03930986 
272 277 9 12 0.039193124 
289 237 8 10 0.039065804 
313 264 8 10 0.038941458 
425 327 11 15 0.038870223 
160 232 7 9 0.038868513 
381 309 12 16 0.03881902 
273 285 10 13 0.03860937 
194 246 7 8 0.038604703 
424 278 11 15 0.038537506 
688 247 9 11 0.038400322 
678 279 9 11 0.038314532 
349 231 9 10 0.03817662 
470 260 11 14 0.038025666 
101 311 11 14 0.037963733 
423 254 8 11 0.03794891 
192 270 8 10 0.037819806 
63 262 7 9 0.03780312 
677 252 8 11 0.037552997 
225 328 10 13 0.037438594 
175 300 10 13 0.03737815 
730 240 8 10 0.03736635 
24 317 7 11 0.03724574 
180 352 13 15 0.037164286 
96 313 9 11 0.037142903 
303 254 8 10 0.03706437 
290 268 9 11 0.03702382 
183 320 9 12 0.036965482 
730 246 8 10 0.036767326 
199 286 8 10 0.03673181 
278 312 14 17 0.036315527 
25 294 8 11 0.03622091 
175 317 9 11 0.03613462 
62 362 10 15 0.035961278 
45 262 8 10 0.035712328 
369 235 9 11 0.035676077 
103 271 8 10 0.035549365 
391 147 15 18 0.035531286 
33 285 9 11 0.035460662 
454 299 11 13 0.03527639 
137 272 9 11 0.035249844 
231 291 11 12 0.03524833 
136 303 9 12 0.03518947 
672 254 10 12 0.0351716 
472 220 8 11 0.034904733 
472 277 9 13 0.034860156 
749 271 9 11 0.034683023 
70 379 14 19 0.03462724 
697 298 9 13 0.034604866 
59 264 7 9 0.03455177 
81 257 7 8 0.034377597 
366 307 17 19 0.03432885 
577 292 12 17 0.034181792 
22 327 9 12 0.034137633 
71 257 7 9 0.034088176 
662 239 9 10 0.033967786 
279 256 8 9 0.03395943 
311 284 9 11 0.03388046 
319 264 7 10 0.03370614 
651 332 22 28 0.033692047 
184 281 8 10 0.03360431 
513 316 11 16 0.033575855 
55 370 11 15 0.033519793 
276 297 13 16 0.033480577 
512 245 9 12 0.03344487 
240 330 17 21 0.033366702 
122 355 11 14 0.03332166 
119 255 8 9 0.033187725 
390 260 11 12 0.0331068 
255 278 8 11 0.033002846 
56 286 8 10 0.03299544 
965 349 11 14 0.03269509 
335 230 8 10 0.032684434 
541 254 10 12 0.03262169 
271 265 8 9 0.03260377 
353 262 8 10 0.03256804 
726 263 9 11 0.03253638 
236 326 13 17 0.032490518 
516 320 13 20 0.032430463 
162 270 8 10 0.032339305 
168 309 11 15 0.03230432 
71 262 7 9 0.032259677 
439 209 8 10 0.032131672 
198 362 10 13 0.032108445 
480 224 9 10 0.032086622 
508 254 11 15 0.03184769 
55 278 8 10 0.03183243 
387 313 15 18 0.03178082 
463 256 10 12 0.031723224 
207 310 9 11 0.031652898 
358 257 18 23 0.031650685 
761 256 8 10 0.031648543 
432 269 11 13 0.031532727 
48 271 8 10 0.031260405 
263 269 8 10 0.031153962 
105 249 7 9 0.03111938 
345 276 9 11 0.031070074 
112 262 8 11 0.031041766 
678 240 8 10 0.031033862 
205 269 9 11 0.031033708 
448 299 10 13 0.031009706 
58 320 7 9 0.03098157 
447 294 10 13 0.030876154 
441 247 10 12 0.03078806 
111 250 7 8 0.030749887 
721 254 8 10 0.030718211 
590 269 10 12 0.030625153 
396 325 14 20 0.030517653 
434 285 12 14 0.03047753 
327 286 8 11 0.030293573 
188 325 9 12 0.030137192 
649 271 10 12 0.030089568 
625 280 10 13 0.030075183 
405 247 9 11 0.030004825 
74 304 7 10 0.029989189 
110 317 9 13 0.029815275 
57 295 7 10 0.029775023 
448 275 11 13 0.029734006 
416 254 9 11 0.029708786 
446 214 8 10 0.029614866 
173 310 9 12 0.029547963 
941 366 11 14 0.029406128 
163 262 7 10 0.029354375 
58 355 10 15 0.029344156 
655 256 9 11 0.029267287 
358 240 8 10 0.02915772 
183 239 8 10 0.029054388 
450 230 10 12 0.029048052 
232 320 10 12 0.02903884 
421 270 10 12 0.028930036 
478 257 19 25 0.028895782 
134 339 10 14 0.028889708 
350 303 10 13 0.028883407 
257 264 7 9 0.028849937 
77 355 10 13 0.02875975 
480 329 9 12 0.028738104 
592 28 10 12 0.028720057 
540 31 11 13 0.028699473 
184 245 7 9 0.028672742 
670 261 9 11 0.028648144 
287 294 10 13 0.028643461 
135 247 7 8 0.028512832 
344 304 9 11 0.028482428 
351 271 8 10 0.028271824 
133 362 13 17 0.028214399 
319 320 24 27 0.028136475 
174 327 10 13 0.027992213 
175 375 18 22 0.027974969 
496 158 9 12 0.027966667 
216 287 9 11 0.027819056 
565 257 9 10 0.02780038 
216 256 7 10 0.027700402 
184 256 7 10 0.027696576 
105 253 8 10 0.027681988 
424 261 9 11 0.0276559 
62 270 8 11 0.027647411 
153 254 8 10 0.027542464 
702 255 11 13 0.027475698 
648 286 12 13 0.027472243 
527 23 8 9 0.027404882 
562 259 17 22 0.027337123 
540 36 13 16 0.027326996 
535 286 11 13 0.02728106 
330 233 7 10 0.027264029 
65 289 7 10 0.027194032 
679 270 8 11 0.027171148 
371 298 14 19 0.027126916 
198 300 10 13 0.026934518 
104 348 10 13 0.026916094 
176 245 8 9 0.026665684 
167 240 8 10 0.026644064 
345 247 8 10 0.026625713 
247 280 8 10 0.026589122 
21 374 10 15 0.026528602 
183 269 8 10 0.026523555 
202 232 6 8 0.02639656 
39 335 9 12 0.026393086 
274 246 7 9 0.026361458 
365 284 10 11 0.026258837 
87 269 7 10 0.02622915 
422 245 9 12 0.026199123 
391 299 11 14 0.026148187 
173 281 19 23 0.02606283 
307 332 13 17 0.026037034 
312 295 11 14 0.026021138 
199 270 9 10 0.025997004 
176 338 20 23 0.025901198 
703 232 10 10 0.025870813 
190 319 9 11 0.025838323 
345 307 12 15 0.02582056 
367 225 8 10 0.025692265 
320 240 8 9 0.02568365 
121 241 7 8 0.025614772 
646 276 12 14 0.02555487 
598 237 8 11 0.025381066 
216 294 9 12 0.025230248 
258 270 8 11 0.02515735 
269 294 22 25 0.025139477 
40 280 8 11 0.025114505 
391 329 13 16 0.025026107 
598 269 8 10 0.025020717 
218 273 8 11 0.02496009 
106 322 11 15 0.024897048 
535 37 10 14 0.024876792 
391 246 9 12 0.024820961 
206 287 8 10 0.024808541 
707 286 10 13 0.024730569 
425 279 19 22 0.02466566 
540 285 12 14 0.02465837 
135 388 13 16 0.024652705 
87 279 8 11 0.024597546 
180 290 9 13 0.024548035 
87 318 9 12 0.024522027 
278 244 7 10 0.024455156 
94 302 8 10 0.024305148 
285 286 9 11 0.024292063 
72 316 9 12 0.02427271 
461 223 10 11 0.02421995 
312 251 9 11 0.024188276 
111 275 8 11 0.02416503 
125 361 14 16 0.02414876 
57 351 9 12 0.024144672 
361 231 9 10 0.024102742 
380 321 13 16 0.02407385 
229 335 22 27 0.024000412 
661 200 106 114 0.023952993 
465 245 9 12 0.02381532 
718 246 10 12 0.023811152 
94 274 18 23 0.023755938 
146 246 7 8 0.023731362 
355 309 12 16 0.023715232 
572 263 10 12 0.023661576 
120 247 8 9 0.023622852 
30 381 11 17 0.023550952 
507 267 10 15 0.02353289 
96 254 7 9 0.023497239 
149 271 8 11 0.023486368 
128 246 7 10 0.023468459 
31 336 10 13 0.023468297 
574 268 10 14 0.023428963 
489 303 10 14 0.023426674 
715 238 11 11 0.023407819 
597 28 10 12 0.023406086 
135 241 7 8 0.023327248 
128 241 7 8 0.023319753 
182 301 9 13 0.023290234 
239 262 7 9 0.023208866 
263 302 13 19 0.023195162 
178 232 7 9 0.0231861 
125 350 20 24 0.023069417 
238 315 12 15 0.023061575 
334 287 9 12 0.022917895 
162 331 11 15 0.022874929 
629 365 14 17 0.02285464 
494 253 12 17 0.022846825 
280 262 7 9 0.022831332 
206 334 10 13 0.022760153 
216 241 7 8 0.02275662 
431 227 10 12 0.02275595 
892 328 14 18 0.022749787 
542 278 10 12 0.022709776 
167 292 9 12 0.022682525 
357 299 12 16 0.022603408 
264 240 7 9 0.022588938 
39 310 8 9 0.022556525 
511 229 11 13 0.02254468 
581 288 11 14 0.022494318 
537 248 8 10 0.022409504 
294 287 8 11 0.022404173 
471 268 10 13 0.022342008 
306 311 20 24 0.02233882 
609 262 10 11 0.02232612 
529 88 33 53 0.022325184 
183 224 7 8 0.022324156 
245 271 9 10 0.022264278 
221 287 9 11 0.022238856 
336 292 9 12 0.022222552 
361 283 10 11 0.022216111 
41 268 8 12 0.02216876 
209 257 8 9 0.022167042 
345 230 8 10 0.022149708 
563 52 13 17 0.022112558 
273 241 8 9 0.022041496 
296 247 8 10 0.022033231 
274 254 7 9 0.02203242 
636 335 29 36 0.022025105 
84 349 10 12 0.02197679 
489 295 10 12 0.021965763 
485 251 12 15 0.021953464 
735 292 9 11 0.02194804 
199 310 9 11 0.02192231 
471 284 10 15 0.021910617 
225 240 6 9 0.021858072 
770 203 96 130 0.021845724 
346 239 7 10 0.021803211 
688 302 9 11 0.021763055 
510 33 9 12 0.021626731 
233 245 8 10 0.021594638 
342 223 8 10 0.0215905 
102 341 10 13 0.021534989 
688 335 24 29 0.021524379 
679 263 7 9 0.021501122 
535 266 10 14 0.021479977 
87 256 8 9 0.021377454 
142 351 19 25 0.021365358 
395 222 9 10 0.021138677 
397 268 11 14 0.021041024 
205 300 10 13 0.021028684 
704 279 10 13 0.020965971 
141 385 13 17 0.020962285 
30 293 8 11 0.020937508 
527 39 10 13 0.020807901 
671 270 8 10 0.02071837 
79 272 7 9 0.020717049 
652 291 10 12 0.020688578 
407 229 11 13 0.020688435 
88 296 7 9 0.020654947 
239 256 8 10 0.020634014 
159 293 9 10 0.020547345 
575 276 10 13 0.020498734 
732 217 98 111 0.02049463 
594 249 9 11 0.020480463 
626 261 11 13 0.020475334 
533 50 23 28 0.0204667 
263 275 10 13 0.020463951 
696 259 10 11 0.020430336 
129 230 7 9 0.020310327 
661 271 10 11 0.02030909 
456 224 10 12 0.020283548 
177 223 7 8 0.020273246 
126 339 12 17 0.020269345 
343 287 9 12 0.020257698 
317 328 15 20 0.020218858 
36 357 8 13 0.020214306 
485 247 10 12 0.020189162 
126 287 9 11 0.020170422 
334 277 8 11 0.020151965 
600 40 11 13 0.020128543 
257 248 8 9 0.020123238 
253 316 12 14 0.02011555 
559 249 8 11 0.020056607 
574 286 11 14 0.020043211 
