21_Festival_Festival_21_585
359
121 332 23 30 0.9715621 
26 258 14 18 0.8808882 
255 338 19 23 0.84297824 
58 349 19 24 0.80287343 
181 337 21 26 0.7946038 
201 317 15 21 0.74452573 
214 290 14 18 0.73917204 
116 285 14 17 0.73675966 
22 236 11 15 0.73277205 
309 325 14 19 0.63576007 
292 243 13 17 0.5867415 
198 244 12 16 0.57067776 
79 285 11 15 0.52568656 
124 304 16 20 0.5230444 
17 302 14 16 0.47393757 
20 354 17 21 0.47323287 
52 206 8 11 0.45601198 
251 307 17 19 0.40117717 
32 208 10 12 0.3485956 
59 257 14 16 0.34198755 
67 229 10 13 0.31869245 
19 326 18 22 0.30817297 
7 207 10 14 0.29963103 
52 235 11 15 0.27736503 
111 238 10 11 0.2703718 
132 281 14 17 0.2509182 
288 531 14 16 0.24322379 
267 261 12 15 0.23512647 
182 255 10 13 0.22181217 
71 200 9 11 0.21888435 
93 198 8 10 0.21367902 
0 346 12 21 0.18633518 
95 257 12 15 0.18178016 
47 289 13 16 0.18025376 
566 54 35 35 0.17996418 
198 192 7 10 0.16539736 
366 521 11 15 0.1621645 
49 231 10 13 0.15669607 
251 277 12 15 0.1540792 
79 220 10 12 0.14353286 
324 531 9 13 0.142911 
153 195 9 11 0.13574068 
175 191 8 10 0.13406062 
158 240 9 12 0.13114454 
129 205 8 10 0.12241854 
161 176 8 10 0.11833245 
102 212 9 12 0.116890304 
121 165 9 11 0.11625691 
76 280 12 15 0.11619105 
53 285 12 16 0.11339681 
594 57 29 33 0.110682756 
117 198 8 10 0.10615174 
61 276 12 16 0.10315381 
100 255 12 14 0.100212365 
353 509 10 12 0.0982782 
119 192 8 10 0.09764136 
127 175 9 10 0.096390806 
505 494 9 12 0.095238715 
79 243 11 13 0.09357506 
231 250 12 15 0.092103094 
142 262 11 13 0.091300264 
270 526 12 15 0.08996742 
124 283 13 17 0.08848792 
561 551 8 9 0.08652794 
347 493 11 13 0.084392965 
20 461 15 18 0.08433854 
217 245 10 13 0.08185625 
61 182 8 11 0.080354765 
263 232 9 11 0.07822437 
70 276 11 15 0.07590477 
1 349 18 29 0.0758105 
810 421 73 105 0.074961945 
550 560 7 9 0.07320277 
53 355 25 31 0.07118876 
156 192 9 11 0.069682226 
80 215 11 13 0.06828677 
369 62 23 38 0.066265315 
62 234 12 14 0.06602063 
249 415 17 20 0.065992646 
168 254 9 12 0.06491921 
341 519 10 13 0.06468917 
207 371 15 18 0.06391256 
192 322 22 26 0.06379309 
442 542 11 15 0.06375946 
165 175 9 11 0.06348719 
192 343 17 20 0.06311095 
84 214 11 12 0.061519627 
176 254 10 13 0.060789645 
192 402 24 32 0.06028251 
253 272 10 12 0.060100373 
498 180 10 13 0.05921469 
565 540 10 12 0.059058715 
190 168 9 10 0.059030604 
32 182 8 10 0.05891711 
264 254 9 13 0.05876444 
248 271 10 12 0.058698207 
499 444 11 13 0.0582022 
166 181 8 10 0.056710046 
73 169 8 10 0.056579202 
182 183 8 10 0.056495156 
264 265 12 15 0.056269456 
194 195 9 11 0.05604278 
-1 396 12 22 0.05564556 
233 497 13 17 0.05452596 
160 214 8 10 0.054480467 
77 205 10 11 0.05377892 
190 316 17 20 0.053205147 
206 183 8 9 0.05251388 
128 180 8 12 0.052025996 
78 168 9 10 0.051796183 
301 510 11 14 0.05146488 
175 230 10 12 0.05115195 
358 517 13 15 0.051065475 
559 52 27 30 0.050944507 
87 206 9 11 0.050645377 
64 224 10 12 0.05055574 
429 534 10 12 0.04989639 
251 317 18 21 0.049762182 
0 282 11 18 0.04953788 
269 306 14 17 0.049249906 
232 239 10 12 0.049186952 
68 234 11 14 0.048956122 
153 238 9 11 0.045373663 
143 466 33 34 0.045184392 
61 267 13 17 0.04509493 
78 313 15 20 0.044727318 
53 211 9 12 0.044350777 
207 176 7 9 0.04408188 
565 558 8 10 0.04397181 
310 526 9 11 0.0438273 
95 230 9 12 0.04346283 
88 168 8 9 0.04335598 
237 247 11 14 0.04319178 
351 515 11 14 0.042865977 
191 174 8 9 0.042581737 
476 535 10 12 0.042324573 
549 566 8 10 0.042115796 
316 282 13 17 0.041412406 
552 533 8 11 0.041400667 
18 315 17 20 0.041058432 
31 196 11 13 0.04047854 
65 197 10 12 0.040163208 
78 295 14 17 0.040003467 
559 50 15 19 0.03997624 
142 247 9 11 0.039840598 
274 550 13 14 0.039552137 
47 223 9 11 0.039478526 
561 542 10 13 0.039416857 
144 181 9 10 0.039276358 
119 288 19 24 0.03915901 
159 365 22 28 0.03915489 
135 200 8 10 0.039098404 
248 590 57 58 0.03905298 
70 224 10 12 0.0384666 
108 252 12 14 0.038325954 
88 260 11 15 0.03789113 
104 245 11 13 0.03767347 
333 544 10 12 0.037594866 
283 402 15 17 0.03735788 
144 164 9 10 0.037344284 
201 182 7 9 0.03728013 
87 173 9 11 0.03712072 
408 -20 367 430 0.036983237 
110 278 16 19 0.036874715 
93 415 17 24 0.03676563 
464 510 11 12 0.036635604 
196 310 16 21 0.03634446 
76 200 8 11 0.035613917 
176 184 9 10 0.035522964 
144 237 8 10 0.03518874 
232 183 9 10 0.034937534 
55 313 14 20 0.034649674 
53 201 10 11 0.03426763 
545 575 8 9 0.034260146 
111 150 8 11 0.03420676 
360 74 40 58 0.03415736 
336 523 12 14 0.03409202 
15 243 12 16 0.033931505 
289 241 11 14 0.033827487 
113 206 8 10 0.033335987 
95 205 8 11 0.032892607 
435 508 12 14 0.032865465 
561 567 9 13 0.032841884 
176 338 17 20 0.032814283 
97 213 10 12 0.032720894 
574 567 8 10 0.03238692 
217 296 14 17 0.032332085 
191 239 13 16 0.032114048 
238 175 8 10 0.03192465 
24 195 9 12 0.03187815 
359 517 20 24 0.03163523 
105 238 10 12 0.03147431 
37 182 9 10 0.031421952 
449 517 10 12 0.031404786 
541 550 8 9 0.03127545 
560 518 7 10 0.031129258 
60 309 14 17 0.03058128 
278 238 10 12 0.030516779 
151 182 7 9 0.030354422 
110 267 12 14 0.030160679 
205 344 16 21 0.030146658 
127 278 13 17 0.030110905 
62 189 8 11 0.029985318 
170 191 8 10 0.029879816 
9 355 27 31 0.029742049 
310 386 16 18 0.02956266 
153 244 10 13 0.029400602 
574 36 29 37 0.029338442 
578 59 34 39 0.029331386 
266 331 17 21 0.029102746 
212 460 12 16 0.029038068 
130 288 16 20 0.028928341 
34 211 11 13 0.028884761 
100 264 14 16 0.028873982 
246 245 11 14 0.028852997 
121 172 9 11 0.028609768 
12 251 12 16 0.02852009 
190 250 11 15 0.028283233 
119 244 10 13 0.02811709 
3 277 12 16 0.027872575 
348 501 13 15 0.027806057 
286 549 14 16 0.027795738 
447 509 11 14 0.027484871 
429 192 12 15 0.027434712 
186 167 8 11 0.0273456 
760 98 32 43 0.02727612 
117 310 16 21 0.027216509 
48 201 9 11 0.02717028 
437 494 10 12 0.027115643 
69 300 12 15 0.026962161 
25 182 9 11 0.02694375 
222 250 11 14 0.026935866 
273 301 15 18 0.026882784 
454 510 10 12 0.026808795 
44 471 22 27 0.026732234 
142 199 8 10 0.026694076 
53 297 12 16 0.026693294 
40 289 13 17 0.026672626 
199 231 10 12 0.02662805 
200 176 8 10 0.026619362 
298 245 12 14 0.026537327 
62 223 18 23 0.026504159 
117 298 17 21 0.026409589 
270 295 11 15 0.026402 
88 191 8 11 0.026258646 
143 176 9 11 0.026211312 
269 322 15 19 0.026195152 
121 467 34 39 0.026148077 
542 544 8 11 0.026082417 
520 446 9 11 0.026079403 
65 311 20 26 0.025956977 
323 282 11 14 0.02589544 
48 241 12 15 0.025887761 
895 101 13 16 0.025843047 
94 160 9 11 0.025808254 
183 247 10 13 0.025742302 
89 254 10 14 0.025594855 
305 525 10 12 0.025329063 
311 279 13 17 0.02529865 
583 509 8 10 0.025145406 
138 261 10 13 0.025125116 
319 263 10 12 0.025006877 
147 301 16 20 0.024957139 
220 371 18 22 0.0249245 
516 460 11 17 0.024865026 
102 230 10 12 0.024822293 
209 373 21 26 0.024743367 
2 210 9 13 0.02467598 
551 271 15 21 0.02465329 
550 582 8 11 0.024536343 
48 226 17 22 0.02431385 
175 195 8 11 0.024257194 
111 174 7 9 0.024221355 
152 176 8 10 0.02411971 
404 175 23 27 0.024104258 
233 175 8 9 0.023996634 
68 254 12 15 0.023990646 
159 251 10 13 0.023955354 
63 214 9 11 0.02395075 
264 341 17 21 0.023874274 
161 158 8 11 0.023834677 
181 190 8 11 0.023786593 
72 243 12 14 0.023744866 
568 520 8 10 0.023696048 
302 327 24 31 0.023661101 
15 189 9 12 0.023518791 
274 338 14 19 0.023355728 
239 229 11 13 0.023274038 
134 175 8 11 0.02317341 
30 217 12 15 0.02311745 
94 166 9 10 0.022950377 
447 501 11 13 0.022922529 
168 166 8 9 0.02290196 
45 297 14 17 0.022871887 
115 239 10 11 0.022849893 
553 529 6 8 0.022775196 
22 223 10 13 0.022754293 
527 520 8 10 0.02265461 
110 335 27 33 0.02264562 
472 540 10 12 0.022621714 
216 173 8 10 0.022573326 
608 59 20 27 0.022566283 
542 525 8 10 0.022416117 
239 182 8 10 0.022376185 
277 253 10 13 0.022358134 
247 337 17 23 0.022342974 
566 566 9 12 0.022330366 
412 526 10 13 0.022313388 
55 265 13 17 0.02231177 
25 241 14 16 0.022273745 
198 159 9 10 0.022073265 
561 535 8 11 0.02200571 
601 41 26 38 0.022001848 
127 462 14 20 0.021948716 
319 269 10 11 0.021883411 
512 526 8 10 0.021836307 
309 541 10 13 0.021793755 
438 476 14 17 0.021716084 
271 199 7 10 0.021694575 
8 244 12 16 0.021670675 
7 238 10 12 0.02163194 
477 190 14 18 0.021566387 
96 143 8 11 0.021474173 
120 252 10 13 0.021411058 
17 230 10 13 0.021380607 
438 502 10 13 0.021377383 
450 136 9 11 0.021327145 
350 525 13 15 0.021321483 
121 183 8 10 0.021276264 
165 215 8 10 0.021140039 
545 568 8 10 0.021034762 
46 189 9 11 0.020950895 
36 189 10 14 0.020871399 
125 189 9 11 0.020859951 
138 304 19 26 0.020859474 
215 184 8 10 0.02084858 
354 528 17 18 0.02083586 
148 472 19 22 0.02083233 
248 268 21 25 0.020823985 
413 532 10 13 0.020745965 
39 229 10 13 0.020652538 
48 200 17 23 0.020613085 
166 160 9 10 0.02058697 
174 175 9 10 0.020580288 
86 265 11 15 0.020559678 
60 242 12 15 0.020504963 
55 157 9 11 0.020489193 
149 159 9 11 0.020450875 
158 261 10 12 0.020406527 
223 174 8 10 0.020319251 
334 531 10 14 0.020314857 
469 502 11 13 0.020254608 
234 388 16 19 0.020251725 
259 302 15 17 0.02022194 
255 251 10 14 0.020218754 
818 403 56 75 0.020160696 
409 3 27 28 0.020152511 
70 213 10 11 0.020099804 
319 526 18 23 0.020020109 
