21_Festival_Festival_21_777
143
576 469 18 21 0.8755158 
671 485 15 18 0.6963145 
494 473 19 21 0.61922777 
905 520 16 18 0.431746 
257 390 34 45 0.1786159 
687 465 13 15 0.17565997 
587 475 12 16 0.16765006 
916 446 16 18 0.15021192 
495 447 11 15 0.12950365 
573 499 13 16 0.10631993 
911 376 14 17 0.10462361 
529 470 13 16 0.09799955 
863 444 14 18 0.093559936 
656 522 11 15 0.09234756 
859 157 15 20 0.078696184 
725 581 16 17 0.07586581 
701 517 12 14 0.07580469 
856 148 25 34 0.07384051 
144 98 389 535 0.070864655 
674 479 14 18 0.069828086 
852 524 12 14 0.06783983 
1015 44 8 12 0.067415416 
696 519 12 14 0.06731723 
776 571 11 13 0.06482212 
663 479 9 14 0.062071938 
857 59 9 14 0.059233442 
590 481 12 15 0.056149423 
468 378 107 136 0.054213952 
687 492 10 14 0.053961404 
725 560 11 13 0.052458532 
590 454 11 14 0.052074008 
567 476 10 15 0.04999416 
596 482 11 14 0.048172224 
311 13 42 63 0.046034336 
904 53 14 19 0.044278827 
919 491 11 13 0.043926183 
720 559 10 12 0.043185666 
639 476 12 15 0.042905983 
546 533 9 12 0.042680718 
847 521 11 14 0.04048365 
257 257 60 73 0.04030808 
445 485 13 16 0.03966161 
257 6 40 61 0.03927257 
1014 124 9 14 0.03874885 
860 56 8 12 0.038264174 
27 557 15 26 0.03801473 
840 519 8 11 0.037216906 
844 588 13 15 0.03602301 
868 412 14 18 0.035869636 
753 491 18 21 0.03545978 
1014 203 9 14 0.035438694 
916 523 12 16 0.034941375 
13 555 27 41 0.03396894 
572 462 15 18 0.033952124 
516 468 11 14 0.033912376 
578 494 13 16 0.033449426 
579 463 14 17 0.033318534 
685 484 11 15 0.033291448 
557 99 396 547 0.03326 
825 591 9 11 0.033236243 
683 591 7 9 0.03268814 
655 512 11 13 0.03265211 
340 666 15 16 0.031859193 
688 584 8 10 0.031699903 
485 480 13 16 0.031622157 
872 396 11 14 0.030932054 
489 452 11 14 0.030693388 
335 125 343 481 0.030439101 
884 32 12 16 0.029255 
640 527 9 12 0.029201007 
479 566 8 10 0.028945189 
512 546 9 12 0.02860786 
269 14 22 35 0.028523242 
640 534 9 12 0.02830286 
514 462 12 14 0.027865695 
257 496 40 55 0.027756207 
877 21 24 34 0.027708832 
642 640 7 9 0.027621068 
744 597 10 14 0.027505012 
738 582 12 14 0.02741995 
607 482 10 13 0.027251665 
551 669 11 13 0.027250754 
730 565 11 12 0.027105264 
766 567 10 12 0.026929403 
903 528 14 15 0.026520103 
606 470 10 13 0.026453534 
725 570 16 18 0.026344832 
656 532 11 14 0.026166921 
644 534 10 12 0.02571186 
661 508 12 14 0.02559526 
16 182 8 11 0.025581779 
686 588 8 11 0.025514292 
870 406 12 16 0.025449306 
679 468 13 15 0.025440512 
497 543 9 10 0.025426596 
664 598 7 8 0.025420489 
214 464 12 16 0.025407877 
669 471 11 12 0.025274755 
567 508 14 16 0.025168546 
874 133 26 36 0.024827892 
664 461 10 12 0.024787243 
971 174 26 32 0.024727948 
694 454 11 12 0.024573052 
575 479 13 17 0.024479888 
722 261 27 33 0.024204649 
615 605 9 12 0.02403971 
657 516 14 16 0.023822268 
712 502 9 11 0.023618393 
720 588 11 13 0.02354389 
670 516 10 12 0.023274196 
861 588 12 15 0.023132121 
486 466 22 25 0.02282395 
860 0 86 110 0.022521615 
624 478 11 14 0.022432946 
964 155 17 22 0.022320202 
222 675 12 12 0.02225039 
641 600 8 9 0.022168797 
834 354 14 17 0.022157814 
663 502 11 14 0.021797262 
669 509 11 13 0.021782644 
892 73 22 35 0.021686861 
860 601 12 15 0.021515973 
900 509 25 31 0.021376029 
654 492 11 14 0.021282578 
664 471 9 12 0.021238053 
512 430 10 12 0.02122203 
747 376 24 30 0.021162936 
709 510 9 13 0.021136032 
748 387 48 57 0.021119 
598 454 10 14 0.021105498 
671 542 9 11 0.020958493 
655 541 10 12 0.020926535 
535 500 10 13 0.020890875 
861 581 11 13 0.020827923 
695 514 19 24 0.02048112 
452 487 12 15 0.020441353 
543 453 11 15 0.020351743 
568 461 12 15 0.020343374 
748 398 26 30 0.020289624 
479 471 11 13 0.020113604 
573 454 12 14 0.020104036 
894 545 31 37 0.020080995 
125 409 11 15 0.020001175 
