21_Festival_Festival_21_943
254
738 191 9 10 0.8234242 
112 194 12 16 0.7035843 
807 190 9 12 0.6256055 
888 180 10 14 0.62134486 
293 187 15 17 0.5724466 
353 179 9 13 0.5164615 
761 184 8 12 0.47532037 
69 195 11 13 0.46640846 
492 190 8 11 0.42734805 
831 196 9 11 0.40012947 
134 195 9 12 0.35384685 
153 196 9 11 0.30714455 
938 199 8 9 0.29558322 
544 187 10 12 0.26777437 
711 192 12 14 0.25300968 
548 183 12 14 0.24543963 
256 189 8 12 0.22644451 
191 196 9 11 0.20959954 
104 180 10 15 0.19246593 
260 188 12 16 0.18769227 
214 189 8 11 0.16784266 
169 192 9 10 0.16618395 
855 197 8 10 0.16453974 
811 190 10 12 0.16024357 
157 198 9 11 0.15753247 
398 188 13 14 0.12744509 
129 191 11 12 0.12710246 
400 216 9 13 0.12439751 
592 437 13 15 0.12403141 
85 189 11 13 0.117961206 
186 190 8 12 0.113146715 
640 197 9 12 0.108453035 
597 430 13 15 0.10792322 
693 219 12 15 0.10648634 
167 196 9 11 0.106104665 
765 187 9 12 0.10406295 
325 191 9 12 0.103684746 
319 190 11 14 0.10179992 
385 185 8 11 0.10163154 
687 220 13 16 0.09975748 
648 197 9 11 0.09891509 
519 184 8 11 0.09873512 
239 168 9 12 0.09625405 
231 185 7 10 0.09489949 
109 231 14 16 0.09142262 
800 195 11 13 0.086602226 
1005 222 9 11 0.08422526 
911 278 27 28 0.08336006 
882 179 9 14 0.08308996 
173 191 9 10 0.08281662 
253 184 10 13 0.08230216 
741 193 9 13 0.0821707 
569 192 9 10 0.07787401 
814 196 8 10 0.07629965 
337 188 9 12 0.07560857 
118 231 9 12 0.07515905 
617 228 10 14 0.072294764 
997 199 9 11 0.07177661 
168 223 9 12 0.07038803 
976 207 9 12 0.070357844 
276 184 12 17 0.070126526 
250 184 8 11 0.068245955 
514 183 7 10 0.06650604 
224 185 8 10 0.065614924 
257 194 9 12 0.065410405 
637 222 13 18 0.06458938 
270 185 13 17 0.06421335 
238 198 9 12 0.06397389 
304 173 9 12 0.06337801 
399 195 12 15 0.06315406 
93 189 11 14 0.062525414 
64 190 12 15 0.062459137 
827 198 9 11 0.061754115 
508 197 10 13 0.0610582 
943 223 7 9 0.060000345 
214 185 10 11 0.05997262 
898 337 17 20 0.058498863 
619 223 10 13 0.057834808 
513 189 9 11 0.057558067 
835 196 9 11 0.05753873 
662 442 15 16 0.05742918 
155 192 11 12 0.0574159 
81 191 8 12 0.056727882 
868 301 30 31 0.055618864 
622 442 15 17 0.055021707 
558 183 8 11 0.05489158 
214 214 9 12 0.054835826 
567 217 10 12 0.053724032 
525 190 9 11 0.053261634 
701 207 11 14 0.05261756 
236 189 10 11 0.051832303 
420 187 12 17 0.051575072 
352 185 9 12 0.051434103 
391 188 9 12 0.0512002 
997 204 9 11 0.050629996 
209 196 10 11 0.04979924 
945 230 7 10 0.048760414 
1014 214 8 11 0.04835692 
505 182 8 10 0.0474304 
193 202 9 12 0.0473013 
798 205 10 12 0.046962775 
602 425 12 15 0.04658229 
300 181 12 17 0.046268392 
169 213 9 12 0.044665303 
893 185 9 13 0.04451477 
109 253 14 17 0.044115793 
311 187 10 14 0.043126523 
239 219 10 14 0.04284629 
664 227 12 15 0.04165803 
100 203 13 17 0.041257743 
873 191 9 12 0.04053384 
189 186 10 12 0.04030043 
1000 215 8 10 0.040278565 
935 215 8 11 0.040053044 
344 182 10 12 0.039881255 
98 210 13 16 0.039516784 
745 224 10 13 0.03919725 
1008 203 11 13 0.03919393 
792 238 8 10 0.037592415 
334 238 9 13 0.037294067 
86 183 11 14 0.036524594 
647 201 11 14 0.036404926 
341 187 9 12 0.035992835 
851 197 8 10 0.03597431 
652 192 9 11 0.035970934 
700 240 16 17 0.035961494 
54 181 8 12 0.03594486 
753 183 9 11 0.035862043 
285 182 15 19 0.03575939 
184 185 9 11 0.03549221 
525 182 9 12 0.03538832 
679 217 23 26 0.03476658 
699 219 12 14 0.034515616 
209 184 9 12 0.034265313 
774 183 9 11 0.034246903 
630 219 25 30 0.034222554 
642 236 14 20 0.033538938 
238 184 9 10 0.033157963 
104 174 20 25 0.03308181 
583 414 10 13 0.032658566 
870 294 15 18 0.032616865 
676 440 16 18 0.032540936 
727 196 10 12 0.03224785 
239 202 9 13 0.032237954 
175 185 9 10 0.031658474 
393 218 11 15 0.03163681 
492 194 10 13 0.031229464 
223 228 9 12 0.0311159 
158 203 11 13 0.031085253 
521 198 8 10 0.030917732 
166 205 10 14 0.030857155 
538 189 9 11 0.030506076 
793 223 7 10 0.030091722 
772 320 16 22 0.030010311 
638 203 10 13 0.029778425 
358 187 9 12 0.029624347 
88 189 22 28 0.029488346 
482 189 9 12 0.02937436 
197 191 8 11 0.029335696 
422 156 10 12 0.029277451 
509 204 9 11 0.029274115 
848 191 9 11 0.029059848 
208 204 10 12 0.028712587 
649 438 22 26 0.02860737 
668 439 16 19 0.02821654 
213 205 9 12 0.028181689 
885 176 17 23 0.028031824 
278 62 452 429 0.02802697 
84 234 12 18 0.028015455 
1000 227 9 11 0.027864326 
478 155 10 13 0.027488092 
299 193 13 15 0.02741958 
215 219 10 13 0.02720091 
638 215 9 12 0.027196625 
572 196 8 10 0.027104042 
172 195 11 13 0.026999954 
196 198 8 10 0.02690556 
830 202 9 12 0.02664982 
686 205 11 12 0.026553605 
773 188 9 11 0.026523605 
81 184 20 25 0.02651063 
1013 204 9 14 0.026329499 
877 188 10 13 0.026314687 
576 222 10 12 0.026276583 
398 201 10 14 0.025813915 
798 211 9 12 0.02567958 
825 203 9 11 0.025459504 
172 263 12 14 0.025272382 
781 358 12 14 0.025091898 
734 185 17 22 0.025085332 
559 187 9 11 0.024870226 
729 191 8 10 0.024802199 
943 239 9 11 0.024644434 
367 190 11 14 0.024475168 
634 198 10 13 0.024331436 
69 232 16 20 0.02414212 
222 223 9 12 0.024124803 
693 243 14 16 0.024002997 
616 218 20 25 0.02391703 
917 214 7 10 0.023857981 
501 259 11 12 0.023771273 
179 288 17 20 0.023735847 
691 214 21 25 0.023709472 
392 203 11 13 0.023664206 
929 254 8 10 0.023597954 
582 222 9 12 0.023590421 
272 178 19 26 0.023487275 
950 232 8 10 0.02345695 
394 183 21 24 0.023437135 
674 261 14 16 0.02343427 
668 221 24 26 0.02335811 
767 207 9 12 0.02329176 
913 231 8 9 0.023287842 
77 194 11 14 0.023282336 
741 185 10 13 0.023262216 
485 155 11 11 0.023149677 
715 378 17 18 0.023139108 
703 307 13 14 0.023006696 
230 245 8 11 0.022915248 
732 386 16 17 0.022634031 
588 415 10 13 0.022590522 
628 448 14 17 0.022573771 
95 216 11 16 0.022566916 
487 185 11 14 0.022540055 
862 198 7 9 0.022510175 
247 174 10 11 0.022322401 
800 185 9 11 0.022302637 
70 200 11 14 0.022236656 
0 218 17 32 0.022176877 
367 218 11 15 0.022118157 
197 205 9 11 0.022063287 
116 201 10 14 0.022055656 
504 190 9 10 0.021956807 
865 208 7 9 0.021856584 
244 167 11 13 0.021694664 
96 183 10 13 0.021622663 
142 197 8 11 0.021572998 
663 197 12 13 0.02152219 
938 221 7 9 0.021429313 
526 197 8 10 0.021392854 
168 185 9 11 0.021358125 
802 185 18 23 0.021285612 
870 215 8 10 0.021279974 
937 194 9 11 0.02127881 
621 198 9 12 0.021269988 
912 222 7 9 0.021097444 
543 194 10 12 0.020947987 
233 168 8 12 0.020800577 
62 235 12 17 0.020601261 
764 315 26 35 0.020484595 
893 227 10 13 0.020413015 
60 471 16 19 0.020373093 
793 189 8 11 0.020043278 
92 229 13 16 0.020020654 
