21_Festival_Festival_21_811
30
876 265 33 37 0.9979169 
95 347 35 39 0.9970824 
597 258 33 36 0.9888165 
750 264 28 31 0.66151 
484 268 34 37 0.4199521 
774 472 64 57 0.17524458 
539 385 23 27 0.1304684 
490 444 11 15 0.05222259 
232 392 29 29 0.051190127 
781 284 11 15 0.046031136 
376 325 28 30 0.043982208 
614 264 19 23 0.042435963 
797 463 40 42 0.038086455 
761 269 25 30 0.036269993 
371 360 30 39 0.034703754 
545 379 19 22 0.031168237 
460 261 12 16 0.028911803 
777 489 36 39 0.02855862 
757 461 112 98 0.027732603 
379 366 15 19 0.02747878 
375 371 13 18 0.026690371 
369 325 44 51 0.026623273 
555 371 14 19 0.024777757 
756 514 14 14 0.024221458 
551 309 10 11 0.02345747 
534 391 16 20 0.023415998 
801 280 9 11 0.02269068 
748 508 14 15 0.022596361 
897 565 11 14 0.021794658 
554 384 17 23 0.020943988 
