21_Festival_Festival_21_219
415
560 278 84 114 0.99159664 
769 363 11 14 0.4329741 
718 344 8 10 0.31257927 
788 359 11 13 0.25719035 
794 335 8 10 0.24855827 
839 350 10 12 0.20862587 
868 406 15 19 0.20235187 
807 359 10 12 0.19967027 
711 381 9 10 0.18477178 
807 334 9 10 0.17669198 
768 340 11 14 0.17548718 
276 548 10 13 0.17220137 
12 559 9 10 0.16327275 
847 326 9 10 0.15153182 
838 242 11 14 0.147969 
702 352 8 10 0.13417226 
832 351 10 12 0.13229935 
906 375 9 11 0.13140938 
718 348 9 11 0.12959963 
783 320 7 9 0.1278479 
294 563 10 13 0.12049483 
825 325 8 11 0.119756594 
317 540 8 10 0.119242445 
230 542 7 10 0.10974495 
706 380 8 11 0.10905105 
752 372 9 11 0.10891283 
822 302 8 10 0.10621537 
784 364 13 14 0.10239386 
774 182 8 10 0.10106635 
259 555 11 14 0.092722714 
831 320 7 9 0.09118852 
837 372 10 12 0.09115444 
800 169 12 15 0.091075055 
830 286 8 10 0.09093487 
797 335 9 11 0.09071178 
807 329 9 10 0.089102566 
753 342 10 11 0.08898867 
751 356 11 13 0.08855193 
806 342 11 13 0.08829496 
783 325 8 10 0.08795547 
812 349 11 13 0.08504969 
1012 316 10 14 0.08426822 
830 325 8 10 0.082114175 
806 349 12 14 0.08192599 
328 518 9 11 0.080064766 
734 166 10 13 0.080053605 
1014 278 8 11 0.079582624 
47 520 7 9 0.075660415 
841 296 7 10 0.0748099 
735 352 10 12 0.07468468 
982 271 9 10 0.07443942 
780 409 15 18 0.07431466 
807 318 8 9 0.07427596 
825 334 8 11 0.07421135 
272 544 9 12 0.07303269 
26 562 8 10 0.07286208 
798 403 13 17 0.07200953 
753 349 10 13 0.07188702 
145 544 8 11 0.07172634 
46 470 8 11 0.06954035 
792 328 8 10 0.06859281 
16 536 8 10 0.06831322 
785 371 11 12 0.067615 
772 347 11 13 0.06750787 
334 524 8 10 0.067443274 
762 327 8 10 0.06733566 
823 349 9 12 0.06666172 
30 561 8 10 0.06600718 
765 326 9 9 0.065689206 
840 344 10 12 0.06557774 
703 357 8 10 0.064814985 
889 279 8 9 0.0630432 
0 524 8 10 0.06288242 
788 409 14 17 0.06229954 
842 326 8 10 0.062165283 
777 318 8 10 0.061721772 
128 542 8 10 0.061711073 
698 350 9 11 0.061679896 
824 342 9 11 0.061206937 
792 319 8 10 0.06116472 
314 537 9 10 0.060752742 
848 367 9 12 0.06061858 
31 527 8 9 0.06047107 
759 335 9 12 0.060415674 
182 536 7 9 0.059468336 
309 565 9 12 0.05931752 
177 534 8 10 0.05926213 
921 297 9 12 0.059125263 
840 300 9 11 0.058072943 
918 335 12 13 0.057413667 
746 327 8 10 0.057303876 
990 246 9 11 0.056946434 
757 340 9 13 0.05680633 
729 332 9 11 0.056132685 
801 348 10 12 0.055810355 
302 561 9 11 0.055577815 
726 351 10 12 0.054874327 
863 365 10 13 0.054814257 
848 332 9 11 0.054803185 
799 341 9 12 0.05450482 
208 549 7 9 0.05367051 
830 334 8 10 0.052937396 
865 335 8 11 0.051759645 
89 549 9 11 0.051420078 
811 355 11 13 0.05093524 
226 543 8 11 0.050904848 
712 349 9 10 0.050338518 
782 351 10 12 0.05029298 
94 548 8 11 0.04958796 
729 327 7 10 0.04905993 
799 362 11 13 0.048916154 
41 519 7 9 0.048913892 
722 356 9 11 0.048906084 
17 519 7 8 0.048725285 
878 336 9 11 0.048252393 
820 373 12 14 0.048212245 
1008 145 12 16 0.048156913 
239 559 10 11 0.047959413 
829 343 9 11 0.04792807 
832 239 9 12 0.04757174 
775 312 8 10 0.047264438 
87 567 10 12 0.047233745 
992 287 8 11 0.046885163 
600 220 482 562 0.046569467 
709 329 8 10 0.04650072 
740 351 11 12 0.046325415 
832 371 10 13 0.046317153 
844 350 9 11 0.046239637 
800 313 8 11 0.046090472 
466 460 17 20 0.045563873 
922 280 9 11 0.04527179 
918 380 11 12 0.045035727 
834 264 7 9 0.0446449 
7 520 7 9 0.044431113 
804 182 10 12 0.044259444 
831 311 8 11 0.044234216 
778 324 9 10 0.044131476 
1008 247 8 9 0.044120234 
976 144 9 11 0.04410608 
800 229 8 12 0.043541294 
745 333 9 11 0.043524064 
247 550 8 10 0.043523442 
193 533 8 10 0.043307718 
831 281 8 10 0.043084785 
751 335 10 12 0.04297542 
738 372 9 12 0.042812895 
94 568 9 12 0.042767905 
792 312 9 11 0.042740718 
121 374 10 13 0.042469688 
752 182 9 12 0.042406265 
925 299 9 11 0.0422922 
758 357 9 13 0.041741602 
841 320 8 10 0.04158542 
826 240 8 10 0.04153689 
301 627 14 13 0.041399457 
289 559 9 11 0.041000392 
767 320 8 9 0.040782 
769 175 9 12 0.040671624 
69 399 9 11 0.0400931 
825 280 9 11 0.03983316 
302 536 8 9 0.039829463 
6 422 7 11 0.039735667 
906 310 8 11 0.039555024 
845 301 9 11 0.039364804 
89 544 8 11 0.038748216 
25 462 9 10 0.03856594 
815 312 8 10 0.038185216 
183 541 8 10 0.037612796 
868 270 10 12 0.03754967 
789 350 11 14 0.037539627 
1 429 8 12 0.037026063 
767 354 19 23 0.036707267 
13 553 8 10 0.036086474 
246 543 9 11 0.03589584 
773 337 11 12 0.035878055 
277 575 10 12 0.03580746 
768 200 9 12 0.035784308 
855 366 9 12 0.035521112 
263 542 10 12 0.03543962 
956 268 12 13 0.03519047 
721 320 8 9 0.035186313 
62 431 9 10 0.035125885 
713 390 10 12 0.035123795 
703 365 8 9 0.03512328 
903 303 7 9 0.035117738 
48 524 7 10 0.03507614 
983 264 8 10 0.034890153 
145 560 9 11 0.03462724 
873 340 10 12 0.034539405 
23 519 7 9 0.034513872 
1008 277 9 11 0.034421522 
311 560 9 11 0.03441208 
309 520 8 10 0.034398843 
935 405 12 15 0.034353867 
824 355 10 13 0.034324724 
838 199 7 9 0.034168575 
508 45 12 13 0.033903178 
128 537 7 10 0.033815265 
785 292 8 11 0.03358107 
435 438 18 19 0.03332309 
885 397 11 13 0.03315185 
73 377 7 9 0.03298229 
1000 261 8 11 0.032879125 
742 367 11 14 0.03287035 
200 545 7 9 0.032836944 
759 382 9 12 0.032765135 
781 340 10 12 0.032729626 
838 286 8 10 0.03268477 
709 184 14 16 0.0322376 
1009 270 9 11 0.03223005 
790 184 8 10 0.032207016 
845 342 9 11 0.032153167 
801 189 9 11 0.032128662 
17 440 8 11 0.032085244 
993 293 8 10 0.032070305 
1000 256 9 10 0.03171662 
815 318 7 9 0.03168819 
918 349 10 11 0.031602785 
71 567 8 10 0.031564005 
831 293 7 9 0.031563435 
40 463 8 10 0.031485565 
14 443 8 11 0.03139049 
698 356 9 12 0.03114678 
807 278 7 9 0.031018287 
830 303 8 10 0.030786233 
862 359 10 12 0.030671109 
902 398 8 11 0.030514585 
921 310 10 12 0.030493494 
517 451 11 14 0.030346861 
191 543 8 10 0.03029767 
985 311 9 11 0.030191993 
903 357 10 12 0.030162387 
784 286 8 11 0.030145012 
914 334 10 12 0.030137558 
352 527 7 10 0.03010876 
751 320 8 9 0.030088617 
65 552 7 9 0.02980166 
823 296 9 10 0.029778663 
706 333 8 10 0.029580867 
816 378 12 14 0.029478138 
872 335 9 11 0.02941174 
57 405 8 11 0.029163396 
87 513 7 9 0.029161157 
718 337 8 9 0.02913942 
838 262 8 10 0.029108487 
832 270 8 9 0.029043859 
742 180 10 13 0.029025858 
839 281 8 10 0.028976055 
208 528 9 10 0.028925022 
856 358 8 11 0.028906316 
72 521 7 9 0.028629536 
54 558 8 10 0.028357018 
23 431 7 9 0.02835548 
392 527 8 10 0.028311398 
813 342 11 13 0.02815745 
26 367 8 10 0.028152002 
783 183 8 11 0.028136684 
81 513 7 9 0.027912593 
709 357 8 10 0.027900934 
758 365 10 12 0.027897779 
744 342 10 11 0.027842345 
31 463 8 10 0.027827267 
1001 390 8 10 0.027803883 
13 563 10 11 0.027743876 
836 236 20 26 0.027728928 
910 351 10 11 0.027674695 
334 568 10 11 0.027647097 
789 244 8 12 0.027515225 
25 422 8 10 0.027443457 
217 551 7 9 0.027389709 
310 526 8 10 0.027352462 
79 537 8 10 0.027313393 
130 550 7 9 0.027126878 
817 394 11 13 0.027086454 
9 536 8 10 0.026944865 
1014 252 8 12 0.026910765 
97 439 8 10 0.026860278 
904 367 9 13 0.02681259 
481 427 12 15 0.026646892 
40 486 8 10 0.026564645 
118 520 8 10 0.026503034 
313 549 9 12 0.026457984 
710 333 8 10 0.026348984 
893 279 7 9 0.026175193 
326 511 9 12 0.026136786 
864 328 8 9 0.026119854 
945 240 8 11 0.026026607 
863 389 12 14 0.025970113 
88 495 9 12 0.025892416 
716 208 13 15 0.025818314 
908 318 9 10 0.025734177 
560 447 6 9 0.025688125 
703 422 9 11 0.025587112 
105 367 7 10 0.025586044 
1013 248 8 11 0.025473084 
63 377 8 10 0.025461927 
276 553 11 15 0.025435928 
772 370 12 13 0.025410863 
24 456 9 11 0.025389299 
24 542 10 12 0.025270233 
824 307 8 11 0.025178755 
897 295 8 10 0.025159473 
1007 263 10 11 0.025148172 
320 528 8 10 0.025115216 
209 532 9 11 0.025099471 
0 502 7 11 0.024988597 
784 334 9 11 0.024977002 
223 550 9 11 0.024974285 
80 541 7 10 0.024817586 
758 166 8 11 0.024806533 
785 254 9 13 0.024734987 
569 456 7 8 0.024723679 
713 396 10 12 0.024708556 
241 543 8 10 0.024464838 
961 406 10 12 0.02445615 
791 302 8 11 0.024437455 
74 542 7 10 0.024432737 
760 320 8 9 0.024420572 
840 166 8 10 0.024359807 
38 559 8 10 0.024251377 
702 344 9 10 0.024177892 
839 310 8 10 0.024159836 
32 521 8 9 0.02412588 
151 559 8 11 0.024054179 
906 150 8 11 0.024024175 
197 528 9 11 0.023875192 
528 437 8 9 0.02385484 
903 288 7 9 0.023832954 
945 142 9 12 0.02379903 
41 567 8 11 0.023799008 
775 303 8 10 0.023771727 
5 470 8 11 0.023760835 
1000 279 8 10 0.023701208 
1015 283 9 13 0.023628524 
733 328 8 9 0.023545582 
41 432 8 10 0.023391716 
757 183 9 11 0.023391485 
512 462 11 14 0.023260204 
263 564 10 12 0.023250824 
798 222 9 13 0.023228532 
517 398 10 12 0.02321493 
881 285 8 9 0.02316149 
902 350 10 12 0.022946954 
114 519 8 10 0.02291371 
81 569 8 11 0.022890383 
878 271 10 12 0.02272414 
822 367 12 13 0.022662338 
776 187 8 10 0.0226419 
533 437 8 9 0.022600805 
8 511 7 10 0.022594793 
193 527 9 11 0.022573644 
686 183 11 13 0.022546118 
899 341 10 11 0.022500504 
806 272 7 10 0.022483496 
38 367 8 10 0.02240374 
847 356 9 12 0.022397501 
990 189 9 11 0.022386117 
853 319 9 10 0.022318456 
135 544 8 10 0.022254467 
46 433 8 9 0.022165647 
787 382 12 12 0.02214192 
881 278 8 10 0.022138597 
97 365 7 10 0.02212128 
40 512 7 9 0.022120338 
998 134 9 12 0.022101939 
319 565 9 11 0.021996342 
897 287 7 9 0.021980645 
242 551 8 10 0.021895733 
816 295 10 12 0.0218646 
143 521 7 9 0.021810329 
807 380 11 14 0.02177827 
79 475 11 13 0.021762598 
454 458 24 27 0.02175415 
848 310 8 10 0.021702806 
902 295 7 10 0.021682467 
310 471 7 9 0.0216562 
88 476 8 11 0.021647349 
577 448 7 9 0.021620616 
766 336 18 23 0.021616062 
544 446 8 9 0.021603417 
824 129 7 8 0.021468444 
825 244 8 11 0.021412466 
782 354 20 23 0.02135415 
824 270 8 10 0.021294033 
330 438 9 10 0.021274172 
798 391 12 15 0.021215227 
949 346 14 15 0.02117289 
967 381 8 11 0.021161411 
98 399 7 8 0.021131504 
813 335 9 10 0.021032648 
82 550 7 11 0.021031568 
694 375 8 11 0.020984206 
687 211 13 16 0.020929879 
6 525 7 9 0.020869235 
47 438 7 9 0.020813525 
696 343 9 12 0.020783003 
770 311 8 11 0.020779628 
22 438 7 10 0.020729145 
923 327 15 15 0.02069778 
87 556 9 11 0.020656914 
329 567 9 11 0.020615948 
168 533 8 10 0.02060982 
545 442 8 8 0.020534232 
872 143 8 11 0.020461548 
271 566 10 13 0.020421753 
864 311 10 12 0.020409973 
976 319 11 12 0.02034687 
994 128 8 9 0.020328565 
232 520 9 10 0.020281522 
55 553 8 9 0.020260675 
112 479 7 10 0.020254983 
435 177 32 39 0.020173663 
801 395 14 18 0.020085074 
977 359 9 11 0.020033969 
984 398 8 11 0.020004587 
