21_Festival_Festival_21_354
45
275 157 402 533 0.999752 
767 442 61 70 0.4802412 
765 553 86 79 0.35654724 
121 43 48 62 0.12884858 
746 422 66 75 0.081487164 
641 511 34 39 0.07538541 
626 521 31 32 0.067384936 
320 517 438 494 0.066385604 
341 980 10 13 0.05966521 
61 743 42 41 0.054022375 
76 729 101 118 0.05271392 
637 669 272 283 0.051643874 
51 696 57 50 0.051629867 
-7 576 41 85 0.049043406 
657 504 27 37 0.044746455 
676 462 52 66 0.04382403 
47 613 48 60 0.04060235 
91 600 57 65 0.040442605 
142 43 57 78 0.03749775 
163 63 60 88 0.03702207 
277 952 8 10 0.035885084 
334 387 278 319 0.034577128 
97 603 33 42 0.03346096 
662 481 46 55 0.032896597 
800 446 49 60 0.032709293 
667 500 15 20 0.032459512 
617 506 49 53 0.0316335 
84 574 93 107 0.030062702 
724 430 64 83 0.028153548 
116 725 66 72 0.027356397 
694 451 60 76 0.027295332 
74 618 52 58 0.027240215 
49 718 57 53 0.025796136 
644 513 18 23 0.025430422 
586 677 450 469 0.025088016 
102 576 61 65 0.024375962 
639 488 48 55 0.024142515 
0 40 84 133 0.022480454 
822 457 27 42 0.02150049 
788 475 44 49 0.021240823 
116 716 40 44 0.021201685 
129 582 34 35 0.020896213 
84 609 32 41 0.02058967 
71 750 66 75 0.020375296 
532 480 404 412 0.020243537 
