21_Festival_Festival_21_201
183
773 307 29 46 0.9829942 
905 308 19 23 0.8999344 
677 298 24 29 0.8824875 
43 381 25 37 0.8441633 
218 429 19 23 0.77948177 
553 313 20 25 0.73326164 
276 362 17 20 0.68902767 
394 368 22 31 0.67584723 
506 350 22 30 0.5461018 
719 379 23 28 0.50480396 
12 434 13 18 0.49457926 
613 330 16 23 0.47593397 
290 343 16 24 0.42151067 
242 384 16 19 0.41279384 
403 341 16 20 0.39075622 
640 296 16 23 0.363703 
438 345 14 20 0.3492061 
377 339 15 20 0.26705474 
575 344 14 19 0.2667061 
7 58 383 475 0.26455557 
481 52 223 269 0.2621552 
665 314 12 15 0.25696588 
904 147 66 58 0.21870694 
650 328 14 17 0.16003785 
11 399 16 20 0.15951416 
389 -37 368 434 0.15921593 
246 400 21 28 0.14789473 
628 317 12 14 0.14610448 
281 350 19 24 0.14280112 
329 403 25 33 0.13552648 
603 314 14 17 0.13160989 
113 292 106 78 0.12790844 
453 319 11 14 0.120068364 
3 195 108 176 0.11177836 
13 410 14 18 0.11021352 
22 134 222 283 0.1058416 
361 392 27 33 0.10177676 
430 327 11 13 0.09867829 
405 333 15 17 0.09768009 
574 352 13 18 0.09244414 
267 377 30 34 0.090565294 
451 330 14 20 0.09021674 
596 323 13 15 0.08903561 
592 377 10 12 0.08806384 
507 337 22 28 0.087054245 
939 307 19 25 0.082018614 
619 326 13 16 0.0752088 
107 270 82 66 0.07361789 
444 338 15 20 0.07347721 
477 327 17 22 0.07248751 
890 122 103 101 0.07135137 
657 -76 397 497 0.06816354 
260 389 28 32 0.06799912 
592 324 10 13 0.061687607 
492 332 12 15 0.06017143 
980 254 28 40 0.058041185 
645 406 11 14 0.05723873 
386 345 40 53 0.057066213 
147 318 45 38 0.053375375 
639 81 111 131 0.053083356 
467 292 27 32 0.052327767 
57 241 125 108 0.05201799 
463 201 27 36 0.051250678 
446 423 38 54 0.05108261 
238 390 23 28 0.04733709 
300 372 26 30 0.04688421 
406 367 21 31 0.04647618 
602 320 22 27 0.044748086 
362 331 24 31 0.042960394 
921 140 42 41 0.04279691 
673 291 19 21 0.04262625 
400 333 12 16 0.042520486 
569 349 12 16 0.04101359 
957 107 57 70 0.040998053 
899 282 17 22 0.040720873 
633 416 9 12 0.04070509 
666 305 24 30 0.040390477 
1 424 9 13 0.0401139 
593 380 13 15 0.039935295 
-1 660 82 120 0.039821822 
-43 348 351 478 0.039257113 
661 340 14 20 0.039220892 
436 333 12 14 0.038790412 
469 226 450 443 0.037599936 
450 325 11 15 0.036452014 
575 361 12 17 0.03488177 
656 444 15 17 0.034877904 
256 400 19 23 0.03412024 
318 400 41 53 0.03409125 
771 300 15 22 0.03375719 
654 438 11 14 0.03375134 
856 383 13 18 0.033619486 
486 318 13 16 0.03314095 
498 328 24 27 0.032924917 
803 176 55 52 0.032863922 
630 358 13 17 0.03272334 
422 139 25 32 0.032435603 
610 315 12 15 0.03233278 
971 243 27 42 0.031799108 
474 104 136 146 0.0312173 
315 119 18 22 0.030795487 
582 74 115 144 0.03065014 
380 339 21 29 0.030183917 
940 83 52 70 0.029827302 
447 376 21 33 0.029800901 
346 108 29 34 0.029497245 
679 284 25 28 0.029441068 
203 433 40 55 0.029137097 
31 434 12 15 0.029085256 
416 94 107 134 0.028803168 
482 321 23 30 0.028085036 
641 125 68 81 0.028029546 
351 382 29 37 0.02770222 
899 178 49 67 0.02769865 
549 296 27 35 0.02766318 
467 379 14 17 0.027617952 
629 358 20 28 0.02760751 
350 314 46 58 0.02745923 
661 331 12 17 0.027154967 
5 429 15 18 0.027013818 
95 425 27 36 0.026988758 
916 271 23 31 0.026690515 
758 366 26 33 0.026504429 
120 331 67 54 0.026459165 
638 413 11 14 0.026394133 
667 321 14 17 0.026390016 
947 210 40 54 0.025969464 
432 339 15 19 0.025962457 
364 373 15 21 0.025865376 
319 290 12 15 0.025810108 
207 424 24 31 0.025716482 
573 298 15 18 0.025629453 
370 410 18 24 0.02561724 
453 169 49 67 0.02558308 
637 321 11 16 0.02556779 
634 300 10 15 0.025393948 
888 268 28 37 0.024601184 
226 398 13 15 0.024501698 
920 171 57 81 0.024480976 
8 410 23 29 0.024144052 
541 355 12 16 0.024135549 
328 452 47 61 0.023953127 
781 70 240 267 0.023933372 
754 300 39 47 0.02384737 
99 346 38 36 0.023773381 
471 311 28 33 0.02348248 
772 253 16 22 0.02347193 
323 128 13 17 0.023360763 
655 328 20 28 0.023026844 
202 385 17 20 0.022931563 
993 284 28 41 0.022841908 
515 333 14 19 0.022727128 
750 284 16 17 0.022535205 
228 399 26 29 0.02241663 
441 115 60 78 0.022410966 
419 369 16 23 0.022361752 
365 352 14 19 0.022310408 
670 287 14 19 0.022288108 
139 364 35 35 0.02225938 
457 325 19 27 0.022031821 
4 421 13 15 0.021921767 
492 318 14 16 0.02190888 
500 420 12 16 0.0219017 
297 336 26 31 0.021638911 
635 443 11 15 0.021367276 
659 487 13 17 0.021301866 
331 364 16 20 0.021211663 
471 326 14 19 0.021132212 
669 77 56 76 0.021040453 
523 323 15 18 0.021027489 
180 316 373 453 0.021019736 
323 417 44 59 0.021004306 
188 407 30 40 0.020858923 
371 461 43 49 0.020775605 
597 338 13 16 0.020698948 
339 207 29 40 0.020558044 
812 304 26 40 0.020514902 
366 389 42 51 0.020493027 
347 407 30 36 0.020445272 
503 339 14 18 0.02043452 
670 358 12 16 0.020413654 
310 398 28 37 0.020261088 
404 347 26 35 0.020185212 
