21_Festival_Festival_21_976
54
148 44 26 33 0.9983089 
358 69 30 35 0.9978237 
533 265 60 76 0.9975043 
814 100 37 53 0.9888819 
766 44 20 27 0.9704179 
321 15 20 26 0.96820414 
472 33 23 25 0.9555913 
525 9 19 24 0.95513815 
22 19 18 24 0.9167156 
364 3 14 19 0.8878693 
161 4 18 20 0.7832114 
878 15 20 26 0.64623886 
313 535 79 68 0.5027372 
950 5 15 19 0.19879076 
839 0 15 18 0.14641137 
834 95 34 43 0.06161087 
130 39 13 17 0.053010326 
759 47 17 22 0.04769314 
820 42 23 31 0.046604995 
872 7 37 50 0.04585787 
725 44 12 15 0.041699942 
36 221 414 557 0.04113267 
555 60 13 17 0.03462745 
851 85 29 41 0.034181867 
494 0 13 18 0.03190953 
250 252 39 39 0.031563554 
341 45 13 16 0.029919062 
298 43 16 18 0.029325996 
378 80 17 21 0.028847907 
827 46 27 34 0.028320963 
350 11 12 16 0.027418341 
2 -2 23 26 0.027209196 
0 78 46 62 0.02668922 
758 100 14 19 0.025733717 
810 45 21 30 0.025365703 
274 509 130 125 0.025234213 
888 17 16 22 0.024855841 
0 63 16 21 0.024497928 
336 0 11 12 0.024326941 
717 42 15 17 0.024168296 
842 -2 25 28 0.023060134 
407 0 12 12 0.022935241 
730 45 12 16 0.022882273 
767 39 14 17 0.021584375 
802 50 16 19 0.021482136 
822 91 31 39 0.021424027 
748 36 11 15 0.021398075 
329 13 22 28 0.02115143 
381 21 13 19 0.020939948 
902 54 14 22 0.02080942 
60 6 15 16 0.02058024 
349 19 13 16 0.020423796 
16 3 25 29 0.020372014 
347 528 75 63 0.020243807 
