21_Festival_Festival_21_562
32
611 121 49 59 0.9938718 
52 241 25 30 0.3853075 
743 235 363 447 0.3313182 
354 281 27 30 0.2951048 
402 272 26 33 0.17759162 
167 129 54 73 0.13644676 
655 336 362 496 0.11100224 
780 315 245 262 0.10175707 
937 252 50 48 0.097715355 
351 291 15 18 0.071529195 
915 225 12 17 0.068557404 
443 349 422 502 0.06560232 
525 205 9 12 0.0517018 
1009 612 9 12 0.050594345 
485 127 8 10 0.049155563 
136 142 30 47 0.044958785 
1002 366 22 45 0.035419166 
410 502 195 266 0.03328777 
210 293 29 44 0.031431895 
96 329 62 60 0.0312744 
846 397 14 16 0.030147023 
178 131 15 18 0.02903275 
1004 341 21 38 0.02824962 
970 242 27 29 0.026737595 
393 278 12 14 0.026015142 
483 140 10 13 0.025929376 
378 284 13 17 0.02543791 
822 395 13 16 0.023191122 
381 609 46 39 0.022976736 
964 251 32 35 0.022533085 
1 337 11 20 0.022060847 
167 100 55 68 0.020585142 
