21_Festival_Festival_21_414
200
282 348 28 39 0.7224618 
146 342 22 29 0.6289979 
662 366 122 156 0.4560445 
909 372 25 41 0.3844292 
587 366 61 86 0.33132935 
130 285 16 22 0.30247512 
167 319 24 30 0.20777655 
732 383 53 66 0.20180793 
106 281 16 23 0.17474157 
626 359 107 126 0.14957923 
8 337 16 21 0.14956042 
885 274 50 82 0.13604754 
983 616 36 46 0.1321052 
172 316 16 19 0.13021545 
201 300 27 40 0.12506342 
37 305 16 20 0.123392254 
511 96 47 53 0.11906121 
417 582 80 85 0.118580915 
798 343 9 12 0.117659874 
803 334 8 10 0.11534269 
227 439 40 49 0.110370755 
550 394 38 52 0.10834276 
244 88 47 66 0.103117816 
148 235 17 20 0.10253581 
792 348 9 11 0.09509287 
363 566 103 95 0.09145482 
596 336 60 78 0.087739624 
830 274 49 83 0.08382052 
831 334 9 12 0.08164737 
26 367 14 18 0.08020341 
660 227 57 77 0.07964323 
182 540 112 100 0.076710545 
948 375 52 67 0.07642725 
495 380 26 43 0.07558021 
136 283 18 21 0.07344066 
762 344 8 10 0.07286199 
784 343 8 10 0.0707943 
996 378 13 20 0.06883008 
507 359 49 65 0.0659854 
785 350 9 11 0.06486741 
810 269 79 135 0.061140023 
557 316 103 119 0.06059722 
983 375 22 29 0.05948657 
805 318 8 11 0.058727823 
22 308 15 19 0.05832897 
267 281 53 50 0.057810344 
545 364 59 79 0.05636532 
785 336 8 10 0.055569615 
816 355 12 19 0.055244785 
171 309 14 18 0.054734427 
784 316 10 12 0.054541335 
148 308 17 21 0.05359114 
347 582 67 73 0.052917443 
478 382 9 13 0.052276492 
768 309 9 11 0.05199752 
928 351 83 109 0.050404724 
456 374 9 13 0.04916011 
209 129 11 15 0.04861402 
801 326 10 13 0.04851469 
816 334 9 11 0.048330065 
549 359 31 46 0.045888815 
26 303 21 26 0.04535545 
822 340 9 11 0.045173246 
902 354 42 65 0.044218797 
789 335 8 10 0.04361808 
261 495 90 121 0.042934682 
957 396 14 19 0.042858448 
792 405 11 13 0.04250724 
956 394 56 75 0.042384006 
139 274 18 22 0.041020483 
13 312 15 18 0.041017257 
766 341 9 12 0.040844306 
712 363 83 109 0.040330045 
591 168 127 142 0.039991625 
222 79 82 108 0.03840185 
140 349 25 35 0.037863027 
85 218 16 18 0.03781686 
973 379 15 18 0.037805013 
447 390 9 11 0.037068337 
124 267 24 32 0.036458664 
823 335 9 12 0.03625211 
171 266 16 24 0.035886295 
134 261 25 31 0.03563112 
922 167 19 22 0.03543792 
802 571 113 125 0.035395585 
139 361 16 22 0.034525253 
538 301 22 28 0.034507204 
813 328 10 11 0.034083232 
817 341 10 11 0.03406336 
235 463 83 104 0.033794925 
119 247 25 34 0.03355813 
42 302 21 27 0.03341357 
164 231 13 16 0.033174925 
962 420 30 38 0.03275835 
530 309 16 21 0.032749854 
126 291 17 24 0.03268928 
23 290 10 13 0.032383785 
987 363 11 14 0.031813942 
322 40 26 27 0.031810287 
970 372 28 36 0.031079996 
487 393 12 18 0.031000827 
311 548 96 118 0.030956391 
130 314 15 20 0.03091034 
649 245 45 66 0.030781422 
140 337 19 26 0.030669436 
102 254 27 37 0.030353827 
109 257 15 19 0.030285528 
704 411 95 138 0.030256217 
176 343 24 32 0.029802037 
165 333 16 23 0.02973464 
836 277 28 49 0.029356763 
168 182 10 12 0.029293468 
792 381 10 13 0.029218823 
225 118 10 15 0.029197093 
387 249 27 37 0.029166652 
167 337 25 33 0.02910343 
768 337 9 11 0.029057093 
133 291 21 28 0.028880272 
6 317 12 15 0.028874844 
85 338 15 21 0.028832596 
230 318 14 17 0.02865556 
423 363 11 15 0.028590389 
156 230 16 21 0.028414423 
116 249 15 21 0.028328989 
564 339 13 15 0.0282177 
115 280 20 28 0.027926216 
483 383 26 35 0.027870264 
887 264 88 135 0.027788838 
527 56 11 14 0.027777124 
178 281 15 21 0.027708983 
177 390 44 59 0.02761012 
961 376 26 36 0.027446548 
596 340 97 127 0.026807806 
20 319 17 20 0.02680281 
789 317 9 11 0.026752235 
132 7 381 457 0.02656228 
821 613 75 74 0.026524602 
856 290 61 88 0.026338277 
542 373 34 59 0.02618406 
37 295 13 16 0.02610953 
774 341 9 11 0.025894394 
130 265 15 20 0.025568254 
300 347 25 38 0.025510084 
428 356 10 14 0.025465941 
3 282 14 19 0.025400883 
804 342 8 11 0.025398474 
795 522 51 60 0.025319563 
780 535 105 122 0.024789738 
896 279 30 53 0.02476761 
211 222 16 20 0.024720097 
292 54 15 16 0.024606828 
760 347 9 13 0.024549779 
104 401 49 59 0.0242709 
166 300 13 16 0.024007542 
128 422 25 38 0.023652928 
775 329 8 10 0.023635162 
219 315 14 19 0.02353059 
790 326 10 12 0.023489894 
133 214 12 14 0.023234058 
470 389 13 17 0.023157088 
154 343 25 34 0.022772329 
124 198 10 13 0.022736048 
4 297 15 18 0.0226916 
31 301 13 17 0.022522612 
946 290 14 17 0.02250473 
927 365 50 66 0.022497758 
56 204 28 28 0.022460738 
799 357 9 12 0.022430815 
625 318 182 271 0.02220098 
188 337 24 32 0.021928154 
881 343 47 69 0.021770354 
156 317 25 30 0.021735057 
438 404 11 16 0.02165707 
774 366 9 11 0.021636568 
522 59 11 14 0.021613767 
944 286 11 16 0.021587506 
169 394 30 48 0.021563087 
807 357 10 13 0.021465838 
471 382 21 30 0.021402739 
774 304 8 10 0.021365577 
411 316 25 38 0.021304559 
947 385 26 38 0.02125993 
819 359 13 20 0.021223208 
193 402 54 55 0.021196226 
139 302 20 28 0.021148643 
236 436 64 70 0.021106493 
878 159 15 18 0.02106567 
90 344 15 20 0.0209661 
493 360 30 46 0.020603657 
212 310 28 34 0.020571899 
67 198 14 14 0.020551391 
557 293 12 15 0.020542098 
971 413 32 36 0.020532284 
550 300 52 63 0.02045417 
557 334 29 36 0.020418102 
232 423 33 39 0.020321133 
91 266 28 35 0.020249076 
485 401 12 19 0.020236097 
206 353 14 17 0.020233676 
237 105 34 41 0.020014066 
