21_Festival_Festival_21_42
2808
140 1277 16 18 0.9935866 
626 1332 14 18 0.9863625 
764 1195 12 17 0.97133833 
755 1316 13 18 0.96669644 
772 1223 14 18 0.96630913 
800 1287 15 20 0.9651235 
899 1205 14 18 0.9650558 
703 1290 14 19 0.9647704 
593 1162 15 18 0.9610283 
2 1187 13 19 0.9598033 
19 1165 12 16 0.9455814 
640 1259 12 16 0.9444023 
157 1083 12 16 0.9309066 
683 1269 13 16 0.9287273 
173 1219 14 18 0.9278211 
669 1289 13 17 0.9273853 
696 1318 16 19 0.91876686 
538 1283 13 18 0.9118556 
63 1225 13 17 0.90676147 
37 1274 15 18 0.89749354 
58 1266 14 18 0.8929885 
252 1321 15 18 0.8914162 
773 1317 15 19 0.8866655 
294 1146 14 18 0.8860054 
645 1148 12 15 0.8846131 
839 1055 9 12 0.8835921 
104 1332 15 19 0.8681022 
917 1134 10 13 0.86498606 
78 1327 13 16 0.86091805 
147 1150 12 15 0.857959 
727 1177 13 16 0.8569112 
75 1273 14 17 0.856046 
616 933 9 13 0.8507797 
260 1029 12 15 0.8466886 
700 1076 11 14 0.8464275 
204 980 12 15 0.8458551 
159 1268 13 16 0.83802205 
171 1037 12 15 0.8161119 
767 1276 15 18 0.8042857 
97 1166 13 17 0.79755 
207 1014 13 15 0.7895284 
742 1195 12 15 0.7818414 
601 1267 13 16 0.77772015 
48 1212 12 15 0.7751259 
110 1257 13 17 0.77151793 
660 1328 14 18 0.7658192 
124 1091 12 15 0.76395017 
253 982 11 13 0.76391757 
81 1227 11 15 0.7588323 
875 1326 15 19 0.75152475 
727 1274 13 18 0.74901897 
793 1013 9 12 0.7423847 
252 942 11 12 0.7415314 
557 975 10 13 0.73931044 
149 1114 13 16 0.7319159 
229 1054 10 13 0.7226936 
700 1191 14 16 0.71991414 
867 1174 10 13 0.7163652 
47 1235 14 16 0.7162455 
340 1039 12 14 0.70741826 
101 1292 12 15 0.7061381 
591 1206 13 16 0.70073503 
709 1218 13 16 0.69806737 
629 896 10 11 0.69750243 
177 1012 12 15 0.69210553 
663 1261 13 16 0.6900347 
19 1101 12 16 0.6825093 
199 1085 10 14 0.6770272 
175 1160 14 17 0.67431265 
972 1045 12 16 0.6647142 
0 1316 12 20 0.63898647 
22 1050 12 15 0.62377864 
38 1072 11 13 0.6163386 
363 992 11 14 0.61597484 
311 835 8 11 0.6021767 
688 1101 10 14 0.59951746 
874 901 9 12 0.59525716 
687 997 12 15 0.59518087 
248 1142 11 14 0.59412616 
582 843 10 13 0.5885151 
607 885 10 12 0.58786494 
643 1173 11 15 0.5868651 
255 917 12 15 0.5811265 
632 870 9 11 0.5747013 
339 1221 13 16 0.5672066 
61 964 9 11 0.56307566 
220 1123 9 11 0.559001 
494 1207 10 13 0.5541976 
440 963 12 16 0.5491748 
101 895 11 15 0.54807293 
319 1164 12 15 0.53903455 
277 1185 11 14 0.5378876 
801 872 7 9 0.5374238 
944 1158 9 12 0.53327745 
573 1202 11 13 0.53193617 
748 1261 11 16 0.5303044 
987 1164 13 18 0.5287191 
648 1044 10 15 0.52751 
887 1027 11 14 0.52429974 
69 1024 11 13 0.5237136 
112 1232 13 16 0.52096397 
108 1206 13 16 0.5163232 
686 1048 13 16 0.5151208 
342 1136 10 12 0.51374656 
117 923 10 12 0.51203763 
605 990 10 12 0.51018226 
126 1129 14 17 0.50752157 
823 1063 8 11 0.49763858 
655 1190 13 16 0.4917179 
256 861 10 12 0.49146348 
665 941 8 12 0.49131346 
601 943 9 11 0.4903477 
567 1064 10 13 0.48647875 
736 1101 9 12 0.48492038 
92 1068 11 14 0.48237613 
776 902 8 11 0.48141086 
711 881 10 12 0.47496942 
317 783 8 11 0.47292718 
165 1201 14 18 0.47095704 
813 1013 8 11 0.4684639 
612 1022 10 13 0.4658794 
207 1054 12 14 0.4647245 
657 1307 13 16 0.4630979 
143 867 8 11 0.4620943 
89 1045 12 15 0.45902184 
190 959 9 12 0.45545623 
327 823 9 11 0.44721997 
639 938 11 13 0.44431084 
304 1214 12 15 0.44245812 
108 1113 12 15 0.4397194 
510 806 8 11 0.43796974 
542 863 8 11 0.43704572 
272 949 10 13 0.43492827 
821 943 10 13 0.42973647 
636 1086 14 17 0.42756343 
41 1336 14 17 0.42705214 
181 994 11 13 0.4259229 
648 886 8 10 0.42345437 
118 1012 8 11 0.42301452 
240 998 11 15 0.4222372 
141 1173 12 15 0.4219804 
230 839 9 12 0.41832292 
630 1026 10 13 0.4177521 
102 1016 8 10 0.4166548 
111 1055 11 14 0.41074568 
829 948 9 11 0.40960708 
93 1097 12 16 0.40804023 
177 981 9 11 0.40753782 
710 1155 11 14 0.40585724 
381 1296 13 16 0.40534577 
859 1221 11 15 0.40383723 
668 1139 11 13 0.4002933 
99 991 11 13 0.39166933 
631 926 9 11 0.39104763 
637 1068 11 14 0.38980666 
200 1126 11 12 0.38946807 
253 847 8 11 0.38918364 
248 815 9 12 0.38845637 
725 1340 14 18 0.38823602 
733 877 9 12 0.3873602 
620 1311 10 13 0.38712656 
902 1326 15 21 0.38614985 
450 1007 9 12 0.38025057 
39 1098 12 15 0.37492782 
168 1109 12 15 0.3731157 
468 1255 13 17 0.3717694 
629 916 10 12 0.36745304 
119 1161 13 16 0.36680198 
79 1254 10 13 0.36658752 
119 1046 12 14 0.365579 
102 951 10 10 0.3649749 
0 1260 12 18 0.3648377 
695 837 10 12 0.36181492 
116 1007 9 11 0.3613008 
572 1020 10 12 0.36069027 
230 950 11 12 0.35682338 
836 1093 10 14 0.35535157 
569 966 10 12 0.35496208 
689 877 8 11 0.35494804 
120 1191 10 13 0.35395402 
222 909 11 13 0.353476 
230 804 8 10 0.352459 
277 851 9 12 0.35035872 
253 815 8 10 0.3486803 
613 958 9 11 0.3478617 
311 799 9 11 0.34555385 
255 854 9 11 0.3407944 
672 1226 12 17 0.33992594 
647 997 11 12 0.33978146 
331 1180 11 13 0.33954963 
649 846 10 12 0.33734196 
825 1003 9 11 0.3371356 
214 846 10 13 0.33713037 
101 932 10 12 0.33520916 
644 1122 10 14 0.33349055 
225 933 9 12 0.33135977 
271 941 10 13 0.3295631 
617 973 9 12 0.32852462 
63 848 9 10 0.3281535 
457 727 7 9 0.32797045 
661 791 8 10 0.32649392 
628 1197 10 12 0.32507613 
136 1062 10 12 0.32415032 
612 1230 11 13 0.32234594 
200 912 9 11 0.32147956 
393 696 10 11 0.3206989 
632 983 9 12 0.32023597 
605 997 9 12 0.31866375 
48 1054 10 12 0.31549007 
381 1221 12 15 0.31513092 
269 887 9 11 0.31436166 
218 911 8 11 0.3130011 
260 959 11 14 0.3095747 
656 1062 11 13 0.30784568 
288 916 9 10 0.3077349 
703 1103 9 11 0.30544084 
605 869 10 12 0.3041922 
591 752 9 11 0.30337027 
476 700 8 11 0.30335823 
710 896 8 11 0.2994235 
259 923 12 13 0.2990047 
689 791 8 11 0.2983687 
128 1073 11 14 0.2980354 
671 847 9 12 0.29553145 
277 831 8 11 0.29471296 
724 1166 10 13 0.29217502 
254 1011 12 14 0.29198703 
53 1060 9 12 0.29053566 
575 983 10 11 0.28999725 
0 1062 7 12 0.2860908 
790 957 8 11 0.2853439 
231 1024 10 13 0.28512666 
230 962 14 16 0.28504917 
846 976 9 12 0.28483602 
647 776 8 10 0.28308356 
393 671 7 9 0.28184095 
446 1182 14 17 0.27960688 
516 1149 12 15 0.27831632 
143 972 10 13 0.2780092 
584 1000 10 11 0.27748573 
200 795 8 10 0.2742232 
439 1146 11 15 0.27357024 
597 1246 10 13 0.27282345 
639 839 8 10 0.2722277 
225 821 9 12 0.2706138 
198 855 8 10 0.2671418 
769 938 10 13 0.26615116 
204 895 12 14 0.2659112 
696 1244 12 15 0.26496604 
200 1276 14 18 0.26493537 
701 1012 9 11 0.26300928 
228 904 10 12 0.26174343 
181 1021 10 12 0.26149774 
346 696 9 10 0.26126015 
262 909 11 13 0.26095107 
285 814 9 11 0.26080623 
583 878 9 11 0.2570819 
121 885 10 12 0.2567778 
201 1047 9 11 0.25580117 
790 949 8 11 0.25394186 
6 1054 9 12 0.2533449 
684 1072 10 13 0.2530921 
701 870 8 11 0.25298125 
134 1006 8 11 0.25274044 
78 1310 11 15 0.25078198 
600 1066 10 14 0.25068825 
288 822 8 11 0.2506559 
591 1078 8 11 0.25063923 
716 1217 14 17 0.2497509 
600 1132 9 11 0.24935941 
733 1157 9 13 0.24890193 
476 1014 9 11 0.24855663 
644 935 10 11 0.24717568 
484 1245 14 17 0.24615222 
158 1243 12 14 0.24582198 
557 957 9 12 0.2450435 
207 1007 10 12 0.24343069 
604 1125 10 12 0.24325451 
921 987 10 13 0.2423333 
294 846 10 12 0.2421908 
880 1000 9 11 0.2421677 
671 1234 12 17 0.24045536 
124 879 9 12 0.23864739 
512 1236 12 19 0.23500252 
598 1308 13 17 0.23405781 
744 909 8 10 0.23213139 
617 814 8 10 0.23210377 
580 951 10 12 0.23192808 
161 1068 11 13 0.23139925 
601 990 9 11 0.2308564 
530 702 8 9 0.230211 
712 856 9 11 0.22909598 
254 1147 10 13 0.22831567 
281 814 7 10 0.22724305 
757 1096 9 11 0.22575238 
687 1205 11 14 0.22479749 
302 814 8 10 0.22460358 
530 997 8 10 0.22456338 
440 1234 11 14 0.22421664 
262 800 8 10 0.22411762 
369 704 8 10 0.22376786 
397 678 8 9 0.22329558 
78 1008 10 11 0.22178777 
273 782 8 10 0.22113419 
677 934 10 12 0.22084202 
721 1212 15 17 0.22043064 
63 1335 11 14 0.2203779 
78 1029 9 12 0.21991622 
267 892 10 12 0.21849164 
127 998 8 11 0.21846753 
76 1055 9 13 0.21821809 
729 855 9 11 0.21812049 
207 1034 11 14 0.21789955 
627 695 7 9 0.21730255 
721 1125 9 12 0.21645232 
164 1245 12 14 0.21421552 
185 966 9 11 0.21241423 
396 1146 10 13 0.21157731 
727 860 10 12 0.21094412 
846 959 9 12 0.20956089 
695 806 8 10 0.20928581 
188 1150 12 15 0.20829268 
601 734 9 11 0.2075855 
285 1225 13 16 0.20722096 
127 991 8 11 0.20657147 
228 982 12 14 0.20646621 
164 1179 13 14 0.2064365 
751 918 9 12 0.20636652 
753 1094 9 13 0.20595446 
614 910 7 10 0.20570959 
686 871 10 12 0.20568737 
206 925 9 12 0.2044882 
565 909 9 12 0.20396216 
222 1233 13 17 0.20268576 
254 784 7 10 0.20083348 
150 912 9 12 0.20002405 
294 840 9 10 0.19819307 
693 800 7 9 0.1981016 
169 1030 11 14 0.198036 
287 871 11 13 0.19769672 
525 623 7 9 0.19748156 
69 958 9 11 0.19646719 
654 920 8 10 0.19641337 
725 823 8 11 0.19620194 
97 877 9 11 0.19524305 
287 893 10 12 0.19465426 
629 807 8 10 0.19446939 
702 1265 12 14 0.19315107 
653 925 9 11 0.19286059 
728 848 8 9 0.19201635 
572 864 8 11 0.19188581 
706 895 7 10 0.19179067 
535 1022 11 13 0.19092195 
646 781 8 10 0.19038066 
606 864 9 10 0.19030903 
199 1006 9 12 0.18974698 
161 1046 9 12 0.18964072 
133 1068 10 14 0.18920854 
43 1094 11 15 0.18828677 
673 816 8 11 0.1876614 
655 1054 9 12 0.18708347 
231 783 9 10 0.18680443 
71 1245 10 14 0.18674788 
437 1300 12 15 0.18617937 
96 885 10 12 0.1859534 
266 903 9 11 0.18579617 
724 917 10 13 0.18538116 
653 990 10 12 0.18388237 
39 1281 15 19 0.18360955 
393 1142 10 13 0.18352751 
575 1254 13 16 0.18346605 
622 783 9 10 0.18225794 
228 830 9 11 0.18197411 
605 949 8 10 0.18185239 
583 915 9 12 0.18172736 
178 1214 11 16 0.18159671 
536 1044 10 12 0.18139079 
609 1026 10 13 0.18130156 
822 867 8 10 0.18066539 
358 1025 12 15 0.17940326 
128 1228 10 13 0.17875451 
461 1326 14 20 0.17796938 
712 1085 9 11 0.1769359 
628 1229 13 16 0.17688762 
639 885 9 11 0.17534809 
55 1036 9 12 0.17498183 
747 949 8 11 0.17480305 
88 1063 12 15 0.17345604 
664 839 8 10 0.17310275 
192 1063 12 14 0.17249265 
691 839 7 9 0.17199719 
574 869 8 10 0.17172179 
672 880 9 13 0.17153285 
534 696 7 10 0.17108908 
606 879 10 13 0.17091404 
268 1004 11 11 0.17086275 
179 1133 11 13 0.17085266 
223 988 11 14 0.17015822 
351 1022 12 15 0.17003079 
465 717 8 10 0.16950427 
303 848 8 11 0.16745195 
799 966 9 12 0.16702288 
627 1215 10 12 0.16672929 
224 1009 10 12 0.1665207 
640 825 9 11 0.16554502 
406 1011 10 12 0.16542067 
223 816 8 10 0.1649933 
279 1218 13 17 0.16452341 
212 1007 10 11 0.16439134 
831 1085 11 14 0.16436191 
335 727 7 9 0.1642906 
530 807 7 9 0.16392824 
290 1260 11 16 0.1638948 
185 876 10 13 0.16374151 
601 871 9 11 0.16301388 
664 879 9 13 0.16290738 
639 720 7 8 0.16201903 
599 728 7 10 0.16069388 
702 1340 13 16 0.16067682 
104 1253 13 16 0.160654 
301 806 9 11 0.1606152 
278 878 9 12 0.16055048 
686 863 8 10 0.1603609 
128 952 9 12 0.15981136 
375 663 7 9 0.15959774 
636 1235 12 15 0.158842 
185 854 9 11 0.15708974 
317 894 8 11 0.15596387 
585 1029 9 11 0.15582848 
493 816 9 11 0.15537636 
158 872 8 10 0.15532069 
663 1135 11 13 0.15489712 
481 678 8 10 0.15438268 
677 879 9 11 0.15433055 
274 847 10 12 0.15416431 
662 820 9 11 0.1537893 
631 875 10 12 0.1535686 
397 716 9 11 0.15312673 
111 917 11 13 0.15171522 
323 1004 12 15 0.15159425 
302 711 7 10 0.15152283 
443 1142 12 15 0.15146379 
318 789 9 10 0.15072808 
585 681 7 9 0.15070151 
646 814 8 10 0.15021516 
601 663 8 10 0.15018144 
657 1313 16 19 0.1500843 
613 1244 11 14 0.14928122 
486 680 8 10 0.14926375 
249 1187 11 14 0.14889742 
95 1200 9 12 0.14884919 
143 916 8 10 0.14881775 
615 726 7 10 0.14807312 
196 1067 10 14 0.14803547 
164 1051 11 13 0.14739479 
247 1044 11 13 0.14725164 
440 1199 11 14 0.14391646 
589 1054 9 13 0.14391515 
678 803 8 11 0.1438862 
236 969 11 15 0.14323062 
213 869 9 12 0.14266859 
337 711 8 10 0.14156301 
592 1230 9 12 0.14136654 
125 1342 11 14 0.14133123 
536 680 7 10 0.14024274 
631 998 9 11 0.1401761 
437 1132 12 16 0.13996737 
45 1323 13 16 0.13991457 
93 1286 14 17 0.13990541 
607 928 9 11 0.13953802 
189 1030 12 14 0.13952154 
469 717 9 11 0.13862255 
526 1125 11 14 0.13803922 
96 1237 11 13 0.13795263 
678 854 8 10 0.13793622 
663 1350 13 13 0.13753577 
112 982 9 11 0.13726196 
310 926 8 12 0.13669565 
605 790 8 11 0.1365563 
284 989 11 15 0.13584392 
732 884 11 12 0.13503163 
24 1074 10 15 0.13455497 
238 928 10 13 0.13449182 
528 678 7 9 0.13428959 
432 702 7 10 0.13428417 
607 903 10 11 0.13424323 
223 1045 10 14 0.13394763 
528 1311 10 14 0.13369569 
7 878 10 12 0.13337867 
891 1023 10 12 0.13291128 
263 1005 11 12 0.13282676 
317 1316 13 15 0.13279821 
688 1021 10 12 0.13276559 
183 894 9 12 0.1324488 
335 1139 12 15 0.13222685 
156 1325 12 15 0.13181426 
785 1093 9 12 0.13137695 
480 1147 11 12 0.13136363 
630 783 8 10 0.13101768 
502 694 7 9 0.13062671 
566 901 9 12 0.130379 
726 828 7 10 0.13033825 
205 933 8 13 0.13024062 
472 1162 12 16 0.13011055 
621 1164 11 14 0.12965128 
648 829 9 10 0.12956102 
77 1258 14 18 0.12952228 
240 856 9 10 0.12945317 
479 663 8 9 0.12934008 
606 1003 8 11 0.12920211 
313 901 9 12 0.12893666 
573 1209 11 14 0.12889034 
296 851 8 11 0.12871906 
84 1206 11 13 0.12713121 
639 765 7 9 0.12711243 
330 773 8 9 0.1259074 
3 1254 12 15 0.12486438 
700 838 9 11 0.12464412 
726 816 8 10 0.124222554 
318 1237 12 16 0.12375632 
380 1212 14 18 0.1234908 
216 768 9 11 0.123134166 
518 607 7 8 0.12297866 
278 1143 10 14 0.12297406 
255 1020 13 15 0.1225878 
506 800 8 11 0.12244289 
661 798 8 11 0.121944755 
887 877 9 12 0.12194024 
129 1004 9 11 0.12161027 
664 761 7 9 0.12155118 
591 710 7 9 0.12121072 
432 1134 10 14 0.12115411 
728 894 9 11 0.12106654 
623 1191 12 15 0.1210102 
693 879 8 10 0.12052145 
176 1086 11 13 0.12048747 
695 813 9 10 0.120243676 
617 759 8 10 0.12017855 
744 1087 9 11 0.12009645 
478 1124 11 13 0.119808555 
705 878 8 10 0.119172156 
287 1025 12 16 0.119056106 
281 807 9 11 0.11885619 
229 933 9 11 0.1188289 
402 1014 9 10 0.11858755 
181 1244 14 16 0.11795648 
625 807 8 10 0.11772469 
205 956 8 12 0.11754077 
256 789 7 10 0.117241085 
200 936 10 12 0.1169106 
790 1095 8 12 0.11682624 
640 742 8 10 0.11674496 
90 1094 9 14 0.11670914 
533 728 8 11 0.116680436 
142 1096 10 13 0.11651234 
175 1062 10 11 0.11644504 
602 854 8 11 0.1156272 
172 1169 14 17 0.11558477 
328 816 8 10 0.11545311 
642 808 7 9 0.115383565 
515 1138 14 17 0.11506448 
646 808 8 10 0.114656426 
598 704 8 11 0.11463186 
599 933 9 12 0.11435051 
521 1260 10 14 0.114193946 
611 1069 12 14 0.11411402 
794 1344 17 18 0.11390688 
725 1118 9 12 0.11389627 
686 1199 10 14 0.11382005 
86 1157 9 12 0.11381055 
440 647 7 10 0.113749646 
542 885 12 15 0.11369574 
236 1028 9 12 0.113584906 
327 797 7 10 0.113535956 
632 790 7 9 0.113431334 
759 1125 10 13 0.1133567 
662 863 8 10 0.11321079 
627 1244 11 13 0.11316431 
648 743 8 9 0.11315881 
216 974 9 12 0.11312527 
361 775 8 10 0.112651326 
619 1125 11 14 0.112474985 
52 1141 9 12 0.11230581 
45 972 8 10 0.11223408 
326 845 10 11 0.11217754 
584 828 8 10 0.1121174 
231 1342 11 14 0.11205381 
192 911 7 11 0.11178119 
87 1196 9 12 0.11107485 
178 988 10 14 0.11097992 
325 995 13 17 0.11083788 
672 743 7 8 0.11058648 
845 856 9 11 0.11053446 
551 694 7 10 0.1104718 
232 862 8 10 0.10971436 
205 918 9 11 0.10968835 
679 938 10 13 0.10968165 
270 986 11 14 0.109652646 
637 1109 11 12 0.109471634 
238 876 10 13 0.10946734 
244 1002 11 14 0.108876094 
768 957 8 10 0.10882609 
287 736 6 8 0.10878675 
370 632 7 10 0.10842577 
280 799 7 9 0.1082734 
581 767 7 9 0.10824226 
693 824 9 10 0.1081999 
119 893 8 11 0.10796937 
604 1132 9 12 0.107902616 
570 991 8 10 0.1078596 
633 720 7 9 0.10770779 
662 815 9 11 0.10738575 
177 820 8 11 0.10720265 
531 937 12 15 0.10659356 
583 686 7 8 0.10657825 
238 1014 9 12 0.106551446 
601 904 8 11 0.10610711 
119 1086 13 16 0.10585615 
737 903 8 11 0.10562563 
176 1069 9 12 0.104836114 
405 1190 10 13 0.104118854 
304 862 8 10 0.10410338 
293 791 8 10 0.10392021 
350 744 8 9 0.103824615 
689 823 8 10 0.10349453 
199 1179 14 17 0.103194855 
31 1075 10 13 0.102891296 
271 823 9 10 0.10289032 
268 1020 10 14 0.10286067 
93 1348 15 17 0.10260968 
492 1199 11 15 0.102309555 
205 791 9 11 0.10225459 
646 910 8 10 0.10208665 
791 893 11 14 0.10205641 
222 928 10 12 0.101872146 
646 758 8 10 0.101871975 
588 865 8 10 0.10170586 
437 703 8 11 0.10167552 
152 1242 10 14 0.10163972 
590 1059 10 12 0.101582594 
687 680 8 10 0.10144988 
143 998 8 10 0.10133387 
568 998 9 11 0.101226844 
722 847 7 9 0.10076352 
697 863 9 11 0.10070648 
81 1211 12 15 0.100579746 
695 831 9 11 0.100390166 
182 974 9 11 0.10028617 
214 877 8 11 0.100263044 
230 919 8 10 0.099650346 
678 822 8 10 0.099604495 
100 1244 14 16 0.099502034 
287 753 7 9 0.0994541 
72 1059 10 13 0.09942132 
608 1206 11 13 0.09927158 
177 1127 10 12 0.09916042 
15 1050 11 15 0.098996185 
223 1039 9 12 0.0989155 
686 856 8 11 0.09890458 
527 551 10 13 0.09852739 
682 863 8 10 0.09827496 
278 776 7 10 0.09768566 
103 910 9 11 0.09754169 
543 868 8 10 0.09747466 
229 1007 9 11 0.09727196 
29 1338 13 20 0.09704985 
646 824 10 11 0.09632875 
367 1210 10 14 0.09595959 
664 807 7 9 0.09591093 
328 852 8 12 0.09571573 
184 1027 11 13 0.09558192 
392 666 7 8 0.09547646 
464 679 8 11 0.09537549 
865 877 8 11 0.09500407 
102 942 12 15 0.094853885 
364 1027 10 13 0.09475627 
118 1079 9 11 0.094665475 
625 912 9 11 0.09453679 
647 751 8 10 0.09448052 
257 800 9 11 0.09437324 
633 776 8 10 0.094352536 
526 1126 22 27 0.09424225 
744 894 9 10 0.09422455 
609 1076 9 13 0.09420331 
654 743 6 9 0.09419106 
99 1021 9 12 0.094161816 
724 1143 11 13 0.09386331 
605 1068 12 15 0.09381465 
214 785 8 10 0.093806736 
631 1005 9 12 0.093806244 
592 1237 10 13 0.09373506 
783 1291 12 13 0.093718655 
376 720 8 10 0.09346238 
624 725 8 10 0.09341484 
744 863 8 10 0.093384534 
292 892 9 13 0.09306654 
254 805 8 10 0.09194595 
668 1157 10 12 0.091884956 
239 871 11 12 0.091272555 
222 846 10 12 0.09118821 
257 760 7 8 0.091159165 
713 1236 10 13 0.09112875 
526 1148 11 14 0.09097646 
725 1111 8 10 0.09086189 
94 1074 10 13 0.09044471 
883 1200 10 12 0.09041745 
623 1156 13 15 0.09035187 
111 988 9 12 0.09026907 
110 899 10 13 0.09022256 
707 1100 10 12 0.08999598 
784 998 8 10 0.0898358 
256 913 10 12 0.08962981 
290 791 7 10 0.08954149 
626 701 7 9 0.08953056 
310 822 8 10 0.08939382 
610 711 7 9 0.08931645 
597 752 8 10 0.08927216 
575 671 7 9 0.08907025 
305 832 9 11 0.08905903 
277 926 9 11 0.08863021 
143 991 7 10 0.088544905 
630 700 7 10 0.08842192 
488 712 7 9 0.08835755 
265 823 7 9 0.08804541 
697 903 7 9 0.08788299 
648 926 10 12 0.08750975 
320 713 8 9 0.08746469 
662 900 8 11 0.08743621 
223 916 9 11 0.087392665 
293 1219 11 15 0.08723403 
573 987 10 12 0.08722389 
556 1207 9 12 0.08716274 
711 1094 10 12 0.08683282 
232 885 9 11 0.08682139 
551 503 7 9 0.0867468 
641 712 7 8 0.08662965 
438 1294 13 16 0.086467326 
444 966 14 18 0.08591326 
586 711 7 9 0.08563354 
232 880 9 11 0.08539102 
744 887 8 10 0.08526655 
311 727 7 9 0.08525869 
638 799 7 9 0.08497709 
746 1190 11 16 0.08491323 
321 717 7 9 0.084670044 
335 703 7 9 0.08466308 
257 867 10 12 0.08456636 
320 1186 11 13 0.0845211 
701 1238 10 15 0.08449351 
285 808 8 10 0.08429936 
135 1094 9 13 0.084226854 
191 1141 12 15 0.08418036 
198 1240 11 16 0.08389763 
160 1181 12 14 0.08379944 
654 840 9 11 0.08360331 
76 1247 11 14 0.083509535 
590 823 9 11 0.083478376 
326 751 8 10 0.083451055 
553 711 8 9 0.08309004 
841 1016 8 9 0.08307319 
664 1244 11 13 0.08282976 
127 963 9 11 0.08251554 
479 670 8 10 0.082379006 
750 911 7 10 0.082108065 
434 1228 11 14 0.081832334 
198 956 11 13 0.08165993 
102 967 8 11 0.081377 
365 775 8 10 0.081339955 
368 720 6 10 0.08117845 
586 789 8 11 0.08099839 
117 981 8 10 0.08097251 
0 1099 9 13 0.08086385 
272 880 8 11 0.08085561 
607 892 9 12 0.08079655 
351 959 10 12 0.080630094 
591 1142 10 12 0.08062855 
183 861 10 12 0.080590926 
273 925 9 12 0.08058756 
439 1128 10 12 0.08053796 
86 980 9 11 0.08038833 
6 873 9 11 0.08029134 
640 761 8 10 0.08028012 
147 1101 13 15 0.08014223 
327 744 8 9 0.079848155 
622 744 9 11 0.07984728 
305 801 8 10 0.07969138 
277 1176 13 15 0.079532444 
272 1140 9 13 0.079512164 
598 1038 10 13 0.07950774 
319 831 8 10 0.07937576 
105 915 9 12 0.07934612 
616 750 10 11 0.079121545 
677 886 8 10 0.07900274 
337 718 8 10 0.07898356 
593 704 8 11 0.078907914 
620 1118 11 13 0.0788747 
576 743 7 10 0.07880417 
225 1023 9 12 0.07874793 
719 860 9 13 0.07871157 
230 1046 11 16 0.07863848 
336 855 8 11 0.078627266 
592 1200 10 13 0.07860744 
675 1177 14 17 0.078540064 
333 918 10 12 0.07853555 
510 998 10 13 0.07851647 
686 684 8 10 0.07842332 
149 1018 10 13 0.078413956 
609 908 9 12 0.078372754 
652 830 9 10 0.07826887 
82 1275 11 17 0.07824128 
397 1205 9 13 0.07823348 
636 956 10 13 0.07806781 
819 1062 9 11 0.078021035 
290 840 9 10 0.07789573 
351 781 8 10 0.077784516 
174 1104 11 13 0.077727154 
663 936 9 12 0.07765939 
360 678 8 9 0.07764498 
69 1269 13 17 0.07762068 
656 895 8 10 0.07761782 
530 1138 15 18 0.07757724 
119 965 7 9 0.07753668 
602 798 9 11 0.07742018 
556 1212 9 13 0.07740977 
584 883 9 11 0.07736333 
444 1133 12 15 0.07735149 
710 1225 12 16 0.077333316 
535 910 8 11 0.077289194 
426 701 8 11 0.0772188 
591 880 8 11 0.077159524 
235 1021 11 14 0.077152796 
204 911 9 12 0.07714898 
632 744 7 10 0.07711086 
191 1133 11 13 0.07710998 
519 574 7 10 0.07705121 
297 814 8 11 0.07703608 
306 821 8 10 0.0770213 
662 1254 13 16 0.07698313 
262 830 9 12 0.076872 
309 1314 15 19 0.07680915 
177 1138 11 13 0.0767937 
542 1109 12 16 0.07665282 
400 1249 12 15 0.07656474 
236 1204 15 18 0.076562755 
599 655 7 9 0.07655262 
32 830 10 12 0.076448694 
32 1226 10 14 0.07643562 
166 1043 11 15 0.07615103 
510 615 8 10 0.07610658 
615 965 8 11 0.07608287 
556 1134 12 15 0.07564665 
294 783 9 10 0.075482704 
624 720 9 11 0.07540276 
622 750 8 10 0.075179614 
311 919 9 12 0.07511363 
649 891 8 11 0.07508915 
637 988 9 11 0.07506559 
202 975 9 12 0.07502619 
84 1190 11 15 0.075018674 
127 1120 12 15 0.07493514 
694 885 9 10 0.07490215 
623 980 9 11 0.074784 
497 725 8 11 0.07468321 
288 828 8 10 0.07464077 
607 846 8 10 0.0745234 
15 1094 12 16 0.074516356 
584 703 8 10 0.07450194 
466 712 7 11 0.07448084 
606 838 8 11 0.07446758 
601 669 8 10 0.074451655 
146 855 8 10 0.07434135 
602 740 8 10 0.0743376 
529 801 7 8 0.074311696 
292 912 10 12 0.07427392 
881 878 10 11 0.07418578 
695 1005 9 12 0.074064046 
830 1080 10 12 0.07405627 
153 1188 10 14 0.07401127 
152 870 9 12 0.073785685 
616 744 10 10 0.07368923 
334 680 8 9 0.07345075 
255 1067 12 15 0.07343842 
657 784 7 8 0.07336204 
526 1068 10 12 0.07312593 
529 1029 10 12 0.07308993 
428 1306 14 18 0.072893485 
767 951 9 11 0.07281412 
345 1085 10 13 0.07267494 
296 798 8 10 0.07244434 
334 686 7 9 0.07226464 
499 1210 11 14 0.07218209 
42 968 8 10 0.07217272 
531 1147 12 13 0.07211782 
575 688 8 9 0.07179579 
635 1076 14 16 0.07172369 
615 820 9 12 0.071691744 
253 839 9 12 0.07166418 
581 852 10 12 0.07161985 
277 782 7 10 0.07160592 
120 999 8 11 0.07155978 
158 995 10 12 0.0715241 
578 877 9 12 0.07134277 
584 718 8 10 0.07132901 
327 839 9 12 0.07129955 
394 712 9 10 0.07125077 
232 856 9 11 0.071217254 
696 870 9 11 0.07112598 
287 864 10 12 0.07103184 
81 1154 10 13 0.07093896 
844 1282 11 15 0.07093427 
229 1205 12 15 0.07091482 
520 672 8 10 0.07088366 
814 1321 16 21 0.07080717 
624 1012 10 12 0.07080362 
171 1243 14 17 0.0706754 
834 1100 9 12 0.07062919 
255 895 9 11 0.07052528 
108 1199 12 13 0.070503496 
235 959 11 14 0.07049429 
432 989 10 14 0.0704774 
314 735 7 9 0.07044449 
121 960 7 10 0.0703872 
425 696 8 11 0.07031409 
627 1221 11 14 0.07031366 
278 791 7 9 0.07026932 
633 799 7 9 0.07026387 
375 725 8 10 0.0702289 
471 735 8 11 0.0699529 
159 1062 11 13 0.069935314 
329 728 8 9 0.06990159 
145 1015 10 13 0.06990037 
376 1023 9 10 0.06988888 
837 871 9 12 0.06972936 
465 684 8 11 0.06971934 
792 964 9 11 0.06971605 
360 686 8 10 0.069661275 
574 694 8 10 0.06956078 
288 1154 13 16 0.0694956 
613 928 10 13 0.06944391 
613 904 8 11 0.06918472 
288 1070 10 13 0.069092214 
525 495 8 10 0.06903472 
646 904 9 11 0.06900305 
817 864 10 12 0.06887912 
23 1338 13 18 0.06878945 
62 1251 11 14 0.068671666 
938 1156 10 13 0.068614095 
535 877 9 12 0.06853486 
313 1251 10 15 0.068471834 
208 1102 9 12 0.06830163 
605 734 8 11 0.06824892 
280 862 9 11 0.0682073 
376 656 7 10 0.06816364 
329 696 7 9 0.06812099 
85 894 8 11 0.06811926 
260 988 11 13 0.06792174 
600 929 10 12 0.06790376 
3 1342 11 14 0.06786689 
583 871 9 9 0.06785938 
231 927 10 12 0.067765094 
857 1054 10 12 0.067702755 
114 1210 13 17 0.06768554 
688 830 8 11 0.06768104 
579 918 9 12 0.067673415 
375 709 7 9 0.067570604 
544 622 7 9 0.0675169 
560 1006 9 12 0.067485794 
221 854 9 11 0.067424186 
664 765 6 9 0.067386955 
511 632 7 10 0.067358024 
252 1341 16 19 0.06726836 
286 926 9 10 0.067182936 
150 974 9 10 0.067090556 
190 849 9 10 0.067081705 
748 942 11 15 0.067020185 
475 662 8 10 0.06699568 
415 640 7 10 0.06695681 
204 1047 12 14 0.06686601 
269 1014 11 13 0.06682847 
158 909 9 12 0.06676596 
613 884 10 12 0.06668074 
608 688 7 9 0.06659144 
462 956 10 13 0.06654682 
126 1051 9 13 0.066497035 
533 1244 10 14 0.06648166 
141 980 9 12 0.066371195 
138 917 9 11 0.06628339 
689 815 7 9 0.06616072 
194 1007 10 12 0.06588459 
403 1261 14 17 0.06570535 
151 887 9 11 0.06563923 
463 1103 7 10 0.06536698 
264 999 12 14 0.06515475 
590 1220 10 13 0.06506414 
553 1248 8 11 0.065051645 
721 840 8 10 0.0649626 
303 776 8 10 0.064958245 
270 1133 9 13 0.064843535 
361 720 8 10 0.0648041 
614 711 8 9 0.06479788 
724 1132 12 13 0.064779006 
639 879 8 11 0.06477242 
44 1069 10 13 0.06468395 
132 1118 11 13 0.06460626 
115 1060 11 15 0.064584404 
671 830 9 10 0.064583264 
615 696 7 8 0.06457049 
719 1207 13 16 0.06448938 
626 1023 10 12 0.06447059 
623 1229 11 14 0.0643088 
169 936 10 12 0.064090595 
590 679 7 9 0.06406887 
536 871 9 11 0.0639846 
327 757 8 10 0.06388118 
667 1252 15 18 0.06388107 
373 705 7 10 0.06385179 
684 1230 13 16 0.06345124 
679 1263 11 15 0.0634258 
681 871 9 11 0.06338146 
570 1198 11 14 0.06333988 
260 1066 11 15 0.06323237 
334 696 7 9 0.063229494 
609 694 7 9 0.06301715 
113 1012 10 12 0.062955864 
680 830 8 10 0.062876254 
335 814 7 10 0.06278037 
583 696 8 9 0.06276601 
600 847 9 11 0.06271072 
318 736 6 9 0.062467534 
231 1038 11 13 0.062391017 
584 1072 10 12 0.06237797 
689 884 9 11 0.06232728 
669 840 8 10 0.062319692 
917 1046 8 11 0.062282536 
787 1229 11 15 0.06206819 
615 917 8 10 0.062049445 
183 849 9 11 0.061970104 
783 1030 7 10 0.06195658 
660 1336 13 17 0.061954714 
657 1133 10 11 0.06194975 
815 966 8 10 0.061876748 
614 853 9 10 0.06185487 
664 685 8 11 0.061749507 
869 878 8 10 0.061734848 
606 1245 12 15 0.06168226 
162 1188 15 17 0.061572086 
608 1037 10 14 0.061502982 
277 983 11 15 0.061305743 
179 1226 13 15 0.061293263 
529 1313 15 21 0.06125892 
608 775 7 10 0.061192375 
639 737 9 10 0.061191257 
230 943 11 12 0.061189502 
558 822 8 11 0.0611837 
33 1091 12 15 0.061153956 
473 697 9 11 0.061019726 
288 887 10 12 0.06098834 
0 1326 11 18 0.060966413 
326 1184 12 15 0.060896534 
533 992 8 12 0.060823075 
417 1129 8 10 0.060688403 
119 942 8 11 0.060659386 
760 1190 13 17 0.060631823 
519 980 10 12 0.060604345 
762 832 7 9 0.06058461 
622 813 8 11 0.060458224 
666 1325 13 16 0.060427107 
702 812 7 10 0.060379315 
608 1085 10 12 0.0603136 
137 927 8 10 0.06031334 
632 951 10 11 0.06031268 
311 1151 9 12 0.060233697 
606 854 8 11 0.060203593 
597 766 8 10 0.06015018 
119 1019 9 11 0.060075857 
473 1126 9 11 0.05996769 
836 1053 8 11 0.05981893 
49 1047 9 12 0.059790593 
313 790 8 10 0.059781615 
377 1224 10 15 0.059529312 
166 1022 11 14 0.05952547 
569 678 8 9 0.059506893 
576 956 9 12 0.05946612 
754 1260 13 16 0.059444606 
660 1055 10 13 0.05938662 
360 662 7 9 0.05935096 
646 861 9 12 0.059249464 
337 860 8 10 0.059246037 
671 761 8 10 0.059214864 
304 752 6 8 0.059031688 
609 718 8 10 0.058970813 
295 941 9 11 0.05897013 
693 1105 11 13 0.058968894 
609 1092 8 11 0.058931492 
621 759 8 9 0.05884507 
87 1284 12 17 0.05882955 
199 860 9 11 0.058819093 
255 1253 12 18 0.05876102 
717 1157 10 13 0.058751196 
642 1091 13 16 0.058708005 
398 1197 9 12 0.058689088 
663 1075 10 12 0.05861745 
527 630 8 9 0.05850805 
537 884 11 14 0.058505513 
113 1076 10 12 0.05847751 
108 1242 15 17 0.05846656 
52 1218 12 16 0.05845395 
725 1251 11 16 0.058441717 
430 1006 8 10 0.05828852 
248 839 9 12 0.058070794 
326 1172 12 16 0.057804935 
161 1262 15 17 0.05780177 
131 955 10 14 0.05760601 
158 980 8 10 0.057562564 
489 1210 11 14 0.057522383 
225 958 11 12 0.057520285 
599 876 10 12 0.05750359 
226 838 10 12 0.057484187 
244 1202 14 20 0.05730286 
462 1126 9 10 0.05729498 
625 689 7 9 0.0572596 
283 753 7 10 0.05724238 
187 1242 13 16 0.05719868 
317 909 9 12 0.05707042 
533 749 8 10 0.05697325 
238 838 10 12 0.05693611 
88 1039 11 14 0.056890324 
673 927 9 10 0.056881 
250 788 8 10 0.056763697 
206 1068 10 13 0.056701835 
149 862 9 11 0.05668727 
866 873 7 9 0.05666172 
623 776 8 10 0.05663582 
616 774 8 10 0.056613065 
260 1012 12 13 0.056425743 
184 885 9 12 0.056416184 
636 965 10 12 0.056394853 
844 1333 12 17 0.056382418 
37 1263 13 17 0.056344584 
843 986 13 16 0.056291617 
247 854 8 11 0.05613343 
21 1057 12 15 0.056115746 
444 1127 10 12 0.05610897 
662 784 7 9 0.055834122 
728 869 10 12 0.05560254 
786 1005 9 12 0.05559861 
657 899 10 13 0.055588063 
54 1133 9 13 0.05539542 
231 758 7 9 0.05534739 
81 1195 11 14 0.05528248 
636 949 11 13 0.055217415 
312 1155 11 14 0.055136785 
668 1147 14 16 0.055081107 
36 1225 13 16 0.055034433 
686 902 8 11 0.055012323 
53 1332 12 16 0.054983526 
920 848 8 9 0.054841436 
560 760 7 10 0.05480209 
760 838 8 10 0.05480025 
775 1309 19 22 0.054780494 
214 999 11 12 0.054652195 
725 924 10 13 0.05424742 
656 878 10 12 0.054203518 
617 664 8 10 0.054163426 
672 737 6 8 0.054146323 
660 1069 11 13 0.054125592 
631 750 7 9 0.054092936 
209 864 9 12 0.054070752 
252 1136 11 13 0.054004744 
702 705 8 10 0.053930286 
273 920 9 11 0.05390241 
716 1226 13 16 0.053866237 
632 942 10 11 0.0538087 
633 760 8 9 0.053728007 
280 870 10 12 0.053712897 
54 1014 8 11 0.053696197 
588 917 8 11 0.053650215 
97 972 9 12 0.053518668 
721 1170 12 15 0.05345382 
662 1164 12 15 0.053399906 
502 689 7 9 0.053380504 
703 965 9 11 0.05335279 
570 694 7 9 0.0532994 
2 1056 9 13 0.0532529 
829 1069 9 10 0.053233236 
536 685 7 9 0.053221136 
73 1314 13 16 0.053202756 
631 975 10 12 0.053168792 
672 806 8 10 0.053097047 
107 1297 13 15 0.05298762 
113 1068 10 13 0.05295526 
665 1285 14 17 0.05288669 
358 1205 13 18 0.052773185 
350 688 8 9 0.05273374 
430 697 7 10 0.052700736 
352 777 7 9 0.052663244 
545 695 7 10 0.05264352 
70 1045 10 13 0.052642137 
615 828 9 12 0.052579552 
164 1237 13 16 0.052570146 
277 933 10 12 0.05257001 
734 847 7 10 0.0525315 
282 758 6 8 0.05251497 
248 1020 10 13 0.052372552 
311 719 7 8 0.05236732 
231 870 9 10 0.052355368 
680 894 8 11 0.052329987 
520 1124 11 14 0.052308768 
247 1052 11 13 0.052281063 
658 871 7 10 0.052246362 
374 669 7 10 0.052210722 
654 736 7 9 0.052104633 
693 1094 11 14 0.052070152 
582 647 7 8 0.052035414 
601 688 8 9 0.05202603 
366 655 7 9 0.05199737 
330 1140 10 14 0.0519872 
206 1000 10 12 0.05198445 
741 1292 13 17 0.051943418 
319 743 7 8 0.05180526 
823 1057 7 10 0.051764995 
235 1339 12 16 0.051723547 
654 885 8 10 0.051711906 
402 1008 8 10 0.051647056 
50 1242 13 16 0.051629342 
158 1248 14 17 0.0516213 
652 1158 10 12 0.051540073 
712 1242 10 14 0.051521923 
614 719 9 12 0.051514626 
274 789 8 9 0.051464554 
846 1227 11 13 0.051353082 
641 843 9 13 0.051336102 
734 1152 10 13 0.0512692 
400 1191 10 12 0.05122131 
32 1086 10 13 0.051200755 
426 996 9 12 0.051199365 
358 957 9 12 0.05114694 
551 823 9 10 0.051098917 
611 1035 12 14 0.051048633 
238 860 9 11 0.051027607 
401 788 9 13 0.051015835 
502 652 8 10 0.050999854 
94 1160 14 17 0.05097354 
718 1252 12 17 0.050962113 
303 1228 11 13 0.05090692 
606 743 8 10 0.050876573 
656 822 9 11 0.05087495 
582 1244 10 14 0.050839484 
220 973 11 13 0.05083297 
221 1093 8 11 0.050756373 
553 718 9 11 0.050685078 
424 734 8 10 0.05062005 
732 860 9 11 0.050596174 
103 1199 9 12 0.05057875 
199 1000 11 13 0.05055631 
615 703 7 9 0.050529037 
31 1101 11 14 0.05048207 
518 688 7 9 0.05037215 
634 766 9 10 0.050315976 
335 838 9 12 0.05027407 
662 870 8 10 0.050235484 
553 678 8 9 0.050234694 
639 1168 11 14 0.050192736 
54 1160 9 13 0.050168376 
233 742 7 10 0.05012591 
589 911 7 11 0.05008757 
689 955 11 14 0.050005462 
150 967 9 11 0.049903903 
577 703 8 9 0.049698535 
688 951 9 12 0.049695812 
505 622 7 9 0.04958891 
596 756 8 11 0.04948923 
628 1012 11 13 0.049345486 
661 1182 13 17 0.049324777 
567 960 10 12 0.049286924 
46 1181 11 14 0.049237132 
432 708 8 10 0.049225926 
416 645 8 10 0.04921698 
401 1172 10 14 0.049153082 
569 1015 10 14 0.04913923 
197 1037 12 14 0.049018033 
470 601 8 8 0.04900892 
169 949 10 13 0.048994135 
201 1052 10 13 0.048977803 
388 1210 12 17 0.04896878 
668 1164 11 12 0.048921943 
720 1281 12 16 0.048794262 
577 664 7 9 0.048731048 
601 838 9 12 0.048693433 
365 791 8 11 0.048642706 
502 599 7 10 0.048584532 
119 1041 11 12 0.048528552 
237 893 8 11 0.04849325 
499 1325 13 17 0.048463754 
648 841 9 11 0.04846096 
316 1152 9 12 0.048424825 
449 662 8 10 0.048423458 
574 975 9 11 0.04836229 
132 951 10 12 0.04831826 
230 1013 10 11 0.048310634 
206 1118 10 13 0.048186425 
636 894 9 10 0.048153643 
648 791 7 8 0.048126698 
68 1338 13 17 0.04811653 
757 1015 9 12 0.0480848 
521 648 7 10 0.04777707 
641 775 7 10 0.047701616 
142 1238 11 15 0.047661837 
593 776 7 8 0.047608238 
566 781 8 11 0.047603868 
551 852 12 15 0.04754813 
175 1076 11 15 0.047512975 
41 1268 13 17 0.047507647 
459 1333 15 21 0.04750391 
273 836 8 11 0.04746762 
886 873 9 11 0.04745202 
277 1006 9 10 0.047432613 
623 1235 11 16 0.047421243 
360 796 8 10 0.047363546 
297 744 7 9 0.04730358 
225 879 8 10 0.047293246 
15 1337 12 17 0.047258716 
608 1233 12 15 0.0472576 
615 688 6 9 0.04723455 
574 1192 12 16 0.047216494 
704 899 8 11 0.04719922 
456 731 9 11 0.047186986 
695 672 8 10 0.047179375 
0 1273 10 14 0.04713863 
577 647 7 9 0.04713573 
693 1020 10 13 0.047126524 
345 782 8 10 0.04707051 
253 1194 11 16 0.047039773 
144 1109 13 16 0.047023036 
615 736 7 8 0.047021206 
62 972 9 10 0.046916395 
710 1251 13 17 0.046873935 
134 1148 10 14 0.046820574 
99 1028 11 14 0.04677901 
313 752 7 9 0.0467291 
343 815 8 10 0.046705354 
280 995 11 13 0.046669256 
103 956 9 10 0.046571042 
201 448 6 8 0.04651167 
281 894 9 11 0.04644661 
714 718 8 10 0.046432227 
596 1075 11 13 0.046298765 
733 894 9 11 0.04628996 
558 815 8 10 0.04627464 
552 688 8 10 0.04624079 
567 896 9 12 0.04622599 
71 1330 13 17 0.046221387 
244 1325 16 20 0.04620991 
225 861 8 11 0.046203747 
708 1279 12 14 0.04615834 
32 824 9 11 0.04607945 
321 751 7 9 0.046064243 
329 702 6 9 0.04598891 
615 1120 10 13 0.045931008 
695 1122 10 12 0.045887414 
606 632 7 9 0.045863792 
433 1078 8 10 0.045830417 
303 783 9 10 0.045823127 
367 671 8 10 0.04579656 
86 900 8 12 0.0457857 
666 845 9 11 0.04576588 
454 1134 11 13 0.04573187 
543 1053 8 11 0.04572446 
246 1109 9 14 0.04570696 
435 987 14 16 0.045698624 
296 751 7 8 0.04558922 
330 734 8 9 0.04555412 
140 1166 14 16 0.045538895 
558 966 10 13 0.045371063 
863 852 8 11 0.045296703 
703 910 8 11 0.04525897 
320 1009 10 14 0.045242034 
325 792 9 11 0.045229238 
111 959 8 10 0.045221653 
631 671 7 9 0.045138016 
171 939 11 13 0.04509284 
701 1250 12 15 0.045069937 
181 1103 11 13 0.045062806 
574 999 9 11 0.04502449 
374 1213 12 16 0.04501259 
610 919 8 9 0.04498877 
687 1014 11 15 0.044947963 
702 844 8 11 0.04493197 
749 894 8 10 0.044907197 
686 1118 12 15 0.04484449 
642 782 7 9 0.04479748 
133 1230 9 12 0.04476252 
291 1227 11 13 0.04474356 
554 952 9 12 0.044703174 
698 719 8 11 0.04469981 
187 910 8 10 0.044643484 
613 1016 10 12 0.044619273 
724 1245 11 15 0.0445345 
489 766 7 10 0.044523824 
329 878 10 12 0.04443372 
12 879 9 11 0.044414777 
818 946 10 12 0.044373427 
935 1151 11 13 0.04433925 
876 1173 10 13 0.044264648 
282 1185 12 16 0.044237647 
606 783 7 10 0.04416188 
94 1086 10 14 0.04412366 
796 1008 10 12 0.04410882 
608 1223 10 13 0.044052698 
613 1211 10 12 0.0439895 
284 1232 14 18 0.04395711 
607 679 8 9 0.043953743 
703 1151 11 14 0.043912344 
470 1093 8 10 0.043892466 
216 926 10 11 0.043839622 
680 1204 12 15 0.04381985 
554 964 10 12 0.04374847 
677 848 9 11 0.043673355 
591 869 8 10 0.0436304 
805 1047 8 11 0.04354999 
885 1005 10 12 0.043548115 
593 1037 9 12 0.04353114 
681 900 9 12 0.04352929 
133 1139 11 15 0.04350595 
679 838 8 10 0.04350581 
267 909 10 12 0.043494526 
397 672 7 10 0.043482758 
127 1235 10 14 0.0434708 
559 678 7 9 0.04342251 
497 687 8 10 0.043388616 
752 958 8 10 0.043335542 
663 727 7 9 0.043332092 
649 800 8 9 0.043326374 
422 1132 10 12 0.04328122 
142 886 10 12 0.043205515 
632 931 10 12 0.043197673 
632 736 7 9 0.043142945 
182 870 12 14 0.04313866 
137 1178 12 14 0.04312857 
743 1092 10 12 0.04308728 
461 726 8 10 0.04304733 
640 1038 10 14 0.042985685 
391 1205 12 15 0.042979807 
623 878 10 12 0.04295861 
55 1119 8 11 0.04294633 
489 836 9 13 0.042946126 
152 1298 14 16 0.042919576 
122 1195 12 16 0.042914435 
462 734 9 10 0.042899266 
694 677 8 10 0.04288224 
496 703 8 10 0.042848278 
313 909 9 12 0.04281551 
536 1051 10 13 0.04278949 
124 1209 13 16 0.04278853 
250 946 11 14 0.042780682 
360 725 8 10 0.04276919 
839 860 9 12 0.04276631 
559 830 8 11 0.042765092 
904 1179 11 14 0.042730235 
237 886 9 11 0.04272155 
36 1342 16 19 0.042713385 
943 1169 13 18 0.042692766 
580 982 9 11 0.042562634 
520 614 9 11 0.04255486 
471 725 8 10 0.04253135 
519 653 8 9 0.042370282 
872 1291 14 18 0.042256765 
329 687 8 9 0.042226408 
535 671 7 9 0.042196453 
569 718 7 9 0.042173646 
208 876 10 11 0.04208173 
624 788 7 10 0.042074233 
740 1149 10 13 0.0420594 
840 1038 8 11 0.042054143 
318 775 9 11 0.04205035 
838 877 9 10 0.041978665 
496 560 9 10 0.04195179 
152 996 9 11 0.041888822 
143 1143 13 16 0.041888475 
302 744 7 8 0.04188823 
344 759 9 11 0.041870072 
296 1213 11 15 0.04183316 
646 881 9 11 0.041821428 
655 1183 12 15 0.041815385 
150 1092 10 14 0.041810934 
512 671 7 10 0.04173942 
638 927 9 12 0.04173101 
345 749 8 10 0.04167216 
341 711 8 11 0.041649673 
160 1013 9 12 0.04161899 
342 831 7 10 0.04158211 
161 1008 8 11 0.041528802 
273 816 8 10 0.04152257 
237 1046 11 14 0.041471228 
561 640 7 9 0.041412987 
574 1091 10 12 0.041386515 
242 816 9 11 0.041348696 
51 1207 11 14 0.041348126 
696 842 9 12 0.04134635 
527 1244 11 16 0.041342165 
893 878 7 10 0.04133898 
553 672 7 10 0.04133551 
624 711 6 9 0.041200522 
366 695 8 11 0.04117286 
760 1315 18 22 0.041133307 
717 1243 12 14 0.041118693 
725 933 9 11 0.041097548 
589 1024 9 13 0.041080415 
196 965 11 12 0.04105908 
727 971 10 14 0.04103838 
652 1141 11 15 0.04102176 
535 1017 9 12 0.04098182 
540 1124 14 18 0.04097262 
306 728 7 8 0.040953662 
585 784 8 10 0.04093653 
743 1165 9 12 0.040827956 
896 1125 8 10 0.040827923 
655 910 9 12 0.040823974 
487 718 8 10 0.040660836 
705 886 8 10 0.04064686 
614 953 9 11 0.040636215 
110 1047 12 14 0.040631365 
471 606 8 9 0.04062326 
74 933 8 11 0.040608026 
470 712 8 10 0.040597342 
465 600 7 10 0.040590074 
346 1134 11 13 0.040575158 
448 622 8 10 0.04049252 
255 820 8 11 0.040426806 
530 731 10 13 0.040392745 
622 887 8 10 0.04033942 
430 631 8 10 0.040333606 
724 1225 11 15 0.04031843 
609 728 8 9 0.040283382 
431 734 8 10 0.040275283 
327 1135 10 12 0.04017391 
53 1021 9 12 0.040162254 
792 888 9 11 0.04011422 
718 1149 11 14 0.040109072 
615 767 8 10 0.04001254 
54 1195 11 13 0.040007982 
678 928 8 11 0.039965764 
448 656 8 9 0.039955072 
98 927 10 12 0.039946944 
238 784 7 9 0.03992428 
566 640 7 8 0.03992152 
628 1162 11 14 0.03986512 
700 924 9 13 0.039842494 
319 797 8 11 0.039840102 
304 717 8 10 0.039804846 
765 831 8 10 0.039803844 
833 877 8 11 0.039692786 
406 1180 10 13 0.03967762 
170 1177 13 15 0.03963989 
291 783 7 9 0.03951358 
736 814 8 11 0.039498743 
360 671 8 10 0.039457195 
102 1230 11 14 0.03938333 
561 736 8 10 0.039340466 
126 1149 13 16 0.039287403 
362 656 7 10 0.03928411 
493 614 9 10 0.039243255 
546 831 8 11 0.039233185 
921 853 9 11 0.03919767 
528 1003 9 12 0.039176244 
590 783 8 10 0.039160434 
697 1072 12 14 0.039128408 
393 1198 9 12 0.0390988 
140 1067 10 13 0.0390384 
599 774 7 9 0.039006498 
269 975 11 13 0.03886887 
662 1171 12 15 0.03885967 
224 964 13 16 0.038677234 
688 845 9 10 0.03866438 
592 990 8 10 0.038631212 
637 974 9 12 0.038625624 
495 709 7 10 0.038622536 
647 1099 12 15 0.03860918 
511 504 8 10 0.038570534 
609 704 7 10 0.038548682 
639 998 9 11 0.038518734 
287 799 8 10 0.038504567 
720 1179 11 14 0.038397275 
782 1088 10 12 0.038373284 
518 963 11 14 0.03835907 
70 963 8 11 0.03835101 
735 840 8 10 0.03829897 
701 916 10 13 0.038278714 
717 855 9 11 0.038265042 
454 998 11 13 0.038259722 
149 1179 11 15 0.038257603 
632 887 9 12 0.038213667 
590 1070 11 14 0.03821226 
150 1039 11 13 0.03819529 
326 1117 10 12 0.038124572 
542 680 7 9 0.038122162 
70 878 8 11 0.038116172 
73 1006 9 10 0.038107406 
158 1039 10 13 0.03806196 
217 1085 10 13 0.038024314 
753 1109 9 12 0.038021922 
840 1204 10 13 0.03800569 
649 736 8 11 0.037969634 
318 838 9 11 0.037960753 
193 941 10 13 0.03795316 
544 837 11 14 0.037952874 
246 861 9 11 0.037945375 
114 976 9 11 0.03793001 
79 1035 10 13 0.037924826 
558 1052 10 13 0.037847064 
454 671 7 9 0.037839383 
365 958 10 12 0.037790895 
159 1196 13 17 0.037747312 
842 1020 8 10 0.037710734 
305 694 8 9 0.037686046 
461 1154 13 16 0.03765901 
433 1128 8 12 0.03762104 
328 925 11 13 0.03760779 
675 1241 12 17 0.03755784 
844 1219 12 15 0.0375368 
855 1215 13 16 0.03747291 
496 764 10 12 0.037463292 
257 831 9 11 0.03744764 
678 816 8 10 0.037443284 
109 934 10 12 0.03741626 
447 518 7 9 0.037364446 
342 1031 12 15 0.037231036 
176 846 8 10 0.03722976 
27 1105 13 16 0.037224412 
368 725 7 9 0.037193067 
740 1251 15 20 0.037191797 
742 1182 11 15 0.037183218 
601 695 7 8 0.037153017 
511 810 8 11 0.037092887 
432 961 14 17 0.037075926 
181 1117 11 13 0.03706384 
629 812 9 10 0.037036467 
489 614 9 11 0.036992755 
524 617 9 10 0.03698615 
286 933 10 12 0.036960665 
780 1230 14 17 0.036948785 
514 687 7 9 0.03694753 
655 948 10 11 0.036939036 
652 1004 11 13 0.036901288 
696 648 8 9 0.036884226 
24 1021 10 13 0.03679574 
118 1340 12 16 0.036783967 
426 630 7 10 0.03673344 
513 703 8 10 0.03670849 
720 925 10 13 0.03670581 
41 484 9 10 0.036700755 
153 875 9 12 0.036689006 
252 1054 12 14 0.036682058 
723 1236 12 15 0.03666719 
345 957 10 13 0.036659967 
705 1213 12 16 0.036623146 
594 727 8 9 0.03660931 
346 744 8 10 0.036599457 
292 876 8 12 0.036553264 
743 855 7 9 0.036530506 
110 942 10 13 0.03651478 
710 1181 11 14 0.036484443 
514 965 9 13 0.03648426 
694 1139 9 11 0.036458824 
414 1213 9 11 0.036411833 
14 1059 11 14 0.036382567 
497 758 10 13 0.036362574 
864 1013 8 10 0.036341146 
526 1055 11 13 0.036268022 
717 1093 8 11 0.036241483 
456 721 7 9 0.036241267 
109 911 10 13 0.03615384 
766 1101 9 11 0.03614702 
864 848 8 10 0.0361285 
55 940 10 12 0.03612076 
623 950 9 11 0.03610948 
196 1139 10 14 0.036098875 
680 663 8 10 0.036079448 
827 1085 10 13 0.036039434 
653 776 8 9 0.03603879 
527 1321 12 19 0.03602043 
808 1008 9 12 0.03593955 
654 807 8 9 0.035921074 
38 1324 14 18 0.035906684 
560 647 6 9 0.0359013 
745 799 9 10 0.035832647 
517 568 8 11 0.03582341 
585 734 7 9 0.03579695 
384 694 8 11 0.035778515 
591 719 8 9 0.035774127 
657 798 8 9 0.035704114 
682 679 7 10 0.03570177 
315 742 6 9 0.035694618 
592 952 8 10 0.035643976 
256 765 8 10 0.03563542 
526 821 12 14 0.035627007 
456 1127 10 12 0.035614606 
374 632 7 9 0.03558152 
541 616 8 10 0.035566356 
705 1193 14 18 0.03555058 
679 783 8 10 0.03552825 
550 1054 9 12 0.03552393 
727 797 9 11 0.03549562 
165 1062 11 14 0.035490934 
599 722 7 8 0.035445776 
209 785 8 10 0.035419784 
449 678 9 11 0.035416625 
533 742 8 10 0.035409816 
494 528 7 9 0.03538481 
101 873 7 10 0.035361033 
655 1201 12 15 0.03534871 
262 1142 9 13 0.03534331 
124 1322 11 15 0.035244357 
640 686 7 9 0.03521452 
346 1221 10 14 0.035214443 
814 1101 8 11 0.035174724 
108 1344 13 15 0.035173282 
224 752 7 9 0.03509849 
687 1245 13 17 0.035086785 
134 1011 9 12 0.034989998 
226 800 9 11 0.03494697 
671 1173 13 17 0.034866378 
562 1068 11 14 0.034866203 
558 1011 10 13 0.03471754 
318 862 8 10 0.034704693 
334 733 7 10 0.03469127 
55 1125 10 14 0.034672186 
511 487 8 10 0.03465626 
213 1036 9 12 0.034618065 
758 960 8 9 0.0346022 
808 1324 11 16 0.034578845 
720 932 9 12 0.034569424 
664 776 7 8 0.034513615 
151 892 10 12 0.034478225 
636 1101 14 16 0.034459297 
518 694 8 9 0.034449756 
159 887 8 12 0.03439424 
502 636 8 10 0.034273565 
97 918 9 11 0.034259833 
503 631 8 10 0.03424561 
672 776 7 9 0.034219883 
622 767 8 9 0.034092925 
567 971 10 12 0.03408016 
168 956 10 12 0.034075603 
245 1339 15 19 0.034065623 
599 649 7 9 0.034040395 
263 836 9 11 0.033984415 
577 840 9 12 0.03397161 
748 1181 12 16 0.033970747 
983 1159 14 18 0.033909384 
80 1085 10 13 0.03388371 
274 1181 20 24 0.033874046 
518 1005 9 11 0.03386929 
225 939 10 11 0.033859927 
622 663 7 10 0.033799846 
585 727 7 10 0.033791736 
105 1046 9 12 0.03371958 
709 1080 9 13 0.033694077 
749 902 8 12 0.033675995 
145 1123 11 14 0.033669583 
607 985 11 13 0.03362665 
528 1036 10 12 0.033621468 
470 678 9 11 0.03359254 
651 1293 14 17 0.033555668 
482 486 8 11 0.033513613 
417 735 8 10 0.033508234 
432 638 8 10 0.033506095 
528 812 11 12 0.03349697 
640 704 6 9 0.033496387 
272 1348 13 15 0.033494517 
667 743 6 8 0.033477586 
840 994 10 14 0.033430267 
289 776 7 9 0.033403423 
192 952 9 12 0.03339867 
449 720 7 9 0.0333738 
289 729 7 9 0.03335101 
615 1261 11 14 0.03334643 
270 1058 12 16 0.03326325 
729 900 8 11 0.033253025 
551 704 8 10 0.03320972 
109 1120 13 16 0.033199355 
633 824 8 10 0.033184893 
425 728 8 11 0.033179816 
551 630 7 9 0.03317669 
113 966 8 10 0.033156198 
116 1182 13 15 0.033120196 
143 823 9 11 0.03311893 
553 614 8 10 0.033114746 
253 996 12 14 0.033106763 
235 1052 11 13 0.033085227 
182 815 8 10 0.0330812 
681 1196 11 14 0.0330549 
492 1180 12 16 0.033047758 
105 1284 12 16 0.033030573 
566 1003 10 13 0.032927748 
605 880 20 23 0.03288437 
655 1247 10 13 0.03287865 
735 807 8 9 0.032818455 
566 1072 11 14 0.032801215 
743 1174 10 12 0.032776527 
720 684 8 11 0.032750864 
664 854 9 11 0.032699402 
165 1164 14 16 0.032689396 
460 1132 10 13 0.03266245 
430 1055 10 12 0.03265472 
173 1055 10 12 0.03264616 
653 1099 10 13 0.03262911 
197 837 9 11 0.032624632 
126 1014 9 11 0.03262153 
864 1168 12 14 0.032618962 
551 591 8 9 0.032612845 
65 871 9 10 0.032586765 
390 871 12 17 0.03252147 
582 1157 9 13 0.03251367 
288 941 9 12 0.032504994 
513 599 8 10 0.032484464 
537 639 7 9 0.032452907 
204 1078 10 13 0.032451343 
571 1067 10 14 0.032446988 
578 1196 12 15 0.03244235 
500 762 10 12 0.032414682 
366 780 8 10 0.032391258 
663 655 8 9 0.03238676 
87 1086 9 12 0.03236526 
345 689 8 9 0.032354347 
833 869 9 12 0.03233512 
482 683 9 11 0.032293465 
732 1251 14 17 0.032284092 
-2 1077 8 14 0.03227807 
311 861 8 11 0.032257482 
600 783 8 10 0.03224074 
768 1253 11 13 0.03222688 
0 839 9 14 0.032212164 
85 1338 13 17 0.032152507 
294 863 8 11 0.03213296 
509 622 8 9 0.032106515 
547 841 14 17 0.03210151 
101 972 8 10 0.03208141 
172 1115 12 14 0.032075502 
587 751 8 10 0.032049462 
745 915 10 13 0.032027658 
576 1037 8 11 0.03202213 
380 719 8 9 0.032013357 
732 1287 15 19 0.0320093 
299 1242 13 16 0.032001458 
158 1207 12 16 0.03198788 
113 1158 12 16 0.03198728 
610 758 8 10 0.031968564 
442 1093 8 11 0.031958826 
212 978 10 14 0.03195751 
250 806 9 11 0.031953163 
453 1197 11 14 0.03193538 
666 1316 14 16 0.03192331 
92 1278 14 17 0.031916134 
861 1232 12 15 0.03189056 
59 846 9 11 0.03183311 
359 780 9 11 0.031830177 
689 806 8 10 0.031788703 
341 855 8 11 0.031785835 
631 678 7 9 0.031740848 
582 513 7 9 0.03166406 
522 1070 10 12 0.03161752 
863 998 10 12 0.031610284 
200 1011 11 13 0.03159181 
683 685 8 11 0.031569935 
54 983 10 12 0.031557143 
639 725 8 9 0.03155351 
336 809 7 9 0.03154825 
430 502 9 10 0.031545542 
250 800 8 10 0.031519834 
47 1159 12 15 0.031489246 
545 592 7 9 0.03148191 
574 1219 11 13 0.03147908 
645 1041 18 23 0.03146341 
806 1111 9 12 0.031453602 
665 680 8 10 0.031385638 
846 847 7 9 0.031372927 
126 872 8 10 0.031362265 
63 1180 9 12 0.031348705 
549 871 9 10 0.03132197 
142 927 8 10 0.03131346 
541 581 8 10 0.031289596 
202 1173 13 16 0.031281058 
796 1020 10 12 0.031231197 
654 931 9 11 0.031176874 
713 926 9 12 0.031150218 
689 672 7 9 0.031125233 
710 1142 11 13 0.031111209 
168 1227 13 16 0.031094424 
280 900 9 11 0.031070743 
456 767 8 10 0.031036671 
48 463 8 10 0.031033492 
49 445 9 10 0.031006875 
673 765 8 9 0.031004017 
606 1198 12 15 0.030985404 
264 1134 9 12 0.030971123 
526 639 7 9 0.03093572 
580 941 11 13 0.030929076 
701 710 8 10 0.030926717 
518 1251 11 17 0.030916302 
534 664 7 10 0.030866621 
862 1005 11 13 0.030857896 
831 864 9 10 0.030856177 
674 801 8 10 0.030854154 
423 1310 13 18 0.03084104 
537 575 8 10 0.030840097 
653 958 10 12 0.030826382 
664 832 9 11 0.030821795 
310 1101 8 11 0.030811949 
138 868 9 11 0.03079168 
134 1056 10 12 0.03078343 
590 1148 14 16 0.0307786 
334 871 8 10 0.030721964 
840 887 8 10 0.030719811 
624 735 8 9 0.030699724 
668 1339 12 15 0.030662581 
225 885 9 11 0.030654144 
742 1242 13 18 0.030644579 
149 1252 13 15 0.030617738 
240 845 8 10 0.030600477 
904 847 8 9 0.030592406 
489 1173 10 14 0.030560464 
702 1183 14 18 0.030556044 
321 814 8 10 0.030549018 
595 1348 12 14 0.030543778 
583 1035 10 13 0.030535292 
166 1206 18 22 0.030533036 
246 934 11 14 0.030531157 
432 662 8 11 0.030515427 
567 983 10 13 0.030507997 
288 742 6 9 0.030505769 
304 994 10 14 0.030503048 
824 992 8 10 0.030440578 
116 1332 11 16 0.030375434 
718 896 8 10 0.030352939 
566 735 7 9 0.030342609 
330 680 8 10 0.030334083 
704 1165 13 15 0.030317115 
608 750 8 10 0.030264493 
577 760 9 11 0.030242188 
913 1167 9 12 0.030234672 
696 655 8 9 0.030222286 
336 830 8 11 0.030221166 
373 1305 15 17 0.03021428 
344 775 8 10 0.030206066 
623 669 7 10 0.030200755 
154 1079 11 14 0.030177291 
182 1036 11 14 0.03016273 
180 821 9 11 0.030161 
439 741 8 9 0.030156927 
253 1210 11 17 0.030141834 
450 671 8 10 0.03013043 
665 662 7 10 0.030128399 
607 832 9 11 0.030115006 
191 837 10 12 0.030101059 
696 662 8 10 0.030097218 
213 1109 9 12 0.030087665 
382 712 8 9 0.030053534 
561 1000 8 10 0.030012688 
7 1048 10 13 0.030006783 
626 871 9 11 0.029968604 
640 903 8 10 0.029966785 
701 726 8 9 0.029942041 
245 875 9 13 0.029930169 
587 1003 11 13 0.029919129 
321 696 7 9 0.029897865 
521 823 9 11 0.029892368 
551 1132 12 17 0.029863903 
513 678 7 9 0.029863287 
277 885 8 11 0.029846936 
246 1194 14 20 0.029838566 
878 1179 11 14 0.029816478 
416 693 8 11 0.029807936 
721 790 8 10 0.02979714 
937 1040 8 11 0.029792149 
555 971 17 21 0.029754888 
108 1213 14 19 0.029740782 
496 534 6 9 0.029738313 
476 1250 13 17 0.02973645 
583 991 9 11 0.029729707 
235 1037 12 14 0.029718745 
236 1326 20 26 0.029708624 
400 734 8 10 0.029696696 
814 1095 8 11 0.029686088 
555 1332 14 16 0.029661018 
691 992 11 14 0.029653287 
583 1229 9 13 0.029612327 
575 678 7 10 0.029564504 
488 725 8 11 0.029546501 
728 807 8 10 0.02953765 
261 791 8 9 0.02953298 
514 572 9 12 0.029524721 
657 719 7 9 0.02950522 
654 750 7 9 0.029504405 
526 575 8 9 0.029502187 
643 1165 14 17 0.029483762 
33 796 9 11 0.029468564 
289 1161 10 13 0.02944032 
495 600 9 10 0.029425459 
368 615 7 9 0.029404739 
574 894 9 12 0.029403513 
207 939 9 12 0.029397521 
668 1076 10 12 0.029391391 
646 768 8 9 0.029390378 
404 877 14 16 0.029367719 
279 1020 11 14 0.029358461 
248 1059 11 13 0.02935618 
175 1317 13 18 0.029355405 
576 1027 9 12 0.029352546 
341 837 8 11 0.029302748 
842 846 8 9 0.029273467 
681 973 9 11 0.029269848 
348 700 8 10 0.029265791 
788 999 9 11 0.029262668 
320 870 6 9 0.029246522 
454 1264 13 19 0.029232085 
399 1180 10 13 0.029225186 
653 1172 11 14 0.029207716 
541 576 8 11 0.029178878 
574 812 9 11 0.029175565 
557 1246 9 12 0.029155483 
247 974 11 14 0.02915307 
624 990 10 12 0.02915056 
200 876 10 12 0.029140253 
142 1005 9 10 0.029136272 
744 868 9 11 0.029131362 
80 965 8 10 0.029122585 
683 1100 10 13 0.029105939 
595 1187 12 15 0.029101508 
387 1219 11 16 0.029039474 
719 988 10 12 0.028942961 
503 519 8 9 0.02893307 
143 959 9 11 0.028928177 
189 997 10 13 0.02885611 
474 671 8 10 0.028827846 
127 821 9 12 0.028821198 
646 711 7 11 0.028818699 
68 847 8 11 0.028805757 
64 952 10 12 0.028799254 
38 1254 11 15 0.02878897 
727 840 7 10 0.02875524 
21 1041 13 14 0.028709844 
601 676 8 10 0.028707288 
191 860 9 12 0.028683348 
249 911 9 12 0.02866988 
141 1132 11 14 0.028664986 
263 931 10 13 0.028630387 
511 664 8 10 0.0286143 
283 1213 13 16 0.028607482 
232 1094 9 10 0.028600546 
325 1243 10 14 0.028583381 
656 985 9 11 0.028574077 
674 1141 11 13 0.028567828 
319 768 8 10 0.028567353 
613 1251 11 14 0.028536605 
510 1125 10 13 0.028533576 
262 973 11 13 0.02852323 
353 671 7 10 0.028513644 
604 1062 11 15 0.028512832 
584 1222 9 12 0.028510354 
749 799 9 10 0.028462011 
445 978 11 14 0.028429013 
547 823 8 11 0.02842255 
720 912 10 12 0.028396394 
895 1328 15 20 0.02839629 
149 901 11 13 0.028380636 
304 934 10 13 0.028343877 
289 852 8 11 0.028320221 
974 1163 15 18 0.02831414 
534 1116 12 16 0.028313404 
602 894 8 11 0.028312705 
767 980 11 13 0.02830535 
825 855 8 10 0.028291414 
597 1085 10 12 0.028273964 
333 742 8 10 0.028243959 
72 1156 8 12 0.028240543 
386 671 7 9 0.028227173 
703 1096 11 13 0.028192485 
68 1233 12 16 0.028168842 
584 1048 10 13 0.028164221 
262 759 7 8 0.02814452 
568 743 7 9 0.028138014 
881 872 8 9 0.028136482 
321 845 9 11 0.028097672 
438 677 8 10 0.028097592 
54 1066 10 13 0.028090654 
142 874 12 13 0.028079811 
490 606 8 10 0.028074631 
576 922 10 13 0.028065512 
625 800 8 10 0.027997047 
170 1233 15 18 0.027995626 
385 735 8 10 0.027954798 
583 655 8 10 0.027954146 
591 1133 10 13 0.027948394 
440 600 8 10 0.027932543 
841 978 13 15 0.027924014 
593 1250 11 14 0.027919546 
671 918 9 12 0.027907327 
236 1187 12 15 0.027867649 
319 807 8 9 0.027867142 
197 829 10 11 0.027844487 
560 661 8 9 0.027807478 
121 872 8 10 0.027793225 
387 1228 11 14 0.027779303 
64 1043 11 14 0.02777496 
568 713 7 9 0.027760878 
576 748 8 10 0.027735477 
879 1021 11 14 0.027726267 
478 657 8 10 0.02771982 
408 639 9 11 0.027627483 
656 727 7 9 0.027601441 
226 948 20 23 0.027576547 
535 1190 11 14 0.02756894 
671 671 7 9 0.027535168 
710 1108 10 12 0.027532281 
390 1096 7 10 0.02752246 
743 879 9 11 0.027512014 
321 998 11 16 0.027493237 
464 749 9 11 0.027479652 
701 808 8 10 0.027464297 
527 592 8 10 0.027463257 
718 719 7 9 0.027425408 
448 758 7 9 0.027418409 
606 805 9 12 0.027401289 
584 759 8 11 0.027387345 
315 1163 10 15 0.027367627 
551 1325 13 17 0.02735509 
832 1108 9 12 0.027342347 
903 839 7 9 0.027331984 
119 1324 11 14 0.027329504 
757 1111 11 12 0.027314875 
385 616 7 8 0.02731015 
942 860 9 11 0.027302846 
206 888 12 13 0.027280955 
558 526 9 11 0.027262324 
517 600 8 9 0.027244732 
743 830 8 10 0.027216546 
560 655 8 10 0.027148997 
455 759 7 9 0.027126398 
191 1126 11 13 0.027125703 
188 1024 11 13 0.027124086 
807 967 8 10 0.027099188 
377 687 8 10 0.027096268 
433 989 21 26 0.027092528 
809 1102 9 11 0.02706194 
583 663 8 9 0.027058423 
615 979 9 12 0.027046815 
702 784 7 10 0.027044592 
623 940 8 11 0.027029753 
360 769 8 10 0.027003292 
226 758 7 9 0.026993342 
756 923 9 13 0.026936904 
741 1108 9 11 0.026932584 
494 806 7 9 0.02690284 
193 1043 11 12 0.026858835 
569 1091 11 15 0.026858436 
426 1095 8 10 0.02685571 
211 1029 11 14 0.026848665 
367 1300 10 13 0.026847642 
432 655 8 10 0.026845986 
590 685 8 9 0.026834091 
856 1046 10 13 0.026832152 
599 985 9 12 0.026829716 
113 998 9 11 0.026822416 
663 647 8 10 0.026797498 
294 728 8 9 0.026788581 
686 896 8 10 0.02678702 
116 901 9 11 0.026784113 
310 855 9 11 0.02678358 
506 670 9 10 0.026749061 
341 717 7 10 0.026729595 
305 790 8 9 0.026727902 
514 709 8 11 0.026706148 
196 1080 18 23 0.026664166 
877 907 9 11 0.02665274 
750 869 9 11 0.026644442 
758 1182 11 15 0.026634736 
784 975 10 13 0.02661484 
519 1139 21 26 0.026601639 
617 1306 16 22 0.026583627 
582 934 11 13 0.02658229 
303 758 8 9 0.026562968 
487 543 8 11 0.026531694 
351 1204 12 16 0.026522318 
231 788 8 9 0.02652166 
592 656 7 9 0.026505081 
600 830 8 11 0.026496384 
219 749 7 11 0.026488574 
698 895 8 10 0.02648068 
689 1140 9 11 0.026465675 
646 1130 11 13 0.026451873 
292 996 10 13 0.026443621 
836 1049 17 22 0.02643942 
141 1184 13 16 0.02642504 
143 893 9 11 0.026393143 
117 1117 11 14 0.026378985 
437 671 8 10 0.026371315 
245 1030 10 12 0.026367491 
631 1102 11 15 0.026359895 
873 1266 13 17 0.026355708 
559 559 8 9 0.026316935 
348 1141 11 13 0.026311124 
658 655 7 9 0.026274836 
927 877 8 10 0.026260873 
635 1028 10 12 0.026213044 
256 1327 15 18 0.026212746 
622 1251 12 15 0.026134297 
334 769 9 11 0.02606663 
54 478 8 10 0.026054641 
459 990 12 14 0.02604573 
613 1266 11 14 0.026039865 
480 1113 8 11 0.026037386 
502 702 7 9 0.026036363 
6 1092 12 17 0.026035763 
393 686 9 10 0.026029367 
725 989 10 12 0.026011096 
138 893 8 11 0.026008112 
485 663 8 11 0.025998887 
692 1060 11 13 0.025985075 
248 1012 11 15 0.025978452 
64 877 10 12 0.025962412 
135 1000 8 10 0.025951326 
431 982 11 15 0.025946558 
260 1164 11 13 0.025942445 
410 580 8 10 0.025940772 
743 822 9 9 0.02590944 
825 1078 10 13 0.025906723 
550 878 9 12 0.025903087 
415 689 7 9 0.025903061 
286 1115 14 15 0.025888184 
68 1347 15 15 0.025885822 
412 1226 12 16 0.02586817 
854 871 9 10 0.025856026 
154 980 8 11 0.025832133 
557 837 10 13 0.02583138 
520 581 8 10 0.02582346 
672 862 9 10 0.025813404 
625 678 8 10 0.025791384 
742 847 7 11 0.025789373 
361 711 7 9 0.025765141 
654 1163 11 14 0.025723875 
816 959 9 12 0.02571645 
656 759 8 10 0.025702927 
360 648 7 9 0.025696032 
574 1004 9 11 0.025695276 
472 1018 11 14 0.025694987 
638 864 8 11 0.025668347 
343 952 10 13 0.02565921 
679 1125 9 12 0.025638118 
871 1014 10 12 0.025638038 
584 774 7 9 0.025605466 
697 1081 13 16 0.025585424 
384 638 7 10 0.025572544 
135 816 7 11 0.02554884 
684 940 10 13 0.02553629 
692 1210 11 14 0.025536263 
558 687 8 9 0.02548266 
214 797 9 10 0.025475409 
786 1098 10 13 0.025471302 
1013 1077 10 15 0.025458442 
361 813 8 11 0.025456633 
576 774 8 10 0.025445983 
276 1014 10 14 0.0254361 
591 1082 10 13 0.025433809 
134 1235 10 14 0.025432613 
559 584 8 9 0.025429768 
213 1101 9 12 0.025428116 
695 856 10 11 0.025419349 
52 1229 12 15 0.025409436 
55 880 9 12 0.025386702 
630 1201 10 14 0.02537428 
863 1036 8 11 0.02536492 
546 598 7 9 0.025317233 
739 1285 13 17 0.02531611 
173 958 9 11 0.025314735 
526 536 7 9 0.025301544 
232 893 10 11 0.025235146 
707 1258 14 17 0.025229016 
666 670 8 9 0.025226124 
537 608 8 10 0.025213145 
863 862 9 10 0.025207344 
732 1142 11 13 0.025198638 
459 1170 14 18 0.02519453 
13 1084 10 14 0.02519282 
224 1208 12 17 0.025185734 
641 1142 12 16 0.025181253 
112 1189 10 13 0.025163468 
605 670 7 10 0.02516191 
657 943 9 12 0.025154158 
5 477 9 11 0.025152538 
570 673 8 10 0.025131132 
804 1330 21 27 0.025110465 
355 1014 12 14 0.025093378 
343 1130 10 12 0.025036989 
496 997 9 12 0.025017913 
224 1342 12 16 0.025007723 
735 958 9 11 0.025005005 
654 1127 11 12 0.0249805 
62 1346 13 14 0.024974868 
552 1028 8 11 0.024963329 
275 954 11 14 0.02495105 
195 798 8 10 0.024929821 
616 1165 12 16 0.024927767 
440 606 8 10 0.024922235 
264 879 9 11 0.02492119 
546 1284 11 15 0.024915606 
189 871 9 11 0.024915438 
96 1007 8 11 0.024909765 
622 830 8 11 0.024902454 
213 942 9 12 0.024895243 
113 1181 10 13 0.024890231 
249 937 17 21 0.024883855 
845 952 10 13 0.024856864 
758 844 10 12 0.024829637 
208 433 7 8 0.024825366 
540 1026 10 15 0.024807952 
97 957 8 11 0.024791114 
553 585 8 10 0.024788037 
536 591 8 10 0.02476944 
946 1163 12 16 0.024765385 
551 566 8 9 0.024750961 
463 623 8 10 0.024750885 
39 1216 18 23 0.024727376 
546 629 8 9 0.024727166 
520 1292 11 15 0.024711156 
63 1015 10 12 0.024704004 
62 1006 10 12 0.024697311 
528 1014 9 11 0.024695346 
98 968 8 11 0.024692347 
691 1274 12 16 0.024686184 
941 1152 17 23 0.024663573 
223 895 10 11 0.024660535 
697 1262 21 22 0.024660524 
772 949 10 12 0.024653517 
45 479 10 11 0.024630481 
657 815 8 11 0.02462299 
703 824 8 10 0.024614576 
570 687 7 10 0.02457119 
362 694 8 10 0.024558736 
308 827 18 23 0.024540432 
534 1239 9 12 0.024537439 
742 923 11 14 0.02447971 
292 1252 12 17 0.02447887 
880 883 10 11 0.0244291 
628 1251 13 16 0.024415893 
450 726 7 9 0.024409993 
51 1038 9 12 0.024405362 
678 1186 13 17 0.024405118 
593 673 7 8 0.02438788 
780 905 11 14 0.02436842 
329 873 8 9 0.024351733 
204 1131 10 13 0.024351614 
342 689 19 24 0.024345659 
336 783 8 9 0.024344156 
725 1260 13 16 0.024336088 
301 940 9 11 0.024330834 
608 1014 10 13 0.024327757 
638 918 9 12 0.02432749 
162 1076 13 16 0.024316195 
647 1188 13 15 0.02431282 
218 816 8 10 0.0242919 
887 861 10 11 0.024281502 
141 949 10 11 0.024260446 
829 991 10 13 0.024222596 
678 766 8 10 0.024219856 
526 489 9 10 0.02420855 
389 664 19 25 0.02419461 
493 680 8 9 0.024192592 
312 777 19 23 0.02414452 
185 440 6 8 0.024142569 
568 656 7 8 0.024131797 
351 711 7 10 0.024131203 
112 888 9 11 0.024127698 
886 992 8 10 0.024126386 
383 727 7 9 0.024113921 
149 1029 11 13 0.024109663 
938 855 9 11 0.024088848 
611 927 18 25 0.024070157 
409 687 8 10 0.023999935 
220 994 11 13 0.023995584 
631 725 7 10 0.023994802 
343 678 7 9 0.023994232 
368 853 8 10 0.023993364 
543 856 10 13 0.023991639 
296 768 8 9 0.023982668 
389 735 8 10 0.023981893 
180 1206 12 16 0.023974339 
663 1136 19 21 0.023971979 
744 967 9 12 0.023966584 
272 842 17 23 0.023960697 
263 784 8 9 0.023959992 
526 1303 10 14 0.023944287 
654 703 8 10 0.023931403 
715 882 10 13 0.023917807 
614 1101 10 14 0.023912346 
870 1237 9 11 0.023906713 
569 1251 10 14 0.023888176 
486 510 8 11 0.023887616 
670 1091 11 14 0.023884587 
672 870 9 11 0.023859587 
327 711 7 9 0.023852902 
533 1004 9 13 0.0238494 
376 616 6 8 0.02383929 
898 838 8 10 0.023833297 
721 798 8 11 0.023824198 
309 817 8 9 0.02381935 
133 1244 12 17 0.023789793 
768 930 18 24 0.023783907 
393 788 10 12 0.023770811 
655 784 19 23 0.023761539 
525 1268 9 12 0.023730487 
845 1021 8 10 0.02372131 
439 720 8 10 0.02371783 
548 1113 11 15 0.023714444 
863 1170 17 22 0.023705719 
465 654 7 10 0.02367827 
230 777 9 11 0.023669012 
69 852 9 11 0.023638552 
286 1142 12 16 0.023633268 
489 600 8 10 0.023596413 
159 1230 11 14 0.02358127 
395 874 16 18 0.023576155 
626 898 9 12 0.023565277 
640 1129 11 14 0.0235627 
709 1204 12 17 0.02354256 
669 842 18 23 0.023542231 
625 996 8 10 0.023511121 
145 1036 10 14 0.023486495 
563 1062 10 13 0.023462744 
66 1290 15 18 0.023458738 
395 1209 13 17 0.023454342 
631 688 6 9 0.023447672 
666 735 7 9 0.023427496 
470 1246 11 16 0.02341522 
626 1019 18 23 0.023388403 
579 608 8 10 0.023373714 
317 888 10 12 0.023364965 
943 880 8 10 0.0233627 
535 916 9 11 0.023359872 
524 980 10 13 0.023358049 
823 1013 9 10 0.023356108 
585 1057 12 16 0.023340425 
479 709 8 10 0.023327071 
313 712 7 10 0.023319896 
446 998 12 16 0.023294995 
86 1300 11 14 0.023289759 
801 1054 9 10 0.02326698 
801 1062 9 12 0.02325704 
728 873 18 23 0.023225304 
255 775 8 9 0.023217514 
543 639 8 10 0.023208823 
914 1128 10 13 0.023203008 
443 1153 12 16 0.023185357 
613 1093 8 11 0.02317932 
440 1186 12 16 0.02317376 
376 1164 9 13 0.023163151 
435 646 8 10 0.023148142 
478 1238 11 16 0.023134006 
660 1126 12 14 0.023113003 
255 1155 11 13 0.023110535 
473 656 8 11 0.023105498 
845 887 8 9 0.023089632 
272 870 9 11 0.023089351 
531 1022 10 14 0.023071524 
842 1210 20 24 0.023070738 
70 1066 10 14 0.023070421 
528 1113 23 30 0.023070395 
411 1261 13 18 0.023050241 
672 1214 11 14 0.023026042 
137 886 8 12 0.023004757 
103 1008 9 10 0.022965737 
372 1207 12 16 0.022964168 
191 438 7 8 0.0229446 
344 767 8 10 0.022918288 
291 1019 12 18 0.022898959 
151 1260 12 15 0.022884358 
137 912 9 12 0.022879072 
552 1023 8 11 0.022873467 
626 926 8 12 0.022865774 
599 955 9 12 0.022860225 
653 851 10 12 0.022850595 
456 646 8 10 0.022836098 
806 1063 8 10 0.022817062 
687 786 9 11 0.022811132 
855 1006 9 12 0.022799259 
215 1119 18 21 0.022792507 
200 1020 11 13 0.022792488 
744 954 9 12 0.02278565 
156 1110 10 14 0.022777239 
321 704 8 9 0.022761425 
38 1063 11 12 0.022755014 
822 879 9 11 0.022746222 
452 1139 12 14 0.022746077 
491 1207 18 22 0.022719111 
252 856 19 23 0.022715773 
196 1148 11 15 0.022708474 
321 1037 10 13 0.02268328 
107 1052 10 14 0.022665614 
658 863 8 10 0.022664836 
217 1078 9 11 0.022659253 
647 719 7 8 0.022653196 
584 1011 9 12 0.0226133 
607 1018 18 21 0.022607788 
504 996 11 14 0.022590095 
424 625 8 10 0.022589104 
614 647 8 10 0.02257878 
142 943 9 12 0.022572733 
616 1129 11 14 0.022563994 
101 1279 13 17 0.022560477 
461 798 9 12 0.022552686 
679 669 8 10 0.02255111 
887 910 8 11 0.022550207 
561 775 8 11 0.022546915 
462 774 7 10 0.02250813 
182 838 9 11 0.022501525 
380 1164 12 15 0.022501111 
109 949 9 10 0.022489319 
533 556 9 11 0.022486433 
685 909 9 11 0.022451261 
37 1158 11 15 0.02241662 
49 982 8 11 0.022410948 
505 503 9 11 0.022403132 
456 638 7 10 0.022392366 
301 1208 12 16 0.022389561 
709 874 17 23 0.022387598 
442 1261 95 109 0.022385934 
532 551 9 12 0.022384714 
509 1059 9 12 0.022381183 
872 1004 10 13 0.02237754 
702 789 8 9 0.02237416 
750 1038 10 13 0.022374097 
680 1066 18 23 0.022367934 
657 767 8 9 0.022363067 
904 1209 14 17 0.022351054 
525 647 7 9 0.022340393 
431 1177 11 15 0.022328481 
264 941 9 11 0.022323746 
439 652 8 11 0.022314947 
281 727 7 9 0.022288252 
468 686 9 10 0.02227724 
177 839 8 12 0.022277024 
349 1212 11 14 0.02224651 
430 728 7 9 0.022237549 
159 1174 12 16 0.022237252 
888 857 8 9 0.022212617 
552 816 8 10 0.022205453 
739 1157 11 14 0.022195816 
312 1245 10 16 0.022176776 
190 814 8 11 0.022173287 
616 1188 10 13 0.022155149 
326 719 7 10 0.022146909 
328 807 8 11 0.02213587 
190 1196 10 14 0.022115923 
561 740 9 11 0.022103736 
646 1062 11 14 0.02210228 
686 664 8 9 0.02209997 
13 1345 13 15 0.022095757 
434 670 8 10 0.022095684 
464 757 8 10 0.022074517 
303 705 8 10 0.022068124 
214 841 10 11 0.02205126 
87 870 9 11 0.022035202 
47 440 9 10 0.022032654 
481 491 8 11 0.022020906 
227 1049 17 21 0.022019824 
78 991 9 10 0.022010913 
29 853 10 12 0.021982422 
303 1045 11 12 0.02197148 
397 684 8 10 0.021964822 
335 672 7 10 0.021954438 
748 886 10 12 0.021951921 
191 807 8 10 0.021944558 
121 1198 19 25 0.021942018 
200 886 11 13 0.021935103 
606 637 8 10 0.021932067 
504 812 10 11 0.021930512 
925 855 8 10 0.021929193 
615 797 8 10 0.021920739 
272 801 7 8 0.021918412 
818 1057 8 10 0.021894988 
234 996 10 13 0.021893159 
126 1168 12 16 0.021890016 
426 709 8 11 0.021880206 
439 759 9 11 0.021866392 
575 1240 20 25 0.021849642 
902 1125 8 10 0.021847317 
770 902 10 12 0.021843255 
591 1196 19 23 0.021819955 
237 901 9 11 0.021819182 
121 950 8 11 0.021818276 
717 1289 11 16 0.02180804 
945 884 8 10 0.02180654 
413 1220 12 15 0.021801094 
615 655 8 9 0.02179886 
492 832 10 11 0.021798106 
799 1280 13 17 0.021795237 
547 890 11 14 0.021786973 
809 1094 8 11 0.021784067 
817 878 9 11 0.021778226 
363 1206 19 25 0.021755205 
798 960 9 10 0.02175442 
433 1144 11 17 0.021748025 
366 812 9 11 0.021733375 
633 1064 18 22 0.021702614 
61 488 9 10 0.021690318 
569 503 8 10 0.021681199 
5 1174 12 16 0.021678725 
154 1304 16 22 0.021675203 
135 822 8 10 0.02166757 
62 829 8 10 0.021664103 
517 1315 21 30 0.021658717 
138 974 9 11 0.021656806 
383 688 7 10 0.021638174 
9 1119 10 12 0.021628343 
567 1218 12 16 0.02162201 
591 1045 10 14 0.021592211 
789 1008 18 23 0.0215908 
684 973 12 14 0.021590656 
296 935 9 12 0.021589793 
626 890 18 22 0.021584366 
359 1157 10 13 0.02157615 
685 1179 12 17 0.021555694 
556 1109 11 15 0.021542348 
276 1060 11 13 0.021536434 
232 1182 12 14 0.021520644 
905 926 9 11 0.021509051 
464 521 8 9 0.021492204 
213 1180 13 17 0.021490049 
582 924 10 11 0.021483893 
55 1008 9 11 0.02147943 
750 821 8 10 0.021474045 
759 1282 13 15 0.021456745 
540 1189 12 16 0.02145522 
22 1080 12 17 0.021444278 
662 719 7 9 0.02143837 
165 1015 10 12 0.021415843 
79 888 9 12 0.021406079 
205 1002 20 22 0.021404663 
496 638 8 9 0.021391643 
321 1029 10 12 0.021391006 
549 1298 12 17 0.0213886 
751 816 9 10 0.021384643 
636 935 19 22 0.021382941 
297 705 7 8 0.021372085 
640 1153 11 16 0.021367272 
478 607 8 9 0.021365417 
697 908 9 11 0.021365168 
430 970 13 18 0.021355223 
508 1321 12 18 0.021354867 
592 1294 9 12 0.02134831 
62 1157 10 14 0.021347785 
257 1033 12 15 0.021334412 
368 963 9 12 0.02133214 
490 819 9 12 0.021322234 
193 775 7 9 0.021296993 
425 1099 9 11 0.021272028 
745 937 18 25 0.021270156 
538 843 9 12 0.021257885 
127 984 7 9 0.021249032 
390 606 7 9 0.021240557 
199 870 10 12 0.021236755 
760 998 7 10 0.021235198 
487 695 8 10 0.021230275 
613 1224 11 14 0.021226479 
700 998 11 13 0.021217229 
464 743 9 11 0.021216119 
304 868 9 11 0.021216108 
663 711 6 9 0.021197679 
214 885 8 11 0.021195844 
609 1225 19 22 0.02119111 
785 943 10 12 0.021189123 
151 960 9 11 0.021177663 
278 1117 11 13 0.021176107 
640 749 9 10 0.021167789 
535 655 7 9 0.021126369 
456 956 12 16 0.021109933 
154 1313 18 25 0.021104338 
278 704 7 9 0.02107498 
831 855 8 10 0.021071784 
14 1067 12 15 0.02106854 
537 1105 21 26 0.021061877 
759 1266 12 17 0.021059848 
684 980 12 16 0.021054825 
680 694 8 9 0.021040175 
95 986 18 21 0.021026174 
219 1180 11 16 0.021019604 
520 527 8 9 0.02101193 
524 1289 13 17 0.021006342 
344 871 9 11 0.02100621 
479 599 8 10 0.021005383 
565 759 8 11 0.021000383 
603 885 9 12 0.020987073 
672 781 7 10 0.020984078 
149 837 9 12 0.020973857 
433 740 9 10 0.020933306 
733 918 10 12 0.020918107 
296 776 8 10 0.020887228 
865 883 9 11 0.020882195 
646 687 7 9 0.020878699 
221 767 8 10 0.020833844 
85 1031 9 11 0.020827066 
193 1075 11 14 0.020825967 
627 919 19 24 0.020821918 
592 934 10 13 0.020821817 
312 940 9 12 0.020818617 
657 662 8 10 0.020806069 
15 1159 13 18 0.020805929 
598 822 7 10 0.020802755 
597 1054 11 15 0.020801367 
861 1069 10 12 0.020794284 
321 823 9 11 0.020790948 
478 1197 10 14 0.020782746 
215 990 11 12 0.020766566 
551 599 8 9 0.02076023 
568 1014 18 24 0.020758867 
128 1062 10 12 0.020753043 
819 938 17 23 0.020723866 
644 1229 10 15 0.020716043 
178 990 18 22 0.020706132 
23 478 10 11 0.020684104 
502 1317 22 28 0.020676574 
710 908 10 13 0.020666666 
543 1121 22 31 0.020655787 
79 445 9 10 0.020650344 
535 632 7 8 0.02064601 
85 1245 11 15 0.020640088 
573 900 9 12 0.020628579 
390 689 18 24 0.020613704 
591 697 8 9 0.020611884 
814 1032 8 10 0.02059781 
703 734 6 8 0.020595185 
477 1228 12 16 0.020590017 
593 984 8 11 0.02058931 
112 919 19 22 0.020580733 
191 433 7 8 0.020558544 
454 678 9 11 0.020545496 
687 1199 19 23 0.020535968 
272 806 7 9 0.020533817 
208 1275 15 20 0.020533647 
286 971 10 13 0.020530675 
545 512 8 10 0.020528937 
612 870 9 12 0.020523684 
789 974 10 13 0.020506179 
733 1261 13 16 0.02048932 
95 1338 18 23 0.020466536 
681 655 8 10 0.020462789 
215 1131 11 14 0.020462671 
439 663 8 10 0.02044506 
614 1197 10 14 0.020434735 
615 893 9 12 0.020433871 
144 901 10 12 0.020420633 
568 749 7 10 0.02041334 
319 688 9 10 0.020389382 
320 757 8 10 0.020368705 
407 655 8 10 0.020365251 
613 990 9 12 0.020359458 
501 1315 14 17 0.020345338 
453 663 8 9 0.020340271 
845 1267 11 15 0.020290123 
177 863 8 12 0.020289224 
830 1081 17 23 0.020285344 
767 1077 11 13 0.0202847 
407 670 9 11 0.020284008 
61 1118 9 12 0.020282358 
69 1016 10 11 0.02028175 
735 799 7 10 0.020276172 
768 964 10 12 0.020273188 
501 1179 12 16 0.020261312 
229 814 8 11 0.020257026 
186 1229 13 17 0.020252585 
57 840 9 11 0.020246724 
576 656 7 9 0.02024464 
135 1165 11 16 0.020240035 
670 678 8 10 0.020229252 
127 973 8 11 0.020218382 
181 926 10 12 0.02021482 
397 1249 20 23 0.020213304 
629 855 9 11 0.020201737 
628 978 18 22 0.020198686 
458 715 109 139 0.020192403 
766 1260 12 16 0.020191437 
287 1091 10 11 0.020190464 
819 1318 20 28 0.020173892 
536 647 8 9 0.020149793 
596 1063 18 23 0.020146707 
116 1186 18 22 0.020136064 
504 534 7 9 0.020131405 
531 1324 23 29 0.020128649 
825 1091 10 11 0.020128436 
600 864 19 22 0.020123566 
871 999 10 13 0.02011667 
518 989 9 12 0.020116208 
552 607 8 10 0.020104453 
168 966 9 11 0.020103594 
181 1062 9 12 0.020102367 
583 671 7 9 0.020099537 
102 1146 13 15 0.02009661 
521 631 8 10 0.02009287 
801 1339 16 20 0.020078236 
702 970 11 14 0.020076765 
437 1285 15 19 0.020060413 
248 987 12 13 0.020059926 
941 1041 9 10 0.020054633 
434 1168 20 25 0.02003339 
496 992 9 11 0.020032557 
103 1189 10 12 0.020020777 
23 1126 11 13 0.020019434 
590 893 10 12 0.020017931 
