21_Festival_Festival_21_604
1985
10 544 17 21 0.9823232 
925 534 14 15 0.9700276 
686 501 13 17 0.9642438 
164 629 18 22 0.94596535 
205 625 22 26 0.9447071 
72 590 17 23 0.9277303 
294 494 10 13 0.92134464 
762 554 16 22 0.910378 
731 585 15 20 0.8836873 
8 476 11 15 0.83498204 
412 462 14 16 0.8163487 
99 539 13 16 0.8137452 
861 512 11 13 0.7924254 
199 496 13 16 0.77898794 
694 575 16 20 0.7730648 
56 561 16 19 0.76121664 
61 504 12 16 0.72636706 
256 485 11 13 0.72342396 
896 460 9 11 0.71607965 
27 495 12 16 0.70940804 
759 517 13 15 0.6973236 
946 463 12 14 0.68079585 
216 478 9 12 0.6508648 
289 564 13 16 0.645618 
709 553 14 16 0.61880904 
219 454 9 11 0.6068242 
660 494 12 16 0.6012974 
967 483 10 14 0.5783776 
41 478 11 13 0.57535803 
248 463 9 12 0.5663058 
973 467 11 15 0.55545884 
138 472 9 12 0.5549168 
239 447 9 11 0.554708 
739 502 13 16 0.55109984 
823 445 7 11 0.5509595 
87 556 12 15 0.54857516 
848 483 9 11 0.5310387 
950 514 12 15 0.50517964 
966 527 12 15 0.49084905 
207 596 14 18 0.48526683 
429 415 8 10 0.46757135 
874 461 9 12 0.46109596 
715 582 14 17 0.46091393 
901 438 10 12 0.45308122 
1013 539 10 16 0.4467266 
61 431 9 10 0.43837297 
910 462 9 11 0.43391308 
870 480 11 13 0.42575046 
662 455 11 13 0.4218161 
508 438 10 12 0.42102215 
222 509 10 13 0.41852397 
275 626 14 19 0.41723228 
98 446 10 12 0.41057763 
131 585 16 20 0.4063331 
147 598 14 18 0.40366784 
374 446 8 10 0.40027916 
684 459 10 12 0.39908192 
313 446 9 11 0.39902702 
392 429 8 11 0.3966417 
134 549 11 16 0.39451653 
425 415 8 10 0.39418694 
893 486 9 12 0.38955754 
304 479 9 12 0.38922754 
892 659 20 19 0.3859309 
628 443 11 13 0.38407484 
749 538 13 16 0.37979588 
804 516 10 13 0.37761337 
207 436 8 10 0.37224153 
946 417 7 9 0.3654237 
397 478 12 14 0.36500752 
141 453 9 12 0.3630587 
101 439 9 11 0.3553912 
805 552 14 18 0.3484274 
158 555 13 17 0.34700704 
703 550 13 16 0.34286475 
768 469 10 12 0.34254554 
439 447 9 10 0.33915502 
957 440 9 12 0.332229 
79 470 11 12 0.3316462 
55 508 11 15 0.3313538 
703 475 9 13 0.32481647 
830 535 11 14 0.3165257 
342 469 9 12 0.31287906 
285 597 16 19 0.31164706 
974 502 10 13 0.31112596 
824 524 10 12 0.30816057 
158 478 8 11 0.30798918 
863 495 9 11 0.3070455 
882 416 8 10 0.30660427 
295 530 11 14 0.305956 
271 511 11 14 0.3031953 
736 422 8 9 0.3010767 
263 541 14 16 0.3006474 
64 477 9 11 0.29341722 
375 469 11 12 0.29304937 
992 401 8 10 0.29288474 
287 437 7 10 0.29219314 
861 592 15 19 0.29158038 
201 540 13 16 0.29149622 
809 538 13 15 0.2908166 
367 480 10 13 0.28831396 
309 477 11 13 0.28522953 
46 470 10 11 0.28423217 
885 430 9 11 0.28093067 
294 471 8 11 0.27874127 
20 627 16 21 0.27742982 
721 448 8 10 0.27665323 
238 484 10 13 0.2718907 
80 413 8 10 0.2700959 
644 477 10 12 0.26984558 
719 478 10 12 0.26910153 
909 455 9 11 0.26879567 
72 415 8 9 0.26572028 
340 553 13 15 0.26481545 
359 453 9 10 0.26327178 
913 423 9 11 0.26153982 
192 399 7 9 0.26129547 
750 446 10 12 0.26107866 
240 431 8 10 0.25917512 
699 469 8 12 0.25878525 
206 572 15 17 0.25411418 
908 492 9 10 0.25210145 
810 613 15 19 0.24917337 
232 534 12 15 0.24914026 
997 401 8 9 0.24685584 
808 414 8 10 0.24654108 
457 425 9 10 0.24082953 
621 444 12 14 0.23654193 
314 452 9 11 0.23429948 
174 492 12 13 0.2340849 
663 431 8 11 0.23388644 
192 445 8 10 0.23387802 
1006 479 10 14 0.2309418 
166 398 7 10 0.22974668 
724 452 10 12 0.22937626 
748 451 11 13 0.22314617 
3 408 8 12 0.22234102 
990 473 8 10 0.22227705 
223 424 8 10 0.22203527 
1003 454 9 12 0.2215396 
778 502 9 12 0.22142795 
238 478 9 13 0.22085612 
884 541 10 13 0.22059062 
967 445 8 11 0.22009078 
884 437 10 13 0.21985814 
247 599 13 18 0.21733691 
94 408 8 9 0.21732394 
178 421 8 10 0.21713273 
112 470 10 13 0.21527384 
854 446 8 11 0.2139213 
990 383 7 9 0.21248305 
881 509 10 13 0.2102051 
37 446 8 10 0.21017358 
261 490 11 13 0.21015419 
402 408 8 9 0.2081862 
351 448 8 10 0.20725006 
278 478 9 10 0.20698181 
45 381 8 10 0.20659772 
264 407 8 10 0.20577691 
8 634 14 16 0.20551836 
918 422 8 11 0.20506231 
141 493 12 15 0.20483811 
341 492 9 11 0.20477007 
900 391 8 10 0.20244496 
241 425 8 9 0.20198357 
335 487 11 13 0.19915882 
29 468 11 13 0.19880745 
926 470 11 13 0.1980958 
176 416 8 10 0.1971269 
93 525 11 15 0.19638383 
463 448 10 12 0.19638363 
983 416 8 9 0.19628324 
920 416 8 9 0.19474609 
679 405 8 10 0.19212878 
289 501 10 12 0.19206585 
113 383 8 9 0.18969877 
37 510 10 13 0.1891649 
631 457 12 15 0.18898435 
1006 430 9 11 0.18843642 
787 491 12 14 0.18721527 
766 415 9 10 0.18714774 
832 417 7 10 0.18657558 
192 441 7 10 0.18609038 
694 424 7 9 0.18435112 
656 472 11 14 0.18340872 
680 455 11 13 0.18262121 
665 423 8 11 0.18163544 
885 423 9 11 0.18116926 
799 430 10 13 0.18105628 
352 453 8 10 0.18019836 
178 453 8 11 0.1786554 
807 479 10 13 0.17855711 
206 563 13 16 0.17698139 
966 409 8 9 0.17693922 
214 482 10 13 0.1755836 
798 453 8 11 0.17550932 
818 448 8 10 0.1754784 
863 424 9 10 0.17499758 
808 375 8 10 0.17497182 
319 533 9 13 0.17458528 
950 400 7 9 0.17429464 
790 447 8 10 0.17407064 
353 422 8 10 0.1735063 
254 512 11 14 0.17079408 
785 441 7 10 0.16995999 
959 389 7 9 0.16952474 
711 390 7 9 0.16935632 
111 410 7 9 0.16929837 
711 440 8 10 0.16917267 
223 495 8 11 0.16900894 
241 439 9 11 0.16788514 
287 454 9 11 0.16727412 
39 538 13 18 0.16721557 
383 508 13 16 0.16707279 
54 416 8 9 0.16568093 
324 562 12 15 0.164202 
863 559 11 14 0.16384174 
399 446 7 9 0.16372642 
824 441 8 11 0.16302152 
766 445 8 10 0.16291587 
888 527 11 13 0.16220917 
705 415 8 10 0.16211513 
327 428 8 10 0.16197677 
326 480 11 13 0.16195264 
342 476 10 13 0.16126 
1015 438 8 12 0.16072169 
988 533 11 14 0.16053416 
189 512 10 13 0.16050397 
110 478 9 13 0.15970995 
1007 388 8 10 0.15948884 
830 493 9 11 0.15836962 
769 557 14 17 0.15803044 
441 398 8 10 0.15766005 
414 376 8 10 0.15588719 
54 469 10 11 0.15583451 
295 489 10 12 0.15577815 
677 535 10 13 0.15526599 
156 561 15 21 0.15505223 
984 447 9 10 0.15498188 
28 431 9 11 0.15476787 
886 532 11 14 0.15456668 
173 483 14 16 0.15451257 
123 616 12 18 0.1537887 
903 455 9 12 0.15353182 
342 464 9 11 0.15351172 
372 529 14 16 0.15343997 
944 399 8 9 0.15338898 
919 447 9 12 0.15280408 
145 431 8 10 0.15234661 
281 438 9 11 0.15231349 
922 408 6 8 0.15187244 
168 469 9 12 0.15043221 
62 436 8 11 0.15041587 
71 392 8 10 0.15040554 
662 399 7 9 0.15036994 
767 422 10 11 0.14978896 
40 421 8 11 0.14875157 
392 617 13 18 0.14872329 
48 447 8 11 0.14852986 
969 368 6 8 0.14841354 
47 414 9 11 0.1483635 
440 431 8 9 0.1482161 
804 523 11 14 0.14818247 
726 528 12 14 0.14778163 
374 475 11 14 0.14772335 
265 423 8 10 0.14763473 
786 445 8 11 0.14736916 
672 515 12 17 0.14719486 
214 514 12 14 0.14696558 
955 642 15 21 0.14604099 
398 439 8 10 0.14603846 
992 431 8 10 0.14592601 
888 406 7 9 0.14511938 
773 432 9 11 0.14415954 
759 484 10 12 0.1439107 
104 558 11 14 0.14390399 
832 462 8 10 0.14374825 
728 430 8 10 0.14364208 
76 524 12 15 0.14364168 
364 538 13 16 0.14275739 
149 431 9 11 0.14222556 
216 448 9 11 0.14153071 
337 438 8 10 0.1414936 
829 517 9 13 0.14091526 
89 423 8 11 0.14035751 
646 471 9 13 0.14032426 
847 453 8 10 0.13971476 
832 369 7 7 0.1388187 
366 464 9 10 0.13875109 
431 366 7 9 0.13834646 
277 470 9 12 0.13784091 
263 383 8 10 0.1375333 
817 468 9 11 0.13749276 
663 436 8 11 0.13742588 
246 510 11 14 0.13714825 
152 453 9 11 0.13678254 
869 429 8 10 0.13637409 
903 518 9 13 0.13538805 
856 440 9 11 0.13500366 
208 399 8 10 0.13472636 
361 503 8 11 0.13353504 
647 423 9 11 0.13344342 
401 392 8 9 0.13338542 
294 376 7 8 0.13289374 
271 430 8 10 0.1328693 
319 479 8 11 0.13258973 
948 474 12 15 0.13248812 
88 408 8 10 0.1311671 
912 508 10 14 0.13093475 
950 416 9 11 0.1305055 
791 575 13 15 0.13046941 
1008 384 8 10 0.130228 
15 375 8 9 0.1287236 
311 501 8 10 0.12865844 
248 424 7 10 0.12687902 
927 407 8 10 0.12636776 
312 360 7 9 0.12620875 
870 408 7 9 0.12601715 
333 424 8 9 0.12596336 
1005 461 9 11 0.12581152 
896 491 9 12 0.12555297 
958 537 13 17 0.125385 
25 405 8 11 0.12528394 
848 543 11 14 0.12522967 
669 457 9 11 0.12492543 
716 508 9 11 0.1248233 
660 468 11 14 0.12440269 
418 359 7 9 0.12423987 
191 461 10 12 0.12411878 
387 383 7 9 0.12378559 
172 538 13 16 0.12339613 
836 540 11 14 0.12294467 
743 493 13 15 0.12273204 
800 399 7 10 0.12268016 
281 641 16 21 0.12225746 
271 453 9 11 0.12191087 
805 432 10 11 0.12182356 
882 391 7 9 0.12163331 
262 440 9 9 0.12117452 
746 485 10 12 0.12080387 
991 453 9 12 0.12077495 
862 428 10 12 0.12072847 
289 376 6 8 0.12065636 
839 389 8 10 0.12037357 
992 485 11 13 0.12033714 
732 533 11 13 0.12008938 
144 375 8 9 0.119274504 
857 407 7 10 0.11922966 
802 511 10 13 0.11884015 
256 446 9 10 0.1187907 
1000 431 8 11 0.118616514 
336 520 8 10 0.118403785 
462 399 8 11 0.11796004 
157 455 8 10 0.11760613 
415 445 8 10 0.11745894 
48 509 11 14 0.11734496 
870 561 11 14 0.11711821 
960 413 8 11 0.11710467 
761 444 9 11 0.11696009 
151 423 8 9 0.11646872 
825 399 7 10 0.11611116 
741 612 12 14 0.116073534 
1012 429 8 12 0.11601362 
911 467 8 11 0.115869336 
954 385 6 8 0.115784906 
69 508 11 15 0.11564509 
396 429 8 11 0.115409814 
62 472 9 11 0.11509096 
350 555 12 16 0.114966564 
816 451 9 12 0.114940375 
359 439 7 9 0.11491479 
710 471 8 11 0.11490964 
726 582 13 18 0.11467668 
951 368 7 9 0.114553586 
678 423 8 9 0.113988996 
193 405 7 9 0.113976255 
857 494 10 12 0.11355758 
984 422 7 10 0.11344557 
848 447 9 11 0.11317472 
359 508 10 12 0.113172166 
319 383 7 9 0.11303226 
93 485 11 15 0.112900555 
383 416 7 9 0.11244184 
271 423 8 10 0.11193994 
118 475 11 13 0.11193716 
794 453 8 11 0.11181919 
9 399 8 10 0.110726014 
86 413 7 10 0.11063222 
879 457 8 11 0.110516906 
840 431 9 10 0.109984815 
742 539 14 17 0.10988687 
72 445 9 12 0.109029874 
981 469 10 13 0.10869475 
799 423 8 10 0.108345315 
136 392 8 9 0.108215176 
424 453 9 12 0.10807303 
751 594 12 17 0.107945904 
782 542 11 14 0.107737765 
243 188 16 19 0.10751954 
896 587 12 15 0.10737646 
839 504 10 12 0.10694354 
694 428 8 11 0.10678393 
126 548 13 17 0.10606932 
885 547 9 12 0.105913684 
866 392 7 9 0.10578714 
855 632 15 21 0.10575222 
192 431 7 9 0.105649635 
680 401 8 9 0.105562024 
257 440 8 9 0.10538216 
358 430 8 10 0.10528642 
710 400 7 9 0.10524282 
941 439 9 11 0.104743734 
231 416 7 9 0.104690015 
928 423 8 10 0.104141235 
901 549 13 17 0.10399572 
199 473 8 10 0.1039122 
357 423 8 10 0.10375062 
478 463 9 10 0.10364164 
223 429 8 10 0.10360942 
710 421 7 10 0.103438176 
745 478 9 12 0.10305655 
16 452 10 12 0.102899835 
144 449 8 10 0.10287281 
879 502 10 13 0.10199652 
839 448 9 11 0.10150391 
680 445 11 12 0.10107012 
369 446 8 10 0.10099298 
293 631 15 21 0.10027086 
288 400 7 10 0.100009434 
840 453 9 11 0.100001894 
464 474 10 13 0.0999365 
61 463 8 11 0.099923246 
99 509 12 13 0.09957818 
943 483 9 12 0.099334106 
903 415 7 9 0.09918502 
864 408 8 9 0.09911656 
383 504 11 13 0.09900002 
437 357 8 10 0.09885587 
184 516 10 13 0.09862423 
904 488 10 13 0.09856154 
24 400 8 11 0.09818788 
728 399 7 9 0.09795837 
896 399 8 9 0.097378224 
46 377 8 9 0.096667185 
175 501 10 13 0.09655162 
321 423 8 10 0.09621274 
456 375 7 8 0.0958763 
94 532 13 18 0.095863275 
16 391 7 10 0.095818914 
997 486 10 13 0.09557735 
831 511 9 11 0.0954688 
118 554 14 16 0.09545619 
958 471 9 12 0.09508044 
476 562 22 27 0.09444063 
117 381 8 10 0.094188526 
359 448 8 10 0.09398606 
826 532 11 14 0.09374891 
81 382 7 9 0.093573175 
249 580 14 18 0.093521684 
950 534 10 15 0.09346803 
393 482 10 13 0.09336978 
961 409 8 9 0.09328273 
879 496 9 10 0.093232214 
73 369 7 8 0.09303053 
447 431 8 11 0.09302962 
191 470 11 13 0.09281554 
933 424 8 9 0.092735626 
954 391 6 8 0.09270726 
705 440 9 11 0.09236885 
865 485 9 11 0.09230322 
775 507 10 14 0.092106365 
287 433 8 10 0.09203094 
23 391 7 9 0.09192377 
256 409 7 9 0.091841236 
12 470 10 14 0.09164236 
118 377 7 9 0.09160275 
413 166 14 17 0.09156725 
799 650 19 19 0.09148529 
888 400 7 9 0.091135494 
242 462 10 12 0.09113225 
392 406 7 9 0.09110312 
949 504 11 13 0.09105644 
384 439 7 9 0.09096511 
55 422 9 10 0.09083227 
750 463 10 12 0.09078861 
72 493 11 14 0.09015947 
152 449 8 10 0.090107575 
1013 468 9 14 0.09009616 
279 432 8 10 0.0900926 
254 425 8 9 0.089938 
38 493 10 13 0.089831635 
927 446 9 12 0.08977332 
997 436 9 11 0.08969302 
238 490 11 14 0.08968402 
839 385 7 9 0.089553654 
505 443 9 11 0.08952508 
277 464 8 10 0.08936935 
410 374 7 10 0.08932555 
287 405 8 9 0.089261755 
280 486 10 13 0.0892432 
15 398 7 10 0.08917686 
220 542 12 14 0.08890895 
831 488 8 10 0.08888064 
8 390 8 10 0.088855185 
806 447 8 10 0.0887041 
751 468 10 12 0.08859804 
320 407 7 8 0.08857666 
983 430 10 11 0.08855349 
984 452 10 12 0.088177584 
29 437 9 11 0.08816973 
742 421 7 10 0.08790571 
270 367 7 9 0.08785897 
918 365 8 9 0.08779506 
834 471 8 11 0.08769434 
271 390 8 9 0.08751513 
772 515 9 13 0.08748697 
71 421 8 10 0.08745502 
184 392 7 9 0.08742324 
886 392 7 9 0.0870791 
925 491 9 12 0.08690575 
911 428 9 11 0.08690016 
296 477 10 12 0.08668974 
137 357 7 9 0.08660828 
42 377 7 8 0.086486965 
671 417 8 10 0.08648644 
975 366 6 9 0.08647877 
979 578 15 18 0.086274855 
25 468 10 12 0.086260706 
157 448 8 10 0.08611114 
305 400 7 8 0.08610484 
973 446 9 10 0.08596588 
719 415 7 9 0.08594755 
264 415 8 9 0.08577007 
251 570 12 16 0.08561723 
96 517 11 14 0.08560351 
945 537 10 13 0.08557235 
783 399 7 10 0.085398346 
102 390 7 10 0.085334525 
975 439 9 11 0.08523189 
409 429 9 10 0.08522396 
836 535 10 12 0.08492679 
341 501 9 12 0.08482931 
890 369 7 9 0.08482402 
56 464 9 12 0.084625416 
310 472 10 12 0.084485814 
9 453 9 12 0.08431462 
54 448 7 10 0.08430811 
1013 408 8 10 0.08397643 
445 391 8 11 0.083825074 
895 481 9 12 0.08373847 
911 447 8 10 0.083724044 
104 366 7 9 0.08346136 
397 424 9 11 0.08335983 
1014 463 9 12 0.08333386 
831 446 8 10 0.083285876 
215 439 7 9 0.0832688 
152 554 13 18 0.08298741 
384 399 7 9 0.08292785 
800 449 9 11 0.08288657 
351 417 8 9 0.08282896 
872 456 10 12 0.08278289 
933 429 8 10 0.08274264 
433 360 8 10 0.08219825 
460 428 9 12 0.08219511 
1004 448 10 11 0.08156829 
74 350 7 10 0.081476346 
680 468 12 14 0.08138823 
296 446 9 11 0.081376895 
1015 443 9 12 0.081269 
72 409 9 10 0.081221625 
264 389 8 10 0.08078638 
151 399 7 9 0.08078361 
160 360 7 9 0.080579646 
784 416 9 10 0.0805614 
295 399 7 10 0.0801675 
936 383 7 9 0.08005399 
968 399 7 9 0.079772115 
134 415 8 9 0.079765245 
903 408 7 9 0.07967075 
249 414 7 9 0.07953069 
730 425 7 9 0.0793946 
888 456 8 10 0.079313256 
342 433 9 10 0.07931018 
953 510 13 15 0.07898406 
344 520 9 11 0.078941956 
181 415 8 11 0.07875752 
892 525 10 12 0.078686446 
809 410 8 9 0.07857459 
851 479 10 13 0.07855931 
967 374 7 9 0.078370556 
580 397 11 14 0.07836662 
304 416 7 10 0.07828435 
169 375 7 8 0.07826724 
318 562 13 19 0.07826399 
1008 533 14 18 0.07807944 
374 546 12 15 0.07797625 
690 582 17 22 0.07786731 
369 406 7 9 0.077766135 
821 384 7 9 0.07774417 
865 399 7 9 0.07769652 
239 471 10 11 0.0776579 
15 447 10 12 0.07750719 
897 416 7 9 0.077438846 
337 471 9 11 0.07735989 
41 415 8 12 0.07729845 
735 539 12 16 0.077250615 
777 401 7 9 0.07711758 
346 448 8 10 0.07707391 
999 366 7 9 0.07692624 
54 452 8 11 0.0767152 
263 471 9 10 0.07662471 
223 502 10 14 0.07649333 
942 457 9 11 0.07647935 
336 431 8 9 0.07643935 
882 399 8 9 0.07642026 
418 416 8 10 0.07635547 
853 470 9 11 0.076146595 
767 475 11 13 0.075872 
135 407 8 10 0.07585559 
215 401 7 9 0.07578972 
727 495 10 13 0.07571926 
822 469 8 10 0.0753672 
917 381 8 11 0.074689955 
851 485 10 12 0.07456088 
880 384 7 9 0.07446223 
983 538 11 14 0.07432291 
799 471 9 11 0.07424072 
262 446 9 11 0.07412543 
997 501 11 16 0.07412271 
355 377 6 8 0.07391254 
974 391 8 9 0.0738386 
936 453 8 11 0.073700145 
345 416 8 9 0.07365895 
772 422 9 11 0.07363975 
351 393 8 9 0.07360117 
105 540 14 17 0.07355011 
349 477 9 13 0.073540635 
282 399 8 10 0.073506266 
799 553 12 17 0.07348269 
997 492 11 14 0.07335876 
102 453 10 12 0.07334216 
929 464 8 11 0.07318294 
146 500 13 16 0.07314277 
303 462 8 10 0.073116325 
336 408 7 9 0.07309947 
192 476 10 12 0.073098846 
129 415 7 9 0.07305486 
169 369 7 9 0.07302462 
163 563 14 18 0.07280471 
401 413 8 9 0.07276732 
876 563 10 13 0.072684646 
784 391 6 9 0.07265826 
710 461 8 11 0.072536014 
935 405 7 9 0.07246159 
712 503 11 13 0.07235286 
239 558 12 16 0.07229354 
711 416 7 9 0.07196182 
221 459 10 11 0.07195634 
32 453 9 11 0.07184733 
360 479 10 13 0.07173926 
769 399 7 9 0.07171163 
937 391 6 8 0.07170466 
929 428 8 11 0.07157152 
528 373 9 10 0.07155102 
814 376 6 9 0.07150761 
822 452 9 12 0.071457505 
311 566 12 19 0.07136615 
672 445 9 11 0.07120922 
247 587 14 19 0.07116228 
936 400 7 9 0.0711383 
695 439 7 10 0.07110909 
968 392 8 9 0.07108403 
96 412 7 9 0.070994265 
729 393 7 8 0.07096784 
277 510 11 15 0.07094041 
375 441 8 10 0.07088648 
840 478 9 11 0.07057816 
1007 501 11 16 0.0705042 
866 480 10 12 0.070425704 
639 469 12 15 0.07032875 
326 541 9 12 0.070217095 
768 501 10 12 0.070194036 
670 421 8 11 0.07015142 
200 377 7 8 0.0700963 
789 549 11 13 0.07004218 
765 512 13 15 0.070001945 
81 375 7 10 0.06986179 
116 497 12 16 0.0697392 
799 477 11 14 0.069734305 
255 538 13 16 0.0696811 
896 519 10 12 0.06965968 
813 479 11 13 0.06965067 
301 594 12 19 0.06965034 
812 556 13 16 0.06953742 
880 534 12 16 0.06943195 
722 401 7 8 0.06942135 
990 389 7 9 0.069351576 
659 502 14 18 0.06931493 
167 464 9 10 0.06923362 
655 489 12 14 0.06898799 
342 437 8 10 0.06897003 
104 414 8 9 0.068968594 
201 432 8 10 0.06895388 
863 446 8 10 0.06875713 
385 431 8 10 0.068646014 
197 557 12 17 0.068556644 
895 423 8 10 0.06841354 
145 400 6 9 0.068410814 
46 423 9 10 0.06837482 
63 424 8 9 0.06834642 
15 383 8 9 0.068300396 
334 414 8 10 0.06824783 
219 424 7 10 0.068233795 
177 524 12 14 0.06804747 
422 359 7 10 0.06756949 
136 398 7 8 0.06748947 
287 476 9 11 0.067446455 
721 461 9 11 0.06742159 
192 547 12 17 0.06737191 
766 439 9 10 0.06719821 
743 417 8 10 0.06715121 
952 406 8 9 0.06715115 
197 454 9 11 0.06695273 
991 375 8 9 0.06693308 
57 359 6 9 0.0668664 
694 400 7 9 0.06669801 
817 391 8 10 0.066645175 
756 596 13 18 0.066626534 
376 415 8 9 0.0665109 
178 409 7 9 0.066477716 
300 526 11 15 0.06622951 
17 462 9 11 0.06620991 
848 439 8 10 0.0661678 
278 423 8 10 0.06590409 
987 603 19 22 0.0657085 
856 369 8 9 0.0656605 
43 635 45 44 0.06553732 
320 400 7 9 0.06529283 
254 430 7 9 0.06524688 
814 408 7 10 0.06518168 
175 382 9 10 0.06517084 
207 366 6 8 0.06511933 
151 461 9 11 0.06506715 
817 382 8 9 0.0649985 
391 401 7 9 0.064874925 
430 420 9 11 0.06484079 
919 428 8 10 0.064821474 
166 393 7 9 0.06478788 
415 423 8 9 0.06454029 
383 422 8 11 0.06452601 
173 470 9 11 0.06446063 
312 392 6 9 0.064411454 
86 383 7 9 0.06439695 
113 390 8 10 0.064386934 
502 352 9 12 0.064339526 
917 503 10 13 0.0640917 
868 525 10 12 0.064070925 
959 526 10 14 0.0640634 
431 455 8 12 0.06393047 
671 480 9 12 0.06380725 
919 400 7 9 0.063728824 
197 447 9 10 0.06368286 
138 547 13 17 0.06345581 
743 527 10 12 0.06322809 
804 603 15 20 0.0632153 
100 523 13 17 0.06310643 
463 415 8 10 0.06304803 
311 441 9 11 0.063027345 
31 475 12 13 0.06299731 
209 485 10 12 0.06295481 
102 482 12 16 0.06292495 
665 416 8 10 0.062852 
747 612 11 15 0.062797695 
767 496 9 10 0.06278489 
98 391 7 9 0.062627815 
62 592 16 21 0.062558725 
105 410 7 9 0.06253015 
216 431 7 10 0.06251795 
849 367 7 9 0.062457934 
824 486 8 10 0.062449433 
887 443 9 11 0.06238989 
31 422 9 10 0.062222898 
103 385 7 8 0.06210179 
830 401 7 8 0.06207513 
149 517 11 14 0.062027205 
807 495 8 12 0.061864935 
1000 422 8 10 0.0618105 
368 469 10 11 0.06174 
337 524 9 11 0.061657764 
152 470 10 12 0.061508574 
564 405 10 13 0.061487637 
769 430 9 12 0.06121238 
868 516 9 12 0.060986333 
367 400 7 9 0.060976107 
190 393 8 10 0.06073194 
870 392 7 9 0.0607287 
832 455 8 11 0.06068848 
848 392 7 10 0.060688045 
191 563 11 14 0.060687743 
382 446 8 10 0.060666006 
929 400 7 9 0.060610577 
864 414 8 9 0.060569916 
660 532 11 14 0.0605513 
0 438 7 11 0.060530733 
406 414 7 9 0.060412668 
264 452 9 12 0.060152005 
811 591 16 22 0.060149767 
751 416 7 8 0.060006473 
725 479 10 13 0.05996956 
665 498 13 16 0.059918087 
94 424 8 10 0.059808232 
279 446 9 10 0.05960601 
674 540 11 13 0.059477713 
903 511 9 12 0.059447505 
423 447 8 10 0.059421696 
936 478 9 12 0.05940111 
752 406 7 9 0.059233032 
592 383 8 10 0.059225347 
825 405 8 10 0.05921267 
52 568 22 27 0.05917498 
977 432 9 10 0.059154227 
945 502 10 12 0.05908291 
248 430 8 10 0.05903685 
848 415 8 9 0.058997683 
985 407 7 8 0.058748256 
306 393 7 8 0.05871328 
786 369 7 9 0.05858512 
849 408 8 9 0.058405522 
322 429 7 10 0.058289148 
898 431 9 11 0.058121517 
401 398 8 10 0.058111124 
300 494 9 12 0.058026075 
781 508 10 12 0.057912532 
855 533 10 13 0.057885576 
266 430 8 10 0.057639457 
856 400 7 8 0.057540454 
32 360 7 9 0.057508353 
838 416 8 10 0.057440486 
321 416 7 9 0.057419956 
48 465 9 11 0.057398535 
136 496 11 15 0.057319734 
143 406 8 9 0.057149377 
447 417 7 9 0.057079226 
85 476 10 12 0.05707558 
77 351 8 10 0.056953702 
406 392 7 10 0.056926604 
926 414 8 11 0.056909736 
824 494 10 11 0.056901734 
944 515 13 15 0.056804933 
54 407 8 10 0.056778535 
223 407 7 8 0.056674037 
183 430 8 10 0.056639545 
860 438 10 12 0.056598756 
88 369 7 8 0.05645777 
191 415 8 9 0.056433976 
232 399 7 9 0.056397785 
36 572 12 17 0.056367453 
413 473 12 15 0.05633756 
647 427 10 13 0.056325987 
217 384 7 9 0.0561843 
137 459 10 12 0.05612832 
772 478 10 13 0.055792715 
991 424 8 10 0.055790074 
268 492 10 13 0.05575698 
958 559 13 17 0.055536866 
831 503 9 12 0.055492815 
162 399 7 10 0.055352602 
58 436 8 10 0.055350892 
335 509 10 12 0.055342603 
670 441 8 10 0.055215 
15 440 8 10 0.055096112 
847 463 8 10 0.055072483 
103 433 8 10 0.055016838 
319 518 8 11 0.054866996 
311 398 7 9 0.05479604 
240 367 7 8 0.054658767 
856 586 12 18 0.05456613 
829 439 8 10 0.0545252 
849 398 7 9 0.054428 
457 382 8 11 0.054037668 
230 349 8 9 0.054029513 
54 494 11 14 0.054013338 
145 424 7 9 0.05396141 
721 406 7 8 0.053947125 
753 516 13 15 0.05388869 
929 392 7 8 0.05381525 
178 390 8 9 0.05375206 
273 463 9 10 0.05356358 
249 408 8 10 0.053498134 
288 460 9 10 0.05346904 
103 460 10 13 0.05338039 
693 516 11 14 0.053356946 
1000 417 8 9 0.05331895 
710 455 8 11 0.053287145 
266 368 8 9 0.053270355 
751 441 9 10 0.053243455 
738 590 15 19 0.053211994 
806 397 8 10 0.053136636 
174 508 9 13 0.053103082 
378 392 6 8 0.053024616 
447 370 8 10 0.053012144 
847 469 9 10 0.05300488 
425 366 8 9 0.052943226 
621 451 12 15 0.05292075 
766 383 7 8 0.052918375 
839 421 8 10 0.052871183 
246 484 9 12 0.05284663 
431 408 8 10 0.05284232 
1000 391 8 9 0.052818697 
303 440 9 11 0.05281237 
697 445 8 11 0.05270152 
297 422 8 9 0.05269744 
16 370 7 8 0.052679718 
414 429 8 10 0.052667964 
304 446 8 11 0.0525768 
334 455 9 11 0.05256586 
263 511 11 14 0.052506298 
104 422 8 10 0.05243287 
357 415 8 10 0.052324384 
856 413 8 10 0.052235354 
304 455 8 10 0.05219525 
822 500 11 13 0.052134186 
223 438 8 10 0.052052 
208 406 7 9 0.052047398 
40 367 7 9 0.052039564 
707 390 7 9 0.051993012 
992 506 13 15 0.05180734 
277 209 13 16 0.051791042 
929 375 8 9 0.051771518 
132 594 22 26 0.0517659 
382 105 44 54 0.051747788 
733 527 10 13 0.051717106 
231 581 13 16 0.051689893 
718 440 7 9 0.05167171 
837 549 11 13 0.051648855 
786 374 7 8 0.051607925 
161 405 8 10 0.051557764 
895 501 10 12 0.051543795 
150 548 13 17 0.051494665 
914 360 8 10 0.05148536 
288 448 7 9 0.051417693 
948 483 10 12 0.05141651 
935 446 9 13 0.05134312 
319 440 8 10 0.051325396 
710 475 10 13 0.05127113 
946 368 8 10 0.051207937 
358 550 11 14 0.051088825 
121 583 20 26 0.051015835 
77 446 9 11 0.050989263 
27 360 6 9 0.050888263 
211 591 14 18 0.05083124 
863 368 7 10 0.05082661 
969 463 9 13 0.05078907 
936 439 10 12 0.050760064 
750 524 12 15 0.050694805 
47 439 8 10 0.05068066 
126 421 9 11 0.05058225 
680 429 8 10 0.050538942 
760 491 10 12 0.05050376 
177 448 8 12 0.05048841 
679 476 11 13 0.050444115 
295 463 9 10 0.050399803 
245 454 10 11 0.05027221 
130 408 8 10 0.050191693 
711 385 8 10 0.05009061 
369 441 8 10 0.050030634 
639 416 8 9 0.04999862 
900 594 14 18 0.0499748 
698 555 12 14 0.049871642 
176 353 7 9 0.049831912 
928 452 9 11 0.049801443 
388 100 30 38 0.049768396 
327 455 10 12 0.04968651 
90 400 7 9 0.049547203 
209 516 11 14 0.04952419 
272 416 7 9 0.049461268 
181 502 11 14 0.04943387 
871 448 7 9 0.049401816 
438 440 10 12 0.04935166 
432 384 8 9 0.049283408 
50 451 9 11 0.049085375 
266 400 7 9 0.048940696 
36 499 12 15 0.04889083 
56 475 10 12 0.048772823 
978 499 12 14 0.048740756 
756 536 12 15 0.048702147 
404 485 12 16 0.048687004 
952 430 9 11 0.0486163 
993 359 8 10 0.04857435 
734 439 8 10 0.048424143 
118 540 13 17 0.048420865 
688 399 7 9 0.048404004 
121 423 9 10 0.04838944 
255 413 7 9 0.048372857 
230 344 8 10 0.048360802 
816 499 9 11 0.048327547 
880 514 10 13 0.048299763 
876 480 9 11 0.04826514 
662 406 8 9 0.04824366 
374 374 7 9 0.04822321 
214 494 10 12 0.048215836 
240 336 7 10 0.04818684 
183 461 9 11 0.048182823 
390 525 11 13 0.04807888 
742 532 14 16 0.048037432 
838 524 10 12 0.04801511 
361 461 9 11 0.04792699 
197 544 14 18 0.047921102 
823 510 12 13 0.047880083 
101 501 11 15 0.04787957 
183 447 8 11 0.047859624 
251 659 17 21 0.047797903 
79 592 17 20 0.047667682 
800 405 7 9 0.047442336 
400 368 8 11 0.04742087 
999 447 10 13 0.04741846 
246 439 8 10 0.04738905 
29 401 8 10 0.047384214 
246 564 12 16 0.04729965 
838 471 8 11 0.04729704 
153 392 7 9 0.0471815 
497 353 9 12 0.0471578 
902 397 7 10 0.047149684 
240 341 7 9 0.046866663 
25 384 7 8 0.04686341 
152 417 7 9 0.046849787 
907 335 11 13 0.046792462 
945 510 10 13 0.046760187 
889 373 7 9 0.046745732 
908 439 8 10 0.046741527 
137 383 7 9 0.046738744 
263 376 8 9 0.046718035 
718 472 10 11 0.046682548 
405 477 10 13 0.046625827 
957 431 9 10 0.04662457 
986 400 8 10 0.04653929 
168 444 9 11 0.04643535 
1010 476 12 15 0.046397448 
206 376 7 9 0.046356108 
288 351 8 9 0.046306536 
687 407 8 9 0.046154417 
944 376 7 8 0.04614069 
687 439 9 11 0.0461019 
230 194 10 14 0.04605009 
47 430 7 10 0.046032056 
9 386 7 9 0.046022844 
269 407 8 9 0.04601866 
200 438 8 10 0.046012275 
458 404 8 10 0.04587044 
720 432 8 9 0.0458428 
72 440 7 11 0.045827143 
1008 424 9 11 0.04575357 
360 393 7 9 0.045741376 
989 447 10 12 0.045628037 
311 431 8 10 0.0456075 
985 375 7 9 0.045503695 
992 633 24 33 0.045435254 
86 376 7 9 0.045409963 
281 376 8 9 0.04535202 
744 471 9 12 0.04532804 
406 580 11 14 0.04532654 
392 437 9 10 0.04532057 
80 58 18 22 0.04510308 
389 503 11 13 0.04508272 
244 447 10 11 0.04506607 
104 477 11 15 0.045029778 
279 453 9 11 0.04500731 
335 551 13 14 0.044944853 
814 431 8 10 0.044929188 
169 621 16 20 0.04491617 
154 359 7 9 0.044847272 
318 495 9 10 0.04484689 
707 406 7 10 0.044800974 
831 432 8 10 0.04473221 
290 392 6 8 0.044678774 
217 360 6 9 0.044663716 
295 382 7 9 0.044480592 
902 385 7 9 0.044440176 
1012 424 9 11 0.044430118 
254 453 10 11 0.0444032 
285 508 10 14 0.04438477 
464 439 9 11 0.044371888 
385 406 8 10 0.044353966 
96 429 8 10 0.044231895 
846 422 9 10 0.04419604 
221 448 9 11 0.044004027 
440 376 7 9 0.043928705 
209 479 8 11 0.043915305 
733 477 11 13 0.043855518 
959 476 10 13 0.04385433 
894 369 7 10 0.04384947 
889 562 15 20 0.043827277 
47 408 9 11 0.043773875 
120 392 7 9 0.04370345 
694 406 7 9 0.04359593 
381 463 9 11 0.043514643 
320 484 9 11 0.04348835 
337 383 7 9 0.04343433 
763 422 8 11 0.04342676 
752 400 8 10 0.043372504 
637 437 9 12 0.043371394 
907 598 13 17 0.043335702 
159 516 10 14 0.043302696 
327 437 9 11 0.043203242 
64 377 7 8 0.043146774 
70 429 9 10 0.043126512 
344 453 9 10 0.043082904 
914 400 7 8 0.04304609 
695 464 9 12 0.04302237 
110 463 10 12 0.042914778 
661 475 10 12 0.04287048 
865 602 15 17 0.04283154 
674 407 8 9 0.042792417 
192 500 12 14 0.042760048 
775 484 9 12 0.04275175 
870 413 8 10 0.042723566 
176 357 7 9 0.042719383 
79 369 6 8 0.0427148 
22 463 10 12 0.042598695 
9 631 24 27 0.042544566 
81 553 12 17 0.042453762 
0 461 7 12 0.042453386 
414 399 8 9 0.04244969 
292 606 15 21 0.042448033 
374 407 7 9 0.04234588 
261 479 9 12 0.042172167 
438 353 8 10 0.042170443 
296 616 12 16 0.042096674 
78 500 9 12 0.04208971 
331 167 22 29 0.0420755 
695 384 8 9 0.042069633 
314 383 7 9 0.04204363 
144 436 9 11 0.041973624 
66 391 8 10 0.041890908 
759 391 8 10 0.04179771 
234 484 9 13 0.04178138 
378 422 8 10 0.041770957 
857 374 8 9 0.041766837 
351 397 8 10 0.041745465 
168 438 9 11 0.04169592 
937 483 9 13 0.041681193 
75 510 11 14 0.041616093 
0 470 10 15 0.041608743 
361 495 9 11 0.041563835 
701 523 10 13 0.041449208 
942 587 13 18 0.041420106 
224 415 7 9 0.041405022 
128 393 7 9 0.041404285 
384 392 7 8 0.04137704 
246 369 7 8 0.041345168 
447 421 8 10 0.041258134 
198 312 8 10 0.041212954 
690 430 9 10 0.04114354 
793 423 8 10 0.041138418 
897 443 9 11 0.04108327 
241 509 11 13 0.04107536 
145 416 7 9 0.041058466 
710 405 7 9 0.041038495 
231 431 8 10 0.04097282 
47 390 8 9 0.040904216 
705 454 9 11 0.040832695 
747 589 13 18 0.040767755 
175 375 7 9 0.04074672 
870 399 7 9 0.040636476 
535 472 10 12 0.040528405 
703 463 10 13 0.040499482 
66 344 8 10 0.04040637 
64 351 7 9 0.04029163 
38 464 9 10 0.040282145 
258 376 7 9 0.040203966 
775 496 10 12 0.040122285 
346 398 7 10 0.040102832 
201 351 7 9 0.04009927 
310 460 11 12 0.040081926 
695 521 11 15 0.04005438 
39 440 9 12 0.040019684 
199 600 15 19 0.039988264 
328 407 7 9 0.03995679 
234 367 7 9 0.03992733 
935 376 8 10 0.039898228 
193 360 7 9 0.039813902 
645 483 10 14 0.039799094 
678 416 7 10 0.039795496 
801 394 7 9 0.039783947 
168 508 11 16 0.039744344 
98 367 7 8 0.03972355 
761 408 7 9 0.039721783 
359 376 6 8 0.039711565 
112 366 6 9 0.03965976 
462 376 7 8 0.03956276 
658 401 8 9 0.039558295 
824 463 9 11 0.03949652 
259 383 7 9 0.039481215 
136 375 7 9 0.0394571 
31 415 9 12 0.0394283 
816 560 12 15 0.039413244 
45 632 14 17 0.0393796 
234 447 8 10 0.039252616 
245 532 11 16 0.039216623 
920 486 10 13 0.039195117 
426 392 7 9 0.039148398 
305 405 7 9 0.039055664 
790 373 7 9 0.039032523 
159 482 10 13 0.038921203 
1016 397 8 10 0.038905498 
215 544 14 18 0.038900804 
982 438 10 11 0.038862724 
319 460 9 11 0.03884897 
794 429 10 13 0.038846266 
967 520 12 16 0.038837064 
807 369 7 8 0.038778353 
287 179 12 14 0.038773626 
835 390 7 10 0.038772743 
839 463 9 10 0.03876908 
255 481 18 22 0.038768414 
350 484 9 11 0.03874402 
689 415 8 10 0.03867249 
762 383 8 9 0.038664773 
862 374 7 9 0.038639966 
1009 375 10 10 0.038627997 
807 452 9 11 0.038547844 
352 440 8 9 0.038541906 
71 635 28 32 0.03849915 
143 382 8 9 0.038472477 
130 376 6 8 0.038464423 
406 397 8 10 0.038398523 
231 493 10 13 0.038364228 
370 373 7 9 0.038354393 
689 382 8 9 0.038295396 
247 173 14 16 0.03824662 
381 477 9 12 0.03822619 
656 430 9 12 0.03822108 
958 422 9 10 0.03816537 
984 367 7 9 0.038140837 
358 408 8 9 0.038009357 
231 423 7 9 0.03800832 
175 519 11 13 0.03789493 
144 370 7 8 0.03774364 
657 437 9 10 0.037721135 
913 417 8 9 0.03772065 
746 407 7 8 0.0377148 
288 525 11 14 0.037713084 
821 390 7 10 0.037688572 
30 575 14 18 0.03763042 
647 434 10 13 0.037528068 
328 550 11 14 0.037476275 
266 553 14 17 0.037348717 
425 399 8 10 0.037345722 
469 471 9 12 0.03729802 
1 549 9 14 0.037239645 
47 631 24 31 0.037188537 
892 556 14 18 0.03716373 
864 461 9 12 0.037138812 
326 400 7 9 0.03697012 
307 360 6 9 0.03696163 
305 366 8 10 0.03693655 
923 565 12 15 0.036879603 
647 399 7 9 0.03686524 
822 479 9 11 0.036856353 
231 107 25 29 0.036817256 
888 493 9 12 0.036804568 
160 391 8 10 0.036764737 
354 430 8 10 0.036758278 
624 458 10 13 0.036729645 
833 476 9 11 0.03671777 
759 549 14 20 0.03668672 
254 469 9 11 0.03667086 
767 409 7 8 0.036660794 
287 415 8 10 0.03664623 
1013 506 9 13 0.03657927 
543 479 9 12 0.03656116 
857 422 8 11 0.03655469 
31 383 7 9 0.03649997 
1014 391 7 10 0.036492962 
44 543 14 20 0.036403593 
272 448 9 11 0.036390223 
159 461 9 11 0.03638802 
806 420 9 10 0.03638081 
925 554 12 15 0.036251776 
430 467 10 13 0.03623188 
295 392 6 8 0.036215093 
312 376 7 8 0.036102917 
3 499 12 14 0.036070313 
88 427 8 11 0.035970088 
115 377 7 9 0.035948206 
434 439 8 11 0.035924733 
865 454 8 11 0.0359173 
129 354 8 9 0.035916235 
159 430 9 11 0.035903513 
998 373 8 10 0.035898805 
902 502 8 11 0.035893846 
749 600 13 20 0.035873752 
91 561 11 15 0.0358552 
934 572 14 16 0.035825625 
815 368 7 8 0.03581705 
158 472 10 12 0.035810094 
185 398 8 10 0.03580916 
39 471 11 13 0.03578824 
67 477 11 13 0.03576286 
375 451 9 11 0.035745073 
66 564 14 17 0.035693813 
661 525 12 16 0.03560899 
79 440 8 10 0.03558234 
247 374 7 8 0.03554638 
55 367 7 9 0.03545497 
334 476 11 13 0.03544231 
377 399 7 9 0.03536816 
869 495 8 11 0.03536799 
282 404 8 10 0.035365183 
815 422 7 10 0.03534881 
858 515 10 13 0.03531751 
736 445 9 11 0.035298366 
174 369 6 8 0.035241634 
183 408 7 8 0.03523969 
830 406 8 10 0.035152275 
319 378 7 8 0.035150602 
360 398 7 9 0.035114866 
887 518 9 12 0.035055473 
280 557 11 15 0.035027932 
791 407 8 9 0.035004392 
950 454 11 13 0.034985267 
94 399 8 10 0.034930944 
1003 577 16 20 0.03492027 
520 376 8 11 0.034909166 
157 423 8 10 0.034881186 
430 389 8 11 0.034797918 
150 353 7 9 0.034780957 
872 367 7 9 0.034770057 
62 455 9 11 0.034744397 
45 495 10 13 0.034734435 
852 621 16 20 0.034706477 
215 500 11 14 0.034702256 
438 460 12 15 0.034690477 
257 391 8 9 0.034669887 
319 391 7 9 0.034593225 
200 359 8 10 0.034589734 
46 501 10 15 0.034543563 
253 499 12 14 0.034521203 
745 447 10 12 0.034491908 
409 444 10 11 0.0344821 
328 415 8 10 0.0344623 
826 415 9 11 0.034446854 
71 453 9 11 0.034408778 
980 462 10 12 0.03437581 
24 413 9 11 0.03437281 
895 509 10 13 0.034178 
51 633 14 19 0.034174096 
461 383 9 10 0.034134727 
64 416 9 10 0.03410181 
561 399 9 12 0.03409456 
216 629 16 22 0.03408846 
766 453 9 11 0.034064747 
37 453 9 11 0.034059253 
735 514 12 16 0.03403818 
104 470 9 12 0.034034427 
295 439 8 11 0.03401156 
493 564 12 18 0.03392444 
365 453 9 10 0.03392435 
975 454 9 11 0.033843488 
868 500 10 13 0.033788353 
221 484 9 12 0.03377579 
501 562 11 17 0.033703014 
570 390 24 30 0.033701833 
345 392 7 9 0.033685885 
89 390 7 9 0.033679448 
958 449 11 14 0.033591725 
294 430 8 10 0.033572067 
693 567 13 16 0.03350166 
839 519 9 12 0.033466697 
776 405 7 8 0.033463422 
41 389 8 10 0.03345315 
369 413 8 10 0.033421572 
179 532 13 16 0.03341608 
765 485 10 12 0.03341271 
763 415 7 9 0.033394277 
210 557 14 18 0.03334719 
422 353 8 10 0.033346813 
48 398 9 10 0.033329047 
981 342 8 11 0.033256643 
398 490 12 15 0.033195928 
439 403 8 11 0.03318864 
635 444 11 15 0.033176567 
315 592 14 19 0.03316372 
247 500 9 13 0.032968335 
967 452 9 11 0.032962043 
790 440 8 10 0.032885022 
695 417 7 8 0.032836594 
734 247 10 12 0.032758877 
295 453 10 12 0.03268347 
767 391 7 9 0.032662906 
458 452 10 11 0.032658942 
169 353 7 9 0.0326565 
794 460 9 11 0.03264516 
614 376 8 10 0.032620758 
63 481 11 15 0.032620173 
479 456 10 12 0.032602873 
151 384 7 8 0.032597307 
361 535 11 15 0.032590125 
745 400 8 9 0.032567967 
24 367 7 9 0.032536764 
87 524 12 18 0.03253046 
32 377 6 8 0.03246153 
184 359 7 8 0.03239255 
136 422 8 10 0.032375015 
199 380 7 9 0.032358527 
937 416 7 9 0.032353647 
825 420 9 11 0.032317627 
127 663 14 16 0.03231356 
790 369 7 9 0.032290217 
337 463 9 10 0.032210663 
534 373 9 9 0.03211897 
29 485 13 16 0.03211874 
46 570 14 18 0.032094207 
147 625 14 20 0.03207451 
206 359 7 10 0.03197128 
302 420 8 9 0.031953134 
41 407 8 10 0.03195061 
72 462 9 11 0.03191489 
14 317 9 12 0.031891875 
904 469 9 11 0.031843856 
224 374 7 9 0.031817023 
936 636 24 28 0.031816244 
657 405 7 10 0.03181162 
1007 415 9 10 0.031799402 
11 481 11 15 0.031796493 
927 439 8 11 0.031795856 
1000 478 9 12 0.031776346 
446 436 9 12 0.031775665 
246 494 10 12 0.03173387 
409 439 8 10 0.031726696 
348 519 10 12 0.031682882 
134 560 13 18 0.031642195 
812 414 8 9 0.03163385 
282 563 12 16 0.031628925 
643 398 8 10 0.031616252 
166 432 9 10 0.031612817 
778 554 13 18 0.03158775 
923 642 17 21 0.03156342 
142 488 11 13 0.03156122 
284 619 12 18 0.03156033 
207 415 7 9 0.031557683 
977 424 8 8 0.03151199 
142 358 7 9 0.031500414 
894 456 19 23 0.031499784 
966 422 8 10 0.031494737 
898 386 7 8 0.031470705 
366 492 9 12 0.031455666 
798 627 28 30 0.031453475 
280 500 11 14 0.031292275 
975 361 8 10 0.031277113 
409 382 8 8 0.031267617 
319 361 6 9 0.03123329 
343 383 6 8 0.03122956 
204 608 17 20 0.031162137 
135 437 9 12 0.031151125 
974 398 8 9 0.03111268 
839 408 8 9 0.03110711 
41 427 9 11 0.031067133 
98 360 7 8 0.031038195 
7 439 8 9 0.031003382 
418 465 12 15 0.030972965 
901 479 10 11 0.030947547 
154 595 13 18 0.030938981 
617 437 10 15 0.03092763 
609 376 10 12 0.030884944 
312 407 7 9 0.030862216 
873 467 9 12 0.030820213 
0 367 6 9 0.030744245 
311 577 12 17 0.030737817 
433 375 7 9 0.030731691 
64 382 8 10 0.030711167 
920 440 8 10 0.030666133 
143 353 8 9 0.030643063 
733 399 7 9 0.030636728 
706 429 9 11 0.0306132 
216 405 7 9 0.030583153 
739 572 13 16 0.030566137 
371 480 13 16 0.030522026 
921 571 11 15 0.030518655 
641 422 8 10 0.030510465 
882 406 7 9 0.030509224 
233 471 9 12 0.030450273 
224 384 6 8 0.030428665 
863 521 12 14 0.030396909 
434 446 8 10 0.030346435 
22 487 12 14 0.030328471 
323 534 10 13 0.030321728 
657 460 12 15 0.030321248 
73 374 7 9 0.030227987 
623 433 9 11 0.030227683 
230 284 10 13 0.030215548 
288 381 7 9 0.030187013 
784 523 10 13 0.030131664 
721 525 11 15 0.030117758 
163 588 13 18 0.030094434 
229 561 14 17 0.03001863 
100 489 12 17 0.030006895 
983 611 25 29 0.029953003 
974 573 14 19 0.029940374 
616 420 9 12 0.029929414 
53 592 16 22 0.029929373 
775 455 9 10 0.02990304 
783 453 9 11 0.029900452 
223 400 7 8 0.029882012 
310 589 13 18 0.029850248 
240 406 7 9 0.029849842 
167 485 12 14 0.029846804 
816 612 16 19 0.02979709 
952 546 11 16 0.02978791 
841 397 7 9 0.02978446 
127 461 11 12 0.029774642 
187 569 13 16 0.029759597 
975 495 10 14 0.029744416 
336 446 8 10 0.029740825 
944 393 6 8 0.029700348 
111 397 9 10 0.029693576 
913 407 7 9 0.029691912 
87 336 8 8 0.029678762 
173 438 8 10 0.029601851 
347 524 11 13 0.029590074 
137 581 14 19 0.029558728 
303 500 9 12 0.029529395 
168 535 11 14 0.0294951 
39 399 8 9 0.029491005 
65 408 8 9 0.029437235 
456 417 9 10 0.029435102 
71 513 18 25 0.029401658 
193 484 9 12 0.029351374 
678 454 19 23 0.029330477 
688 392 8 9 0.029312087 
694 542 12 14 0.029266138 
218 415 8 9 0.02926237 
240 180 11 14 0.029259864 
983 580 24 28 0.029257772 
993 351 8 10 0.029239206 
287 486 9 12 0.0291621 
997 358 8 11 0.029149007 
744 391 7 9 0.029111803 
942 382 7 9 0.029096777 
1012 381 9 11 0.029095208 
264 463 8 10 0.029091785 
26 620 15 22 0.029069189 
446 383 9 10 0.029019684 
993 590 25 30 0.02898671 
186 367 7 9 0.028962702 
319 502 8 10 0.02895229 
208 445 8 10 0.028949682 
772 548 14 18 0.028945412 
272 436 8 11 0.02894093 
669 508 12 17 0.02890477 
0 373 6 10 0.028899945 
76 484 12 14 0.028887382 
441 423 8 10 0.028858824 
631 406 8 10 0.028857915 
662 447 10 12 0.028836206 
940 444 10 13 0.028830819 
703 502 11 13 0.028787559 
848 384 6 8 0.028773082 
847 532 10 13 0.028758962 
469 414 9 11 0.028732276 
656 446 9 12 0.02870059 
110 423 9 10 0.028630236 
291 490 17 22 0.02858382 
110 517 10 12 0.02857217 
1 494 9 14 0.028571898 
198 488 10 12 0.028529525 
759 469 9 12 0.028525991 
249 180 14 16 0.028525613 
518 381 7 10 0.028521992 
1008 470 10 14 0.028443279 
840 436 9 11 0.02839375 
993 368 7 8 0.028383054 
757 463 9 12 0.028380714 
438 525 12 15 0.028379926 
964 479 19 23 0.028339718 
1007 493 12 16 0.028283706 
617 430 9 12 0.028270708 
229 502 10 13 0.02827033 
834 384 7 9 0.028251134 
297 417 8 10 0.028246734 
632 465 11 15 0.02823904 
391 416 8 8 0.028237296 
818 587 14 21 0.02821639 
984 473 10 14 0.028215181 
191 366 8 10 0.028199954 
366 392 7 8 0.028191172 
801 501 9 12 0.028178297 
774 446 8 10 0.028175008 
70 344 7 9 0.02815787 
790 553 12 16 0.028146999 
893 580 19 25 0.028127855 
7 460 10 12 0.02811402 
736 376 8 9 0.028082335 
199 345 8 9 0.028079115 
1009 408 8 10 0.028078822 
896 433 19 22 0.028048687 
238 441 18 23 0.028025178 
758 399 8 10 0.028016822 
401 385 7 8 0.028007532 
8 448 9 11 0.028000042 
32 622 21 26 0.027990375 
232 407 7 8 0.027985252 
792 478 9 12 0.027900554 
729 437 8 10 0.027844815 
726 469 9 11 0.02783579 
1006 476 19 25 0.027817497 
407 369 7 9 0.027751898 
801 367 8 10 0.027743626 
825 432 9 11 0.027728407 
456 478 10 12 0.027725458 
272 469 10 12 0.027715264 
341 508 9 11 0.027712382 
640 430 9 12 0.02763056 
59 353 6 9 0.027570672 
444 462 9 12 0.027555192 
86 439 9 11 0.027459847 
288 356 7 9 0.027408306 
112 493 10 15 0.02740112 
70 486 13 15 0.027326135 
573 348 13 15 0.027317327 
703 481 10 13 0.02730606 
864 384 7 8 0.027288727 
237 528 13 16 0.027286904 
973 537 13 15 0.027277831 
215 443 18 23 0.027215019 
908 513 11 15 0.02720096 
923 544 16 17 0.027161142 
858 429 10 13 0.027137542 
366 431 8 10 0.027134622 
688 588 13 18 0.027122313 
753 376 7 8 0.027107133 
719 423 7 9 0.027074834 
353 509 9 11 0.027056394 
345 422 8 10 0.02700768 
66 397 9 10 0.026962485 
789 499 10 13 0.026960593 
686 106 25 29 0.026864016 
337 391 7 9 0.026710974 
920 476 10 13 0.026699467 
337 400 7 8 0.026667709 
921 470 9 12 0.026654435 
844 558 14 17 0.026641069 
685 524 12 14 0.026616558 
221 472 9 12 0.026567908 
462 356 8 11 0.026536245 
972 517 13 16 0.026534434 
675 483 11 13 0.026531165 
871 539 12 16 0.026523195 
425 408 8 11 0.026473535 
928 369 9 10 0.026399488 
64 445 9 11 0.02638857 
125 601 17 21 0.026350446 
761 431 9 10 0.026317913 
139 572 13 16 0.02631708 
784 488 11 13 0.02629697 
358 512 12 15 0.026289517 
328 360 7 9 0.026267119 
136 369 7 8 0.026260056 
6 579 12 17 0.026246121 
369 360 7 8 0.02615246 
233 359 8 10 0.02613027 
252 166 13 15 0.026054116 
72 470 9 12 0.02602946 
255 358 7 9 0.025984906 
303 472 10 12 0.025981333 
886 502 9 12 0.025907448 
1012 527 11 15 0.025898276 
17 405 7 10 0.025849069 
968 383 7 9 0.02584617 
249 391 7 9 0.025843743 
807 393 8 10 0.025837513 
278 391 7 9 0.025818244 
108 547 11 16 0.025815723 
135 465 17 23 0.025763156 
848 375 7 8 0.025757028 
328 502 8 11 0.025716256 
0 431 7 12 0.025716148 
289 368 6 8 0.02571244 
170 416 7 9 0.02567617 
311 558 10 14 0.02565678 
860 607 18 21 0.025645023 
159 366 7 9 0.025639823 
423 441 8 9 0.025632747 
375 383 6 8 0.025616022 
832 374 7 8 0.025592193 
995 580 24 27 0.02559129 
869 424 8 10 0.025590401 
1013 436 21 26 0.025520172 
212 473 18 23 0.025488444 
282 344 7 9 0.02547522 
54 400 8 10 0.02547362 
125 477 9 12 0.025456002 
98 384 7 9 0.025449408 
153 368 7 8 0.025380787 
887 568 20 25 0.025367206 
727 405 7 9 0.02536689 
738 564 13 16 0.025322394 
97 375 7 8 0.025307389 
1007 368 8 9 0.025278926 
683 531 12 15 0.02527006 
183 469 10 12 0.025248034 
6 431 8 10 0.025239374 
782 517 11 13 0.025238765 
286 423 9 10 0.025216332 
846 525 10 13 0.02517003 
218 390 7 10 0.025169456 
377 507 13 14 0.025060937 
78 399 8 9 0.025033822 
200 392 8 9 0.025001382 
879 443 9 12 0.024978979 
80 422 8 11 0.024936995 
248 400 7 8 0.024912365 
353 382 7 8 0.024902433 
229 583 21 25 0.024806762 
793 400 7 9 0.02480598 
506 433 10 12 0.024770707 
245 457 18 23 0.024762701 
732 652 15 19 0.02472446 
342 142 13 15 0.024717538 
132 508 12 14 0.024704397 
734 73 13 14 0.024700688 
240 374 7 9 0.024690788 
788 517 11 13 0.024648543 
136 447 10 12 0.024629977 
859 582 14 18 0.024622442 
854 452 8 11 0.024610808 
120 415 7 9 0.024596334 
892 480 17 22 0.024589585 
735 381 8 9 0.024561346 
861 539 11 16 0.024538558 
200 423 7 8 0.024530446 
962 484 10 13 0.024517054 
280 382 8 9 0.024515048 
742 384 8 8 0.024479369 
416 366 8 10 0.024476444 
923 629 27 33 0.024444995 
383 495 10 13 0.024399139 
77 391 7 9 0.024390684 
165 614 15 19 0.02430932 
218 505 18 22 0.024297476 
226 344 8 10 0.024284145 
200 407 7 9 0.024254115 
840 483 10 12 0.02424484 
161 376 7 8 0.024198877 
444 526 12 15 0.024123708 
861 565 13 19 0.02406315 
51 581 22 28 0.024055151 
463 392 8 10 0.024050536 
129 398 7 8 0.024034014 
271 334 6 9 0.024031322 
944 405 7 9 0.024001 
918 391 8 9 0.023954593 
233 568 20 25 0.023954455 
110 430 8 10 0.023913298 
10 359 7 9 0.023906682 
376 502 12 13 0.023899872 
205 352 7 9 0.023898192 
772 522 10 14 0.023893677 
477 554 16 21 0.023847539 
654 423 9 11 0.023835659 
49 547 20 26 0.023804724 
330 376 7 8 0.02379332 
647 531 11 13 0.023770455 
62 358 7 10 0.023769548 
38 361 8 9 0.023729172 
950 374 7 8 0.023715232 
878 468 9 11 0.02371149 
740 648 15 19 0.023679107 
151 566 15 21 0.023643482 
168 492 11 13 0.023640467 
761 376 8 8 0.023596404 
207 423 8 9 0.023581155 
839 375 7 9 0.023564082 
222 390 7 9 0.023560101 
317 472 9 11 0.023524037 
733 495 12 14 0.023515305 
21 576 15 18 0.023478126 
305 373 7 9 0.023458352 
1 382 7 10 0.023420729 
935 510 10 12 0.023419878 
730 382 6 8 0.023384297 
270 360 7 9 0.023358433 
96 469 10 12 0.023351215 
269 247 14 16 0.02334069 
734 429 9 11 0.023320192 
239 500 10 14 0.023314139 
392 376 7 9 0.023292359 
128 368 7 9 0.023208175 
791 576 20 26 0.023171768 
310 441 18 23 0.023159465 
388 423 19 24 0.023148354 
391 390 7 9 0.023129301 
728 376 7 9 0.023095911 
797 594 16 20 0.023075402 
673 529 19 24 0.023074437 
320 365 7 9 0.023062497 
94 545 13 16 0.022996271 
111 351 7 9 0.022979124 
194 381 8 10 0.022959169 
935 462 9 11 0.02295258 
766 368 7 7 0.022916665 
735 392 6 8 0.022913586 
960 368 7 9 0.022905063 
303 508 10 13 0.022901457 
880 408 19 24 0.022890257 
184 375 7 9 0.022884581 
977 415 7 10 0.02286723 
48 368 7 9 0.022864724 
816 439 8 10 0.022863874 
866 510 11 14 0.022860019 
439 382 7 10 0.022857003 
1013 366 9 12 0.022833096 
807 360 7 9 0.022826944 
953 435 18 22 0.022823045 
695 453 9 12 0.022821562 
119 367 7 8 0.022807237 
875 605 12 16 0.02280629 
780 598 13 17 0.022774443 
454 369 8 9 0.022751886 
889 578 13 17 0.022744281 
696 560 24 26 0.022707054 
73 384 7 8 0.02269516 
949 534 18 24 0.022689171 
272 352 6 9 0.022680754 
687 548 11 15 0.022644734 
727 536 12 17 0.022618031 
108 455 10 11 0.022606988 
269 503 12 14 0.022589905 
704 571 19 24 0.022581132 
239 383 8 9 0.022568924 
424 408 18 23 0.022546818 
335 167 13 17 0.02254069 
238 360 8 9 0.02254065 
946 634 17 20 0.022533117 
112 361 7 9 0.022522274 
711 514 12 15 0.022509662 
945 495 9 12 0.022496305 
897 466 11 12 0.022490177 
183 352 7 9 0.022486633 
166 477 10 13 0.022483865 
103 374 7 9 0.022433752 
117 483 13 13 0.022403756 
140 562 13 17 0.022402732 
944 409 18 25 0.022322247 
968 470 17 23 0.02227421 
319 511 8 10 0.022252038 
120 446 9 11 0.022239966 
815 518 10 12 0.022210237 
528 376 43 51 0.022175852 
656 415 7 9 0.02217239 
752 392 8 10 0.02215459 
201 366 7 9 0.022135561 
362 538 21 25 0.02213371 
416 407 8 10 0.022130778 
918 376 8 10 0.022094907 
331 561 16 19 0.022091191 
337 533 9 12 0.022075454 
150 406 7 9 0.02207095 
350 503 10 11 0.02205542 
229 544 15 18 0.022053346 
974 564 13 18 0.022052797 
336 376 7 9 0.022050118 
845 652 12 15 0.022040937 
803 587 19 23 0.022038758 
676 523 13 16 0.022038596 
296 369 7 8 0.022034401 
128 358 7 9 0.022022754 
963 645 14 20 0.022013973 
157 588 13 17 0.022006605 
96 461 11 13 0.021983124 
43 617 25 30 0.02198085 
377 430 9 11 0.021963816 
194 375 7 9 0.021931618 
354 407 8 10 0.021927783 
889 481 9 12 0.021924267 
7 516 11 16 0.021907162 
957 463 10 12 0.021896703 
508 556 13 18 0.02189363 
117 619 19 29 0.021859663 
911 480 9 11 0.021831485 
990 394 18 23 0.021821126 
681 392 8 9 0.02180122 
182 478 10 13 0.021793667 
119 428 10 11 0.02176755 
122 361 7 7 0.02176736 
56 424 18 24 0.021751754 
335 553 21 26 0.021741541 
143 522 12 16 0.021728331 
470 439 8 11 0.02172445 
25 423 9 11 0.02171497 
372 465 19 24 0.021703536 
864 359 8 9 0.021683563 
384 360 8 9 0.02167821 
747 500 10 14 0.021667387 
60 472 20 23 0.021621535 
789 415 8 10 0.021620557 
206 393 8 10 0.021583872 
363 508 11 13 0.021573693 
720 392 7 8 0.021553107 
567 339 25 28 0.021546086 
742 376 7 8 0.021531485 
55 375 7 9 0.02151642 
79 429 8 10 0.021499777 
48 360 8 9 0.021487437 
615 399 7 9 0.02148501 
169 382 8 9 0.0214771 
268 535 12 15 0.021452095 
399 352 8 9 0.02143019 
78 357 8 9 0.021411788 
967 578 12 17 0.02135229 
774 463 9 10 0.021333326 
548 375 42 51 0.021302734 
467 445 10 13 0.021278977 
239 400 8 9 0.02124703 
954 555 21 29 0.021222416 
970 507 9 12 0.021215137 
62 495 11 15 0.021143738 
177 427 9 12 0.021138528 
484 568 27 30 0.021122884 
560 396 21 28 0.021114388 
327 446 9 11 0.021107696 
344 365 7 10 0.021087883 
248 352 7 9 0.021080548 
129 382 7 8 0.021070147 
997 351 8 11 0.021053836 
349 471 8 11 0.021014363 
167 359 7 8 0.021003786 
408 457 11 13 0.020980783 
801 507 17 22 0.020971812 
469 335 8 10 0.020967977 
22 631 25 28 0.020955723 
150 376 7 9 0.020924611 
838 494 9 12 0.020913621 
759 451 10 13 0.020899637 
361 468 10 12 0.020892877 
366 423 8 10 0.020887533 
889 459 8 12 0.020822916 
256 398 7 9 0.020814413 
240 417 8 9 0.020807395 
29 565 14 18 0.020804474 
591 404 10 12 0.020796936 
719 494 11 14 0.02077364 
97 434 18 22 0.020747678 
1012 586 10 16 0.020738596 
457 356 9 11 0.020727066 
13 579 12 16 0.020722099 
932 595 15 18 0.02070398 
164 547 13 18 0.02068685 
658 453 10 13 0.020668207 
803 374 7 10 0.02066529 
801 361 8 8 0.020634629 
385 377 8 9 0.02063394 
1008 422 18 25 0.020608762 
328 382 8 9 0.020608585 
998 447 18 23 0.02060744 
71 337 7 9 0.020599635 
820 224 58 76 0.02059602 
671 390 8 10 0.02057387 
279 416 8 10 0.02054605 
177 399 8 9 0.02053755 
679 493 12 17 0.0204518 
734 471 10 11 0.020442571 
914 391 8 9 0.020441592 
63 577 22 27 0.020406647 
468 405 9 11 0.020359773 
329 472 9 11 0.020335365 
608 432 9 12 0.020307796 
639 471 19 23 0.020297838 
629 535 10 12 0.020279052 
564 398 11 14 0.020275969 
78 466 10 11 0.020272065 
190 540 12 18 0.020258674 
966 429 9 11 0.02025344 
961 563 20 28 0.020233024 
301 151 10 13 0.020229356 
221 561 13 17 0.020201221 
679 505 13 17 0.02017814 
197 462 9 10 0.020168526 
881 424 18 22 0.020162763 
288 531 12 15 0.020090649 
844 479 18 22 0.020082911 
784 477 10 12 0.020074254 
729 416 8 9 0.020059496 
945 391 21 26 0.020011295 
194 495 11 14 0.02000511 
