21_Festival_Festival_21_22
1804
209 493 33 46 0.9950341 
980 406 13 15 0.8893315 
660 327 12 15 0.76728207 
687 327 10 12 0.75063753 
916 398 12 16 0.6838883 
413 347 10 13 0.67680335 
808 469 22 29 0.61386454 
526 352 8 10 0.6062689 
293 363 12 14 0.58075285 
335 438 20 28 0.57366955 
316 495 19 26 0.5560686 
267 372 14 16 0.5421156 
351 379 14 17 0.53969395 
644 331 11 13 0.5272119 
892 373 11 13 0.5266104 
559 456 25 32 0.51820916 
535 415 14 20 0.50635916 
558 370 10 13 0.5017617 
354 449 16 23 0.49885258 
834 506 23 31 0.47833437 
256 327 9 12 0.45711187 
694 364 10 13 0.4564489 
327 441 20 28 0.45182288 
763 519 28 37 0.44155934 
231 457 24 29 0.4407894 
721 350 10 13 0.43207514 
667 350 12 14 0.42376542 
785 361 15 17 0.421447 
942 333 10 12 0.4185855 
878 386 11 14 0.41502243 
902 336 8 10 0.41244873 
374 429 20 29 0.40924084 
653 407 13 15 0.4067235 
743 410 12 15 0.40465644 
152 278 9 12 0.40120897 
254 370 10 14 0.39991954 
0 358 15 22 0.3931569 
34 316 12 15 0.39254066 
573 312 8 11 0.3873066 
275 554 18 23 0.3799087 
612 403 12 16 0.33869496 
577 382 10 14 0.33853847 
990 318 8 11 0.33690426 
887 461 12 17 0.3263649 
868 426 10 15 0.32532328 
568 262 8 10 0.3247406 
947 435 13 16 0.31852907 
940 385 15 16 0.31661382 
855 375 11 15 0.3104653 
888 374 10 14 0.30843526 
608 318 9 11 0.30375597 
709 338 10 13 0.3025966 
160 511 23 31 0.3014391 
118 265 8 11 0.2978854 
752 351 10 12 0.2951504 
344 441 17 26 0.29442188 
284 400 16 19 0.29130054 
566 347 11 13 0.28521702 
938 495 19 28 0.2819534 
871 381 10 13 0.27866825 
308 309 11 14 0.2782251 
931 403 12 16 0.27707455 
733 334 9 13 0.27549428 
1015 352 8 11 0.27400157 
560 296 8 10 0.27277985 
290 411 15 18 0.27181962 
495 374 9 11 0.26953977 
667 390 13 15 0.26467532 
552 366 11 15 0.2639265 
119 292 10 12 0.26312086 
709 386 13 16 0.26248482 
980 435 13 19 0.26177013 
68 283 12 14 0.2608861 
546 302 7 10 0.25954628 
640 373 11 14 0.25839925 
824 344 11 13 0.25731066 
93 271 9 12 0.25613067 
815 375 10 12 0.2514897 
404 429 18 21 0.25104815 
919 277 7 10 0.24861492 
946 351 9 12 0.2483343 
276 424 15 22 0.2478947 
967 319 8 11 0.24555433 
784 374 12 16 0.2450367 
554 454 19 27 0.2399216 
712 397 12 14 0.2388331 
824 312 9 11 0.23693918 
854 309 9 12 0.23640591 
741 432 14 20 0.23472494 
360 333 9 12 0.23344694 
392 350 9 12 0.23325303 
168 296 10 12 0.23140705 
752 308 11 13 0.2304785 
606 339 10 12 0.2300057 
803 363 10 14 0.22918826 
645 435 13 17 0.22857016 
322 294 8 10 0.22831033 
718 317 9 11 0.22764802 
895 493 18 31 0.22625744 
733 365 11 16 0.22567055 
390 295 8 10 0.22465813 
911 421 11 14 0.2239419 
854 303 8 11 0.2227342 
970 302 8 11 0.22110741 
704 342 10 12 0.21776362 
710 364 10 12 0.21766244 
982 527 21 32 0.21668747 
9 326 11 13 0.21661286 
728 389 13 17 0.21645702 
342 333 9 12 0.21576117 
501 327 9 12 0.21572155 
169 345 29 32 0.2145327 
799 319 9 13 0.21371695 
798 289 8 10 0.21277057 
600 301 8 10 0.21270433 
957 303 8 10 0.2109712 
519 333 9 11 0.20729126 
42 277 9 11 0.2067807 
337 342 9 10 0.20620203 
270 356 10 12 0.20284997 
744 293 8 10 0.20188968 
323 491 15 25 0.2014575 
516 405 11 15 0.20044258 
987 442 12 16 0.19942462 
813 297 9 11 0.19847026 
334 320 8 10 0.19704068 
320 362 11 13 0.19621047 
2 270 9 12 0.19530648 
750 288 8 10 0.19272153 
400 301 8 10 0.1914804 
766 349 9 12 0.19097063 
672 315 10 12 0.18736 
661 442 17 22 0.18730389 
591 358 13 15 0.18659183 
384 325 8 12 0.18597293 
953 319 8 10 0.18561679 
13 318 10 12 0.18537463 
137 287 9 10 0.18400085 
341 311 8 10 0.18164468 
162 301 10 12 0.18158956 
727 369 12 15 0.17958455 
789 324 10 12 0.17931524 
903 300 8 11 0.17845 
585 343 8 10 0.17816377 
39 299 11 13 0.17810199 
617 350 9 12 0.17691581 
902 394 11 15 0.17671806 
489 461 22 31 0.17645231 
600 341 9 11 0.17616682 
1007 333 9 11 0.17616121 
944 328 9 12 0.17576665 
744 277 7 9 0.17547283 
806 344 9 12 0.17525706 
942 442 13 17 0.1750048 
749 460 20 27 0.17322642 
382 318 8 11 0.17313683 
976 350 9 11 0.17294765 
359 405 14 17 0.17280094 
792 341 11 13 0.17263767 
125 288 8 11 0.17178036 
620 347 10 13 0.17173864 
376 398 12 15 0.17157343 
629 192 10 11 0.17057107 
694 342 8 12 0.17037725 
1013 309 8 10 0.16831508 
701 384 14 16 0.1682482 
581 431 12 16 0.16805665 
689 342 9 12 0.16787653 
510 344 9 11 0.16747305 
379 310 7 10 0.16663548 
113 268 10 12 0.16648449 
648 342 10 13 0.1663763 
562 300 7 10 0.1652484 
433 504 16 22 0.16487515 
660 415 15 20 0.16451454 
886 328 8 10 0.16401277 
743 310 9 11 0.16370434 
265 304 8 9 0.16327836 
713 318 8 10 0.16311955 
338 278 8 10 0.16253985 
312 334 9 12 0.1621736 
601 297 8 9 0.16179702 
722 475 17 22 0.16088808 
527 279 8 11 0.16080597 
978 379 13 16 0.15992574 
948 387 13 16 0.15984643 
77 268 9 13 0.15831472 
635 443 15 20 0.15792064 
368 378 11 14 0.156795 
552 398 10 13 0.15663654 
639 359 10 13 0.1566203 
935 420 14 17 0.15490586 
360 357 11 16 0.15450077 
135 263 8 10 0.15415859 
555 404 12 16 0.15283799 
736 289 7 9 0.15023403 
448 311 8 9 0.14956982 
1002 349 8 11 0.1492478 
343 327 9 11 0.1489545 
654 309 9 12 0.1488933 
575 327 8 10 0.1487329 
393 356 9 12 0.14835218 
781 302 8 11 0.14723064 
183 468 20 35 0.14633846 
684 394 12 17 0.14509386 
872 318 9 11 0.1450177 
979 498 14 20 0.14450762 
584 294 8 11 0.14422397 
733 327 8 11 0.14385264 
590 335 8 11 0.1438091 
928 303 7 10 0.14370458 
439 305 8 10 0.14292362 
614 286 7 10 0.14162263 
101 285 9 12 0.14127369 
573 422 10 14 0.1411618 
488 367 10 12 0.14081898 
984 305 7 9 0.14053938 
583 326 8 10 0.14000477 
918 393 11 13 0.13975774 
646 359 9 12 0.13932586 
703 419 15 18 0.13923478 
767 296 8 11 0.13917509 
266 310 9 11 0.13913809 
323 264 7 9 0.13889837 
815 333 9 11 0.13824119 
573 427 14 17 0.1380314 
281 320 7 10 0.13774589 
590 287 8 10 0.13746956 
0 392 12 20 0.13734241 
526 365 10 12 0.13704155 
286 386 14 16 0.13702485 
648 295 7 10 0.13694769 
41 271 9 11 0.1367471 
632 286 8 10 0.13649306 
845 465 16 19 0.13643453 
434 474 16 25 0.13564639 
594 373 13 13 0.13384813 
928 333 8 10 0.13366424 
393 518 25 28 0.13365361 
410 343 9 12 0.13363816 
777 302 8 11 0.13340285 
623 265 8 10 0.1330266 
162 215 6 9 0.1330226 
289 335 8 10 0.13296226 
13 332 10 12 0.13281204 
735 294 8 10 0.13278425 
519 459 12 17 0.13241747 
850 310 8 11 0.1321879 
451 357 10 13 0.13183701 
1014 389 8 12 0.13178928 
536 343 9 12 0.13144842 
185 353 15 19 0.13139701 
0 277 7 12 0.1308586 
723 355 11 14 0.13071078 
897 318 7 9 0.13001719 
883 518 22 29 0.12985702 
293 334 8 9 0.12895627 
425 289 8 11 0.12890299 
790 459 15 24 0.12883894 
756 411 14 19 0.12863328 
534 277 9 11 0.12848324 
790 349 13 15 0.12772575 
688 320 10 11 0.12750934 
417 304 8 10 0.12634212 
959 340 9 11 0.12625606 
24 285 10 11 0.12527494 
567 270 8 10 0.12512526 
985 325 9 10 0.12488116 
4 267 10 13 0.1248733 
951 412 11 13 0.12414535 
573 348 10 13 0.12294997 
974 508 14 20 0.122619316 
849 355 10 13 0.12253201 
809 299 9 12 0.122431494 
614 325 8 11 0.12207231 
479 277 8 9 0.1213611 
652 348 10 12 0.121291764 
967 296 8 10 0.121216364 
266 358 10 12 0.121206865 
935 444 12 17 0.120753735 
988 342 10 12 0.12042285 
329 324 8 11 0.11984144 
585 272 10 11 0.11891036 
617 342 9 11 0.11841057 
937 336 8 10 0.11762121 
999 365 10 13 0.11759795 
664 287 7 9 0.117544726 
688 312 9 10 0.11716807 
879 294 7 10 0.11710133 
310 287 7 9 0.11680269 
1011 484 13 19 0.11636441 
22 279 10 11 0.11627085 
960 325 9 11 0.116154544 
596 364 12 12 0.115800455 
864 288 6 9 0.11563115 
653 358 9 11 0.11503911 
920 334 8 10 0.11474485 
289 325 9 11 0.11458168 
647 316 10 13 0.11432782 
799 272 8 10 0.11427812 
569 459 27 35 0.11414914 
550 326 8 11 0.114095144 
782 284 7 10 0.11398813 
984 309 8 10 0.1138282 
401 295 8 10 0.11380891 
960 335 8 9 0.11366914 
297 295 8 11 0.11336431 
681 297 7 10 0.113249555 
94 275 11 13 0.11173324 
965 540 22 29 0.11165721 
304 288 7 9 0.11084725 
5 293 9 13 0.11073526 
981 540 16 22 0.110546686 
607 294 7 9 0.11039533 
538 318 8 11 0.11022772 
257 321 8 11 0.109990604 
75 314 38 42 0.109529525 
430 286 8 11 0.10933551 
610 288 7 9 0.10932376 
677 424 12 16 0.10885572 
520 367 11 14 0.108838856 
562 278 8 9 0.1082688 
976 399 12 15 0.107153565 
417 477 20 29 0.106650606 
516 399 10 14 0.106434755 
871 323 12 15 0.10626152 
623 279 7 10 0.106146306 
53 283 10 13 0.10614137 
7 264 10 12 0.10611511 
382 334 9 13 0.105859466 
303 350 9 11 0.10510222 
777 284 9 10 0.10495436 
791 320 10 12 0.10484005 
358 437 21 29 0.10470991 
565 388 11 13 0.104230374 
374 278 8 10 0.10410412 
309 280 8 9 0.103796944 
432 282 7 8 0.103776366 
798 342 10 12 0.10364516 
969 309 8 10 0.10348223 
972 510 23 35 0.102974184 
935 303 8 10 0.10285997 
303 387 11 15 0.10259197 
293 326 9 12 0.102559544 
851 350 11 16 0.10229945 
324 359 10 14 0.10224079 
989 350 9 11 0.10200143 
324 386 11 14 0.10187137 
590 341 8 11 0.10030121 
338 391 15 18 0.10005993 
531 499 20 26 0.099381454 
880 310 8 10 0.09929412 
600 326 8 10 0.09878146 
489 319 7 10 0.09870346 
135 271 9 10 0.09866097 
750 316 9 12 0.09865075 
544 325 8 10 0.09842067 
921 304 8 9 0.09842063 
749 326 8 10 0.09808 
1001 342 8 11 0.097697705 
428 326 10 14 0.097538166 
720 313 8 10 0.09750923 
696 382 13 15 0.0973012 
1012 278 8 12 0.097169966 
521 388 9 12 0.096779354 
137 293 9 11 0.096673556 
234 467 27 35 0.0964656 
365 302 8 12 0.096452065 
512 402 11 16 0.095771804 
304 302 8 9 0.095247865 
622 334 8 11 0.09516289 
353 289 8 9 0.09508781 
896 301 8 10 0.09488677 
702 348 9 12 0.094826296 
73 262 9 13 0.094720386 
590 293 8 11 0.09464541 
936 309 8 9 0.09460657 
704 302 7 10 0.09391845 
377 303 7 10 0.093779765 
861 377 12 16 0.09351019 
848 295 7 9 0.093447424 
815 394 14 17 0.09340845 
696 303 6 9 0.093383946 
383 365 9 11 0.09307174 
555 411 15 18 0.092705786 
247 325 9 13 0.09267735 
136 279 8 9 0.09261715 
764 433 15 20 0.092566065 
266 388 13 16 0.09242434 
504 279 7 8 0.0923164 
137 301 9 12 0.09221833 
639 308 8 11 0.09198791 
128 278 8 9 0.091823146 
479 332 9 11 0.09118579 
462 304 7 10 0.09072274 
962 288 7 9 0.090602174 
1009 328 10 12 0.090544425 
820 380 12 15 0.090194285 
663 343 10 12 0.09008745 
950 394 12 15 0.08986341 
463 308 8 11 0.08959919 
527 327 7 9 0.08949922 
500 412 12 14 0.08907566 
956 356 12 13 0.088718295 
812 349 10 12 0.08857068 
1009 164 14 22 0.08847282 
975 357 10 12 0.08836583 
678 365 10 12 0.08822496 
7 286 9 12 0.087986134 
750 385 12 15 0.08780885 
332 539 26 28 0.086613655 
480 356 8 11 0.08660794 
535 374 10 12 0.08631831 
909 382 10 11 0.0863177 
929 487 22 33 0.08593738 
653 437 19 26 0.085864715 
392 300 8 10 0.08583334 
853 333 11 13 0.08546148 
1007 350 9 11 0.08506089 
933 411 13 16 0.08495173 
462 466 14 21 0.08477152 
536 295 8 9 0.08453666 
1010 311 8 10 0.08434984 
936 319 8 10 0.08431292 
200 277 9 11 0.08384339 
609 324 9 10 0.08370799 
142 304 8 9 0.08370543 
643 419 14 17 0.08364661 
862 293 8 10 0.08361918 
330 320 8 10 0.08356044 
554 288 7 9 0.08309766 
218 394 17 19 0.08292399 
543 296 8 9 0.082837395 
895 394 12 14 0.08263731 
496 429 12 18 0.082383156 
350 294 8 10 0.082117125 
561 348 11 13 0.082083866 
976 343 8 11 0.08200565 
679 410 11 15 0.08199842 
687 370 10 13 0.081720434 
401 288 8 9 0.08168049 
739 365 11 16 0.08156289 
318 451 24 28 0.08150094 
846 316 10 12 0.081421375 
552 264 6 8 0.081364155 
726 302 8 10 0.08119488 
640 413 12 14 0.08118085 
497 332 8 11 0.08098491 
185 272 7 8 0.0806261 
103 271 8 11 0.080591016 
498 421 14 16 0.08056593 
693 311 8 10 0.08056265 
616 295 7 10 0.08024055 
650 279 7 9 0.08006375 
289 271 8 11 0.08003276 
653 277 8 11 0.07996812 
137 310 10 12 0.07991542 
894 453 22 26 0.07962192 
432 304 8 11 0.07952917 
270 433 23 30 0.07948516 
633 303 9 10 0.07948469 
1013 397 11 18 0.079045646 
561 334 8 9 0.07881309 
809 311 7 10 0.0787454 
718 324 9 12 0.078682974 
486 403 10 14 0.07863874 
527 285 8 10 0.07858922 
286 319 9 12 0.078534245 
17 279 8 11 0.07848028 
510 304 7 9 0.07845311 
735 357 10 14 0.0782652 
712 313 8 9 0.07802489 
693 370 12 13 0.077976376 
757 350 10 13 0.077877045 
214 399 16 20 0.0777095 
965 287 9 9 0.07747975 
595 433 17 20 0.07724748 
367 253 8 11 0.077212565 
385 429 15 24 0.07699387 
849 279 8 9 0.076875076 
787 407 15 21 0.076812685 
673 300 8 10 0.076786265 
912 344 7 9 0.07677264 
847 391 9 13 0.076738395 
896 312 8 9 0.076572426 
494 310 8 10 0.076552235 
510 480 17 23 0.07646361 
46 272 8 10 0.07645158 
551 309 8 10 0.076386996 
165 215 7 9 0.07631893 
758 405 12 16 0.076208375 
365 309 8 11 0.076181225 
767 301 9 11 0.076148234 
721 295 7 9 0.07609891 
700 362 12 14 0.07597633 
391 288 7 9 0.07576323 
718 343 10 12 0.07574537 
429 319 9 11 0.07565769 
265 377 13 17 0.07549996 
537 312 8 10 0.07525663 
565 277 8 10 0.07522689 
592 473 24 30 0.075213015 
439 341 10 15 0.075139664 
151 247 7 9 0.075064756 
126 222 7 9 0.07491836 
482 302 8 10 0.07471159 
717 452 16 20 0.07454776 
959 320 9 10 0.07437732 
600 311 8 11 0.07414759 
183 278 8 9 0.07391802 
990 380 11 16 0.07367056 
668 344 11 12 0.073667035 
736 301 8 11 0.07302119 
553 277 7 9 0.0729718 
137 184 6 8 0.07283365 
452 318 9 10 0.072800495 
501 395 12 16 0.07237831 
788 447 15 22 0.07235628 
790 336 11 12 0.07218995 
579 386 11 14 0.07216131 
273 326 7 10 0.07199204 
239 380 11 14 0.07196702 
838 357 10 13 0.07194797 
22 292 9 12 0.07188329 
829 316 9 12 0.071876355 
309 499 17 24 0.0718264 
590 433 13 18 0.071569994 
641 440 15 21 0.0715461 
821 387 11 16 0.07140228 
927 398 10 14 0.07104513 
272 318 7 10 0.071013406 
793 272 7 10 0.07096224 
603 317 8 11 0.070928745 
142 310 8 11 0.07087656 
793 287 8 11 0.07082034 
766 342 8 11 0.07052555 
472 317 6 10 0.07050574 
881 305 7 10 0.0703787 
630 229 8 10 0.070328556 
1014 344 9 12 0.070245 
919 310 7 9 0.070203125 
807 277 8 10 0.0701029 
622 222 8 11 0.07009687 
337 303 8 9 0.069983356 
305 314 10 13 0.06996679 
645 411 13 15 0.06974708 
471 312 7 10 0.069563895 
615 335 9 11 0.06956307 
656 304 9 11 0.0695393 
763 462 15 21 0.06953357 
672 370 12 15 0.069486775 
522 279 8 10 0.06942376 
541 347 8 11 0.06929847 
263 343 8 10 0.06922514 
275 356 10 13 0.06916586 
353 342 8 10 0.06909458 
309 305 8 9 0.068984516 
928 320 8 9 0.068838395 
408 355 10 12 0.06860376 
965 324 9 12 0.06851236 
319 311 10 13 0.06848782 
193 471 21 34 0.068469 
616 280 7 10 0.068433255 
724 443 14 17 0.06824107 
613 319 8 11 0.068180665 
709 471 14 23 0.068095386 
357 277 9 12 0.06782219 
582 348 9 11 0.067765094 
678 313 9 10 0.0676311 
983 272 8 11 0.06752093 
926 367 10 13 0.06745662 
622 247 8 10 0.06745633 
279 401 12 17 0.06738443 
440 281 7 9 0.06734633 
941 405 12 14 0.06684774 
990 312 8 10 0.066823624 
899 336 7 10 0.06651804 
614 379 10 14 0.06650932 
521 382 10 13 0.06650178 
687 296 7 8 0.06638887 
280 334 9 11 0.06610352 
984 336 8 11 0.066077605 
950 417 13 16 0.06606858 
677 358 11 13 0.06597246 
471 344 8 11 0.06592002 
552 360 9 11 0.065815404 
588 277 9 12 0.06578341 
368 296 7 9 0.06544049 
715 388 12 16 0.06505654 
952 273 7 10 0.06492606 
705 336 10 12 0.064632334 
803 499 16 21 0.06461794 
383 273 7 9 0.064597785 
573 333 9 11 0.06431983 
31 320 12 14 0.06415336 
617 301 7 9 0.0641375 
885 500 23 33 0.06408832 
942 341 10 11 0.06406887 
342 302 8 9 0.06402597 
879 326 9 11 0.063680984 
255 287 8 10 0.06362583 
829 348 9 12 0.063544035 
372 374 12 16 0.06354392 
637 304 8 11 0.06353917 
1013 303 9 12 0.06336045 
408 279 7 9 0.06320628 
101 279 10 12 0.06297021 
1001 335 8 11 0.06295283 
838 394 14 16 0.06293694 
319 382 12 15 0.062909104 
410 264 7 8 0.06286602 
159 197 7 9 0.06282136 
567 334 9 10 0.062820286 
648 287 8 10 0.06280168 
394 272 7 9 0.06273385 
721 302 8 9 0.0627335 
683 332 9 11 0.062719345 
558 287 8 9 0.06266676 
887 303 9 11 0.06259491 
358 287 7 9 0.062465865 
585 336 8 11 0.062320556 
983 287 7 9 0.062187985 
171 231 7 10 0.062040634 
525 406 10 14 0.062023707 
311 350 8 11 0.061978754 
610 530 20 22 0.061931998 
22 337 10 13 0.06190757 
905 328 6 9 0.061750606 
766 453 14 18 0.061609913 
636 222 8 10 0.061374106 
522 329 8 10 0.06130914 
714 486 38 52 0.06114265 
262 333 7 9 0.060944047 
176 238 7 10 0.060780425 
551 332 8 10 0.060755216 
855 315 9 11 0.060683124 
422 304 7 10 0.060627732 
653 317 9 12 0.060571156 
299 363 10 13 0.060443625 
979 476 17 20 0.060391087 
862 310 9 12 0.06037008 
969 279 8 10 0.060338236 
888 319 7 9 0.06007209 
1008 401 11 16 0.05991152 
615 428 12 16 0.059880137 
624 286 7 10 0.05965341 
312 340 9 12 0.059580658 
887 457 21 25 0.059534606 
495 304 8 9 0.059406128 
375 272 8 10 0.059405666 
343 295 9 11 0.059355706 
494 320 8 10 0.059098072 
425 330 11 15 0.058991075 
592 301 8 10 0.058949355 
521 318 7 9 0.058827385 
471 332 8 12 0.058817934 
943 319 7 9 0.058693923 
161 438 33 35 0.058691647 
643 378 12 15 0.058686398 
887 333 8 10 0.05862958 
576 358 10 13 0.05861643 
734 349 10 13 0.058474004 
775 308 9 11 0.058346372 
935 297 7 9 0.058273964 
356 385 11 15 0.05818119 
776 296 9 10 0.05815813 
602 439 18 24 0.057955913 
551 428 10 14 0.057872046 
878 521 17 23 0.05785367 
1007 316 8 10 0.05781832 
623 205 9 11 0.057797287 
902 319 7 9 0.057735246 
1011 332 10 12 0.057712134 
400 309 8 10 0.057711978 
448 351 10 13 0.057694916 
987 536 24 30 0.057599153 
594 487 20 25 0.05759038 
916 279 8 10 0.057475302 
745 318 8 9 0.057163663 
407 311 7 9 0.05709686 
725 311 8 10 0.05705803 
383 278 6 9 0.0570061 
940 427 15 17 0.056888945 
930 553 18 18 0.056836005 
626 229 8 10 0.05677742 
808 372 10 13 0.05673104 
682 402 14 18 0.056619737 
184 246 7 9 0.056394815 
952 277 7 11 0.056325052 
743 303 8 11 0.05624194 
622 216 8 10 0.05621986 
317 334 9 11 0.05616105 
735 320 7 9 0.056066446 
631 325 9 12 0.055975337 
527 333 8 10 0.055940233 
370 279 8 10 0.05588623 
160 297 10 12 0.055832062 
31 262 8 10 0.05580578 
814 551 26 25 0.055789668 
378 316 9 11 0.05566925 
432 309 8 10 0.055666335 
887 311 8 9 0.055520993 
415 279 7 9 0.055507183 
512 370 12 14 0.05545695 
302 295 8 10 0.0554108 
903 417 13 15 0.055376545 
766 371 10 15 0.055365935 
928 328 8 11 0.055222154 
983 350 9 11 0.05520247 
475 449 14 18 0.055122923 
420 406 11 16 0.055101387 
896 296 8 10 0.055068713 
1014 295 9 11 0.05501482 
991 366 10 12 0.05500282 
784 403 13 18 0.05495249 
506 344 8 10 0.0548577 
896 349 8 10 0.05480233 
552 271 7 10 0.054726668 
210 558 16 19 0.054680713 
692 333 9 12 0.05457805 
500 403 14 18 0.0545774 
600 336 9 11 0.054388378 
49 283 10 12 0.054308444 
714 402 13 17 0.054210044 
977 431 11 16 0.054201905 
398 334 9 12 0.054194473 
758 365 11 15 0.054099575 
729 480 17 23 0.054069765 
126 199 7 9 0.054043908 
759 304 8 10 0.05401221 
149 310 9 12 0.054009542 
417 287 7 10 0.05389737 
311 328 9 11 0.053786393 
301 359 9 12 0.0536863 
841 311 7 10 0.053661183 
400 256 8 9 0.053514253 
529 345 8 10 0.05340351 
278 261 8 9 0.053393956 
816 312 8 10 0.05335319 
425 320 8 10 0.05334637 
585 319 8 11 0.05323384 
136 257 7 9 0.053164043 
896 484 11 17 0.0531305 
294 506 13 17 0.05302075 
607 313 8 10 0.052976187 
837 332 10 13 0.05297371 
278 416 20 23 0.052957777 
377 339 9 11 0.052940972 
496 295 7 10 0.05287512 
558 328 8 10 0.05277017 
609 462 23 29 0.052769333 
385 295 8 10 0.052759957 
925 451 14 18 0.052713733 
841 317 9 12 0.05254863 
136 208 7 10 0.052496787 
919 319 7 9 0.052476797 
967 411 11 14 0.052451883 
366 399 11 14 0.05211562 
401 278 8 10 0.052071635 
570 315 8 11 0.052044693 
536 288 8 9 0.051974196 
898 341 8 10 0.05189849 
293 370 11 12 0.05167018 
646 389 12 14 0.051512122 
622 357 10 12 0.051448323 
12 262 8 11 0.051421836 
294 271 8 11 0.051417116 
761 341 9 11 0.051170047 
353 349 7 10 0.05112924 
1015 366 9 13 0.051035557 
431 338 11 16 0.05088008 
837 327 9 12 0.050772246 
262 318 8 10 0.050739333 
474 273 7 10 0.050736014 
619 433 13 18 0.05050872 
607 271 9 10 0.050433 
592 311 8 11 0.050419092 
989 426 11 15 0.05031599 
679 248 7 9 0.050242558 
484 441 14 17 0.050240837 
751 279 7 9 0.050220385 
25 271 8 11 0.05020307 
286 312 8 10 0.050093785 
174 277 8 10 0.050038923 
392 311 8 10 0.05002537 
849 459 17 20 0.049987633 
872 288 8 10 0.04984686 
129 273 7 9 0.04983557 
337 273 9 11 0.04982277 
833 332 9 13 0.049766377 
705 319 8 10 0.049748737 
621 535 28 38 0.049692594 
364 327 11 13 0.049685903 
975 363 11 13 0.049659703 
910 390 11 13 0.04960497 
793 292 9 11 0.04951287 
500 375 10 12 0.049501125 
623 296 7 9 0.049405064 
761 295 9 10 0.04938524 
496 378 10 12 0.04936888 
488 442 24 35 0.049283314 
565 434 13 16 0.049219903 
155 280 12 15 0.04905904 
1014 318 8 11 0.04903179 
7 278 9 11 0.048861947 
772 440 14 20 0.04883416 
289 396 16 19 0.04877195 
326 311 7 10 0.048701208 
816 317 9 10 0.04857608 
0 286 9 13 0.04854779 
728 296 7 9 0.048480205 
566 420 13 16 0.0484497 
418 294 8 9 0.048407175 
951 355 11 14 0.04835364 
699 453 13 18 0.048270937 
242 452 16 23 0.048265763 
405 508 22 33 0.048259262 
437 465 21 28 0.048255175 
569 327 9 11 0.048169184 
719 288 7 8 0.048048034 
425 279 6 8 0.04800694 
524 371 11 14 0.04790753 
624 199 8 11 0.04777408 
989 323 9 11 0.047742676 
337 336 9 11 0.047659915 
150 303 8 10 0.0476575 
75 252 9 12 0.047338363 
998 286 8 10 0.047330745 
946 499 21 29 0.047152534 
953 309 9 10 0.04714732 
640 387 10 14 0.04707368 
711 296 6 9 0.047059014 
855 296 9 10 0.04704738 
410 476 17 23 0.047031026 
863 395 10 14 0.046930704 
256 343 8 10 0.046914965 
742 386 11 15 0.046901025 
415 271 7 9 0.04688119 
215 481 29 36 0.04682365 
998 373 10 12 0.046772204 
712 189 10 12 0.046720475 
956 406 11 15 0.04667782 
17 294 9 11 0.046619266 
514 525 23 38 0.046565622 
327 453 25 32 0.04653683 
982 278 8 9 0.0464807 
619 403 12 16 0.046373937 
622 253 7 9 0.046318285 
158 193 7 8 0.046302807 
941 395 13 16 0.046200477 
472 460 25 30 0.04614996 
657 245 8 11 0.046145514 
653 365 11 12 0.046122327 
696 347 9 11 0.046110183 
144 279 8 11 0.04609536 
699 372 13 14 0.046048686 
504 303 8 9 0.045971725 
669 410 13 17 0.045953814 
304 344 8 10 0.045859743 
769 458 15 19 0.04582468 
638 280 10 11 0.045607146 
631 239 7 9 0.04558541 
598 349 9 13 0.045577716 
270 395 11 14 0.045516048 
381 390 9 14 0.045515385 
960 295 8 9 0.045469154 
926 357 9 12 0.045440804 
936 326 8 12 0.045395594 
93 265 8 10 0.04537065 
703 326 9 11 0.04533036 
597 462 25 31 0.04531321 
265 350 9 11 0.045296766 
374 263 8 9 0.045288272 
533 364 9 12 0.045281917 
928 271 7 9 0.045124434 
485 380 11 13 0.0450814 
928 445 12 15 0.045049056 
169 166 7 9 0.045003645 
493 368 10 12 0.044969022 
605 429 13 17 0.044954035 
847 287 8 10 0.044876292 
534 336 9 10 0.044871263 
605 365 9 12 0.044832844 
406 295 7 9 0.044759527 
995 434 23 34 0.04472911 
481 312 7 9 0.044680685 
168 278 9 11 0.044672098 
542 311 8 9 0.044614542 
897 523 17 22 0.04455712 
572 262 8 10 0.04453295 
409 271 7 9 0.04436103 
490 341 8 10 0.04435967 
781 442 16 22 0.04435243 
501 381 10 12 0.044269945 
919 350 8 10 0.04416078 
576 396 11 15 0.044120513 
978 287 7 9 0.044101715 
30 269 9 11 0.04407438 
533 406 14 18 0.044064663 
6 299 10 13 0.043884788 
632 295 7 9 0.043873042 
386 287 7 9 0.043830033 
562 272 8 10 0.04372851 
665 505 25 31 0.04364261 
871 304 8 10 0.043602917 
706 297 7 9 0.043553635 
870 311 8 10 0.04355079 
815 467 19 22 0.04354171 
578 294 8 10 0.043515198 
496 396 11 15 0.043504696 
694 440 13 19 0.043484095 
716 381 10 14 0.04345457 
301 488 22 32 0.04345196 
589 317 9 12 0.043431662 
494 357 9 11 0.043133978 
351 336 9 11 0.04310055 
337 296 8 10 0.04307857 
975 296 8 9 0.043063242 
293 495 21 32 0.04300694 
196 332 12 15 0.0429937 
918 344 8 10 0.04289833 
398 374 10 13 0.042812366 
484 492 12 17 0.042804547 
162 208 7 9 0.042749584 
932 472 16 24 0.04273932 
601 287 7 9 0.042733338 
659 405 12 17 0.042604078 
783 333 9 11 0.042567734 
197 184 8 10 0.042505015 
888 368 11 14 0.042422846 
804 427 12 19 0.042406783 
668 438 13 20 0.042405084 
279 324 9 11 0.04238886 
22 316 10 14 0.042355854 
536 263 8 9 0.042308953 
744 407 19 24 0.042297848 
861 333 10 13 0.042251762 
382 373 9 13 0.042198606 
730 487 25 33 0.04215472 
991 259 9 11 0.042146035 
768 308 8 11 0.042118456 
161 220 7 9 0.04205212 
565 365 11 13 0.042026922 
248 445 21 32 0.041956283 
151 273 9 11 0.0418169 
999 301 8 10 0.04179192 
726 381 12 14 0.041779432 
905 487 27 31 0.041634083 
410 509 36 50 0.041486524 
561 342 10 13 0.04139046 
951 326 8 11 0.041384265 
249 371 12 16 0.041333 
750 333 9 11 0.041267987 
294 317 9 12 0.04124513 
522 286 6 9 0.041183185 
121 206 8 10 0.041120537 
783 417 13 18 0.04108451 
744 440 16 20 0.041069936 
566 356 11 15 0.041065007 
72 248 8 11 0.04104399 
929 308 7 10 0.040989928 
684 417 12 16 0.040941108 
423 272 7 8 0.04093519 
637 349 10 13 0.040874936 
506 348 9 13 0.040868796 
608 357 9 12 0.04082676 
29 334 12 13 0.040635493 
574 404 12 15 0.040592205 
542 374 9 12 0.04055005 
999 295 8 11 0.040539198 
759 399 11 13 0.040459264 
984 436 20 26 0.04045449 
847 332 12 16 0.040444575 
834 278 7 10 0.0404385 
735 428 14 20 0.040388387 
552 294 8 10 0.040383387 
726 318 8 11 0.040353563 
465 347 8 11 0.040335752 
929 297 7 9 0.040324267 
287 276 9 11 0.040321626 
559 389 11 13 0.040317826 
707 411 15 18 0.040204737 
958 309 7 9 0.040145926 
1005 340 9 12 0.040126275 
740 358 10 12 0.039826892 
238 322 12 16 0.03977439 
916 450 14 19 0.03975847 
974 308 9 11 0.039695084 
854 327 9 11 0.03961622 
583 301 8 10 0.039614793 
309 552 15 17 0.03954798 
693 318 8 11 0.03954662 
510 381 11 13 0.039484713 
389 530 26 32 0.0393944 
557 358 11 12 0.039392512 
976 336 8 10 0.039353766 
481 296 7 10 0.039339837 
343 364 9 11 0.039336827 
504 295 7 10 0.039249275 
798 429 14 22 0.039211012 
638 285 8 11 0.039205253 
274 378 12 16 0.039193947 
511 319 7 9 0.039177768 
428 291 9 12 0.03914286 
151 325 10 14 0.03908916 
608 382 10 13 0.039077703 
250 263 8 10 0.03904544 
505 287 8 9 0.03903053 
513 264 7 9 0.03903008 
364 432 19 23 0.038976006 
137 231 7 9 0.03897201 
739 310 8 10 0.03889257 
236 485 19 25 0.03888669 
633 348 9 12 0.038834304 
614 354 10 13 0.03878299 
902 278 7 10 0.038779113 
25 262 9 10 0.038615074 
989 336 10 12 0.038586035 
366 317 8 10 0.03858443 
675 471 14 20 0.03857933 
1009 476 14 20 0.03845584 
191 264 7 10 0.038407087 
510 326 7 10 0.038395584 
652 397 13 16 0.038270637 
586 288 8 11 0.03816525 
649 301 9 11 0.03814835 
687 360 10 12 0.038116653 
269 521 14 19 0.0380707 
519 270 7 10 0.038063444 
552 319 8 11 0.038030643 
622 366 11 14 0.038007468 
818 373 12 17 0.03800363 
739 272 7 10 0.03794444 
897 406 9 12 0.037910007 
880 366 10 13 0.03790668 
581 403 12 17 0.03789415 
784 487 14 20 0.03782965 
168 222 7 9 0.03775566 
582 457 25 33 0.037747305 
561 255 7 10 0.03772546 
398 272 8 9 0.03771719 
862 303 9 12 0.037696477 
999 280 7 9 0.03768774 
369 261 9 11 0.037663277 
528 312 7 8 0.037621114 
957 435 9 14 0.0375929 
856 286 8 10 0.03755593 
186 266 7 9 0.037541248 
631 438 13 17 0.03739594 
624 329 8 11 0.037248895 
143 271 8 10 0.037245147 
827 379 14 18 0.03723908 
66 248 7 9 0.037236523 
982 366 9 12 0.037152834 
992 288 7 10 0.036935348 
254 375 12 17 0.0369335 
466 459 16 21 0.036858782 
543 396 12 15 0.03679222 
449 270 8 9 0.036719847 
200 246 87 139 0.036683206 
630 520 40 46 0.03665885 
368 284 9 11 0.036650017 
488 289 7 8 0.036617976 
320 289 8 10 0.036613636 
528 273 8 10 0.036588244 
638 240 8 9 0.036570046 
1000 357 10 12 0.03655566 
166 208 7 8 0.03650111 
147 330 26 36 0.03646128 
169 161 7 9 0.036401346 
952 297 7 8 0.036344886 
901 274 8 9 0.036307145 
914 318 7 10 0.036274876 
941 410 14 16 0.036240052 
38 264 8 10 0.03621904 
903 383 11 13 0.03621591 
539 405 14 18 0.036110308 
120 277 10 11 0.036091406 
758 280 8 10 0.036083955 
677 351 10 12 0.036056995 
100 289 12 14 0.036026616 
914 312 7 9 0.036006544 
541 288 8 9 0.036006346 
360 294 7 9 0.03597023 
295 264 8 10 0.035935387 
483 451 15 19 0.035931997 
660 382 13 16 0.035921983 
111 286 9 13 0.03590926 
1004 366 11 12 0.03589129 
966 435 12 16 0.035876356 
189 334 11 14 0.035865538 
768 335 8 11 0.035784714 
289 370 10 12 0.03575962 
719 363 10 13 0.035752352 
781 296 8 10 0.03575075 
910 443 13 19 0.03555952 
991 373 11 15 0.035542864 
608 517 19 21 0.035506707 
398 427 15 22 0.03540708 
62 292 12 14 0.035349917 
327 334 7 10 0.035342533 
839 279 7 9 0.0353094 
899 366 11 13 0.035304055 
785 320 10 13 0.035271704 
937 383 11 14 0.03524432 
591 350 11 13 0.035240125 
710 459 12 17 0.035234317 
910 297 8 10 0.03518618 
887 289 8 9 0.03518071 
534 507 24 29 0.035174724 
489 336 8 10 0.03517096 
956 419 11 15 0.035129502 
704 198 9 10 0.03511369 
273 256 8 10 0.03507795 
473 288 7 9 0.0350438 
560 311 7 9 0.035033625 
537 324 9 11 0.03499076 
929 409 11 14 0.03498743 
109 276 10 13 0.034983348 
738 278 7 9 0.034979437 
272 334 8 10 0.034925595 
438 320 9 10 0.0349236 
640 507 40 48 0.034881417 
920 327 8 11 0.034859158 
200 207 6 8 0.034832682 
318 395 13 16 0.034822177 
676 462 13 18 0.03476015 
997 380 11 16 0.034729254 
1005 547 16 21 0.034727667 
752 343 8 10 0.034725275 
343 287 8 10 0.03469246 
55 294 12 14 0.034674183 
907 413 12 14 0.03464324 
798 335 10 12 0.034516897 
9 320 11 12 0.034462526 
589 403 12 16 0.03445837 
38 356 15 21 0.03445502 
941 311 8 9 0.034438428 
774 526 29 35 0.034295116 
566 382 11 14 0.034276612 
975 278 8 10 0.03424648 
950 333 8 10 0.034223936 
864 316 9 11 0.034197226 
450 265 7 9 0.03413402 
914 425 12 15 0.03413137 
655 287 7 10 0.034094155 
474 556 16 18 0.03401263 
164 305 12 14 0.034007523 
1000 402 10 15 0.033990424 
414 264 7 9 0.033959854 
489 312 7 9 0.03395624 
360 454 17 21 0.03393966 
1010 283 9 11 0.03381777 
691 396 12 15 0.033792492 
841 286 8 10 0.03377279 
966 333 8 9 0.033766985 
175 272 7 10 0.033763718 
694 296 6 8 0.033750173 
968 344 8 10 0.03372126 
278 387 12 17 0.033709053 
406 287 8 10 0.033702828 
716 426 12 17 0.033690795 
319 537 28 31 0.033665564 
297 412 14 16 0.033629872 
183 241 7 9 0.033628695 
902 311 7 10 0.033572003 
168 247 7 9 0.033508763 
409 342 19 24 0.03350401 
1012 335 19 27 0.03348018 
993 294 7 10 0.0334391 
887 295 8 10 0.033424508 
601 279 7 10 0.03340535 
240 276 8 12 0.033404417 
214 191 8 10 0.033403084 
794 401 16 21 0.033393964 
622 312 9 10 0.033379473 
581 395 12 15 0.033359125 
455 310 8 10 0.03334856 
862 387 11 15 0.03333848 
554 255 7 9 0.03331832 
309 271 9 10 0.03324291 
904 349 8 10 0.03321705 
848 372 10 15 0.03321265 
632 427 11 15 0.033181865 
781 308 9 11 0.033165023 
304 271 8 10 0.03315861 
498 456 14 23 0.033135127 
-1 509 22 45 0.033119585 
591 439 14 22 0.033101402 
465 327 8 11 0.033068437 
846 364 10 14 0.032985326 
987 411 11 14 0.03296814 
815 343 10 13 0.032945875 
919 357 10 12 0.032940254 
150 263 8 9 0.032931 
522 355 10 13 0.03291672 
969 513 15 20 0.032902736 
755 381 12 14 0.032847248 
33 301 10 13 0.032836035 
320 299 9 11 0.032814596 
510 288 7 9 0.032800388 
421 440 15 18 0.032770485 
638 429 12 16 0.0327669 
505 309 7 10 0.032748602 
392 332 9 13 0.032736067 
833 272 7 9 0.032714974 
421 429 12 17 0.032709368 
292 383 12 14 0.032632936 
539 423 14 17 0.032582343 
575 287 8 10 0.03257223 
28 279 9 11 0.032549724 
590 263 9 11 0.032532904 
832 303 9 10 0.03250475 
733 439 15 20 0.03250286 
482 316 7 10 0.032486565 
443 340 12 15 0.03248062 
328 487 16 24 0.032470167 
317 411 15 17 0.03243545 
488 304 7 8 0.032273497 
746 447 17 21 0.03225728 
158 175 8 10 0.032182157 
480 402 12 17 0.03209931 
882 373 10 14 0.032057535 
573 413 12 17 0.032011814 
142 231 8 9 0.031979855 
438 325 10 12 0.031965982 
150 316 10 12 0.031961355 
999 316 9 12 0.031949833 
733 457 13 18 0.031909063 
453 468 15 22 0.031884838 
812 367 13 15 0.031870272 
630 370 12 16 0.031868417 
605 387 11 15 0.03173414 
311 293 8 10 0.031708974 
256 292 8 11 0.031702094 
487 352 9 11 0.03162464 
343 449 24 34 0.031619206 
725 427 12 17 0.03161258 
893 470 24 31 0.031610914 
806 318 8 11 0.031583715 
874 293 8 10 0.03157003 
528 319 7 10 0.031516664 
403 395 11 17 0.031494178 
494 405 12 16 0.03148971 
466 333 8 12 0.03143577 
607 408 15 17 0.031408224 
174 199 8 10 0.031407095 
258 545 27 35 0.031386055 
912 349 7 10 0.031344876 
803 506 24 31 0.03129343 
553 366 18 22 0.031287838 
364 419 14 19 0.03120217 
742 184 10 13 0.031184241 
560 379 10 13 0.031176219 
366 502 23 38 0.031173734 
794 417 15 23 0.031172922 
737 493 38 53 0.031141382 
494 351 9 12 0.031121168 
735 467 21 30 0.031076068 
257 302 7 10 0.031070074 
0 252 8 12 0.03099519 
591 378 13 15 0.030991863 
569 453 18 22 0.030961663 
800 276 9 10 0.030937893 
976 272 8 11 0.030908845 
237 374 11 15 0.030880498 
945 279 8 10 0.030806772 
375 296 7 9 0.030800005 
327 301 7 10 0.030786125 
854 280 7 9 0.030748915 
480 287 6 9 0.030724466 
142 183 6 9 0.03071561 
775 334 9 11 0.0306853 
224 492 28 36 0.03068482 
707 504 16 23 0.030638577 
191 215 7 9 0.030633207 
467 534 25 33 0.03062262 
705 517 20 32 0.03061638 
565 296 8 11 0.030555671 
53 271 8 11 0.03054695 
147 247 7 9 0.030537253 
798 359 11 15 0.03053475 
22 300 9 12 0.030520415 
148 338 13 17 0.030501898 
608 278 9 10 0.030492552 
519 303 7 9 0.030475715 
590 327 8 10 0.03047509 
803 483 23 30 0.030471738 
345 544 17 21 0.03047171 
832 362 11 15 0.030384194 
306 280 7 8 0.030324487 
382 380 9 12 0.030314391 
185 216 7 9 0.030305782 
761 335 8 12 0.03023919 
474 458 16 20 0.03018981 
807 332 11 13 0.030184148 
337 285 8 9 0.030132579 
277 255 8 11 0.030060165 
420 501 21 32 0.030014373 
127 215 7 10 0.029969836 
129 190 8 10 0.02995483 
851 337 13 17 0.029941807 
667 326 10 13 0.029925212 
279 303 9 11 0.029904366 
968 348 9 13 0.029883124 
990 355 10 12 0.029853454 
210 416 19 24 0.029819451 
599 501 25 30 0.029806368 
542 514 24 30 0.029792095 
305 532 21 31 0.029703997 
174 350 34 41 0.0297032 
296 341 7 10 0.029674506 
607 445 22 29 0.029652776 
678 391 11 15 0.029624727 
400 340 8 12 0.029589564 
319 327 8 11 0.029588435 
534 358 9 12 0.029563602 
518 264 7 9 0.029561523 
824 497 26 35 0.029558858 
154 192 7 9 0.029545797 
551 392 11 13 0.029496782 
326 287 8 9 0.02947353 
489 324 8 12 0.029425723 
307 382 13 15 0.029349523 
417 407 21 29 0.029290868 
783 341 10 12 0.029259006 
295 312 9 10 0.02924979 
224 223 9 11 0.029247725 
304 306 18 22 0.029168054 
245 477 22 33 0.029158013 
710 302 8 10 0.029138193 
711 348 10 12 0.029103305 
444 352 20 23 0.029086493 
328 280 8 10 0.029078042 
985 263 8 10 0.029072538 
487 295 8 9 0.02905837 
715 467 20 27 0.029012818 
512 270 7 9 0.029003853 
768 354 10 14 0.028956642 
391 318 8 10 0.028928531 
487 358 8 11 0.028917061 
361 316 9 11 0.028883621 
529 295 7 9 0.02887831 
141 315 10 12 0.028851962 
674 440 13 20 0.02882343 
169 192 7 9 0.028817097 
680 463 24 32 0.028784245 
356 427 15 19 0.028782306 
543 264 7 9 0.02877848 
154 197 8 11 0.028756456 
389 326 10 12 0.028749233 
228 201 205 238 0.02874761 
175 223 7 8 0.028722452 
216 424 18 20 0.028718716 
608 351 10 12 0.028707571 
668 417 13 19 0.028699953 
263 272 8 10 0.028677661 
136 213 7 9 0.028671786 
774 377 12 16 0.028662756 
885 358 10 11 0.028659904 
902 405 13 15 0.02860814 
157 332 10 15 0.028562618 
526 396 10 15 0.028562445 
175 204 8 10 0.028475955 
608 431 20 25 0.028468259 
864 325 9 12 0.028433545 
557 443 14 20 0.028401893 
309 531 13 17 0.028277671 
870 395 11 15 0.028269425 
40 282 10 13 0.028253874 
607 398 13 17 0.02821088 
699 468 21 28 0.028178047 
564 372 10 13 0.028078107 
392 279 7 9 0.028077886 
838 458 16 18 0.028041095 
861 466 14 21 0.02800604 
201 480 16 23 0.027987368 
494 415 21 27 0.027935656 
726 434 13 19 0.027916025 
686 322 17 21 0.027902937 
647 395 13 16 0.027892467 
383 359 10 12 0.0278876 
193 240 6 8 0.027883748 
1008 296 8 10 0.027858598 
468 444 24 30 0.027845804 
824 547 25 31 0.027842075 
652 426 14 21 0.027829597 
964 427 14 17 0.027806057 
392 379 9 13 0.02776544 
991 303 7 9 0.02775725 
382 302 7 10 0.027737532 
466 318 8 10 0.027688308 
864 422 18 23 0.027681002 
472 294 7 9 0.027657727 
689 302 8 9 0.02765127 
920 296 7 10 0.027643476 
244 396 14 18 0.027624156 
351 319 8 10 0.027609704 
155 336 13 19 0.02758046 
982 446 14 19 0.027559968 
838 379 12 16 0.02752166 
2 227 10 15 0.027520277 
31 257 8 9 0.027486032 
755 452 15 20 0.027470931 
25 256 8 10 0.027468523 
340 339 10 12 0.02736875 
878 319 8 10 0.02732886 
823 303 7 9 0.02730207 
504 320 8 9 0.027293622 
253 395 11 15 0.027274072 
311 482 23 29 0.027269103 
848 273 8 9 0.027262941 
220 466 30 32 0.027211307 
541 380 10 12 0.027206447 
566 394 11 14 0.027167251 
640 295 8 9 0.027163068 
999 312 8 10 0.027134208 
912 436 12 16 0.027127685 
419 427 23 29 0.027102632 
500 471 21 30 0.027086288 
448 293 7 10 0.027076036 
243 354 11 16 0.0270681 
607 539 23 29 0.02703682 
445 334 11 14 0.027033724 
911 335 7 10 0.027004583 
301 392 13 18 0.026986327 
632 542 31 31 0.026986314 
101 361 30 40 0.02696074 
632 357 10 14 0.02695004 
144 161 7 8 0.026944058 
905 453 17 22 0.026940165 
259 439 24 31 0.02690581 
407 303 8 10 0.02689492 
654 373 11 14 0.026879817 
599 263 8 10 0.026877558 
438 491 21 32 0.026850801 
282 312 8 10 0.026826883 
533 379 11 13 0.026743378 
799 313 8 10 0.026700841 
504 272 7 9 0.026688103 
509 388 11 14 0.026604403 
562 263 7 9 0.026569221 
28 149 12 16 0.026527304 
911 358 9 12 0.026526367 
407 317 8 10 0.02652406 
167 456 28 33 0.026515 
638 247 7 9 0.026513066 
424 309 8 9 0.02650395 
563 412 14 18 0.026471132 
925 391 10 13 0.026443621 
864 280 7 9 0.02644216 
520 312 7 8 0.026432095 
407 416 23 30 0.026326748 
535 302 9 11 0.026305242 
549 419 12 16 0.026258549 
255 311 8 10 0.02618117 
349 326 7 10 0.026169453 
428 515 41 55 0.026165701 
713 324 9 12 0.026125295 
696 183 10 13 0.026078058 
264 367 11 14 0.026057964 
342 318 8 10 0.026057491 
16 284 9 11 0.026056824 
215 277 45 90 0.026052518 
422 493 40 54 0.026048684 
513 404 19 25 0.026047247 
634 320 8 11 0.02601146 
589 494 16 24 0.026009766 
848 326 9 11 0.025980392 
544 358 8 11 0.025962347 
841 264 8 9 0.025959685 
582 357 9 14 0.02594167 
958 428 11 16 0.025930341 
53 372 35 46 0.025917418 
366 457 24 28 0.025903251 
759 327 8 11 0.025855657 
266 536 39 42 0.025845952 
135 188 7 9 0.025831873 
170 237 7 10 0.025820673 
1004 503 16 21 0.025813945 
773 355 11 15 0.02580574 
572 270 9 11 0.025776252 
911 327 7 10 0.025771907 
149 502 27 37 0.025747698 
238 286 11 16 0.025747541 
841 508 26 35 0.025723426 
695 418 12 16 0.025629925 
997 260 8 11 0.02561473 
354 434 16 23 0.025607036 
278 247 8 10 0.025606675 
537 493 16 23 0.025571045 
417 371 11 16 0.025477195 
493 341 9 11 0.025476273 
559 248 7 9 0.02545548 
698 261 9 11 0.025454842 
378 444 15 24 0.02545192 
792 301 9 11 0.025450662 
751 363 12 16 0.025400648 
594 465 17 23 0.0253805 
123 200 7 9 0.025375636 
788 435 16 21 0.02528778 
350 409 14 17 0.0252692 
166 332 29 31 0.025252411 
585 263 8 10 0.025157118 
556 427 15 18 0.025154484 
906 285 8 10 0.025141709 
812 356 11 13 0.02512657 
628 205 10 12 0.025121719 
454 287 7 9 0.025062812 
141 324 11 16 0.02506215 
226 399 15 20 0.025037449 
375 255 9 11 0.02501519 
511 310 7 9 0.024982655 
973 319 9 11 0.024970325 
815 286 9 11 0.024955576 
630 388 11 14 0.024939777 
170 272 9 11 0.024895867 
22 310 10 13 0.024885412 
688 191 8 10 0.024842385 
928 420 12 15 0.024810132 
810 491 25 32 0.02480365 
654 379 12 16 0.024801863 
424 411 26 34 0.024791865 
740 457 15 22 0.024783382 
358 339 8 11 0.024780506 
312 365 11 13 0.024770616 
559 442 24 32 0.02475667 
566 405 12 15 0.024756458 
82 140 233 298 0.024727732 
630 378 12 16 0.024712566 
846 344 20 26 0.024709256 
657 240 9 11 0.024692092 
1 297 10 13 0.024677666 
990 247 9 11 0.024656773 
776 116 136 168 0.024654545 
728 339 10 13 0.024646245 
322 464 22 31 0.024637941 
126 206 7 10 0.024628606 
510 293 7 10 0.024618432 
140 332 14 19 0.024601197 
126 309 10 12 0.02458796 
202 485 26 39 0.02455828 
716 184 13 15 0.02451698 
7 310 11 13 0.024512995 
191 246 7 9 0.024493515 
168 284 9 12 0.024481658 
169 198 7 10 0.024475407 
495 507 23 35 0.024464628 
416 325 9 11 0.024447523 
381 418 15 20 0.02444206 
15 312 11 13 0.02443987 
1006 320 19 25 0.024317302 
616 374 10 13 0.02431119 
797 458 23 31 0.024304016 
79 364 44 53 0.0242638 
287 338 9 11 0.024261666 
446 304 8 10 0.024190934 
302 543 15 22 0.02418104 
1008 300 19 27 0.024178218 
985 312 18 24 0.02416146 
184 221 7 9 0.02413939 
605 372 10 13 0.024111811 
357 417 15 20 0.024111416 
758 435 15 19 0.024096336 
911 302 8 9 0.024078932 
729 289 7 9 0.024077883 
921 372 10 13 0.024059357 
528 425 12 19 0.024058344 
182 284 10 11 0.024056638 
60 299 14 16 0.024051914 
758 287 8 10 0.024051817 
479 381 10 13 0.024012508 
448 287 8 10 0.024009382 
532 397 13 16 0.024006719 
689 454 25 30 0.024005221 
10 379 16 23 0.023964442 
925 463 17 22 0.023944037 
769 515 19 26 0.023928605 
638 272 9 10 0.023927052 
470 538 13 18 0.023898894 
861 453 11 16 0.023881402 
791 278 8 10 0.023880513 
334 402 12 17 0.02386591 
1000 327 8 10 0.023865601 
730 467 16 23 0.023851596 
850 520 13 19 0.023834826 
417 364 9 13 0.023834296 
243 388 13 15 0.023819866 
254 264 7 9 0.023817705 
655 264 10 10 0.023814743 
589 449 13 19 0.023795443 
582 255 8 10 0.02379163 
944 286 7 9 0.023733024 
625 240 8 11 0.023698445 
316 514 31 33 0.023693247 
870 340 11 13 0.023633182 
631 280 9 10 0.023627263 
703 523 13 19 0.023613742 
562 382 19 24 0.023612507 
76 276 11 15 0.023603993 
397 327 9 11 0.02355034 
458 254 9 11 0.023530424 
615 311 8 11 0.023530051 
142 263 8 11 0.023515051 
387 238 8 10 0.023465825 
782 398 12 17 0.023422798 
529 264 8 9 0.023389101 
790 359 18 23 0.023367437 
851 472 15 19 0.023362277 
144 239 8 10 0.023351522 
943 303 7 10 0.023335006 
928 351 8 11 0.023329291 
975 536 15 23 0.023322394 
968 264 8 10 0.023318203 
717 409 12 16 0.023283496 
854 481 26 33 0.023171255 
5 322 19 23 0.02315463 
153 340 33 41 0.023147048 
486 505 13 21 0.023143198 
517 342 9 11 0.023139374 
607 265 8 10 0.023116544 
359 351 8 11 0.023095245 
619 264 7 10 0.023077032 
476 435 16 19 0.02304674 
265 527 24 33 0.02303194 
119 282 18 23 0.023031412 
176 217 7 9 0.023024088 
335 346 10 12 0.023011394 
290 525 23 33 0.02299739 
959 496 24 30 0.022978762 
967 363 11 13 0.022963574 
313 357 10 12 0.022953693 
701 498 18 21 0.022918312 
620 542 17 22 0.022905864 
361 253 10 12 0.022849953 
715 513 28 39 0.022815406 
868 377 19 23 0.022758743 
872 519 27 37 0.02274885 
134 322 24 31 0.022735132 
77 247 8 11 0.022724722 
721 371 11 15 0.022717072 
701 186 25 29 0.022712534 
691 470 17 23 0.022690702 
247 310 9 11 0.02268103 
199 240 6 9 0.022680195 
302 529 13 19 0.02266962 
306 481 17 21 0.022665676 
575 279 8 10 0.022658695 
718 345 17 23 0.02264431 
822 335 10 12 0.022634855 
193 232 7 9 0.022561386 
661 303 9 11 0.022561233 
471 386 11 15 0.0224676 
845 479 14 19 0.022429235 
709 371 11 14 0.022388402 
888 369 18 22 0.022384 
589 387 13 15 0.02238262 
638 215 9 11 0.022379618 
697 257 9 10 0.022372246 
1 317 9 12 0.022358254 
957 362 12 14 0.022355873 
282 277 8 11 0.02234106 
174 285 9 11 0.022331314 
656 295 7 8 0.022258772 
639 316 10 14 0.022250699 
516 502 23 31 0.022228375 
423 339 10 14 0.022195954 
887 350 9 12 0.02216998 
871 412 11 17 0.022166371 
373 421 15 19 0.022158135 
350 299 8 11 0.022146577 
743 351 10 12 0.022141265 
414 334 9 12 0.02211862 
238 401 14 18 0.022102706 
1003 265 21 26 0.022100147 
678 252 8 10 0.022082346 
654 222 7 9 0.02207574 
382 254 9 11 0.022037638 
944 296 8 9 0.022010298 
767 378 12 15 0.021989329 
529 303 7 10 0.021979393 
897 411 10 14 0.021937244 
841 294 8 10 0.021933941 
544 333 8 10 0.021919355 
407 363 9 13 0.021906795 
658 536 17 24 0.021879567 
878 289 9 10 0.021862987 
653 506 17 20 0.021853913 
886 393 12 15 0.021809788 
512 494 22 29 0.021782938 
335 374 10 13 0.02178227 
574 376 10 12 0.021779435 
237 328 11 16 0.021773117 
780 461 20 26 0.021734804 
130 263 8 10 0.021733329 
708 430 16 21 0.021710353 
660 518 17 24 0.021673964 
704 190 9 11 0.02166941 
1004 425 14 19 0.021652099 
480 373 9 13 0.021615155 
318 352 8 11 0.021598363 
668 379 15 18 0.021560855 
945 407 20 23 0.021546364 
838 303 8 9 0.0215288 
814 279 8 9 0.02151951 
679 340 11 13 0.021510078 
184 200 7 9 0.021500235 
457 530 24 33 0.02146036 
434 335 18 24 0.021454293 
710 181 21 26 0.02143236 
185 206 7 9 0.021427145 
484 432 23 29 0.021401329 
619 469 21 28 0.021386852 
896 386 19 23 0.0213833 
177 244 7 10 0.021363493 
152 223 6 8 0.021361932 
215 198 8 11 0.021348426 
846 264 8 9 0.021346165 
56 315 11 15 0.0213364 
377 514 26 31 0.021326752 
568 306 18 22 0.021321613 
43 294 11 14 0.021319298 
7 256 9 12 0.021311983 
495 289 7 8 0.02130875 
659 453 16 19 0.021284996 
661 366 11 13 0.021273525 
22 323 11 13 0.021272572 
915 273 7 9 0.021254526 
599 388 13 15 0.021241708 
579 422 13 16 0.021236183 
617 271 6 9 0.021234272 
411 438 18 21 0.021226106 
669 478 15 21 0.021220222 
717 442 14 19 0.021124521 
217 224 8 10 0.021109924 
897 529 28 32 0.021090725 
769 280 8 10 0.021041688 
398 317 8 10 0.021036886 
663 293 8 10 0.021032723 
66 289 15 17 0.021013115 
802 399 15 21 0.020980576 
264 393 11 15 0.020979866 
1004 382 14 17 0.020966467 
223 331 30 40 0.020954812 
119 257 7 9 0.020914957 
422 322 19 25 0.020907482 
806 287 8 10 0.020895422 
518 450 20 26 0.020893544 
255 347 10 13 0.020881504 
662 309 8 11 0.020877138 
856 512 27 35 0.020867947 
367 444 21 28 0.02084561 
869 349 12 15 0.020835364 
513 335 8 10 0.020830559 
122 160 7 9 0.020805156 
30 292 9 13 0.020778142 
520 295 7 8 0.020773068 
177 445 27 33 0.020764466 
478 342 8 11 0.020754289 
406 257 8 10 0.020697597 
511 457 12 20 0.020677827 
310 418 13 16 0.020671329 
653 271 11 13 0.020648988 
143 254 8 10 0.020639116 
583 266 18 23 0.020635538 
270 344 8 10 0.020603254 
44 323 11 14 0.020579442 
684 533 27 40 0.020571865 
317 371 13 15 0.02055396 
685 426 11 15 0.020517083 
352 357 9 13 0.020515423 
965 420 13 16 0.020485042 
295 276 8 10 0.020482622 
286 505 24 32 0.02048236 
358 272 9 12 0.020451944 
223 303 26 40 0.020434098 
839 466 14 18 0.02043155 
145 224 6 8 0.020422151 
392 263 8 9 0.020417998 
842 452 18 20 0.020387562 
568 285 7 10 0.020386495 
39 359 25 33 0.020379012 
215 208 8 9 0.020377638 
792 311 8 9 0.020374194 
308 428 23 30 0.020339506 
1013 469 10 16 0.020334356 
308 522 28 33 0.020305224 
104 264 8 10 0.020295968 
514 459 20 28 0.020258997 
854 384 12 16 0.020244965 
455 504 15 21 0.020225689 
468 434 16 20 0.020208122 
465 272 7 9 0.020195082 
341 426 15 19 0.020176629 
912 285 8 10 0.020174246 
1009 286 20 27 0.020153053 
809 239 195 228 0.020124394 
501 494 21 28 0.020122 
328 342 9 10 0.020102216 
170 182 6 9 0.020091714 
369 271 8 10 0.020067712 
327 350 9 10 0.020055475 
327 268 7 10 0.020045865 
941 376 12 14 0.020010972 
