21_Festival_Festival_21_640
18
172 223 11 14 0.11136867 
47 437 22 28 0.08815863 
122 433 24 34 0.051823515 
50 426 15 17 0.04980828 
619 594 13 15 0.04722115 
171 246 13 16 0.037974264 
124 428 14 17 0.036780987 
1002 190 8 11 0.03548473 
43 430 36 47 0.035171986 
261 182 22 30 0.03467447 
667 483 10 14 0.03448214 
965 245 13 17 0.02972796 
269 149 11 16 0.029459484 
748 437 14 17 0.028255345 
670 589 12 15 0.025328644 
620 602 14 16 0.0247579 
0 365 8 14 0.020889642 
110 232 11 14 0.020500645 
