21_Festival_Festival_21_601
42
405 350 24 28 0.9911515 
933 320 23 28 0.9840417 
306 335 24 25 0.97679704 
870 335 19 23 0.86042 
17 330 14 18 0.8323029 
645 350 16 22 0.80806834 
512 365 16 20 0.49457166 
770 336 17 23 0.3230493 
309 249 17 20 0.16533376 
916 380 19 21 0.1445453 
804 51 91 110 0.13840708 
497 395 15 18 0.104458734 
663 309 12 15 0.084869735 
751 322 42 52 0.08133974 
629 676 51 54 0.050341994 
644 326 10 14 0.050002944 
25 332 12 15 0.043010868 
641 319 8 10 0.041537 
394 396 15 19 0.041081287 
959 316 13 18 0.038436506 
402 394 20 26 0.03759955 
664 304 11 12 0.034335088 
661 304 19 24 0.0335698 
781 334 24 32 0.031116089 
524 267 23 31 0.026592627 
746 320 32 37 0.024887852 
776 340 17 23 0.024872055 
27 348 12 14 0.024361346 
410 399 15 19 0.023883857 
641 330 11 14 0.023750378 
378 392 21 25 0.02359799 
390 401 23 26 0.023414379 
380 388 12 14 0.023168294 
388 363 13 17 0.023080079 
28 337 12 16 0.022417301 
504 387 24 27 0.022248251 
388 388 15 19 0.021822592 
680 325 12 14 0.021637898 
778 324 15 18 0.021581264 
441 67 51 56 0.021107852 
404 494 11 15 0.020979444 
21 344 14 17 0.020943651 
