21_Festival_Festival_21_140
171
430 459 22 30 0.9357277 
517 494 46 52 0.77529454 
347 481 19 21 0.53295225 
342 475 15 20 0.29759645 
948 447 14 19 0.2764486 
796 660 95 125 0.21368644 
214 765 15 24 0.21096244 
305 445 14 18 0.16746111 
1003 513 22 42 0.13232778 
433 1221 62 75 0.13011172 
126 634 12 15 0.10432868 
424 446 22 31 0.09149631 
423 420 13 17 0.091195755 
120 721 9 11 0.09075441 
427 518 26 39 0.09064255 
693 720 39 50 0.09043396 
364 475 15 22 0.089062594 
22 754 11 16 0.07973733 
468 404 12 14 0.071037255 
435 420 16 19 0.06989537 
172 443 12 16 0.069766395 
820 650 54 88 0.06729753 
122 364 16 19 0.06663583 
54 643 10 12 0.066505596 
390 415 12 15 0.06550462 
338 439 16 20 0.06480674 
102 694 10 14 0.061703287 
462 428 13 15 0.0600584 
262 461 24 27 0.05980602 
347 471 17 20 0.05780667 
427 418 17 20 0.057543177 
124 355 15 17 0.05354682 
28 856 13 18 0.050574683 
391 584 11 15 0.049819753 
14 950 13 18 0.04872157 
46 655 12 14 0.04836131 
673 432 24 28 0.048283476 
725 427 10 13 0.046336573 
303 438 12 14 0.046067618 
629 667 13 18 0.04533135 
137 701 9 12 0.045269325 
123 724 10 12 0.044541452 
117 736 10 12 0.042917553 
48 619 7 11 0.04225611 
914 563 25 27 0.042196732 
301 460 11 13 0.041853737 
348 546 38 41 0.041444387 
319 445 11 15 0.041332398 
741 477 9 11 0.041085318 
142 696 9 12 0.04074337 
108 1241 14 18 0.04056454 
181 512 64 52 0.040370703 
486 1193 13 16 0.040232133 
910 572 23 27 0.040152684 
782 665 67 93 0.039926242 
95 734 8 12 0.03966824 
118 635 13 15 0.03926992 
295 529 12 17 0.03917576 
802 553 17 22 0.039054036 
337 477 13 18 0.037809838 
86 717 9 14 0.03777567 
849 564 26 31 0.037633497 
976 461 25 32 0.037311796 
477 426 13 17 0.036916845 
441 425 13 17 0.036583003 
883 555 13 16 0.0354335 
339 1155 32 32 0.034910757 
85 636 11 15 0.034198266 
389 434 14 17 0.03410618 
423 451 14 21 0.03405446 
334 826 10 14 0.033306796 
437 512 27 41 0.033278596 
982 1196 29 49 0.03308156 
425 429 24 30 0.033010107 
990 503 29 48 0.032627843 
196 694 13 16 0.032321133 
16 954 17 21 0.031344473 
483 429 14 19 0.031329565 
243 1240 43 41 0.03106791 
466 408 16 19 0.029937552 
108 366 40 50 0.02927428 
891 415 13 14 0.029194586 
876 558 15 16 0.029189052 
29 849 10 13 0.028632164 
385 510 17 22 0.0285035 
344 614 12 16 0.027787259 
791 491 9 12 0.027604608 
80 860 11 13 0.027497282 
79 870 11 14 0.027462251 
25 847 10 13 0.027343092 
85 710 11 14 0.027263168 
465 418 17 21 0.027220119 
80 812 10 14 0.026993737 
342 895 24 29 0.026844917 
754 509 10 11 0.026764356 
755 482 13 17 0.026693216 
768 507 9 12 0.026592715 
294 443 12 17 0.026184855 
415 428 10 14 0.026112892 
799 484 11 14 0.026022127 
619 402 14 16 0.026015155 
39 645 10 12 0.025507793 
908 585 18 22 0.025492508 
48 377 12 18 0.025265336 
385 583 11 14 0.025102632 
242 706 17 21 0.025070643 
325 512 16 21 0.025015544 
280 443 12 16 0.024794284 
756 490 10 14 0.024731353 
113 634 11 16 0.024625126 
556 446 43 55 0.024386907 
965 457 26 32 0.024383873 
150 707 11 14 0.024242094 
327 876 35 38 0.02423381 
743 473 9 12 0.024199598 
300 469 11 14 0.024181435 
318 439 11 14 0.024062654 
443 529 16 20 0.024025941 
818 561 15 19 0.024007412 
771 682 28 46 0.02398397 
130 630 13 16 0.023837125 
312 711 444 521 0.02357572 
852 579 29 31 0.023570623 
168 438 21 26 0.023343176 
803 568 17 21 0.0232463 
792 542 9 12 0.023101678 
288 804 11 16 0.023050172 
798 502 10 14 0.023008782 
440 456 25 31 0.02285243 
650 462 15 18 0.02278545 
652 453 12 12 0.022748252 
205 764 27 42 0.02272839 
130 364 12 15 0.022699524 
72 449 17 18 0.022629695 
967 455 40 51 0.022285873 
100 436 13 16 0.022157762 
796 558 16 20 0.02205688 
464 426 23 28 0.021831194 
187 824 24 29 0.021819854 
101 686 11 15 0.021738235 
280 829 10 13 0.02170897 
65 884 11 15 0.021633174 
300 843 12 15 0.021569202 
1006 1255 14 21 0.021542134 
668 435 18 21 0.021414604 
736 473 10 12 0.021389488 
295 438 9 14 0.021270916 
457 658 15 17 0.021223437 
169 743 81 103 0.021205984 
5 959 14 22 0.021036169 
621 654 23 32 0.02102781 
851 559 19 22 0.021004144 
800 468 11 15 0.020966666 
771 629 48 78 0.020931821 
96 692 13 18 0.020913696 
388 581 20 25 0.020889748 
752 477 12 14 0.020842442 
423 434 12 17 0.020803051 
110 718 12 14 0.020556305 
99 690 22 28 0.020480566 
454 521 42 48 0.02041029 
626 642 14 18 0.020230217 
507 498 37 39 0.020223964 
47 645 10 14 0.020202732 
805 468 10 13 0.020117072 
953 448 22 29 0.020109609 
294 444 20 28 0.020096354 
88 723 9 13 0.020053549 
418 421 11 14 0.020052401 
86 421 16 18 0.020038351 
389 974 28 30 0.020016875 
