21_Festival_Festival_21_107
365
180 221 57 69 0.6995784 
597 188 44 54 0.6818058 
845 189 17 22 0.5452013 
1000 192 16 18 0.48308337 
942 262 20 26 0.44598296 
999 256 16 22 0.42003456 
603 243 44 55 0.41374224 
789 200 27 33 0.3785074 
920 185 17 21 0.32420412 
837 259 23 26 0.28044373 
476 199 50 60 0.272318 
952 206 10 13 0.23482569 
948 188 12 14 0.21115887 
981 237 15 18 0.20523007 
908 173 11 14 0.18856254 
928 266 21 26 0.17883572 
965 196 12 15 0.17545624 
743 274 21 26 0.17475098 
970 217 13 16 0.17078121 
706 326 18 21 0.1640293 
690 226 31 39 0.1638485 
781 176 13 16 0.16229013 
917 238 14 17 0.16107443 
906 179 12 15 0.15389793 
970 256 16 19 0.14627768 
964 237 12 15 0.1450272 
636 264 29 42 0.14446205 
301 127 12 15 0.14278501 
966 270 12 17 0.1299121 
967 212 12 15 0.12298033 
197 530 46 59 0.11764428 
942 235 13 15 0.11525325 
956 208 13 17 0.11287178 
846 236 16 22 0.11229345 
827 227 17 20 0.1104793 
974 197 11 14 0.11019939 
1001 282 12 16 0.107005954 
654 275 27 37 0.10516063 
927 258 15 18 0.103442825 
198 109 13 17 0.10339211 
948 195 11 14 0.10177752 
862 218 14 18 0.10041235 
962 243 14 18 0.09879057 
564 226 26 33 0.097334936 
862 155 16 18 0.094216265 
966 249 15 18 0.09341357 
881 181 11 14 0.09313929 
832 368 13 16 0.09226527 
965 203 12 15 0.09019229 
904 186 11 15 0.08885132 
1010 260 10 15 0.08789493 
779 280 23 31 0.086797275 
975 204 11 14 0.085453674 
979 199 10 13 0.083965786 
400 366 37 48 0.082697384 
297 127 20 25 0.080511145 
898 154 17 20 0.08011031 
957 163 12 13 0.079379626 
726 315 15 23 0.075697556 
987 226 13 16 0.07510797 
87 243 54 75 0.074724734 
940 220 13 15 0.07396295 
785 172 14 17 0.07363471 
318 415 30 37 0.072161384 
938 228 15 18 0.07002077 
991 215 11 13 0.068849444 
1004 183 11 12 0.06822488 
1014 276 10 16 0.06593417 
907 212 14 18 0.06543611 
883 185 13 15 0.065075524 
990 220 13 16 0.06440927 
337 130 24 28 0.06440634 
778 237 16 21 0.063946426 
1014 157 9 14 0.06393502 
902 217 15 18 0.06389229 
1014 163 9 14 0.062918015 
240 105 15 20 0.062680155 
972 243 15 18 0.06204257 
816 201 13 20 0.06164454 
842 315 16 18 0.06132117 
1012 215 9 12 0.061306786 
761 336 15 21 0.059077732 
819 218 13 17 0.058751978 
14 77 11 16 0.058582727 
0 152 12 21 0.057366285 
941 242 15 17 0.057344798 
1012 238 9 13 0.05710396 
140 539 40 47 0.05637802 
708 371 22 28 0.05637615 
94 122 13 16 0.05628516 
1005 242 14 17 0.055819772 
752 331 22 31 0.055444375 
947 252 15 19 0.055128254 
801 164 12 14 0.05406162 
763 572 13 15 0.053948384 
367 476 15 18 0.053682968 
891 273 15 18 0.053644847 
932 292 15 19 0.05363644 
176 83 90 120 0.053207938 
894 161 15 18 0.052826904 
1006 176 9 11 0.052239116 
925 212 12 15 0.05218807 
50 132 16 19 0.051603083 
1001 236 10 14 0.051100314 
969 265 15 18 0.051045816 
789 340 14 20 0.049825028 
586 236 44 54 0.048780203 
920 244 16 17 0.048380025 
768 329 27 32 0.04837715 
560 222 43 52 0.048196122 
1013 268 10 15 0.047514003 
859 201 13 17 0.04732595 
180 520 23 35 0.047073904 
1004 218 13 14 0.0470411 
812 238 13 15 0.04685358 
876 243 18 21 0.046250574 
609 279 38 49 0.046059687 
986 242 13 16 0.045810048 
833 155 18 21 0.04523177 
878 509 11 12 0.04502904 
679 284 24 31 0.04492259 
954 267 15 19 0.044427644 
990 264 14 19 0.044281617 
561 194 46 52 0.04358511 
925 203 13 16 0.043440063 
598 228 40 45 0.043014772 
723 242 23 30 0.042805836 
287 133 10 13 0.042407952 
667 287 26 34 0.042202167 
940 172 11 13 0.042036563 
942 250 14 17 0.042025447 
858 282 18 21 0.041819494 
702 300 14 17 0.041594453 
670 66 93 112 0.04143258 
319 114 14 17 0.041205313 
844 245 24 28 0.041077226 
933 171 12 14 0.040620662 
819 254 16 19 0.040044352 
691 291 14 19 0.039931476 
995 219 14 16 0.039758485 
69 421 38 32 0.03966301 
975 288 15 18 0.039409544 
831 293 14 19 0.03937189 
867 282 15 19 0.039117485 
888 220 12 15 0.039024983 
811 211 20 28 0.038773343 
1014 171 10 13 0.03813491 
951 157 11 14 0.03800649 
829 254 21 27 0.03791058 
886 196 13 15 0.03783185 
997 227 14 17 0.037591197 
869 172 12 13 0.03755959 
726 228 26 35 0.037059832 
926 172 15 16 0.036732804 
919 267 21 28 0.036609348 
704 283 13 16 0.036594834 
818 297 22 29 0.036533084 
971 275 12 14 0.03605788 
924 292 16 22 0.03579091 
55 6 40 53 0.035576086 
805 169 14 18 0.03556423 
300 119 11 13 0.035442773 
795 335 14 20 0.035352964 
652 284 16 24 0.035268962 
222 330 33 54 0.03511018 
727 257 14 16 0.034925558 
807 276 15 18 0.03469296 
837 187 16 20 0.034598414 
848 262 19 23 0.034360833 
850 190 20 25 0.034081064 
775 173 15 17 0.033898085 
878 173 11 14 0.03379195 
700 224 38 48 0.033741273 
908 181 20 25 0.033664905 
903 167 19 26 0.033555724 
931 251 14 18 0.033550087 
575 236 32 46 0.03352705 
804 307 13 16 0.033391323 
885 173 12 15 0.03323935 
631 285 28 42 0.03323589 
762 169 14 16 0.03316567 
833 234 24 27 0.033002373 
152 84 12 17 0.032719072 
549 214 33 44 0.032438718 
620 257 36 49 0.032435518 
204 102 56 74 0.032416362 
878 250 24 28 0.032297067 
965 228 13 16 0.032212052 
888 203 11 13 0.03199394 
7 171 27 36 0.03162236 
933 212 12 16 0.031454183 
732 279 23 27 0.031276878 
796 212 24 31 0.03103395 
892 180 12 14 0.03086665 
998 175 10 12 0.030850781 
931 196 11 14 0.030583158 
1011 94 11 15 0.030442914 
958 188 11 16 0.030441703 
971 190 12 15 0.030166311 
978 257 15 21 0.029912282 
851 231 21 26 0.02986285 
834 331 16 23 0.029857105 
860 297 15 19 0.029854214 
270 316 26 30 0.02980943 
909 167 10 14 0.02978931 
874 233 17 19 0.029776594 
456 174 81 99 0.029575994 
848 270 24 27 0.029107006 
998 180 20 25 0.02908307 
944 202 12 16 0.029070038 
980 180 11 13 0.029064476 
356 453 12 16 0.02885417 
700 292 15 19 0.028846651 
342 54 9 13 0.028779982 
800 159 10 13 0.028682506 
640 297 29 40 0.028617188 
718 234 11 16 0.028603083 
867 214 15 18 0.028596321 
983 222 11 14 0.028511945 
152 78 11 14 0.028491097 
179 517 46 62 0.028465535 
735 328 23 32 0.028394934 
767 240 14 19 0.028372906 
1006 249 19 28 0.028366517 
700 351 17 21 0.028345168 
944 184 19 23 0.02833796 
807 241 15 17 0.028200228 
227 196 16 20 0.02819614 
874 225 15 18 0.028173849 
611 13 13 16 0.02804571 
578 238 17 24 0.027971962 
958 217 13 16 0.027926905 
676 296 15 20 0.02788655 
393 329 17 20 0.027884563 
822 190 10 13 0.02786066 
917 126 13 13 0.027798792 
733 234 14 17 0.027796818 
963 163 11 13 0.027726516 
589 26 46 67 0.027689563 
454 154 29 36 0.027356459 
984 166 11 13 0.027085409 
907 298 15 17 0.026982486 
977 158 9 11 0.026870042 
881 222 22 26 0.026797721 
295 0 346 441 0.026779259 
720 90 13 17 0.026603898 
893 171 12 15 0.026591428 
313 394 29 31 0.026524466 
928 168 11 12 0.026444687 
973 247 21 25 0.02637318 
591 262 44 55 0.02626924 
911 241 15 17 0.02626578 
918 212 13 16 0.026260365 
845 183 14 17 0.02617419 
91 128 14 17 0.026130654 
904 195 11 13 0.02612748 
747 285 18 22 0.026055383 
978 297 13 17 0.025957579 
780 218 12 15 0.02592662 
324 109 13 17 0.025905997 
260 464 14 18 0.025877558 
967 193 18 22 0.0257544 
889 216 20 23 0.025737107 
45 564 12 14 0.025634822 
844 228 16 19 0.025603818 
724 321 21 32 0.025505604 
991 292 11 16 0.025448289 
744 270 13 16 0.025444139 
890 163 22 27 0.025440756 
988 251 22 28 0.025372818 
956 249 15 17 0.025353594 
385 378 34 37 0.025352461 
313 425 48 60 0.025346026 
85 132 14 17 0.025303982 
786 138 16 21 0.025221158 
892 212 14 17 0.025198663 
226 536 49 62 0.025165526 
998 316 21 30 0.02513356 
705 285 23 25 0.025108736 
861 323 15 20 0.024969285 
955 60 27 33 0.024886215 
704 65 26 37 0.024854038 
989 169 12 15 0.024751622 
674 281 16 22 0.024674432 
620 300 29 40 0.024672294 
674 296 26 33 0.024667872 
1013 189 9 15 0.024562037 
757 323 16 21 0.024369987 
598 296 33 41 0.024341278 
835 170 14 15 0.024336416 
653 252 12 15 0.02430284 
354 462 28 34 0.024230992 
932 280 16 20 0.024122152 
1014 179 10 13 0.024000697 
324 120 12 17 0.02390442 
946 147 12 15 0.02384255 
889 244 15 19 0.023788935 
726 290 14 19 0.02377051 
971 226 13 17 0.023751365 
878 166 10 13 0.023704797 
127 85 12 15 0.02367323 
709 278 14 16 0.023488615 
837 307 17 22 0.023130435 
795 284 15 21 0.023093846 
780 139 14 20 0.02303869 
887 165 11 14 0.023032593 
821 233 24 27 0.022986174 
176 311 54 73 0.02298551 
932 177 12 16 0.022982327 
810 270 16 19 0.0228066 
97 62 180 210 0.02279172 
824 183 9 11 0.022618312 
698 241 18 22 0.022527926 
944 181 11 14 0.022480663 
82 139 14 16 0.022437956 
269 149 10 12 0.022413444 
214 103 15 23 0.022374798 
636 287 17 25 0.022351637 
765 230 24 32 0.022280429 
917 225 23 26 0.02217824 
901 242 12 17 0.022138886 
883 281 17 19 0.022052586 
887 174 20 25 0.022010986 
829 163 24 27 0.021996569 
836 285 15 18 0.021921923 
830 556 11 13 0.021878846 
860 259 14 17 0.021790572 
56 92 26 33 0.021741359 
896 494 11 12 0.021710297 
868 247 24 28 0.021699442 
941 154 13 15 0.021698877 
805 322 14 16 0.02166737 
933 204 11 15 0.021579731 
506 200 29 37 0.021528427 
833 220 18 19 0.021526635 
306 124 15 19 0.021516012 
775 220 26 33 0.021495309 
163 524 42 55 0.021419311 
14 9 23 37 0.021351483 
690 319 27 34 0.021282637 
916 172 11 14 0.021281008 
712 320 17 25 0.021246035 
567 202 27 34 0.02121793 
23 558 12 14 0.021181135 
645 402 33 50 0.021121653 
974 180 11 14 0.020962616 
866 148 17 21 0.020888781 
830 187 13 16 0.02083439 
981 212 10 13 0.020825393 
603 15 25 38 0.02077353 
795 195 18 23 0.020667791 
201 129 26 33 0.020665819 
908 206 12 15 0.020658122 
951 172 11 14 0.020450383 
753 290 17 21 0.020444434 
652 312 13 20 0.02042804 
804 314 14 17 0.020392653 
830 176 24 29 0.020389916 
957 171 11 13 0.020356819 
759 125 11 14 0.020264184 
761 193 17 21 0.020258447 
389 345 17 19 0.020144667 
809 302 24 32 0.020124895 
965 183 14 16 0.02004784 
760 335 25 34 0.02000211 
