21_Festival_Festival_21_100
68
675 104 132 166 0.9996772 
435 444 124 161 0.9813812 
78 180 22 29 0.8148892 
163 156 19 24 0.6205555 
98 174 24 33 0.55872816 
120 328 29 37 0.5380103 
12 241 27 32 0.43373966 
88 177 23 31 0.4009625 
1 207 21 29 0.29835215 
301 475 54 72 0.21621731 
413 79 51 82 0.14741884 
491 542 37 42 0.11476865 
104 170 18 23 0.10613872 
459 496 77 97 0.09868667 
36 193 21 27 0.08347863 
902 116 31 37 0.08207851 
151 352 14 19 0.08063435 
25 237 26 34 0.07649373 
6 247 38 47 0.07385102 
90 253 26 31 0.07239551 
54 204 24 31 0.070653595 
22 289 53 61 0.060267575 
441 361 190 260 0.052703805 
2 221 26 41 0.051315833 
327 441 32 39 0.051285826 
0 370 13 26 0.050190013 
482 279 51 75 0.049947154 
134 340 25 33 0.04918116 
65 501 20 23 0.045742355 
107 413 14 18 0.044796433 
304 286 27 38 0.04478939 
57 220 25 28 0.041314214 
34 138 13 19 0.040649146 
676 68 428 475 0.039717417 
936 322 44 53 0.03904899 
84 355 15 18 0.03799163 
566 383 10 13 0.036415204 
151 444 14 18 0.036026098 
109 313 50 63 0.03335001 
192 496 53 64 0.03332221 
150 206 22 27 0.02974713 
522 486 27 34 0.029016942 
364 66 91 101 0.028750988 
121 231 17 21 0.026651962 
260 238 51 63 0.025921369 
6 247 19 23 0.025721274 
134 460 12 14 0.025509562 
175 200 29 35 0.025502479 
992 491 34 45 0.025146909 
541 493 16 24 0.025135515 
41 197 25 31 0.024331162 
300 473 34 48 0.023690365 
136 337 16 22 0.023489943 
309 441 56 78 0.023310045 
16 280 90 96 0.022369316 
45 283 55 61 0.02155479 
479 471 77 93 0.021292895 
247 304 53 59 0.021154204 
306 65 99 120 0.021132914 
28 123 13 16 0.020865113 
244 327 10 13 0.020843558 
274 252 53 70 0.02079678 
131 421 14 17 0.020764675 
69 114 14 17 0.020617276 
161 322 12 16 0.020601125 
28 132 15 20 0.020571945 
534 618 30 41 0.020519013 
288 516 51 61 0.020510351 
