13_Interview_Interview_On_Location_13_636
145
187 38 57 78 0.99936384 
800 115 31 41 0.9961396 
724 110 32 44 0.98124355 
332 42 25 30 0.0746469 
674 104 8 11 0.069598615 
696 119 11 14 0.06405345 
802 89 14 17 0.06187502 
690 64 9 10 0.05510528 
820 92 14 18 0.05267989 
455 28 13 15 0.047934614 
623 69 9 11 0.046794735 
752 147 21 28 0.046728715 
726 20 9 12 0.044790808 
711 141 11 16 0.04246971 
693 148 14 18 0.041839235 
694 140 11 14 0.0416761 
61 598 26 32 0.040583957 
686 123 10 13 0.04045372 
671 63 9 11 0.037805274 
678 70 8 10 0.03779032 
881 600 7 10 0.03778904 
718 64 8 10 0.036715504 
680 39 7 9 0.036388237 
721 38 7 10 0.036217395 
698 123 13 16 0.035236932 
642 94 7 9 0.03516121 
463 78 10 13 0.034986824 
695 131 11 13 0.034926157 
664 62 9 11 0.03469601 
649 80 7 9 0.034494925 
654 70 9 10 0.034248557 
560 23 9 10 0.033754233 
677 103 9 11 0.033611417 
676 139 12 15 0.033382133 
657 39 8 10 0.033294026 
697 55 8 10 0.032139294 
690 69 9 11 0.032052033 
593 55 9 10 0.031911977 
705 78 8 11 0.031884104 
689 76 9 11 0.031422794 
669 138 13 17 0.03117498 
638 78 8 10 0.031165728 
721 21 9 11 0.031110093 
608 71 8 10 0.030286131 
679 64 8 9 0.030255293 
608 30 9 11 0.03018643 
440 28 12 14 0.030151706 
664 80 8 10 0.03011951 
665 56 8 9 0.029333118 
657 104 8 10 0.029253893 
664 139 11 15 0.029090878 
647 15 8 11 0.02878696 
672 47 8 10 0.028692203 
624 45 8 10 0.02867014 
674 70 8 9 0.02862082 
583 14 8 10 0.027842848 
613 30 8 10 0.027794844 
624 6 9 10 0.027683025 
444 6 11 11 0.027674435 
679 124 10 13 0.027540471 
711 21 9 11 0.02716777 
694 118 20 27 0.027163044 
568 7 9 11 0.02711514 
798 585 11 12 0.027032733 
681 54 9 11 0.026626272 
711 5 11 12 0.026623478 
886 600 9 10 0.026619801 
650 71 8 10 0.026565844 
608 24 9 11 0.026511628 
518 86 8 10 0.026381906 
671 80 7 9 0.026196107 
662 38 7 10 0.026003396 
686 148 14 17 0.025848674 
657 46 8 10 0.025651708 
686 47 8 10 0.025594847 
727 14 10 13 0.025536692 
456 21 12 14 0.025396882 
430 101 22 26 0.025368923 
879 86 11 13 0.02535437 
640 15 9 12 0.025280628 
560 14 8 11 0.025135376 
666 86 7 10 0.025044082 
703 94 8 10 0.025035327 
641 39 8 10 0.025021844 
876 147 11 13 0.024993602 
543 14 10 13 0.02478708 
505 115 11 16 0.024630893 
528 70 9 11 0.02445663 
933 288 29 33 0.024444846 
575 23 8 10 0.024207449 
744 54 8 10 0.024171695 
461 117 14 17 0.024019783 
646 93 8 10 0.023932006 
956 2 14 15 0.023887584 
850 55 8 9 0.023880001 
735 38 9 11 0.023801388 
665 133 11 15 0.02375673 
655 108 9 12 0.023728771 
624 77 9 12 0.023692802 
632 55 7 10 0.023664461 
650 62 9 11 0.023657238 
869 348 15 18 0.023644703 
686 30 8 9 0.023589076 
623 64 9 10 0.023169031 
696 39 8 10 0.023166861 
686 132 12 15 0.022805238 
811 89 19 24 0.022598498 
799 595 9 12 0.022559399 
469 54 10 13 0.022353029 
719 16 9 11 0.022230836 
852 77 10 13 0.022160592 
728 72 8 10 0.022075128 
683 126 22 26 0.0220524 
648 87 7 10 0.022010611 
710 15 10 11 0.02186878 
881 55 8 10 0.021780943 
598 22 9 11 0.021741815 
892 328 18 22 0.02163874 
680 45 9 11 0.021543493 
815 12 9 12 0.021528829 
645 133 10 13 0.021424524 
624 15 8 11 0.021406 
680 88 9 10 0.02137924 
807 607 9 11 0.021303363 
664 29 9 12 0.02121278 
703 140 20 28 0.021174062 
767 54 10 12 0.021169977 
695 109 11 13 0.021165362 
581 152 22 26 0.021162683 
785 53 9 12 0.021161271 
699 140 13 16 0.021095503 
583 47 8 10 0.020998241 
648 31 8 10 0.020990293 
681 94 9 11 0.020886406 
653 87 8 9 0.020863477 
676 145 15 16 0.020837827 
536 7 8 10 0.020804139 
585 31 8 11 0.02062302 
696 47 8 9 0.020612799 
238 7 45 56 0.020606577 
543 8 9 10 0.020596918 
669 30 9 10 0.020344865 
593 22 8 10 0.020269128 
974 12 24 31 0.020055786 
695 104 9 11 0.02003601 
