13_Interview_Interview_Sequences_13_209
38
88 119 72 86 0.9991518 
426 57 55 75 0.99910456 
868 64 81 101 0.99419844 
687 178 28 44 0.97796226 
515 199 29 42 0.957791 
281 167 34 54 0.9559539 
585 36 23 27 0.124252856 
531 213 31 37 0.11610447 
722 63 62 65 0.11326524 
527 241 28 35 0.09250043 
700 193 32 37 0.06641904 
279 157 455 454 0.057253446 
469 294 250 284 0.051910125 
559 58 13 16 0.049695045 
273 74 26 34 0.048761465 
570 48 45 57 0.048459105 
518 197 13 20 0.044120956 
448 197 13 16 0.043168373 
513 5 15 18 0.04302779 
544 57 15 20 0.038236193 
423 192 13 16 0.035464283 
717 271 46 66 0.03531531 
562 5 25 29 0.035121955 
551 191 23 37 0.0340583 
564 3 18 18 0.033857867 
943 73 14 21 0.031922027 
349 290 12 14 0.030971054 
856 181 55 53 0.029575177 
651 253 10 12 0.029236957 
576 310 13 16 0.025256954 
637 260 12 14 0.025019327 
872 189 32 34 0.024062254 
829 304 14 17 0.023791006 
726 192 30 35 0.023088656 
881 51 14 18 0.022684477 
544 222 28 35 0.020875063 
528 210 19 28 0.020752592 
532 192 28 40 0.020622937 
