13_Interview_Interview_Sequences_13_2
100
636 242 54 74 0.99903286 
491 169 52 65 0.998609 
264 188 55 73 0.9981653 
918 218 38 49 0.99509794 
549 201 31 40 0.99461657 
742 288 75 96 0.9932929 
326 28 30 42 0.991959 
944 19 53 59 0.9912423 
644 147 29 36 0.98787826 
655 25 37 47 0.9822551 
120 269 54 62 0.9789097 
235 29 38 45 0.97186005 
569 29 40 46 0.97144306 
314 139 25 33 0.88526607 
0 26 23 42 0.81973237 
225 187 32 48 0.7950358 
6 238 26 33 0.74650365 
52 148 14 17 0.5075835 
52 171 21 27 0.4640985 
677 166 29 34 0.38835075 
372 170 22 29 0.30471942 
941 291 63 69 0.23900945 
25 152 22 28 0.14195284 
0 138 11 24 0.12578702 
374 149 15 18 0.12432484 
424 514 14 21 0.120395415 
188 73 20 26 0.09997846 
693 376 30 39 0.09722169 
117 1 36 23 0.09587808 
318 224 30 39 0.09251232 
0 224 41 54 0.0833185 
710 188 25 30 0.080837704 
343 156 24 30 0.08081262 
325 222 39 53 0.06958778 
234 101 17 21 0.069316536 
333 371 36 45 0.06756183 
690 334 42 54 0.06171053 
966 4 52 63 0.061295405 
831 231 10 13 0.059614155 
998 115 17 20 0.055410247 
519 607 41 49 0.054735165 
319 32 52 61 0.050995987 
315 19 104 114 0.047576025 
21 241 24 32 0.04686736 
426 510 13 16 0.046763513 
573 526 17 23 0.04549654 
48 143 13 18 0.04455249 
145 265 44 58 0.044428356 
764 188 42 47 0.04427708 
448 0 34 23 0.042781852 
468 612 31 42 0.042398863 
891 175 16 18 0.041820496 
236 177 47 62 0.041665133 
410 172 38 46 0.039702497 
373 151 23 28 0.039585233 
561 102 23 27 0.03954923 
610 110 16 21 0.039464198 
713 157 18 22 0.03837506 
50 205 24 31 0.0379647 
22 160 16 21 0.03771633 
305 121 40 59 0.03702222 
859 294 44 59 0.036669668 
674 505 68 63 0.03637207 
13 165 24 33 0.035533346 
745 617 56 64 0.033277463 
809 300 45 65 0.031996835 
516 70 24 32 0.031222178 
692 248 34 60 0.029747415 
323 132 15 18 0.02956237 
299 430 28 37 0.029363085 
103 210 13 15 0.026876744 
69 268 44 57 0.026219472 
668 181 30 34 0.025993394 
0 22 46 66 0.025672048 
297 -2 36 31 0.025299424 
705 386 17 21 0.024934823 
30 440 35 31 0.024271432 
526 535 28 37 0.024248628 
99 202 46 49 0.024008406 
406 172 24 30 0.023044279 
997 248 12 17 0.023041079 
57 151 14 18 0.022971932 
99 203 26 31 0.022729114 
378 178 27 34 0.022599094 
592 184 41 54 0.022537738 
202 75 16 20 0.021802712 
32 241 27 41 0.021676237 
343 10 65 69 0.02140902 
213 197 31 40 0.021249013 
535 197 31 40 0.02121143 
49 129 18 20 0.021010974 
936 26 14 20 0.020878159 
676 430 16 22 0.020854684 
560 29 12 17 0.020782737 
258 557 14 15 0.020756062 
885 178 23 27 0.020544942 
807 -2 36 29 0.020485826 
199 155 15 19 0.020260302 
178 224 43 57 0.02021942 
-6 10 84 118 0.020161174 
