13_Interview_Interview_On_Location_13_791
21
380 397 404 426 0.9998878 
585 981 399 460 0.13023283 
357 109 34 38 0.08580278 
287 180 216 270 0.055978965 
673 163 173 194 0.052911047 
637 1026 239 297 0.05226983 
372 106 34 43 0.049104262 
179 330 464 395 0.045851648 
392 103 30 41 0.045598153 
494 1238 22 29 0.04085078 
570 394 348 479 0.036460094 
256 680 70 68 0.03165798 
43 441 374 425 0.029271109 
364 1351 26 32 0.027300399 
82 937 418 427 0.025604013 
236 675 431 532 0.024316886 
283 -16 498 385 0.021429433 
16 -58 356 494 0.02142936 
210 115 353 415 0.02106977 
292 487 152 193 0.020970961 
155 598 135 152 0.020744842 
