13_Interview_Interview_Sequences_13_867
139
387 265 243 334 0.9997404 
284 399 34 51 0.99406046 
881 429 22 29 0.97711325 
214 453 22 33 0.94111943 
998 369 14 20 0.9113074 
173 418 20 28 0.90764934 
21 456 22 30 0.86625355 
92 54 80 108 0.8620506 
240 415 23 29 0.8548909 
920 468 21 31 0.81608546 
11 439 17 22 0.4830984 
846 448 10 12 0.36687785 
0 419 12 17 0.3352132 
883 327 19 22 0.32853067 
12 446 24 31 0.25653255 
557 71 8 11 0.24508311 
877 471 13 16 0.23010468 
1004 365 15 21 0.17012124 
984 437 10 12 0.1595251 
1011 365 11 18 0.1592951 
943 361 15 20 0.1570605 
598 64 12 14 0.154848 
174 598 10 13 0.14814857 
107 386 17 20 0.14603786 
937 435 11 15 0.12547034 
972 384 15 17 0.1149652 
116 385 16 21 0.10702885 
488 96 9 12 0.09441257 
756 7 10 11 0.09285498 
869 64 16 20 0.08989897 
830 438 11 13 0.08497547 
945 408 14 18 0.08476089 
228 422 22 29 0.08394383 
577 73 8 11 0.07795783 
978 382 12 15 0.077502824 
397 174 10 12 0.070397586 
875 414 41 48 0.07021451 
960 309 30 38 0.068193726 
861 395 13 14 0.066993386 
829 6 11 12 0.06465288 
806 23 9 11 0.06295973 
249 420 24 33 0.06156662 
2 424 14 18 0.05888976 
945 474 17 19 0.05815406 
772 2 15 16 0.055770464 
982 356 11 13 0.054321505 
955 386 12 16 0.053659033 
7 434 15 22 0.05318801 
437 351 379 472 0.052071333 
125 450 12 17 0.051333785 
453 111 8 11 0.051196754 
947 281 53 70 0.05017101 
780 4 11 12 0.04975711 
808 4 9 10 0.048201475 
923 462 15 22 0.047652416 
62 304 14 17 0.047525376 
882 420 19 26 0.046532396 
596 315 367 438 0.04645049 
987 354 11 13 0.04551892 
820 23 12 12 0.045147885 
22 284 13 17 0.043666046 
836 0 12 12 0.043577835 
182 421 18 23 0.04334613 
398 125 14 17 0.042446468 
29 418 15 17 0.040792245 
714 362 219 269 0.0404358 
817 28 10 11 0.040175118 
555 116 11 13 0.038532827 
27 290 12 14 0.038478307 
826 438 10 12 0.036904387 
332 153 14 18 0.036853544 
750 11 11 15 0.036183003 
312 403 24 32 0.035831317 
416 141 11 14 0.03483597 
628 41 11 12 0.03410377 
248 64 13 18 0.03392082 
718 24 11 13 0.033181857 
931 465 26 29 0.033086397 
519 70 10 13 0.033004634 
168 421 16 24 0.03256097 
204 398 17 20 0.032284215 
379 139 11 14 0.032165043 
575 115 9 12 0.031811118 
977 362 14 17 0.03101716 
469 96 9 12 0.030858282 
262 46 9 11 0.030631214 
518 97 14 17 0.029858155 
189 527 10 13 0.029806161 
822 469 11 13 0.029585486 
977 357 12 14 0.029280609 
843 443 18 22 0.028687973 
493 95 9 11 0.02861806 
771 67 13 17 0.028507661 
78 452 14 17 0.028453225 
456 126 9 11 0.027801698 
983 461 12 15 0.027775798 
966 380 15 19 0.027488606 
4 531 12 14 0.026872383 
223 431 14 20 0.026436439 
391 131 11 13 0.026365548 
959 354 12 15 0.0261644 
815 6 9 11 0.025835974 
867 320 30 34 0.025587106 
755 240 137 176 0.025449652 
525 60 13 14 0.025231268 
788 7 10 12 0.025089502 
524 69 14 17 0.024936149 
910 457 43 48 0.024750095 
822 457 11 12 0.024443265 
133 392 14 22 0.024440195 
883 3 13 14 0.02401076 
125 382 20 29 0.024000412 
375 135 12 14 0.02395235 
943 394 21 25 0.02372493 
970 371 22 28 0.02350329 
853 438 11 12 0.023468569 
791 325 110 139 0.023160258 
821 11 14 14 0.02260877 
206 456 39 44 0.022517884 
15 424 22 28 0.022515392 
513 71 9 11 0.02250428 
530 71 14 17 0.02229419 
260 389 11 14 0.021941377 
965 444 10 12 0.021877173 
31 458 19 26 0.021779992 
969 323 18 23 0.021711888 
925 265 90 112 0.02166141 
191 607 11 12 0.021589903 
257 416 17 24 0.02153444 
629 -5 104 109 0.021512179 
823 463 10 13 0.02137117 
519 106 11 15 0.021286823 
809 436 8 11 0.021209499 
835 437 11 12 0.021043992 
862 51 28 37 0.020493358 
480 114 10 13 0.020410432 
14 420 10 14 0.020287044 
36 285 11 14 0.020237138 
983 440 14 16 0.020000795 
