13_Interview_Interview_2_People_Visible_13_668
177
598 468 16 20 0.91590387 
936 453 18 23 0.78399956 
415 470 13 16 0.40463632 
126 714 13 17 0.385036 
716 627 15 19 0.33737436 
292 468 13 17 0.31693077 
106 693 12 13 0.24363716 
85 684 11 15 0.21843253 
220 720 20 29 0.17674933 
5 683 12 16 0.16957203 
39 721 13 16 0.16640247 
246 735 22 27 0.16614912 
527 488 13 16 0.15339966 
290 745 14 17 0.13985187 
90 732 14 17 0.13185373 
706 625 22 26 0.12510283 
30 746 16 18 0.12356495 
176 649 9 10 0.121668726 
692 493 24 27 0.11963535 
521 479 11 12 0.094659105 
437 525 15 20 0.089659445 
118 713 15 17 0.08924163 
499 485 11 14 0.08914909 
691 503 17 21 0.08803139 
174 722 15 18 0.086860426 
323 746 17 19 0.08397875 
63 700 12 15 0.08236736 
28 686 13 16 0.08130415 
80 685 12 15 0.08033086 
28 670 12 13 0.07972692 
339 737 17 19 0.079694875 
69 37 340 482 0.07683783 
55 691 11 14 0.07257602 
132 710 13 17 0.07080204 
17 590 11 13 0.068605535 
480 470 10 14 0.06547158 
222 711 16 22 0.064430945 
205 709 14 17 0.063293986 
150 714 15 18 0.06324454 
705 477 25 30 0.06282606 
534 470 9 12 0.06216036 
532 474 13 17 0.06094652 
568 427 12 16 0.060274236 
707 496 16 20 0.059704658 
533 449 11 14 0.058112226 
135 700 12 15 0.058027484 
67 705 13 17 0.055610552 
45 582 11 14 0.05550784 
925 453 24 29 0.051906373 
55 573 11 14 0.051897362 
27 552 11 15 0.051864587 
2 677 10 13 0.050313804 
591 497 15 19 0.050192337 
484 557 11 15 0.049815908 
68 737 15 18 0.047673225 
154 708 14 17 0.047163166 
60 694 11 14 0.046510942 
27 675 14 15 0.046376795 
528 471 9 13 0.046033442 
128 660 10 12 0.04567355 
714 283 223 269 0.045522727 
677 609 44 56 0.045495067 
158 692 11 13 0.04436294 
635 504 11 15 0.04210967 
209 727 23 28 0.041343328 
345 732 15 19 0.04134289 
330 744 18 19 0.041259784 
71 728 20 25 0.041135095 
78 656 10 12 0.040576015 
609 468 14 17 0.040490605 
109 582 10 13 0.039341133 
6 712 14 18 0.039253607 
380 740 17 20 0.039158728 
420 492 13 16 0.03896998 
702 477 14 20 0.038629718 
197 701 14 15 0.03860675 
781 347 30 33 0.03767647 
156 701 12 15 0.037489813 
174 700 11 13 0.037444513 
22 726 11 15 0.037201222 
211 713 22 29 0.03691661 
230 725 22 27 0.03685056 
157 655 9 10 0.036710057 
500 530 11 17 0.035853002 
30 725 12 15 0.034489464 
596 492 23 26 0.034190517 
102 696 15 17 0.033528317 
198 739 14 17 0.032692507 
213 708 14 18 0.032568395 
317 741 16 19 0.03254532 
516 488 21 26 0.03209912 
133 660 9 11 0.031874288 
90 592 17 17 0.031841148 
687 624 29 33 0.0315216 
132 720 12 16 0.031395614 
152 668 11 14 0.031026827 
611 493 16 17 0.030922532 
199 714 14 18 0.029384054 
620 492 12 14 0.0289075 
180 701 11 14 0.02851853 
66 745 17 18 0.028322931 
693 477 12 17 0.028280625 
204 721 15 18 0.028046178 
297 747 14 16 0.02794307 
156 720 13 17 0.027326692 
56 698 12 16 0.02727616 
165 716 12 17 0.02671676 
139 740 14 18 0.02634652 
59 723 14 16 0.026308434 
275 736 25 29 0.026094679 
170 645 10 12 0.025994167 
44 707 12 15 0.02592809 
47 690 13 16 0.02577189 
204 737 16 18 0.025750238 
174 669 10 12 0.025717799 
256 737 17 21 0.025642196 
152 663 10 12 0.025633067 
203 702 13 15 0.025544044 
686 453 12 18 0.025360635 
150 746 12 16 0.025195137 
551 427 10 13 0.025115937 
552 452 11 15 0.025087666 
540 491 13 15 0.025010627 
497 480 10 12 0.024913915 
70 691 13 15 0.024492042 
695 384 10 12 0.024482995 
525 496 15 20 0.024244549 
180 707 12 15 0.024098884 
964 490 17 23 0.023959113 
70 684 14 16 0.02391013 
628 613 11 13 0.023718681 
590 428 9 11 0.023667896 
420 482 15 17 0.023664314 
191 708 11 15 0.023518156 
629 512 16 20 0.0235121 
252 724 15 17 0.02347718 
559 436 11 15 0.02336182 
69 726 12 16 0.023352608 
516 498 14 18 0.023330867 
656 426 11 14 0.023327151 
479 550 12 16 0.023315888 
428 490 12 16 0.02330443 
623 429 8 11 0.0230021 
78 208 96 139 0.022838464 
64 559 9 13 0.022648424 
580 372 14 19 0.022526836 
486 462 10 14 0.022517208 
95 583 12 13 0.022403488 
38 709 13 15 0.022292336 
510 494 11 13 0.022241719 
197 619 13 15 0.022204276 
558 427 12 16 0.022143118 
78 679 13 15 0.022096312 
35 685 11 14 0.021928823 
86 476 16 17 0.021868024 
174 660 9 13 0.021810886 
703 489 26 31 0.021804605 
286 752 17 18 0.021804158 
700 627 18 22 0.021652918 
53 558 11 13 0.02157287 
637 706 16 17 0.021412268 
110 587 11 14 0.0212796 
61 730 15 18 0.021277519 
140 694 10 13 0.021185 
117 590 10 13 0.021168057 
688 477 11 15 0.021147886 
102 583 11 13 0.021109715 
118 610 12 15 0.02093064 
171 737 16 18 0.020761741 
685 428 11 13 0.020747496 
180 652 10 12 0.020607766 
484 473 10 14 0.020526359 
157 662 9 12 0.020503098 
528 445 13 15 0.020446777 
167 698 12 15 0.020386389 
60 714 14 18 0.020314097 
700 452 12 18 0.020193715 
