13_Interview_Interview_On_Location_13_56
18
469 203 98 131 0.99984646 
749 16 138 153 0.33860055 
562 153 252 323 0.31574774 
357 11 84 97 0.22716834 
75 142 80 131 0.14570338 
682 244 15 21 0.02939397 
705 154 14 16 0.029381232 
783 477 29 43 0.028150361 
889 682 29 46 0.026424007 
731 56 103 126 0.026347484 
576 -43 354 471 0.02615648 
925 706 51 57 0.025898417 
783 539 26 34 0.02255787 
733 89 13 16 0.022112928 
162 84 134 182 0.021658301 
711 199 9 12 0.020922394 
109 107 111 165 0.020679882 
944 513 28 44 0.020207772 
