13_Interview_Interview_Sequences_13_373
66
486 183 74 97 0.99520516 
327 49 15 18 0.19020344 
355 52 14 21 0.16623762 
668 565 17 20 0.09828693 
557 450 29 30 0.07894337 
536 462 42 38 0.07194899 
360 399 24 30 0.063517585 
368 110 10 14 0.050644346 
708 107 33 43 0.0504211 
632 228 22 28 0.043153565 
817 558 8 10 0.04284821 
865 368 9 11 0.04279609 
280 132 12 15 0.041308396 
864 568 7 9 0.040619798 
832 552 7 9 0.035373952 
854 550 8 11 0.035266098 
1012 373 9 13 0.035182685 
872 573 8 10 0.034416553 
775 558 10 12 0.034026716 
318 36 38 47 0.033878855 
914 566 8 9 0.03385127 
815 590 9 12 0.033173222 
335 49 25 29 0.032260437 
897 565 8 11 0.030205784 
880 566 9 10 0.029857617 
319 50 14 16 0.02948103 
909 600 8 10 0.029193781 
582 446 13 16 0.0291891 
822 560 8 9 0.029155662 
902 583 7 10 0.028573522 
913 318 8 11 0.027792975 
357 20 11 14 0.027669815 
917 559 9 11 0.027526533 
857 576 8 10 0.027347649 
210 244 19 23 0.027237436 
898 583 7 9 0.027044768 
839 568 7 8 0.026315263 
340 51 13 16 0.02530513 
629 478 34 45 0.02526518 
341 76 25 37 0.025203805 
804 582 10 13 0.025008418 
342 107 12 17 0.024940219 
856 558 8 9 0.024871767 
540 454 66 53 0.02439317 
806 535 7 9 0.024282252 
837 527 8 10 0.024170164 
294 102 11 13 0.024164136 
777 544 9 10 0.024141468 
662 556 28 33 0.024071615 
774 552 10 11 0.023685832 
841 558 7 9 0.022093458 
742 517 10 13 0.021811366 
251 76 13 18 0.021743167 
402 378 14 15 0.021581577 
896 560 8 10 0.021298256 
838 575 7 9 0.021069573 
886 289 8 10 0.02090794 
263 88 26 34 0.020763425 
855 528 7 9 0.020677708 
858 566 8 9 0.020526657 
572 460 65 66 0.0205152 
777 563 10 13 0.02033449 
453 13 9 12 0.020203892 
789 535 9 10 0.020119378 
286 239 26 30 0.020069322 
873 558 8 10 0.020002455 
