13_Interview_Interview_Sequences_13_5
30
480 28 86 117 0.99847525 
107 291 37 50 0.83007085 
75 343 45 56 0.30019444 
630 77 32 35 0.2400328 
245 213 55 64 0.16755661 
73 291 32 47 0.07497022 
76 278 61 68 0.07289133 
581 53 39 53 0.06402709 
728 129 46 57 0.06301004 
707 167 28 26 0.059542835 
588 6 21 31 0.057974182 
65 235 28 27 0.055999003 
152 373 66 67 0.05549689 
673 102 25 33 0.0501574 
68 245 18 23 0.04322946 
592 48 25 39 0.042314135 
748 124 29 39 0.040036414 
629 91 26 33 0.038794614 
237 243 60 74 0.035687823 
705 152 56 51 0.03200328 
683 107 18 23 0.030897122 
73 275 38 43 0.029245267 
618 103 21 33 0.024089655 
340 116 13 16 0.022875875 
639 77 14 17 0.022567712 
143 355 51 65 0.021212881 
481 325 73 61 0.020942347 
837 8 214 226 0.02086301 
629 103 15 22 0.020676063 
249 189 79 113 0.020023352 
