13_Interview_Interview_Sequences_13_973
28
294 121 82 110 0.99765223 
820 167 78 94 0.99552876 
786 268 17 22 0.2590247 
472 95 25 31 0.12500046 
128 117 37 44 0.10375532 
502 87 16 18 0.10069535 
709 307 10 12 0.07863442 
766 274 12 14 0.046668496 
469 105 15 20 0.046512112 
647 238 10 14 0.044056855 
611 338 23 34 0.043706104 
759 273 12 14 0.042126175 
668 279 11 15 0.038271848 
748 284 10 12 0.038256213 
728 294 9 12 0.03132721 
662 243 15 18 0.031127062 
888 453 7 9 0.028164338 
774 251 27 34 0.026393972 
491 86 22 26 0.025946375 
705 303 11 13 0.023638211 
731 252 16 18 0.02339605 
498 85 11 15 0.02316966 
750 278 11 13 0.022458453 
657 273 25 30 0.02208981 
529 83 16 17 0.02153768 
518 83 13 15 0.020493971 
465 106 12 16 0.020247502 
652 242 14 17 0.020062495 
