13_Interview_Interview_Sequences_13_3
208
177 39 350 466 0.9996605 
830 359 26 31 0.6215381 
846 12 55 67 0.56614435 
617 267 13 17 0.42479905 
862 398 24 29 0.34168637 
898 419 25 37 0.3377815 
650 387 18 22 0.27810663 
648 278 10 13 0.2136347 
959 72 15 17 0.21090515 
682 234 16 20 0.19463694 
583 277 13 17 0.1676281 
889 427 35 51 0.14965978 
724 235 10 13 0.139579 
920 532 32 40 0.1303368 
852 20 33 43 0.11983539 
734 185 13 17 0.10536517 
731 399 17 20 0.1048977 
972 129 15 19 0.1009224 
736 306 12 16 0.092936136 
848 383 39 52 0.08730717 
855 156 16 21 0.08360299 
947 110 15 19 0.07745307 
813 204 14 18 0.07562133 
710 394 23 29 0.07374075 
829 372 32 40 0.07364276 
699 514 14 17 0.0693884 
725 439 25 32 0.06826566 
720 229 11 16 0.06688247 
686 277 11 14 0.066617 
838 398 25 34 0.06519191 
659 322 22 27 0.06496229 
638 309 10 14 0.061790265 
759 124 11 13 0.061541304 
703 370 14 18 0.06152896 
690 236 12 15 0.060167704 
677 189 9 12 0.05965872 
720 434 42 51 0.05721089 
988 470 23 34 0.056073736 
880 24 31 44 0.055647373 
1002 69 16 22 0.05510839 
584 243 12 15 0.053836573 
834 490 17 23 0.051340383 
694 369 24 29 0.05121395 
684 267 13 16 0.050822753 
678 275 12 15 0.050125856 
694 259 13 18 0.049803566 
631 260 11 14 0.049610373 
775 381 22 29 0.049052186 
675 325 11 15 0.04779956 
679 305 11 15 0.046497565 
702 400 16 21 0.044908587 
894 282 13 16 0.044650394 
790 419 44 51 0.04458047 
949 124 15 20 0.044350814 
692 241 13 17 0.04357486 
563 42 16 19 0.042467024 
843 423 15 20 0.04217761 
910 92 13 17 0.040836357 
733 254 11 12 0.040277537 
75 553 13 16 0.04003242 
997 256 16 21 0.039898712 
848 409 24 34 0.03974373 
946 247 26 33 0.03862821 
577 269 10 14 0.03826242 
707 366 13 16 0.03773398 
631 243 12 15 0.037656453 
732 437 16 20 0.037251633 
765 394 12 16 0.03719692 
583 271 11 15 0.03711403 
790 180 12 15 0.036813438 
638 385 25 29 0.036066532 
763 386 24 32 0.03577284 
917 391 23 31 0.03571157 
728 253 10 12 0.035074994 
689 396 26 30 0.035044074 
747 312 29 35 0.03485082 
656 245 11 13 0.034345534 
614 343 24 30 0.034261785 
717 223 10 14 0.034175206 
627 346 16 20 0.034053117 
631 251 12 17 0.03371048 
1011 255 12 21 0.033116043 
613 325 11 13 0.033071958 
975 430 13 17 0.032930225 
644 305 14 18 0.03292484 
792 347 25 28 0.032699272 
897 436 20 28 0.032487754 
650 282 12 14 0.032481723 
866 399 39 52 0.031744495 
719 245 11 14 0.03125064 
797 253 12 16 0.031195445 
998 452 15 18 0.030591113 
639 438 29 35 0.03058137 
636 150 11 17 0.030511769 
994 452 25 31 0.030332144 
693 304 15 19 0.029998908 
557 38 27 30 0.029870817 
965 471 16 22 0.029735444 
625 30 11 14 0.029684477 
867 24 57 71 0.029666968 
604 5 23 27 0.029647099 
620 352 15 18 0.029630508 
1007 103 12 16 0.02948773 
653 328 15 20 0.029296448 
841 366 28 34 0.02926431 
692 274 13 19 0.029043226 
585 124 11 14 0.028891101 
648 332 12 16 0.028619312 
843 348 44 57 0.028597964 
632 307 12 15 0.028415455 
859 412 20 26 0.028407209 
828 355 19 23 0.028388482 
987 252 22 27 0.028173734 
667 251 12 16 0.028128067 
834 458 14 18 0.027632803 
836 395 19 24 0.027501717 
655 378 27 33 0.027295422 
985 460 38 59 0.027215835 
795 173 10 13 0.026974956 
646 270 12 16 0.026940074 
0 140 9 12 0.026543755 
724 243 12 15 0.026419941 
876 308 10 12 0.026414787 
672 364 29 32 0.026358077 
909 428 27 43 0.026175404 
634 413 44 54 0.02617303 
719 388 26 31 0.02598243 
893 426 17 23 0.02592945 
848 158 13 16 0.025812345 
884 343 15 18 0.025812192 
676 356 42 51 0.025762746 
718 324 15 19 0.025754502 
607 250 13 16 0.025613023 
605 286 13 17 0.025610475 
637 293 11 14 0.025381606 
991 253 12 17 0.02534777 
892 387 23 29 0.025250146 
973 477 16 23 0.025220683 
759 393 14 18 0.02519037 
691 377 17 22 0.025162963 
134 399 16 23 0.025151152 
730 183 11 15 0.02500128 
805 424 26 31 0.024924906 
717 389 14 18 0.02469647 
636 260 20 25 0.024644125 
734 239 11 13 0.024330936 
700 243 11 15 0.024288815 
685 242 105 123 0.024148986 
650 315 24 30 0.024109988 
701 238 10 13 0.023980817 
737 393 17 22 0.023958968 
626 392 27 32 0.023871413 
608 214 10 12 0.023765625 
613 352 15 19 0.023730492 
569 221 10 12 0.023695212 
10 198 26 40 0.02367719 
890 16 31 41 0.02365272 
710 235 13 17 0.02361859 
572 133 9 13 0.02351888 
740 388 24 31 0.023483675 
834 346 30 38 0.022965202 
671 275 13 16 0.022883516 
693 251 13 17 0.022871323 
711 243 12 15 0.022835918 
768 190 11 14 0.022830533 
686 377 44 47 0.022813454 
633 339 16 20 0.022776173 
819 190 13 17 0.022756113 
812 134 10 12 0.022652963 
824 419 25 32 0.02250234 
854 27 14 20 0.022407532 
736 246 11 13 0.022252781 
621 259 20 26 0.022212675 
666 369 17 21 0.022200897 
749 308 13 16 0.021967372 
577 243 11 14 0.021828424 
690 262 21 28 0.021790825 
661 244 12 16 0.02170057 
729 183 22 27 0.021675415 
748 388 13 17 0.021625591 
739 183 14 16 0.021565422 
866 344 17 22 0.021477195 
711 213 9 12 0.021437056 
646 290 15 18 0.02133623 
898 25 18 24 0.02127316 
991 427 13 17 0.021256242 
674 269 21 26 0.02111238 
640 285 10 12 0.021105953 
668 331 24 29 0.021082971 
714 405 96 122 0.020952495 
623 326 26 33 0.02092659 
924 95 43 58 0.020913 
675 238 23 28 0.02086957 
847 173 11 14 0.020743594 
652 315 40 50 0.020722004 
885 387 42 55 0.020690938 
903 87 48 60 0.020677116 
860 11 15 18 0.020584825 
649 368 27 34 0.020557025 
696 190 10 12 0.020510824 
677 351 27 32 0.02042775 
879 178 12 15 0.020411624 
641 276 11 14 0.020356273 
676 397 28 33 0.020336991 
768 356 42 49 0.020321209 
601 159 10 13 0.020282175 
869 337 25 32 0.02010992 
736 299 20 26 0.020029085 
