13_Interview_Interview_2_People_Visible_13_254
32
369 128 98 164 0.99925226 
446 27 99 138 0.9992281 
729 219 50 69 0.9990872 
623 4 73 72 0.41467088 
403 86 102 167 0.24629618 
229 126 42 57 0.1257159 
727 162 12 17 0.08629181 
782 161 24 37 0.07118141 
650 101 16 20 0.05236022 
217 14 35 46 0.042986516 
539 165 53 62 0.038396675 
517 227 43 58 0.036634672 
658 106 17 22 0.034779366 
208 24 54 73 0.0337479 
574 -1 42 35 0.03257685 
700 152 12 16 0.032140423 
198 100 87 104 0.02995214 
680 116 23 30 0.028683743 
695 150 13 16 0.027723953 
603 126 43 56 0.026179483 
529 135 47 65 0.025595853 
769 -4 42 38 0.024116794 
682 155 10 13 0.023931913 
184 39 86 136 0.02348383 
516 117 38 49 0.022184292 
756 164 10 13 0.022082087 
576 142 48 54 0.021335915 
765 182 9 12 0.02125509 
652 91 15 18 0.021019146 
430 170 93 118 0.021013226 
649 113 24 30 0.020726474 
199 212 111 112 0.020090481 
