13_Interview_Interview_2_People_Visible_13_239
20
540 74 230 316 0.9999267 
35 160 409 570 0.23372552 
134 585 203 325 0.06948151 
291 741 17 21 0.0673546 
344 304 411 482 0.066046834 
9 473 338 497 0.06192472 
354 785 27 35 0.06117517 
268 779 43 56 0.05441865 
278 775 27 34 0.049620878 
193 1092 391 482 0.04169993 
191 671 132 169 0.035841048 
282 743 30 33 0.032310214 
234 750 59 76 0.030030893 
280 758 31 38 0.028482012 
244 760 16 20 0.027631178 
63 1082 109 154 0.025521854 
104 6 375 509 0.022286247 
628 433 367 515 0.021820545 
250 785 16 21 0.020919219 
150 498 342 512 0.020134427 
