13_Interview_Interview_2_People_Visible_13_325
91
290 124 39 50 0.99652845 
368 632 33 38 0.8635978 
227 519 12 15 0.8177014 
179 525 10 14 0.61723405 
88 508 8 11 0.5602004 
498 581 15 17 0.48814505 
456 572 11 14 0.43829322 
102 524 8 11 0.37892252 
67 487 16 21 0.37181798 
149 64 42 51 0.27948388 
103 520 9 11 0.26066262 
257 65 34 44 0.24324796 
160 526 7 9 0.21598102 
424 571 8 10 0.19167826 
197 533 8 10 0.15399553 
110 513 8 10 0.12558334 
153 8 27 32 0.11821936 
-2 237 415 456 0.11579466 
138 526 8 10 0.10998683 
243 13 17 21 0.10676563 
439 564 9 12 0.07679421 
177 521 10 12 0.07621754 
411 619 15 18 0.0729996 
428 567 10 12 0.07010253 
109 517 8 11 0.065482065 
486 604 13 15 0.060785055 
141 520 8 10 0.058593936 
439 573 8 10 0.056651372 
70 479 14 18 0.055082027 
91 509 10 12 0.05223916 
126 552 8 10 0.04935273 
122 550 8 11 0.042540506 
62 494 16 20 0.041579407 
86 514 10 14 0.04073127 
235 47 14 18 0.04017645 
653 406 10 12 0.037991762 
662 391 8 10 0.037546363 
194 528 8 11 0.03616144 
154 527 8 10 0.035995238 
453 567 18 23 0.035571493 
160 531 9 11 0.034595065 
408 613 13 17 0.034101617 
645 413 11 13 0.033974156 
105 513 9 11 0.033347752 
80 516 11 14 0.033217773 
63 336 279 269 0.033146203 
407 618 25 33 0.032541577 
260 22 17 20 0.03213326 
83 14 33 43 0.031733472 
372 653 31 37 0.03168478 
418 624 16 20 0.031158369 
458 639 10 13 0.029703997 
92 505 9 11 0.028939731 
449 580 12 15 0.028197661 
294 582 12 17 0.028188607 
655 398 10 12 0.028185839 
450 573 10 12 0.028036674 
455 644 13 16 0.027832847 
50 44 31 39 0.02667285 
137 532 9 11 0.026411189 
428 629 11 14 0.026032481 
191 519 8 11 0.02600282 
96 519 10 13 0.025573632 
273 73 18 25 0.025188839 
487 584 14 18 0.02441333 
223 529 13 15 0.024259772 
126 510 9 10 0.02416064 
268 67 16 23 0.024159646 
125 504 9 11 0.023949798 
134 552 8 10 0.023925483 
119 544 9 11 0.023370896 
128 556 8 10 0.02282765 
91 34 37 43 0.02256526 
280 550 9 11 0.022351936 
472 612 11 13 0.022223914 
231 10 29 33 0.022138145 
82 509 10 11 0.021666195 
253 23 16 19 0.021653857 
697 366 10 12 0.021143254 
152 534 8 10 0.020969417 
279 34 46 54 0.020963889 
207 526 9 12 0.020781683 
489 576 22 26 0.020596806 
503 614 10 12 0.020474568 
102 530 10 12 0.020470131 
406 623 16 20 0.020439629 
117 533 8 10 0.020391142 
111 526 8 11 0.020351907 
87 44 51 63 0.020159619 
71 471 12 15 0.020087577 
119 510 8 10 0.020071272 
