13_Interview_Interview_2_People_Visible_13_420
562
338 395 214 343 0.9994615 
87 114 14 17 0.825911 
957 730 18 23 0.79240483 
957 422 14 19 0.7631088 
893 75 17 20 0.76052547 
490 19 15 18 0.74779814 
92 1174 13 16 0.74381363 
988 46 14 17 0.71666324 
89 951 16 18 0.6902375 
28 1138 18 21 0.68399984 
928 791 17 20 0.6120894 
91 1013 16 20 0.6108278 
959 951 15 18 0.5961532 
25 359 15 19 0.59121007 
520 80 16 19 0.5851273 
88 672 17 20 0.5767304 
89 642 14 19 0.52386093 
459 48 14 17 0.5124462 
28 1047 16 20 0.4963831 
23 79 17 20 0.49466398 
86 421 16 18 0.48480603 
956 204 17 19 0.47087264 
88 889 18 22 0.44480592 
27 888 15 19 0.44221047 
88 484 16 20 0.43333936 
987 327 16 20 0.43320125 
925 78 15 18 0.39752328 
90 1200 17 20 0.3957753 
88 329 15 19 0.38120484 
25 517 16 20 0.37177938 
85 359 19 23 0.36166263 
831 78 18 22 0.34173298 
87 147 14 17 0.34150004 
122 1234 15 18 0.33175388 
26 547 14 17 0.32838783 
300 75 22 26 0.3192004 
-1 82 12 20 0.3157565 
1012 169 11 18 0.3108439 
217 1266 13 15 0.30552888 
991 1104 15 17 0.30241176 
90 859 14 17 0.3018012 
0 609 13 21 0.2997538 
56 299 14 18 0.2921021 
55 51 13 17 0.28048038 
958 51 11 13 0.27563894 
956 1259 21 25 0.26590726 
956 80 15 18 0.26543382 
3 1136 15 22 0.26465812 
990 857 16 19 0.24562798 
25 50 15 17 0.24494416 
55 483 19 21 0.23275137 
743 1263 14 15 0.23145692 
29 1078 13 15 0.23011306 
491 47 13 15 0.22368784 
430 51 11 13 0.22235514 
25 608 17 19 0.2052644 
89 270 10 12 0.2021963 
552 75 18 21 0.20172712 
30 1110 15 18 0.19953443 
987 387 17 20 0.19828591 
27 580 14 16 0.19758227 
495 1235 13 16 0.19521408 
0 268 9 16 0.19350043 
365 78 16 18 0.1900313 
924 239 15 19 0.18386504 
989 916 16 20 0.18161882 
336 21 11 14 0.16880932 
989 517 15 17 0.16679892 
863 18 12 15 0.16663371 
92 1050 12 15 0.16630769 
650 1232 15 17 0.16547532 
0 578 11 17 0.16164899 
988 575 15 17 0.16120037 
0 51 10 16 0.1600131 
798 71 24 28 0.15576619 
55 19 14 17 0.15524222 
805 1260 16 19 0.15478331 
925 264 16 19 0.15065035 
868 1231 15 18 0.14948794 
24 19 14 17 0.14908163 
125 1211 12 15 0.14841713 
56 145 13 17 0.14353827 
27 1171 16 19 0.14307854 
60 983 15 18 0.1390755 
1013 1228 11 15 0.1342099 
928 207 11 13 0.13380393 
956 16 16 18 0.13288535 
395 79 16 18 0.13263454 
961 1107 11 13 0.1309261 
186 1233 13 16 0.12900394 
991 766 11 13 0.12611914 
553 49 15 17 0.123733275 
90 923 13 16 0.115637116 
1014 110 10 15 0.115076184 
61 1110 12 15 0.112662174 
988 423 15 18 0.111120224 
5 946 16 22 0.10928992 
26 243 14 17 0.10775518 
894 51 14 19 0.10506714 
497 1265 10 12 0.100437164 
25 325 19 23 0.09881646 
961 1051 14 16 0.0976264 
712 1234 14 17 0.09627146 
956 517 15 19 0.09593484 
989 235 12 15 0.0947131 
958 547 13 17 0.09330907 
90 237 15 19 0.0920838 
58 801 13 16 0.09204127 
974 505 15 17 0.09194822 
27 983 16 18 0.09144158 
932 1046 11 14 0.09073942 
927 485 13 16 0.09060456 
87 177 14 16 0.089702666 
279 387 95 133 0.08963809 
459 81 15 18 0.08785874 
59 828 14 18 0.08628042 
428 17 15 17 0.086007185 
55 515 15 18 0.08558209 
56 579 14 17 0.08459612 
1013 701 10 15 0.08425117 
987 207 15 18 0.084160976 
434 1267 13 16 0.083986305 
47 92 13 17 0.08354323 
990 825 14 17 0.082488455 
989 796 16 18 0.081838764 
24 299 14 17 0.08001204 
28 773 12 15 0.07899603 
960 1235 12 15 0.07863285 
618 1232 15 17 0.07829413 
366 18 13 16 0.07826753 
740 79 13 15 0.07750142 
57 1012 18 21 0.07702062 
960 1139 14 16 0.07662833 
959 709 12 14 0.07617851 
519 50 15 17 0.07610696 
25 834 14 16 0.07491855 
552 18 14 17 0.07483964 
403 1267 12 15 0.074585535 
1015 1170 10 14 0.07382933 
958 109 14 17 0.073291875 
59 767 13 15 0.07275886 
830 170 22 32 0.07101973 
796 52 15 18 0.070891745 
90 766 16 21 0.0696815 
56 548 14 17 0.06823854 
957 172 15 18 0.067974806 
61 1205 12 14 0.06774046 
6 1093 12 16 0.065235496 
90 1291 18 21 0.064981386 
989 267 16 19 0.06474175 
960 578 11 13 0.064285524 
695 1215 11 14 0.06376104 
928 1202 14 16 0.06345624 
988 144 14 18 0.063388094 
598 1236 13 16 0.062915616 
437 1256 9 12 0.06266645 
926 49 14 16 0.062197205 
1 801 10 15 0.0616005 
87 299 15 18 0.06144054 
1014 638 10 16 0.06092333 
496 1296 14 17 0.06044911 
619 1295 16 19 0.060254537 
429 82 14 17 0.060200766 
934 66 15 17 0.05972715 
932 1107 13 14 0.059348617 
1013 260 12 20 0.05926445 
902 0 13 12 0.058723263 
348 98 16 19 0.058550104 
57 453 15 18 0.058125198 
92 799 10 13 0.058058497 
464 1297 12 14 0.057798177 
56 268 14 18 0.05777881 
32 1239 10 12 0.057328183 
87 85 13 16 0.057278108 
997 734 12 16 0.057243735 
0 300 10 15 0.05722972 
929 517 13 17 0.056479767 
699 127 175 203 0.05637543 
24 450 17 19 0.055977926 
924 412 12 13 0.0559536 
990 674 13 16 0.055748228 
773 1233 14 16 0.05513136 
60 1049 14 17 0.05512167 
53 0 13 11 0.05507257 
962 1299 15 18 0.05457944 
91 1236 14 17 0.05327281 
950 0 14 13 0.05303322 
558 1235 11 13 0.052806698 
974 1034 15 17 0.052684214 
832 48 15 18 0.05245582 
75 757 13 16 0.05144073 
87 831 15 19 0.051396687 
997 1229 10 12 0.05138496 
2 417 15 21 0.051324274 
470 1230 9 11 0.05075281 
742 1233 15 17 0.05038355 
58 673 13 16 0.050380908 
929 734 12 14 0.050315093 
91 1144 15 19 0.050266594 
964 1255 12 15 0.050120316 
930 1014 13 16 0.04957597 
958 831 15 18 0.04925649 
92 1076 15 17 0.04924639 
277 1262 16 19 0.048582785 
967 225 14 17 0.04840228 
460 1 384 418 0.04808006 
895 17 13 15 0.047254413 
77 230 12 15 0.047238287 
966 775 14 17 0.047089837 
800 18 14 18 0.046792492 
48 620 13 17 0.046225615 
803 57 16 20 0.046179347 
28 855 14 18 0.04598685 
583 50 14 17 0.045849897 
570 1282 13 16 0.04572316 
55 426 14 17 0.045392256 
956 327 16 19 0.04522393 
580 158 13 17 0.045024365 
795 44 16 18 0.044988584 
95 1115 12 15 0.044581547 
422 1 12 13 0.044401623 
960 1075 14 16 0.044386417 
933 20 12 15 0.044375774 
711 1264 15 18 0.04401496 
988 737 13 17 0.043992173 
79 234 12 16 0.04370988 
987 506 22 25 0.04334628 
950 522 15 19 0.043320317 
91 519 11 14 0.043209083 
55 644 15 18 0.04295614 
508 69 13 16 0.04234017 
621 1210 11 14 0.04113443 
968 754 13 16 0.041020744 
939 61 14 18 0.040977366 
588 1294 14 16 0.0408679 
929 1260 13 15 0.040841 
939 99 16 19 0.040606353 
342 1234 13 17 0.040544365 
917 65 14 17 0.040412076 
470 1223 8 10 0.040387537 
956 119 17 20 0.040255383 
991 77 14 18 0.04023835 
982 732 12 16 0.040048137 
995 1050 13 16 0.039929066 
52 1281 12 15 0.039506324 
1 1108 11 17 0.039504703 
1012 378 11 18 0.039410274 
59 237 12 14 0.03929053 
4 554 13 17 0.039056808 
306 51 13 15 0.038774088 
597 92 12 14 0.03869521 
771 49 13 16 0.03856792 
1013 790 11 16 0.03855169 
87 704 15 18 0.038465306 
27 642 14 16 0.03845917 
991 1238 11 13 0.03842378 
1 211 10 16 0.03820574 
949 -1 23 23 0.03815271 
154 1007 15 19 0.037887454 
949 243 13 17 0.037876297 
464 1221 8 10 0.03761159 
54 394 15 19 0.037424322 
954 900 16 18 0.037183274 
995 500 16 18 0.036922187 
991 1139 14 17 0.036683414 
89 394 13 16 0.036661513 
78 1290 13 15 0.036581542 
4 539 13 16 0.036546886 
991 1267 12 16 0.036525536 
90 987 15 17 0.0364934 
651 1204 11 13 0.03645616 
91 1284 15 19 0.036429524 
797 36 13 17 0.036418322 
1014 50 11 16 0.036389638 
373 1238 11 15 0.03628915 
991 953 14 16 0.036093522 
710 0 12 10 0.03607355 
961 522 15 17 0.03601492 
68 91 12 16 0.0356684 
586 83 15 16 0.03560665 
0 330 12 19 0.0352612 
951 7 25 24 0.03523237 
996 1236 13 16 0.035033982 
154 985 14 17 0.034967836 
375 0 13 12 0.034765366 
75 41 14 17 0.034712125 
948 376 14 18 0.034676354 
62 1295 12 13 0.03451785 
366 58 12 15 0.034430005 
26 113 14 17 0.034251325 
87 459 13 16 0.034247372 
923 249 16 18 0.034151755 
31 708 9 11 0.03391912 
956 298 15 19 0.033782907 
91 451 13 16 0.03370282 
69 228 14 16 0.033601712 
433 1238 10 13 0.03358887 
1013 1003 11 15 0.033571847 
999 0 11 10 0.033283193 
89 547 15 18 0.032949064 
983 515 14 17 0.032706987 
404 20 11 16 0.03269402 
70 620 13 16 0.03246811 
3 9 13 17 0.032429133 
684 1233 14 17 0.03227889 
485 1230 11 14 0.032219324 
408 66 15 18 0.03220432 
1014 542 10 14 0.032187756 
335 52 13 16 0.032172084 
963 0 15 13 0.032114223 
527 1267 12 14 0.032051254 
932 52 12 14 0.032026082 
470 1253 11 14 0.031933945 
122 1205 12 16 0.031782653 
77 571 13 16 0.0317647 
963 1230 12 15 0.031726733 
987 451 15 17 0.031599596 
768 19 14 16 0.03157685 
1011 139 12 19 0.031564075 
152 1297 14 16 0.0315229 
86 231 13 16 0.03126592 
463 1237 10 12 0.031190429 
590 1237 12 16 0.031148577 
59 922 13 17 0.031088887 
959 610 14 17 0.031021891 
949 772 12 16 0.031006187 
464 1231 9 11 0.030811481 
927 858 15 18 0.030659018 
939 72 14 16 0.030548621 
929 1139 15 16 0.030548338 
280 1235 10 12 0.030503504 
808 1236 11 13 0.030430594 
776 1205 10 12 0.030386142 
389 65 13 17 0.030308157 
974 1284 10 13 0.030299652 
335 84 13 16 0.030261653 
935 421 12 15 0.030177524 
854 0 12 13 0.030107478 
965 245 14 19 0.030012563 
746 1229 13 16 0.02978797 
85 58 14 16 0.029783383 
894 38 13 17 0.029729307 
79 1254 12 16 0.029611422 
986 495 22 25 0.02951457 
401 1261 12 15 0.029472485 
988 152 15 18 0.029198287 
898 43 14 18 0.029184613 
21 443 17 21 0.029181575 
1013 327 12 20 0.029083634 
914 284 13 16 0.029070897 
1014 1107 11 15 0.0290204 
59 85 14 16 0.028935852 
766 1237 13 15 0.028865851 
480 1229 10 12 0.028848168 
92 53 14 17 0.028848093 
446 0 12 11 0.028700205 
997 709 12 14 0.028648889 
926 21 12 14 0.028527278 
441 497 402 492 0.028342595 
519 63 22 26 0.028303398 
990 1296 11 13 0.028211718 
994 204 13 18 0.028086143 
469 1237 11 13 0.027865786 
992 1202 12 16 0.027768679 
863 50 14 17 0.027730012 
87 1206 16 20 0.02772918 
998 163 11 15 0.027602164 
52 84 15 19 0.027573979 
366 71 13 16 0.027491681 
917 813 13 17 0.027384285 
927 393 13 15 0.02734777 
129 1212 14 17 0.02713689 
463 1216 9 11 0.026982447 
101 971 14 17 0.026959484 
59 1242 13 17 0.026860839 
50 96 14 17 0.026802186 
992 1230 10 13 0.02675218 
982 1251 11 15 0.026706653 
989 710 12 13 0.026682416 
837 390 12 15 0.026627878 
944 242 12 17 0.026622426 
79 243 13 16 0.026510766 
955 242 16 19 0.026401693 
55 243 13 15 0.026323192 
281 107 15 18 0.02623601 
997 179 12 16 0.02621672 
926 115 15 19 0.026144603 
454 1253 10 13 0.026109226 
923 59 15 18 0.026100181 
736 1233 13 17 0.026095623 
88 542 12 15 0.026074266 
446 1286 10 13 0.026039526 
46 1282 12 16 0.025939995 
86 1058 14 17 0.025857529 
297 417 19 25 0.025829144 
931 579 12 15 0.025825882 
465 74 15 19 0.025816457 
989 297 13 16 0.025743546 
471 1260 10 13 0.02573638 
606 0 11 11 0.025634373 
985 708 11 13 0.025572492 
2 640 15 20 0.025508506 
618 1285 15 17 0.025472468 
919 18 11 14 0.02543886 
997 1223 10 12 0.025402697 
983 179 13 16 0.025390644 
710 79 12 15 0.025370758 
92 980 14 17 0.025345536 
2 76 14 20 0.025339501 
918 407 13 16 0.025270011 
59 1078 14 18 0.02505446 
983 794 15 19 0.025032736 
977 497 21 26 0.025006004 
980 0 13 11 0.025001505 
926 429 12 14 0.02498848 
489 1235 12 14 0.024930805 
988 162 14 16 0.024905061 
983 1295 12 15 0.02487434 
854 389 11 15 0.024835084 
1005 1234 12 15 0.024771694 
982 787 14 17 0.024708688 
942 226 13 15 0.024671283 
992 1045 13 16 0.024647214 
61 230 13 15 0.024613773 
5 605 19 26 0.024571713 
759 1237 11 14 0.02436986 
7 1067 13 16 0.024304166 
102 206 12 16 0.024301846 
0 548 11 16 0.024292275 
791 55 14 19 0.024279987 
60 116 12 14 0.024233248 
457 1235 9 12 0.02418355 
925 1234 15 18 0.02414956 
60 1178 14 16 0.024099208 
1013 857 12 18 0.024089219 
478 1235 10 14 0.024071096 
940 286 13 17 0.02405424 
952 171 13 17 0.024005588 
59 618 15 17 0.023897069 
989 610 16 18 0.023879291 
0 517 10 15 0.023863668 
124 1225 20 24 0.023837179 
45 754 13 16 0.023824135 
699 1219 12 16 0.0238201 
240 53 10 13 0.023766782 
97 948 14 18 0.023734171 
488 1208 8 10 0.023727693 
438 1232 9 10 0.023726014 
0 1096 20 27 0.023687093 
150 0 11 9 0.023684774 
1002 151 22 28 0.023615114 
54 109 12 14 0.02357453 
464 1261 10 12 0.023548942 
957 186 15 18 0.023543872 
974 0 13 11 0.02351821 
614 82 15 19 0.023499297 
587 162 12 16 0.023435066 
581 1282 11 14 0.023431541 
988 0 13 11 0.023397831 
988 184 15 18 0.023311445 
470 1267 10 14 0.023227304 
992 49 15 17 0.023222558 
932 427 14 16 0.023163944 
394 58 15 18 0.023137935 
76 756 23 25 0.023072181 
357 0 13 12 0.023062538 
948 755 12 15 0.023045069 
994 113 13 18 0.02304 
956 1238 21 27 0.022964345 
988 1210 13 16 0.022919271 
916 92 14 18 0.02281337 
1013 475 10 14 0.022752719 
272 20 13 16 0.022738498 
21 430 23 27 0.022737563 
15 78 18 25 0.022732498 
962 503 23 25 0.022722255 
465 44 13 16 0.022686366 
934 173 12 16 0.02268216 
76 251 13 16 0.02262222 
59 0 12 10 0.022444818 
172 1214 11 14 0.022427356 
74 133 14 17 0.02241405 
862 82 15 16 0.02241207 
950 725 15 20 0.02237534 
69 751 13 16 0.022343831 
352 11 12 13 0.022285594 
54 230 12 14 0.022236196 
922 67 21 25 0.0221876 
933 1114 12 14 0.022130508 
851 347 14 18 0.022123463 
455 1215 9 12 0.022099134 
970 1259 13 18 0.022012109 
581 77 16 19 0.021943858 
988 173 13 15 0.021913111 
590 1284 13 16 0.021860154 
994 145 15 20 0.02185382 
699 1242 14 16 0.021849206 
1013 1195 10 16 0.021783996 
398 21 12 16 0.021780338 
572 155 24 29 0.02177821 
877 94 13 16 0.02169836 
811 1255 11 14 0.021682808 
950 123 15 18 0.021681838 
920 75 15 18 0.02163165 
934 1083 10 13 0.021610027 
690 1234 15 18 0.021511272 
89 612 15 18 0.021497874 
925 420 11 13 0.021441793 
982 107 14 18 0.021367513 
80 425 14 17 0.021279465 
949 286 15 18 0.021262374 
803 45 15 18 0.02122853 
48 787 11 15 0.021139199 
81 1283 23 28 0.021101795 
66 1172 13 17 0.021088976 
1004 140 20 27 0.021082994 
1006 706 12 15 0.021056319 
998 172 12 16 0.021018263 
117 1218 15 17 0.020999543 
952 45 12 16 0.020995846 
1015 761 10 17 0.020983476 
896 1234 12 15 0.02096101 
22 146 15 17 0.02094411 
550 50 24 26 0.020934777 
952 77 14 16 0.020913275 
973 526 12 15 0.020899551 
991 1221 11 13 0.02078972 
894 26 13 16 0.02076341 
457 1220 9 11 0.020754164 
657 1233 15 18 0.020690657 
987 789 17 18 0.02068891 
470 0 10 10 0.020683752 
935 1090 10 13 0.020658145 
926 329 15 19 0.020641217 
452 0 14 12 0.020620117 
512 40 25 27 0.020603945 
990 691 12 14 0.02054097 
358 12 12 14 0.020530779 
489 0 12 11 0.020517962 
596 1230 12 15 0.020497983 
616 15 11 14 0.020488966 
36 779 13 16 0.02048618 
479 1223 9 12 0.020481827 
1014 12 11 16 0.020439604 
923 141 16 19 0.02040935 
54 1248 13 15 0.020386439 
920 843 12 15 0.020377899 
91 433 16 19 0.020360371 
59 15 13 16 0.02027875 
645 1239 15 18 0.020211056 
243 20 14 18 0.020148905 
984 1235 11 15 0.020142034 
0 395 13 20 0.020131445 
247 1300 11 12 0.020122552 
42 316 13 16 0.02009006 
522 56 15 19 0.020063546 
983 1213 11 14 0.020040905 
94 212 13 16 0.020036226 
940 1235 12 17 0.020023746 
87 529 13 15 0.020020127 
49 402 12 17 0.020009816 
611 1283 24 29 0.020007078 
