13_Interview_Interview_On_Location_13_313
122
829 336 25 31 0.9991217 
219 444 28 35 0.9990784 
772 332 24 31 0.99871933 
451 496 28 36 0.9986168 
598 370 25 34 0.9984225 
878 318 25 34 0.998302 
177 371 24 31 0.99676347 
309 347 22 29 0.996576 
295 476 27 33 0.99590576 
801 364 23 30 0.99577373 
623 340 22 29 0.9952951 
739 332 23 31 0.9941466 
590 477 23 31 0.99285346 
659 338 24 30 0.9927736 
38 353 30 35 0.99181646 
561 363 22 29 0.98169154 
264 355 21 27 0.97944206 
656 477 29 32 0.97494954 
962 348 24 33 0.9710887 
363 349 23 29 0.96289796 
212 361 22 30 0.95872766 
155 355 19 26 0.95660084 
116 348 23 26 0.95270723 
414 365 21 27 0.95187426 
494 362 24 29 0.95043105 
932 346 23 28 0.94979775 
519 362 20 27 0.942277 
807 321 21 26 0.8992616 
53 355 29 34 0.8837066 
595 300 14 17 0.69445956 
441 358 22 28 0.567816 
729 301 11 14 0.5428347 
207 346 25 31 0.53946495 
196 349 15 19 0.5245974 
392 358 18 23 0.48850566 
92 335 15 21 0.36999756 
704 330 11 15 0.3381619 
638 322 20 24 0.31288537 
706 293 12 16 0.3096744 
654 288 14 16 0.23019598 
708 362 17 24 0.21465132 
204 347 17 22 0.17547315 
284 332 22 27 0.16458994 
-1 331 21 32 0.16106522 
117 496 15 21 0.1191943 
65 354 19 24 0.113774754 
211 342 17 18 0.11149504 
539 307 14 17 0.10421052 
993 396 23 27 0.09390752 
547 292 12 15 0.089364536 
450 366 17 22 0.08923804 
65 362 23 31 0.08792596 
205 341 15 18 0.08537029 
479 450 14 18 0.0815869 
672 480 26 28 0.07833167 
454 385 15 18 0.07508988 
448 372 23 28 0.0718155 
282 348 20 28 0.06648231 
540 298 16 19 0.06634085 
338 364 13 17 0.065657616 
507 480 19 23 0.06455088 
195 331 16 19 0.06301069 
271 345 20 27 0.062882744 
73 375 14 19 0.062825575 
787 126 15 17 0.060906727 
732 297 12 15 0.059122592 
531 321 22 29 0.058906768 
515 488 17 23 0.05565074 
194 338 20 25 0.05357322 
172 336 15 18 0.050954275 
95 327 13 19 0.046219286 
196 326 13 16 0.045369472 
361 434 15 17 0.04523826 
863 567 8 9 0.04305952 
239 353 15 21 0.0392725 
165 427 20 29 0.037877686 
325 338 13 18 0.037499078 
23 360 16 19 0.037314147 
85 340 17 22 0.037190825 
238 322 21 26 0.03481103 
456 353 21 26 0.03232241 
262 347 19 22 0.032153536 
775 619 13 18 0.032059576 
355 432 24 30 0.031970657 
286 403 20 26 0.031903863 
726 299 19 23 0.031567108 
943 335 12 15 0.031223005 
535 314 15 20 0.030597867 
49 329 16 17 0.030194163 
34 340 14 17 0.029879175 
0 343 12 21 0.02962417 
532 301 22 29 0.029501928 
819 574 10 12 0.029373884 
375 354 22 28 0.029325433 
857 567 9 11 0.028854584 
281 516 27 29 0.02876253 
389 510 27 36 0.028665978 
704 289 10 14 0.027780933 
659 469 16 21 0.027602017 
926 352 19 23 0.026600737 
255 350 23 30 0.026225584 
699 334 21 29 0.025934182 
696 330 15 18 0.025326002 
224 346 15 21 0.025236474 
666 466 29 34 0.025054226 
69 344 24 29 0.024797363 
951 459 10 15 0.024015058 
757 366 13 17 0.023766695 
556 289 11 16 0.023713538 
508 333 14 16 0.02324546 
269 481 15 16 0.023044217 
217 333 17 19 0.022984276 
223 388 25 29 0.022626478 
457 368 16 21 0.0223746 
836 555 11 15 0.022131171 
638 339 22 29 0.021502087 
835 385 21 25 0.02129537 
175 334 22 26 0.020907758 
968 579 12 15 0.020564597 
541 287 21 24 0.02040564 
439 359 38 44 0.02032958 
785 128 21 26 0.020181173 
