13_Interview_Interview_Sequences_13_864
29
555 99 49 54 0.8099179 
609 134 43 48 0.7683612 
538 93 45 54 0.46575946 
739 235 51 53 0.16431534 
316 124 41 49 0.11455193 
514 93 49 57 0.07690473 
788 128 15 19 0.0726634 
587 118 49 58 0.066438675 
727 244 38 41 0.060090445 
748 235 30 35 0.056855667 
722 254 62 73 0.04342762 
389 387 49 50 0.035875056 
576 116 33 46 0.03343238 
784 119 10 12 0.03320445 
518 607 51 55 0.032342777 
523 520 39 57 0.031628538 
789 118 12 14 0.030329628 
-32 -49 453 482 0.030152751 
733 230 13 17 0.028630128 
517 84 33 42 0.02792126 
16 275 10 14 0.027699526 
406 391 11 13 0.025127536 
552 619 43 50 0.024976745 
736 232 26 34 0.024264686 
784 124 12 17 0.02397542 
899 129 106 154 0.023493322 
109 419 14 21 0.023121197 
863 0 44 49 0.023062127 
533 80 36 46 0.020056553 
