13_Interview_Interview_Sequences_13_586
25
544 479 99 132 0.99791604 
446 781 22 28 0.21209435 
463 760 25 33 0.07221284 
417 927 8 10 0.06726454 
422 927 8 10 0.06583467 
475 759 17 23 0.06396306 
523 818 15 19 0.059387937 
537 1060 45 56 0.050280243 
514 802 15 19 0.046453252 
485 878 10 14 0.035871718 
519 846 11 13 0.032232348 
563 856 14 18 0.030795235 
457 773 27 35 0.030033441 
590 512 112 127 0.02878382 
516 864 14 17 0.028363124 
400 919 7 9 0.026242502 
434 787 23 27 0.025983844 
300 615 404 459 0.025934482 
510 807 21 26 0.025889806 
478 881 14 17 0.024575805 
481 752 17 23 0.024109032 
572 949 33 43 0.021879558 
593 503 67 83 0.020617757 
416 920 7 11 0.02038944 
426 796 24 26 0.020268135 
