13_Interview_Interview_On_Location_13_537
28
793 444 59 107 0.8690756 
188 373 510 615 0.7937013 
138 586 450 570 0.26190296 
485 808 95 117 0.1552813 
619 845 119 102 0.14376427 
956 587 29 36 0.13805427 
295 457 282 371 0.086279765 
0 195 443 451 0.07971874 
21 820 549 530 0.06525258 
508 821 116 142 0.057431605 
907 581 109 141 0.057342257 
905 538 31 33 0.051540215 
579 855 132 136 0.04944523 
993 973 29 49 0.044682447 
734 416 105 131 0.03661155 
976 971 48 84 0.03317422 
922 923 17 22 0.03108258 
902 499 52 67 0.030427855 
324 373 214 308 0.028110579 
924 458 55 78 0.023540014 
947 575 29 37 0.02349068 
638 889 89 80 0.023108857 
759 568 216 220 0.022822756 
968 591 28 39 0.02173554 
524 836 71 86 0.021543268 
956 948 72 145 0.020859877 
670 857 77 73 0.020714562 
866 556 30 33 0.020039754 
