13_Interview_Interview_2_People_Visible_13_1001
98
123 366 18 23 0.98686635 
816 314 23 32 0.9832938 
473 350 20 29 0.9625691 
188 353 18 22 0.9583768 
957 332 16 22 0.9501748 
294 144 16 19 0.90702724 
577 338 18 27 0.9018078 
297 359 17 23 0.8990121 
726 342 15 20 0.8325262 
627 324 20 27 0.70735997 
213 145 18 24 0.63269836 
203 328 16 20 0.5473133 
212 371 13 19 0.5182205 
95 341 9 14 0.39278024 
725 41 57 80 0.3762123 
378 150 12 15 0.35785705 
662 335 16 20 0.26643157 
348 302 18 24 0.17004532 
639 284 14 19 0.16607612 
327 166 10 13 0.14008637 
119 398 22 29 0.13857888 
982 402 15 17 0.1064528 
148 284 14 17 0.104026295 
207 363 13 21 0.09620386 
467 401 21 30 0.093372025 
240 148 10 15 0.09004573 
89 341 11 16 0.07249594 
463 141 13 17 0.07117709 
140 331 15 19 0.06825898 
668 386 16 20 0.06646235 
156 376 17 20 0.06445052 
502 159 9 11 0.060796067 
739 81 38 45 0.056543585 
217 374 15 19 0.052038625 
675 338 13 19 0.04951678 
168 282 13 17 0.049004838 
132 330 16 20 0.048689842 
177 401 19 22 0.04654818 
413 152 9 11 0.044448968 
643 315 16 20 0.04364532 
710 360 10 12 0.042866096 
480 161 11 15 0.04237391 
227 147 14 18 0.04189423 
647 218 12 16 0.041778516 
782 299 14 18 0.041107282 
253 340 13 18 0.041022316 
674 381 13 16 0.040775243 
636 320 21 27 0.04074829 
205 184 15 18 0.040327903 
925 296 13 17 0.039495017 
916 290 16 20 0.037697308 
97 338 13 18 0.036159564 
218 365 15 19 0.03483129 
155 284 13 15 0.034763064 
726 83 33 44 0.034761097 
580 325 15 19 0.03472171 
172 280 10 13 0.03403855 
116 284 14 17 0.033228338 
294 351 13 20 0.032510925 
278 170 11 15 0.032382898 
175 302 9 12 0.030724967 
643 280 12 16 0.030616088 
957 385 17 19 0.03045343 
916 277 13 16 0.02897823 
957 409 15 17 0.028024206 
276 198 14 18 0.026735151 
117 308 9 12 0.026246719 
151 370 14 19 0.026237085 
738 46 36 45 0.025864158 
230 276 10 14 0.025331229 
303 364 18 22 0.02532852 
247 336 13 18 0.025272736 
245 164 11 15 0.025063086 
117 394 16 21 0.025053289 
255 281 10 12 0.025051115 
237 152 12 17 0.024644943 
294 173 15 18 0.024462324 
135 283 12 16 0.023874555 
319 170 13 18 0.023520336 
931 298 12 16 0.023265634 
196 187 22 30 0.02292428 
309 170 13 17 0.022855181 
729 348 16 21 0.022596845 
301 208 13 17 0.022463277 
396 168 9 11 0.02235883 
468 310 14 18 0.022246784 
143 280 12 15 0.02182307 
392 167 9 11 0.021633463 
143 301 10 14 0.021479273 
243 170 13 17 0.021455403 
196 334 17 21 0.021354115 
228 362 13 18 0.02133545 
221 170 13 16 0.021128714 
203 173 13 17 0.021122381 
234 210 13 16 0.020969164 
239 164 12 16 0.020359678 
143 289 12 15 0.020309411 
162 382 16 20 0.020108962 
