13_Interview_Interview_On_Location_13_138
120
332 223 19 23 0.9150639 
97 260 19 23 0.8602378 
437 292 23 29 0.7322599 
674 277 16 20 0.69792247 
495 244 16 25 0.6568848 
330 272 19 22 0.3370034 
413 247 11 13 0.25702274 
348 375 47 58 0.2161295 
234 130 32 40 0.21568547 
246 386 92 123 0.18297441 
53 336 42 44 0.17609516 
423 316 50 54 0.16232173 
213 180 12 13 0.13659953 
369 306 25 38 0.1344957 
356 272 12 15 0.10857558 
164 138 18 21 0.099395424 
443 282 28 30 0.097989455 
10 531 48 45 0.09659497 
384 259 12 17 0.094050474 
436 302 30 42 0.073611334 
408 251 12 15 0.06648027 
318 309 21 29 0.055598356 
512 253 22 27 0.052123416 
357 303 28 34 0.0511895 
324 278 26 30 0.050086048 
596 279 13 14 0.049697015 
416 333 39 42 0.049202867 
505 250 15 18 0.04543794 
332 195 16 19 0.043571085 
447 292 30 39 0.042209625 
235 164 12 15 0.042125616 
299 151 16 19 0.04167193 
724 317 12 15 0.040960263 
581 268 10 12 0.040818132 
406 258 12 16 0.040047925 
327 199 14 18 0.037177116 
741 390 37 36 0.03619852 
286 414 65 92 0.035860296 
226 406 69 82 0.035020813 
322 317 30 35 0.034812294 
430 295 18 23 0.03444121 
410 349 36 42 0.03380233 
481 249 21 29 0.033641998 
412 275 15 18 0.0334426 
700 309 50 54 0.032843687 
516 244 13 17 0.032680005 
612 307 15 17 0.031573918 
140 585 36 37 0.031213293 
609 310 11 13 0.030699814 
607 293 9 11 0.030515388 
333 357 49 55 0.030241257 
309 283 16 17 0.030141529 
326 328 43 47 0.029959207 
365 276 13 17 0.029432239 
408 240 10 12 0.02942611 
447 311 31 41 0.029345129 
163 148 19 22 0.028999945 
52 495 28 37 0.028807875 
42 435 44 56 0.028554957 
604 286 10 12 0.028370222 
226 148 29 35 0.027931074 
458 283 25 29 0.027315458 
250 140 13 17 0.027106153 
414 379 35 40 0.026850117 
317 284 14 16 0.026758978 
199 111 12 16 0.026377104 
206 171 24 28 0.026358742 
220 181 12 14 0.026337605 
239 251 12 17 0.026299518 
509 294 13 15 0.02585997 
421 302 28 33 0.025765982 
502 254 24 30 0.025760213 
407 241 19 24 0.025632747 
523 253 13 17 0.02525902 
346 14 58 79 0.025097813 
479 387 34 37 0.025079 
223 199 12 13 0.02485019 
402 266 24 26 0.024264002 
678 288 45 52 0.024149153 
598 292 11 13 0.024108384 
342 174 12 13 0.024097359 
157 336 209 197 0.024029044 
335 266 20 24 0.023679974 
478 314 12 16 0.023655947 
409 326 34 35 0.023373993 
590 271 9 11 0.02330779 
462 294 27 36 0.023229696 
336 318 31 34 0.023123857 
266 146 28 33 0.023008041 
191 115 12 16 0.022830928 
237 169 13 15 0.02273267 
285 171 11 13 0.022537125 
556 269 13 14 0.022330917 
322 298 27 35 0.022320706 
401 254 23 27 0.02228723 
652 283 11 13 0.022140656 
471 269 23 29 0.02210617 
270 206 9 12 0.021881761 
450 302 16 22 0.021784972 
378 312 28 38 0.021674719 
498 239 17 20 0.021581406 
647 271 8 10 0.021571806 
469 315 13 19 0.021513738 
337 301 27 34 0.02137133 
343 342 33 34 0.021354819 
609 296 23 26 0.021305643 
383 256 21 28 0.021220703 
658 351 32 38 0.02120118 
54 286 397 393 0.021033034 
195 108 24 29 0.020967603 
228 182 12 13 0.020957176 
434 273 27 34 0.02078564 
413 265 25 32 0.020745752 
262 221 11 15 0.020704603 
620 293 12 14 0.020698253 
206 173 14 17 0.020584537 
648 284 9 11 0.020465694 
401 337 38 41 0.02035877 
508 239 14 17 0.02018653 
347 300 16 20 0.020067042 
