13_Interview_Interview_2_People_Visible_13_189
60
251 224 45 56 0.99885035 
172 215 59 71 0.9987405 
752 241 39 47 0.99795675 
511 217 49 65 0.99794084 
396 217 46 61 0.9976272 
570 183 40 51 0.9973603 
815 253 43 54 0.99184036 
676 244 39 54 0.9914247 
920 248 42 50 0.97876006 
756 618 18 21 0.31124377 
733 240 23 35 0.20781586 
989 143 13 15 0.089472644 
648 264 24 30 0.08635157 
415 110 11 13 0.06630065 
996 675 11 12 0.061801884 
594 115 14 17 0.055970233 
530 83 16 21 0.05521747 
790 244 26 36 0.053025763 
653 113 16 19 0.04739462 
685 134 14 19 0.04717017 
352 261 18 20 0.041402265 
712 270 22 28 0.03994027 
333 274 14 18 0.03941987 
732 255 15 21 0.039198022 
742 236 33 42 0.03470527 
589 109 15 17 0.034003716 
569 79 15 19 0.03316943 
901 259 26 37 0.033076324 
694 93 11 15 0.03133159 
404 103 12 14 0.030742778 
204 222 34 53 0.028911483 
851 244 25 33 0.02888609 
300 261 24 29 0.028343389 
983 141 13 16 0.027701417 
993 643 12 15 0.027307669 
997 117 9 11 0.02645613 
1007 674 11 15 0.02605369 
1007 201 12 17 0.026004935 
477 67 13 14 0.025826532 
424 83 13 18 0.025592871 
308 100 17 21 0.025195297 
422 101 10 13 0.024589505 
821 656 15 17 0.02394296 
603 96 14 18 0.023685789 
633 167 26 29 0.022523023 
601 81 14 17 0.022423841 
986 6 35 44 0.02241742 
996 141 14 17 0.022178592 
834 683 13 15 0.021030925 
598 90 13 16 0.020985806 
212 649 29 34 0.020984098 
646 105 15 20 0.020779043 
592 87 11 13 0.020586211 
658 258 28 41 0.020568099 
691 104 15 20 0.020380909 
426 90 13 16 0.020328183 
797 820 10 13 0.020184316 
997 707 10 12 0.020174537 
510 679 13 18 0.020042064 
668 185 13 16 0.020012196 
