13_Interview_Interview_On_Location_13_605
25
597 73 94 120 0.9996 
202 231 81 101 0.9956547 
418 154 83 101 0.9945133 
846 247 17 20 0.8935302 
72 21 12 16 0.08648744 
861 432 11 13 0.059864163 
892 254 15 20 0.0504361 
891 107 14 16 0.044467825 
889 200 15 19 0.043202184 
486 79 40 54 0.038100425 
27 105 13 18 0.036907326 
176 24 18 21 0.03366521 
694 414 26 31 0.03258564 
257 134 10 14 0.029375127 
981 483 12 14 0.028938163 
42 73 12 17 0.026714366 
888 267 15 19 0.026505683 
27 10 15 17 0.026373835 
75 12 14 17 0.026290579 
43 55 15 20 0.026156086 
847 318 14 19 0.024645597 
38 137 13 20 0.024010697 
465 45 102 121 0.02315258 
260 137 13 17 0.022267912 
533 574 98 142 0.021396456 
