35_Basketball_basketballgame_ball_35_998
128
684 64 47 66 0.99857414 
342 98 56 76 0.993252 
916 282 42 61 0.993234 
63 281 34 39 0.99156064 
42 390 40 50 0.99085337 
0 310 25 41 0.9865906 
34 201 36 46 0.98215955 
444 141 33 43 0.9697305 
354 317 36 52 0.96897227 
122 284 32 48 0.9425988 
866 300 32 47 0.7449721 
652 101 28 35 0.7391205 
587 50 28 37 0.54043746 
463 103 30 38 0.5256946 
374 105 44 59 0.46013254 
997 320 28 44 0.4522281 
395 110 36 46 0.44475698 
561 244 443 551 0.44067222 
840 221 28 36 0.3275316 
766 54 38 47 0.311971 
325 407 28 41 0.29285708 
468 429 24 30 0.2845162 
8 426 31 37 0.2746454 
573 150 25 32 0.21735702 
987 271 29 34 0.19767457 
913 211 30 34 0.14489633 
435 527 14 18 0.14335363 
832 98 25 35 0.13490683 
818 331 30 38 0.13420922 
511 47 26 36 0.12999606 
11 213 23 29 0.11620706 
857 272 18 22 0.1038835 
113 117 25 31 0.10211783 
880 288 36 52 0.09460054 
476 234 29 34 0.091209665 
405 11 29 36 0.08961277 
97 73 16 21 0.089319125 
642 479 30 49 0.08693886 
514 343 18 23 0.084553815 
597 19 24 30 0.073665574 
23 207 31 39 0.07187431 
191 135 31 36 0.066154666 
853 281 24 29 0.05967142 
1 257 13 23 0.059375443 
757 42 36 49 0.058490507 
119 164 45 63 0.056258973 
113 113 18 22 0.05539282 
663 88 40 57 0.053946834 
177 130 28 38 0.05268669 
932 14 27 31 0.051585767 
392 97 32 39 0.045637544 
722 442 19 21 0.04530145 
874 299 19 23 0.04426685 
882 269 27 34 0.043374263 
762 24 41 54 0.04279786 
373 314 30 43 0.041949548 
782 549 13 17 0.04179939 
257 156 38 46 0.041133624 
697 1 29 31 0.040713545 
437 555 27 32 0.040064335 
928 219 19 23 0.03980288 
1006 315 16 21 0.039484363 
392 587 27 32 0.038193632 
388 319 17 25 0.035857245 
893 288 14 19 0.03517805 
465 99 20 23 0.034637522 
891 281 23 30 0.034542974 
899 291 12 16 0.034467764 
324 317 37 53 0.0328487 
476 247 34 38 0.03262409 
468 92 29 35 0.032248504 
639 93 28 37 0.032167844 
820 342 18 24 0.031484377 
80 292 19 25 0.031422686 
122 367 19 22 0.03116958 
470 421 41 50 0.03110306 
85 101 14 18 0.030584594 
871 98 28 37 0.030232336 
688 7 31 36 0.029855145 
446 264 28 36 0.029769223 
218 363 476 451 0.02969906 
498 18 29 35 0.029496226 
440 133 26 33 0.028146345 
412 110 29 41 0.027130503 
708 0 17 15 0.027108617 
423 514 27 34 0.026980808 
426 47 28 36 0.02632467 
180 118 16 21 0.02562652 
986 300 25 33 0.025607299 
0 239 10 16 0.025458055 
503 351 12 14 0.02535334 
989 308 15 20 0.02475209 
4 409 26 35 0.02466694 
996 52 25 42 0.02450873 
776 70 43 53 0.024461964 
854 291 30 42 0.024334192 
106 365 34 46 0.023980612 
399 301 372 418 0.02387721 
977 286 26 39 0.023706863 
411 495 17 22 0.022862542 
866 275 40 53 0.022857578 
952 306 25 33 0.02248174 
18 443 19 24 0.022454813 
865 279 17 23 0.022451317 
846 268 25 31 0.022449235 
682 36 48 66 0.022434402 
630 87 25 33 0.022309627 
394 182 29 39 0.022211066 
819 290 28 35 0.022195458 
1007 348 15 23 0.021996455 
832 231 29 39 0.02160018 
76 145 16 20 0.02139752 
752 94 31 40 0.021298341 
469 225 29 32 0.021240534 
745 37 33 46 0.021204127 
396 436 23 30 0.021158777 
226 123 23 30 0.021066438 
998 259 13 15 0.020995228 
446 524 14 17 0.020884508 
776 95 29 43 0.020878006 
933 296 35 43 0.020842943 
510 333 12 15 0.020544775 
568 132 28 36 0.020496642 
462 437 26 34 0.020467363 
272 82 46 57 0.020457534 
829 427 31 32 0.020376936 
703 144 40 38 0.020237107 
502 34 31 39 0.020066908 
