35_Basketball_Basketball_35_791
39
770 40 81 121 0.9981981 
62 263 11 13 0.092544414 
952 656 13 20 0.08690741 
570 299 10 12 0.076951616 
613 328 8 11 0.07248693 
593 312 8 11 0.054967202 
1003 732 13 17 0.048369873 
986 737 14 15 0.041477937 
500 199 9 12 0.040702373 
627 322 10 15 0.040688932 
575 312 9 12 0.03661836 
77 283 10 13 0.035516113 
608 310 9 12 0.034141645 
94 275 10 12 0.033934224 
585 295 9 10 0.03355025 
687 211 75 138 0.02999686 
111 229 12 15 0.028135514 
229 404 15 17 0.028040089 
593 272 8 10 0.027729725 
567 339 10 14 0.027255757 
37 361 10 14 0.027098006 
556 362 14 16 0.026620753 
533 245 11 13 0.026422027 
548 341 10 14 0.025735399 
992 719 11 14 0.025504312 
618 287 9 11 0.025025195 
491 175 13 16 0.024969984 
544 284 9 12 0.024541933 
543 303 9 13 0.024181722 
149 229 10 12 0.023546293 
560 280 7 10 0.023296328 
261 236 14 17 0.023054034 
515 221 11 12 0.022948476 
90 238 13 14 0.022408377 
53 279 13 18 0.0223102 
574 272 9 11 0.021651672 
66 260 13 15 0.020681094 
126 563 11 12 0.020295087 
965 732 12 15 0.020022215 
