35_Basketball_Basketball_35_361
78
164 249 26 36 0.9992661 
698 116 26 33 0.99906546 
651 252 27 34 0.99864346 
908 129 33 42 0.9985506 
71 163 27 33 0.99847 
870 236 30 36 0.99835265 
596 121 25 31 0.9982987 
517 243 26 33 0.9979315 
405 247 24 32 0.99662566 
162 129 25 30 0.9961249 
478 117 24 33 0.99353045 
775 240 29 35 0.9932893 
301 251 23 32 0.99324894 
364 129 26 35 0.99300426 
263 126 25 31 0.98749834 
826 115 24 29 0.94930243 
759 245 31 36 0.2237137 
168 226 13 16 0.22087643 
2 210 11 17 0.14880085 
870 365 13 15 0.11662686 
274 244 15 20 0.109436356 
386 446 11 13 0.08377785 
189 249 14 20 0.07030699 
382 221 12 14 0.06700222 
454 444 14 16 0.058841746 
386 196 17 20 0.058369838 
99 165 17 21 0.0566977 
565 461 12 15 0.054246094 
311 252 25 34 0.04601979 
183 385 15 19 0.04589337 
649 384 10 11 0.045776993 
487 468 14 18 0.04356931 
501 444 11 13 0.04349722 
822 235 14 17 0.042678908 
583 440 10 11 0.042601027 
748 413 11 11 0.04184624 
382 243 17 21 0.04111274 
766 427 14 17 0.0407679 
619 446 11 13 0.0375993 
275 220 13 17 0.035382662 
533 248 24 33 0.03531607 
386 121 12 17 0.034851763 
162 157 22 26 0.03470112 
964 297 15 19 0.03447911 
266 199 26 34 0.033306368 
719 396 12 15 0.032342616 
263 161 15 18 0.031236347 
527 187 27 32 0.03011665 
662 180 12 17 0.029222144 
26 208 16 20 0.028567377 
411 160 13 17 0.028554207 
163 168 18 21 0.028498529 
0 133 10 15 0.028422136 
831 388 10 13 0.02767024 
747 423 13 15 0.027431602 
729 421 12 15 0.027375154 
89 163 20 26 0.02720236 
172 243 26 34 0.027169107 
591 431 8 9 0.026927855 
45 170 15 18 0.024772866 
597 147 24 27 0.02420029 
268 230 23 32 0.024172265 
373 121 22 28 0.023610335 
744 407 10 12 0.023191577 
765 435 15 18 0.023096437 
317 226 16 20 0.022402277 
757 409 11 14 0.022336986 
896 124 28 39 0.02223529 
372 219 23 29 0.022151427 
840 406 9 12 0.02173824 
830 423 11 14 0.02172507 
261 238 23 29 0.021650571 
23 196 13 17 0.02163594 
363 196 17 20 0.021548249 
532 443 12 14 0.021532776 
372 245 15 18 0.020837435 
486 210 13 17 0.020697037 
266 214 25 35 0.020483263 
