35_Basketball_Basketball_35_209
829
502 136 34 45 0.99360996 
419 106 33 44 0.9922305 
899 184 17 21 0.96887714 
614 234 10 12 0.5543866 
16 236 14 17 0.53743345 
89 207 8 11 0.530598 
978 222 15 17 0.46910438 
175 194 14 18 0.40820494 
69 263 8 11 0.3437501 
48 239 11 13 0.3428623 
750 203 7 10 0.3310973 
151 231 8 10 0.32329845 
79 230 7 10 0.3095442 
52 293 9 12 0.30545488 
33 263 9 11 0.29183075 
990 157 10 12 0.25691792 
662 239 8 10 0.24904463 
126 78 8 11 0.24899475 
17 232 10 12 0.24849142 
48 48 8 10 0.24293077 
975 167 8 11 0.23727497 
134 229 8 10 0.22926918 
70 292 9 11 0.22625428 
1005 166 9 11 0.22506744 
47 192 10 12 0.2226778 
959 265 12 16 0.22004306 
36 269 10 14 0.21226072 
877 183 10 12 0.20833763 
86 265 8 10 0.2065411 
713 265 8 10 0.20447761 
30 196 9 12 0.19394067 
87 293 10 12 0.19323951 
89 212 9 12 0.18915436 
64 267 10 12 0.1884255 
70 323 9 12 0.18249434 
879 188 10 12 0.1794028 
274 199 8 10 0.16976167 
16 206 10 13 0.16466902 
77 225 8 10 0.16416822 
145 254 7 9 0.15632984 
1001 288 11 17 0.15491271 
33 229 8 11 0.15442115 
912 160 9 11 0.1529381 
53 243 9 11 0.15220551 
884 189 10 13 0.14859754 
638 208 7 9 0.14527772 
641 144 9 12 0.14514595 
13 260 9 12 0.14491664 
24 190 8 11 0.14396223 
664 263 7 9 0.14279394 
634 232 7 10 0.14256813 
22 182 8 10 0.13813849 
1013 229 10 16 0.13775964 
929 195 10 13 0.13715506 
966 242 10 14 0.13541238 
695 230 7 10 0.1352975 
989 190 11 13 0.13282722 
63 207 8 10 0.1321931 
666 231 7 10 0.13025792 
950 189 9 12 0.13000545 
335 86 7 9 0.12819782 
56 215 8 10 0.126062 
55 318 9 12 0.12590812 
982 140 8 11 0.1201295 
153 224 8 11 0.118166044 
942 173 9 12 0.11796243 
25 54 8 9 0.11759074 
925 175 9 12 0.11700588 
165 215 11 13 0.11646579 
392 95 42 62 0.11564946 
949 181 9 12 0.11540623 
178 229 8 12 0.1139946 
10 205 9 13 0.112432726 
977 114 7 9 0.11228443 
254 200 8 10 0.11167165 
945 158 8 10 0.11123571 
7 230 9 12 0.11037784 
119 271 7 10 0.108855546 
32 207 9 11 0.10860023 
127 200 9 10 0.108310334 
941 167 9 11 0.104716025 
838 229 14 17 0.10381705 
967 160 8 10 0.10267621 
49 216 8 10 0.101419926 
382 64 8 11 0.10126813 
967 219 9 13 0.10111742 
962 220 9 12 0.10093395 
161 216 10 12 0.10077331 
70 187 10 12 0.09929015 
838 119 7 10 0.099130206 
934 197 9 12 0.09886333 
337 207 9 10 0.09639951 
727 255 8 10 0.09612785 
634 207 7 9 0.09585369 
151 318 9 11 0.095603906 
637 237 8 11 0.09494951 
648 201 7 8 0.094374664 
886 160 7 10 0.09408599 
15 200 9 11 0.09293674 
929 157 7 10 0.09189211 
111 290 8 9 0.091155015 
997 218 10 13 0.09077611 
998 158 9 12 0.090593554 
959 112 8 10 0.08964195 
952 205 8 12 0.08945247 
879 176 9 11 0.08937006 
895 144 8 9 0.08929756 
896 168 7 9 0.088984326 
746 206 8 10 0.088683665 
887 136 7 9 0.08696942 
932 193 10 12 0.08665143 
766 124 9 10 0.08618788 
917 165 9 11 0.08608956 
970 150 7 9 0.08489884 
353 250 8 9 0.08483533 
0 220 8 11 0.084151275 
37 223 9 10 0.08387179 
273 55 7 10 0.0837507 
880 160 8 10 0.08371892 
64 198 9 11 0.083658926 
270 223 8 11 0.083451055 
627 262 8 10 0.083224915 
920 174 10 13 0.08301475 
887 166 7 10 0.08293966 
674 247 8 10 0.0814612 
335 249 8 10 0.08080791 
965 134 8 10 0.080677815 
988 220 13 14 0.08048899 
969 164 9 11 0.07979748 
666 208 6 8 0.07969684 
974 150 8 10 0.079563975 
921 135 8 10 0.07946852 
320 247 7 9 0.07926332 
213 187 17 20 0.078269124 
174 188 24 30 0.07792378 
978 142 8 11 0.07731969 
862 165 8 10 0.07723686 
942 203 10 12 0.07711323 
29 54 8 10 0.07525522 
637 231 8 10 0.074644655 
32 235 9 12 0.0741839 
94 85 12 16 0.07400962 
105 213 8 10 0.073963635 
295 55 8 10 0.07366561 
919 152 8 9 0.073467724 
58 64 8 10 0.072681315 
33 223 9 11 0.07254267 
989 173 11 12 0.072359875 
510 109 10 12 0.07222672 
951 144 7 9 0.07184921 
896 149 8 9 0.071453124 
840 198 11 13 0.07125625 
47 52 9 12 0.07101007 
106 209 8 10 0.07033786 
215 65 7 9 0.07018467 
647 230 8 10 0.07016556 
271 191 8 10 0.0697219 
938 172 9 13 0.06966743 
169 257 8 10 0.069573976 
633 224 7 10 0.069497325 
265 230 9 10 0.06886833 
136 68 8 11 0.06829397 
133 264 8 9 0.068061784 
146 192 8 10 0.06771838 
655 223 7 10 0.06759019 
951 177 9 11 0.06725398 
127 291 10 12 0.066863924 
665 214 7 9 0.06685129 
473 170 16 19 0.066803716 
729 248 7 8 0.06678908 
958 118 8 9 0.06609477 
831 259 13 17 0.066081524 
273 40 7 9 0.06575392 
189 220 23 31 0.06529765 
665 223 7 9 0.06511173 
276 263 9 10 0.065015145 
65 191 8 11 0.064856686 
149 197 9 10 0.06482213 
925 137 8 9 0.06478094 
290 265 7 10 0.064370774 
23 177 7 10 0.06397507 
369 255 8 9 0.06366727 
89 48 8 10 0.063480005 
81 206 8 10 0.06327263 
689 239 7 9 0.06300134 
873 144 7 9 0.062926844 
630 253 10 13 0.0629009 
822 158 7 11 0.06271761 
382 118 31 47 0.06270406 
648 205 7 9 0.062422007 
917 159 8 11 0.062236574 
21 212 9 11 0.06208443 
991 163 9 12 0.06154805 
173 208 11 15 0.0614757 
985 152 8 10 0.061437137 
41 191 8 11 0.061239675 
928 119 7 8 0.060743984 
5 222 9 11 0.0606333 
694 288 8 10 0.060568202 
282 103 8 10 0.060341578 
295 262 8 10 0.06033313 
943 136 7 8 0.060162228 
902 177 10 12 0.05995078 
1 183 8 12 0.05974588 
64 183 10 11 0.059733704 
671 231 7 9 0.05927185 
120 223 8 10 0.059140164 
961 133 8 11 0.059140142 
881 166 8 10 0.058994103 
266 225 8 10 0.058983173 
206 45 8 9 0.058355507 
699 254 7 10 0.058345247 
929 203 11 14 0.058152355 
119 276 8 10 0.057924 
874 158 7 10 0.057344805 
712 238 7 9 0.057328556 
946 152 8 10 0.057323594 
861 191 8 10 0.057262816 
135 200 9 11 0.057201948 
1006 126 8 9 0.057001986 
879 144 7 9 0.05696533 
144 198 10 11 0.05682637 
681 215 7 8 0.056587752 
310 200 7 8 0.056586377 
8 199 10 12 0.05657147 
134 271 7 9 0.056416716 
946 179 9 12 0.056167144 
127 255 8 10 0.056066137 
7 255 9 13 0.05589159 
384 88 7 9 0.055814896 
55 313 10 12 0.055205338 
129 271 7 10 0.055205304 
81 293 8 11 0.055205002 
52 191 9 12 0.05513849 
38 238 9 11 0.0548063 
17 191 9 10 0.05476284 
5 48 7 9 0.054719858 
770 143 7 9 0.054716513 
295 254 8 11 0.054621156 
639 213 7 9 0.05459384 
872 176 9 11 0.054589815 
175 238 8 10 0.05455856 
223 54 8 10 0.053742554 
656 247 8 9 0.053562284 
151 263 7 9 0.05317686 
950 150 9 11 0.05316709 
296 103 6 9 0.05314938 
168 271 7 9 0.053116295 
273 203 9 12 0.0529048 
582 257 10 13 0.052637845 
968 143 8 10 0.052413087 
885 183 10 13 0.05228957 
734 247 7 9 0.052276798 
950 213 9 12 0.051846653 
288 216 8 10 0.051611494 
978 136 7 10 0.051564742 
721 232 7 10 0.051539622 
37 208 8 10 0.051224064 
162 295 7 9 0.051163234 
640 263 8 10 0.051026214 
614 242 12 15 0.050507512 
873 150 8 11 0.05033232 
711 248 7 8 0.050197966 
319 73 7 9 0.049790647 
985 166 8 11 0.049709346 
506 110 9 11 0.049521107 
69 206 10 11 0.04951693 
696 248 8 10 0.049405582 
64 318 11 14 0.04926109 
696 224 7 10 0.049137894 
369 248 9 10 0.048604794 
120 206 8 11 0.048403263 
983 172 10 12 0.0479115 
678 231 7 9 0.04777106 
608 262 10 13 0.047687754 
0 260 8 13 0.04753232 
146 79 7 9 0.04752962 
61 212 9 11 0.047339533 
192 57 8 9 0.047263645 
860 181 9 12 0.047134954 
953 112 8 9 0.046902742 
687 209 6 8 0.046721455 
938 135 7 9 0.04667577 
696 293 8 11 0.04660691 
3 187 12 13 0.046545602 
735 207 7 10 0.046506982 
886 174 9 11 0.046361946 
379 65 7 9 0.04622966 
957 174 9 10 0.046035983 
240 40 9 10 0.04602994 
174 272 7 9 0.046016525 
957 206 9 12 0.045809016 
319 94 6 8 0.045792084 
63 229 8 10 0.04569618 
717 265 8 9 0.045521062 
888 142 8 10 0.045511566 
726 232 9 10 0.045507997 
105 288 8 11 0.04542485 
42 56 8 10 0.045038313 
1014 215 8 13 0.044923723 
693 311 8 11 0.044887464 
698 200 7 8 0.04442295 
143 248 8 10 0.04435646 
200 69 8 10 0.04435625 
646 261 10 12 0.04417946 
214 40 8 9 0.0441475 
330 63 7 10 0.043981787 
728 207 8 10 0.04393826 
624 255 9 11 0.043744367 
649 248 7 9 0.043558087 
18 183 8 10 0.04349982 
87 308 9 11 0.043449346 
744 270 9 11 0.0432429 
168 261 8 10 0.043208368 
152 46 9 11 0.043043606 
374 47 7 9 0.043030046 
679 224 7 8 0.042993654 
761 121 8 9 0.042983457 
874 187 10 12 0.04297414 
0 323 10 15 0.042855944 
151 269 7 9 0.042785447 
702 272 8 9 0.04267887 
63 309 9 12 0.04266123 
169 204 11 15 0.04262869 
682 209 7 8 0.0426111 
361 265 7 9 0.042605806 
613 252 11 13 0.04235564 
1005 170 11 14 0.04232076 
341 211 9 10 0.042260937 
94 49 7 10 0.042235035 
121 294 8 9 0.04221375 
146 295 8 10 0.042128656 
800 143 9 11 0.04206462 
152 215 9 12 0.041986343 
665 270 8 10 0.041933253 
104 50 9 11 0.041886006 
657 128 7 10 0.04172842 
967 111 8 9 0.04172347 
1013 167 10 13 0.041709207 
186 194 14 17 0.04155588 
112 269 8 10 0.04155193 
241 64 8 9 0.041501142 
590 215 8 11 0.04144354 
223 49 8 9 0.041418064 
296 79 7 10 0.041404266 
592 273 9 12 0.041286357 
154 64 8 10 0.041278146 
149 256 7 9 0.04118302 
461 111 8 10 0.041170653 
733 255 7 10 0.04112984 
1001 120 8 9 0.041054934 
895 173 10 12 0.040957626 
130 230 9 10 0.04094572 
1012 222 10 14 0.040836863 
141 204 10 12 0.04080704 
80 247 11 13 0.040542256 
80 262 8 11 0.04014617 
37 255 10 12 0.04002174 
981 113 8 9 0.039906763 
105 264 8 10 0.03989826 
727 271 8 10 0.039817587 
807 179 9 12 0.039789684 
92 214 10 11 0.03967083 
934 120 9 10 0.039607316 
176 186 11 15 0.039388843 
78 189 9 12 0.039328087 
198 63 8 9 0.039282843 
592 219 8 11 0.03922921 
189 80 7 10 0.039205223 
672 238 8 10 0.039194793 
67 302 9 12 0.039152596 
121 200 8 10 0.039144274 
664 256 7 10 0.038836252 
290 55 7 10 0.038757667 
329 248 7 10 0.03870778 
937 127 8 9 0.0386607 
8 212 9 13 0.038418043 
950 197 11 14 0.038369007 
1001 171 9 12 0.03833866 
862 161 8 9 0.038273044 
647 238 7 9 0.038209084 
671 271 8 11 0.038183045 
351 104 7 9 0.038131457 
122 255 7 9 0.038120195 
361 84 8 11 0.038093127 
45 8 10 11 0.038089987 
128 224 7 10 0.037984617 
959 142 8 9 0.037923094 
1 230 9 13 0.03788827 
609 230 10 12 0.037857134 
376 70 7 9 0.03778827 
87 238 7 9 0.037732817 
62 175 9 10 0.037698105 
38 214 7 9 0.03762702 
96 64 8 10 0.037498094 
295 312 12 14 0.03745777 
649 224 8 11 0.03745455 
88 231 7 10 0.03741296 
331 86 7 9 0.037267152 
927 140 8 10 0.037090518 
57 69 8 11 0.037055265 
24 196 9 12 0.03702348 
32 274 11 13 0.03695637 
790 72 8 9 0.03680059 
280 86 8 9 0.036696803 
720 216 8 9 0.036622003 
961 128 8 10 0.036575913 
974 159 8 10 0.036536686 
1013 275 10 17 0.036362328 
194 61 7 9 0.03633607 
599 223 8 11 0.036292333 
761 138 7 9 0.03628376 
922 121 7 8 0.036254678 
871 166 8 10 0.036241915 
856 166 8 10 0.036188494 
607 224 8 9 0.036109008 
973 196 9 12 0.036103614 
991 135 8 11 0.035893284 
280 97 7 9 0.035887096 
279 79 8 11 0.035852272 
147 231 7 10 0.035559874 
672 200 7 9 0.0355141 
673 252 8 11 0.035480637 
726 261 8 9 0.035440322 
303 80 7 10 0.03541368 
918 194 11 15 0.03533743 
224 31 8 9 0.03532199 
656 133 9 11 0.03528595 
632 246 10 12 0.03522515 
472 125 10 12 0.035149615 
464 174 21 25 0.035142504 
129 239 8 9 0.03501649 
1007 215 9 12 0.03497063 
749 251 9 13 0.03488988 
319 47 7 9 0.034848638 
168 47 8 9 0.034819476 
745 265 9 11 0.034761526 
804 104 9 12 0.03469503 
983 95 8 11 0.034676924 
80 235 8 10 0.034630682 
173 256 8 10 0.034457196 
662 245 9 11 0.034454904 
671 223 7 9 0.034424394 
89 220 8 11 0.034420285 
71 240 9 10 0.034386672 
151 31 8 9 0.034372393 
179 206 24 31 0.034325924 
1002 126 9 10 0.0342717 
934 152 7 10 0.03423778 
0 236 8 12 0.034077395 
367 54 7 10 0.03402935 
945 141 7 9 0.03402381 
704 215 7 8 0.033933207 
88 301 9 12 0.03388789 
160 279 7 9 0.033809904 
999 135 8 11 0.033758882 
94 231 7 10 0.033739384 
334 64 7 10 0.033711284 
269 185 9 11 0.03368202 
619 236 9 11 0.033641588 
129 248 7 9 0.03363247 
841 175 7 11 0.033585373 
1001 205 11 13 0.03357813 
160 257 7 9 0.03341908 
472 120 8 11 0.033361617 
903 151 7 9 0.033359468 
107 268 8 10 0.03330815 
46 252 11 12 0.033290807 
373 247 9 10 0.03323868 
902 167 8 10 0.033142917 
358 248 8 9 0.03310441 
835 120 7 10 0.033096336 
297 199 8 9 0.033054113 
176 219 21 30 0.032903623 
97 120 8 12 0.032867245 
170 199 21 27 0.032724127 
359 198 9 11 0.03270665 
78 317 10 13 0.032673344 
63 223 9 11 0.032672048 
141 213 10 11 0.032620728 
81 312 8 11 0.0325581 
86 246 10 12 0.032464854 
647 255 9 11 0.032445177 
48 297 11 14 0.032409295 
849 135 8 10 0.03240392 
304 86 7 8 0.03237792 
96 278 7 10 0.032331277 
272 47 7 10 0.032318536 
670 207 7 9 0.03230233 
104 220 8 11 0.03224538 
612 296 14 18 0.032127455 
215 22 7 9 0.032119747 
39 63 8 10 0.03194154 
526 111 8 11 0.031941146 
80 253 10 11 0.031913023 
38 244 10 11 0.03189892 
703 249 7 9 0.031824693 
95 246 7 10 0.031723376 
266 190 8 10 0.031722903 
205 87 8 11 0.031719618 
176 223 10 13 0.031626765 
998 140 9 11 0.031524137 
145 287 8 9 0.031459477 
319 77 7 9 0.0313819 
620 246 10 12 0.03130044 
39 196 9 11 0.03127095 
985 127 8 9 0.031262815 
691 231 7 10 0.030969618 
967 205 11 15 0.030877706 
128 262 8 10 0.03085915 
745 213 6 9 0.03084649 
1008 109 7 9 0.030815896 
210 64 8 10 0.030708717 
854 136 8 10 0.030490242 
287 238 7 10 0.030429514 
861 173 10 13 0.030329397 
262 200 8 10 0.030308314 
52 48 9 10 0.030207705 
278 56 7 9 0.030200368 
109 212 9 11 0.030077277 
704 192 6 8 0.030065103 
108 51 11 13 0.029907936 
277 255 8 11 0.029897235 
913 152 8 9 0.029811302 
329 30 7 9 0.029631944 
172 212 40 49 0.029630369 
984 101 8 10 0.029622346 
142 183 9 11 0.02961626 
282 237 7 10 0.029562114 
47 61 7 9 0.02949079 
183 63 7 9 0.029440489 
1009 220 9 13 0.029437691 
889 150 7 10 0.029403908 
152 313 9 11 0.029397616 
690 288 8 11 0.029323943 
296 97 6 8 0.029308511 
287 269 8 9 0.029289147 
293 247 8 10 0.029211458 
16 224 9 10 0.029163383 
808 173 10 14 0.029086016 
902 145 7 9 0.029005108 
991 127 7 9 0.028963538 
47 233 10 11 0.028944576 
966 129 8 9 0.02893475 
689 246 7 9 0.028785212 
997 152 9 12 0.028708193 
127 73 9 11 0.028677614 
120 264 7 9 0.02865872 
621 301 10 13 0.028607765 
145 260 8 11 0.028595047 
713 233 7 9 0.028571852 
532 236 14 18 0.028485067 
225 87 8 10 0.028454773 
951 135 7 10 0.028332032 
686 192 7 8 0.028316732 
136 278 7 9 0.028299829 
198 57 7 9 0.028252017 
167 173 9 11 0.028197888 
439 202 18 22 0.02804629 
334 32 7 8 0.027984409 
935 159 7 9 0.027976744 
22 221 9 11 0.027948812 
156 199 8 10 0.0279423 
968 197 10 12 0.027927164 
17 175 8 11 0.027906064 
14 266 10 13 0.02789199 
632 283 11 15 0.02781422 
679 239 6 9 0.027787736 
608 215 7 9 0.027733762 
303 241 7 9 0.027730523 
65 288 8 11 0.027553858 
150 287 7 9 0.027538367 
262 206 8 11 0.027514404 
1012 282 10 16 0.027509112 
119 229 8 11 0.02749485 
330 81 7 9 0.027490176 
274 72 7 8 0.027464818 
94 199 8 11 0.027429163 
104 239 8 9 0.027350357 
158 207 10 12 0.02720806 
295 41 7 9 0.02720193 
671 121 7 9 0.02717926 
1007 121 8 10 0.0271677 
601 228 9 11 0.027064474 
358 206 9 11 0.027050257 
713 199 7 9 0.027041914 
712 215 7 9 0.027034853 
1005 160 8 12 0.02700422 
551 120 12 16 0.026940418 
94 309 9 12 0.02687711 
15 285 11 14 0.026782723 
962 159 8 10 0.026717553 
689 270 8 10 0.026707284 
313 88 6 8 0.026706405 
895 136 7 9 0.026702825 
120 249 6 8 0.026645692 
186 210 14 18 0.026595699 
320 40 7 8 0.02658976 
878 151 8 10 0.026552897 
173 261 8 10 0.026502846 
175 245 8 9 0.026469177 
263 64 8 9 0.026456624 
0 253 9 14 0.026341774 
697 216 7 9 0.02633277 
196 202 13 17 0.02632886 
726 213 8 10 0.026324049 
967 213 20 25 0.026269518 
313 79 7 9 0.026212981 
872 231 10 13 0.026189758 
202 46 7 8 0.026182035 
366 84 7 10 0.02614153 
218 56 7 9 0.026105583 
901 201 11 14 0.026076967 
1008 104 8 10 0.026030606 
631 269 9 10 0.026020544 
61 67 8 11 0.025962843 
366 63 7 9 0.02594829 
152 69 8 10 0.02591896 
721 198 7 9 0.025916973 
305 200 7 8 0.025841149 
224 64 7 9 0.02582868 
297 30 8 9 0.025821447 
8 265 11 15 0.025809646 
63 239 8 10 0.02576086 
399 47 8 11 0.025722696 
856 174 10 13 0.025678566 
980 233 13 15 0.02567783 
96 238 7 9 0.025609061 
985 195 10 12 0.025541678 
144 280 7 9 0.025522823 
313 73 8 9 0.02551811 
865 206 11 15 0.025501823 
278 61 8 10 0.025483934 
710 258 19 25 0.025423633 
982 118 7 9 0.0253897 
784 63 8 9 0.025250155 
864 136 6 8 0.025211772 
681 192 6 8 0.02520954 
727 199 8 10 0.025186788 
962 238 10 14 0.025184859 
545 48 8 11 0.025104418 
230 54 8 10 0.025094418 
156 230 9 11 0.025055962 
184 78 8 11 0.025023611 
294 215 9 11 0.024978213 
192 39 7 10 0.024943477 
112 223 8 10 0.024937099 
686 214 7 8 0.024861442 
769 148 9 10 0.024829024 
936 141 8 10 0.024810743 
302 207 8 9 0.024770418 
150 203 10 13 0.024768034 
168 63 9 11 0.024683915 
679 199 7 9 0.02466732 
950 220 9 13 0.024648812 
167 288 7 10 0.02463655 
657 216 7 8 0.024620874 
135 247 8 10 0.024602534 
752 216 8 10 0.024599731 
0 246 7 12 0.024555918 
314 96 6 8 0.024554137 
343 248 8 11 0.024466323 
269 228 8 11 0.024441354 
928 164 7 11 0.024417737 
744 137 7 8 0.02441137 
120 288 7 10 0.024393545 
0 269 8 13 0.02437757 
111 247 7 10 0.0243718 
670 214 7 9 0.024362473 
183 246 8 11 0.02434118 
971 243 13 16 0.02431164 
829 167 8 10 0.02426796 
119 55 10 11 0.024241636 
182 72 8 9 0.02420632 
721 135 8 10 0.024177046 
360 47 7 10 0.024151245 
297 23 8 9 0.024081307 
953 117 9 11 0.02406497 
327 183 8 11 0.024061054 
30 174 8 10 0.024029491 
180 208 14 19 0.023889773 
656 208 6 8 0.023794534 
278 41 7 9 0.023782609 
255 221 8 12 0.023692174 
840 193 9 12 0.02365235 
914 134 7 9 0.023632742 
153 52 9 10 0.023598496 
207 80 7 9 0.023574254 
898 128 7 9 0.023529515 
737 119 7 9 0.023524387 
1005 277 17 30 0.023505544 
303 23 8 9 0.023503073 
177 79 8 10 0.023474732 
160 237 8 10 0.023465946 
689 129 6 8 0.023377264 
983 212 22 26 0.023347331 
257 31 8 10 0.023274379 
261 261 9 12 0.02324032 
32 244 10 12 0.023225605 
111 264 8 10 0.023121692 
181 222 11 16 0.023112645 
693 237 9 11 0.023104416 
983 251 14 18 0.023075888 
702 278 7 9 0.023054436 
289 41 7 9 0.023052882 
377 94 8 9 0.022944476 
665 120 7 9 0.022943445 
279 46 8 10 0.022822704 
1001 111 7 9 0.022789348 
157 183 9 11 0.022779921 
216 46 8 10 0.02272429 
246 41 8 9 0.022724153 
55 277 10 12 0.022723665 
921 140 8 10 0.022708219 
144 300 8 10 0.022704612 
71 246 9 10 0.022673707 
754 121 7 9 0.022651862 
57 183 8 11 0.022640236 
145 237 7 10 0.022609804 
639 224 8 10 0.022498764 
998 237 13 14 0.022483857 
666 201 7 9 0.022447389 
372 252 9 11 0.022442855 
94 221 8 11 0.022435637 
289 71 8 9 0.022412788 
255 214 9 12 0.022412503 
202 183 10 12 0.022412008 
29 49 8 10 0.022249568 
46 234 18 22 0.02223165 
68 308 11 13 0.022148397 
988 183 13 15 0.022127228 
169 239 7 9 0.022062523 
344 254 8 9 0.02205746 
256 56 7 8 0.021990404 
369 40 7 9 0.021938905 
231 71 7 9 0.021869147 
104 246 8 10 0.021842571 
81 199 9 12 0.021814764 
744 80 8 10 0.021809546 
87 69 8 11 0.021782633 
335 48 8 10 0.02173981 
863 196 9 12 0.02170582 
581 126 11 13 0.021689089 
230 32 8 9 0.021669196 
86 201 11 12 0.021647988 
161 261 7 9 0.021616038 
879 126 8 10 0.021612499 
119 215 8 10 0.021598212 
168 230 8 11 0.021593265 
312 257 7 8 0.021584325 
343 86 7 9 0.02155348 
241 46 8 9 0.02151968 
408 31 9 11 0.021446219 
170 190 10 13 0.021433031 
94 304 8 11 0.021421442 
946 182 19 25 0.021392437 
208 70 7 9 0.021390496 
838 124 8 10 0.021355573 
688 292 8 11 0.021355165 
992 119 7 9 0.02133845 
942 127 7 10 0.021319374 
182 271 9 12 0.021297429 
247 46 7 10 0.021237584 
905 158 8 11 0.021193989 
23 276 11 13 0.021120094 
1 52 8 12 0.021118352 
53 332 10 14 0.021068577 
745 246 10 13 0.021040216 
695 272 8 10 0.021021822 
28 424 100 125 0.020993814 
952 128 8 10 0.020989198 
918 48 7 9 0.020985944 
280 231 8 10 0.020984007 
40 185 8 9 0.020953333 
58 208 8 11 0.020898208 
912 144 7 9 0.020889962 
734 229 8 10 0.020885952 
545 53 8 11 0.020880617 
353 85 7 10 0.020868465 
493 117 9 11 0.020862883 
8 235 10 14 0.020856446 
619 292 11 16 0.02076492 
727 236 8 10 0.020756077 
112 231 8 10 0.02069888 
92 293 9 12 0.020688994 
150 247 8 10 0.020685185 
361 64 7 9 0.020674283 
352 47 8 10 0.020671139 
185 56 7 9 0.020653384 
205 185 16 19 0.02064199 
145 32 7 10 0.020611376 
142 71 8 10 0.020562049 
241 88 6 8 0.02055809 
681 142 8 10 0.020530531 
596 270 10 12 0.020526025 
335 69 7 9 0.020507501 
942 241 11 13 0.020482939 
169 246 8 9 0.02046983 
846 250 11 14 0.020460976 
807 167 9 12 0.020460706 
379 87 7 10 0.020446807 
368 47 8 10 0.02043704 
1006 233 14 16 0.020412454 
290 78 7 10 0.0204011 
335 200 8 10 0.020398345 
208 30 8 9 0.020361599 
298 208 8 10 0.020351253 
958 198 8 13 0.020339638 
841 54 8 10 0.020328425 
919 128 8 9 0.020324452 
80 213 8 11 0.020293828 
48 325 9 13 0.020290801 
6 176 9 10 0.020267969 
980 216 15 17 0.02025261 
750 222 9 11 0.020242292 
47 288 17 23 0.020242162 
439 153 22 34 0.020184174 
304 40 7 9 0.020176403 
329 252 8 11 0.020167347 
734 192 7 9 0.020132305 
0 346 9 15 0.02011695 
992 111 7 9 0.020109685 
312 103 7 9 0.020106915 
689 303 8 10 0.02010349 
134 237 8 10 0.020077867 
877 195 12 15 0.02007355 
313 31 6 9 0.020054605 
321 23 7 9 0.020028522 
589 208 8 10 0.020026933 
