35_Basketball_Basketball_35_664
138
22 319 9 12 0.44877258 
41 327 8 12 0.3717502 
50 340 14 17 0.32295024 
67 369 14 17 0.26158437 
116 351 9 11 0.23237371 
167 342 9 11 0.22357076 
44 325 10 14 0.21116936 
176 339 9 12 0.20109312 
2 388 23 34 0.15686268 
46 420 9 12 0.12540929 
86 341 13 17 0.12275211 
6 444 12 16 0.11464837 
161 341 9 11 0.09669708 
1 451 22 34 0.09517542 
136 383 9 13 0.092992894 
98 308 8 10 0.08483452 
94 340 11 17 0.08143976 
4 448 16 22 0.07731356 
141 350 8 10 0.075232916 
78 377 12 15 0.070993416 
45 330 12 15 0.06633057 
79 340 12 15 0.0636311 
127 367 10 13 0.06358432 
29 362 15 18 0.06266889 
1 398 14 23 0.062435977 
830 391 9 11 0.058483686 
136 336 7 9 0.05776347 
22 427 14 18 0.056332495 
193 348 10 12 0.0557586 
372 392 44 42 0.054320753 
9 387 16 19 0.05407847 
142 383 9 12 0.05335215 
180 339 9 12 0.052261528 
885 374 9 11 0.04991005 
46 321 9 12 0.049283046 
101 365 10 13 0.048634056 
77 405 13 17 0.047486708 
129 337 7 9 0.046553325 
80 346 12 16 0.046372604 
114 327 8 11 0.044530354 
131 447 14 18 0.04323033 
60 396 14 17 0.04257915 
143 344 8 10 0.042578455 
113 353 11 15 0.04234671 
41 415 10 14 0.04182264 
16 321 13 16 0.041187752 
101 305 8 10 0.040077284 
31 331 9 12 0.039587304 
153 360 8 11 0.03931701 
748 233 23 30 0.038578108 
130 341 7 10 0.038495187 
0 279 8 12 0.03825605 
32 326 8 11 0.038029537 
4 379 15 19 0.037419382 
86 319 8 10 0.03647591 
152 341 9 12 0.03623574 
816 423 8 10 0.035023842 
633 311 32 41 0.0349028 
83 355 14 15 0.034596108 
745 185 16 18 0.03456899 
136 343 7 10 0.034089033 
125 312 8 10 0.03328993 
112 332 9 11 0.032568216 
1 342 9 13 0.03201594 
493 410 12 15 0.031865846 
587 48 238 271 0.031671733 
63 296 8 10 0.031597883 
78 353 13 16 0.0315405 
526 381 11 14 0.031294666 
113 344 8 11 0.031267602 
489 376 7 9 0.03104467 
424 384 24 32 0.030827306 
63 311 9 11 0.030816853 
723 335 15 19 0.030745577 
880 392 8 11 0.03060774 
0 306 14 21 0.03046582 
533 381 9 12 0.03023639 
126 360 9 12 0.030212294 
117 344 9 11 0.03019515 
117 327 9 11 0.030175505 
100 339 10 16 0.029987505 
43 328 20 26 0.029923558 
71 312 8 10 0.029808437 
832 419 9 13 0.029196005 
527 376 8 11 0.029193457 
716 334 13 15 0.029096844 
40 320 18 24 0.028905975 
159 336 9 12 0.028762553 
78 335 19 25 0.028340532 
494 374 7 10 0.028257893 
535 376 8 10 0.027504161 
27 318 9 13 0.027499905 
528 386 11 14 0.027014688 
779 248 14 20 0.027011368 
133 373 9 12 0.02682184 
754 246 15 18 0.026688868 
560 382 9 11 0.026306758 
21 340 10 15 0.025906516 
154 335 8 11 0.025871728 
112 320 8 10 0.025692958 
118 333 8 10 0.02541539 
560 390 9 11 0.025372932 
389 406 30 31 0.025211148 
157 359 9 11 0.0249892 
805 431 8 10 0.024843797 
66 398 21 25 0.02471729 
134 367 9 12 0.02449726 
564 397 9 13 0.023832316 
77 363 13 16 0.023816912 
138 318 8 10 0.023541283 
46 294 9 11 0.023151144 
166 335 12 15 0.023109065 
366 403 25 31 0.022976331 
839 371 11 12 0.022767058 
829 222 11 14 0.022647958 
521 4 369 443 0.02249565 
119 362 12 15 0.022433575 
455 401 14 18 0.022354748 
644 306 15 21 0.022275064 
28 423 11 15 0.022181818 
821 430 8 10 0.022133797 
813 414 9 13 0.021887647 
43 396 11 15 0.021804163 
880 381 9 10 0.0217493 
33 356 13 16 0.021727916 
423 396 13 17 0.021723023 
101 334 10 14 0.02172227 
519 381 10 15 0.021468652 
709 335 15 17 0.021354996 
433 393 14 19 0.021337688 
650 312 15 19 0.021078158 
143 367 8 11 0.020977652 
5 303 21 28 0.020958388 
70 355 13 15 0.020891184 
59 339 11 16 0.02070243 
39 427 10 13 0.0202809 
10 385 27 34 0.020249397 
45 365 12 15 0.020012498 
