35_Basketball_basketballgame_ball_35_858
73
775 497 86 68 0.9925476 
574 228 65 94 0.9914758 
4 16 135 149 0.87440884 
172 555 16 22 0.42117152 
64 566 19 22 0.32939523 
177 512 15 19 0.3039411 
305 601 17 20 0.2956223 
343 514 14 18 0.28602484 
289 469 16 20 0.23458587 
115 553 13 17 0.17565456 
41 597 18 22 0.13467416 
670 547 29 37 0.10155272 
404 472 13 16 0.09855755 
179 633 17 20 0.090863265 
489 639 15 21 0.07884742 
92 579 21 27 0.077934854 
388 618 13 16 0.07641828 
193 -125 411 516 0.07621628 
19 425 13 17 0.06614694 
257 444 14 19 0.066046216 
83 498 14 18 0.06602069 
67 535 18 21 0.06571774 
40 634 18 21 0.059097037 
122 630 16 21 0.0575193 
137 594 18 22 0.05679535 
666 552 15 21 0.052094705 
302 604 26 31 0.05152369 
254 423 9 12 0.049749523 
60 654 16 22 0.04802527 
376 454 10 12 0.04680934 
782 509 46 46 0.045746442 
464 486 10 12 0.0456058 
167 447 10 13 0.044714708 
7 634 20 34 0.044587787 
279 476 13 16 0.042976636 
30 438 13 17 0.0405019 
259 568 14 17 0.038210496 
121 554 14 19 0.035327725 
108 559 14 19 0.03343007 
288 605 39 50 0.03341175 
94 486 14 17 0.03265962 
99 570 16 21 0.03260255 
307 568 14 18 0.032202262 
349 557 15 19 0.031666923 
480 540 11 13 0.03138568 
74 492 16 20 0.030726658 
163 474 16 20 0.030617695 
662 552 25 33 0.030318683 
652 567 31 42 0.03025176 
63 573 25 30 0.029445464 
102 563 14 18 0.029394396 
19 466 12 17 0.029267272 
433 479 9 11 0.029142417 
677 558 31 37 0.02905587 
181 667 17 19 0.028039925 
569 257 36 57 0.02743619 
484 345 180 296 0.027289119 
292 450 13 16 0.026862698 
290 461 16 19 0.025898958 
344 452 11 13 0.025720213 
659 226 46 68 0.025390944 
179 485 17 21 0.02502013 
437 479 9 12 0.024085877 
283 477 17 20 0.023898805 
457 595 11 15 0.02331789 
61 559 16 20 0.023261504 
117 634 23 29 0.023126518 
311 469 13 17 0.02225763 
1 435 10 16 0.021144716 
-38 358 482 504 0.021043442 
3 608 25 32 0.020913497 
799 506 53 42 0.020816695 
343 460 13 17 0.020064002 
