35_Basketball_playingbasketball_35_674
101
370 150 65 81 0.99901915 
90 7 30 36 0.9976968 
15 233 36 47 0.9962566 
151 64 35 46 0.99607074 
0 89 24 47 0.995751 
288 116 30 36 0.9953105 
185 139 44 55 0.99528104 
172 15 31 38 0.993722 
215 75 26 34 0.9901748 
597 276 34 40 0.98546636 
563 102 29 36 0.98427975 
859 259 32 39 0.982882 
633 45 44 69 0.9816094 
983 17 37 92 0.97791046 
950 249 23 29 0.96043736 
406 16 30 40 0.940835 
999 249 22 27 0.9296997 
875 167 28 32 0.89917195 
900 80 24 29 0.8765311 
267 85 29 36 0.8757078 
510 31 22 29 0.853841 
356 91 29 33 0.8364944 
352 10 23 30 0.81733865 
451 21 29 38 0.7622451 
479 107 23 27 0.75927925 
802 53 23 29 0.74618757 
602 27 22 27 0.7303057 
840 136 24 30 0.72618264 
452 39 28 40 0.60797095 
818 153 28 40 0.4910777 
551 34 25 31 0.43718955 
120 130 36 46 0.30363908 
579 72 27 32 0.24093936 
794 112 32 40 0.23481566 
785 87 26 33 0.22640394 
980 126 18 23 0.22278075 
340 119 41 54 0.1903395 
787 98 31 41 0.1751115 
930 84 19 24 0.12732245 
973 183 18 22 0.121969864 
266 -1 33 32 0.10934628 
128 147 31 44 0.093427904 
488 139 38 51 0.08783567 
351 108 41 49 0.08569379 
910 287 19 28 0.08366021 
163 0 29 24 0.08111794 
827 140 29 39 0.072074234 
4 403 231 265 0.07184539 
626 57 31 50 0.065375544 
1003 313 18 24 0.060959015 
878 144 24 31 0.056336194 
939 296 23 30 0.054851186 
739 43 25 36 0.05237696 
902 70 15 18 0.052305616 
808 121 19 25 0.04881554 
3 489 23 29 0.048354432 
519 36 24 31 0.04660167 
453 194 43 55 0.045781396 
366 97 29 35 0.0457669 
539 34 25 33 0.044183966 
133 259 45 67 0.043171696 
725 31 37 58 0.04225804 
984 345 19 23 0.03809255 
556 327 41 56 0.03689898 
999 274 25 39 0.036131173 
646 261 36 42 0.03502401 
262 9 29 36 0.034841236 
474 103 39 45 0.033399526 
255 17 26 33 0.030519323 
940 156 16 20 0.030155944 
278 0 23 17 0.029707374 
554 95 27 35 0.028415978 
978 174 15 19 0.028305862 
912 82 18 24 0.028028568 
792 59 28 36 0.027143596 
478 86 28 37 0.02645521 
997 255 26 42 0.026366957 
596 27 39 51 0.02602726 
510 142 39 52 0.025712961 
653 36 54 74 0.025539728 
477 63 22 29 0.025437264 
420 27 29 37 0.025311088 
965 296 24 32 0.025014421 
919 337 39 50 0.024721565 
606 264 33 38 0.024248788 
569 84 29 37 0.02421572 
110 138 37 54 0.02415011 
803 129 38 52 0.023856614 
100 182 29 38 0.023644721 
546 89 17 22 0.023520008 
175 1 29 30 0.023142198 
948 292 23 31 0.022516577 
279 100 34 46 0.022388509 
859 152 37 49 0.022076333 
586 66 19 25 0.021993112 
350 149 48 65 0.021907419 
250 27 24 32 0.021592172 
554 228 42 55 0.021551933 
433 23 38 52 0.02145104 
919 291 24 29 0.020371493 
503 31 19 24 0.020317426 
