35_Basketball_playingbasketball_35_795
457
82 36 24 31 0.99797887 
220 74 25 31 0.9974956 
52 269 65 91 0.99514174 
486 497 13 19 0.9774966 
847 84 44 55 0.96276224 
559 59 40 53 0.95940626 
641 17 14 20 0.93875545 
952 28 19 25 0.93840295 
972 75 17 25 0.9267736 
135 108 23 30 0.92309284 
212 124 39 45 0.82048994 
39 14 10 12 0.7852316 
609 521 11 14 0.64796007 
912 436 23 35 0.6085908 
852 594 10 15 0.54008555 
695 544 9 11 0.4948881 
520 505 15 18 0.4856395 
195 129 13 16 0.48440698 
590 510 8 11 0.47595602 
596 29 11 15 0.46447197 
695 570 12 14 0.36438763 
382 71 8 10 0.30938724 
156 94 17 23 0.30377042 
477 115 12 18 0.2769391 
662 550 8 11 0.26031807 
10 455 23 30 0.24202809 
785 517 7 9 0.23503916 
377 71 8 10 0.22515772 
462 543 11 15 0.21476707 
439 549 11 14 0.1969153 
524 465 11 15 0.19608547 
453 180 13 17 0.1925317 
771 9 17 20 0.1897722 
1002 100 15 19 0.18607216 
725 550 8 11 0.18218291 
332 5 12 13 0.17723134 
328 55 8 12 0.16524917 
700 548 9 13 0.16164766 
743 549 8 10 0.16131946 
357 7 9 11 0.15888605 
435 521 12 14 0.14741783 
745 544 8 10 0.14470527 
608 549 10 13 0.14445952 
886 226 35 34 0.14371009 
443 568 14 17 0.14132777 
735 559 10 13 0.1310402 
689 547 10 13 0.13099997 
775 536 8 10 0.12806094 
392 8 11 12 0.12704758 
749 543 8 10 0.12590504 
376 22 7 9 0.1187258 
393 46 7 9 0.112233244 
158 430 129 147 0.11166722 
366 37 9 11 0.11134374 
305 47 8 10 0.109330066 
301 203 26 29 0.1044295 
28 28 11 13 0.10342792 
679 565 10 12 0.10310743 
310 78 7 9 0.09927876 
299 3 12 14 0.09565181 
318 94 7 10 0.09435157 
333 113 9 11 0.09275737 
288 245 49 51 0.091711454 
568 542 10 11 0.090801366 
598 46 14 18 0.09045816 
596 532 10 13 0.089695655 
681 542 8 9 0.08844682 
361 38 8 10 0.087295674 
738 2 28 25 0.08596761 
790 518 8 9 0.083004594 
679 571 10 12 0.08015217 
999 116 24 42 0.080012396 
344 81 6 9 0.079823636 
297 36 8 10 0.079129554 
773 587 9 12 0.0771652 
574 543 9 12 0.076924205 
280 28 12 17 0.0763318 
625 542 9 11 0.07455999 
574 549 9 12 0.074323535 
390 134 10 13 0.074174926 
712 528 8 9 0.07368432 
680 536 8 9 0.07315558 
502 484 13 17 0.072435185 
826 60 12 15 0.07157954 
21 52 11 13 0.0708857 
575 557 8 11 0.070678264 
408 79 8 10 0.06930451 
336 71 8 9 0.0674802 
384 135 10 12 0.0669596 
353 40 7 9 0.06567243 
785 551 8 9 0.0652776 
621 503 8 10 0.064861715 
727 555 10 13 0.063522145 
367 81 6 8 0.0626323 
397 46 8 10 0.061457697 
367 33 9 10 0.06143622 
722 520 7 9 0.06138007 
625 568 9 11 0.061070357 
736 549 9 11 0.06087489 
125 313 94 92 0.059670106 
56 547 44 55 0.05956539 
665 572 10 12 0.059486415 
625 485 9 11 0.05907162 
726 543 8 12 0.058784563 
322 46 8 10 0.0576682 
601 485 9 11 0.057502568 
657 545 8 11 0.05745532 
123 335 40 41 0.05730015 
969 437 12 15 0.05694169 
742 558 8 12 0.056837965 
322 40 8 10 0.055401765 
351 63 7 9 0.054977532 
725 519 7 9 0.054829154 
480 483 11 14 0.05456159 
599 501 8 10 0.053883765 
574 567 9 11 0.053717658 
661 511 8 10 0.053577516 
333 55 8 11 0.053392496 
398 135 9 12 0.05334796 
360 127 8 9 0.052970182 
369 64 7 8 0.052018244 
626 573 8 11 0.051888693 
649 484 8 10 0.05152673 
277 43 11 15 0.05126602 
428 540 11 14 0.050949443 
1002 102 21 33 0.05044471 
702 519 7 9 0.05028837 
581 543 9 11 0.049224123 
631 555 9 12 0.048601966 
383 39 7 9 0.047725335 
454 253 386 479 0.047667746 
302 64 7 10 0.04753859 
743 565 10 12 0.047387466 
351 47 8 9 0.04706002 
408 104 9 11 0.046749383 
710 532 10 11 0.04670867 
383 77 7 8 0.04609421 
592 505 8 11 0.045301817 
322 54 8 11 0.045040883 
701 554 10 14 0.044685207 
935 133 21 34 0.04466617 
583 568 8 10 0.044644747 
889 209 35 36 0.044628814 
927 346 15 19 0.04459715 
746 1 43 45 0.044424225 
600 496 8 11 0.044071235 
1005 133 13 22 0.04392486 
719 525 9 10 0.043782543 
362 82 7 9 0.043742068 
766 548 8 10 0.043551236 
326 40 7 10 0.043213546 
768 544 7 10 0.042998016 
616 511 9 11 0.04279949 
686 558 9 12 0.04211988 
377 46 7 10 0.04177948 
337 101 8 10 0.041735284 
509 567 9 12 0.04152742 
447 596 9 11 0.041384436 
314 95 8 10 0.041255932 
726 579 13 18 0.04106433 
792 542 8 10 0.04100681 
518 486 11 13 0.041001037 
775 575 8 9 0.04090753 
319 89 7 9 0.040707007 
787 4 16 20 0.040534228 
792 535 9 11 0.03984493 
409 85 8 10 0.039409798 
629 61 12 16 0.039216287 
702 496 7 9 0.039130073 
465 546 12 15 0.039060585 
507 491 12 16 0.03897021 
119 335 185 218 0.038828738 
739 15 17 20 0.03873188 
202 122 20 28 0.038665105 
304 70 8 11 0.03848454 
697 519 8 11 0.038205083 
377 93 8 10 0.038171235 
56 62 10 13 0.03801271 
720 543 10 13 0.037943844 
698 524 9 11 0.037834886 
836 90 35 45 0.03779284 
668 35 15 17 0.037573375 
663 555 9 11 0.037454695 
759 544 9 10 0.03744852 
377 78 7 8 0.037400782 
382 31 7 10 0.037242237 
751 526 7 9 0.037230775 
807 629 11 12 0.036990684 
646 501 8 10 0.036295716 
397 156 10 13 0.03610433 
749 560 8 10 0.03608149 
209 116 25 31 0.036046542 
376 88 8 10 0.03595723 
748 567 9 11 0.035872437 
477 515 12 15 0.035847355 
818 55 23 28 0.03572954 
301 13 10 13 0.03541524 
607 471 9 10 0.03530885 
351 55 7 9 0.035280976 
686 519 8 10 0.035229333 
631 480 8 12 0.03521667 
782 526 8 11 0.0350632 
726 575 10 14 0.0350397 
742 582 9 11 0.035005555 
647 480 8 10 0.035001464 
19 332 42 55 0.03486615 
337 39 8 9 0.034761064 
687 485 8 10 0.034675036 
559 501 11 14 0.034617517 
596 22 19 24 0.034610957 
259 214 30 33 0.03459613 
305 52 8 10 0.034579277 
769 566 8 10 0.034397125 
778 529 8 11 0.03425179 
310 102 8 10 0.034003574 
285 45 11 14 0.03387205 
309 47 8 9 0.033838235 
309 72 8 11 0.03315411 
608 565 10 13 0.033122312 
696 538 8 10 0.032952234 
374 112 9 11 0.032665074 
626 114 50 54 0.03264478 
673 484 8 10 0.032449186 
343 96 7 10 0.03229562 
341 5 10 11 0.032216337 
568 572 9 12 0.032192823 
327 1 11 13 0.032153603 
371 71 6 9 0.031913307 
322 60 8 10 0.031839326 
973 440 13 16 0.031624783 
438 85 9 11 0.031621553 
618 58 24 35 0.03159812 
346 63 7 9 0.03159394 
591 526 12 14 0.031488795 
688 570 12 16 0.03146498 
434 547 11 15 0.031454433 
565 488 9 11 0.031450696 
342 40 8 9 0.03141331 
654 485 8 10 0.031387676 
703 527 8 10 0.031371146 
611 555 11 13 0.031299468 
771 536 7 9 0.03127361 
736 544 8 10 0.0312686 
41 18 13 16 0.031159677 
950 23 15 20 0.030909866 
780 533 9 12 0.030884225 
443 543 12 13 0.030881032 
549 567 13 18 0.030849766 
617 496 8 10 0.03084214 
302 39 8 9 0.030823972 
934 570 12 14 0.030708006 
344 46 7 10 0.030662647 
709 548 12 14 0.030545963 
311 15 9 11 0.03054183 
512 467 12 15 0.030539205 
557 572 9 13 0.03033435 
712 565 10 13 0.030151274 
78 280 102 106 0.030078733 
774 567 8 10 0.030061103 
621 510 9 11 0.030005977 
751 536 8 10 0.029928928 
514 2 17 16 0.0298724 
542 479 13 15 0.029842721 
381 23 7 10 0.02982531 
630 575 8 11 0.029702116 
143 330 107 108 0.029598042 
50 387 32 37 0.029524235 
352 135 8 10 0.029363617 
385 152 9 12 0.029251441 
669 566 10 12 0.029085813 
369 112 8 11 0.028931174 
400 118 8 10 0.028921539 
335 31 9 10 0.028902797 
726 526 8 9 0.028729424 
722 578 24 28 0.028524276 
339 77 7 10 0.028396212 
918 135 41 48 0.028243698 
352 31 8 9 0.028223615 
721 480 8 9 0.028016653 
712 570 11 14 0.027970787 
424 21 10 12 0.027906898 
313 87 8 10 0.027622867 
662 36 14 16 0.027521068 
327 95 8 10 0.027461598 
608 512 8 11 0.027404206 
655 471 8 9 0.027301544 
640 479 8 11 0.027235352 
727 535 7 10 0.027075743 
351 81 7 9 0.02696126 
491 565 12 15 0.02692117 
392 152 10 13 0.02683382 
942 127 21 33 0.026739357 
761 548 9 11 0.026720801 
946 99 23 30 0.026665933 
686 564 12 15 0.026597414 
575 524 12 14 0.026588146 
681 548 10 12 0.026449857 
874 47 26 30 0.026287548 
5 3 13 15 0.026199069 
351 160 11 12 0.02615812 
769 472 7 8 0.025884625 
397 40 9 11 0.025861097 
345 55 7 9 0.025851574 
687 536 7 9 0.025793895 
966 431 21 27 0.025767315 
641 501 8 10 0.025734292 
27 34 14 18 0.025449123 
334 62 8 10 0.025422392 
310 54 8 10 0.025405068 
360 55 7 9 0.025398836 
636 605 10 13 0.02533489 
177 129 39 51 0.025325662 
27 49 15 18 0.02532087 
737 479 7 10 0.025294099 
790 551 8 10 0.025268696 
793 92 43 56 0.025261527 
736 472 7 9 0.025220765 
974 449 13 16 0.025218243 
697 496 8 10 0.025217352 
647 472 9 9 0.025193254 
703 534 9 11 0.02518358 
407 121 10 11 0.025159456 
630 580 9 11 0.025138436 
429 570 11 14 0.02509771 
519 532 8 11 0.02507625 
631 471 8 10 0.024959307 
575 56 31 42 0.02495705 
951 85 25 30 0.024940021 
504 31 17 18 0.024890764 
624 536 8 11 0.024871342 
358 133 9 12 0.024782065 
632 81 51 61 0.024760919 
432 599 8 10 0.02473847 
553 532 10 12 0.024734115 
719 496 7 8 0.02470295 
384 45 7 10 0.024697736 
932 217 29 34 0.024645494 
717 572 13 17 0.02459313 
520 459 20 24 0.024564102 
711 485 7 9 0.024543995 
710 541 11 14 0.024366805 
328 71 8 11 0.024345374 
806 470 9 11 0.024345204 
613 541 10 13 0.024333298 
343 127 8 11 0.024330588 
889 165 49 52 0.024222821 
749 547 9 11 0.02420252 
476 106 22 30 0.024197454 
566 536 12 13 0.024183545 
722 513 7 9 0.024168335 
212 110 15 19 0.024154885 
851 74 30 45 0.024075396 
719 534 9 10 0.024054248 
535 532 11 12 0.024012014 
351 96 8 10 0.023956839 
321 6 8 11 0.023915233 
532 478 13 14 0.023890087 
624 471 9 10 0.023835814 
661 545 8 11 0.02379954 
545 34 73 100 0.02379109 
408 73 8 10 0.023766806 
260 78 10 13 0.0237648 
617 486 7 10 0.0237385 
407 134 11 14 0.023680925 
802 470 8 10 0.023647994 
726 513 7 8 0.023543326 
704 513 7 9 0.0234781 
22 37 21 26 0.023464438 
374 39 8 10 0.02344419 
957 76 24 30 0.023345953 
584 517 10 13 0.023293763 
341 101 8 9 0.02328913 
319 111 8 11 0.0232125 
320 32 8 10 0.023153437 
633 17 15 20 0.023123393 
681 525 10 12 0.023029441 
360 95 9 11 0.022998402 
767 606 9 12 0.02291946 
823 72 27 35 0.022829957 
913 428 18 23 0.022756908 
23 57 13 15 0.022721136 
559 541 10 12 0.022716526 
626 547 10 13 0.022570835 
292 247 30 33 0.022541586 
30 22 12 15 0.022493469 
246 77 12 17 0.022445252 
744 571 10 12 0.022425072 
996 249 14 20 0.02241866 
691 542 18 23 0.022388868 
597 525 12 15 0.022374097 
753 2 20 19 0.022231191 
317 199 32 31 0.022208929 
629 566 8 11 0.022205358 
373 141 11 14 0.02219151 
593 496 8 10 0.022115825 
408 55 9 10 0.022092955 
367 85 6 9 0.022013571 
424 536 12 16 0.021987922 
640 580 8 12 0.021980574 
686 38 13 14 0.021959772 
455 541 13 15 0.021944681 
600 518 8 11 0.021858724 
304 20 8 10 0.021837834 
669 551 8 10 0.021832947 
550 468 12 13 0.021810556 
582 524 9 12 0.021759847 
971 404 18 22 0.021759583 
328 32 8 10 0.021732 
18 47 20 24 0.021714987 
360 32 9 10 0.02171043 
304 88 7 10 0.021694586 
606 439 9 10 0.021654949 
374 5 9 11 0.021551687 
719 577 15 19 0.021517962 
560 493 11 13 0.021514136 
494 482 14 17 0.021508025 
501 498 11 15 0.02142519 
366 56 7 9 0.021391444 
376 65 7 9 0.021240659 
433 554 11 14 0.021211276 
721 472 6 9 0.021196837 
399 94 8 10 0.021179099 
367 6 9 11 0.021157254 
391 127 9 12 0.021048602 
613 530 9 12 0.021041028 
531 506 12 16 0.021012764 
400 88 8 10 0.021010043 
717 -1 29 26 0.02098607 
570 567 9 12 0.020874549 
301 32 9 10 0.020831013 
725 603 15 17 0.020674527 
360 46 7 9 0.020640321 
548 501 13 17 0.020638172 
359 101 8 10 0.020554569 
690 45 51 55 0.020522458 
505 580 10 14 0.020522278 
376 54 7 10 0.020465774 
703 472 8 10 0.020410145 
562 44 29 38 0.020401442 
727 472 7 8 0.020401264 
727 485 7 9 0.020370819 
439 597 9 11 0.020343954 
268 225 94 97 0.020332614 
944 143 16 23 0.020309456 
437 544 19 22 0.020292338 
375 30 8 10 0.020288754 
304 94 7 10 0.02028482 
392 41 8 11 0.020208376 
759 581 9 10 0.020207034 
622 495 8 9 0.020186465 
733 573 10 12 0.02018552 
447 159 11 14 0.020148134 
680 471 7 10 0.020143136 
596 540 10 13 0.020045072 
311 7 8 11 0.020017201 
375 201 36 41 0.020017164 
988 107 26 38 0.02000296 
