35_Basketball_playingbasketball_35_876
295
462 103 83 117 0.9987527 
65 103 73 112 0.9789588 
897 462 18 21 0.95837605 
858 487 18 23 0.9491627 
887 513 21 26 0.9440494 
932 416 15 19 0.93771195 
731 525 22 27 0.92866844 
710 501 23 28 0.92754513 
657 503 22 29 0.9242594 
264 530 22 27 0.9061142 
207 528 21 25 0.90071833 
966 345 17 20 0.89729375 
772 500 20 25 0.8840332 
956 506 20 24 0.88363487 
883 403 17 22 0.8650799 
866 449 17 21 0.8319002 
923 490 15 21 0.8268256 
963 449 15 19 0.7870316 
801 505 21 27 0.7668201 
954 401 14 18 0.74981034 
889 322 17 19 0.71388996 
135 465 17 20 0.70698035 
930 452 16 20 0.68887883 
849 424 18 22 0.6829549 
980 520 20 24 0.65491825 
955 316 15 18 0.63621616 
334 70 13 17 0.6081852 
930 521 17 21 0.6056647 
816 257 13 18 0.599441 
210 490 17 21 0.5987095 
233 179 12 16 0.5952775 
908 269 13 15 0.5049498 
679 181 12 15 0.5033395 
914 429 16 19 0.4864765 
1003 418 15 18 0.44499186 
991 434 15 17 0.42488688 
663 258 14 17 0.41051385 
244 80 12 17 0.3891549 
158 483 15 21 0.388866 
812 290 14 17 0.38881454 
285 177 12 16 0.37464312 
827 479 15 20 0.34691232 
725 182 11 14 0.33107632 
864 266 13 16 0.31936568 
287 81 13 16 0.29310593 
256 203 13 16 0.2906886 
715 252 14 18 0.28474015 
235 226 14 18 0.28239506 
100 472 20 26 0.28215978 
632 185 15 19 0.25476757 
329 150 11 15 0.24707986 
90 467 16 21 0.24539816 
209 241 15 19 0.2398251 
287 618 15 19 0.21102574 
725 230 12 15 0.19310547 
1000 554 15 20 0.1907031 
996 380 12 17 0.18981868 
945 221 15 19 0.18561456 
844 314 13 17 0.12989934 
813 313 14 18 0.12683198 
739 397 52 56 0.12240921 
627 245 13 17 0.11956785 
280 145 12 14 0.11566877 
849 363 15 18 0.11519654 
999 178 13 17 0.113361746 
285 495 16 20 0.107052706 
946 341 14 19 0.10211693 
886 257 15 18 0.10106967 
732 321 13 16 0.100559406 
822 452 12 15 0.092553206 
189 157 13 15 0.09132995 
270 476 13 16 0.091229156 
981 219 12 16 0.0912038 
278 657 13 15 0.086786434 
683 233 14 16 0.08549843 
781 207 11 14 0.08499927 
260 578 14 18 0.08125975 
139 480 14 19 0.08066723 
982 419 12 15 0.079637796 
837 465 13 16 0.07314907 
1012 506 11 18 0.070928 
299 203 13 18 0.070633255 
927 289 14 18 0.06527689 
731 611 12 15 0.06430737 
846 340 14 19 0.062398877 
768 184 11 13 0.060091414 
423 12 13 16 0.060021255 
196 547 12 16 0.059054814 
649 241 15 19 0.055222142 
983 465 14 17 0.055072397 
1008 341 12 15 0.053152535 
770 258 14 15 0.050666623 
890 252 15 18 0.050256502 
253 530 12 16 0.05008414 
768 251 13 17 0.048592176 
586 178 14 17 0.048531957 
803 518 17 21 0.048040424 
890 499 16 19 0.047979563 
241 594 15 18 0.047868654 
163 480 13 16 0.04697399 
326 98 14 17 0.045565367 
370 18 17 20 0.04545304 
831 467 12 16 0.045137182 
916 352 13 18 0.044855546 
150 482 14 19 0.04420048 
892 492 15 18 0.044016644 
242 556 17 19 0.04392351 
794 490 14 18 0.043687988 
787 283 13 18 0.043571584 
186 97 27 31 0.04327355 
297 197 13 15 0.04278449 
805 529 15 19 0.042494357 
869 305 15 19 0.0421164 
315 172 13 15 0.041763943 
950 450 12 16 0.04174669 
900 454 14 18 0.041664094 
770 246 12 14 0.041488662 
316 561 13 17 0.04128094 
93 478 16 21 0.040971465 
286 644 12 13 0.040363964 
302 579 15 19 0.03987127 
991 402 11 15 0.039695147 
674 560 18 23 0.039694764 
1005 357 14 16 0.03896827 
970 512 20 25 0.038615018 
774 282 13 16 0.037746627 
198 477 11 13 0.036959745 
677 242 12 15 0.035868343 
268 571 13 16 0.035861615 
807 313 13 18 0.035450924 
830 459 12 16 0.035246998 
251 106 11 15 0.034811586 
282 174 11 15 0.03431146 
238 560 15 18 0.034148548 
959 455 14 18 0.034077216 
972 405 12 15 0.034062218 
891 585 19 21 0.03313936 
248 525 13 16 0.033096436 
315 178 14 18 0.03287949 
957 474 12 15 0.032869514 
266 687 21 26 0.032791127 
236 498 12 17 0.032703508 
733 215 9 10 0.032687157 
780 496 20 27 0.032336783 
380 159 10 12 0.032319743 
293 122 13 17 0.03213198 
702 281 13 17 0.032095477 
843 467 12 16 0.03204311 
917 422 13 16 0.031868104 
964 404 11 15 0.031447403 
958 434 12 14 0.03135551 
992 483 12 15 0.031120947 
669 228 12 15 0.030891433 
205 474 12 15 0.030562025 
929 495 14 18 0.030560495 
701 244 11 14 0.03042513 
243 198 12 14 0.030314106 
954 149 12 15 0.030193778 
278 189 12 14 0.029970253 
994 426 18 23 0.029730039 
900 377 17 20 0.029673077 
679 230 13 16 0.02965345 
671 243 11 15 0.029611329 
285 569 16 18 0.02957481 
207 485 15 19 0.029536443 
408 166 10 13 0.029350007 
817 309 14 18 0.029287182 
190 615 11 14 0.029135369 
296 165 11 14 0.029025333 
197 539 14 18 0.028818801 
992 384 13 18 0.028721677 
254 524 23 29 0.028612765 
188 369 28 35 0.028534766 
980 426 14 17 0.028481571 
708 235 11 13 0.028457487 
993 490 13 17 0.028397895 
741 586 16 19 0.028376225 
891 376 16 19 0.028032195 
838 309 14 18 0.027959654 
989 473 13 18 0.027748115 
899 443 13 17 0.027589366 
861 502 16 21 0.027510794 
277 196 13 15 0.027444191 
198 86 26 32 0.027425267 
197 596 16 18 0.027212612 
868 314 16 19 0.02717648 
940 378 13 16 0.026958141 
892 235 14 17 0.026932742 
294 516 14 16 0.026863107 
287 636 14 16 0.026499989 
936 182 11 13 0.026234793 
939 451 13 18 0.026200613 
935 228 11 14 0.025890974 
862 291 12 16 0.02580666 
309 572 14 21 0.025728922 
721 181 18 22 0.02569406 
787 270 12 14 0.025646202 
939 517 13 18 0.025636548 
692 229 13 15 0.025595687 
148 476 12 17 0.02558236 
310 555 15 18 0.02553882 
291 576 16 20 0.025531238 
788 234 14 16 0.025508557 
837 452 11 14 0.02544642 
867 271 14 17 0.025399413 
990 375 13 16 0.02539046 
325 563 13 18 0.025104254 
980 371 13 17 0.025063338 
907 372 15 18 0.025016133 
376 165 11 13 0.025007471 
329 10 24 28 0.025002303 
925 329 14 18 0.024845676 
939 193 107 134 0.024824766 
853 252 12 14 0.024784526 
902 289 13 18 0.024721874 
171 484 13 17 0.024436848 
324 594 14 16 0.024396533 
299 524 12 15 0.024339383 
254 593 13 18 0.024274684 
645 225 12 16 0.024231419 
891 243 15 19 0.024172347 
99 485 17 23 0.023942826 
297 210 13 17 0.023613824 
340 125 12 15 0.023610976 
195 575 16 20 0.023598757 
812 605 14 16 0.02358899 
668 566 17 22 0.023523415 
956 516 17 22 0.02321227 
861 464 14 17 0.023079544 
820 337 15 19 0.022941267 
327 624 14 19 0.022920778 
298 233 14 17 0.022746824 
885 377 14 17 0.022718381 
932 397 12 15 0.022610055 
244 570 13 16 0.022598166 
973 173 13 17 0.022563057 
956 199 12 15 0.022534966 
961 320 13 17 0.022504317 
212 470 11 12 0.02247828 
981 402 12 16 0.022432206 
149 153 12 16 0.02239533 
287 123 13 16 0.022379393 
645 246 15 21 0.022370853 
342 174 13 15 0.022345277 
291 565 15 19 0.02215331 
703 421 65 65 0.022147784 
902 437 11 15 0.022140302 
1008 512 14 19 0.022121085 
783 278 12 17 0.021824077 
340 99 14 17 0.02179633 
290 642 14 16 0.021762364 
291 172 12 16 0.021733105 
973 377 13 17 0.021611976 
942 270 12 14 0.021533934 
935 248 14 18 0.021511385 
634 238 20 26 0.021498553 
341 166 12 14 0.021489237 
187 520 15 18 0.021464346 
932 405 12 15 0.021457607 
276 164 10 13 0.021410739 
924 425 14 18 0.021399222 
814 457 12 17 0.021389278 
134 487 15 18 0.021381006 
780 322 12 16 0.021311156 
721 585 17 22 0.021302167 
759 211 10 14 0.02118309 
662 468 14 17 0.02116549 
1011 413 12 17 0.021161312 
702 236 11 14 0.021145768 
213 564 13 17 0.02113579 
260 591 14 19 0.021054568 
965 428 11 14 0.021040104 
181 514 16 21 0.02103657 
926 402 14 16 0.021010682 
341 115 13 15 0.020982549 
989 453 12 14 0.020901043 
189 569 17 23 0.020883953 
834 475 15 20 0.02082101 
855 467 11 15 0.020800041 
118 513 14 20 0.020798517 
251 562 14 17 0.020698948 
771 268 12 15 0.020668242 
796 314 13 18 0.02065475 
989 413 11 15 0.020651344 
202 601 15 17 0.02057828 
1011 345 12 17 0.020560315 
886 292 13 17 0.020394325 
280 649 19 24 0.020373939 
157 494 14 19 0.020372625 
341 540 11 13 0.020271653 
178 586 15 19 0.020253677 
343 596 13 16 0.020129824 
212 477 13 14 0.020111317 
231 463 10 12 0.020058906 
350 131 15 17 0.020052155 
