35_Basketball_playingbasketball_35_794
94
283 175 28 36 0.99886405 
511 135 30 38 0.99882823 
556 124 32 39 0.998381 
100 157 26 36 0.9972465 
751 85 42 56 0.9952459 
835 141 32 40 0.99243295 
425 177 19 24 0.9716723 
-3 162 25 51 0.96235025 
267 148 16 25 0.93674994 
184 162 20 29 0.91868657 
394 146 16 22 0.81110996 
325 163 17 21 0.76350874 
113 29 27 33 0.5068374 
440 203 18 24 0.4951423 
381 171 17 21 0.3211185 
380 193 20 28 0.30807588 
435 206 26 34 0.24219567 
244 180 19 31 0.2040025 
149 36 14 18 0.14048336 
206 256 65 124 0.10597607 
159 181 24 28 0.08873716 
504 207 34 43 0.08067502 
0 253 12 17 0.07557199 
400 463 13 15 0.06921261 
70 199 11 14 0.06297559 
136 29 26 31 0.06161341 
383 466 9 12 0.061535664 
367 396 11 15 0.060242992 
602 175 20 23 0.05764677 
142 139 11 16 0.057376318 
400 148 22 28 0.056485496 
264 142 13 21 0.054151975 
166 170 25 33 0.05158228 
385 155 23 27 0.04952913 
330 158 14 18 0.047985364 
395 193 14 21 0.047329925 
232 179 13 18 0.045213923 
67 214 24 34 0.04380528 
174 165 33 44 0.041481532 
375 177 23 27 0.04082138 
128 75 12 16 0.04006276 
246 174 12 16 0.038642015 
386 199 23 30 0.037667777 
149 172 24 32 0.036626827 
463 142 11 15 0.034567896 
856 356 24 31 0.03416641 
340 192 23 34 0.03368244 
120 33 34 36 0.033209737 
236 181 16 24 0.03271187 
496 237 40 49 0.031231754 
69 116 16 20 0.031185025 
68 200 15 22 0.031012535 
181 129 13 17 0.0303201 
130 68 26 33 0.030215671 
178 72 15 21 0.030047787 
564 161 28 32 0.028458865 
390 464 10 12 0.02818933 
0 247 22 25 0.02767396 
329 168 17 26 0.027112467 
241 110 10 11 0.027062878 
887 122 12 15 0.027037442 
836 185 26 44 0.026897835 
131 39 37 49 0.026893798 
565 218 34 43 0.026879923 
425 211 28 39 0.026856683 
264 153 25 33 0.026181718 
804 538 15 21 0.025316892 
711 176 23 40 0.025043352 
238 269 50 93 0.024507113 
377 165 13 17 0.02448183 
4 500 12 16 0.024389273 
371 188 17 24 0.023625968 
125 12 33 39 0.023404622 
386 187 15 21 0.022829989 
110 32 18 24 0.022438942 
904 144 10 13 0.022405248 
87 162 26 33 0.022194345 
334 151 11 14 0.022133768 
842 254 41 58 0.022090605 
135 130 12 16 0.021896947 
182 138 14 18 0.021896755 
377 225 17 22 0.021776162 
96 137 26 39 0.021604253 
1011 455 12 19 0.021462122 
340 149 12 15 0.021303609 
142 39 16 20 0.0212497 
430 222 31 42 0.021186838 
374 207 26 36 0.021185217 
231 219 37 57 0.021175554 
892 119 10 14 0.020993093 
238 174 13 19 0.020879935 
211 114 22 28 0.020837318 
101 121 20 26 0.020498706 
337 467 11 13 0.020020265 
