35_Basketball_basketballgame_ball_35_375
2230
992 534 13 20 0.672244 
361 143 7 10 0.6092872 
681 199 9 12 0.53319067 
658 136 8 11 0.5094897 
805 183 10 13 0.49782062 
969 78 7 10 0.47147632 
762 603 18 22 0.47056127 
413 133 8 11 0.46822312 
862 198 9 11 0.4486417 
352 127 7 10 0.44540846 
631 215 8 11 0.44380575 
575 149 8 10 0.41453093 
500 166 9 12 0.4132428 
606 190 7 10 0.41151005 
648 177 8 10 0.40998924 
591 226 10 12 0.40417105 
830 215 9 12 0.40006486 
845 152 8 11 0.38847834 
822 681 25 28 0.37467986 
593 110 7 9 0.34695977 
874 692 25 30 0.34250605 
610 231 8 10 0.3417245 
647 55 6 9 0.34090889 
635 132 7 10 0.33997574 
626 56 6 9 0.31662887 
615 217 8 10 0.31127003 
446 135 7 10 0.3002436 
433 167 8 11 0.29293114 
862 127 8 11 0.29247466 
865 222 7 10 0.29239598 
649 158 8 10 0.28922015 
449 211 9 12 0.28823975 
272 95 8 9 0.28720275 
537 158 7 10 0.27394286 
1 126 8 12 0.267323 
862 133 7 10 0.26467156 
719 99 9 12 0.26052397 
334 104 8 10 0.25864884 
838 5 8 11 0.25199473 
272 175 7 10 0.25150457 
576 111 7 10 0.24941306 
967 142 8 10 0.24881844 
393 147 10 11 0.24812983 
838 127 8 11 0.24627437 
465 158 7 9 0.24617457 
982 485 23 30 0.24494171 
862 157 8 10 0.24336675 
522 224 8 11 0.24302533 
808 745 19 21 0.24000646 
95 127 8 11 0.23502469 
430 190 10 12 0.2325754 
840 169 9 11 0.23173553 
52 524 12 16 0.23158155 
986 483 15 19 0.23087656 
518 161 8 10 0.23068617 
965 165 9 11 0.23023024 
695 111 9 12 0.22943775 
300 192 8 10 0.22812034 
842 150 8 10 0.22555684 
256 95 7 9 0.2251147 
738 97 7 10 0.22245099 
861 568 13 19 0.2212656 
118 168 8 11 0.22058123 
817 174 8 11 0.2187436 
933 214 8 10 0.21661876 
997 165 11 12 0.21650712 
823 150 8 10 0.21576872 
638 233 8 10 0.21431278 
567 166 8 10 0.21373272 
360 167 8 10 0.21338233 
86 102 7 10 0.21201177 
887 150 9 10 0.21176556 
94 152 8 10 0.21129371 
591 15 6 8 0.2092447 
1010 146 11 13 0.20626815 
592 55 7 9 0.20626199 
321 30 7 9 0.20522726 
543 204 8 10 0.2020722 
592 149 8 9 0.19365066 
871 520 13 19 0.19282256 
712 135 10 13 0.19226328 
896 171 10 13 0.19167262 
1005 15 10 13 0.19083402 
592 129 7 10 0.18952197 
724 182 8 11 0.18818681 
1009 483 11 15 0.18799524 
575 191 8 9 0.18580526 
701 23 7 10 0.1848671 
674 221 8 11 0.18307674 
477 94 8 12 0.18216838 
453 198 11 12 0.18180068 
450 166 10 11 0.18109384 
471 136 7 10 0.18002532 
273 158 7 9 0.17934656 
625 176 7 10 0.17929393 
862 151 9 12 0.17734556 
608 87 7 10 0.1767077 
181 64 7 9 0.17639874 
888 157 8 11 0.17615613 
804 681 16 21 0.17276287 
859 199 8 11 0.17238031 
441 41 8 9 0.17222542 
493 641 21 26 0.17109945 
495 102 7 9 0.17105679 
160 94 7 10 0.16882198 
392 17 7 9 0.16644832 
768 69 8 10 0.16643162 
62 121 7 10 0.16594413 
983 4 9 11 0.16593485 
318 143 9 11 0.16532749 
378 173 8 10 0.16481002 
617 199 7 10 0.16461685 
657 221 8 11 0.16354679 
558 184 8 11 0.16295019 
575 89 7 10 0.16270591 
888 135 10 11 0.16200382 
888 103 8 10 0.16054535 
821 273 9 10 0.15985517 
157 143 8 11 0.15958291 
423 23 7 9 0.15894125 
471 207 8 10 0.15892869 
685 237 8 9 0.15881944 
150 159 8 9 0.15813953 
863 177 8 10 0.15777 
397 145 9 10 0.15624173 
918 506 13 16 0.15606937 
847 156 8 9 0.15561256 
390 41 8 9 0.15467104 
825 200 8 10 0.15262757 
110 157 7 9 0.15084201 
153 128 7 10 0.15066376 
949 7 10 11 0.15001774 
657 72 8 10 0.14842825 
997 36 9 11 0.14738734 
855 111 8 10 0.14643653 
999 55 9 11 0.14641726 
440 183 9 12 0.14584415 
290 121 7 10 0.14524466 
295 607 23 28 0.14377543 
506 150 7 10 0.14318372 
477 180 9 11 0.14238222 
889 142 9 12 0.14205202 
514 102 7 9 0.14193912 
477 101 8 10 0.14192902 
625 152 9 10 0.14128757 
110 531 13 16 0.1409657 
873 128 8 11 0.14060344 
694 79 8 11 0.13845737 
448 152 8 11 0.13836043 
77 167 8 10 0.13762584 
320 198 8 10 0.13757157 
905 205 9 11 0.13739692 
79 126 8 10 0.1372228 
558 71 7 8 0.13666141 
610 150 8 10 0.13659865 
999 159 10 13 0.13572982 
519 103 8 9 0.13491578 
625 156 8 12 0.13433352 
62 102 7 10 0.13421895 
893 506 15 18 0.1338786 
933 207 8 11 0.13319954 
559 103 8 8 0.13294101 
951 185 7 10 0.13270193 
437 190 10 13 0.13243651 
378 24 7 9 0.13192987 
637 128 8 11 0.13182026 
281 137 8 10 0.13122815 
590 189 8 10 0.13081919 
606 255 10 12 0.13066097 
729 64 7 10 0.13066037 
519 183 8 10 0.1306256 
512 176 8 10 0.12987544 
896 435 10 15 0.1298663 
800 64 9 11 0.12983765 
910 142 9 10 0.12966411 
463 153 8 10 0.1287943 
775 143 9 11 0.12795396 
442 45 8 11 0.12758143 
677 113 9 11 0.12751743 
521 14 8 9 0.1258606 
429 72 9 11 0.12535095 
319 192 7 9 0.12521112 
514 159 8 10 0.12505226 
160 55 8 10 0.12471656 
425 72 9 11 0.12465772 
489 135 8 10 0.124464706 
566 54 8 10 0.12426764 
448 157 9 11 0.12404303 
774 214 9 12 0.12389085 
912 135 9 10 0.123829804 
169 160 7 10 0.12376136 
949 77 7 10 0.12365552 
440 23 8 10 0.12360779 
410 192 8 11 0.12293606 
207 39 8 10 0.122391544 
303 135 8 10 0.12231195 
535 263 12 15 0.12157396 
76 525 11 14 0.12121657 
992 167 10 13 0.120827824 
909 158 8 11 0.12081138 
553 46 8 10 0.12012774 
410 80 7 10 0.11976947 
545 103 7 9 0.1194597 
558 231 9 11 0.11908785 
569 215 8 11 0.11883841 
814 230 8 10 0.118778475 
554 87 8 9 0.11853164 
863 192 8 10 0.118501045 
374 8 8 9 0.118407294 
496 117 8 11 0.11810554 
164 563 15 18 0.117911935 
412 172 10 12 0.11762543 
510 197 9 12 0.11759163 
263 142 7 9 0.11703732 
286 137 8 10 0.11693472 
536 181 7 10 0.11609695 
922 151 9 11 0.11604301 
831 103 10 12 0.11593105 
400 166 8 11 0.11584695 
334 605 15 18 0.1157957 
900 436 13 16 0.115362965 
919 191 9 10 0.11521015 
350 105 7 9 0.11498987 
639 73 7 9 0.11495725 
426 184 8 10 0.11491668 
812 566 15 20 0.11424856 
437 196 9 11 0.114028275 
193 144 8 10 0.11401393 
225 80 7 9 0.11337109 
641 95 8 11 0.11295321 
335 125 8 10 0.11294879 
525 204 9 11 0.11287804 
774 172 8 10 0.112770125 
336 143 8 10 0.11222592 
351 132 7 10 0.11215502 
537 119 7 8 0.11204107 
280 191 7 8 0.11202184 
153 134 8 10 0.111784756 
494 143 9 10 0.11123915 
428 119 9 11 0.11095241 
586 165 9 11 0.110339314 
943 446 9 13 0.10840884 
353 15 7 9 0.10797641 
921 197 9 12 0.10797171 
500 217 10 11 0.10639447 
599 78 7 10 0.10636155 
303 65 6 8 0.106326886 
874 110 8 11 0.10619684 
383 86 8 10 0.10607701 
606 174 8 10 0.10598016 
157 174 7 10 0.10562829 
943 140 9 11 0.10531908 
952 562 13 21 0.10521215 
6 99 11 13 0.1050611 
94 62 7 9 0.10484206 
296 109 8 9 0.1043678 
142 151 8 10 0.103416294 
384 23 7 10 0.103021786 
129 56 8 10 0.102884345 
680 63 7 9 0.10264894 
281 80 8 10 0.10214321 
1014 71 8 11 0.1021183 
197 134 7 10 0.102096125 
680 94 10 12 0.10202749 
840 145 7 10 0.10198566 
433 196 9 12 0.10169706 
66 87 8 10 0.10118803 
129 119 8 10 0.10036227 
663 8 7 8 0.100087926 
646 95 9 11 0.10008056 
440 128 9 11 0.099820875 
744 30 7 9 0.09945415 
478 121 8 9 0.09934213 
624 181 8 9 0.09907648 
248 152 7 9 0.098999545 
614 113 7 9 0.098739006 
661 70 9 11 0.098623365 
904 151 10 12 0.09849585 
457 40 8 10 0.09844107 
688 128 9 11 0.098415196 
606 57 7 9 0.098058864 
389 630 16 20 0.09769843 
607 183 8 11 0.09750668 
663 55 7 9 0.09746143 
625 86 8 11 0.09731146 
256 79 8 10 0.096893914 
1000 468 11 14 0.09666451 
681 134 8 10 0.09545304 
343 181 8 10 0.09520375 
945 136 8 10 0.09505538 
809 577 18 21 0.094968654 
31 90 7 10 0.094825715 
80 62 7 10 0.09437293 
585 183 8 11 0.09429033 
81 571 18 23 0.09417792 
608 118 8 9 0.093676545 
382 111 8 10 0.0927219 
550 160 8 11 0.09255749 
736 81 8 10 0.09188975 
237 14 8 10 0.09185069 
535 48 7 9 0.0917132 
451 205 11 12 0.0914933 
760 22 7 9 0.0914905 
469 213 9 11 0.09147919 
221 111 9 10 0.090999305 
430 134 7 9 0.09056554 
679 7 7 9 0.09047594 
414 165 10 13 0.09046042 
255 87 7 8 0.09026035 
602 61 7 9 0.09018498 
609 215 8 11 0.09009956 
477 88 7 9 0.08988288 
426 77 9 11 0.08976444 
85 96 9 10 0.08964105 
702 238 8 10 0.0893723 
505 126 7 9 0.08922358 
390 21 9 11 0.08887078 
488 269 10 13 0.0886375 
629 57 7 9 0.08850305 
255 183 7 9 0.088480935 
39 56 7 10 0.08836708 
241 132 9 11 0.088048965 
837 104 9 11 0.08776312 
457 120 8 9 0.08757401 
510 151 7 9 0.08732584 
747 214 12 15 0.087097995 
590 216 7 9 0.08689538 
353 64 6 8 0.086352706 
294 121 7 9 0.08629824 
528 151 6 9 0.086253434 
697 207 7 9 0.08577619 
1011 478 11 15 0.085568696 
359 15 8 9 0.08515549 
576 46 8 9 0.08513688 
91 555 13 18 0.08465623 
995 697 26 34 0.08451404 
136 104 8 10 0.0840485 
264 103 6 8 0.08379605 
688 102 8 10 0.08379279 
879 127 9 12 0.083720066 
135 56 7 9 0.08365283 
496 111 7 10 0.083551146 
655 238 8 10 0.08354666 
488 199 8 11 0.08343997 
585 213 8 10 0.08340595 
398 182 9 12 0.08333708 
129 140 8 11 0.08329394 
313 104 7 9 0.08321969 
104 103 9 11 0.08319013 
218 184 6 9 0.08307532 
319 148 9 11 0.08306941 
680 87 7 9 0.08255259 
914 116 9 10 0.08244255 
999 101 8 10 0.08219437 
593 87 7 9 0.08218803 
168 143 9 10 0.08201035 
879 166 8 11 0.08188705 
456 180 8 11 0.08164783 
488 150 9 12 0.08155321 
207 102 8 10 0.08143841 
263 111 7 8 0.08143368 
478 189 10 12 0.08138625 
656 76 8 9 0.08100367 
909 199 10 12 0.08099709 
610 114 7 8 0.080896 
415 40 7 8 0.0808535 
99 181 9 12 0.08081347 
702 55 9 10 0.08077143 
629 151 8 11 0.0807315 
678 142 10 11 0.08070525 
625 220 8 10 0.08029008 
57 158 7 10 0.08018975 
246 128 7 10 0.08018365 
471 199 10 12 0.07980359 
409 41 6 9 0.07974614 
234 70 7 10 0.079471655 
945 73 8 9 0.07941505 
407 86 8 10 0.07929389 
861 104 8 10 0.07928645 
31 57 8 10 0.07911819 
376 55 7 9 0.07910653 
597 351 11 14 0.07889883 
304 94 6 9 0.078840874 
735 63 7 9 0.07856511 
359 61 7 10 0.07847218 
414 62 8 10 0.07841537 
916 222 10 12 0.078403704 
303 70 6 8 0.07807193 
176 112 7 10 0.07763268 
121 95 7 9 0.07759581 
558 95 7 10 0.07749536 
670 167 10 12 0.07743222 
560 120 8 10 0.077176005 
593 49 6 8 0.077134855 
131 158 7 9 0.07695816 
447 140 7 9 0.07694404 
854 94 8 9 0.076913804 
678 80 7 9 0.07688242 
152 88 7 9 0.07668041 
47 87 8 10 0.076614246 
615 45 7 9 0.07660157 
224 28 8 10 0.076405965 
456 96 7 10 0.07625361 
19 517 13 18 0.07602093 
480 24 8 10 0.07593511 
246 105 8 9 0.0757113 
520 260 9 11 0.07563695 
297 142 7 9 0.07525111 
543 158 8 11 0.07520458 
142 54 8 10 0.07498263 
96 8 8 10 0.07490292 
647 117 9 11 0.07483107 
168 135 8 10 0.074799374 
634 39 7 9 0.074629545 
697 54 7 10 0.07455647 
951 11 9 12 0.07442292 
402 92 6 9 0.074201986 
302 37 8 10 0.07412703 
646 112 9 11 0.07371758 
87 85 8 10 0.07331335 
674 157 8 10 0.07331127 
256 176 6 8 0.07321482 
945 13 8 10 0.07303633 
519 119 8 10 0.07301353 
848 118 9 10 0.07295079 
159 89 7 9 0.07294641 
201 96 7 9 0.07293862 
678 150 10 12 0.072924905 
238 184 7 9 0.07285501 
175 127 8 9 0.072644964 
0 682 13 21 0.07257778 
114 167 8 11 0.07257445 
359 119 8 10 0.07254727 
70 137 8 9 0.07235746 
992 87 9 10 0.072272986 
158 15 8 9 0.07219673 
61 622 27 31 0.07211378 
271 72 8 10 0.07207659 
668 172 10 12 0.07189427 
230 149 8 11 0.07178423 
727 189 8 11 0.07153838 
710 85 8 10 0.07150988 
878 110 9 11 0.071358666 
209 142 7 9 0.07122389 
129 47 7 8 0.07120408 
384 79 8 10 0.0711944 
438 173 8 10 0.071096815 
704 62 7 9 0.07094983 
520 96 8 10 0.070896186 
609 40 7 9 0.070800826 
233 169 7 9 0.0707158 
474 121 8 10 0.07032532 
544 166 8 9 0.07029652 
56 23 7 9 0.07003741 
589 160 9 11 0.06980118 
795 64 8 10 0.06976015 
559 222 8 10 0.069662295 
493 137 9 9 0.06952546 
239 117 7 9 0.06943102 
358 183 9 10 0.06934365 
378 39 7 9 0.06905108 
159 148 7 10 0.069009386 
752 157 11 12 0.06895655 
473 48 7 8 0.0689306 
279 113 7 8 0.06890795 
189 119 8 10 0.068784505 
542 175 9 12 0.06878283 
158 128 7 10 0.06872132 
240 113 7 10 0.06867369 
536 220 9 12 0.068601385 
538 152 8 11 0.06830293 
473 125 8 11 0.06828984 
321 9 8 9 0.06808767 
552 120 7 10 0.06808066 
822 31 7 10 0.06777275 
46 121 8 11 0.067573 
640 112 8 10 0.0674588 
608 144 9 11 0.06713099 
632 7 7 8 0.06698446 
649 245 9 11 0.06690986 
334 121 9 10 0.06680299 
201 167 8 9 0.06678127 
751 271 7 10 0.06668175 
945 8 9 11 0.06666554 
647 153 8 9 0.0664898 
152 38 7 9 0.066458106 
648 240 9 11 0.06628693 
465 214 9 11 0.066281825 
161 60 8 11 0.06624208 
455 101 8 10 0.06620422 
352 40 7 10 0.06600138 
168 166 9 11 0.065906435 
511 143 8 11 0.065838866 
567 47 7 10 0.06557831 
919 168 11 12 0.06552672 
551 231 10 11 0.065388545 
961 159 9 11 0.065329336 
641 117 8 10 0.06532577 
118 71 8 11 0.065179765 
980 641 17 23 0.065122575 
690 110 9 12 0.06512107 
765 86 8 10 0.06511881 
233 128 7 9 0.06508727 
415 159 8 11 0.064852044 
328 119 8 11 0.06480713 
919 185 9 10 0.06478077 
993 525 24 30 0.064642645 
662 105 8 10 0.0646141 
473 191 9 11 0.06405098 
128 60 8 10 0.06404717 
904 80 8 10 0.06392556 
937 166 9 12 0.06390115 
932 133 11 13 0.06387944 
849 94 8 9 0.06384243 
949 136 8 11 0.06367598 
613 247 11 13 0.063593455 
975 22 8 9 0.0634835 
13 514 14 18 0.06347978 
640 77 6 9 0.0634395 
913 111 8 11 0.063424155 
517 277 13 17 0.063341215 
223 128 8 10 0.06331189 
622 199 8 10 0.06324792 
8 615 22 29 0.06313631 
447 76 11 13 0.062969655 
191 126 8 10 0.06286943 
905 156 9 12 0.06283357 
553 260 9 13 0.06282153 
197 183 8 10 0.06277122 
346 105 7 9 0.06277117 
446 182 9 11 0.0626983 
377 192 7 10 0.06264742 
808 150 7 9 0.06251263 
320 183 6 9 0.062388632 
137 174 7 10 0.062379133 
528 8 9 10 0.062375393 
48 519 10 15 0.062367443 
315 193 7 9 0.062324043 
558 262 10 12 0.06229838 
408 166 9 12 0.06229383 
990 5 9 10 0.062176004 
893 142 8 10 0.06210125 
585 188 9 11 0.06205731 
695 157 9 10 0.062052123 
234 173 7 10 0.06201255 
209 61 8 10 0.061943054 
182 69 8 9 0.06194212 
94 156 8 11 0.06182267 
408 45 8 10 0.061800797 
960 494 10 14 0.06173397 
881 207 8 11 0.06171912 
414 151 7 9 0.06170454 
544 109 8 10 0.061670206 
408 30 8 9 0.061638564 
152 112 7 10 0.06156259 
782 9 8 9 0.061475985 
278 153 8 10 0.061444536 
854 116 9 10 0.06120321 
273 101 7 8 0.061142538 
985 167 9 12 0.06099104 
690 80 8 9 0.060733538 
65 80 8 10 0.060677093 
429 125 9 11 0.0606718 
544 229 10 13 0.06063603 
62 636 24 28 0.06062712 
1005 441 14 18 0.060587205 
741 95 8 10 0.060585354 
299 38 7 9 0.06058294 
321 121 7 9 0.060562346 
79 120 7 10 0.06046613 
106 158 8 10 0.06038938 
129 103 7 10 0.060350038 
132 587 15 19 0.0602133 
425 46 8 10 0.060024444 
1013 13 9 12 0.060008414 
298 70 7 10 0.059821025 
993 152 8 10 0.059793755 
983 111 8 10 0.05978593 
934 32 9 11 0.059733704 
157 135 8 9 0.059493553 
623 190 8 11 0.05939353 
295 104 7 10 0.05936237 
1004 691 15 19 0.05917876 
335 110 7 9 0.05915216 
925 173 9 11 0.05896909 
927 6 9 11 0.058942262 
828 198 8 10 0.058920726 
250 184 7 9 0.05889357 
327 8 7 10 0.058866084 
84 561 16 23 0.05882477 
585 174 8 10 0.058811583 
258 143 7 9 0.058791194 
384 184 8 10 0.05864822 
608 134 8 9 0.05853298 
762 81 8 9 0.05843322 
677 156 9 10 0.058348984 
922 697 28 32 0.058283295 
680 99 10 11 0.058219172 
967 146 9 12 0.05798633 
369 56 7 9 0.057975654 
174 96 7 10 0.057882868 
199 102 9 11 0.05780774 
680 231 9 11 0.057696115 
497 219 10 12 0.057426237 
1006 111 9 11 0.057343118 
575 282 12 16 0.057340678 
393 62 7 9 0.05732532 
262 138 7 9 0.05725234 
134 143 8 11 0.05725135 
670 126 9 10 0.05723324 
992 158 10 12 0.057226557 
495 206 7 9 0.05716662 
120 7 9 11 0.057007868 
541 222 10 12 0.05694642 
222 105 8 9 0.05694208 
695 127 9 12 0.05692842 
794 23 7 9 0.056842666 
887 108 8 10 0.0566629 
176 56 8 9 0.05658055 
573 214 9 11 0.05655269 
921 275 10 12 0.056523085 
694 103 7 9 0.0564851 
608 157 9 11 0.056340195 
59 607 28 33 0.05612839 
538 274 13 16 0.056119323 
142 48 8 10 0.056111813 
646 1 9 9 0.056080773 
520 63 9 10 0.0560511 
495 229 13 16 0.055857692 
743 8 8 9 0.055820145 
216 161 8 9 0.05575341 
737 14 8 9 0.05574937 
552 181 10 14 0.055693123 
720 176 10 12 0.055663653 
720 63 9 11 0.055617712 
818 135 8 9 0.05560555 
407 159 9 10 0.05554668 
550 236 11 14 0.055541668 
616 24 7 8 0.055393655 
347 109 7 10 0.0552593 
385 42 7 9 0.055173133 
749 256 10 11 0.055156853 
474 174 9 12 0.055143133 
654 96 7 9 0.055061728 
192 94 7 10 0.055024475 
647 294 8 10 0.05497334 
664 167 9 12 0.05494851 
27 597 17 20 0.054935537 
104 108 8 11 0.054850247 
703 79 9 11 0.054845918 
889 742 26 27 0.05476867 
857 143 9 10 0.05474379 
471 54 8 10 0.05457975 
270 62 8 9 0.054502994 
643 55 7 9 0.05432029 
145 71 9 10 0.05418636 
525 71 8 9 0.054163396 
880 103 8 10 0.054036528 
360 57 8 10 0.05403305 
541 151 8 10 0.054032125 
219 117 8 10 0.05397439 
560 206 9 11 0.053968623 
456 44 8 11 0.053876262 
590 8 8 8 0.053811792 
87 200 9 11 0.053735692 
910 31 8 10 0.05365472 
152 166 8 11 0.053526036 
383 189 8 10 0.053524006 
765 44 8 10 0.05341864 
426 188 9 12 0.05334878 
552 103 7 9 0.053325232 
648 37 7 10 0.053318277 
55 55 9 12 0.053294603 
721 189 10 12 0.053273052 
856 165 9 11 0.053077742 
702 41 7 8 0.053008527 
489 112 8 9 0.052931502 
463 30 7 9 0.052928828 
89 56 8 9 0.052925948 
462 38 8 11 0.052900843 
391 183 8 11 0.052871265 
303 88 7 9 0.05284824 
653 118 10 11 0.052747007 
288 175 8 10 0.052735627 
137 70 7 10 0.052689333 
369 49 7 8 0.052604698 
536 176 9 12 0.05257927 
97 176 9 12 0.052573163 
631 94 7 10 0.052556988 
858 103 8 10 0.052498896 
174 158 9 10 0.05240735 
136 168 7 10 0.052382465 
929 111 8 10 0.052345887 
446 41 7 9 0.05229087 
782 25 6 8 0.052278537 
241 128 8 10 0.0522719 
112 62 7 8 0.05213477 
328 14 7 9 0.052121907 
800 222 9 11 0.052117642 
455 175 9 11 0.05204646 
814 179 10 14 0.05203135 
885 127 10 12 0.052010518 
155 92 7 10 0.05193266 
552 126 7 8 0.051845796 
886 40 7 9 0.0518435 
711 80 8 10 0.051759947 
503 639 22 28 0.051745947 
81 133 8 10 0.051742468 
135 150 9 12 0.051680397 
674 38 7 10 0.051680136 
801 176 9 12 0.051655054 
727 1 8 8 0.05162607 
922 498 14 17 0.051616773 
972 184 9 11 0.051571906 
815 8 8 10 0.051510293 
488 128 7 9 0.051468194 
505 191 8 11 0.051450152 
495 183 8 10 0.051432956 
455 125 9 11 0.05142877 
794 69 9 11 0.05136779 
598 73 8 10 0.05136112 
50 136 8 10 0.051251546 
31 174 8 10 0.05123182 
1000 77 8 10 0.0512311 
170 32 7 8 0.051225703 
661 215 8 10 0.051073052 
493 40 8 10 0.051045697 
687 15 8 10 0.051011454 
576 116 8 10 0.05100387 
1003 19 9 11 0.05099137 
625 60 8 10 0.05092003 
73 560 21 28 0.05088044 
286 80 7 9 0.05078232 
543 77 8 11 0.05077147 
214 136 9 10 0.050721683 
96 121 8 9 0.05068628 
825 101 9 14 0.050668653 
513 118 7 10 0.05062946 
649 126 8 10 0.05060992 
525 101 7 10 0.050607655 
320 25 7 10 0.050558038 
378 112 8 11 0.05047198 
614 157 9 11 0.050387137 
328 71 8 10 0.050344 
528 261 9 12 0.050336007 
694 133 9 11 0.050291568 
923 272 11 11 0.050284956 
151 63 7 10 0.05017801 
288 95 8 9 0.050163295 
906 435 14 17 0.05012513 
968 82 9 11 0.05010323 
941 166 9 11 0.05009826 
576 15 7 9 0.05008648 
513 96 7 10 0.0500759 
551 255 9 12 0.050053176 
949 716 12 17 0.049996216 
15 80 7 9 0.04991502 
447 6 8 9 0.049876306 
975 108 9 12 0.04985334 
377 86 7 10 0.049819227 
797 689 15 20 0.04978325 
87 133 8 10 0.049782798 
553 41 8 9 0.049777765 
740 101 8 9 0.049771957 
521 78 8 10 0.049718514 
0 412 7 13 0.04964241 
526 65 8 9 0.04963268 
679 69 8 10 0.049491912 
985 492 28 35 0.049472045 
248 157 8 10 0.049471594 
553 95 7 9 0.049394734 
63 95 9 10 0.049344104 
485 158 9 10 0.049286846 
602 174 8 10 0.04927421 
304 168 8 10 0.049265534 
664 157 8 10 0.04922381 
648 31 8 10 0.049190145 
406 93 7 9 0.049154583 
262 79 7 10 0.049117822 
977 3 9 12 0.049087342 
82 85 8 11 0.04908703 
696 214 10 12 0.048997816 
542 72 8 9 0.048982397 
961 173 9 11 0.048961494 
660 222 9 11 0.0489589 
321 96 6 8 0.048949663 
176 79 6 8 0.048944402 
526 78 8 11 0.04884871 
656 230 9 11 0.04884433 
622 72 8 10 0.048826545 
773 69 7 9 0.04867436 
494 25 8 9 0.04852074 
897 53 8 10 0.048301447 
232 112 7 9 0.04828422 
701 111 9 11 0.04827344 
974 103 9 11 0.048256487 
351 200 9 12 0.04823989 
984 478 13 18 0.048223518 
176 24 7 8 0.048093658 
66 135 7 10 0.048083995 
290 103 8 9 0.048075873 
313 109 8 9 0.048059247 
345 128 8 9 0.047992617 
174 152 9 9 0.047928143 
647 259 10 12 0.047774408 
713 640 27 31 0.047764994 
286 86 7 10 0.047762237 
583 266 11 14 0.04776136 
125 8 8 10 0.047659922 
208 15 7 9 0.047631655 
679 167 10 12 0.04761457 
590 244 12 14 0.047597572 
342 144 8 10 0.047562163 
657 16 7 9 0.04752185 
189 166 8 10 0.047487125 
502 112 8 10 0.047483206 
344 88 7 9 0.04747976 
463 219 10 12 0.047476165 
520 87 8 9 0.047334746 
537 164 8 9 0.047315553 
695 72 7 9 0.047313944 
594 78 7 10 0.047305834 
305 120 7 9 0.04727288 
479 28 9 11 0.047265537 
929 2 8 8 0.047196213 
0 120 8 14 0.047188736 
528 182 8 11 0.047170546 
121 111 7 9 0.047137998 
238 169 8 9 0.047129776 
441 6 7 9 0.047106843 
816 584 18 21 0.047034897 
584 46 6 9 0.04701327 
895 48 8 9 0.046922754 
533 7 9 10 0.046917018 
374 197 9 10 0.046873186 
440 29 8 10 0.046867743 
264 167 8 10 0.046820752 
857 159 8 10 0.0467854 
705 87 8 9 0.046711538 
737 9 8 8 0.046680134 
624 17 8 10 0.046673417 
240 88 7 9 0.04663008 
525 96 8 11 0.046615656 
883 523 14 17 0.046605196 
953 150 9 12 0.046580307 
26 93 8 11 0.046546057 
674 118 9 10 0.04654484 
494 149 8 11 0.046543736 
822 145 7 9 0.04652075 
306 128 8 9 0.046518065 
796 585 13 17 0.04651537 
526 12 8 10 0.04642566 
385 73 7 9 0.046397362 
597 112 7 9 0.046368685 
663 63 8 9 0.046339598 
911 166 9 11 0.046332356 
71 151 9 11 0.04632198 
737 234 10 12 0.04631167 
254 63 8 9 0.046308618 
942 31 9 10 0.04627932 
720 7 7 8 0.04622055 
482 158 7 10 0.04618558 
238 174 7 9 0.046158426 
943 740 24 27 0.046148792 
863 24 8 10 0.0461473 
801 32 7 9 0.046122875 
111 16 8 10 0.046109915 
489 142 9 11 0.046068735 
69 567 14 20 0.045998104 
269 56 8 9 0.045949627 
959 151 9 11 0.04586143 
801 14 8 10 0.045798086 
582 207 9 11 0.045659196 
655 112 8 9 0.045639895 
543 120 8 9 0.045629095 
705 71 8 9 0.045601044 
246 110 9 11 0.045587573 
512 261 9 11 0.04556946 
845 167 9 11 0.04555483 
365 167 8 10 0.04553312 
617 128 7 9 0.045514103 
798 730 23 30 0.045509666 
933 22 9 10 0.04550797 
917 608 27 31 0.045412093 
953 28 8 11 0.04536124 
423 15 8 10 0.045273256 
25 158 7 10 0.0452043 
782 143 7 10 0.04519894 
614 144 8 10 0.045087617 
682 14 7 10 0.045065824 
41 88 8 10 0.045064237 
945 54 8 10 0.044961844 
240 32 8 10 0.044913914 
267 63 7 9 0.04487945 
885 239 10 12 0.044844612 
994 93 9 12 0.044840876 
147 64 7 8 0.04483903 
645 5 9 10 0.044831075 
552 65 8 9 0.044828054 
126 95 7 9 0.04481633 
543 133 7 9 0.04481263 
88 165 8 10 0.044805247 
618 72 7 9 0.044639632 
407 143 10 11 0.04462728 
495 96 8 10 0.044544544 
72 2 8 8 0.044533465 
1007 87 10 13 0.04442621 
174 175 7 9 0.04441113 
998 94 10 12 0.0443913 
25 142 9 11 0.044379834 
613 236 9 11 0.04436445 
325 31 7 9 0.04432882 
652 159 10 11 0.04429748 
448 219 10 12 0.04427417 
806 177 9 11 0.044256445 
223 168 7 9 0.044243515 
920 493 12 17 0.044227514 
423 8 7 9 0.044221185 
329 125 8 10 0.044190407 
360 172 9 10 0.044127014 
583 72 9 10 0.04401494 
721 1 7 8 0.043999333 
409 150 8 10 0.043953784 
617 206 8 9 0.04394008 
512 86 7 10 0.043898758 
808 145 7 9 0.043895792 
953 102 9 10 0.043861043 
273 119 8 10 0.043772444 
895 96 8 11 0.043748584 
485 246 9 12 0.04372216 
295 56 7 8 0.04368869 
850 113 8 10 0.043653917 
608 127 7 9 0.043599267 
447 16 7 8 0.04351673 
335 174 9 11 0.043493927 
685 96 9 10 0.04348993 
784 173 9 12 0.043434713 
920 12 9 11 0.04343152 
607 197 8 10 0.043423176 
251 80 7 9 0.04335512 
93 57 8 9 0.043346513 
947 183 7 11 0.043334913 
695 229 10 12 0.043324925 
453 71 9 11 0.043255582 
527 174 9 11 0.043250993 
936 54 7 9 0.04323683 
408 128 10 12 0.04322728 
442 16 7 9 0.04320817 
678 216 8 11 0.043110624 
845 126 8 10 0.04305035 
1007 190 8 11 0.043010905 
781 181 10 13 0.042917617 
519 110 7 10 0.042837035 
377 29 7 9 0.04276828 
318 137 9 10 0.042761356 
809 734 19 23 0.042673286 
822 118 8 11 0.042640116 
749 261 8 11 0.04263356 
254 200 8 10 0.042616606 
935 38 9 9 0.04258364 
609 93 7 11 0.04249834 
346 134 8 9 0.04248569 
660 139 9 11 0.042451095 
870 145 8 10 0.04244747 
170 174 8 9 0.04240862 
665 88 8 9 0.042369857 
861 109 9 11 0.042262517 
925 198 9 12 0.04221507 
197 143 7 9 0.042134214 
894 101 8 11 0.042098347 
623 31 7 9 0.042077232 
957 24 9 11 0.04206504 
113 120 7 9 0.04203489 
631 80 8 10 0.042012658 
519 200 9 12 0.042012017 
174 30 7 9 0.041965283 
431 159 8 10 0.0419612 
575 41 8 9 0.041913323 
498 172 9 11 0.04189223 
462 96 8 9 0.041788895 
70 6 9 10 0.041760195 
192 206 7 9 0.041754756 
518 272 11 14 0.04175298 
702 208 9 11 0.041682776 
912 104 7 9 0.04162727 
867 630 19 23 0.041575015 
584 78 7 9 0.041568752 
543 87 7 9 0.041543733 
401 308 10 13 0.041500114 
713 102 9 10 0.041436635 
713 16 7 10 0.041429065 
165 72 9 10 0.041331973 
752 94 8 10 0.041325115 
854 284 8 11 0.041196655 
423 85 9 11 0.041172195 
463 23 7 9 0.04116974 
614 41 7 9 0.041157138 
226 149 9 10 0.041131716 
412 244 10 12 0.041123394 
114 185 7 9 0.04112 
968 31 8 10 0.041086894 
920 156 10 10 0.041080028 
551 175 9 12 0.041035075 
465 207 9 11 0.040996067 
383 45 8 10 0.04098352 
494 200 7 11 0.040927503 
751 139 10 12 0.040888254 
908 540 12 17 0.04082472 
177 16 6 8 0.040817063 
81 79 8 11 0.040804174 
808 679 23 31 0.04078064 
704 94 8 10 0.040767513 
527 119 7 9 0.040708646 
892 522 12 16 0.040643245 
198 108 9 12 0.040640716 
254 56 7 9 0.040590085 
306 650 23 32 0.040550433 
249 86 8 9 0.040476233 
897 118 10 11 0.040448584 
319 203 11 13 0.040436372 
888 45 7 10 0.040399134 
74 126 8 9 0.0403955 
756 155 12 13 0.040388152 
608 81 8 9 0.040382683 
720 15 7 10 0.04035929 
625 39 6 9 0.04027596 
869 149 9 11 0.04027256 
369 87 7 9 0.040235806 
835 682 16 21 0.040217172 
158 22 7 8 0.0401476 
912 215 10 13 0.040133163 
678 38 8 11 0.040094845 
920 239 9 12 0.040086098 
575 208 9 11 0.039998893 
119 119 8 10 0.039954666 
696 15 7 10 0.039948918 
112 21 8 11 0.039863646 
526 86 8 10 0.039862912 
62 604 14 19 0.03984919 
215 56 7 9 0.039808635 
334 15 8 9 0.03978328 
754 23 7 9 0.039707597 
754 16 7 9 0.039679393 
344 63 8 10 0.03966568 
216 14 7 9 0.039601337 
884 496 23 26 0.03959856 
945 242 10 14 0.039588742 
130 24 7 9 0.039578672 
405 6 9 10 0.039577063 
218 166 8 10 0.039494384 
607 168 8 10 0.039490968 
862 143 9 11 0.039461613 
542 127 8 9 0.039458554 
369 80 7 9 0.039428446 
590 174 8 10 0.039410464 
255 112 8 10 0.039283507 
142 174 7 10 0.03919143 
158 168 8 10 0.03918531 
721 41 6 8 0.03917884 
145 76 7 10 0.039098907 
632 209 7 9 0.039041474 
1006 104 9 10 0.03902348 
825 286 10 12 0.03890189 
314 31 6 9 0.03881379 
615 7 7 8 0.038809665 
320 63 7 9 0.038724232 
368 62 7 9 0.038722828 
399 16 7 9 0.0386915 
126 594 16 19 0.038675223 
767 150 9 12 0.038668092 
216 128 8 9 0.038651858 
779 24 7 8 0.038622897 
251 71 7 10 0.03858796 
949 1 8 9 0.03856922 
366 127 8 9 0.038568597 
942 161 8 10 0.038523074 
933 126 10 12 0.038500123 
423 159 8 9 0.038463496 
512 135 8 10 0.038451795 
193 176 7 8 0.038445767 
142 104 7 10 0.03844515 
510 72 7 9 0.03844389 
641 175 9 11 0.038416795 
729 87 7 9 0.03839004 
974 119 8 10 0.038362253 
162 70 8 11 0.038332697 
391 29 8 10 0.038269307 
80 23 8 10 0.038221493 
952 96 9 11 0.03819332 
734 111 11 13 0.038173385 
934 583 24 28 0.038167365 
880 63 8 9 0.038101166 
862 119 8 10 0.03799863 
997 151 9 11 0.03793745 
240 37 8 11 0.037927646 
519 22 9 10 0.037905462 
111 192 8 11 0.037904274 
535 52 8 10 0.037888292 
672 70 7 10 0.037877284 
934 185 9 10 0.037875935 
624 166 8 10 0.03782428 
881 46 9 11 0.037807483 
894 150 9 11 0.03779733 
104 71 8 11 0.037730757 
479 111 7 8 0.03768656 
911 45 8 11 0.037676055 
502 118 8 11 0.03767423 
957 96 8 9 0.037661947 
761 41 9 10 0.03765579 
354 121 7 10 0.037408676 
200 191 8 10 0.037395004 
298 63 7 10 0.03737008 
711 70 7 9 0.03735788 
207 127 8 10 0.037349723 
241 102 8 10 0.037296075 
463 101 8 10 0.03722154 
169 150 8 10 0.037201352 
263 185 7 8 0.0371376 
879 174 8 10 0.03712404 
28 116 10 11 0.037117556 
519 1 8 8 0.037085034 
567 79 8 9 0.03707455 
313 160 8 10 0.037034787 
992 490 16 20 0.037032492 
887 214 7 10 0.037020523 
359 86 7 10 0.03701418 
39 185 9 11 0.03699744 
440 76 10 12 0.036966436 
935 7 9 10 0.03695735 
355 654 19 23 0.03694473 
90 158 8 11 0.03690305 
7 509 12 16 0.036898397 
111 56 7 9 0.036883377 
758 17 7 9 0.03687161 
104 191 9 11 0.036864396 
400 104 8 12 0.036842003 
782 29 7 9 0.036814045 
823 109 9 11 0.036808234 
103 167 9 10 0.036783382 
616 133 8 10 0.03677229 
591 206 8 10 0.036721736 
298 33 8 10 0.03668365 
184 119 9 10 0.036672834 
862 620 21 26 0.036662187 
328 88 7 9 0.036647428 
816 271 9 12 0.03662689 
298 87 7 10 0.036616374 
360 31 8 9 0.036613777 
297 79 8 10 0.036602307 
519 175 8 11 0.03657785 
895 603 53 50 0.03656137 
59 125 8 10 0.036557317 
982 126 8 10 0.036514375 
608 15 7 8 0.036498737 
469 159 7 9 0.036466707 
879 87 8 10 0.036463365 
104 532 12 18 0.036397405 
150 77 7 10 0.036358032 
887 96 8 10 0.036309827 
674 79 7 10 0.03630555 
672 6 7 9 0.036239684 
189 160 9 11 0.03623887 
358 136 19 25 0.03622654 
423 29 8 9 0.03620115 
230 80 8 9 0.036175117 
615 30 7 8 0.036161803 
911 38 8 10 0.036138397 
878 116 8 10 0.03605881 
222 133 8 10 0.03605858 
174 48 8 9 0.03603775 
498 233 15 17 0.036034007 
558 39 7 10 0.036023412 
990 508 25 34 0.03602179 
633 110 8 10 0.036018148 
254 71 8 10 0.036008738 
302 79 8 10 0.03598302 
40 149 8 10 0.03597106 
352 182 8 10 0.035955302 
377 183 9 10 0.035932757 
829 278 10 12 0.03590157 
446 237 10 12 0.03589538 
767 94 8 11 0.035848707 
934 118 8 10 0.03582251 
570 144 8 11 0.03581316 
543 96 7 9 0.035783138 
715 137 11 14 0.03577293 
559 111 7 8 0.03576526 
3 624 16 22 0.035723094 
537 126 8 9 0.035719704 
652 175 8 11 0.035686884 
560 125 7 9 0.035659164 
272 90 7 8 0.035622273 
310 127 8 9 0.035600092 
893 196 11 14 0.03559008 
26 88 8 10 0.03558887 
384 93 9 10 0.03558681 
192 149 8 9 0.035567768 
439 238 9 12 0.035564493 
457 23 7 9 0.035562612 
503 160 8 10 0.035503637 
409 61 9 10 0.035493582 
696 48 8 10 0.035479657 
250 7 8 10 0.03547817 
1013 343 9 13 0.035455793 
176 118 8 10 0.035429586 
32 135 8 11 0.035365336 
895 286 12 14 0.035364307 
234 65 7 9 0.03534466 
935 15 9 9 0.035330936 
47 93 8 10 0.035321526 
567 219 9 11 0.035303198 
496 88 7 9 0.035269912 
769 172 9 11 0.035264865 
385 103 8 10 0.035231635 
39 516 11 14 0.0352101 
585 63 7 9 0.035204142 
641 23 7 8 0.035190664 
1015 257 9 14 0.035170816 
623 22 7 9 0.035169795 
774 113 8 10 0.03507395 
751 88 7 9 0.035068493 
314 149 8 10 0.035047337 
586 228 9 12 0.035038546 
543 213 9 12 0.035004064 
615 94 7 10 0.034995276 
145 128 7 9 0.03497999 
881 96 8 9 0.034974888 
70 142 8 10 0.034948178 
641 181 8 10 0.03493133 
311 120 7 9 0.03488038 
738 24 7 9 0.034873016 
128 111 7 9 0.03487036 
422 166 9 11 0.03485922 
926 72 7 9 0.034820702 
623 128 7 10 0.034820598 
378 117 8 10 0.034772024 
858 175 8 11 0.03473915 
662 48 8 9 0.034654222 
639 167 7 10 0.034624845 
965 486 11 14 0.03459711 
712 128 9 10 0.034511924 
59 525 12 17 0.03450878 
367 135 8 10 0.034499608 
167 77 8 9 0.03448394 
551 201 8 9 0.034473825 
281 65 8 9 0.034459215 
477 196 10 13 0.03441602 
698 39 7 8 0.034406293 
638 39 8 10 0.03440334 
802 8 7 10 0.03437375 
833 167 8 11 0.034331616 
383 7 8 9 0.034312647 
1012 487 12 16 0.03424991 
201 62 7 9 0.034210663 
213 141 9 11 0.034205463 
318 103 8 10 0.034200627 
198 176 8 8 0.034147777 
586 8 7 9 0.03409432 
634 45 7 9 0.03407761 
433 22 7 9 0.03403797 
672 87 7 10 0.034027245 
293 125 8 9 0.03399662 
863 218 9 10 0.033987444 
974 744 27 25 0.03395044 
376 46 8 10 0.03394649 
287 158 7 9 0.033892766 
418 23 7 10 0.0338846 
567 127 7 9 0.03387058 
1004 164 9 12 0.0338603 
630 176 7 10 0.033745177 
749 1 8 9 0.033735752 
568 173 8 11 0.033676136 
194 103 7 10 0.03358188 
528 2 9 8 0.033564363 
936 171 9 12 0.033540435 
596 228 11 12 0.033538595 
694 201 8 10 0.03350982 
912 182 9 11 0.03350778 
206 120 9 10 0.033505023 
839 181 8 11 0.033469874 
2 96 9 13 0.03341774 
177 70 8 10 0.033416267 
329 103 8 10 0.03335355 
472 40 7 9 0.033350997 
127 40 8 9 0.033338323 
366 183 7 9 0.0333354 
459 30 7 10 0.033331044 
917 135 8 11 0.03332452 
538 87 7 9 0.03328279 
637 215 8 11 0.03325504 
154 181 8 10 0.033215947 
893 158 9 11 0.03321361 
655 128 8 9 0.033212245 
752 277 8 11 0.033189528 
741 229 12 15 0.033155244 
222 184 6 9 0.033145126 
825 96 8 11 0.033142496 
639 142 8 11 0.03310001 
640 272 8 11 0.033085115 
535 64 9 10 0.03307803 
154 150 7 10 0.033067416 
777 7 9 10 0.033060953 
160 568 19 24 0.033045128 
351 70 7 10 0.0330406 
32 168 8 9 0.03302587 
142 144 9 11 0.03302113 
160 99 9 11 0.032997448 
510 127 7 9 0.032976016 
971 215 38 49 0.032967474 
897 179 9 11 0.032963064 
79 183 8 10 0.032945722 
65 8 8 11 0.032943934 
304 183 7 10 0.03291621 
872 64 7 9 0.032820784 
542 256 11 13 0.032813597 
632 199 7 9 0.03279576 
88 109 8 10 0.03277148 
662 14 8 10 0.032765083 
936 159 9 12 0.032760628 
873 104 8 10 0.032744374 
280 184 8 10 0.03273098 
250 55 7 9 0.03271899 
103 22 8 10 0.03270527 
352 86 7 10 0.0326889 
200 87 7 9 0.03268245 
137 15 7 9 0.032675024 
426 133 8 10 0.032672066 
511 29 8 10 0.03264065 
207 160 7 9 0.032636367 
862 742 21 28 0.03263125 
538 204 8 10 0.032630377 
521 9 9 10 0.03262776 
439 72 9 10 0.032621488 
287 181 8 11 0.032588262 
489 87 8 10 0.032553665 
511 79 8 10 0.032547284 
927 183 8 11 0.032539416 
798 677 16 19 0.032534588 
296 150 9 10 0.032471918 
89 128 9 11 0.03241013 
672 63 8 10 0.032389764 
525 256 10 13 0.032379653 
925 155 9 12 0.032357667 
104 152 10 12 0.032323502 
901 173 10 12 0.032323454 
424 196 10 12 0.0323227 
503 87 8 10 0.032315094 
250 189 8 9 0.03221254 
745 1 8 8 0.03220862 
807 14 7 10 0.032172833 
784 12 7 10 0.03214918 
312 134 8 10 0.03213845 
524 228 9 11 0.032124363 
991 704 16 21 0.032078788 
906 143 9 10 0.032072917 
600 168 8 10 0.03204799 
735 1 7 7 0.032035716 
1003 480 20 25 0.032021992 
-1 677 24 31 0.03200747 
315 197 9 10 0.032001827 
56 176 8 11 0.031996366 
81 70 7 10 0.03192409 
35 586 15 17 0.031907108 
696 84 7 10 0.031884316 
657 103 7 9 0.031879194 
938 445 10 13 0.03187121 
888 192 8 11 0.031851325 
430 152 8 10 0.031834554 
536 113 7 9 0.03182688 
312 72 7 8 0.031825166 
600 207 9 11 0.0318192 
587 56 7 9 0.031789556 
814 13 8 9 0.03174513 
544 236 12 14 0.031743955 
479 80 7 9 0.03173887 
624 80 9 10 0.031722754 
329 167 9 11 0.031709373 
50 24 6 9 0.031687256 
885 206 9 12 0.03155969 
791 127 9 11 0.031558212 
238 95 8 9 0.03155175 
537 96 8 9 0.03154646 
567 199 9 10 0.031535417 
64 142 9 10 0.031453025 
615 87 8 10 0.031405225 
321 14 7 9 0.03136824 
591 39 7 8 0.03134155 
954 745 20 23 0.031334724 
206 96 8 9 0.03132741 
345 15 7 9 0.031315446 
646 87 8 10 0.03130898 
160 48 6 8 0.031293035 
750 6 7 9 0.031276334 
599 102 8 10 0.031270653 
447 62 7 9 0.0312621 
466 142 7 10 0.031207273 
875 748 16 21 0.031177208 
552 223 9 12 0.031163776 
557 254 12 14 0.031161416 
925 167 10 12 0.031129632 
625 92 8 11 0.031117097 
614 166 8 10 0.031102331 
753 183 9 11 0.031099819 
121 33 6 8 0.031025248 
467 136 7 9 0.031024719 
558 79 10 11 0.031009015 
734 198 9 11 0.031003293 
886 517 12 14 0.031000197 
885 536 14 20 0.030939797 
115 537 14 17 0.03092516 
673 95 7 10 0.030912073 
743 26 7 8 0.030901495 
570 94 7 9 0.030897725 
697 9 8 9 0.030882247 
512 0 8 9 0.030835293 
1003 514 15 18 0.030834036 
399 23 7 9 0.030833567 
71 120 9 10 0.030830897 
121 89 6 9 0.030818071 
638 46 8 9 0.0308109 
568 134 7 9 0.030798705 
687 215 9 11 0.030786637 
884 517 23 28 0.030778166 
170 112 7 10 0.03075071 
969 109 8 11 0.030749599 
641 87 8 10 0.030678479 
943 198 8 11 0.030651763 
200 214 7 10 0.030647643 
453 219 10 12 0.03064269 
318 166 8 10 0.030593382 
273 112 7 9 0.030547053 
69 94 7 9 0.030546961 
175 134 8 10 0.030534063 
205 0 10 10 0.030489013 
199 128 7 10 0.030470686 
229 25 8 10 0.030464878 
664 153 8 9 0.030437957 
804 66 9 12 0.03041328 
386 16 7 9 0.03040364 
144 110 7 9 0.030386584 
152 119 8 9 0.03034745 
4 164 11 14 0.0303381 
896 111 8 10 0.030305117 
880 160 9 11 0.03028683 
592 105 7 9 0.030283853 
588 135 7 9 0.030241657 
540 281 12 16 0.030232659 
946 190 7 10 0.03021405 
566 120 7 9 0.030213835 
493 654 17 21 0.030198485 
183 16 7 8 0.030187743 
455 151 8 11 0.030175544 
742 110 9 12 0.03016451 
313 47 7 9 0.030109921 
953 109 10 12 0.030105876 
944 23 8 10 0.030061446 
360 23 7 8 0.030030936 
110 103 8 10 0.02998448 
513 111 8 10 0.029964648 
949 206 9 11 0.029959526 
847 279 12 14 0.029930329 
608 221 8 11 0.029881384 
710 189 10 11 0.029880395 
753 188 10 12 0.029869774 
702 212 10 13 0.029864125 
657 64 8 10 0.029845465 
936 47 8 10 0.029843604 
604 349 11 15 0.029840985 
814 188 8 11 0.02983986 
95 80 8 10 0.02983975 
144 168 8 9 0.029819496 
398 70 8 11 0.029819084 
36 596 13 17 0.029808318 
62 159 7 9 0.029791899 
902 213 10 12 0.02975317 
489 7 8 9 0.029753163 
570 87 8 10 0.029721292 
330 172 9 11 0.029708918 
441 119 9 10 0.02970853 
351 79 8 10 0.02970162 
134 121 7 9 0.02969286 
504 145 8 11 0.029672183 
749 682 25 30 0.02966797 
818 149 7 11 0.029654609 
0 715 13 21 0.029646588 
648 163 10 12 0.029638693 
463 16 7 8 0.029630434 
1013 85 10 13 0.029630324 
279 118 7 9 0.029620469 
814 225 8 10 0.029593552 
537 145 8 9 0.02957938 
351 2 8 7 0.029572101 
225 48 7 8 0.029545413 
857 22 10 12 0.029536132 
39 144 8 10 0.029529558 
701 128 9 10 0.029517146 
7 107 10 12 0.029516352 
834 131 8 11 0.0295004 
134 61 7 9 0.029489668 
1015 166 9 13 0.029486515 
1005 276 9 11 0.029443849 
401 159 9 11 0.029402044 
225 72 7 9 0.02939758 
910 175 8 10 0.029397102 
869 224 8 10 0.029393896 
733 263 8 10 0.02935368 
760 278 8 10 0.029259497 
112 88 6 8 0.029231053 
305 173 8 11 0.029218882 
543 145 7 9 0.029210214 
933 606 25 31 0.029194174 
408 55 8 10 0.029135682 
857 150 9 11 0.029105866 
824 0 8 9 0.029104268 
504 94 7 10 0.02907575 
329 112 7 9 0.02905685 
528 135 8 9 0.029014947 
786 603 15 16 0.029001456 
737 31 8 9 0.028961012 
609 23 7 9 0.02894248 
222 93 9 10 0.02893492 
231 47 7 9 0.02884486 
681 24 7 8 0.028836405 
423 41 8 10 0.028759122 
563 260 12 14 0.028749641 
927 240 9 12 0.028719272 
749 209 11 12 0.028715234 
759 6 8 9 0.028678235 
601 184 8 11 0.02867708 
832 1 10 11 0.028656105 
981 223 11 14 0.02863563 
488 119 8 10 0.028622592 
840 190 9 11 0.028597342 
926 190 8 10 0.028576694 
304 719 43 47 0.028567307 
743 212 20 24 0.028542707 
606 208 8 10 0.02851747 
918 45 9 12 0.028492115 
680 57 7 8 0.02849008 
877 523 23 28 0.028473442 
406 15 8 9 0.028464805 
185 174 7 9 0.028458769 
335 95 9 10 0.028454619 
471 166 8 10 0.028417088 
143 14 7 9 0.028400064 
418 7 7 8 0.028383752 
537 71 10 11 0.028383672 
136 78 8 10 0.02837522 
0 465 10 16 0.028373169 
158 113 8 9 0.028368896 
165 62 7 9 0.028361833 
655 38 7 9 0.028339943 
25 111 9 12 0.028333247 
969 103 9 11 0.02831775 
17 617 22 29 0.028315052 
223 87 9 11 0.028300276 
817 144 7 10 0.028252559 
942 440 9 11 0.028252302 
533 2 9 8 0.028251262 
488 23 8 10 0.028241623 
57 110 8 10 0.028219737 
567 61 7 9 0.028202305 
257 136 9 10 0.028191604 
31 141 7 11 0.028164927 
829 285 9 11 0.028137166 
245 133 8 10 0.028124657 
351 23 7 9 0.028095523 
702 9 7 8 0.028093038 
334 41 7 8 0.028085167 
948 239 9 12 0.028057106 
894 192 9 11 0.028041296 
461 119 8 10 0.02803576 
552 80 8 10 0.027999876 
98 188 8 11 0.027980655 
329 78 8 9 0.02796397 
159 32 6 9 0.027855126 
438 244 8 12 0.027852368 
135 126 7 9 0.027831255 
616 15 7 9 0.027816541 
875 507 15 18 0.027809633 
391 103 8 11 0.02780196 
288 55 8 9 0.027801743 
318 159 8 11 0.027768152 
358 125 9 11 0.02775913 
671 2 8 7 0.02774579 
48 56 9 10 0.0277138 
184 159 9 11 0.027708648 
129 174 8 10 0.027642207 
392 71 7 10 0.027631046 
939 708 22 27 0.027600544 
292 596 15 18 0.027599791 
772 649 18 23 0.027589416 
297 194 10 12 0.027560541 
487 72 7 9 0.027559647 
105 87 7 9 0.02755492 
512 25 9 10 0.027529199 
154 56 7 9 0.027514594 
119 186 8 9 0.027477225 
479 221 9 11 0.027471738 
27 55 8 11 0.027469257 
121 102 7 9 0.02746008 
505 8 7 9 0.027429918 
745 691 22 30 0.027413346 
245 580 15 16 0.027410472 
234 117 7 9 0.027406195 
312 79 7 8 0.027375154 
554 70 8 9 0.027366994 
651 220 8 11 0.027315998 
398 173 8 10 0.027293902 
655 32 6 9 0.027283011 
801 36 8 10 0.027283005 
446 129 8 10 0.027247567 
702 46 9 10 0.02723564 
326 191 7 9 0.027230185 
501 255 11 12 0.027220434 
278 96 8 10 0.027219083 
481 16 7 8 0.027201945 
104 77 7 10 0.027200297 
736 58 7 9 0.027189832 
743 86 8 9 0.027176505 
647 60 8 10 0.027169736 
319 110 8 9 0.027166491 
56 16 7 8 0.027155487 
201 198 7 9 0.027149605 
273 78 7 9 0.027148003 
302 141 8 11 0.027137527 
671 179 9 12 0.027132524 
112 76 8 11 0.027122853 
913 190 9 12 0.027103532 
952 166 8 11 0.027092144 
382 56 7 9 0.027086439 
41 126 8 10 0.027084395 
272 125 9 10 0.027071837 
400 127 8 10 0.027054708 
80 110 7 9 0.027045779 
104 96 7 9 0.027035216 
353 143 8 10 0.027022012 
735 38 7 10 0.026947921 
993 56 8 10 0.02693662 
777 40 8 10 0.026929898 
416 2 7 7 0.026898528 
995 681 26 35 0.026875863 
392 87 8 10 0.02683621 
803 705 18 20 0.026817622 
375 14 7 9 0.026771018 
698 62 7 9 0.026738178 
712 20 7 10 0.026702315 
280 72 7 9 0.026681067 
297 95 6 9 0.026671538 
729 196 9 12 0.026652595 
385 1 8 8 0.026651219 
576 184 8 10 0.026628219 
999 115 9 12 0.026621107 
567 207 9 11 0.026616737 
13 100 8 11 0.026606256 
472 80 9 11 0.026601514 
335 88 8 9 0.026594268 
250 63 8 10 0.026568279 
928 105 8 9 0.02655695 
608 45 8 10 0.026550323 
201 1 8 9 0.026526244 
54 88 7 9 0.02652392 
81 57 7 10 0.026487775 
691 116 8 11 0.026459632 
465 1 8 9 0.026458988 
238 64 8 9 0.026458774 
448 112 8 10 0.026451785 
974 95 9 11 0.026446491 
586 15 7 9 0.026432598 
960 63 9 9 0.026429322 
231 158 7 9 0.026425077 
235 699 57 69 0.026411664 
562 164 7 10 0.026395492 
406 739 11 14 0.026389 
322 88 7 8 0.026388668 
757 103 8 11 0.026373528 
896 64 8 9 0.026366798 
166 56 8 10 0.026357813 
813 547 24 26 0.026341463 
495 0 8 8 0.026326839 
576 105 7 8 0.026258774 
647 205 8 10 0.026249059 
896 217 9 11 0.026232202 
128 88 7 9 0.026222076 
917 111 9 12 0.02621538 
565 232 8 11 0.026210876 
254 117 8 9 0.0262061 
240 56 6 8 0.026174074 
55 142 8 10 0.026163101 
600 95 7 10 0.02614142 
42 119 8 11 0.026127316 
440 111 9 10 0.026127141 
345 24 7 9 0.026119642 
371 739 26 26 0.02608794 
64 13 8 10 0.026086379 
846 191 8 11 0.026082624 
554 187 9 11 0.026070524 
956 739 30 35 0.026050737 
685 171 9 11 0.026050374 
993 101 10 12 0.026050013 
431 40 7 9 0.026017614 
186 191 8 10 0.026012486 
338 180 8 10 0.026000503 
350 603 13 18 0.025990339 
169 24 7 8 0.025984652 
623 112 7 9 0.025949454 
401 229 11 13 0.025915887 
296 137 7 9 0.025895255 
203 40 7 10 0.025886787 
788 173 10 12 0.02588121 
478 39 8 10 0.025880732 
599 144 8 10 0.025877832 
796 632 18 21 0.025874924 
706 182 9 11 0.025866492 
191 89 8 9 0.025852721 
153 23 7 8 0.025850058 
201 160 8 10 0.025847193 
499 78 7 9 0.025835855 
162 78 7 9 0.025833732 
47 102 8 10 0.025825337 
191 201 7 9 0.025817985 
936 200 8 12 0.025816634 
381 167 9 12 0.025815366 
664 31 8 9 0.02575917 
550 205 8 10 0.025735606 
950 568 25 32 0.0257306 
456 16 7 9 0.02569205 
480 152 8 10 0.025681907 
446 255 10 12 0.025666723 
489 94 9 12 0.025647672 
773 196 10 12 0.025634822 
168 128 8 10 0.025610084 
901 125 10 12 0.025580456 
466 56 7 10 0.025544802 
689 55 8 9 0.0255366 
802 200 8 10 0.02552486 
414 84 8 10 0.025519243 
198 208 8 9 0.025517255 
816 119 9 12 0.025515525 
368 15 7 9 0.025514018 
121 56 8 10 0.02550962 
544 64 8 10 0.02548872 
661 77 9 9 0.025471503 
830 97 7 9 0.025446955 
726 15 7 9 0.02544213 
575 197 8 10 0.025418868 
455 6 8 9 0.025400877 
373 134 9 11 0.025399683 
601 213 8 10 0.025358038 
591 199 8 9 0.025347834 
311 175 9 11 0.02534556 
920 202 10 12 0.02534444 
337 47 7 8 0.025339875 
328 136 7 9 0.025321847 
801 80 8 10 0.025309563 
886 64 7 10 0.025306711 
492 261 11 13 0.025292149 
680 31 8 9 0.025288923 
486 166 8 10 0.025280684 
633 33 7 9 0.025277896 
383 160 8 9 0.025258642 
758 108 8 11 0.025230683 
584 40 6 8 0.02522911 
192 54 7 10 0.025218032 
54 200 9 10 0.025214633 
640 150 8 10 0.02519973 
496 255 9 11 0.025171308 
184 143 8 10 0.025122331 
469 2 8 8 0.025105653 
241 150 7 10 0.025098477 
366 149 9 11 0.02509526 
128 125 9 10 0.02505114 
631 246 11 14 0.025050407 
982 269 9 13 0.025049115 
742 57 8 9 0.025035866 
70 649 21 20 0.025017546 
214 150 8 10 0.025013713 
602 118 6 9 0.025000436 
129 151 8 11 0.024944875 
695 97 8 10 0.024926677 
806 120 9 11 0.024923814 
22 126 8 10 0.02491952 
623 206 7 9 0.024916155 
675 198 8 11 0.024912506 
602 197 8 9 0.02490696 
816 170 8 10 0.024901541 
490 204 8 11 0.024893848 
186 96 7 9 0.024885 
215 40 7 9 0.024880258 
136 87 8 10 0.024874136 
254 189 8 10 0.024873896 
514 164 8 10 0.02485727 
631 167 8 10 0.024843926 
413 196 9 12 0.024832455 
375 142 8 11 0.024824943 
370 71 7 9 0.024823843 
496 245 10 13 0.024805732 
239 144 8 9 0.024781248 
623 103 7 9 0.024771597 
805 32 8 10 0.02471436 
68 529 16 18 0.024709001 
1004 593 16 21 0.024702031 
416 31 7 9 0.024698745 
702 29 7 10 0.02467902 
440 62 8 10 0.02467716 
592 73 9 11 0.024635592 
950 47 8 10 0.024613207 
942 174 9 10 0.024603153 
934 220 9 11 0.024603039 
929 222 8 10 0.02458085 
871 229 8 10 0.024513206 
185 78 7 10 0.024509352 
418 16 7 9 0.024505116 
634 237 9 11 0.024499474 
336 63 7 10 0.024491077 
505 72 8 10 0.02448766 
648 16 8 9 0.024484672 
425 54 8 10 0.024460295 
200 57 7 9 0.024460064 
991 111 10 12 0.024456013 
641 16 7 10 0.024454456 
276 752 13 16 0.024433618 
632 103 8 9 0.024406271 
263 97 8 9 0.024378683 
1001 521 17 22 0.024376974 
882 746 21 22 0.02435553 
808 270 9 12 0.02434534 
401 30 7 9 0.024316374 
55 79 7 10 0.02429217 
207 192 7 8 0.024286274 
512 64 7 10 0.02428444 
232 54 7 9 0.02426851 
855 216 8 11 0.024251655 
919 53 8 10 0.024233134 
831 158 8 9 0.024206685 
391 1 8 8 0.024185274 
158 120 8 9 0.02416701 
217 8 8 10 0.024161067 
641 101 8 10 0.024152972 
200 80 8 10 0.024145091 
718 80 7 9 0.024140477 
263 127 8 9 0.024136158 
1014 102 9 12 0.024127452 
680 128 9 10 0.024112226 
894 31 8 10 0.024080953 
217 175 8 9 0.024067935 
489 1 8 8 0.024065217 
89 61 8 10 0.024060823 
807 571 15 19 0.024051862 
958 29 9 10 0.024045434 
786 734 25 32 0.024022065 
535 13 9 10 0.024021491 
975 47 8 9 0.024020443 
974 86 8 10 0.024012761 
265 72 7 10 0.023997873 
471 5 7 9 0.023993716 
793 93 8 13 0.023980018 
648 199 9 11 0.023978231 
560 47 7 10 0.023972984 
648 215 8 11 0.023971617 
901 167 9 12 0.023971394 
974 30 10 11 0.02396516 
217 94 8 9 0.023958476 
87 192 8 9 0.023947543 
975 55 9 10 0.023923023 
56 95 8 10 0.023919668 
133 600 17 19 0.02390194 
631 123 17 23 0.023889462 
800 119 10 12 0.023884721 
713 120 8 10 0.023876647 
749 610 14 18 0.0238646 
647 23 7 9 0.023845725 
832 120 8 10 0.023844581 
1015 124 8 12 0.023842365 
368 93 7 9 0.023825213 
935 111 8 10 0.023803985 
491 101 8 10 0.023790568 
351 8 7 9 0.023772249 
480 135 7 10 0.023763385 
536 134 8 10 0.023762852 
584 199 8 10 0.02376249 
46 204 9 12 0.023744853 
859 181 8 11 0.02374455 
288 71 7 9 0.023703063 
975 125 9 10 0.023685215 
128 14 7 9 0.023685139 
800 216 9 12 0.023658346 
389 222 9 12 0.023654161 
904 64 7 8 0.023642711 
615 79 8 10 0.023635957 
311 166 9 10 0.023623995 
654 165 9 11 0.023577714 
170 39 7 9 0.023566114 
480 166 7 10 0.023539191 
663 127 8 10 0.023538915 
72 111 8 9 0.023524214 
303 111 7 9 0.023519602 
64 150 8 12 0.023492465 
370 197 8 10 0.023472678 
401 40 7 9 0.023467842 
248 12 9 11 0.023432452 
107 214 414 492 0.023430487 
38 135 8 10 0.023421492 
392 93 7 10 0.023420284 
968 38 8 9 0.023401499 
641 158 8 10 0.023382142 
585 32 7 9 0.023364093 
729 32 7 8 0.023351444 
325 599 20 25 0.023344927 
208 175 7 8 0.023343917 
713 94 8 11 0.023340708 
480 8 8 9 0.023307245 
16 126 9 11 0.023305172 
1002 438 23 32 0.023301017 
969 187 9 12 0.023281751 
868 552 14 17 0.023263846 
848 215 8 11 0.0232599 
254 205 9 10 0.023259763 
311 181 8 10 0.02325356 
1004 156 12 15 0.023247723 
264 48 8 10 0.023238638 
221 7 9 11 0.023208834 
9 78 9 11 0.023201669 
751 31 7 9 0.02319862 
15 118 9 11 0.023167185 
334 79 7 8 0.023158548 
847 197 8 11 0.02315751 
368 1 8 8 0.023104833 
342 56 8 10 0.02308773 
847 738 27 31 0.023075715 
432 213 10 12 0.023075618 
232 9 9 10 0.02306411 
774 189 10 12 0.023044014 
272 181 8 10 0.023028595 
694 219 11 14 0.023006173 
449 96 9 11 0.023004854 
95 111 8 9 0.022993913 
655 1 8 7 0.022990258 
687 220 9 11 0.022983331 
184 103 7 8 0.022982145 
982 151 9 11 0.022953158 
33 182 8 11 0.022945758 
935 139 11 12 0.022945082 
446 118 8 10 0.022935744 
407 2 8 9 0.022913303 
687 63 7 9 0.022902397 
589 103 19 26 0.02285692 
641 7 8 9 0.022852574 
249 2 9 9 0.022850636 
0 483 11 18 0.02283996 
958 182 8 12 0.022830108 
62 109 7 10 0.02279572 
695 140 8 10 0.022792121 
902 280 8 9 0.022791853 
911 65 7 8 0.022790968 
879 55 7 9 0.022766145 
381 626 16 21 0.02276379 
672 102 8 10 0.022751909 
5 132 8 11 0.022744123 
129 79 7 9 0.022725852 
168 95 8 11 0.022712091 
295 17 8 9 0.022709794 
375 72 7 9 0.02270566 
31 127 8 10 0.022701439 
136 30 7 9 0.022700889 
143 31 7 9 0.022662502 
94 85 8 10 0.022630038 
295 175 7 10 0.02262148 
343 93 8 10 0.022606704 
737 341 8 11 0.022601658 
448 2 8 9 0.022579126 
495 7 8 10 0.022577439 
120 126 8 9 0.022571472 
778 45 9 11 0.022563389 
441 53 8 11 0.022562684 
30 69 10 11 0.022536727 
769 16 7 9 0.022493951 
974 71 9 11 0.022484984 
726 46 7 9 0.022467567 
930 592 23 31 0.022465864 
137 95 7 9 0.022462415 
569 40 8 10 0.022437057 
672 32 7 10 0.022437012 
432 204 10 12 0.022436474 
366 174 7 9 0.022425769 
847 230 8 10 0.02242545 
957 14 8 11 0.022415167 
478 47 7 9 0.022414738 
20 601 17 19 0.022408815 
734 204 10 11 0.022404358 
559 64 8 9 0.022384781 
630 181 8 9 0.022362487 
698 237 8 10 0.022334151 
105 197 9 10 0.022321273 
62 180 9 11 0.022306196 
263 149 8 10 0.022296598 
121 136 9 11 0.022286743 
942 126 9 11 0.022277998 
528 126 7 9 0.02227721 
565 267 12 14 0.022272335 
1005 464 20 27 0.022252718 
464 163 9 12 0.022250475 
404 633 12 19 0.022215808 
698 30 8 10 0.022209046 
478 55 9 11 0.022207214 
511 639 27 31 0.022204028 
720 56 8 9 0.022177836 
588 219 18 23 0.02217608 
154 15 8 10 0.022164589 
65 554 22 28 0.022155214 
568 15 7 9 0.02215465 
726 95 9 10 0.022151206 
223 54 8 10 0.022141725 
882 149 8 10 0.02212293 
267 174 7 9 0.022122333 
890 285 11 13 0.022102723 
452 236 10 12 0.022100171 
299 621 16 18 0.02209721 
336 192 8 9 0.022078134 
907 38 8 9 0.022073511 
826 219 10 11 0.022068202 
224 144 9 10 0.022062218 
848 222 8 11 0.022060702 
184 32 7 8 0.02205385 
975 150 9 11 0.022053506 
719 281 8 9 0.022033365 
255 152 8 9 0.02203327 
756 213 11 15 0.02201314 
901 536 21 29 0.022009272 
829 260 9 11 0.02196802 
880 144 9 11 0.021951173 
941 568 23 26 0.02194932 
335 232 8 10 0.021938263 
185 207 8 10 0.021932589 
216 222 8 10 0.021919342 
552 266 11 14 0.02191035 
720 196 8 11 0.021907182 
911 505 13 17 0.021904783 
408 239 9 12 0.021893803 
597 149 8 10 0.021886641 
359 103 7 10 0.021885647 
1015 31 9 13 0.021864384 
144 120 8 9 0.021863924 
86 23 8 9 0.021858318 
312 63 8 9 0.02184519 
654 198 9 11 0.021837274 
174 87 8 9 0.02183626 
414 142 9 11 0.02180922 
577 72 7 9 0.02179716 
232 132 8 10 0.021775361 
1008 303 9 11 0.021771923 
279 102 7 8 0.02176408 
824 155 8 11 0.021725139 
95 12 7 10 0.021724125 
1014 190 8 12 0.021715514 
575 127 7 9 0.021709913 
115 355 42 50 0.021700045 
622 49 18 24 0.021699853 
655 130 17 23 0.021696381 
520 57 8 9 0.021695957 
344 1 9 8 0.02169417 
520 188 8 10 0.021688037 
71 103 7 8 0.021671563 
948 592 18 21 0.021668965 
406 103 9 11 0.021662446 
551 214 9 13 0.021655392 
1011 447 12 18 0.021650799 
327 55 7 9 0.02164379 
308 602 16 21 0.021643506 
329 39 7 9 0.021640407 
808 236 11 12 0.021629283 
136 48 8 9 0.021617046 
685 142 9 12 0.021612039 
168 16 7 8 0.021585291 
916 270 21 24 0.021585286 
97 2 8 8 0.021571938 
793 88 8 11 0.021557061 
597 239 10 13 0.021546926 
582 87 8 10 0.021541502 
423 93 9 11 0.021505719 
802 205 8 11 0.021503141 
54 205 8 10 0.021462753 
622 144 8 9 0.021447144 
72 158 8 10 0.021431739 
873 639 19 22 0.02142703 
944 84 8 10 0.021423401 
414 734 9 12 0.021410467 
984 140 9 11 0.021399554 
567 71 8 9 0.021377334 
161 198 7 8 0.02136477 
55 151 8 11 0.021363333 
152 47 7 9 0.021356108 
105 16 8 10 0.021346333 
288 168 7 9 0.021342438 
454 110 9 11 0.021332312 
944 717 22 27 0.02129647 
902 190 10 12 0.021292957 
942 149 9 12 0.02128895 
320 56 8 10 0.021254849 
470 151 8 10 0.021225784 
936 103 7 10 0.021222048 
502 78 9 11 0.021201983 
689 48 7 10 0.021190347 
184 126 9 10 0.021186622 
135 182 8 10 0.021177813 
610 31 7 9 0.02117536 
142 94 8 9 0.021174986 
120 1 8 8 0.02117405 
720 157 9 11 0.021137264 
517 635 14 19 0.021133477 
327 94 7 9 0.021132855 
6 85 9 11 0.021126127 
559 214 10 13 0.021114402 
866 228 8 10 0.02109607 
784 167 9 12 0.021086091 
768 7 7 9 0.021077735 
463 110 8 11 0.02106796 
835 172 8 11 0.021058472 
343 120 7 9 0.021058038 
431 16 7 9 0.021055257 
28 522 13 17 0.021052608 
463 126 8 10 0.02104849 
355 166 8 11 0.02104717 
624 118 7 9 0.021043062 
762 69 9 11 0.021032456 
754 674 26 28 0.021030905 
507 234 13 16 0.021026913 
870 158 8 10 0.021009596 
633 72 8 9 0.020996658 
567 182 7 10 0.020960562 
46 525 14 19 0.020958697 
856 127 19 24 0.020956345 
714 8 7 8 0.020929258 
648 49 7 9 0.020927722 
536 77 9 11 0.020913769 
376 126 9 10 0.020902114 
900 531 14 18 0.020898163 
789 574 23 28 0.020877343 
929 117 9 11 0.020874742 
600 86 7 10 0.020862991 
334 71 7 10 0.020862581 
613 117 8 9 0.020838851 
118 190 9 11 0.020823615 
478 215 9 11 0.020789038 
328 63 7 9 0.020787302 
185 183 7 9 0.0207867 
918 227 9 11 0.020784993 
919 23 8 10 0.020771537 
142 8 8 10 0.020765621 
175 143 9 11 0.020756673 
5 569 14 20 0.020752646 
160 160 7 9 0.020737415 
937 96 8 10 0.020729272 
76 555 14 20 0.020726468 
573 238 9 11 0.020725865 
38 523 12 16 0.020721506 
77 6 8 10 0.020721367 
527 144 8 10 0.020713413 
89 14 8 10 0.02071225 
0 583 21 31 0.020708071 
960 136 9 10 0.020693826 
759 174 10 12 0.020689134 
365 119 8 11 0.020649856 
105 54 8 10 0.020641385 
844 172 8 11 0.020612026 
120 38 8 10 0.02059243 
56 72 7 9 0.020590816 
233 40 7 9 0.020577727 
217 47 7 9 0.020576108 
923 72 7 8 0.020574223 
908 496 21 28 0.020573301 
312 14 8 10 0.020567413 
296 184 17 24 0.020563805 
503 15 7 9 0.020563502 
978 61 8 11 0.020543186 
88 174 8 11 0.020535162 
287 600 23 31 0.020534532 
525 167 8 10 0.020526148 
258 167 7 10 0.020518987 
970 118 8 11 0.020518798 
373 625 14 19 0.020514576 
814 236 10 13 0.020511955 
499 242 14 16 0.020505758 
232 94 8 10 0.020497862 
859 29 9 11 0.020497518 
616 191 8 10 0.020494824 
61 649 26 30 0.020493621 
375 80 8 9 0.020481646 
965 73 19 23 0.020464446 
544 55 8 9 0.020461079 
566 237 10 11 0.020440385 
645 170 18 23 0.020439524 
774 156 11 13 0.020413985 
871 696 16 21 0.020403825 
198 149 8 10 0.020401197 
64 31 7 9 0.020396372 
904 102 7 9 0.020395344 
743 697 12 19 0.020380974 
358 161 9 11 0.020380806 
897 70 7 9 0.02038077 
551 301 13 15 0.020363512 
1004 492 24 30 0.020355474 
744 47 6 8 0.020348353 
446 22 7 10 0.02029142 
1015 64 8 11 0.020271143 
806 583 13 19 0.020263113 
591 32 8 9 0.020239301 
174 101 8 10 0.020216864 
184 150 7 9 0.020205593 
144 192 7 9 0.02017911 
9 596 23 30 0.020178583 
497 72 8 10 0.020172257 
577 79 6 9 0.020148644 
97 71 7 9 0.020131392 
326 593 13 18 0.020118272 
256 100 9 10 0.020078637 
902 112 8 10 0.0200696 
738 285 7 10 0.0200653 
303 23 7 9 0.020064235 
816 206 9 10 0.020062504 
7 149 8 10 0.020050485 
623 133 7 10 0.020043576 
524 23 8 10 0.02004238 
346 70 8 9 0.020034607 
1002 460 16 18 0.02001631 
816 126 8 11 0.020014325 
461 181 9 11 0.020007191 
680 45 7 10 0.020003745 
784 261 11 13 0.020002838 
720 167 10 12 0.020001292 
