35_Basketball_playingbasketball_35_417
55
365 18 47 54 0.99773514 
355 245 28 39 0.99149585 
284 256 32 49 0.99090564 
887 162 30 36 0.98113513 
214 248 27 48 0.9758648 
738 85 37 40 0.92285115 
183 51 24 28 0.9086709 
960 49 32 45 0.8761374 
50 63 29 37 0.83152956 
225 132 32 40 0.78877956 
311 55 28 35 0.7443514 
526 36 28 34 0.6898304 
52 198 23 30 0.62578344 
920 115 25 29 0.49455264 
244 60 27 32 0.397283 
447 33 29 40 0.2291117 
174 301 39 50 0.17210126 
197 258 33 40 0.14898488 
157 64 41 50 0.081207864 
522 53 36 40 0.0674394 
162 69 25 32 0.06736983 
306 65 35 46 0.060679976 
455 29 38 52 0.05497228 
113 160 19 22 0.05189901 
95 228 29 30 0.04850703 
221 190 24 34 0.040747035 
258 273 25 31 0.038707476 
957 309 16 22 0.038015526 
185 252 30 43 0.0375699 
293 160 53 64 0.037170306 
58 54 30 35 0.036191262 
1002 118 21 33 0.035771042 
324 56 30 33 0.035058778 
68 46 26 28 0.03369301 
-10 466 184 244 0.031877916 
292 240 29 48 0.031284556 
884 177 28 33 0.02954216 
33 153 23 33 0.028729396 
169 52 41 49 0.028115725 
350 261 29 36 0.02810757 
142 70 24 32 0.026724212 
906 115 30 33 0.026018081 
313 44 20 25 0.025244754 
0 6 26 32 0.025078796 
35 134 24 35 0.024656568 
-56 373 343 418 0.024464184 
174 373 43 51 0.024325008 
116 127 21 27 0.02308978 
131 176 400 424 0.02275097 
108 165 17 21 0.022286363 
58 127 25 32 0.02070816 
473 40 41 55 0.020410106 
170 85 28 32 0.020401523 
305 263 17 26 0.020259753 
841 232 20 23 0.020189425 
