35_Basketball_playingbasketball_35_431
19
446 148 47 62 0.94221723 
144 121 27 39 0.8454668 
470 46 68 82 0.8148384 
797 99 28 35 0.2652218 
348 416 15 22 0.06827816 
436 57 53 67 0.056456905 
834 115 17 22 0.053358525 
496 55 83 102 0.045189105 
355 417 14 21 0.041579697 
342 416 14 21 0.033185504 
390 491 28 35 0.031401113 
540 66 50 74 0.029470118 
379 471 42 48 0.027158352 
378 487 27 35 0.026755197 
444 439 31 32 0.02628984 
785 93 28 32 0.025787866 
438 63 31 42 0.023564758 
530 510 25 39 0.02171068 
479 25 165 217 0.02001576 
