35_Basketball_Basketball_35_304
18
768 266 30 39 0.9867395 
701 251 28 37 0.98173565 
865 347 56 58 0.11336101 
712 261 17 24 0.059771836 
282 109 451 443 0.049342334 
855 422 49 58 0.04912856 
758 296 15 21 0.04427458 
700 256 43 54 0.04313622 
715 265 26 35 0.032421842 
789 213 10 13 0.02984773 
763 341 45 49 0.029260462 
770 312 19 22 0.028788552 
721 266 14 21 0.027021687 
-18 100 468 462 0.02661533 
693 258 14 22 0.026436575 
142 2 424 441 0.023942199 
846 423 36 42 0.022023594 
741 296 28 31 0.02081646 
