35_Basketball_playingbasketball_35_73
27
795 376 50 66 0.99737346 
491 372 48 57 0.85797083 
695 57 58 64 0.38024804 
241 290 43 69 0.2893372 
170 359 115 112 0.22931218 
155 279 63 77 0.13678436 
371 288 96 119 0.12630758 
375 272 44 53 0.102790326 
706 82 60 73 0.08444708 
212 355 134 144 0.072542936 
381 288 52 63 0.070237756 
683 64 42 51 0.05580447 
215 273 382 492 0.04375049 
770 58 33 42 0.038788583 
1 627 36 47 0.03792176 
577 453 54 88 0.03655318 
1014 545 10 15 0.032812737 
731 57 60 64 0.03155797 
144 290 107 139 0.029276365 
67 63 33 35 0.028610406 
814 86 11 15 0.026500503 
315 240 44 62 0.025776574 
227 274 68 113 0.024521697 
69 415 462 545 0.021492166 
379 249 43 49 0.02121403 
362 256 44 51 0.020097535 
183 264 88 98 0.020015476 
