35_Basketball_Basketball_35_107
465
419 53 126 181 0.99933773 
932 441 34 41 0.99921274 
892 377 29 35 0.9987979 
948 369 27 36 0.99706084 
850 386 27 33 0.99503374 
42 207 77 110 0.99388736 
689 544 47 59 0.9917978 
734 349 21 27 0.9900591 
851 303 23 28 0.98635155 
318 64 17 21 0.9850145 
222 69 13 17 0.98155105 
620 449 28 36 0.9761119 
667 444 30 35 0.9700373 
604 514 41 55 0.96933067 
788 348 17 23 0.95385563 
921 361 23 29 0.9470714 
166 71 13 19 0.9467461 
856 353 23 29 0.9466338 
916 120 19 24 0.9450099 
780 222 17 24 0.94193804 
294 10 16 21 0.92361057 
687 201 19 24 0.905979 
292 39 14 19 0.9031598 
845 133 19 23 0.89913714 
816 91 19 23 0.888674 
263 167 13 19 0.88658094 
743 479 27 39 0.88619906 
747 379 23 26 0.8818652 
788 11 15 17 0.8649377 
684 79 13 16 0.86162865 
292 120 14 19 0.8532979 
210 99 16 20 0.8508607 
629 79 14 19 0.85039985 
748 10 13 17 0.84528196 
335 122 17 21 0.8329442 
144 42 13 18 0.8316 
363 89 18 25 0.8146412 
312 165 14 18 0.8044484 
615 106 14 19 0.7968054 
271 0 14 18 0.7937506 
817 407 23 27 0.77979636 
1006 343 18 27 0.77763295 
318 96 15 20 0.7461998 
783 159 19 25 0.73791647 
675 511 38 45 0.7193707 
272 68 13 18 0.718223 
817 335 26 28 0.71517956 
231 118 16 20 0.707641 
1006 104 17 24 0.67041487 
200 43 12 17 0.662708 
880 89 15 20 0.6554398 
389 29 15 21 0.6311167 
586 28 14 18 0.63008595 
774 92 16 20 0.6226245 
164 286 19 23 0.6209883 
952 493 35 54 0.59851474 
676 16 13 19 0.58855516 
994 497 31 59 0.5710165 
726 231 23 29 0.55640495 
94 153 25 28 0.55239755 
225 356 23 26 0.53849596 
744 45 13 17 0.52546257 
192 21 13 18 0.5205941 
749 76 13 17 0.52052456 
741 196 14 18 0.510293 
230 286 171 209 0.500447 
624 62 10 14 0.48498797 
261 27 14 19 0.48098028 
336 27 14 19 0.43952882 
184 60 13 17 0.4341389 
813 150 17 22 0.43206203 
710 361 17 21 0.41031486 
797 1 15 17 0.4048217 
228 11 14 18 0.39802343 
796 388 22 28 0.36611632 
195 0 12 13 0.36384782 
720 84 13 16 0.34973106 
833 192 18 20 0.34264076 
1010 384 14 22 0.34011027 
842 60 17 23 0.32902235 
705 52 14 16 0.30320215 
220 179 22 26 0.29103166 
841 220 17 21 0.29063937 
909 59 14 17 0.28235602 
745 154 15 17 0.2818466 
201 328 17 22 0.27826625 
883 137 14 18 0.27676824 
725 153 12 15 0.26560348 
818 126 15 19 0.25776517 
874 60 13 18 0.25680614 
682 97 14 19 0.24117824 
870 66 14 18 0.23283722 
910 367 27 33 0.22345434 
981 151 13 17 0.2148273 
769 362 18 19 0.21357764 
917 349 23 29 0.21269195 
782 384 23 29 0.21144545 
690 33 15 18 0.20966925 
306 139 13 18 0.20446958 
181 6 13 16 0.20445785 
237 12 12 17 0.19987348 
773 384 21 26 0.19691108 
134 10 16 19 0.19339257 
606 498 25 37 0.19234732 
691 10 14 18 0.19181457 
878 342 22 28 0.17560767 
930 35 13 17 0.171888 
934 363 25 32 0.17139977 
683 526 41 46 0.17112444 
401 116 16 22 0.17096283 
960 352 22 27 0.16687873 
240 99 12 15 0.16606738 
916 338 16 19 0.16396278 
806 365 13 18 0.16296561 
22 4 15 15 0.16180149 
590 1 14 14 0.15771863 
197 196 22 31 0.1561858 
676 42 13 17 0.14622411 
111 65 15 19 0.14358881 
2 172 13 16 0.14335765 
775 167 14 19 0.14251667 
790 111 15 20 0.14023465 
574 445 40 52 0.13965188 
839 210 15 19 0.13610297 
870 112 15 18 0.13347755 
153 11 14 18 0.13246144 
729 122 14 17 0.12884851 
238 197 15 22 0.12532234 
198 69 13 16 0.120853335 
836 165 14 16 0.114490986 
912 168 12 16 0.11425175 
581 33 15 17 0.11362739 
278 149 12 16 0.11332255 
717 61 14 16 0.11078335 
278 201 16 18 0.10873803 
782 4 16 18 0.1049727 
202 141 14 19 0.10280603 
871 20 15 19 0.102592535 
651 116 14 16 0.10128417 
310 119 14 19 0.09981782 
804 369 20 26 0.095776446 
974 132 11 15 0.09388287 
718 1 15 17 0.0921856 
284 197 15 19 0.09201803 
111 25 14 19 0.08783168 
834 199 21 24 0.0875144 
763 137 13 17 0.08717455 
309 103 13 19 0.08685755 
252 101 11 15 0.08505666 
866 208 16 20 0.08396598 
756 376 23 26 0.08161539 
741 160 17 21 0.079527356 
798 376 23 30 0.07921844 
309 50 13 17 0.07912263 
777 354 21 26 0.078698166 
641 477 497 468 0.07858705 
724 9 14 19 0.077956036 
757 175 16 21 0.07755503 
70 69 13 16 0.077057675 
778 140 14 17 0.07556485 
648 55 12 14 0.075024344 
96 42 17 21 0.074884735 
802 112 15 20 0.07447957 
133 88 18 19 0.07222663 
759 1 12 12 0.07129191 
877 335 18 22 0.06843961 
637 19 12 18 0.06834338 
912 201 24 29 0.0683429 
90 11 19 21 0.067059174 
774 367 22 27 0.066896655 
911 343 23 25 0.06353736 
350 51 14 19 0.0633051 
677 7 12 16 0.06303721 
122 199 14 17 0.06258482 
874 222 16 18 0.061952837 
950 123 13 17 0.06171234 
706 77 13 18 0.061489787 
242 92 13 17 0.06113584 
774 1 14 16 0.06069271 
204 39 12 17 0.06027506 
723 475 38 48 0.060150616 
172 93 10 15 0.060112376 
303 239 20 23 0.060034472 
270 122 14 17 0.059920482 
826 227 16 19 0.059656873 
251 119 13 18 0.058765844 
794 107 17 20 0.05849724 
268 6 15 19 0.05836098 
1012 440 12 24 0.057595544 
115 20 14 19 0.05735004 
381 75 13 15 0.055772346 
795 378 15 20 0.0549783 
798 186 17 19 0.05445404 
812 135 21 28 0.05421293 
797 146 16 20 0.05353734 
234 106 16 20 0.05168364 
967 18 15 19 0.051583074 
868 341 15 18 0.051319107 
911 414 25 29 0.05117205 
575 37 13 15 0.050712258 
723 452 25 28 0.050437175 
116 119 21 28 0.050304938 
732 0 12 13 0.05006264 
701 45 14 18 0.0497697 
925 40 14 17 0.049549688 
615 427 31 34 0.049106754 
764 172 15 20 0.048897568 
298 116 14 19 0.048249677 
580 43 14 18 0.048150398 
604 438 28 36 0.04804832 
303 107 13 16 0.047711316 
257 32 14 19 0.047632568 
239 114 19 24 0.04750003 
869 215 17 21 0.047408447 
719 278 14 18 0.04731017 
949 1 16 19 0.047061052 
780 57 15 17 0.046830043 
827 1091 42 42 0.046626333 
274 315 75 91 0.04642319 
347 165 14 16 0.045541927 
837 322 11 15 0.0450474 
202 72 14 18 0.044594213 
748 104 15 19 0.044466674 
630 19 14 18 0.04426357 
780 1 13 13 0.043971293 
725 0 14 14 0.04352332 
354 123 14 18 0.043438077 
788 205 15 18 0.043269977 
643 148 14 20 0.043127283 
0 562 12 20 0.042594448 
780 192 14 17 0.042136595 
114 113 16 21 0.041833006 
838 73 16 20 0.041626915 
396 173 13 16 0.0412897 
887 357 23 29 0.041024428 
929 357 15 22 0.04076487 
81 146 44 51 0.04050519 
292 83 15 19 0.040402267 
191 205 29 41 0.04031866 
947 188 15 17 0.040179037 
927 77 13 17 0.03965133 
731 128 15 18 0.039608862 
286 88 15 19 0.03951964 
758 384 27 29 0.039484546 
368 84 16 20 0.039477076 
737 472 44 64 0.039031386 
747 55 15 19 0.03873325 
262 13 13 16 0.03867428 
660 447 20 24 0.03803832 
866 352 26 31 0.037953284 
780 121 14 18 0.03781254 
873 105 16 20 0.03775509 
871 92 22 26 0.03736291 
307 132 14 18 0.03723769 
224 7 14 18 0.037116364 
782 114 15 18 0.037050724 
682 9 17 23 0.03702885 
774 60 13 16 0.0369628 
205 190 25 31 0.036800217 
348 123 14 19 0.036548585 
354 55 15 19 0.036032867 
109 44 14 17 0.036020495 
1 502 25 62 0.03599289 
337 197 15 20 0.035668906 
776 145 21 28 0.03517527 
998 383 16 23 0.035063747 
188 72 12 15 0.03453756 
340 51 14 21 0.0345114 
804 145 16 22 0.034394097 
871 77 20 25 0.034256816 
175 7 14 18 0.03397636 
885 129 21 26 0.033895448 
76 61 13 19 0.033792857 
700 0 12 12 0.03378423 
669 37 14 19 0.03377872 
201 190 15 19 0.033768114 
858 376 27 34 0.03353594 
0 481 50 94 0.033453718 
230 0 13 13 0.033335596 
807 392 17 21 0.033267077 
998 387 24 32 0.032849316 
227 342 103 133 0.032751497 
98 47 24 30 0.03259687 
776 187 12 17 0.032315943 
716 178 16 21 0.032244027 
862 343 15 19 0.032169905 
890 352 17 20 0.032133494 
986 0 18 17 0.03153762 
718 113 13 17 0.03132693 
822 340 30 35 0.031211415 
293 173 12 15 0.031165497 
581 436 28 38 0.030998295 
229 37 14 16 0.03092663 
683 41 14 18 0.030888941 
891 57 14 18 0.030603718 
988 171 20 23 0.030421134 
830 217 21 26 0.030185215 
198 132 15 18 0.03013398 
638 30 13 18 0.030115739 
140 145 24 29 0.030085025 
801 400 27 30 0.029894276 
645 517 29 39 0.029829595 
168 96 13 19 0.029596228 
885 59 13 18 0.0295102 
707 479 25 31 0.029493473 
824 128 16 21 0.029324794 
272 146 13 17 0.029220186 
27 97 18 20 0.028973237 
765 359 15 17 0.028899183 
651 27 13 16 0.028749896 
180 138 14 17 0.02870023 
181 44 14 16 0.02854082 
212 41 11 17 0.028402682 
1012 160 11 17 0.028339969 
622 57 17 24 0.028326213 
844 365 17 22 0.028251158 
239 86 14 16 0.02818269 
812 201 16 20 0.028140843 
811 322 16 18 0.028122853 
193 332 26 36 0.028049123 
646 -1 14 12 0.028032782 
864 72 15 18 0.028019173 
207 60 11 15 0.027972987 
824 97 16 18 0.027938155 
788 0 17 16 0.027919214 
204 348 42 54 0.027783692 
402 45 18 28 0.027780036 
264 20 16 18 0.027619787 
124 124 22 27 0.027576491 
701 28 12 15 0.027424421 
758 59 12 16 0.027061796 
987 92 15 19 0.026801499 
735 234 17 21 0.026488574 
765 66 14 17 0.026451454 
166 2 14 18 0.02640634 
268 128 15 18 0.026379835 
282 204 19 22 0.026372379 
792 114 22 26 0.026333204 
283 153 14 17 0.026295697 
1011 134 13 21 0.026216999 
840 1079 34 35 0.026203739 
869 31 15 19 0.02613002 
960 29 12 16 0.02612208 
232 186 16 20 0.026088137 
394 36 18 27 0.026009936 
763 195 12 16 0.02600857 
792 153 18 23 0.02599495 
699 10 13 17 0.025993971 
304 3 16 19 0.025900584 
139 139 15 20 0.02586214 
408 985 13 16 0.025799084 
1011 60 13 18 0.025651962 
137 250 15 21 0.025492782 
191 44 12 15 0.025491472 
603 447 16 22 0.025423195 
244 104 15 19 0.025421867 
747 168 16 21 0.025418162 
849 201 24 28 0.025374271 
550 2 14 19 0.025361072 
0 556 22 40 0.025311401 
784 216 21 26 0.025186555 
348 65 14 19 0.02507534 
200 105 13 17 0.025016738 
236 668 460 444 0.024988826 
115 192 23 31 0.024962448 
85 65 13 17 0.024908775 
636 69 14 17 0.024804832 
189 97 14 18 0.024728617 
189 11 14 19 0.02469508 
788 148 16 20 0.024675002 
265 31 14 20 0.024623059 
327 59 20 25 0.024568927 
227 242 24 30 0.024533173 
617 442 20 25 0.024350896 
236 38 13 16 0.024231657 
964 12 26 30 0.024215948 
19 4 25 26 0.024212712 
774 131 14 20 0.024208084 
764 184 13 18 0.024198815 
973 238 11 13 0.024187524 
721 354 22 29 0.024181059 
291 26 16 21 0.024177406 
288 15 15 19 0.024065074 
673 93 20 26 0.023956504 
764 1 14 17 0.023916991 
156 272 38 49 0.023866411 
621 19 14 16 0.02382175 
722 77 15 18 0.023602469 
782 0 106 124 0.023572203 
643 26 14 19 0.02346859 
868 119 15 21 0.02344121 
775 51 14 17 0.023330498 
590 -18 100 114 0.023251295 
754 69 15 19 0.02324855 
627 67 14 17 0.02311649 
681 85 18 25 0.023081135 
36 171 12 18 0.023050241 
243 6 15 16 0.023023924 
163 115 15 18 0.02298147 
240 359 17 20 0.022977263 
666 130 27 31 0.022888431 
759 357 12 15 0.022858718 
9 93 12 15 0.022830464 
723 159 15 18 0.022783997 
285 77 12 17 0.0227594 
668 75 13 18 0.02259571 
742 70 14 18 0.022545803 
958 22 24 30 0.022461334 
863 107 15 18 0.022450993 
387 70 15 20 0.022441063 
372 139 13 16 0.022378713 
187 52 13 18 0.02236417 
751 2 20 22 0.022328699 
763 234 12 16 0.022304824 
735 168 15 19 0.022291651 
663 41 13 18 0.022288375 
647 426 46 53 0.022255054 
723 488 16 22 0.022254612 
805 210 16 20 0.022207791 
725 460 77 109 0.022205008 
56 54 23 28 0.022173066 
890 91 13 18 0.022129113 
802 356 15 18 0.022095678 
997 372 12 17 0.02199699 
217 104 14 18 0.021968959 
602 762 191 249 0.021946222 
885 170 16 18 0.02188779 
911 4 13 15 0.021862203 
861 19 15 19 0.021780496 
783 366 22 29 0.021731693 
302 1 13 13 0.021607181 
774 98 22 25 0.021572597 
658 120 15 19 0.02153375 
114 50 13 18 0.021530552 
763 156 12 16 0.021517804 
755 155 13 17 0.02150148 
141 52 15 21 0.021430109 
689 105 15 17 0.021405 
709 67 14 17 0.021309057 
203 49 14 17 0.021272046 
953 362 20 24 0.021216882 
943 3 14 17 0.021189548 
196 337 37 50 0.021054147 
1000 401 24 37 0.020976143 
831 167 21 24 0.020974373 
803 118 22 25 0.02093807 
341 177 16 19 0.020923497 
978 155 24 26 0.020837229 
909 363 17 22 0.020810291 
997 441 26 33 0.020798288 
677 192 26 30 0.020775488 
767 72 21 25 0.020762503 
972 456 23 26 0.020748837 
678 0 10 11 0.02062884 
331 206 15 20 0.02060922 
609 110 24 29 0.020368475 
263 -1 15 15 0.020356132 
759 71 20 24 0.020343792 
953 480 28 32 0.020231085 
854 272 14 20 0.02020343 
225 190 18 22 0.020195024 
338 60 20 26 0.020155463 
-1 173 18 28 0.02015396 
602 129 14 20 0.020084744 
948 4 24 27 0.020000674 
