35_Basketball_playingbasketball_35_156
21
391 446 117 79 0.9664582 
808 377 84 109 0.89353466 
895 437 58 62 0.18002 
76 145 92 97 0.11606612 
149 119 57 71 0.07996704 
853 412 91 95 0.0695399 
412 454 59 48 0.032841068 
108 171 41 45 0.03138898 
351 399 175 163 0.030798273 
458 472 55 50 0.029572835 
108 111 67 72 0.027462805 
525 230 14 20 0.027093992 
410 387 90 113 0.02691741 
770 230 92 122 0.02586906 
76 606 18 23 0.024264423 
133 146 64 73 0.023615122 
475 327 20 21 0.02320022 
499 357 45 61 0.021567613 
470 329 16 17 0.02123329 
67 100 95 98 0.020900082 
520 215 10 13 0.020255145 
