35_Basketball_basketballgame_ball_35_389
255
505 228 39 53 0.98035514 
622 588 17 23 0.95838755 
565 619 13 17 0.6557722 
322 613 11 14 0.6196862 
221 611 10 13 0.5573453 
85 621 10 12 0.5383079 
16 610 11 16 0.4176368 
641 577 22 29 0.40034047 
28 595 9 13 0.36155924 
500 584 11 13 0.32619905 
969 588 34 39 0.31125692 
136 586 9 12 0.30540535 
153 624 9 11 0.24370074 
635 581 19 28 0.22586632 
256 625 10 12 0.21540092 
136 565 9 11 0.20747192 
158 590 7 10 0.19685833 
567 593 12 16 0.1706329 
314 595 9 12 0.1494505 
570 569 12 17 0.12122039 
313 573 8 11 0.11697191 
303 557 8 11 0.10758467 
548 613 9 12 0.10631433 
185 592 8 11 0.10342005 
110 550 8 11 0.103277765 
9 597 11 15 0.100813374 
15 582 10 13 0.09324435 
805 303 22 30 0.08856611 
62 580 9 11 0.08240581 
589 573 13 15 0.078393236 
820 305 20 29 0.0773171 
916 405 10 13 0.07510119 
518 574 13 18 0.07408872 
151 604 10 13 0.07002674 
729 598 9 12 0.06725682 
560 597 10 14 0.067070395 
286 605 9 11 0.06493599 
262 614 8 11 0.0638625 
286 589 8 10 0.06358506 
683 621 11 14 0.06103562 
140 588 9 11 0.06091468 
867 588 13 19 0.06086906 
200 569 8 9 0.05859523 
606 594 11 15 0.057765942 
189 590 9 12 0.0562019 
319 567 8 11 0.055892102 
178 543 8 9 0.05498979 
317 591 9 13 0.054798372 
223 559 7 9 0.05325701 
700 570 11 15 0.051778305 
112 568 8 11 0.051518343 
14 587 11 15 0.051365394 
469 578 11 16 0.05099772 
675 573 13 16 0.050778564 
161 558 8 9 0.05045872 
201 512 8 9 0.049640182 
547 620 11 13 0.049615614 
166 559 8 10 0.04886918 
110 588 10 12 0.048823044 
883 625 13 15 0.04873892 
890 577 49 56 0.048195295 
555 544 11 13 0.048141476 
201 542 7 9 0.04764565 
934 599 25 36 0.046850435 
221 600 8 10 0.04590765 
349 604 9 12 0.045577105 
160 553 9 10 0.044948343 
8 600 18 28 0.04426474 
233 558 8 10 0.044139948 
141 566 8 10 0.04360072 
119 589 8 11 0.043343034 
145 542 8 10 0.043202475 
177 558 8 11 0.04320238 
342 560 9 11 0.04309202 
200 584 9 11 0.042791076 
660 587 14 19 0.04247163 
935 229 29 33 0.041878507 
903 435 12 13 0.041171104 
631 560 13 16 0.04113665 
209 528 7 8 0.04088903 
206 573 8 10 0.040476408 
440 571 11 14 0.04037901 
941 586 16 20 0.040185213 
380 618 13 14 0.040060084 
21 620 13 16 0.03977037 
908 437 10 14 0.039451834 
460 616 12 16 0.039008126 
583 573 13 16 0.038954426 
913 580 51 57 0.038909324 
166 566 8 10 0.03887101 
81 615 10 13 0.03850045 
216 559 7 9 0.03841678 
161 567 8 10 0.038261443 
542 590 10 13 0.037893318 
96 568 8 9 0.03771867 
238 550 8 11 0.037683222 
90 581 8 12 0.037319522 
295 572 9 11 0.036862627 
605 553 15 21 0.03619245 
200 537 8 8 0.03599656 
201 573 8 9 0.035708632 
191 584 8 10 0.035585597 
46 566 10 13 0.035557583 
748 572 10 13 0.03550909 
917 454 11 14 0.03484891 
684 615 10 13 0.03465486 
142 561 8 9 0.034569312 
701 595 14 18 0.03416107 
894 556 29 36 0.034104727 
110 555 8 10 0.03394565 
193 569 7 9 0.033798583 
192 574 7 9 0.033659678 
926 403 10 13 0.033659585 
385 590 8 10 0.033308513 
282 590 8 10 0.03317463 
157 598 10 13 0.032679543 
176 512 8 9 0.03254195 
640 621 18 19 0.032129485 
393 540 9 12 0.032032788 
153 584 8 11 0.031898353 
103 568 8 10 0.03187524 
758 600 10 12 0.0318466 
219 606 10 13 0.031703353 
281 584 8 11 0.03165149 
129 566 8 11 0.031391997 
582 525 9 11 0.031260576 
111 615 10 11 0.030907165 
389 603 10 14 0.030745083 
237 616 8 10 0.030702135 
129 512 8 11 0.030530393 
237 555 9 12 0.030159153 
262 600 8 9 0.030130545 
239 544 6 8 0.030071827 
562 614 11 13 0.030047413 
181 519 9 10 0.02992891 
1 556 10 16 0.02946527 
183 574 8 10 0.029452693 
905 559 97 99 0.02922181 
159 527 8 9 0.028962761 
217 553 7 8 0.028898472 
474 558 10 12 0.028872244 
546 522 106 123 0.028710589 
105 557 8 10 0.02844929 
316 571 9 12 0.028433431 
161 518 9 10 0.028323624 
258 617 8 10 0.028207377 
157 584 9 11 0.028204884 
119 567 8 11 0.028064096 
579 546 15 18 0.027948476 
94 620 10 12 0.027849754 
105 586 10 13 0.027798614 
183 567 8 10 0.02776376 
149 542 8 10 0.027489552 
567 527 13 14 0.026794707 
191 597 8 9 0.026773853 
285 624 10 12 0.02651106 
224 544 6 8 0.026385305 
158 572 9 11 0.026309263 
679 593 12 17 0.026282182 
262 560 8 9 0.026238605 
392 621 10 13 0.026181968 
607 615 13 16 0.025881518 
193 528 7 9 0.025869492 
181 558 8 10 0.025765616 
261 566 10 13 0.025756389 
200 518 8 9 0.025739139 
263 605 9 11 0.025632186 
193 608 9 11 0.02552769 
128 560 8 10 0.02552638 
938 586 26 37 0.025491606 
360 583 9 12 0.025255464 
226 581 8 10 0.025177542 
206 588 8 10 0.024907596 
206 542 7 9 0.02468364 
390 588 10 12 0.024600642 
286 599 9 11 0.02433174 
224 577 8 9 0.024248982 
562 572 10 14 0.02419709 
215 574 8 10 0.024184968 
477 562 11 15 0.02411441 
659 609 16 19 0.024089197 
153 573 9 11 0.024068734 
210 559 7 9 0.024047503 
288 570 10 13 0.024030527 
182 537 8 9 0.023971712 
547 590 11 13 0.023970991 
23 591 18 23 0.023936955 
949 571 25 33 0.02393111 
129 583 9 12 0.02391315 
444 588 10 13 0.023664283 
385 523 9 12 0.023624588 
137 551 8 10 0.023570616 
577 534 25 31 0.023498284 
104 542 9 11 0.023420058 
376 615 11 15 0.023369633 
453 540 9 12 0.023344213 
64 557 10 12 0.023126043 
161 512 9 10 0.023119403 
177 518 9 10 0.023012573 
375 564 9 12 0.022946283 
908 588 14 17 0.02286202 
177 608 8 10 0.022753812 
671 576 15 20 0.022724522 
525 565 9 13 0.02257572 
414 550 10 13 0.022484517 
37 230 10 14 0.022420399 
514 574 11 14 0.022251163 
511 579 12 16 0.022246696 
719 591 9 11 0.022233361 
487 589 11 13 0.022225495 
94 581 9 13 0.022132562 
312 614 11 13 0.022015363 
177 576 8 10 0.021948427 
487 571 10 13 0.021854851 
286 612 10 12 0.021786515 
271 620 9 11 0.021742316 
725 571 12 14 0.0217373 
146 621 8 11 0.021642223 
461 565 9 12 0.021626085 
433 575 10 13 0.021572487 
739 549 12 14 0.021532455 
396 619 11 14 0.021439882 
565 602 13 16 0.021387253 
142 572 9 11 0.021385567 
106 526 8 10 0.021330295 
165 512 9 10 0.021258073 
335 567 9 12 0.021210035 
397 587 10 14 0.021096576 
111 607 9 11 0.021072282 
151 559 8 10 0.021057336 
547 566 10 12 0.020925686 
235 553 8 10 0.020917324 
543 624 11 11 0.020914873 
664 586 21 28 0.020900622 
320 560 8 10 0.020891052 
702 628 11 12 0.020836141 
206 519 8 10 0.020788575 
37 599 10 12 0.020685785 
161 534 9 10 0.02058843 
670 620 13 15 0.02058125 
495 598 10 14 0.020498702 
321 403 27 33 0.02047024 
134 512 8 10 0.02044587 
215 527 7 9 0.020432122 
875 549 24 32 0.020292142 
327 567 9 11 0.020280074 
738 619 11 12 0.020253882 
224 520 8 9 0.020234788 
147 604 9 12 0.020202145 
177 582 8 10 0.02019071 
181 551 8 10 0.020173501 
205 511 9 10 0.020158323 
368 607 9 11 0.020149605 
182 511 8 10 0.020146534 
497 579 17 22 0.02013224 
