35_Basketball_playingbasketball_35_619
25
199 282 16 20 0.88088214 
609 282 14 18 0.78660876 
81 280 14 17 0.7473078 
575 261 15 26 0.66391194 
269 30 266 288 0.5511687 
780 284 15 18 0.1761045 
451 267 24 31 0.11394385 
813 228 13 16 0.087498926 
690 382 46 63 0.07116915 
576 266 23 30 0.07098714 
533 181 16 22 0.06073914 
720 -1 337 448 0.059714053 
784 290 14 17 0.058672797 
142 -57 360 469 0.046856765 
865 490 36 39 0.045419663 
346 -26 381 458 0.033470806 
99 624 43 55 0.032808363 
-31 -7 424 491 0.02810034 
704 316 20 31 0.026737794 
735 333 40 51 0.026348019 
711 313 24 30 0.024911419 
742 87 222 262 0.02265367 
669 275 14 19 0.020573255 
752 330 24 32 0.020484123 
528 194 12 15 0.020358859 
