35_Basketball_playingbasketball_35_764
26
490 247 29 38 0.9981102 
303 189 30 37 0.9320613 
437 430 15 20 0.1163721 
106 100 31 35 0.10589807 
431 447 18 28 0.09633226 
291 192 27 34 0.09528346 
435 273 14 17 0.06140353 
134 86 28 37 0.058268126 
435 439 15 23 0.03985514 
610 436 17 20 0.0391877 
312 203 19 25 0.03367974 
453 235 12 14 0.032976687 
484 434 15 18 0.032203272 
940 359 15 17 0.027637582 
280 194 23 34 0.027463902 
433 433 13 20 0.026140586 
426 509 13 17 0.026057158 
432 426 12 18 0.025469376 
599 433 14 17 0.025105225 
460 234 12 15 0.02431617 
449 237 10 11 0.023378264 
591 363 14 17 0.022307655 
405 231 51 50 0.022225413 
434 268 24 27 0.020534612 
603 367 28 29 0.020448897 
448 412 11 14 0.0204205 
