35_Basketball_playingbasketball_35_195
265
460 392 15 18 0.9899233 
971 388 14 18 0.9684677 
580 382 16 22 0.92428446 
205 273 20 29 0.9053926 
303 403 9 12 0.86921895 
113 406 8 12 0.8457613 
711 398 8 11 0.80317 
135 415 9 11 0.71707404 
505 387 11 15 0.7143567 
1011 397 11 16 0.6853287 
51 399 11 14 0.67940396 
431 402 10 12 0.6350931 
738 398 8 11 0.6350357 
156 405 9 11 0.62772924 
537 403 11 12 0.5600557 
559 396 11 16 0.3974427 
361 403 10 12 0.3700087 
367 419 9 12 0.3441558 
153 402 8 11 0.2551976 
248 406 10 13 0.22297971 
782 389 10 12 0.20256482 
775 405 7 9 0.19292608 
994 233 24 37 0.17160983 
525 430 10 14 0.15913534 
345 400 8 9 0.1509047 
630 459 9 11 0.14580081 
405 412 9 11 0.14522609 
494 478 7 10 0.13314505 
435 404 10 12 0.117744796 
944 415 9 11 0.11483247 
672 487 9 11 0.11240599 
286 431 9 12 0.105232425 
944 422 11 14 0.10398585 
406 398 9 11 0.0991131 
837 223 34 39 0.097526595 
94 465 9 11 0.09704985 
1008 391 11 15 0.096965104 
666 392 8 10 0.095116116 
333 494 8 11 0.08997993 
94 408 9 11 0.08747123 
401 412 10 12 0.08248147 
0 423 7 11 0.081250146 
760 431 8 11 0.081166424 
405 438 8 10 0.079235084 
669 397 9 11 0.077888295 
653 485 8 10 0.07431367 
349 399 9 10 0.07407425 
434 497 7 10 0.07300155 
521 422 8 12 0.07224408 
158 411 10 11 0.06744294 
90 439 7 10 0.067114525 
656 406 8 11 0.06581573 
653 446 9 11 0.0646799 
710 394 9 10 0.06459714 
344 405 9 10 0.06387667 
340 430 10 11 0.061192214 
737 394 8 10 0.060921844 
742 404 7 10 0.05935321 
424 438 9 11 0.059065327 
491 478 7 9 0.058790684 
916 347 14 19 0.058540575 
352 494 10 12 0.055090237 
521 380 10 13 0.053991508 
589 371 13 17 0.053628806 
679 405 8 9 0.052766 
741 393 8 10 0.05182254 
872 265 13 15 0.05102115 
655 441 7 9 0.05053988 
390 430 9 11 0.05034881 
391 424 8 10 0.049838126 
401 438 8 10 0.049291972 
198 636 15 20 0.04814784 
287 413 8 11 0.047723044 
0 374 9 14 0.047539655 
489 422 9 12 0.04657164 
408 431 9 10 0.046396114 
771 405 7 10 0.045521732 
661 471 7 10 0.045251057 
654 414 8 11 0.04524197 
94 445 9 11 0.04520683 
321 435 8 11 0.044593297 
413 429 8 10 0.043969132 
750 416 7 9 0.043663654 
414 407 8 10 0.04351347 
709 238 13 16 0.043481067 
634 478 7 9 0.043333486 
943 408 8 10 0.043197125 
522 435 9 12 0.043012302 
695 462 8 10 0.04273876 
307 399 9 12 0.04184568 
708 500 10 12 0.04177422 
497 497 9 10 0.04071973 
654 480 7 9 0.040144388 
52 413 12 13 0.040020894 
330 500 9 11 0.03990165 
599 445 8 10 0.039507154 
282 430 9 12 0.03914119 
485 495 8 10 0.038577102 
250 412 11 14 0.03850367 
343 413 9 10 0.038364436 
679 401 8 9 0.038355637 
524 459 11 16 0.038294926 
351 404 9 11 0.037501175 
134 408 10 12 0.03661755 
746 422 7 10 0.036414254 
196 280 25 28 0.036294125 
1000 403 10 13 0.036022767 
525 413 8 12 0.035825655 
648 421 9 11 0.0353055 
358 495 8 10 0.03525936 
6 493 9 12 0.035053037 
55 419 11 13 0.034698512 
71 465 12 15 0.034624882 
128 439 7 10 0.033982348 
407 392 10 12 0.033870675 
511 480 7 9 0.033849336 
581 374 16 21 0.033828434 
533 479 8 10 0.03353426 
558 335 7 8 0.033259604 
565 389 12 17 0.033198163 
335 489 7 10 0.03266944 
240 302 16 20 0.032635737 
625 406 8 11 0.032608036 
39 428 10 12 0.032595534 
90 413 9 11 0.032585595 
145 404 9 13 0.03224985 
341 436 9 11 0.03222523 
116 411 9 12 0.032206465 
49 392 10 13 0.032119706 
759 399 8 10 0.03183908 
640 437 9 11 0.031669572 
696 390 7 9 0.03148491 
759 435 8 12 0.031167082 
384 437 8 11 0.031152153 
727 428 9 11 0.031055724 
665 488 8 10 0.030974742 
725 477 8 10 0.03095078 
280 424 8 11 0.030901903 
22 406 10 12 0.030676072 
540 493 9 12 0.03063025 
768 400 7 10 0.030574217 
16 452 9 13 0.030479932 
765 377 8 9 0.030376146 
453 423 9 12 0.030296022 
166 421 9 12 0.030025909 
645 432 7 9 0.029949188 
391 438 8 10 0.02986246 
303 504 10 12 0.029601488 
687 478 8 10 0.029496519 
167 413 8 10 0.029486166 
431 444 8 11 0.029180143 
384 398 9 11 0.029093951 
52 597 25 29 0.028817374 
946 426 12 17 0.028705763 
401 391 8 11 0.02814404 
753 456 7 10 0.028063897 
648 438 7 10 0.027948359 
361 391 9 11 0.027661555 
263 414 9 11 0.027449697 
138 413 12 14 0.027392821 
541 418 10 13 0.027344879 
726 440 8 10 0.027282549 
133 399 11 13 0.027136562 
549 461 11 15 0.026782408 
785 431 8 10 0.026718827 
131 410 19 22 0.026648981 
524 388 11 14 0.026580125 
152 400 17 21 0.026574329 
622 472 8 10 0.026545752 
15 447 9 12 0.026383132 
129 404 9 12 0.026378172 
622 424 7 9 0.026316276 
750 422 7 9 0.026143897 
996 436 10 13 0.026098024 
567 328 8 9 0.026029084 
765 431 8 10 0.025982747 
359 501 8 11 0.025967386 
166 407 9 12 0.02596448 
617 424 8 10 0.02591429 
344 493 8 12 0.025876867 
427 399 8 11 0.025814153 
524 422 10 14 0.025802597 
357 399 19 23 0.025760392 
726 414 8 10 0.025721926 
361 421 10 13 0.025637893 
686 501 12 13 0.025577735 
481 479 7 9 0.02550129 
299 397 11 15 0.0251931 
1008 386 17 27 0.025189746 
401 383 7 10 0.025069928 
428 437 11 12 0.024927653 
566 380 13 17 0.024876473 
425 405 9 12 0.02465338 
703 415 8 10 0.024624033 
1014 467 11 17 0.024501892 
582 493 9 12 0.024354016 
402 398 9 11 0.024275657 
553 396 11 16 0.024204973 
553 430 8 12 0.024171885 
849 139 55 88 0.024167784 
534 399 18 21 0.023982424 
495 473 9 12 0.023767106 
70 478 9 11 0.023754457 
671 482 9 10 0.02365343 
335 405 8 10 0.02348569 
707 394 18 21 0.023453873 
672 404 9 10 0.023323717 
487 416 9 12 0.023311714 
656 465 8 9 0.023254659 
447 504 7 9 0.022983259 
661 403 10 13 0.02296579 
481 486 7 9 0.022955803 
781 413 9 11 0.02295077 
0 508 9 16 0.022873526 
656 401 9 10 0.022855202 
449 426 10 13 0.022759605 
327 448 7 8 0.022697715 
1 415 8 11 0.022550331 
299 399 18 23 0.022541096 
310 414 8 10 0.02246278 
361 411 11 13 0.022443177 
641 432 9 11 0.02240079 
337 401 7 10 0.02239741 
535 419 12 13 0.022171 
144 431 10 13 0.022133859 
568 376 23 28 0.022119643 
110 400 17 23 0.02209242 
408 423 9 11 0.022081397 
214 272 19 29 0.021967983 
759 405 8 10 0.021940578 
455 495 8 10 0.02189324 
428 399 18 22 0.021827307 
769 447 8 10 0.021592837 
616 399 8 11 0.021556325 
754 471 7 9 0.021413434 
529 478 8 10 0.021412678 
66 477 8 11 0.021392293 
386 431 8 11 0.021384228 
21 453 12 15 0.021285607 
406 478 8 10 0.021234864 
6 487 10 12 0.021220466 
334 381 8 10 0.021154087 
-29 497 490 405 0.021136949 
422 412 10 11 0.021097591 
599 336 9 11 0.021084845 
350 393 10 12 0.021039797 
721 415 8 10 0.020908253 
477 431 10 12 0.020890076 
645 343 9 11 0.020736331 
687 406 8 9 0.020706046 
251 419 12 13 0.020604791 
758 391 8 10 0.020589065 
487 461 7 10 0.02058262 
399 421 9 11 0.020534903 
328 486 9 11 0.020505367 
343 488 8 10 0.020396182 
62 398 9 12 0.020348307 
402 488 7 9 0.020270707 
641 344 9 11 0.020261202 
679 388 9 11 0.02025556 
655 138 10 13 0.020208083 
376 382 8 11 0.020183178 
399 432 9 11 0.020150455 
6 462 8 12 0.020053988 
280 413 9 11 0.020014526 
