35_Basketball_basketballgame_ball_35_393
174
415 301 13 17 0.9320432 
676 285 13 19 0.9146963 
856 283 16 21 0.90779257 
703 301 13 17 0.8816923 
22 330 9 13 0.6943254 
118 225 8 10 0.6619761 
64 269 8 10 0.53213936 
95 228 7 10 0.49931502 
165 291 11 15 0.48613048 
126 315 9 11 0.44481444 
781 289 14 16 0.4154469 
109 235 9 12 0.36534807 
710 292 13 16 0.34404796 
71 229 7 10 0.3421534 
109 333 8 11 0.34005675 
20 240 8 10 0.31659105 
2 327 9 15 0.31601346 
82 333 9 12 0.31439447 
13 271 10 10 0.30362555 
70 225 7 10 0.2992665 
79 280 8 10 0.28989068 
93 316 9 12 0.26940477 
14 301 10 12 0.24625988 
51 334 8 11 0.2402368 
49 253 8 10 0.2387746 
111 231 9 11 0.23313683 
78 248 9 12 0.1895488 
79 285 9 11 0.18117818 
13 278 10 12 0.17647953 
86 329 8 10 0.1546863 
38 351 9 12 0.14234017 
17 243 10 13 0.13344157 
71 350 9 11 0.13321386 
32 256 9 10 0.12826407 
45 280 8 10 0.12265727 
133 327 9 11 0.11918153 
686 388 8 11 0.1103451 
66 229 9 12 0.10524888 
400 304 10 12 0.10332299 
430 352 9 11 0.099402964 
129 332 9 10 0.098029785 
79 291 9 10 0.092667475 
65 303 8 10 0.09241716 
807 316 11 15 0.09046056 
86 264 9 12 0.08736598 
71 237 9 10 0.08687729 
11 284 9 12 0.08686654 
41 297 8 11 0.082276784 
681 289 12 18 0.08204441 
783 310 19 27 0.08098879 
446 352 7 9 0.080946445 
69 264 8 10 0.077538766 
694 340 9 11 0.07609309 
21 361 11 13 0.074475355 
54 341 9 10 0.071851715 
9 302 10 12 0.070105016 
31 259 10 13 0.06736705 
89 302 8 11 0.06657737 
105 329 9 11 0.06584518 
137 286 9 11 0.06397975 
122 317 9 11 0.063165195 
47 328 9 11 0.06291807 
118 325 8 11 0.06278181 
657 292 11 14 0.06271041 
47 284 8 10 0.06149867 
64 237 8 10 0.061317578 
408 302 14 15 0.060738187 
682 383 9 12 0.06049506 
52 254 9 11 0.06046697 
373 220 12 13 0.060067907 
15 251 11 13 0.05996703 
661 292 13 15 0.058799032 
73 245 10 12 0.058639318 
65 360 7 9 0.05801564 
94 344 9 10 0.057018172 
46 295 8 10 0.056407012 
439 340 7 10 0.055218596 
798 284 11 14 0.055032164 
57 293 8 10 0.053062722 
89 351 8 11 0.05234348 
57 311 8 10 0.051234934 
677 316 9 13 0.0511096 
80 264 9 11 0.050457828 
41 278 8 11 0.04782738 
778 290 21 28 0.047817938 
13 263 12 15 0.04488675 
811 316 14 17 0.04414222 
143 328 9 11 0.04368322 
63 309 7 10 0.04342557 
94 326 8 11 0.042929605 
440 351 8 11 0.040437516 
798 314 13 17 0.03884456 
156 309 10 12 0.038694747 
8 294 10 13 0.038665418 
1 358 7 11 0.03652549 
79 269 9 11 0.036449123 
93 349 9 12 0.035002206 
16 361 9 11 0.034834955 
675 309 10 13 0.03475911 
158 302 10 11 0.034660373 
47 320 9 10 0.03439095 
64 350 9 11 0.034300648 
63 344 8 11 0.034275826 
8 255 9 12 0.03421873 
407 326 10 12 0.0339351 
105 233 8 10 0.033764638 
41 327 8 10 0.03373366 
699 421 8 11 0.03370508 
903 131 9 12 0.033340618 
21 251 11 13 0.033338547 
8 307 9 11 0.032704163 
148 332 11 13 0.03229186 
161 288 12 15 0.03162599 
715 289 11 14 0.031524252 
804 285 12 14 0.031421527 
446 356 7 10 0.030697064 
93 374 10 13 0.03043447 
424 357 10 12 0.030006716 
63 295 8 10 0.029912114 
57 350 8 10 0.029340027 
152 292 9 11 0.028998366 
73 278 9 11 0.028443936 
89 239 8 11 0.027665233 
18 328 9 11 0.02756475 
94 236 9 12 0.027545083 
5 358 9 12 0.027452119 
44 299 10 12 0.027369164 
790 306 21 30 0.027223986 
71 357 8 10 0.027011093 
463 351 6 8 0.026729707 
38 255 8 10 0.025997732 
91 224 9 11 0.025912112 
64 275 8 11 0.025846839 
0 320 8 13 0.025571777 
110 340 9 11 0.025496833 
32 343 8 10 0.025316171 
63 244 9 11 0.025172066 
90 311 9 12 0.025162138 
133 318 9 12 0.024918249 
463 357 7 10 0.024844686 
105 361 8 10 0.024713844 
18 299 11 13 0.02459213 
126 342 9 11 0.024570849 
121 344 8 10 0.024566356 
648 19 9 12 0.024343165 
775 423 11 12 0.024288807 
678 341 9 11 0.024027316 
18 328 19 22 0.023977576 
79 367 9 10 0.023957103 
7 320 9 12 0.023904273 
54 316 9 12 0.023826063 
658 317 11 15 0.023560734 
38 344 8 9 0.022999894 
152 217 8 10 0.022985244 
62 366 7 9 0.022873571 
686 318 11 16 0.022752678 
772 333 11 13 0.022350017 
55 288 8 10 0.022278454 
40 367 7 10 0.022008246 
86 359 8 10 0.021939995 
56 360 8 10 0.021835914 
789 280 12 14 0.021535005 
23 261 11 14 0.021492686 
422 366 9 11 0.021203052 
93 302 9 10 0.021009907 
562 280 7 10 0.021000322 
59 268 9 11 0.020903705 
95 334 8 10 0.020703549 
135 261 8 11 0.02047698 
21 268 10 13 0.020403834 
720 335 7 10 0.020370865 
104 366 8 9 0.020202475 
14 307 10 11 0.020128813 
686 404 8 9 0.020001696 
