35_Basketball_basketballgame_ball_35_276
64
491 131 58 66 0.99963295 
235 0 59 48 0.99947625 
277 165 55 75 0.99933475 
936 154 67 73 0.99931574 
14 -1 59 55 0.99903333 
67 182 56 63 0.99807537 
670 124 66 86 0.9973207 
961 43 53 68 0.9967997 
19 124 39 64 0.9853989 
424 47 66 57 0.9845197 
743 1 43 25 0.184531 
392 27 45 57 0.16130938 
967 15 52 67 0.1549498 
578 4 32 27 0.135379 
413 22 55 68 0.10552887 
979 -2 35 34 0.10253344 
167 0 46 47 0.084981054 
112 87 46 57 0.07534104 
991 461 14 18 0.07147269 
397 379 24 33 0.069875725 
407 491 17 22 0.068536974 
23 104 49 65 0.063050896 
748 4 42 46 0.062089372 
591 3 20 18 0.056237154 
940 548 14 16 0.054112423 
614 51 26 34 0.044940624 
582 10 34 41 0.041294023 
724 377 57 51 0.04012962 
147 0 44 46 0.039006047 
958 37 26 35 0.038660347 
1 1 28 45 0.03496523 
835 7 34 37 0.032858755 
999 522 24 31 0.03123197 
335 194 13 17 0.030854147 
890 27 33 40 0.030323895 
46 139 37 55 0.029110529 
789 33 46 55 0.027072497 
588 28 33 41 0.026634652 
814 41 16 19 0.026391607 
357 162 23 30 0.026263846 
471 370 29 31 0.026091794 
945 584 27 29 0.025924992 
3 0 12 13 0.025129462 
1005 530 15 18 0.024661936 
466 379 86 107 0.024245968 
177 330 33 51 0.024131898 
342 0 54 52 0.023929758 
0 25 10 19 0.023790384 
932 548 25 29 0.022913545 
318 7 53 49 0.022691606 
447 137 45 52 0.022552961 
54 159 51 71 0.02253772 
605 33 30 37 0.021824382 
546 253 26 33 0.021666924 
956 21 23 34 0.02141654 
49 118 33 48 0.021293467 
821 66 33 43 0.021110721 
942 52 25 38 0.020907722 
972 553 25 31 0.020796925 
190 1 32 40 0.020633316 
627 63 26 38 0.020572381 
354 14 55 54 0.02038043 
610 -1 15 13 0.02032009 
426 421 14 17 0.020032426 
