35_Basketball_basketballgame_ball_35_391
45
208 56 81 111 0.998623 
701 88 85 116 0.9984816 
537 78 83 109 0.9982101 
372 98 77 106 0.9952254 
900 593 45 52 0.22356918 
987 125 28 36 0.20159933 
477 342 54 60 0.13921846 
757 38 13 17 0.08222494 
479 66 17 21 0.076647915 
988 248 23 33 0.06642099 
873 163 17 20 0.060184397 
996 89 14 17 0.056480158 
514 60 13 17 0.054926597 
988 638 12 17 0.054390535 
870 605 44 54 0.047874633 
863 614 26 41 0.046596628 
23 209 34 40 0.04565994 
935 137 45 57 0.044093516 
129 157 38 48 0.044080433 
973 246 31 38 0.043127455 
0 394 12 22 0.03924675 
953 230 40 60 0.03769978 
557 366 69 83 0.037633795 
253 445 63 67 0.037114743 
1005 90 15 19 0.033187248 
938 158 27 38 0.03308126 
976 631 23 30 0.031090278 
148 48 17 22 0.030259958 
151 98 29 38 0.02968152 
60 241 16 21 0.028733015 
123 174 24 36 0.027093211 
294 100 11 16 0.026866669 
413 351 60 72 0.026182497 
281 527 147 212 0.02598941 
1001 133 18 25 0.025823727 
455 142 10 15 0.025638038 
985 174 17 23 0.024117507 
397 68 29 35 0.0228279 
956 129 17 22 0.02157784 
93 134 12 15 0.021567032 
1001 254 22 35 0.021268006 
17 377 15 19 0.021077361 
1011 96 13 18 0.021019079 
589 49 15 17 0.020788545 
941 175 17 21 0.020065935 
