35_Basketball_basketballgame_ball_35_216
687
370 169 19 23 0.7519619 
483 210 14 19 0.739992 
45 448 9 11 0.40760547 
119 432 7 11 0.36115918 
709 407 7 10 0.34832808 
294 394 10 13 0.34405634 
640 422 7 8 0.3133015 
103 393 7 10 0.3101493 
2 365 7 11 0.23452865 
553 486 8 10 0.22651814 
1013 431 8 12 0.18887962 
94 376 7 9 0.18466869 
229 416 8 9 0.18440443 
984 415 7 8 0.18391421 
67 415 7 9 0.18309608 
786 480 7 10 0.1824875 
1010 436 8 11 0.16609721 
7 360 7 9 0.16355339 
73 375 7 9 0.15095402 
97 413 7 10 0.14028473 
47 383 6 8 0.13713422 
46 408 7 9 0.1328332 
375 430 8 11 0.12841202 
29 352 8 10 0.12679626 
65 407 7 10 0.12588857 
120 391 7 8 0.12580623 
215 441 6 9 0.12084204 
143 398 6 9 0.11726364 
718 488 9 10 0.11599512 
24 398 7 8 0.11312801 
341 355 11 13 0.11278143 
637 492 8 11 0.10936746 
31 382 7 9 0.10893806 
663 415 8 11 0.10555639 
6 364 7 11 0.10410454 
789 478 8 11 0.10339662 
984 422 7 8 0.09892858 
83 358 7 9 0.09516031 
49 337 6 8 0.09477577 
38 329 7 9 0.0939661 
193 416 7 9 0.09213604 
87 433 6 9 0.0921274 
240 391 7 9 0.09135126 
984 381 7 10 0.09072226 
231 374 7 9 0.090144314 
113 409 7 9 0.089665696 
1002 408 7 10 0.08775997 
58 400 7 9 0.08659069 
169 446 8 10 0.08520982 
319 455 6 9 0.08510537 
46 358 7 10 0.08339926 
887 342 8 10 0.083089024 
694 426 7 9 0.08218878 
69 351 8 10 0.08217098 
536 408 6 9 0.08213667 
129 437 8 9 0.08069549 
681 495 7 9 0.08033484 
1009 385 9 11 0.078651376 
355 407 6 8 0.07826817 
103 415 8 11 0.07779249 
415 464 6 8 0.07722764 
64 369 6 9 0.077134416 
878 385 7 8 0.075017594 
211 440 7 9 0.07421794 
42 359 7 9 0.07375273 
919 399 8 11 0.073131435 
193 422 7 8 0.07311346 
248 343 8 10 0.073065914 
55 336 7 9 0.07244687 
242 440 6 8 0.070811026 
864 480 7 9 0.070797816 
944 397 8 9 0.07074656 
10 391 7 9 0.07071824 
42 390 8 10 0.070171915 
557 484 8 10 0.07006486 
177 423 6 9 0.06971409 
14 303 8 10 0.06967991 
889 361 8 10 0.068847455 
82 432 7 8 0.06796118 
96 409 7 10 0.06746214 
867 414 7 9 0.06721746 
198 414 7 9 0.067130215 
488 -91 503 552 0.06581258 
175 383 8 10 0.06541982 
297 318 10 10 0.065342665 
66 420 7 9 0.06525363 
24 423 7 9 0.064977 
43 383 6 8 0.06486356 
829 416 8 11 0.06400837 
968 415 7 9 0.06370879 
103 352 7 9 0.06344405 
546 487 9 11 0.06336718 
593 479 8 10 0.06331378 
863 485 8 10 0.0631155 
199 431 7 9 0.0622685 
9 337 7 10 0.062198512 
88 437 6 9 0.06193815 
634 490 8 10 0.060355086 
87 353 6 8 0.060283985 
23 263 7 9 0.06018817 
120 325 9 10 0.0596117 
552 505 10 11 0.059556365 
877 390 8 10 0.059497982 
33 287 6 8 0.059178837 
645 421 7 9 0.059125792 
65 373 6 9 0.05902469 
558 425 7 9 0.058729235 
974 400 7 10 0.058485985 
966 367 8 11 0.057977773 
23 415 8 11 0.057882335 
394 455 7 8 0.057568025 
25 393 7 10 0.057099298 
912 423 7 9 0.05643384 
550 462 8 10 0.05616919 
376 424 8 10 0.054545276 
157 431 8 10 0.05449398 
722 360 7 10 0.053895973 
71 422 6 9 0.05348617 
40 377 8 9 0.05334683 
1015 423 8 12 0.053235564 
99 391 8 10 0.05286194 
462 124 23 30 0.05280708 
136 448 8 10 0.05254873 
39 302 6 8 0.052475657 
35 328 6 9 0.05236347 
591 501 8 10 0.05234677 
663 420 8 10 0.051640667 
568 480 8 9 0.051452957 
1005 413 8 10 0.05113965 
79 376 7 9 0.05082262 
151 352 8 9 0.0505752 
114 343 7 9 0.05045444 
98 310 7 10 0.05013488 
97 352 7 8 0.049991466 
375 163 25 34 0.04985484 
1009 502 8 10 0.04979931 
216 376 7 9 0.04939971 
158 421 7 10 0.04929617 
70 408 7 9 0.048732642 
1001 326 8 10 0.0481513 
664 408 8 9 0.047625836 
854 382 7 10 0.047488358 
255 400 8 9 0.047472864 
240 367 8 9 0.047394127 
48 272 7 9 0.046864916 
32 377 6 9 0.04661783 
313 -64 388 506 0.046260267 
139 399 6 8 0.04622599 
410 465 7 8 0.045948945 
115 432 8 10 0.04588666 
118 343 6 8 0.045270942 
41 414 7 8 0.04484739 
814 479 7 10 0.04482579 
943 376 7 9 0.04478974 
442 471 6 8 0.04470025 
98 464 8 10 0.04461266 
854 375 7 9 0.044549935 
577 487 8 11 0.04447297 
560 447 8 10 0.044315748 
809 471 7 9 0.0442474 
9 385 8 10 0.044140305 
535 477 8 10 0.04405462 
358 406 7 9 0.043751687 
98 447 8 10 0.04326672 
134 432 7 9 0.043238357 
185 438 7 9 0.043166164 
968 422 7 9 0.043041673 
689 478 8 9 0.043014713 
678 438 8 10 0.042858884 
39 297 7 8 0.042687986 
574 400 9 10 0.042536505 
426 471 6 8 0.04251393 
543 478 8 11 0.04234868 
894 470 8 9 0.04179066 
278 415 8 10 0.04156902 
153 382 8 10 0.0415606 
471 472 8 10 0.04142986 
1000 421 9 10 0.041318443 
632 408 6 9 0.041316163 
39 334 8 10 0.04126475 
193 400 7 9 0.041096006 
799 438 7 9 0.041060373 
695 478 6 8 0.04102692 
200 352 7 9 0.04095947 
962 464 6 8 0.04095437 
1002 414 7 9 0.040940795 
934 480 7 9 0.040935013 
176 416 6 8 0.040858187 
106 421 7 9 0.040824402 
61 400 8 9 0.04069502 
143 358 7 9 0.040607397 
344 392 8 11 0.040515896 
529 487 8 11 0.040501434 
825 440 6 8 0.04046019 
885 479 8 11 0.040443163 
79 409 8 9 0.040414497 
641 399 7 8 0.040393367 
247 440 6 9 0.040363945 
158 416 7 10 0.040307477 
49 341 7 10 0.040168095 
122 456 7 10 0.040118515 
1015 443 8 12 0.040080093 
602 351 9 10 0.040047232 
369 415 8 10 0.040036403 
79 414 7 9 0.040022757 
392 448 7 10 0.039845157 
952 359 7 9 0.03977858 
240 385 7 9 0.03964107 
121 464 7 8 0.039617427 
570 398 8 10 0.039613597 
590 439 7 9 0.039546113 
120 385 7 9 0.039510325 
32 302 8 9 0.03932866 
14 384 7 10 0.039259866 
55 342 7 9 0.03904516 
176 344 7 9 0.039000727 
1008 319 8 10 0.038985938 
714 391 7 9 0.03896748 
478 127 13 21 0.038940098 
765 471 8 10 0.038858473 
814 455 7 10 0.0387496 
168 441 7 9 0.03873016 
14 336 7 9 0.038688373 
954 383 7 9 0.038472377 
166 329 7 9 0.038379095 
230 352 9 10 0.03818232 
73 336 7 8 0.03807065 
24 367 6 8 0.038060576 
905 480 7 9 0.037907206 
422 456 7 8 0.03788027 
486 477 8 11 0.037724353 
263 360 8 9 0.03770158 
631 374 8 9 0.037644893 
241 398 7 9 0.03760078 
127 454 8 10 0.037592433 
670 479 7 10 0.03751665 
478 495 7 8 0.037501346 
40 342 7 9 0.037486248 
767 486 7 9 0.03738922 
347 455 6 9 0.037376143 
778 480 7 9 0.03725334 
207 392 7 9 0.0372376 
398 455 8 9 0.037231892 
928 430 8 10 0.037215263 
177 429 6 9 0.037120033 
663 495 7 9 0.03693327 
944 495 7 9 0.036888126 
798 433 7 9 0.03673749 
582 471 7 10 0.03662919 
65 328 7 8 0.036548983 
82 353 8 9 0.03653438 
90 375 7 9 0.036453236 
1008 497 8 11 0.03644549 
352 455 7 9 0.03640673 
830 455 7 10 0.03636786 
930 480 7 9 0.036291182 
312 371 9 12 0.036264174 
154 422 8 10 0.03619972 
95 433 8 9 0.036052838 
911 480 6 8 0.03592322 
585 445 8 10 0.035854824 
116 437 7 10 0.03573207 
130 416 6 8 0.035648376 
446 381 9 11 0.03564622 
961 479 7 10 0.035447508 
937 375 7 9 0.035444763 
102 305 8 9 0.035429757 
285 311 8 9 0.035385054 
441 496 7 8 0.035362452 
731 510 7 10 0.035311196 
936 382 8 10 0.035307873 
209 376 6 9 0.03517061 
936 449 7 10 0.03503568 
142 448 7 9 0.03503359 
48 353 6 8 0.034967307 
398 463 7 8 0.03485574 
785 367 7 9 0.034820743 
610 494 8 11 0.034799512 
658 497 6 9 0.03475948 
15 270 7 9 0.03455848 
905 406 6 9 0.034490623 
294 430 11 13 0.03439397 
26 357 8 10 0.034232777 
32 343 7 9 0.034216195 
870 409 8 10 0.03414184 
41 396 8 10 0.034063604 
210 456 7 9 0.03404298 
614 399 7 9 0.03402629 
26 382 9 10 0.03396886 
102 439 7 9 0.0339592 
370 438 8 10 0.033954255 
842 446 8 10 0.033896778 
498 84 33 34 0.033836886 
343 472 7 8 0.03375787 
911 417 7 8 0.03375605 
159 389 7 9 0.033566456 
703 496 7 8 0.033537816 
177 454 7 9 0.033316314 
246 366 7 9 0.033275597 
863 438 8 10 0.033265475 
841 432 7 9 0.03320466 
623 504 9 10 0.03305548 
98 455 7 10 0.032995 
337 350 11 14 0.03296512 
374 408 8 10 0.032807983 
373 414 9 10 0.032806903 
855 408 7 9 0.03274617 
554 423 8 10 0.03267816 
15 398 8 9 0.03263555 
865 409 8 10 0.03250983 
689 472 7 11 0.032493412 
386 447 7 9 0.032415424 
598 477 9 12 0.032414608 
1 336 7 10 0.032368284 
551 491 8 10 0.032326303 
517 165 16 19 0.0322158 
529 479 8 10 0.032146093 
997 455 9 10 0.032137394 
783 439 8 10 0.032074273 
143 326 8 10 0.03206127 
1005 408 8 10 0.032012302 
102 446 7 9 0.031895384 
871 438 7 10 0.031842478 
143 394 8 9 0.03178562 
360 456 7 9 0.031781673 
766 477 7 10 0.03175297 
225 392 6 9 0.031752206 
232 369 8 9 0.03172321 
559 408 7 8 0.031668257 
577 470 8 10 0.03165807 
158 384 7 10 0.031566016 
686 365 8 10 0.031542905 
747 439 7 9 0.031459037 
575 374 8 10 0.031441752 
895 383 7 10 0.03140026 
184 433 7 8 0.031259764 
198 409 8 9 0.031237733 
551 405 7 9 0.031111617 
97 358 7 9 0.03090947 
978 486 7 10 0.030781757 
175 389 8 10 0.030755267 
744 384 7 9 0.030673262 
17 423 7 9 0.030569281 
432 471 6 8 0.030513078 
368 463 6 8 0.030510569 
585 440 8 10 0.030407045 
374 436 8 10 0.030345628 
278 367 8 10 0.030316835 
696 503 7 9 0.030310849 
606 471 8 10 0.03025148 
575 422 7 9 0.030213386 
80 424 6 8 0.030209022 
249 348 9 11 0.030171918 
64 335 7 8 0.030115515 
405 449 8 9 0.03009332 
1002 321 8 9 0.02999333 
601 471 9 11 0.029953957 
975 357 8 10 0.029946117 
977 471 7 9 0.029939821 
602 421 7 10 0.029889043 
47 377 8 9 0.029832626 
58 304 7 9 0.029686728 
657 502 7 10 0.02967407 
279 390 8 10 0.029634537 
839 486 7 9 0.02943378 
1014 501 7 11 0.029395612 
39 280 7 9 0.029340489 
193 408 7 9 0.029326161 
665 472 7 9 0.029285103 
336 417 7 9 0.029271 
261 302 9 11 0.029214522 
485 452 8 11 0.0291824 
55 423 8 10 0.02908953 
645 416 8 11 0.029080212 
73 431 7 9 0.029049547 
223 457 6 8 0.029037567 
649 406 7 9 0.028909273 
54 382 8 9 0.02885425 
96 381 7 9 0.028820693 
870 335 7 9 0.028700352 
811 477 7 10 0.028615138 
38 311 8 10 0.02858975 
719 390 7 9 0.028586447 
974 405 8 10 0.028431777 
570 462 8 11 0.02841062 
25 375 8 9 0.02839113 
152 464 7 9 0.028287651 
34 334 7 9 0.02824017 
753 494 7 9 0.028218161 
41 365 9 10 0.028209914 
45 398 8 9 0.028192412 
863 432 8 10 0.028085172 
216 456 7 9 0.02802127 
880 358 7 10 0.02800033 
130 449 7 9 0.027996585 
367 390 7 9 0.027981063 
384 397 8 10 0.02785687 
576 480 8 9 0.027785884 
958 383 8 10 0.02773684 
982 478 9 11 0.027696883 
1 406 7 9 0.027687317 
601 416 8 10 0.027642317 
833 512 9 11 0.027609948 
281 359 7 8 0.027574154 
813 461 8 10 0.027546592 
50 318 8 10 0.027500074 
197 514 10 13 0.027474668 
984 409 7 10 0.027467977 
615 463 7 9 0.027464407 
400 449 8 9 0.027393665 
348 357 9 11 0.027359061 
447 470 6 9 0.027320145 
56 310 7 9 0.02728588 
601 464 7 9 0.027272569 
623 424 6 9 0.027266713 
272 352 8 9 0.027247006 
632 414 7 9 0.027237013 
486 448 9 11 0.02721569 
247 360 8 9 0.02716069 
254 350 8 9 0.027156701 
303 376 8 10 0.027096115 
881 513 8 10 0.027060462 
249 416 6 8 0.02703849 
1015 407 7 10 0.02700463 
998 448 9 10 0.026999226 
24 296 7 9 0.026960928 
574 455 7 9 0.026874918 
880 352 6 9 0.026861127 
82 438 7 8 0.026849337 
643 94 35 39 0.026846586 
232 391 7 8 0.026837701 
871 464 7 9 0.026820105 
90 415 7 9 0.026814245 
550 399 9 11 0.026807858 
101 455 8 11 0.026718283 
479 467 9 12 0.026683202 
723 422 7 9 0.026676254 
479 447 9 11 0.026662497 
959 335 8 9 0.026611377 
154 407 7 9 0.026606085 
698 496 6 9 0.026600799 
682 389 7 10 0.026447155 
409 469 7 8 0.026423898 
24 281 6 8 0.026402282 
73 381 7 9 0.026356667 
879 397 7 10 0.02631111 
870 478 8 10 0.026297515 
441 465 6 8 0.026290385 
670 400 7 9 0.026287625 
626 416 7 9 0.026255997 
557 508 9 12 0.026195593 
151 375 8 10 0.026194924 
111 392 8 9 0.026135208 
720 384 7 9 0.026116246 
168 366 8 9 0.026112512 
918 471 8 10 0.02608678 
79 381 7 9 0.026043274 
681 367 8 10 0.02601442 
78 335 7 9 0.025972769 
502 189 16 24 0.02593517 
152 470 7 9 0.025885621 
909 319 9 11 0.02588079 
144 352 7 10 0.025772445 
752 489 7 8 0.025737597 
1 340 8 11 0.025727881 
576 492 9 11 0.025724038 
863 513 8 10 0.025721788 
866 334 7 9 0.025719076 
671 485 7 10 0.025555676 
192 431 7 9 0.025521498 
465 480 7 9 0.02550034 
695 375 9 11 0.025462825 
65 446 7 10 0.025434587 
33 281 7 9 0.025398355 
576 448 7 9 0.025360301 
727 359 7 9 0.025349684 
904 400 7 9 0.0253307 
686 495 7 9 0.025286837 
889 408 7 10 0.025285227 
569 423 7 10 0.025217623 
321 278 17 20 0.025211705 
110 456 8 10 0.025144098 
117 414 8 9 0.025128717 
58 406 7 9 0.025115216 
344 431 6 9 0.025006494 
866 328 7 10 0.024975367 
14 320 8 10 0.024928255 
352 431 7 9 0.02492819 
266 415 6 9 0.024916835 
470 476 8 10 0.024749095 
460 373 11 12 0.024730232 
969 407 7 9 0.024695063 
194 470 8 10 0.024694005 
169 376 7 9 0.024672136 
545 400 7 9 0.024652801 
473 488 8 10 0.024558792 
647 400 7 8 0.024518099 
39 441 9 10 0.024510408 
858 487 8 10 0.024497928 
690 430 9 11 0.024495145 
793 432 8 9 0.024435319 
974 352 9 11 0.024381291 
976 416 7 9 0.024374118 
858 438 7 9 0.02433389 
789 484 8 10 0.024294514 
263 335 8 9 0.024290772 
581 487 8 9 0.02426763 
249 399 7 10 0.024253212 
474 493 8 10 0.024141805 
385 470 7 9 0.02412712 
1000 392 7 9 0.024125202 
872 471 7 9 0.024075484 
385 439 7 9 0.024066193 
306 407 8 10 0.024048818 
384 392 8 10 0.024023293 
869 485 9 11 0.024021616 
232 383 7 9 0.024009164 
272 335 8 10 0.02398127 
839 464 8 10 0.023939751 
682 20 415 522 0.023913326 
215 352 7 8 0.023881257 
110 422 8 9 0.023824409 
102 384 7 9 0.023820521 
453 500 8 12 0.02380795 
944 454 7 8 0.023783093 
484 199 21 28 0.023716573 
103 433 7 9 0.023714606 
137 393 7 9 0.023610987 
31 391 7 10 0.023585564 
810 462 8 10 0.023559388 
33 296 7 9 0.02355556 
832 497 7 8 0.023529088 
721 377 7 9 0.023470951 
970 400 8 9 0.02345736 
916 454 10 12 0.023437696 
545 456 8 11 0.023315085 
666 488 7 9 0.023278084 
857 432 8 10 0.023135768 
741 463 9 11 0.023123676 
966 479 7 10 0.02311493 
272 375 7 9 0.023099527 
590 431 9 10 0.023039052 
183 463 8 9 0.022999851 
1008 425 17 24 0.0229481 
737 464 8 10 0.022869188 
896 409 7 9 0.022764968 
902 441 7 9 0.022704696 
534 487 8 11 0.022687603 
115 426 18 23 0.022649184 
815 484 8 10 0.022619931 
906 423 7 9 0.022567544 
58 368 7 9 0.022537902 
969 328 7 10 0.022493962 
606 422 8 10 0.02247431 
176 349 7 9 0.022447921 
978 383 7 10 0.02243602 
991 416 7 8 0.022427483 
993 335 8 10 0.022425558 
934 464 7 9 0.022424141 
741 502 7 9 0.022423841 
903 485 8 9 0.02238782 
56 375 7 9 0.022372263 
383 361 8 10 0.022361025 
352 111 22 29 0.022360371 
694 473 7 9 0.022246167 
871 432 8 10 0.02224117 
910 344 7 8 0.022179035 
373 171 39 51 0.022173101 
585 431 8 9 0.02216536 
353 382 8 10 0.022149345 
762 439 7 9 0.022124594 
224 383 6 9 0.022098245 
11 309 8 10 0.022035727 
553 389 8 10 0.022007473 
255 328 8 10 0.021993564 
859 479 7 9 0.021990515 
263 399 7 9 0.021986334 
481 478 9 11 0.021975838 
873 398 8 9 0.021967918 
225 368 7 9 0.021962902 
977 318 7 9 0.021944335 
158 408 7 9 0.021943755 
233 470 8 10 0.021905968 
791 472 6 8 0.021886747 
112 414 8 10 0.02185009 
890 389 8 10 0.021831255 
122 367 7 9 0.021797968 
913 302 7 9 0.021740584 
543 406 7 9 0.021728389 
464 485 7 10 0.02172733 
810 448 6 8 0.02164283 
600 512 9 12 0.021624273 
48 294 8 9 0.02161859 
735 369 6 9 0.021615846 
173 449 8 9 0.021606933 
425 372 8 11 0.021602286 
241 360 7 9 0.021590618 
890 496 8 10 0.021585142 
225 397 8 10 0.021573272 
272 312 8 10 0.021514656 
738 503 7 9 0.021514578 
616 489 7 9 0.021508517 
367 152 27 34 0.021475911 
917 448 9 11 0.021461992 
919 479 7 9 0.02143369 
930 374 7 9 0.02142429 
891 471 7 10 0.021403354 
55 351 7 9 0.021385765 
535 392 7 10 0.02138519 
589 446 8 10 0.021356823 
881 483 8 11 0.021316279 
623 431 7 9 0.021299336 
63 303 8 10 0.021294227 
946 489 7 9 0.021291502 
687 384 8 9 0.021265624 
193 392 7 8 0.021264926 
353 424 7 9 0.021235738 
842 438 8 11 0.021224879 
105 358 6 9 0.021213813 
125 463 8 10 0.02118178 
888 337 8 9 0.021171061 
279 352 8 9 0.021159522 
393 463 6 8 0.021119248 
247 336 8 9 0.021115009 
857 494 8 10 0.02111022 
374 374 9 10 0.021096902 
635 422 7 9 0.021063033 
569 367 8 10 0.021030527 
671 510 7 9 0.021025782 
178 499 9 11 0.020989647 
881 336 6 9 0.02098876 
105 365 7 9 0.020988148 
281 383 8 10 0.02098604 
680 488 8 9 0.020984847 
590 510 9 12 0.020974342 
679 374 7 9 0.02097307 
441 478 9 10 0.020921329 
585 391 8 10 0.0209192 
288 487 8 11 0.020917706 
370 373 8 10 0.02091755 
569 456 8 9 0.02091214 
785 473 7 8 0.020907804 
385 465 7 9 0.020893933 
16 375 7 9 0.020870287 
392 414 7 9 0.02084309 
826 454 8 11 0.020816088 
609 489 7 10 0.0208065 
584 423 7 10 0.02079756 
217 381 7 9 0.020788064 
826 496 7 9 0.02076658 
49 424 8 10 0.020764966 
9 397 8 10 0.020756599 
297 486 8 11 0.020743651 
454 496 8 11 0.02073201 
855 414 7 9 0.020726426 
777 438 8 10 0.02070803 
87 367 7 9 0.020661525 
583 479 7 10 0.020648187 
273 368 7 10 0.020642942 
703 502 7 9 0.020621538 
340 343 12 14 0.020607078 
263 366 8 9 0.020565324 
153 437 8 9 0.020565106 
902 350 8 11 0.020564953 
1002 375 7 9 0.02055085 
666 477 8 11 0.020543184 
249 422 6 8 0.020507349 
519 486 8 10 0.020497637 
735 510 7 11 0.020475663 
515 471 7 9 0.020408789 
255 405 7 10 0.020377908 
613 492 9 11 0.020371208 
248 327 7 9 0.020348914 
886 447 7 9 0.020331468 
16 367 7 8 0.020330073 
57 256 8 10 0.020327795 
894 388 8 11 0.020295562 
497 495 7 9 0.020252239 
802 359 8 10 0.020210778 
225 340 7 9 0.020170512 
960 421 8 10 0.020146575 
49 289 7 9 0.020139296 
928 406 7 9 0.020100959 
343 416 8 10 0.020093014 
912 496 7 9 0.02008313 
138 359 7 9 0.020065617 
898 376 7 8 0.020017967 
