35_Basketball_basketballgame_ball_35_290
498
908 136 32 39 0.99887615 
641 120 32 45 0.9958112 
474 177 32 45 0.9919574 
410 257 40 44 0.98840815 
59 203 18 23 0.89428484 
142 327 12 16 0.8930154 
4 315 12 16 0.82165 
5 238 9 12 0.5503466 
535 231 24 35 0.5365241 
153 310 9 10 0.45618 
428 360 13 18 0.40563366 
137 301 9 12 0.3833397 
9 269 9 10 0.38173097 
33 231 10 13 0.36060095 
32 267 9 11 0.34559026 
160 350 11 15 0.3267297 
52 284 9 12 0.30985355 
2 231 8 13 0.23968783 
46 195 8 10 0.23502895 
111 223 7 9 0.22973801 
158 230 8 10 0.21941704 
418 356 21 28 0.21016946 
5 225 8 11 0.2090787 
14 206 10 13 0.18629402 
216 323 10 15 0.18181883 
199 269 11 13 0.17048328 
37 222 12 15 0.16843763 
129 208 8 11 0.16310015 
22 207 8 11 0.15015703 
103 213 8 10 0.14298545 
13 198 9 11 0.14207445 
201 261 9 12 0.14093941 
161 295 8 10 0.13546793 
421 215 8 10 0.13451768 
124 285 8 12 0.13395664 
23 192 8 11 0.1300834 
207 335 8 11 0.12771031 
198 222 7 9 0.12661053 
127 212 8 11 0.12529287 
64 189 9 10 0.12119631 
58 238 8 11 0.117191665 
762 275 28 32 0.116539605 
113 230 7 9 0.11631831 
123 341 13 15 0.116280794 
222 198 8 9 0.115480095 
413 348 15 18 0.111217104 
42 192 8 10 0.11028016 
369 221 8 9 0.10886665 
159 303 9 12 0.107677884 
30 245 12 15 0.10487568 
30 173 9 11 0.104649186 
224 270 9 12 0.10264222 
559 190 13 16 0.102216676 
589 192 9 12 0.10190734 
35 264 10 12 0.09859971 
200 255 10 11 0.09651125 
55 157 8 9 0.09385093 
281 232 6 8 0.091358386 
60 373 14 18 0.090389356 
133 207 8 10 0.08862955 
461 317 14 16 0.08428551 
167 287 8 11 0.083849244 
437 209 9 11 0.083275065 
129 231 7 9 0.08051452 
122 276 9 12 0.079784356 
231 269 9 13 0.07975674 
8 181 8 10 0.079066455 
47 325 12 16 0.07848929 
65 183 8 11 0.077952586 
593 303 8 10 0.07736914 
248 239 8 10 0.07607591 
88 175 6 9 0.07565645 
112 240 9 11 0.074660696 
218 257 6 8 0.073921844 
169 308 8 10 0.072861224 
145 260 8 11 0.07281137 
253 215 8 10 0.0724406 
621 328 9 10 0.07235964 
129 188 7 10 0.07185369 
39 154 7 8 0.07113867 
175 247 7 9 0.0710432 
162 247 8 10 0.07066057 
88 197 8 10 0.070331715 
166 304 9 10 0.06999096 
80 191 7 10 0.06989567 
184 268 9 11 0.06906564 
215 279 8 10 0.0689103 
263 257 8 10 0.06889142 
280 217 7 8 0.06822528 
296 240 7 9 0.0679291 
144 255 9 12 0.067645386 
110 182 7 9 0.06678506 
7 192 8 10 0.06590615 
96 198 8 10 0.0656807 
120 240 8 10 0.06556268 
230 332 10 12 0.06513532 
232 256 7 8 0.06433948 
283 302 29 28 0.06370588 
183 240 7 9 0.06284142 
57 135 7 9 0.062423907 
407 357 24 31 0.06238843 
152 247 6 8 0.062223706 
450 219 14 17 0.06200154 
845 336 8 10 0.06149664 
397 282 49 49 0.061333094 
122 216 7 8 0.06108734 
269 287 12 15 0.060484335 
1 192 7 10 0.060187597 
222 292 7 10 0.05971617 
24 263 10 12 0.059627578 
451 215 11 13 0.059597854 
207 278 8 11 0.059537888 
102 209 8 10 0.059424035 
222 288 8 9 0.0587498 
202 239 7 9 0.058678012 
48 280 11 14 0.0582136 
284 407 34 39 0.05815179 
598 303 8 9 0.057961218 
23 151 7 9 0.057959676 
578 331 10 13 0.057861447 
646 288 10 10 0.057789754 
271 249 8 9 0.057568602 
33 168 7 10 0.057190605 
400 259 13 18 0.05708607 
607 311 7 9 0.056702215 
162 253 8 10 0.05667521 
217 285 8 10 0.05666988 
222 194 8 9 0.056634594 
17 192 8 10 0.056346558 
360 239 9 11 0.055913944 
124 291 10 14 0.055379655 
408 224 8 10 0.0551366 
70 176 7 10 0.05469823 
10 204 10 13 0.054551546 
39 169 7 9 0.054398876 
41 301 9 10 0.054234847 
14 287 9 10 0.053304132 
152 315 9 11 0.053144626 
190 254 7 10 0.052995715 
33 223 9 13 0.05282242 
287 239 7 9 0.05279419 
0 150 8 12 0.05257359 
865 336 9 12 0.052562166 
266 209 7 8 0.05253807 
119 232 7 8 0.05186678 
259 257 7 10 0.05061897 
619 350 10 12 0.05025998 
137 168 7 9 0.050195206 
54 191 9 10 0.049517468 
136 239 7 9 0.049279228 
38 173 8 10 0.049223635 
127 223 7 9 0.049051456 
215 348 10 13 0.048687726 
125 272 8 11 0.04811654 
823 329 9 11 0.047969032 
158 224 8 11 0.0478712 
167 246 7 10 0.04784382 
250 192 7 9 0.047837023 
127 169 7 8 0.047707118 
303 224 7 9 0.047308918 
186 255 8 10 0.047195625 
149 255 8 10 0.04712789 
106 221 8 10 0.047012053 
217 261 7 9 0.046847906 
206 239 7 9 0.04681837 
352 215 7 9 0.04668237 
224 256 6 8 0.046524454 
216 239 7 9 0.04624389 
152 239 7 10 0.045448408 
254 193 7 9 0.045433927 
120 207 7 10 0.04535119 
7 255 9 12 0.045291014 
31 214 8 12 0.04494085 
175 280 9 10 0.04444687 
207 233 7 8 0.04418915 
68 310 10 12 0.044047453 
119 345 12 15 0.04399612 
0 286 7 12 0.04396863 
31 192 8 10 0.043903373 
120 223 7 8 0.04366017 
112 198 8 10 0.043647557 
111 217 7 10 0.04341884 
894 446 11 16 0.04331127 
272 215 7 9 0.043124158 
62 213 12 16 0.0428333 
80 196 8 11 0.04278993 
111 260 9 11 0.042105842 
111 191 8 10 0.04180586 
159 238 8 9 0.041458305 
11 262 11 14 0.04107055 
21 335 10 12 0.041047823 
232 263 8 11 0.04085063 
158 278 8 10 0.04084047 
270 207 7 10 0.040798686 
48 128 6 9 0.040570516 
23 230 9 11 0.040053573 
407 207 7 9 0.03997958 
639 270 10 13 0.039900325 
107 182 6 9 0.039659265 
272 254 8 10 0.039533205 
248 286 8 10 0.039002243 
217 271 8 11 0.038932495 
137 246 8 9 0.03882244 
598 297 9 10 0.038728494 
31 180 9 10 0.0385915 
144 241 8 8 0.038581226 
134 232 7 9 0.03846686 
119 288 11 16 0.038296044 
353 238 9 11 0.038140036 
177 269 8 9 0.038074072 
104 231 7 9 0.038052246 
112 206 8 10 0.037938554 
201 247 8 9 0.037899032 
48 294 9 12 0.03737574 
53 292 10 13 0.037374396 
190 270 9 11 0.03726154 
406 356 14 19 0.03723563 
579 100 454 527 0.036955062 
128 239 7 10 0.03685568 
327 223 9 10 0.036715493 
398 224 7 10 0.036495894 
10 112 8 11 0.036342833 
176 241 8 9 0.03618845 
14 85 8 9 0.036056895 
136 253 8 12 0.03600119 
135 200 7 9 0.03580848 
304 193 7 10 0.035805468 
282 237 7 9 0.03559941 
399 257 25 33 0.035545975 
222 207 8 9 0.035470586 
224 329 11 15 0.03530954 
699 196 35 35 0.035229065 
23 223 8 10 0.0352002 
173 310 8 11 0.03516339 
24 144 7 9 0.03496333 
161 145 6 9 0.034928065 
436 390 11 13 0.034680802 
265 222 7 9 0.034508284 
102 199 7 10 0.034317493 
165 292 9 12 0.034083933 
439 220 10 12 0.034077015 
288 222 7 8 0.03397579 
228 327 11 13 0.033777583 
238 277 8 9 0.03371186 
64 316 11 13 0.033677 
238 262 8 9 0.03367623 
337 239 7 9 0.0334106 
463 345 12 14 0.03340179 
365 238 8 11 0.03338072 
393 228 9 10 0.033290923 
830 210 10 13 0.033182874 
551 190 13 16 0.032677867 
951 131 12 16 0.032443665 
888 454 10 14 0.03234917 
130 256 8 9 0.03231561 
154 224 8 10 0.032206614 
392 223 8 10 0.03218797 
345 210 6 8 0.031995837 
779 257 14 16 0.03192602 
42 128 7 8 0.031919375 
121 167 7 9 0.03189556 
640 289 11 11 0.031867772 
191 249 7 9 0.03183247 
169 183 7 8 0.03168747 
14 255 9 12 0.031547543 
434 361 13 18 0.03153402 
224 275 8 12 0.031504616 
344 231 8 9 0.03128731 
183 216 7 9 0.03127105 
24 181 8 10 0.031243853 
45 301 9 11 0.03105571 
220 320 11 14 0.031035142 
231 238 6 9 0.030935695 
80 300 11 14 0.030888552 
829 332 9 11 0.0307608 
304 229 7 9 0.030604104 
192 284 9 12 0.030452332 
281 222 7 9 0.030353239 
183 277 8 10 0.030238966 
143 246 8 10 0.030170059 
430 354 21 28 0.030140663 
414 200 7 9 0.030132372 
641 317 8 10 0.030087044 
456 362 13 17 0.030021964 
885 258 16 17 0.029934691 
63 103 7 8 0.029883787 
373 216 8 10 0.029757313 
111 176 6 8 0.029751042 
297 216 7 8 0.029716944 
194 200 7 8 0.029713515 
97 384 10 12 0.029712146 
97 206 8 11 0.02963271 
49 253 9 12 0.029630106 
255 209 7 9 0.029606419 
297 192 8 10 0.029480565 
136 262 7 10 0.029477619 
32 127 7 10 0.029343532 
236 332 11 16 0.029303495 
41 135 7 8 0.029296223 
57 183 7 10 0.029161278 
297 223 8 9 0.029018307 
25 168 8 10 0.028851094 
264 192 8 9 0.02882393 
274 232 6 9 0.028778147 
176 191 8 9 0.028703906 
451 283 11 14 0.028655855 
766 230 14 17 0.028482033 
15 224 10 11 0.028426943 
615 311 9 10 0.028386286 
383 248 7 10 0.028361764 
421 210 8 9 0.028241588 
311 214 7 9 0.028224675 
28 207 9 11 0.028196968 
37 277 11 14 0.028190937 
346 213 8 10 0.028080128 
81 175 8 9 0.027875936 
168 241 7 9 0.027809864 
46 167 7 9 0.027721344 
540 78 14 16 0.02762227 
839 329 8 11 0.027608713 
17 159 7 9 0.02760427 
291 293 19 18 0.027576815 
192 182 7 9 0.027524346 
332 300 14 19 0.027428677 
192 276 9 12 0.027296118 
230 349 9 12 0.02727058 
29 196 8 10 0.0272388 
1 213 8 11 0.02715987 
194 217 8 9 0.02702062 
10 81 8 10 0.026978973 
447 238 11 14 0.026978754 
64 377 15 18 0.026960365 
161 288 8 11 0.026940476 
158 272 8 11 0.026873387 
568 319 9 12 0.026844917 
712 190 36 37 0.02682704 
421 218 11 12 0.026737647 
115 159 6 9 0.026700418 
358 216 7 9 0.026630519 
321 229 8 10 0.026599105 
168 264 8 9 0.026596453 
224 247 7 9 0.026523104 
193 232 8 9 0.026445786 
457 307 22 27 0.026434427 
199 232 8 9 0.02643341 
633 289 9 10 0.026355807 
593 335 9 11 0.02635041 
225 240 7 9 0.026348654 
287 208 7 8 0.026237434 
361 222 7 9 0.026229437 
105 177 7 9 0.02622758 
47 260 10 13 0.026224626 
104 238 8 10 0.026204938 
841 340 10 12 0.026081353 
104 255 9 11 0.026000086 
519 366 11 13 0.02599944 
139 172 8 10 0.02594541 
376 237 9 11 0.025916638 
158 317 9 11 0.025911763 
16 134 8 10 0.02587771 
0 230 16 24 0.025877267 
55 232 9 12 0.02581662 
198 183 7 9 0.025699643 
183 193 7 9 0.025609298 
556 237 12 16 0.025515648 
88 143 6 9 0.025501784 
9 286 8 12 0.025487024 
96 232 10 11 0.025481261 
321 225 8 9 0.025480144 
248 244 8 11 0.025412776 
130 201 7 9 0.02540372 
488 142 24 33 0.02538039 
457 349 28 32 0.025353607 
288 233 7 9 0.02535138 
243 239 7 10 0.025348876 
481 285 46 56 0.025342908 
547 54 12 14 0.025271349 
48 205 10 11 0.025244383 
818 328 8 11 0.025208885 
230 285 8 10 0.025201673 
308 289 15 19 0.025075901 
15 167 8 10 0.024946464 
66 176 8 10 0.024936752 
0 432 10 13 0.024875415 
15 230 10 12 0.024799095 
361 233 8 9 0.024721907 
48 134 7 8 0.02469582 
385 216 7 8 0.02463385 
69 181 8 11 0.024593912 
592 308 9 10 0.024584234 
392 253 9 13 0.024463655 
445 348 11 12 0.024275366 
386 223 7 9 0.02424131 
53 261 108 139 0.024217794 
383 252 9 12 0.024153715 
387 307 47 45 0.024115881 
13 175 8 10 0.024063725 
295 231 7 9 0.024045523 
219 322 21 26 0.024044635 
12 238 9 11 0.023980292 
568 390 9 11 0.02393812 
178 198 7 9 0.023922285 
71 190 9 11 0.023888027 
598 328 9 11 0.02375475 
573 294 10 13 0.02374712 
79 166 8 9 0.023732238 
280 200 7 8 0.023678137 
23 158 7 8 0.023674361 
242 175 6 8 0.023625888 
311 193 7 9 0.023607332 
201 335 10 12 0.02355602 
254 241 8 10 0.02350503 
155 348 11 15 0.023427198 
126 337 10 12 0.023362322 
206 216 8 9 0.023334127 
410 332 26 29 0.0232094 
24 128 7 9 0.023182007 
609 238 9 9 0.023101775 
546 235 15 22 0.023031373 
25 309 9 12 0.022856003 
996 480 17 18 0.022851551 
46 213 11 14 0.0226346 
242 246 7 10 0.022629948 
87 182 7 9 0.022598775 
216 167 7 9 0.022588875 
296 244 8 10 0.022555182 
585 76 9 11 0.02252594 
287 217 7 9 0.02250982 
281 207 7 9 0.022493022 
312 198 7 9 0.022442508 
460 367 14 18 0.022416992 
218 246 7 9 0.022402758 
390 276 12 18 0.0224015 
225 264 7 10 0.022294763 
473 164 10 12 0.02219365 
565 239 11 13 0.022150686 
2 241 9 14 0.02212105 
921 286 10 12 0.02202034 
532 225 18 24 0.022012202 
40 120 8 9 0.021942483 
79 292 12 15 0.021908712 
272 200 8 10 0.02189953 
328 215 7 8 0.021795379 
112 150 7 9 0.021790922 
221 348 10 13 0.021771746 
119 160 7 8 0.021750307 
343 239 7 9 0.021682343 
61 135 7 8 0.021653417 
346 191 7 9 0.021596422 
239 257 7 9 0.021536913 
69 234 13 17 0.021534825 
1014 199 8 12 0.021501524 
44 228 11 14 0.02136884 
13 277 9 12 0.02130327 
129 298 10 14 0.02128799 
166 317 9 11 0.021252882 
230 338 11 15 0.021234505 
129 -35 402 459 0.021179527 
70 300 11 14 0.021164196 
339 282 15 22 0.021126999 
320 214 7 8 0.021097263 
399 361 14 21 0.021077443 
208 302 9 11 0.021065993 
272 168 7 9 0.021050772 
63 276 10 13 0.021011181 
168 280 8 11 0.020983228 
63 270 10 13 0.020971084 
325 307 16 18 0.020964665 
246 232 8 10 0.020949926 
416 207 8 9 0.020878153 
39 207 10 11 0.020830994 
255 269 9 12 0.020821646 
143 222 8 10 0.020779317 
14 182 8 10 0.020760076 
322 300 28 29 0.020664325 
413 316 28 31 0.020650657 
405 366 16 23 0.020632023 
24 251 10 13 0.020601531 
433 213 10 12 0.02059547 
375 232 9 11 0.020589685 
134 190 7 9 0.020544093 
223 332 21 28 0.020531826 
30 232 18 23 0.02048255 
72 143 7 9 0.020434847 
145 144 7 9 0.020432642 
37 310 11 12 0.020416249 
198 200 7 9 0.020400966 
351 220 8 10 0.020357544 
607 285 9 10 0.020323625 
215 312 8 11 0.020223934 
56 242 12 14 0.020165913 
296 210 6 7 0.020126935 
176 223 7 9 0.020121247 
134 213 9 10 0.020115014 
232 232 8 10 0.020097353 
236 270 9 11 0.020065151 
168 207 7 9 0.020060923 
62 302 9 12 0.020025576 
