35_Basketball_playingbasketball_35_405
65
824 296 16 22 0.7480527 
356 316 13 18 0.26263353 
583 312 11 13 0.25796515 
558 317 13 17 0.20032555 
549 308 10 14 0.13143013 
358 309 12 16 0.1268135 
349 319 13 18 0.11297016 
517 115 12 13 0.11048036 
580 318 15 19 0.11026825 
342 321 13 17 0.093982354 
563 322 13 16 0.086052135 
543 134 8 11 0.08251745 
334 315 15 19 0.071584 
575 321 14 17 0.06313696 
499 184 18 20 0.062110983 
560 277 9 11 0.061788984 
566 293 8 12 0.057639528 
805 308 12 12 0.053558253 
550 315 12 16 0.05343873 
550 323 12 16 0.049632862 
559 144 8 11 0.048920814 
843 341 25 34 0.047503334 
574 271 9 11 0.04746092 
533 294 8 11 0.04565171 
833 304 14 18 0.04360716 
545 334 9 12 0.043281052 
811 305 15 17 0.040573914 
548 331 11 14 0.0372067 
361 323 13 15 0.035993572 
328 322 12 17 0.03574731 
828 361 27 29 0.034290023 
555 310 14 17 0.032669004 
492 271 10 11 0.03128887 
544 271 8 10 0.030218737 
530 287 8 10 0.029623827 
815 299 16 18 0.02952315 
567 271 9 12 0.027025772 
560 271 9 12 0.027010191 
502 310 8 11 0.026556212 
486 311 8 10 0.02648941 
545 314 11 16 0.026032016 
537 385 13 19 0.02550984 
544 303 12 15 0.025369104 
547 302 18 25 0.025283191 
895 222 168 280 0.024458775 
584 276 9 10 0.024237059 
835 293 14 19 0.024175454 
577 357 14 17 0.023858525 
589 278 9 10 0.022773681 
575 288 8 10 0.022746352 
749 245 11 12 0.022690173 
1008 482 13 21 0.022365052 
538 119 7 9 0.022047954 
568 167 9 11 0.022037238 
560 293 10 13 0.021850152 
565 276 10 12 0.021738218 
819 301 26 31 0.021618675 
470 221 11 13 0.021494044 
527 300 8 10 0.021368902 
547 339 13 16 0.02111898 
491 180 19 21 0.020984868 
511 265 8 10 0.020871893 
351 319 24 28 0.02061774 
558 308 21 27 0.02043697 
543 277 9 11 0.020097204 
