35_Basketball_basketballgame_ball_35_565
1108
786 470 25 35 0.9898066 
881 354 21 28 0.9858065 
579 423 17 23 0.985069 
533 449 16 20 0.9767641 
540 326 13 15 0.9718736 
800 427 21 28 0.9718212 
898 290 18 23 0.9614596 
517 434 15 20 0.9580379 
797 331 17 25 0.95095986 
614 343 14 18 0.94171447 
867 432 21 28 0.9384787 
828 229 12 15 0.9349998 
702 386 21 28 0.9257527 
876 459 21 29 0.9073462 
868 216 14 19 0.89708656 
963 282 18 22 0.88998985 
802 259 13 17 0.8798049 
780 384 20 25 0.8563057 
223 449 13 20 0.8529198 
404 415 12 15 0.8442499 
705 484 26 31 0.840923 
708 314 13 16 0.8195257 
590 474 20 27 0.8176579 
315 423 15 18 0.8070619 
733 308 14 19 0.7957909 
501 369 12 16 0.7653789 
443 415 12 16 0.7628879 
947 355 18 24 0.7610342 
915 255 12 15 0.758737 
646 325 11 15 0.75481844 
172 454 16 19 0.7485441 
660 308 12 16 0.74538195 
639 224 7 10 0.7447757 
567 310 11 15 0.74070174 
784 186 10 14 0.7217886 
687 308 12 15 0.71879977 
763 250 12 16 0.709418 
137 451 13 18 0.6958991 
519 338 12 15 0.68600696 
437 341 10 13 0.67007816 
551 434 15 19 0.657961 
256 458 16 20 0.6524686 
792 317 13 17 0.65240854 
928 394 17 21 0.63799 
956 245 13 16 0.6335065 
847 180 10 12 0.6182026 
400 341 10 13 0.6158171 
382 409 13 18 0.5999917 
549 280 9 11 0.59915936 
722 285 12 15 0.5988672 
939 234 13 17 0.5930712 
670 327 12 14 0.5851953 
470 380 13 16 0.56504375 
856 251 13 18 0.55266654 
854 194 13 16 0.5240908 
605 430 16 21 0.5132614 
275 460 15 20 0.50829136 
196 455 13 18 0.5079309 
817 277 14 17 0.49853083 
650 349 12 16 0.48581228 
978 266 13 16 0.46007633 
160 390 7 9 0.4541263 
547 367 12 15 0.44316384 
204 413 9 12 0.44071987 
491 398 13 17 0.43762594 
870 468 26 34 0.42422768 
660 290 13 16 0.4084167 
828 384 17 23 0.40133622 
636 304 9 12 0.3915858 
704 247 11 15 0.3853929 
382 390 13 17 0.37760422 
672 263 10 13 0.37621394 
688 491 27 39 0.36789423 
381 342 10 12 0.35854468 
133 435 10 13 0.3561436 
332 374 9 11 0.35400128 
676 496 29 40 0.3308939 
70 406 10 12 0.33016065 
457 310 9 12 0.32840303 
181 368 8 10 0.32720074 
868 486 16 21 0.32627702 
868 513 22 27 0.32616422 
501 422 13 16 0.324713 
443 367 12 15 0.32386237 
842 277 12 15 0.3229314 
785 233 12 16 0.3181586 
718 251 10 12 0.31751058 
633 270 9 12 0.31396744 
515 356 12 15 0.3107402 
614 300 10 13 0.30353165 
464 349 10 13 0.28918475 
116 424 10 12 0.2839777 
424 452 12 15 0.28231612 
419 337 10 13 0.26983193 
700 349 15 18 0.2682233 
378 343 9 12 0.2668137 
910 234 12 14 0.26134285 
99 452 12 15 0.26116538 
669 369 15 23 0.25980312 
817 210 11 16 0.258038 
293 398 10 13 0.25157914 
469 451 16 20 0.24333672 
117 391 9 12 0.24314904 
426 311 8 10 0.24310762 
386 393 13 17 0.24087727 
255 372 9 10 0.23810433 
347 583 15 16 0.23772934 
197 430 10 12 0.23745568 
425 404 12 15 0.23415793 
455 391 11 14 0.23071295 
753 293 9 13 0.22567157 
793 322 16 21 0.21839714 
388 449 14 18 0.21767299 
480 422 12 15 0.21550193 
799 290 13 16 0.21295452 
189 414 8 11 0.21140242 
486 366 12 14 0.21044913 
309 451 15 19 0.21014512 
670 299 12 15 0.20908698 
306 465 15 19 0.20645748 
756 300 10 14 0.20272243 
760 465 16 21 0.19877791 
494 325 10 14 0.19731441 
339 358 8 11 0.19542724 
550 343 11 14 0.19042678 
662 256 8 11 0.1817923 
879 173 9 11 0.18112572 
870 443 23 30 0.17797108 
663 231 10 11 0.17691758 
565 349 11 14 0.17512394 
470 294 8 10 0.17290573 
729 478 22 33 0.1704083 
979 147 11 13 0.16895352 
939 484 16 19 0.16787952 
529 294 9 10 0.16680531 
240 396 9 11 0.1663622 
778 266 13 15 0.16484287 
820 207 11 14 0.1645201 
14 389 8 11 0.16358565 
889 250 11 15 0.16208899 
680 349 12 14 0.16204853 
830 372 15 17 0.16062365 
844 314 15 19 0.15898158 
752 445 13 17 0.15801759 
264 457 19 24 0.15698873 
463 343 10 13 0.15648894 
1 416 8 12 0.1507775 
352 326 7 10 0.15016572 
469 356 9 11 0.15011604 
313 351 8 10 0.15002859 
774 443 15 18 0.14994994 
335 446 20 25 0.14982086 
129 430 11 14 0.14955546 
532 252 9 11 0.14864637 
461 316 9 12 0.14856641 
87 404 10 11 0.14791523 
408 289 7 9 0.1472721 
719 485 25 34 0.1458321 
238 411 9 13 0.14402357 
566 340 10 13 0.14383613 
747 360 15 20 0.14345527 
750 287 10 12 0.14171582 
680 253 10 12 0.13953385 
200 407 11 14 0.13914196 
688 271 11 13 0.13712424 
198 381 8 10 0.13638927 
245 384 9 10 0.13634859 
850 435 15 20 0.13616028 
529 249 10 11 0.13524894 
708 249 12 15 0.13155498 
489 357 11 13 0.13140275 
669 230 9 11 0.13053066 
698 325 11 14 0.13022473 
184 388 8 10 0.12907134 
157 441 14 16 0.12837015 
619 397 14 17 0.12804191 
616 279 8 11 0.12626842 
198 376 8 10 0.12612258 
38 433 9 11 0.12404424 
494 411 14 17 0.12388143 
394 482 13 18 0.123379946 
703 208 8 10 0.12330983 
1009 195 9 13 0.123138085 
278 372 8 11 0.1219719 
447 287 8 10 0.12115402 
352 352 8 10 0.11953375 
916 162 12 15 0.1194533 
656 267 9 13 0.11906804 
70 436 10 11 0.11894143 
407 387 12 16 0.11862816 
216 429 11 13 0.118251875 
503 255 8 9 0.118173845 
391 308 8 11 0.118046075 
414 311 9 11 0.115741976 
657 237 10 12 0.11535114 
101 439 9 12 0.11517741 
182 374 8 9 0.11423382 
724 280 10 13 0.11398975 
425 315 11 14 0.113828145 
834 379 13 17 0.11293642 
83 491 13 18 0.112409174 
702 380 15 19 0.111979485 
112 395 9 11 0.11195073 
572 350 9 12 0.11154213 
685 230 10 12 0.11071632 
56 400 8 10 0.10856699 
237 472 15 22 0.1082415 
377 326 8 9 0.1074078 
612 308 11 15 0.10667723 
15 415 10 12 0.10611394 
960 249 15 17 0.10579362 
751 189 9 11 0.10576125 
976 197 11 13 0.10555532 
545 283 8 11 0.10490288 
992 199 10 12 0.10471805 
735 469 20 29 0.104655795 
501 301 11 14 0.10253904 
322 333 8 10 0.10217428 
76 404 10 12 0.10198503 
664 224 9 11 0.101936765 
494 366 13 16 0.10104545 
55 406 9 11 0.10062055 
661 278 11 14 0.100592755 
512 283 9 11 0.10028372 
65 407 8 11 0.10015421 
607 259 10 14 0.099377766 
1004 140 15 18 0.09901199 
495 255 8 11 0.098799124 
685 450 19 25 0.09855285 
596 388 13 16 0.09843536 
770 468 25 32 0.09818312 
523 335 11 14 0.097963095 
619 294 13 15 0.097784154 
886 262 11 15 0.097383484 
605 396 12 15 0.09726681 
993 203 12 15 0.097241305 
249 408 9 12 0.097060196 
318 366 8 10 0.096849054 
657 262 9 13 0.09675388 
617 230 9 11 0.09608014 
280 464 15 19 0.09540203 
335 365 11 13 0.09420148 
358 373 11 14 0.09395023 
632 307 10 14 0.09372261 
780 343 16 20 0.09361532 
931 283 15 20 0.09304404 
595 342 11 14 0.09293535 
469 286 8 11 0.092112586 
592 346 12 16 0.091705985 
61 422 9 11 0.09131013 
681 220 9 12 0.09114545 
215 380 8 11 0.091129065 
502 296 9 11 0.09104121 
998 291 13 18 0.08965312 
612 316 11 14 0.0891507 
582 268 10 11 0.089093834 
926 245 10 13 0.089030944 
357 379 11 14 0.08802939 
574 334 9 13 0.087377876 
669 461 17 23 0.08712064 
389 489 14 21 0.08628467 
509 363 12 16 0.08580584 
685 217 8 10 0.08505933 
787 214 12 15 0.08468455 
56 412 9 11 0.08414686 
772 546 25 29 0.084044464 
694 349 14 17 0.08363157 
365 402 13 17 0.08314362 
947 238 13 16 0.08235221 
511 352 11 13 0.08227153 
662 370 15 21 0.08174877 
481 295 8 11 0.07893154 
192 429 9 13 0.0787827 
341 364 10 12 0.07869979 
775 533 25 30 0.07843911 
606 334 11 14 0.07833502 
361 333 9 10 0.07825212 
866 410 14 18 0.07823021 
917 231 10 13 0.07815741 
359 357 8 10 0.07731937 
906 427 17 21 0.077032305 
698 139 15 21 0.07636573 
279 368 8 11 0.07631745 
405 511 25 29 0.07630481 
440 460 12 15 0.07577414 
71 401 10 12 0.075487204 
311 367 9 11 0.07526371 
235 458 14 17 0.07472361 
953 206 10 12 0.07418044 
385 304 8 10 0.07409776 
176 388 8 10 0.07391231 
353 321 8 10 0.073682174 
385 404 14 19 0.07347552 
319 358 8 9 0.073464565 
110 446 9 12 0.07319502 
346 443 15 21 0.072806805 
432 285 7 10 0.072743386 
351 374 11 14 0.072378784 
565 294 9 11 0.07200262 
666 305 12 16 0.07100024 
295 367 8 10 0.07086716 
63 412 9 12 0.07079264 
777 448 17 21 0.070787214 
623 254 9 11 0.07045909 
782 218 13 16 0.070092835 
577 264 9 12 0.06988693 
948 155 11 13 0.06963002 
142 474 14 18 0.06939785 
438 469 12 17 0.0693952 
718 345 12 15 0.06937779 
448 350 10 13 0.06855472 
848 186 12 16 0.06845133 
335 570 12 18 0.06839376 
787 184 10 12 0.068312086 
297 335 7 8 0.06789332 
878 236 11 15 0.06779335 
287 343 7 10 0.067725465 
700 290 11 14 0.0677176 
995 282 13 19 0.06752645 
512 256 7 8 0.06746082 
244 388 10 13 0.06740403 
926 292 13 18 0.06737707 
191 389 8 11 0.06711394 
447 324 8 11 0.06693699 
525 423 12 15 0.06672666 
676 459 15 21 0.06607371 
227 453 15 19 0.06605861 
526 317 10 12 0.06562843 
692 315 12 15 0.06560952 
831 213 10 13 0.06548162 
243 467 13 18 0.06538727 
453 442 13 19 0.06509945 
391 279 8 9 0.06495837 
274 374 8 10 0.06467639 
312 374 10 12 0.064468354 
849 194 12 15 0.06395266 
495 280 9 11 0.06376993 
495 261 8 10 0.06364673 
868 419 15 19 0.063410535 
568 336 11 12 0.063177474 
674 267 12 14 0.062984385 
906 438 16 21 0.062957875 
925 334 16 19 0.06282484 
402 232 7 9 0.062325463 
334 326 8 9 0.06197246 
264 336 7 9 0.06155963 
337 304 7 9 0.061250445 
536 287 8 11 0.061203066 
433 303 8 9 0.06093468 
184 429 11 13 0.06076457 
233 408 9 12 0.060740106 
663 503 30 42 0.060456708 
185 421 10 12 0.060138207 
1014 275 11 16 0.059841115 
957 206 10 12 0.059614148 
477 467 14 19 0.05953444 
444 426 13 17 0.0593706 
142 390 8 10 0.05930996 
536 270 9 11 0.058716424 
455 294 7 9 0.05789284 
324 447 22 26 0.057526153 
522 428 15 19 0.057464063 
355 411 12 16 0.05742785 
422 372 12 14 0.05734813 
472 310 9 13 0.057015464 
391 340 9 11 0.0569271 
328 326 7 11 0.05680588 
816 432 16 19 0.056683037 
504 285 9 10 0.056631938 
216 590 27 32 0.056548998 
305 367 8 10 0.056087118 
699 488 19 26 0.055896115 
88 392 8 9 0.055830643 
716 296 14 17 0.05581236 
950 292 13 18 0.05562556 
417 294 8 10 0.055564165 
343 303 7 9 0.055498034 
622 309 11 13 0.055471726 
588 228 11 14 0.055297837 
369 303 8 9 0.055194415 
599 433 15 19 0.055188123 
453 350 11 13 0.054488484 
167 389 8 10 0.05405818 
802 285 13 16 0.05389575 
55 439 7 10 0.053792655 
441 247 7 9 0.053708084 
820 289 13 16 0.053612173 
28 399 10 11 0.0535481 
591 221 10 13 0.053524632 
599 219 10 14 0.053298496 
247 344 8 8 0.053285167 
541 347 12 15 0.053193383 
516 348 12 15 0.05307245 
561 293 8 11 0.05280765 
820 472 16 23 0.052796002 
477 278 8 10 0.05275878 
490 254 9 11 0.0526752 
815 237 9 12 0.052666347 
749 447 20 26 0.052507557 
151 407 9 11 0.052473284 
591 302 11 12 0.05217768 
297 381 9 11 0.052057244 
871 508 15 18 0.05191847 
684 355 12 16 0.05179532 
462 303 8 10 0.0516563 
313 455 16 20 0.051458854 
561 355 12 15 0.051388748 
216 406 8 11 0.051226478 
618 406 17 23 0.051099796 
792 292 12 16 0.051043626 
192 384 8 10 0.051017005 
826 394 18 23 0.050692912 
101 472 10 13 0.050513253 
67 508 9 13 0.05015513 
241 344 7 9 0.050125368 
252 411 10 12 0.04992054 
574 550 11 14 0.04988329 
378 491 22 28 0.049878985 
288 402 11 13 0.0498541 
641 401 16 22 0.049747538 
387 520 18 20 0.049730737 
606 324 11 14 0.049481463 
748 461 21 29 0.049220297 
136 390 9 10 0.049147766 
415 289 6 9 0.04913357 
731 493 23 32 0.049097527 
992 392 21 30 0.049097124 
497 235 8 11 0.049070522 
296 374 8 11 0.049035396 
406 216 9 11 0.04902844 
727 224 9 12 0.04878636 
7 420 9 11 0.048777744 
742 214 10 12 0.048771936 
794 311 15 18 0.048736732 
455 405 12 15 0.048733994 
152 436 14 17 0.04866553 
191 407 8 12 0.048625987 
488 351 11 13 0.048224825 
397 470 12 18 0.048187077 
273 367 7 10 0.048184793 
429 372 12 15 0.04813022 
259 470 13 18 0.048041612 
712 278 9 12 0.047959886 
568 264 8 11 0.04767829 
710 300 13 15 0.047545377 
638 332 11 15 0.04747859 
451 410 14 17 0.04709971 
375 393 15 19 0.046712957 
796 217 13 16 0.046646096 
358 320 7 9 0.04664491 
754 329 15 17 0.046644166 
432 272 7 8 0.046627816 
431 279 8 11 0.04660222 
454 383 11 13 0.046367493 
700 493 30 41 0.04629218 
465 263 7 10 0.04613429 
525 312 10 12 0.04607712 
508 427 14 19 0.045962315 
275 443 13 16 0.045946054 
327 398 10 13 0.045846954 
760 473 20 29 0.045837574 
50 405 7 10 0.04576809 
742 473 20 31 0.045692284 
805 438 24 28 0.04561894 
881 262 11 15 0.04560956 
457 305 8 9 0.045578975 
358 405 12 16 0.045510277 
184 407 9 11 0.045331948 
296 358 9 10 0.04533185 
360 327 7 10 0.045248415 
265 359 7 10 0.045201346 
937 389 16 19 0.04513779 
775 392 17 21 0.04509289 
242 335 6 9 0.045081507 
641 324 11 15 0.045022827 
991 277 12 16 0.044938747 
249 351 9 9 0.044920728 
886 463 20 26 0.044905253 
476 612 33 37 0.04489788 
348 366 10 12 0.044890206 
988 442 20 22 0.04481 
199 359 7 8 0.044614382 
402 215 8 11 0.044543896 
475 339 12 14 0.044542752 
361 366 10 14 0.04420874 
449 292 8 10 0.04419504 
638 387 13 15 0.044179477 
192 398 9 10 0.044127215 
600 262 9 13 0.044033036 
409 311 9 11 0.044028427 
580 334 11 13 0.04401448 
303 374 9 11 0.0439943 
868 489 25 30 0.043893587 
685 395 11 16 0.04386143 
922 504 18 23 0.04374553 
376 320 8 10 0.043647524 
750 280 10 13 0.04355336 
552 241 7 8 0.043546826 
496 270 8 9 0.0435038 
823 222 13 16 0.043492895 
1005 306 13 16 0.04345843 
686 344 11 14 0.043409202 
671 245 9 11 0.043232962 
788 450 12 17 0.043211546 
135 384 8 9 0.04317499 
451 434 14 18 0.04303836 
914 402 15 20 0.042908717 
750 218 10 14 0.04289585 
384 357 9 12 0.04288833 
858 269 12 15 0.042855766 
990 331 12 16 0.042832244 
303 335 7 9 0.042763166 
381 383 12 15 0.042648543 
491 524 14 19 0.042590834 
1012 192 10 13 0.042557523 
177 374 8 9 0.042491928 
345 327 8 9 0.04240185 
470 341 10 13 0.04194508 
111 384 8 9 0.041941624 
680 228 10 13 0.0418385 
118 492 12 15 0.04180925 
199 434 10 13 0.041749112 
344 334 7 9 0.041719306 
232 345 7 9 0.04167902 
646 509 10 14 0.04155823 
884 237 11 14 0.041405153 
317 351 8 10 0.041133665 
39 416 9 11 0.041109234 
380 348 10 12 0.040940583 
214 344 6 9 0.040938627 
479 373 11 14 0.040861823 
193 352 6 9 0.040695056 
374 309 8 10 0.04053858 
423 239 8 9 0.040511962 
273 319 6 8 0.040469464 
692 488 17 25 0.04041273 
611 416 16 23 0.04035495 
167 367 7 9 0.040296525 
491 503 12 16 0.040276293 
725 299 13 17 0.040154513 
190 422 9 12 0.04014621 
248 357 9 10 0.040092047 
796 393 15 20 0.03990112 
661 269 12 14 0.039884426 
247 428 13 15 0.039868522 
1002 401 17 23 0.039820846 
624 261 8 12 0.039809912 
190 435 10 13 0.03970372 
535 302 9 11 0.03963717 
669 237 9 12 0.039535455 
828 355 13 17 0.03949576 
119 384 9 11 0.039463736 
1006 221 10 13 0.039444134 
613 322 12 14 0.039433923 
558 362 12 16 0.0393142 
127 383 8 9 0.039217982 
256 556 26 33 0.03914802 
464 373 12 13 0.039079614 
526 529 54 59 0.039038412 
437 303 8 9 0.03898584 
460 389 12 14 0.038835447 
1001 362 12 17 0.03881824 
374 304 7 10 0.038798016 
905 483 15 21 0.038785126 
551 507 13 15 0.03856354 
698 207 8 11 0.038526334 
424 322 10 13 0.038453653 
934 487 16 22 0.038435232 
34 436 10 13 0.03830889 
29 405 9 10 0.03830724 
336 352 8 11 0.03829022 
462 444 13 18 0.038273763 
808 332 15 20 0.038183264 
745 284 11 13 0.038173717 
311 311 7 9 0.038166404 
163 442 14 17 0.038068186 
611 336 13 17 0.03801601 
209 351 6 9 0.038011353 
517 284 8 11 0.03795079 
210 344 7 10 0.03791199 
700 331 11 13 0.037829265 
788 519 17 23 0.037808653 
992 377 17 21 0.037676297 
735 229 10 14 0.0376755 
62 400 9 10 0.037613917 
65 438 9 12 0.037588317 
481 367 11 12 0.037571304 
302 381 8 11 0.03756282 
623 278 8 12 0.037500415 
750 348 15 18 0.03736783 
762 539 25 29 0.03731474 
424 246 9 11 0.037122447 
814 271 13 15 0.03706963 
472 280 9 10 0.037048206 
257 336 7 8 0.03690472 
292 441 13 16 0.036860704 
630 294 10 14 0.036858037 
423 418 13 15 0.036856066 
668 274 12 14 0.03678426 
333 379 10 12 0.03671472 
689 445 17 19 0.03666477 
513 260 8 10 0.036629852 
446 269 8 9 0.036588814 
775 454 23 27 0.03649371 
535 263 8 10 0.036381204 
595 403 16 19 0.036348045 
808 471 22 28 0.036322515 
446 264 7 10 0.036304925 
497 403 14 17 0.036155757 
980 203 12 14 0.036148284 
353 280 7 9 0.036129646 
205 436 10 12 0.0361049 
953 355 22 29 0.03609376 
326 332 7 10 0.036047284 
744 218 10 14 0.035960816 
705 310 13 16 0.03581553 
533 385 13 15 0.0357709 
572 216 9 11 0.035703555 
199 422 11 13 0.035550103 
254 344 7 8 0.035486676 
384 337 9 11 0.035453476 
382 325 8 10 0.035415795 
612 260 10 13 0.03539143 
402 475 14 18 0.035354704 
409 272 7 9 0.035275485 
518 255 8 9 0.035189006 
281 358 8 10 0.035145316 
908 418 16 20 0.034978405 
995 210 13 15 0.034821007 
215 352 7 8 0.034773905 
296 327 9 11 0.034745626 
927 275 13 17 0.034673583 
366 328 8 10 0.034562327 
137 493 11 15 0.034518655 
738 213 9 12 0.034464758 
655 371 14 18 0.034455 
532 541 33 32 0.03444064 
423 303 8 10 0.034339804 
696 135 12 15 0.034277305 
543 247 9 11 0.034169607 
432 348 11 13 0.03409492 
910 246 12 15 0.034093626 
576 244 9 11 0.03409245 
401 288 7 10 0.034086872 
20 413 10 12 0.034066845 
296 320 7 9 0.034006692 
663 245 9 11 0.03383492 
231 349 7 9 0.03380622 
281 352 7 9 0.033768997 
376 335 9 11 0.03371674 
966 151 11 13 0.033689003 
137 476 11 16 0.033612918 
637 263 9 12 0.033557367 
238 478 21 30 0.033546552 
160 359 7 9 0.03353525 
797 559 26 34 0.033503864 
947 407 15 19 0.033499382 
631 264 9 12 0.03347665 
441 240 7 9 0.03343182 
440 269 8 10 0.033419393 
465 280 7 10 0.03336076 
757 276 10 14 0.03334529 
442 317 9 12 0.03333556 
316 381 9 10 0.033311173 
949 322 15 20 0.03324587 
225 352 7 9 0.03322616 
501 231 9 11 0.033215046 
713 477 18 24 0.033203058 
399 386 12 18 0.033166893 
488 248 8 9 0.033078488 
369 309 8 10 0.03307604 
647 513 12 17 0.032964557 
724 247 11 13 0.03285307 
401 293 8 10 0.032849353 
386 309 8 10 0.032835294 
600 333 11 13 0.032781392 
471 300 9 11 0.03273944 
1012 280 13 20 0.032695264 
428 429 11 15 0.032689437 
754 339 14 18 0.032594204 
209 381 8 11 0.03243705 
614 255 9 12 0.03243616 
551 273 9 10 0.032400656 
714 309 13 16 0.032327536 
418 302 8 10 0.032257266 
351 406 12 16 0.032212354 
151 398 8 9 0.032211177 
413 371 13 16 0.032194328 
254 358 8 10 0.03217268 
244 398 9 10 0.032171622 
327 457 22 27 0.03216191 
199 367 7 10 0.032133 
439 296 7 9 0.03206122 
463 323 9 12 0.03199394 
970 273 16 21 0.03198123 
193 358 7 9 0.031939007 
902 448 16 20 0.031933427 
1001 299 14 19 0.031908482 
360 342 9 10 0.03190091 
25 406 9 11 0.031895623 
441 287 7 9 0.03182732 
93 398 8 11 0.03182409 
829 206 10 13 0.031703938 
801 325 18 25 0.03164408 
903 206 9 13 0.031581454 
147 470 15 20 0.031574134 
639 317 10 14 0.03152633 
564 363 11 15 0.03138518 
205 419 10 12 0.03137298 
479 299 9 12 0.031291008 
312 344 7 9 0.03127333 
681 306 12 16 0.031211099 
593 394 12 17 0.031149644 
179 464 15 19 0.031138025 
477 347 11 14 0.031022457 
198 389 9 10 0.03102036 
957 466 14 17 0.031019872 
384 278 8 11 0.03093408 
478 224 8 10 0.030927775 
909 214 9 12 0.030872032 
366 357 9 10 0.030869335 
38 375 11 11 0.030832678 
778 183 9 12 0.030829282 
385 556 27 29 0.030814787 
803 387 12 16 0.030809296 
904 212 10 13 0.030807307 
424 271 7 9 0.030731712 
931 460 12 16 0.030726628 
965 501 10 13 0.03064311 
873 213 14 17 0.030618811 
321 294 7 9 0.03061495 
474 384 13 17 0.030562447 
135 411 10 12 0.030555317 
139 501 14 17 0.030531062 
220 421 11 13 0.030492168 
412 380 14 16 0.030488195 
685 491 13 19 0.030433703 
142 384 9 11 0.030428043 
572 504 11 13 0.030331584 
823 370 15 18 0.030329032 
966 205 10 13 0.030207908 
48 415 7 11 0.030170592 
441 264 7 10 0.030100241 
328 304 7 9 0.030055141 
411 476 14 16 0.030046007 
1000 219 10 13 0.030041868 
383 321 8 10 0.030019665 
430 231 9 10 0.029961072 
47 422 8 10 0.029910093 
366 296 7 10 0.029905472 
811 287 15 19 0.029894821 
217 358 8 9 0.02985062 
543 355 11 14 0.029754983 
296 303 6 8 0.029751888 
329 310 7 9 0.029731276 
1013 340 10 15 0.029629696 
488 231 9 10 0.029622216 
652 361 15 20 0.02956025 
345 -46 229 219 0.029516788 
526 323 11 14 0.029448891 
657 300 12 17 0.029427154 
665 217 8 10 0.029299043 
781 524 23 29 0.02929045 
458 394 12 15 0.02923934 
954 348 16 24 0.029212167 
571 302 11 14 0.029202063 
174 429 10 12 0.02918171 
102 408 9 10 0.029169934 
834 234 12 15 0.02914272 
634 463 17 22 0.029133644 
449 417 16 20 0.029049683 
600 325 12 14 0.028863542 
483 475 13 17 0.028607436 
398 304 8 9 0.028600136 
522 309 9 12 0.028521273 
610 435 17 23 0.028406002 
208 368 7 9 0.028404457 
364 371 11 13 0.028340785 
299 397 11 13 0.028194139 
712 238 9 12 0.028154919 
670 224 9 11 0.028072022 
169 384 9 10 0.027995944 
494 525 25 31 0.027992096 
104 397 8 11 0.02797038 
988 268 12 17 0.027911982 
998 254 12 15 0.0278791 
153 391 8 10 0.027865341 
298 496 22 30 0.027859386 
422 295 7 10 0.027834272 
607 247 9 9 0.0278107 
589 285 9 12 0.027751397 
669 357 12 18 0.027733067 
428 324 10 12 0.027716344 
184 361 7 9 0.027713656 
592 263 8 12 0.027699454 
351 263 7 9 0.027671892 
245 459 13 18 0.02764841 
760 450 22 27 0.027621092 
693 230 9 12 0.027554905 
802 316 14 16 0.027522862 
271 381 7 10 0.027498445 
999 267 11 14 0.027479522 
504 279 8 11 0.027475456 
665 325 11 13 0.027468039 
573 472 25 30 0.02746392 
194 375 8 10 0.027433796 
442 252 7 10 0.02737692 
600 245 8 10 0.027331095 
248 368 8 10 0.027272796 
54 429 9 12 0.027263807 
635 217 18 24 0.027235262 
536 279 9 10 0.027215535 
449 310 9 11 0.027083347 
443 475 12 16 0.027072705 
438 310 8 11 0.027037688 
790 298 13 17 0.026970837 
603 402 14 18 0.026942477 
710 342 12 15 0.02685194 
449 394 11 15 0.02683792 
545 274 18 22 0.026721532 
980 270 14 19 0.026718799 
143 374 8 9 0.026711192 
631 247 9 11 0.026576828 
341 499 23 30 0.026500888 
427 457 13 15 0.026486212 
405 348 10 12 0.026461352 
605 221 8 12 0.026436355 
183 435 12 14 0.026429838 
168 420 10 12 0.026414676 
477 246 8 10 0.026392903 
947 473 16 20 0.026389182 
566 371 11 16 0.026380392 
835 213 13 16 0.026371168 
472 335 10 13 0.02635599 
433 337 18 22 0.026339926 
926 140 100 129 0.026270548 
910 409 15 20 0.026214164 
988 158 10 12 0.026131514 
827 282 11 15 0.02612079 
629 466 16 22 0.026119364 
972 316 12 16 0.02606031 
829 300 12 17 0.025998373 
679 314 12 14 0.025997072 
813 382 23 28 0.025990458 
498 307 9 12 0.025977006 
526 300 10 13 0.025955724 
894 276 13 16 0.025903422 
711 215 8 10 0.025874697 
668 453 15 20 0.025804501 
639 506 23 30 0.025798535 
371 427 15 18 0.02579392 
179 444 15 18 0.025785007 
223 413 10 13 0.02575156 
1000 261 11 14 0.025733981 
69 442 11 15 0.02566141 
697 287 10 13 0.025657024 
48 430 9 12 0.025614142 
380 507 24 27 0.025589488 
63 382 9 11 0.025560545 
767 284 12 15 0.025486907 
931 495 15 22 0.025485484 
295 296 7 9 0.025484899 
599 239 8 11 0.025477037 
905 236 11 14 0.025453873 
207 390 8 10 0.025441978 
795 409 15 18 0.025345925 
730 441 17 20 0.025328927 
549 333 10 13 0.025250152 
189 444 12 16 0.025229797 
416 272 7 9 0.02522931 
917 150 10 12 0.025213284 
198 399 9 11 0.025185717 
632 331 12 16 0.02515155 
556 277 9 12 0.02513112 
848 259 11 13 0.025118694 
511 394 11 15 0.025100451 
374 400 17 23 0.02507278 
558 342 10 14 0.024990499 
461 456 15 18 0.024927182 
983 332 12 17 0.024842687 
240 359 8 10 0.024840906 
208 375 8 11 0.024834879 
636 274 10 13 0.024806049 
161 367 7 9 0.02479628 
287 367 8 10 0.024789035 
241 367 7 9 0.024781846 
935 189 103 127 0.024765115 
233 529 27 29 0.024753327 
214 433 12 15 0.024628753 
815 230 10 14 0.02460856 
831 259 11 14 0.024605237 
628 505 24 35 0.02459471 
445 452 12 16 0.024575308 
135 397 9 11 0.024469852 
604 421 15 20 0.02446927 
363 296 6 8 0.02435511 
427 398 12 14 0.024352811 
263 365 8 11 0.024339598 
425 251 8 12 0.024333388 
289 304 7 8 0.024311807 
336 343 8 9 0.024259837 
580 324 12 15 0.024241162 
1011 308 12 16 0.024225334 
249 329 6 8 0.0242168 
802 295 15 18 0.02419133 
623 400 18 26 0.024171159 
367 491 24 31 0.024159634 
639 508 13 18 0.024148028 
343 295 7 9 0.02408784 
944 337 22 32 0.024070611 
781 461 23 31 0.02405799 
473 223 9 11 0.024050638 
105 391 8 10 0.024041994 
223 375 8 10 0.02400698 
151 430 13 16 0.023997087 
934 241 13 15 0.023992352 
86 411 11 12 0.023969196 
662 291 19 22 0.02393758 
493 392 13 15 0.023853749 
861 518 18 22 0.023795057 
740 230 11 14 0.023769924 
537 329 11 15 0.023744754 
765 441 21 26 0.023736479 
495 321 9 11 0.02370784 
311 441 21 26 0.023602493 
755 285 12 16 0.023593014 
712 294 11 14 0.02355121 
625 248 8 11 0.023548683 
693 390 17 23 0.023488535 
157 448 14 18 0.023459196 
691 343 13 16 0.023455143 
559 271 8 10 0.023442633 
265 382 9 11 0.023421198 
526 381 12 15 0.023416664 
558 380 11 14 0.02340975 
56 444 8 10 0.02336726 
405 358 10 12 0.023359308 
584 285 9 12 0.023339847 
279 383 8 9 0.023328833 
558 301 9 13 0.023263553 
850 320 14 18 0.023254897 
448 305 8 9 0.023238406 
740 207 10 12 0.023236552 
713 501 18 23 0.02323403 
479 482 13 17 0.023233911 
433 337 9 10 0.023228992 
520 303 9 11 0.023178337 
265 342 7 9 0.023146605 
357 587 12 15 0.023095556 
286 351 8 9 0.0230347 
855 274 11 15 0.022994589 
246 336 7 8 0.022951253 
199 406 18 23 0.022946678 
21 431 10 11 0.022940697 
421 432 14 19 0.022939827 
427 354 13 16 0.022883229 
724 339 13 16 0.022843279 
802 401 15 19 0.022778358 
675 361 15 21 0.02275395 
573 365 11 14 0.022746371 
543 271 8 10 0.022732807 
348 493 24 29 0.022722341 
411 392 13 15 0.02271211 
1008 189 18 27 0.022707963 
478 254 7 10 0.02270546 
540 311 11 12 0.022700274 
446 334 9 12 0.022636604 
894 202 12 14 0.022618197 
302 445 15 18 0.022574924 
654 313 13 16 0.022565128 
490 541 26 32 0.022519054 
503 249 8 10 0.022477038 
173 415 9 11 0.022461921 
74 325 207 230 0.02240019 
668 489 26 35 0.022398075 
989 383 16 23 0.022387166 
724 475 15 23 0.022383086 
513 333 12 15 0.022378976 
142 406 10 12 0.022341255 
621 222 8 10 0.022329096 
777 219 11 15 0.0223082 
1013 417 11 16 0.02227908 
891 257 14 18 0.022264095 
937 197 11 14 0.022214053 
186 511 19 22 0.022180967 
837 196 13 15 0.022164294 
476 506 15 18 0.022136502 
714 321 13 16 0.02212774 
943 329 13 21 0.022113783 
601 390 20 25 0.022099229 
77 423 9 11 0.022064878 
55 414 21 27 0.02198579 
631 496 41 55 0.0219822 
785 321 12 16 0.021898316 
71 423 10 12 0.021825293 
477 532 10 13 0.021796767 
536 309 10 12 0.021791149 
592 208 7 9 0.02177813 
824 197 10 13 0.021756241 
396 336 18 23 0.0217429 
845 203 11 14 0.021738542 
151 350 8 10 0.021720538 
312 317 7 10 0.021712443 
918 511 17 20 0.021684332 
168 396 8 10 0.02167867 
430 470 14 17 0.021618387 
993 193 9 11 0.021615535 
879 393 13 17 0.021601988 
496 396 14 17 0.021594211 
367 287 7 9 0.021594187 
677 418 15 19 0.021589756 
782 293 11 15 0.021562072 
936 401 21 26 0.021555096 
583 236 10 12 0.021554604 
968 260 12 15 0.021549782 
822 379 17 22 0.021519845 
632 239 9 11 0.021511948 
796 383 21 26 0.021509461 
463 363 11 14 0.021492692 
316 426 23 26 0.021440063 
757 226 13 16 0.021428969 
446 240 8 9 0.021393543 
838 320 15 18 0.021370932 
129 432 19 24 0.02135796 
408 372 11 13 0.021337528 
665 285 13 16 0.021293133 
816 244 11 14 0.021288184 
541 380 12 16 0.021273319 
781 183 17 22 0.021202365 
657 249 19 25 0.021192566 
924 258 12 16 0.021183709 
225 367 7 10 0.021164928 
328 368 10 12 0.02116293 
502 272 8 10 0.021148672 
846 218 12 14 0.021118568 
310 430 15 20 0.021072198 
63 444 9 12 0.021053193 
364 432 16 22 0.02100458 
974 192 11 13 0.020981962 
163 540 15 18 0.020966407 
593 217 8 11 0.02096102 
821 245 11 14 0.020929487 
287 319 7 9 0.020919492 
188 463 15 21 0.02090682 
356 534 14 16 0.020859122 
918 292 12 17 0.020857982 
159 394 8 11 0.020851709 
113 376 7 8 0.020828823 
713 270 10 12 0.020811247 
829 218 19 23 0.020791363 
304 304 6 8 0.02076979 
621 473 14 19 0.020763997 
536 319 12 14 0.020762617 
559 246 8 10 0.02074941 
553 302 10 12 0.020742876 
609 295 10 13 0.020741675 
391 348 10 12 0.020741003 
879 434 17 22 0.020737084 
675 295 11 15 0.02069998 
621 236 10 12 0.020699782 
277 396 11 13 0.020697074 
678 142 9 12 0.020692285 
301 358 8 10 0.020686178 
974 192 20 23 0.020662617 
341 411 13 15 0.02065107 
703 300 12 15 0.020638587 
261 414 9 10 0.02063308 
343 288 8 9 0.02063134 
230 375 7 10 0.020609329 
328 287 6 9 0.02059046 
281 311 7 9 0.02058648 
204 484 16 19 0.020585345 
792 336 14 20 0.020583045 
289 336 7 9 0.020557703 
459 410 12 15 0.020551002 
278 390 9 12 0.020549187 
537 524 37 39 0.020530095 
250 465 22 28 0.020508092 
919 223 10 14 0.020482836 
153 474 16 19 0.020477688 
119 407 9 10 0.02045436 
406 232 7 9 0.020441713 
168 428 11 13 0.020434132 
728 313 13 16 0.020429708 
326 434 24 29 0.02040272 
335 321 8 8 0.020367391 
561 308 10 15 0.020325257 
375 354 9 12 0.020314578 
241 375 8 10 0.020311903 
143 368 7 9 0.020300401 
441 324 10 11 0.020279774 
821 298 14 18 0.020257274 
518 261 9 12 0.020238733 
227 477 19 29 0.02022975 
271 351 7 9 0.020225171 
423 304 19 24 0.020220717 
613 492 40 54 0.02022058 
576 255 9 10 0.020184843 
637 295 10 14 0.020175284 
486 482 13 17 0.020172635 
411 420 11 14 0.020171784 
111 419 19 22 0.0201193 
288 382 8 11 0.020108163 
799 422 15 19 0.02006533 
838 204 12 14 0.02006507 
617 235 9 12 0.020058358 
813 300 14 18 0.020048326 
931 472 21 26 0.020036787 
