35_Basketball_basketballgame_ball_35_82
880
284 253 49 61 0.99611014 
438 192 46 60 0.994964 
770 407 22 27 0.9853758 
604 412 17 21 0.9849362 
141 228 13 17 0.9735492 
704 311 21 27 0.9717112 
650 405 19 26 0.9632271 
800 406 20 28 0.95829177 
110 370 16 19 0.9343103 
151 200 14 18 0.8998442 
28 206 13 16 0.89084584 
77 205 12 16 0.88096833 
33 374 15 19 0.87707716 
250 168 14 17 0.82762265 
113 211 14 18 0.8229 
99 233 14 18 0.82162493 
48 176 12 16 0.801494 
756 275 13 17 0.74372226 
437 134 12 15 0.7335658 
10 287 14 19 0.7244635 
30 117 11 14 0.7198842 
192 156 12 16 0.71722543 
654 249 13 17 0.71223146 
648 320 14 19 0.7081808 
494 118 11 13 0.69604033 
537 37 10 12 0.68972176 
518 87 15 19 0.6867931 
184 248 12 16 0.679377 
746 153 14 19 0.6744735 
154 305 12 17 0.67062485 
798 208 13 17 0.6686505 
207 262 10 13 0.6541864 
741 327 14 17 0.6541579 
647 217 13 16 0.64790744 
48 221 13 16 0.63535637 
633 375 15 18 0.6198921 
44 95 10 13 0.59835416 
174 228 12 15 0.5854662 
609 216 12 16 0.5775828 
34 141 14 16 0.55974346 
192 119 12 15 0.5484744 
495 97 13 16 0.5358503 
152 109 11 13 0.53083 
53 367 13 18 0.5227721 
28 24 10 13 0.5124387 
391 138 12 16 0.50723714 
294 198 12 15 0.50169146 
629 148 12 15 0.501031 
12 63 12 14 0.4986004 
765 222 12 14 0.49356627 
40 161 11 15 0.48389366 
162 43 10 12 0.46945325 
989 0 41 66 0.45576218 
639 195 13 17 0.45269993 
563 412 18 23 0.4473759 
614 172 12 15 0.44615498 
32 289 14 18 0.4459273 
65 110 11 15 0.4446745 
100 34 11 14 0.4323356 
166 102 10 12 0.41671133 
51 74 11 14 0.41420406 
708 187 16 18 0.404544 
240 241 13 15 0.40149495 
618 398 13 16 0.3945631 
594 227 13 15 0.3886882 
637 237 13 15 0.3879579 
223 180 14 18 0.38740984 
106 298 13 17 0.38688663 
606 193 13 16 0.38544583 
55 44 13 15 0.3836365 
141 266 14 18 0.37939444 
514 179 15 19 0.37861928 
93 140 10 13 0.3717999 
115 165 12 14 0.3664011 
89 317 12 15 0.36523008 
340 520 22 25 0.34547403 
439 153 12 17 0.34407908 
154 408 49 53 0.34112123 
753 122 12 14 0.33703822 
693 139 13 15 0.32738754 
733 306 14 16 0.3245025 
86 95 10 14 0.32226858 
220 149 11 14 0.31729254 
260 143 11 14 0.31572795 
171 275 13 16 0.3113769 
208 294 14 19 0.30516937 
91 210 13 16 0.3006093 
197 54 11 13 0.2994079 
125 106 10 13 0.29781064 
85 182 13 17 0.29521954 
343 223 11 14 0.29498723 
145 162 15 18 0.28625253 
685 141 11 14 0.28580838 
723 125 12 15 0.28556532 
782 28 11 13 0.28232062 
268 5 11 14 0.2821658 
235 105 13 16 0.2757563 
397 102 11 14 0.27318785 
603 143 11 14 0.2725396 
706 256 13 16 0.27122205 
553 182 14 16 0.27067232 
689 219 12 16 0.2622136 
655 385 16 20 0.2621585 
685 117 11 14 0.2609064 
727 212 12 16 0.2580097 
291 204 15 19 0.25792232 
680 190 13 16 0.25181988 
676 320 16 19 0.24652493 
675 409 13 17 0.24580751 
246 191 10 12 0.2447137 
780 405 23 30 0.24107519 
77 403 11 15 0.23492974 
199 98 11 13 0.2348624 
0 141 9 14 0.23104225 
44 261 11 13 0.22450347 
108 78 12 14 0.22017434 
36 135 12 15 0.21887968 
735 144 10 13 0.21342406 
786 382 15 17 0.20848477 
102 333 10 15 0.20472275 
425 125 10 12 0.20469001 
238 120 14 17 0.20179285 
174 282 11 15 0.20076607 
141 45 9 11 0.19910711 
197 186 11 14 0.1982497 
270 165 11 14 0.19531967 
250 228 11 13 0.19498424 
102 258 15 19 0.19464722 
742 271 10 12 0.19456251 
670 290 15 20 0.19169804 
37 325 13 16 0.18931442 
401 154 13 16 0.18926783 
737 114 11 14 0.1886465 
132 71 10 13 0.18788311 
121 143 9 12 0.18736641 
634 366 16 19 0.18694916 
183 3 9 10 0.18511172 
62 136 11 13 0.18431616 
629 213 12 15 0.17685966 
193 306 12 16 0.17404771 
29 73 12 15 0.17292605 
570 125 9 11 0.17289773 
224 66 13 15 0.17250316 
44 26 11 14 0.16560692 
5 132 12 15 0.16501012 
733 181 11 14 0.15754905 
223 22 10 13 0.15706518 
840 106 12 15 0.15588188 
725 100 11 14 0.15570009 
645 174 10 14 0.15500325 
204 139 11 14 0.15027964 
123 213 11 14 0.1497133 
750 39 10 12 0.1491448 
14 387 14 17 0.14849319 
672 153 12 15 0.14576566 
88 134 11 14 0.14390366 
678 374 17 21 0.1422566 
767 38 11 12 0.14108238 
778 360 15 17 0.1410789 
243 124 13 16 0.13975328 
803 275 11 15 0.13874383 
128 133 11 13 0.13835895 
571 172 12 15 0.13726436 
777 279 10 12 0.13721839 
68 162 14 18 0.13569947 
621 230 11 15 0.13456981 
102 148 11 13 0.13173196 
782 245 14 16 0.13126057 
103 118 9 12 0.12991352 
119 339 14 18 0.1298775 
208 86 9 11 0.12978008 
676 148 13 15 0.12896165 
768 134 12 15 0.12808163 
203 94 11 13 0.12688382 
88 73 12 15 0.12679258 
5 80 11 13 0.12563989 
843 226 14 20 0.12496226 
396 208 14 17 0.12403662 
404 119 10 13 0.12370066 
103 188 13 18 0.123650834 
590 21 12 15 0.1236128 
683 232 14 17 0.12311395 
10 193 14 18 0.122623935 
102 389 10 13 0.11908087 
469 116 10 12 0.118349664 
69 338 13 16 0.11653117 
605 128 10 11 0.11455551 
12 134 10 13 0.11227696 
80 125 9 12 0.111997426 
11 109 14 16 0.1102599 
157 165 13 17 0.10983305 
53 214 13 17 0.10810922 
550 128 9 10 0.10668171 
1 379 11 17 0.105562 
150 326 9 11 0.10268584 
660 164 12 14 0.10183712 
604 244 15 19 0.101505876 
627 36 16 19 0.10075269 
224 271 10 13 0.10024482 
7 242 11 14 0.09990363 
55 3 12 14 0.09966307 
110 124 10 14 0.09842947 
124 141 11 13 0.098274246 
590 27 13 17 0.09762416 
158 337 14 17 0.09667342 
157 427 29 36 0.096483424 
148 140 14 17 0.095850885 
612 299 15 17 0.09505517 
631 297 13 15 0.09462666 
784 386 19 23 0.094451874 
782 92 14 15 0.09309838 
763 244 15 17 0.09268489 
93 75 11 14 0.09162251 
169 315 11 14 0.0915429 
121 283 10 14 0.0913277 
744 78 10 13 0.09106318 
489 117 11 13 0.0910103 
510 111 11 14 0.090675406 
44 2 12 15 0.090350166 
240 85 9 12 0.09010743 
174 337 14 17 0.089782625 
678 122 13 16 0.08943553 
691 176 12 17 0.08751615 
739 282 13 17 0.08694355 
590 15 11 14 0.086169556 
739 50 12 14 0.08616314 
741 225 13 16 0.08599733 
253 62 10 13 0.085124314 
3 187 14 19 0.08512192 
645 155 10 12 0.08492869 
718 214 12 15 0.0839205 
801 93 10 14 0.0831805 
688 172 11 15 0.082933195 
221 164 13 15 0.08279623 
647 343 14 18 0.08089749 
204 217 13 16 0.07929108 
662 141 11 14 0.07912979 
63 170 12 15 0.076147676 
601 132 9 11 0.07603199 
226 171 15 18 0.07325567 
610 332 16 19 0.073165625 
693 248 14 18 0.07226007 
116 53 9 11 0.07219297 
231 101 12 16 0.07169472 
604 239 13 14 0.071469784 
631 126 9 11 0.07145657 
63 105 11 13 0.07133149 
164 335 12 15 0.07102311 
637 306 13 16 0.07036065 
23 69 11 13 0.06973549 
68 104 10 12 0.06954044 
627 164 12 15 0.06945309 
248 60 11 14 0.0693733 
23 402 13 17 0.06924166 
263 68 10 14 0.06903995 
533 126 9 12 0.06857488 
642 544 13 17 0.06791073 
67 140 11 14 0.06779442 
143 140 12 15 0.06746682 
780 335 16 20 0.067332 
720 103 10 12 0.06655816 
73 263 9 12 0.06630118 
7 159 10 14 0.06563865 
774 113 12 14 0.065342195 
652 393 21 25 0.065132886 
184 300 11 14 0.064945415 
84 193 14 19 0.06487319 
812 236 11 15 0.06441143 
123 188 15 18 0.06329873 
56 134 11 13 0.06304002 
223 94 11 15 0.06290303 
527 59 13 15 0.0628294 
666 406 19 24 0.06261124 
380 6 10 11 0.06254015 
145 12 8 11 0.06250913 
85 127 11 13 0.062426735 
143 52 9 11 0.061404854 
40 347 12 16 0.06127338 
262 196 13 16 0.061001297 
287 209 13 16 0.060913805 
797 335 15 21 0.06006636 
469 70 12 15 0.05907451 
676 130 14 16 0.058504675 
99 40 14 17 0.058186173 
54 125 11 13 0.05784775 
748 386 15 19 0.057734486 
86 243 11 14 0.057565212 
663 170 12 15 0.05752569 
104 122 11 15 0.05746073 
61 148 13 15 0.057192072 
725 281 12 15 0.05697682 
96 145 11 14 0.056703452 
460 155 14 16 0.056689616 
205 277 11 15 0.056285996 
134 261 15 19 0.056102138 
560 40 9 11 0.05604482 
643 222 15 19 0.05499629 
791 394 20 27 0.054972455 
148 332 12 14 0.05452757 
629 134 11 12 0.05417395 
591 179 12 16 0.05400623 
676 396 14 18 0.053938236 
28 179 14 16 0.053840786 
786 331 16 20 0.053652108 
209 125 11 13 0.05326248 
56 23 9 11 0.05321162 
582 404 14 18 0.05292125 
789 326 12 15 0.05215226 
459 98 12 14 0.052044224 
108 395 10 13 0.051131837 
189 203 14 16 0.05086551 
87 61 10 12 0.050406996 
196 236 14 17 0.050336283 
125 308 14 17 0.050092265 
455 153 13 17 0.049851786 
160 102 11 14 0.049750384 
684 133 14 17 0.04970083 
705 398 19 22 0.049659863 
36 339 14 17 0.04947974 
20 396 13 17 0.049432002 
465 38 10 14 0.049239744 
238 210 14 17 0.049133196 
115 186 17 19 0.049128372 
145 272 14 18 0.048987105 
636 149 12 16 0.048935592 
732 125 12 14 0.04883703 
177 115 10 13 0.048789084 
587 332 10 12 0.04864595 
915 635 41 37 0.048556454 
745 186 12 14 0.048476927 
670 315 16 22 0.048446015 
15 339 12 15 0.048387025 
206 205 11 14 0.048301462 
106 185 19 23 0.048232973 
625 157 11 13 0.048070166 
187 21 10 13 0.047875546 
0 228 7 13 0.047623783 
744 393 19 27 0.04760294 
97 332 10 14 0.04693209 
685 248 15 20 0.0467875 
58 209 14 19 0.046566382 
779 283 12 14 0.04654346 
726 236 10 12 0.04652826 
103 184 11 14 0.04638896 
812 188 11 15 0.046067514 
388 174 23 27 0.046042696 
14 281 18 26 0.045901988 
828 284 10 12 0.04589856 
1 128 9 13 0.045818675 
246 92 11 13 0.04559727 
93 124 12 13 0.045591485 
523 163 13 15 0.045540053 
13 102 10 12 0.04550065 
625 143 12 15 0.045310136 
71 301 9 15 0.04502369 
183 148 13 17 0.044876304 
614 325 21 26 0.044868086 
93 286 10 13 0.044731863 
98 386 10 14 0.04462296 
685 167 11 13 0.04459993 
487 159 9 11 0.044575926 
673 125 11 14 0.044370897 
2 372 18 27 0.044340305 
122 434 15 19 0.04411771 
75 307 12 15 0.04406546 
231 289 12 15 0.043939095 
240 190 11 14 0.043904807 
271 159 13 16 0.043774474 
596 234 13 16 0.043564722 
145 261 16 19 0.043531116 
623 128 10 11 0.043512717 
55 149 12 15 0.04350986 
489 98 12 15 0.043444242 
627 323 14 20 0.04323188 
79 181 13 17 0.0432093 
118 117 11 14 0.0430219 
549 249 15 20 0.042932663 
463 112 11 13 0.04279734 
711 210 13 17 0.04269165 
708 203 14 16 0.04241953 
76 262 10 12 0.04240295 
40 369 16 22 0.04228215 
245 87 10 13 0.042261504 
620 298 12 16 0.042244725 
152 29 10 12 0.042172246 
51 268 12 16 0.04206703 
166 325 11 12 0.04203025 
194 150 14 17 0.04186389 
132 192 12 17 0.04154904 
270 177 13 15 0.04141795 
727 96 11 13 0.041231498 
630 170 11 14 0.041205857 
111 130 10 14 0.0409864 
703 230 11 15 0.040885247 
30 338 13 18 0.04078764 
134 140 10 13 0.040741008 
60 23 10 11 0.040626865 
686 101 10 12 0.04061676 
230 147 14 16 0.04058919 
788 156 11 14 0.040576775 
111 47 10 12 0.040515352 
188 14 10 13 0.04045142 
789 150 9 12 0.04037355 
742 182 12 15 0.04019553 
636 360 12 15 0.040137757 
770 184 14 18 0.03995538 
410 193 12 16 0.03981086 
737 47 10 13 0.039808307 
239 249 14 16 0.03966279 
548 167 22 26 0.039512984 
391 378 44 54 0.039493036 
87 274 11 15 0.03946735 
90 186 14 19 0.0394153 
152 315 11 13 0.03935389 
703 146 12 13 0.039229903 
220 154 13 17 0.03918813 
686 111 12 15 0.03917675 
109 148 11 14 0.03914794 
773 243 12 16 0.039143495 
109 324 13 14 0.039108753 
227 387 16 22 0.038794823 
51 260 11 15 0.038612068 
621 166 11 14 0.038585804 
111 159 12 14 0.038538672 
149 339 13 17 0.038465086 
0 110 9 13 0.03846477 
527 159 9 11 0.03835749 
216 165 11 15 0.03832801 
90 323 12 15 0.038105283 
710 144 11 13 0.038099132 
248 67 12 14 0.03804289 
667 179 13 16 0.038027033 
668 215 15 18 0.03800009 
251 192 11 13 0.037989363 
691 116 12 14 0.03791378 
239 33 9 11 0.03789959 
765 238 13 16 0.037810322 
598 248 15 19 0.037773833 
558 216 14 19 0.037668552 
63 188 12 15 0.037547678 
159 326 9 11 0.0374383 
588 170 14 17 0.037142735 
70 148 11 14 0.037132837 
633 120 9 12 0.036982615 
1 292 10 15 0.036939766 
40 256 18 23 0.036749188 
208 402 17 21 0.03670252 
140 444 12 14 0.036614172 
148 135 13 15 0.036499906 
873 35 25 32 0.036494236 
722 194 14 17 0.03646926 
141 146 14 16 0.03633914 
40 24 10 13 0.036199454 
204 319 13 15 0.03614778 
4 21 9 12 0.0361117 
602 331 10 13 0.03608195 
678 247 15 20 0.036061686 
531 55 12 13 0.03560708 
514 115 12 14 0.035569284 
774 229 11 14 0.035532713 
251 84 12 14 0.035449922 
0 194 11 17 0.035382174 
716 143 12 14 0.035226014 
188 3 9 12 0.035090614 
381 411 30 37 0.034984775 
596 290 11 14 0.03492001 
393 97 19 23 0.034826495 
182 141 10 14 0.03459569 
517 166 14 18 0.034333557 
96 259 12 16 0.034260936 
7 114 14 15 0.034251463 
196 203 12 15 0.03424878 
150 121 13 15 0.03396239 
772 335 16 22 0.033916116 
699 134 12 16 0.03390502 
789 221 12 13 0.03365878 
668 266 14 16 0.03351753 
61 194 14 17 0.03347726 
545 126 9 13 0.03338683 
271 236 12 17 0.033267997 
132 107 11 12 0.03326622 
231 115 14 17 0.033251125 
808 231 10 14 0.032983072 
133 126 11 14 0.03298302 
749 270 14 18 0.032951843 
787 228 12 13 0.032900315 
608 180 11 15 0.032868225 
692 123 13 16 0.032847133 
148 8 10 12 0.032803822 
254 195 11 14 0.032769542 
767 244 21 24 0.03275549 
251 125 11 14 0.03261522 
767 115 11 14 0.032611158 
580 425 447 441 0.032485753 
127 56 8 11 0.03246943 
503 165 13 15 0.032405656 
11 126 12 14 0.032389626 
246 99 11 15 0.032349527 
709 109 11 14 0.03232753 
459 83 13 17 0.032264546 
391 106 14 17 0.032261964 
51 375 15 20 0.03216218 
654 85 11 12 0.03213136 
582 128 9 10 0.032115113 
79 349 11 15 0.032061085 
238 128 16 18 0.03204609 
12 55 14 16 0.032031637 
251 272 13 17 0.03190214 
610 400 17 22 0.031841256 
192 182 12 15 0.031810973 
215 379 27 36 0.031774707 
246 55 11 14 0.03174362 
725 303 14 18 0.0316619 
479 116 9 12 0.03159009 
78 253 10 14 0.031473484 
178 4 10 12 0.031469043 
154 145 14 17 0.03131844 
714 190 16 19 0.031267185 
212 85 9 11 0.03126593 
131 242 14 18 0.031251162 
564 165 12 16 0.03124179 
774 237 11 15 0.031209406 
26 267 13 19 0.03119713 
700 203 14 17 0.031094173 
732 93 10 13 0.031081613 
157 224 13 17 0.031070843 
719 120 12 15 0.030893125 
891 399 49 62 0.03075482 
392 186 24 29 0.030739428 
198 133 12 14 0.030713608 
621 193 12 16 0.03068766 
554 162 16 19 0.030666165 
180 282 12 16 0.030627137 
629 539 9 13 0.030550286 
725 2 11 13 0.03049227 
183 117 10 13 0.030474652 
124 334 11 15 0.03044037 
487 112 11 14 0.030391064 
757 205 12 14 0.030378463 
783 158 11 14 0.030373687 
643 191 12 16 0.030329354 
151 37 9 12 0.030312348 
781 228 13 15 0.030309351 
204 282 14 19 0.030293453 
402 366 26 34 0.030241579 
741 211 14 16 0.030199625 
214 80 9 12 0.030192029 
33 208 13 17 0.030078106 
92 274 12 15 0.03003501 
212 38 10 11 0.02997401 
178 419 30 37 0.029963462 
534 33 18 21 0.02995048 
749 83 12 15 0.029863045 
680 113 19 23 0.029829351 
746 221 13 15 0.029781839 
173 109 11 14 0.029762296 
107 332 14 18 0.029761003 
573 255 15 20 0.02951972 
96 421 12 15 0.029430218 
639 199 19 23 0.029407367 
70 120 12 15 0.02935095 
356 34 26 29 0.02923185 
76 340 10 13 0.029193249 
724 186 13 17 0.029178737 
261 170 12 15 0.029161967 
33 187 13 16 0.029077541 
21 37 12 13 0.0290713 
655 158 10 12 0.02905533 
78 355 14 20 0.028996816 
632 551 10 14 0.02897753 
639 250 13 16 0.028917104 
778 392 22 28 0.02887568 
25 19 17 22 0.028755566 
556 227 15 18 0.028704332 
613 127 10 12 0.02868246 
580 138 13 16 0.02866722 
88 85 10 13 0.028651914 
676 137 20 23 0.028638626 
652 172 12 15 0.028613955 
838 220 14 21 0.028567517 
216 19 11 14 0.028521089 
70 273 12 19 0.028484263 
548 163 16 19 0.028403498 
807 142 11 15 0.028374156 
86 310 14 16 0.028343882 
37 76 10 13 0.028337901 
676 308 15 19 0.028284416 
491 113 18 23 0.02827439 
88 291 10 12 0.028262889 
132 306 13 16 0.028255465 
72 398 13 17 0.028228246 
701 114 11 14 0.02817996 
669 187 14 16 0.028134393 
184 294 20 25 0.028111978 
786 85 13 15 0.028072441 
254 66 11 15 0.02795182 
128 61 9 11 0.02792728 
8 101 11 12 0.027911307 
124 278 10 14 0.027892558 
135 147 11 14 0.02783766 
97 118 10 12 0.027821923 
60 203 14 18 0.027743503 
562 405 16 20 0.027698359 
275 180 11 13 0.027673544 
168 227 12 15 0.027665807 
76 268 10 14 0.027618108 
778 108 14 16 0.027564382 
192 184 19 23 0.027479304 
550 212 14 17 0.027457265 
129 23 8 11 0.027409496 
484 201 15 21 0.027389225 
183 210 13 16 0.02735382 
74 157 14 18 0.027352817 
247 222 13 15 0.027284766 
229 29 10 13 0.027268222 
400 121 12 15 0.027237687 
240 90 13 15 0.027233493 
54 205 12 16 0.027216397 
205 147 12 15 0.027189922 
137 40 9 11 0.027156323 
631 84 12 15 0.027121346 
54 102 10 13 0.027099038 
582 164 14 17 0.027094545 
693 322 13 18 0.027056184 
189 194 14 17 0.027019862 
243 106 12 15 0.02694119 
16 42 11 13 0.026931366 
105 304 11 15 0.026890777 
757 109 10 12 0.026890196 
82 205 17 22 0.026824702 
595 264 15 19 0.026785124 
589 16 21 26 0.02677607 
100 414 11 16 0.02671863 
335 225 15 17 0.026717948 
47 274 12 16 0.026700879 
7 93 11 13 0.026654733 
713 182 15 17 0.026647236 
755 150 13 16 0.02664422 
693 273 13 16 0.026535412 
239 258 12 14 0.026518438 
206 6 11 13 0.026486289 
542 163 14 18 0.026381098 
4 171 15 18 0.026372612 
223 308 22 27 0.026345039 
779 237 14 18 0.02630627 
61 120 13 17 0.02625691 
69 178 13 17 0.026256021 
78 242 14 17 0.026236447 
252 74 12 16 0.026201062 
238 80 10 12 0.026180545 
174 39 9 11 0.026116662 
636 211 14 17 0.026104229 
559 396 13 19 0.026078274 
194 58 11 14 0.026063237 
57 363 14 18 0.026013067 
197 168 12 16 0.025992554 
158 123 11 13 0.025965322 
100 380 13 17 0.025964336 
45 140 10 13 0.025962342 
230 45 12 15 0.025949847 
389 114 12 16 0.025938736 
428 121 11 13 0.025926512 
238 53 10 13 0.025884733 
693 297 14 18 0.025880422 
528 130 12 15 0.025857452 
414 117 9 12 0.025816882 
448 52 12 15 0.02578956 
894 628 75 56 0.025789106 
420 179 11 15 0.025766667 
478 157 12 15 0.025765546 
818 92 13 16 0.025756048 
192 101 10 12 0.025734236 
566 206 13 15 0.02572284 
155 115 12 15 0.02572148 
110 59 13 14 0.02569438 
305 155 15 18 0.025677422 
726 76 9 13 0.02564778 
784 393 37 43 0.025618363 
680 164 10 13 0.025617585 
734 144 19 24 0.02561169 
631 382 14 18 0.025580902 
534 149 10 12 0.025492424 
208 39 9 11 0.025261145 
60 238 11 15 0.025224479 
554 256 16 19 0.02517341 
720 282 12 16 0.025171418 
197 212 14 16 0.02515534 
777 28 11 13 0.025138153 
101 73 18 22 0.025135303 
784 222 11 13 0.025099983 
234 284 16 19 0.025059618 
88 329 11 15 0.025059551 
668 543 11 14 0.025057396 
493 77 10 12 0.025046842 
639 176 13 16 0.024971722 
660 315 15 19 0.024919268 
200 49 10 13 0.024916252 
125 116 11 14 0.024883438 
413 166 12 16 0.024858551 
71 60 10 12 0.024858072 
799 281 12 14 0.024843104 
831 238 9 12 0.024826428 
706 235 13 16 0.02481776 
655 195 11 15 0.024705892 
38 169 12 16 0.024664124 
614 235 11 15 0.02459301 
735 107 19 23 0.024573201 
600 188 12 16 0.024554601 
202 53 10 12 0.024552763 
142 437 28 33 0.024552127 
181 46 12 14 0.024521258 
97 348 10 14 0.02451566 
636 406 21 28 0.024447573 
201 400 27 34 0.0244446 
493 109 13 16 0.024355918 
788 345 15 19 0.024316303 
615 160 10 12 0.024191318 
142 70 10 13 0.024141625 
111 338 12 17 0.024130315 
221 242 13 17 0.024087572 
63 333 13 17 0.02406497 
61 385 12 17 0.024035918 
677 181 14 17 0.024001 
685 224 18 22 0.023959326 
253 246 10 11 0.023939675 
168 29 9 11 0.023908228 
758 323 11 15 0.02390383 
234 272 23 28 0.023852332 
273 222 9 12 0.023810012 
6 294 15 19 0.02380549 
191 19 90 125 0.023767313 
759 139 11 15 0.023746843 
298 208 14 17 0.023740653 
230 147 23 26 0.02372394 
624 57 23 26 0.02368741 
644 97 13 15 0.023679867 
124 235 12 18 0.023616804 
0 299 10 14 0.023605252 
175 141 10 13 0.023579646 
521 54 11 13 0.023579305 
41 90 17 21 0.023519766 
621 43 24 28 0.023499787 
0 443 7 12 0.023356305 
10 236 13 16 0.023352526 
204 256 18 23 0.023284374 
10 162 13 16 0.023282757 
510 171 17 21 0.02308399 
164 116 12 15 0.023076726 
574 167 12 16 0.023050398 
196 68 11 15 0.023040667 
216 243 12 17 0.022952514 
550 235 14 17 0.02295229 
80 12 10 13 0.022923885 
680 171 11 15 0.022904485 
30 273 23 29 0.022854928 
127 326 10 13 0.022853235 
46 262 20 27 0.022837704 
112 142 11 13 0.022823928 
545 132 10 13 0.02280744 
19 363 14 17 0.022748234 
514 55 102 119 0.022712957 
149 155 19 24 0.022707088 
360 449 23 29 0.02267204 
223 87 10 12 0.022662217 
838 241 12 16 0.022558574 
128 268 10 13 0.0225234 
21 332 11 16 0.02245519 
215 30 10 11 0.022429314 
226 274 14 16 0.02240774 
359 124 11 14 0.022403155 
21 379 13 18 0.022387067 
384 117 11 15 0.022300443 
0 181 13 19 0.022237912 
703 193 14 17 0.022224585 
529 63 16 19 0.022222608 
599 69 10 13 0.02222165 
174 302 10 13 0.022123436 
528 150 10 12 0.02212094 
54 636 12 13 0.022097368 
203 12 14 17 0.022070548 
133 63 10 12 0.022068148 
134 357 11 15 0.022053184 
389 557 12 17 0.022044038 
149 220 12 16 0.02204251 
144 340 12 14 0.022008779 
664 548 12 14 0.021994859 
129 28 8 11 0.021977538 
0 233 11 16 0.021965826 
57 117 10 14 0.021925144 
137 233 13 18 0.02187934 
784 148 10 12 0.021859119 
521 171 13 18 0.021851772 
611 188 13 17 0.021834815 
36 125 11 13 0.021812335 
756 85 11 14 0.02180088 
58 39 12 14 0.021798074 
278 221 12 13 0.021744663 
759 318 11 13 0.021733329 
136 447 27 31 0.02171133 
455 117 10 12 0.021681959 
594 164 14 17 0.021667318 
444 127 11 13 0.021666104 
115 122 12 15 0.021626981 
738 302 14 17 0.021602398 
17 61 12 14 0.02158416 
165 132 11 13 0.021551382 
45 377 12 19 0.021499181 
421 120 20 24 0.021496668 
733 218 13 17 0.021430898 
626 187 13 16 0.021404466 
180 220 13 16 0.021378828 
0 203 8 14 0.021352738 
210 211 12 17 0.021274062 
814 778 14 16 0.021250535 
116 260 11 15 0.021219397 
92 194 14 17 0.021216156 
231 209 13 18 0.021158427 
829 80 89 123 0.021155318 
829 785 31 30 0.021100754 
475 85 12 15 0.021099174 
676 265 13 16 0.021073537 
277 227 15 19 0.021054115 
53 82 11 13 0.021037588 
925 632 15 18 0.021029226 
162 320 21 25 0.021026393 
117 58 11 14 0.02102122 
175 44 9 12 0.020968113 
661 266 14 16 0.02088972 
204 181 12 15 0.020871954 
133 30 9 11 0.02082713 
573 120 9 12 0.020822108 
142 75 11 13 0.020816686 
1 15 9 13 0.020803187 
623 138 20 24 0.020779705 
81 98 11 15 0.020765942 
35 48 14 17 0.020703655 
262 83 11 14 0.020670423 
197 288 18 25 0.020651128 
52 10 13 15 0.020629665 
677 384 17 22 0.02062358 
748 204 14 16 0.020618573 
86 447 10 14 0.020615313 
592 50 12 15 0.020614928 
0 254 11 16 0.020603852 
60 155 13 16 0.020596562 
469 82 14 17 0.020588469 
142 122 11 14 0.020557944 
637 315 13 18 0.020548612 
662 135 11 13 0.020527309 
843 224 23 31 0.020517576 
393 159 23 25 0.020502564 
223 52 10 12 0.020474106 
578 253 16 19 0.02046356 
197 315 13 16 0.020408487 
575 42 12 15 0.020357084 
165 140 12 15 0.020334756 
414 175 13 18 0.020334374 
0 267 11 16 0.020330625 
126 261 11 15 0.02032845 
206 119 11 13 0.020316802 
385 139 13 17 0.020315435 
575 131 11 14 0.020300496 
679 287 20 26 0.02030015 
112 166 19 23 0.020285547 
55 236 11 15 0.020240434 
755 211 21 24 0.020233136 
616 405 20 25 0.020231958 
681 102 10 12 0.020230286 
488 76 10 12 0.020198844 
647 244 13 17 0.0201841 
149 105 18 22 0.020183416 
565 256 15 19 0.020180332 
278 126 13 17 0.020162508 
798 229 10 13 0.02014226 
273 171 13 17 0.020126173 
789 51 14 17 0.020099044 
766 78 11 12 0.020099033 
641 372 14 17 0.020058742 
102 223 12 15 0.020015152 
740 231 13 17 0.020005723 
