35_Basketball_playingbasketball_35_495
509
742 989 25 33 0.99871075 
737 1058 24 31 0.9986192 
172 1117 26 34 0.99847394 
339 749 66 82 0.9978871 
204 964 25 32 0.9968079 
826 823 61 72 0.9964216 
234 1155 23 31 0.9959998 
179 922 24 30 0.99503505 
818 657 17 21 0.98818934 
544 402 93 73 0.98449415 
989 694 15 21 0.9828189 
845 606 13 18 0.9816321 
252 1104 25 29 0.97733235 
741 600 15 19 0.97491676 
670 984 21 30 0.9703573 
803 726 16 20 0.9701035 
263 771 21 28 0.9666526 
971 895 21 26 0.95998144 
14 780 69 71 0.95508915 
221 587 14 17 0.95498973 
902 816 22 27 0.9506906 
738 751 17 24 0.94857615 
244 704 19 23 0.94729435 
287 580 15 19 0.9461417 
728 812 19 25 0.94011366 
202 434 14 19 0.9337356 
793 757 17 20 0.9331689 
283 670 19 25 0.92625666 
771 857 18 24 0.9242682 
206 608 18 23 0.9242636 
919 672 15 20 0.92110336 
173 704 22 28 0.9198902 
115 25 79 69 0.9145681 
168 567 16 20 0.91138625 
262 607 15 20 0.89762336 
951 829 16 22 0.89208066 
167 632 20 25 0.89203405 
710 622 16 21 0.89069676 
946 864 17 23 0.88885593 
676 823 19 24 0.88735175 
225 741 22 28 0.8870721 
835 794 17 22 0.8812804 
935 696 15 20 0.88053805 
723 850 16 21 0.8750908 
109 627 18 23 0.8698253 
690 691 15 21 0.864721 
1010 899 14 23 0.8485946 
831 631 15 20 0.84514767 
861 765 17 20 0.843174 
935 607 13 16 0.83227783 
347 472 17 21 0.82070196 
784 819 17 23 0.82056767 
994 609 13 16 0.8151912 
964 738 14 18 0.78221476 
106 576 16 20 0.7813179 
45 568 17 21 0.7715218 
285 741 20 26 0.7651459 
318 611 17 22 0.7628662 
983 637 13 17 0.7559781 
143 436 14 18 0.7469959 
875 632 14 19 0.7426471 
942 793 17 21 0.7285328 
994 659 15 20 0.72655916 
231 639 19 23 0.71346456 
288 705 17 21 0.71313745 
791 646 13 18 0.7107827 
694 753 16 21 0.7088219 
974 843 16 20 0.70863116 
720 901 20 22 0.7028427 
933 729 17 20 0.69368374 
594 710 16 21 0.69011027 
290 451 14 19 0.67531 
686 961 22 25 0.66997313 
303 633 17 21 0.6523068 
338 736 19 24 0.6469963 
870 659 16 21 0.6129734 
998 761 16 20 0.60492283 
867 729 18 21 0.59960324 
218 459 14 19 0.58527136 
727 661 14 18 0.5680986 
1004 1095 19 29 0.5624815 
946 631 14 19 0.55847436 
587 785 26 37 0.5572847 
135 672 17 23 0.5359546 
124 445 13 17 0.53052187 
883 689 13 17 0.49506286 
662 857 18 22 0.4752155 
864 704 15 19 0.47050443 
855 485 14 17 0.46775138 
764 894 22 27 0.46528372 
703 473 18 24 0.4471169 
734 790 15 19 0.44608405 
260 829 23 31 0.43676993 
656 803 19 22 0.4225915 
798 80 15 19 0.41747102 
607 64 17 21 0.4172614 
522 474 24 34 0.40897346 
54 449 12 15 0.38797513 
846 769 14 17 0.37828162 
681 440 15 20 0.37169218 
350 582 15 20 0.3525162 
347 718 17 21 0.3323139 
766 453 14 18 0.32964453 
753 828 12 16 0.32030916 
124 615 19 27 0.3123619 
894 678 13 16 0.31070462 
779 490 14 17 0.3092558 
974 658 13 16 0.3001346 
1013 833 11 19 0.29623353 
698 794 14 18 0.2937714 
162 609 18 20 0.2808534 
793 706 14 17 0.2791462 
776 667 16 21 0.27635762 
41 624 22 27 0.27630922 
254 841 24 33 0.2682023 
762 968 21 26 0.2665739 
359 427 14 17 0.26543048 
700 724 14 18 0.26394695 
761 459 24 31 0.25433186 
246 853 22 28 0.24894011 
1005 1193 19 38 0.24843206 
86 475 13 17 0.23912016 
190 481 15 20 0.23840116 
520 151 15 20 0.23673764 
671 853 20 30 0.23346588 
99 618 23 29 0.21062833 
160 492 13 17 0.20916651 
970 845 25 31 0.20876665 
1007 445 13 18 0.1951841 
842 659 15 19 0.18296315 
905 851 23 31 0.18159853 
923 631 15 19 0.1696167 
239 740 21 29 0.15699139 
868 92 14 17 0.15369663 
747 661 13 17 0.15148582 
780 680 15 20 0.14948261 
226 787 17 21 0.14670682 
229 1133 23 28 0.14140707 
590 686 17 21 0.14103349 
983 738 14 18 0.13994192 
17 845 65 95 0.13754058 
948 576 13 17 0.13266952 
852 768 16 19 0.11140728 
996 737 14 17 0.108382694 
682 852 21 31 0.10820941 
835 76 12 16 0.10649497 
765 798 15 19 0.10612436 
679 173 14 18 0.10606388 
294 790 31 36 0.10605346 
172 839 15 21 0.10570541 
814 796 12 17 0.10395889 
988 880 15 20 0.103042826 
3 789 91 115 0.0995089 
1 443 16 23 0.09791155 
159 604 14 18 0.09636503 
563 749 29 33 0.0961482 
230 467 13 17 0.095722236 
852 504 14 20 0.09537015 
59 445 12 16 0.09265095 
52 629 16 21 0.092333384 
779 107 45 51 0.092267096 
943 574 13 16 0.092081316 
237 482 14 20 0.091984704 
710 1001 16 20 0.091198355 
901 771 17 20 0.08785817 
19 486 20 25 0.08761437 
741 867 15 18 0.08756658 
898 516 14 18 0.08615745 
511 461 40 54 0.08330552 
610 130 14 20 0.08222208 
702 656 15 19 0.08043475 
874 736 15 19 0.0798109 
667 144 13 19 0.07833216 
42 466 15 21 0.07685998 
229 625 23 28 0.07642054 
601 792 17 23 0.07436212 
162 1212 20 20 0.07410454 
724 997 15 21 0.07328884 
235 474 14 18 0.07296095 
741 899 15 20 0.07291237 
205 763 16 21 0.07208154 
877 786 15 17 0.071307175 
979 853 25 29 0.07085849 
83 843 26 34 0.07019425 
875 789 24 28 0.06979041 
664 0 29 31 0.069752745 
805 825 17 23 0.068584785 
159 595 14 18 0.068525955 
287 821 24 30 0.068075426 
45 461 14 18 0.06779585 
197 1125 23 28 0.067017026 
284 789 26 31 0.06662742 
202 1139 25 34 0.065988325 
34 616 17 21 0.065365784 
887 865 17 22 0.06521044 
165 615 22 25 0.064850055 
237 859 15 21 0.06455762 
226 1123 18 21 0.064105354 
187 825 15 19 0.06282987 
995 569 12 16 0.062128324 
129 450 14 17 0.06157079 
182 461 11 16 0.06107033 
349 457 24 29 0.060315777 
324 678 13 17 0.05962508 
889 766 21 26 0.058953192 
211 1100 16 19 0.058858838 
354 714 16 21 0.058437057 
258 695 19 25 0.057415027 
401 56 62 67 0.057061985 
373 458 16 22 0.056589123 
893 520 20 25 0.054933045 
865 712 16 19 0.053742096 
789 76 17 22 0.052494816 
825 774 11 14 0.05216883 
884 730 14 18 0.052055262 
157 920 41 50 0.051200002 
783 795 14 17 0.0507855 
728 793 13 16 0.050782695 
987 736 18 22 0.050575916 
226 461 13 17 0.05056654 
707 879 16 20 0.05043872 
299 797 40 54 0.050151654 
2 775 42 48 0.048817564 
884 761 16 21 0.048701618 
991 761 14 19 0.048229124 
61 439 11 13 0.048094817 
745 759 14 19 0.047270678 
879 772 22 29 0.04609758 
754 633 15 19 0.04589508 
134 523 14 17 0.04507243 
712 991 21 27 0.04499465 
630 163 14 17 0.044853806 
86 602 16 19 0.044832196 
652 484 16 23 0.044733696 
977 866 22 27 0.044432666 
228 824 15 21 0.043699086 
780 778 14 16 0.043573245 
1003 720 15 18 0.042887703 
245 1027 27 34 0.042787537 
764 707 15 17 0.042552587 
997 858 16 21 0.042033345 
889 810 27 35 0.04200413 
772 400 101 142 0.041997455 
210 768 16 22 0.04167355 
2 521 24 30 0.04166146 
49 451 13 16 0.04100353 
765 492 12 15 0.040950555 
127 387 12 14 0.04086661 
579 712 27 31 0.040329363 
275 484 16 20 0.040270723 
341 925 105 138 0.040029064 
838 705 16 22 0.039876137 
981 754 14 18 0.03959303 
971 722 16 19 0.03943793 
202 1066 26 30 0.039123118 
30 612 16 19 0.038745645 
116 488 11 13 0.03851402 
89 610 23 29 0.038361885 
814 744 15 19 0.037984706 
140 594 16 19 0.037879802 
368 640 16 20 0.037743814 
318 677 13 17 0.037736233 
342 728 21 25 0.037597436 
274 555 15 19 0.037557565 
728 800 23 27 0.03751153 
275 792 25 33 0.037337475 
246 746 21 27 0.03714671 
692 855 16 24 0.037069816 
978 651 14 18 0.037013926 
210 667 19 24 0.036879893 
671 723 24 31 0.036212992 
871 531 13 17 0.036053736 
180 895 19 22 0.036033433 
821 840 40 52 0.03597646 
320 797 25 34 0.035912473 
932 572 13 16 0.035767496 
-1 826 26 39 0.03554711 
842 765 12 16 0.03547752 
171 608 21 24 0.03525851 
706 818 15 20 0.03509154 
969 731 15 20 0.035005365 
63 418 13 16 0.03478452 
713 1082 28 33 0.034757722 
187 1094 17 20 0.034535397 
331 603 13 17 0.03451466 
-1 720 27 40 0.03430589 
338 739 30 36 0.03428123 
796 610 14 17 0.034205537 
244 801 22 28 0.034121472 
973 708 12 15 0.034048706 
685 744 22 28 0.033968534 
699 184 15 20 0.03390718 
942 586 13 15 0.03363343 
993 743 20 26 0.033631433 
114 618 18 24 0.033434983 
718 659 14 19 0.033373486 
883 627 13 18 0.033053737 
749 821 14 19 0.0329762 
844 1064 44 59 0.032944325 
958 832 19 24 0.03292848 
788 894 18 23 0.03276191 
693 724 20 28 0.032720447 
690 1065 34 39 0.03266435 
1007 596 12 15 0.032662496 
296 705 16 21 0.032629717 
609 792 17 23 0.032533627 
277 701 21 28 0.03234639 
947 760 17 23 0.032340646 
349 172 30 35 0.032228358 
895 602 12 15 0.031788744 
330 800 15 23 0.031670596 
745 606 14 19 0.031669512 
695 984 24 32 0.031506058 
678 834 23 33 0.03143381 
850 756 22 25 0.031370964 
78 450 14 17 0.03135513 
312 610 15 21 0.03133864 
883 747 15 20 0.031296372 
949 598 11 15 0.031276233 
766 959 27 32 0.031176897 
42 611 17 20 0.031166714 
691 83 15 19 0.031158037 
724 622 13 19 0.031152673 
47 792 42 49 0.031152315 
886 571 14 16 0.031061068 
874 812 29 39 0.031056255 
811 738 15 18 0.03105298 
736 658 18 22 0.030773655 
0 421 10 18 0.030607577 
55 437 12 14 0.03053449 
739 614 15 20 0.030514373 
433 62 61 65 0.030286266 
265 613 16 20 0.03024474 
740 799 14 19 0.030164607 
777 611 15 17 0.03011372 
842 794 23 30 0.030046452 
1010 990 15 27 0.029824955 
707 662 15 18 0.029798064 
898 706 15 19 0.02975906 
889 755 15 18 0.029699996 
443 478 15 22 0.029659392 
921 745 15 18 0.029508179 
915 119 13 17 0.029416993 
866 755 15 20 0.029366422 
988 632 14 17 0.029325807 
940 599 13 16 0.02931862 
755 658 12 17 0.028883288 
871 788 13 15 0.028581701 
876 624 13 17 0.028461788 
1014 962 11 17 0.028370041 
849 745 15 18 0.028354982 
264 692 16 21 0.02812718 
959 742 16 20 0.028120799 
300 538 14 18 0.028111422 
929 609 14 17 0.028079746 
959 734 15 19 0.027969431 
194 825 16 20 0.027911266 
145 726 17 20 0.027848946 
748 812 12 16 0.027848309 
149 568 14 19 0.027673138 
967 759 22 29 0.027383093 
937 723 23 27 0.02727607 
82 16 94 107 0.027215747 
188 460 12 17 0.02721113 
756 705 15 19 0.02719543 
611 821 16 23 0.027178422 
158 614 17 21 0.02703884 
853 723 13 18 0.026995232 
178 826 19 26 0.026871262 
533 713 28 44 0.026782861 
974 826 23 28 0.026650695 
563 718 42 53 0.026634216 
992 875 15 19 0.026555628 
212 1141 27 35 0.026481215 
825 1005 43 50 0.026423503 
233 815 21 29 0.026341543 
622 107 13 16 0.026203686 
751 966 24 29 0.02606699 
288 748 24 31 0.025996724 
961 857 22 30 0.025827922 
212 523 17 21 0.025799312 
572 782 31 43 0.02571487 
50 611 16 19 0.025711885 
114 893 16 19 0.025699578 
746 977 36 45 0.025671948 
664 837 24 35 0.02566172 
747 49 23 32 0.025633425 
308 690 15 19 0.025589779 
539 795 49 61 0.025583364 
661 842 15 19 0.025580434 
885 795 26 34 0.025574235 
170 828 17 23 0.025537716 
47 145 15 19 0.025471073 
951 751 23 30 0.025432613 
963 768 17 22 0.025363764 
749 639 15 18 0.025332734 
924 738 14 18 0.025238717 
249 1115 26 31 0.025085552 
173 596 13 15 0.024996527 
956 628 13 19 0.024922784 
937 523 13 16 0.024916777 
96 11 66 60 0.02481041 
875 856 30 38 0.024705293 
354 478 17 20 0.024582814 
633 0 21 18 0.024509119 
308 661 22 26 0.024502032 
884 781 25 32 0.024499571 
4 637 15 21 0.024496134 
107 567 14 18 0.024460906 
842 770 22 26 0.024455402 
57 813 47 66 0.024269892 
914 1008 14 17 0.024259415 
892 700 14 18 0.024177892 
224 609 22 28 0.024162618 
226 1141 27 37 0.024150956 
257 858 18 24 0.024076698 
276 478 12 15 0.024060706 
876 743 15 21 0.02402517 
665 972 37 45 0.024008418 
793 126 20 23 0.023879748 
864 795 28 35 0.023859354 
201 770 22 28 0.023827262 
889 725 15 18 0.023826485 
814 690 14 17 0.023797464 
251 539 15 19 0.023739498 
704 728 14 18 0.023727177 
757 739 15 18 0.023685986 
883 704 15 19 0.023685882 
364 458 17 22 0.02344204 
578 411 48 41 0.023363186 
29 624 18 22 0.023348529 
795 665 16 19 0.023344494 
994 636 12 15 0.023323335 
680 78 24 29 0.023291986 
263 701 21 28 0.023234082 
795 638 13 17 0.023160197 
990 653 14 18 0.023109635 
881 525 22 27 0.02308909 
106 590 16 20 0.0230686 
262 791 24 32 0.022952732 
567 695 48 60 0.02273723 
977 757 21 28 0.022705022 
789 653 16 20 0.022697356 
828 713 15 19 0.022649234 
278 458 14 18 0.022626892 
789 525 15 18 0.022477202 
932 565 13 15 0.022471545 
932 777 14 19 0.022444814 
352 426 15 19 0.02235434 
196 839 23 29 0.022344965 
359 703 26 34 0.022295509 
688 440 16 21 0.02227238 
776 852 16 20 0.02216018 
232 1110 25 29 0.022031525 
932 628 12 17 0.021962352 
575 661 51 70 0.021947088 
879 695 15 19 0.021893706 
58 958 24 29 0.02188072 
218 1098 15 19 0.021866554 
891 101 14 16 0.02185429 
882 737 14 19 0.02183098 
782 587 14 17 0.021818623 
84 680 13 18 0.021804048 
986 865 17 20 0.021786954 
148 601 15 18 0.021742871 
220 768 16 21 0.02173189 
291 771 30 37 0.021710556 
973 864 17 22 0.021701192 
1002 611 12 17 0.021624986 
747 789 13 15 0.021531349 
310 120 147 129 0.02145898 
848 486 22 28 0.021425951 
780 570 15 18 0.021422656 
982 571 11 15 0.021418164 
836 780 22 27 0.021412568 
240 489 15 19 0.021344654 
226 733 18 21 0.021214932 
690 835 12 16 0.021174878 
873 724 17 21 0.021167733 
685 979 25 35 0.02114359 
905 767 22 28 0.021139076 
67 444 13 16 0.021094896 
733 620 14 18 0.021067781 
889 688 16 19 0.021055955 
604 608 46 62 0.021049686 
218 857 16 21 0.020966196 
589 680 28 37 0.020885937 
54 410 14 18 0.020863088 
745 794 14 18 0.020772109 
862 724 16 20 0.020767774 
707 752 13 19 0.02076401 
698 735 17 22 0.020748058 
199 853 22 30 0.020712983 
997 818 15 18 0.020490544 
198 867 25 31 0.020460507 
218 608 14 20 0.02043668 
748 803 13 17 0.02043572 
221 1086 12 14 0.020384476 
778 896 16 21 0.020340318 
119 623 21 27 0.02030178 
612 126 22 29 0.020293016 
902 731 14 19 0.020244578 
870 792 16 22 0.020215321 
699 810 16 20 0.020149328 
180 460 20 27 0.020096056 
655 857 17 21 0.02007793 
694 81 24 27 0.020045813 
320 782 53 65 0.020044822 
955 573 11 15 0.020000704 
