35_Basketball_Basketball_35_185
73
293 436 59 64 0.9948602 
717 469 63 89 0.9764698 
607 720 21 28 0.97413796 
458 637 44 56 0.45120037 
598 766 11 15 0.16179901 
559 746 13 17 0.14452618 
593 748 12 14 0.11150308 
650 445 50 57 0.10325074 
631 763 14 16 0.08832871 
564 764 15 19 0.06645008 
591 742 12 15 0.06605725 
448 156 12 15 0.060535576 
527 699 14 19 0.059746414 
553 744 23 31 0.059147067 
992 734 9 12 0.052454717 
674 442 31 35 0.05205002 
592 72 450 421 0.051045258 
949 520 8 10 0.043097407 
692 465 111 129 0.041926328 
716 488 40 55 0.041634995 
-31 -21 416 485 0.039135255 
677 24 9 10 0.038840562 
420 722 25 32 0.036687355 
479 644 36 45 0.03581418 
629 739 13 16 0.034767885 
506 668 15 22 0.033875436 
678 0 8 9 0.03374792 
699 818 24 32 0.03338877 
705 8 9 9 0.032773703 
403 633 357 483 0.032306165 
497 654 24 38 0.031945575 
1002 623 8 10 0.030169532 
635 738 12 15 0.030010678 
427 730 15 18 0.029840965 
622 740 21 25 0.0290297 
375 760 10 11 0.027228327 
45 653 8 11 0.027190493 
945 524 9 10 0.027180295 
602 463 31 33 0.026961394 
656 28 9 12 0.02694787 
629 731 15 18 0.026939696 
589 743 20 24 0.026260128 
550 716 14 18 0.026017454 
584 660 11 15 0.02582346 
554 463 22 25 0.025795795 
694 15 8 9 0.025669957 
609 443 42 54 0.025164953 
452 153 425 453 0.024903324 
710 8 9 10 0.024653364 
634 749 13 15 0.023799436 
657 441 85 96 0.023671798 
22 696 8 10 0.023477647 
661 59 9 11 0.023411755 
595 756 14 17 0.023404703 
705 13 9 10 0.023246666 
157 605 9 11 0.022921963 
960 536 8 9 0.022657651 
606 656 13 17 0.021563733 
688 24 8 9 0.021459028 
592 510 11 12 0.021413423 
583 737 13 17 0.021157904 
458 598 9 11 0.020598684 
709 12 10 11 0.020546839 
719 5 12 12 0.020349475 
21 732 10 12 0.020309476 
682 712 8 11 0.020300956 
655 495 32 34 0.020296885 
445 159 17 21 0.020209594 
728 478 34 43 0.020198248 
705 31 9 12 0.020143285 
974 510 7 10 0.02010064 
1000 704 8 11 0.020073794 
135 683 9 13 0.0200036 
