35_Basketball_Basketball_35_457
943
609 137 42 54 0.87927896 
169 401 15 18 0.54346675 
247 390 9 12 0.5428678 
184 358 9 11 0.467931 
408 336 7 9 0.46278262 
153 296 7 9 0.44610956 
164 420 13 17 0.41572055 
940 319 12 15 0.41097757 
19 275 14 16 0.40604678 
158 367 8 11 0.39008936 
211 401 14 15 0.38836256 
377 328 7 10 0.36590832 
127 269 8 10 0.3622319 
144 334 7 8 0.3492394 
41 350 10 13 0.34614486 
80 344 8 11 0.2890359 
62 431 11 15 0.27133116 
56 420 11 14 0.26399094 
87 359 8 10 0.2537923 
289 335 8 11 0.248502 
264 303 9 11 0.24807164 
192 367 8 11 0.24102467 
359 319 8 9 0.22978373 
167 271 7 9 0.22585213 
206 386 9 13 0.22460158 
81 255 8 10 0.22237504 
49 378 11 14 0.21648195 
127 381 10 13 0.21518315 
113 270 9 11 0.20920613 
280 288 8 9 0.20856032 
56 254 9 11 0.20059079 
109 397 9 12 0.19980624 
473 320 7 8 0.19645487 
113 334 8 10 0.19442308 
183 351 9 10 0.19373089 
69 271 8 11 0.19297935 
16 390 11 14 0.18776682 
119 406 13 16 0.18424343 
182 303 7 10 0.18292587 
58 259 9 12 0.17916399 
22 199 7 9 0.17837223 
167 389 11 12 0.17502755 
60 415 11 14 0.17384997 
71 398 14 16 0.17241736 
424 349 8 9 0.17211707 
239 312 7 10 0.17032547 
87 230 7 8 0.16978802 
5 410 14 17 0.16932139 
137 286 8 10 0.16809054 
80 308 8 9 0.16771285 
22 245 7 9 0.1672787 
207 334 7 11 0.16705985 
54 248 8 9 0.16604348 
128 369 7 10 0.16547258 
507 335 7 9 0.16327338 
31 260 8 11 0.16270615 
168 316 8 10 0.16043848 
184 364 10 12 0.15975325 
125 310 8 10 0.15734799 
465 368 7 9 0.15732259 
64 304 8 11 0.15562671 
127 374 9 10 0.15536006 
86 278 8 9 0.15459435 
521 328 7 9 0.15128796 
438 327 8 10 0.14961044 
885 361 9 11 0.14439064 
158 297 7 10 0.14263473 
48 247 8 9 0.14178042 
400 318 8 10 0.13562077 
337 310 7 9 0.13481319 
113 264 6 8 0.134272 
0 350 6 11 0.13403286 
177 302 7 10 0.13363895 
37 191 7 10 0.13351808 
25 215 8 10 0.13319315 
290 328 7 9 0.1325068 
0 283 7 13 0.13222724 
113 357 9 13 0.131794 
79 206 8 9 0.12943831 
244 367 8 11 0.1278778 
96 288 7 10 0.12716287 
81 231 7 9 0.12628151 
122 302 7 9 0.12549543 
449 391 7 9 0.12547602 
159 342 8 11 0.124305256 
25 221 8 10 0.123582914 
254 327 8 10 0.12189332 
320 336 7 8 0.121551454 
200 264 7 8 0.12105212 
40 223 7 8 0.12064627 
415 288 7 9 0.12018282 
359 325 8 11 0.119606934 
320 303 8 9 0.1194273 
118 357 9 11 0.11881302 
38 311 9 12 0.11865505 
875 489 34 39 0.11634481 
40 344 10 12 0.116249494 
469 368 7 10 0.116176315 
272 360 7 9 0.115347914 
318 320 8 10 0.11516199 
124 409 12 14 0.11456147 
374 309 8 10 0.11428933 
122 254 7 9 0.11416737 
64 276 9 12 0.11387729 
233 312 8 10 0.11376036 
156 402 12 17 0.1125788 
257 374 9 11 0.112423256 
470 351 7 9 0.11193525 
2 198 8 11 0.11192466 
94 382 8 10 0.11123526 
112 224 7 9 0.110933095 
254 272 7 8 0.11091097 
283 374 7 10 0.11052726 
118 270 8 10 0.10934944 
37 365 10 11 0.10833764 
1 414 9 14 0.108180806 
126 295 8 9 0.107820354 
311 295 7 9 0.1071841 
152 350 8 9 0.10529567 
347 452 13 15 0.104999 
160 426 13 16 0.10392368 
305 286 7 9 0.10379603 
174 382 9 11 0.10345885 
193 311 7 9 0.1033277 
142 280 8 10 0.1029277 
57 224 7 8 0.10268066 
487 312 7 8 0.10224466 
488 341 7 9 0.10198743 
48 215 7 8 0.101462714 
134 382 8 11 0.10099225 
96 271 8 10 0.100575455 
73 233 7 8 0.100471124 
327 303 6 8 0.10028443 
207 365 9 10 0.100193456 
63 224 6 8 0.10012428 
210 360 7 9 0.09949258 
17 192 7 9 0.09817643 
7 240 8 10 0.097665094 
927 203 28 27 0.09755773 
213 359 7 9 0.0973582 
132 413 10 13 0.09712248 
513 360 7 9 0.09697488 
182 297 7 9 0.095793605 
208 312 7 9 0.095742516 
49 208 7 9 0.09564101 
241 278 7 10 0.0953528 
113 229 6 9 0.09506146 
201 303 7 9 0.09452797 
136 294 7 10 0.09434639 
441 302 7 9 0.093738206 
455 391 7 10 0.09368026 
433 312 6 8 0.09360786 
0 334 7 11 0.093528196 
97 308 8 10 0.09295774 
160 336 8 11 0.09249349 
263 343 7 9 0.09245638 
39 255 9 10 0.09178901 
142 286 7 10 0.09164561 
126 400 10 12 0.0912309 
474 385 7 8 0.09089677 
98 264 7 9 0.09084444 
166 408 15 18 0.090826094 
370 287 7 9 0.0906107 
486 361 8 9 0.08967847 
263 279 7 9 0.08911779 
201 381 11 14 0.08886633 
434 328 8 9 0.08872902 
32 366 8 10 0.08860798 
482 359 8 9 0.08793948 
11 356 8 11 0.08731494 
1 279 8 13 0.08638243 
23 206 7 9 0.0862218 
35 316 10 12 0.0861423 
440 359 8 9 0.08588303 
70 382 9 11 0.08571978 
118 335 7 10 0.084652856 
446 287 8 8 0.08412732 
393 352 7 8 0.0840816 
319 326 7 9 0.083979785 
31 221 7 9 0.08385622 
199 374 8 10 0.08370236 
184 412 11 14 0.08354121 
434 391 7 10 0.08262315 
449 374 8 11 0.08251849 
438 391 7 10 0.08219508 
528 350 8 10 0.081898026 
337 304 7 9 0.08155363 
191 273 6 8 0.08131592 
38 327 8 9 0.08116173 
432 383 6 9 0.08024657 
312 341 7 9 0.08022412 
246 374 8 11 0.08010865 
79 201 7 9 0.07905532 
889 545 13 16 0.07862201 
424 318 6 8 0.07844887 
527 397 7 9 0.078411505 
177 296 7 9 0.078383036 
48 241 6 8 0.078306034 
230 293 8 11 0.078141406 
328 357 8 10 0.07798234 
57 214 6 8 0.077787325 
111 274 10 13 0.07769942 
215 312 7 10 0.077587076 
224 287 7 9 0.07739072 
498 352 6 8 0.07710027 
328 285 6 9 0.07705482 
447 303 6 7 0.07701159 
29 216 7 10 0.07648169 
442 298 6 8 0.076373935 
152 269 7 9 0.07615487 
377 367 7 9 0.075668536 
416 304 7 9 0.07564981 
441 321 6 8 0.07505866 
379 350 7 10 0.07494143 
375 304 7 10 0.074886374 
478 384 7 9 0.07427107 
81 248 8 9 0.074169576 
201 317 8 11 0.073698126 
368 343 8 10 0.07338147 
413 423 8 10 0.07320032 
21 396 10 13 0.07317726 
343 303 8 10 0.072922915 
422 382 8 10 0.07266106 
128 225 7 8 0.07213972 
448 321 6 7 0.07189221 
145 295 8 11 0.07184077 
207 316 8 10 0.07178608 
490 399 7 8 0.07170398 
313 326 7 10 0.07169209 
28 278 10 13 0.07156159 
225 303 8 9 0.07151858 
30 283 10 13 0.07093327 
46 355 9 11 0.070782915 
74 207 6 9 0.07052599 
54 318 9 11 0.07023114 
217 279 7 9 0.0699286 
162 271 7 9 0.06972345 
423 312 6 9 0.0696555 
487 365 8 10 0.069578215 
87 272 7 10 0.06945834 
56 426 12 16 0.06930744 
497 328 6 8 0.06914131 
138 281 8 10 0.06889482 
313 337 6 8 0.068684585 
409 407 9 13 0.06837539 
417 310 8 9 0.06824979 
382 352 7 9 0.0679711 
247 319 7 9 0.06788716 
119 352 9 11 0.06781463 
422 375 8 10 0.06775958 
232 289 7 9 0.06689416 
239 273 7 8 0.06673308 
466 351 7 9 0.06666955 
145 301 8 9 0.066551924 
97 224 7 9 0.06653548 
88 287 9 10 0.06648308 
96 377 8 10 0.06639181 
8 223 7 10 0.0663739 
96 304 7 10 0.066354856 
328 336 6 8 0.066059 
519 391 8 9 0.06554397 
64 209 7 8 0.06547074 
255 334 7 10 0.0652348 
112 341 8 11 0.06519873 
208 296 7 9 0.06501402 
239 406 11 15 0.06483367 
257 256 7 8 0.06476835 
310 288 7 9 0.06457159 
184 309 7 9 0.06429391 
128 248 7 9 0.06422475 
169 385 10 12 0.063817106 
503 401 7 9 0.06351813 
432 295 6 8 0.06338658 
56 209 7 9 0.06334088 
355 319 7 9 0.06324614 
506 304 7 8 0.06314091 
916 311 14 17 0.062938936 
40 333 8 10 0.062681 
417 350 7 10 0.06266544 
152 358 9 11 0.06252654 
352 311 7 9 0.062390003 
321 279 7 10 0.062379494 
80 292 7 11 0.06219345 
318 310 8 9 0.06214811 
5 276 9 13 0.062057324 
118 364 9 12 0.0619652 
479 303 7 8 0.061934482 
16 223 7 9 0.06139876 
270 309 7 9 0.06128462 
306 342 6 8 0.061195843 
293 335 7 10 0.06110948 
278 279 7 9 0.060960382 
322 351 7 10 0.06088948 
214 391 10 13 0.060888376 
121 390 9 11 0.06076522 
121 249 8 9 0.06062152 
0 254 6 12 0.06030424 
170 302 7 8 0.060123976 
199 287 6 9 0.05995283 
954 303 9 11 0.0591156 
376 295 7 8 0.058782153 
175 337 8 9 0.05872063 
498 319 5 7 0.058037885 
512 383 8 9 0.05799903 
374 288 7 8 0.05799864 
481 353 7 8 0.057801623 
218 430 9 12 0.057744347 
136 247 6 9 0.057741936 
39 231 7 9 0.05753837 
535 382 7 9 0.057170197 
398 351 7 8 0.05714847 
314 303 7 9 0.057146687 
455 335 7 9 0.057036333 
1011 444 10 14 0.056996487 
141 357 9 11 0.05691942 
112 350 8 11 0.05686343 
199 369 8 9 0.05665282 
56 396 9 12 0.056651734 
315 311 6 8 0.05656437 
230 412 10 13 0.056401312 
111 209 6 8 0.056270495 
433 332 9 10 0.056149703 
193 317 7 9 0.056144565 
239 303 7 9 0.055977806 
18 245 7 9 0.055877265 
474 303 7 8 0.055867963 
242 396 10 14 0.05585417 
110 414 12 14 0.05577483 
125 303 8 10 0.055624414 
45 343 8 11 0.05536387 
481 336 7 9 0.0553391 
201 296 6 9 0.055264723 
177 287 7 9 0.055184517 
215 317 7 9 0.05518058 
418 382 7 10 0.054923277 
82 225 6 8 0.05480105 
102 310 8 10 0.054676387 
273 272 8 9 0.054482605 
510 305 7 8 0.05439222 
422 390 7 9 0.05437837 
218 397 11 15 0.054142833 
177 374 9 12 0.053996574 
336 440 12 15 0.053836625 
382 367 7 9 0.05382129 
136 349 10 13 0.053527772 
118 399 11 12 0.053481787 
34 295 10 11 0.0534443 
46 311 8 10 0.053396158 
247 280 7 8 0.053269707 
181 371 10 12 0.05307789 
122 297 8 10 0.052908074 
256 280 7 8 0.05276874 
522 333 7 9 0.052631706 
224 310 9 10 0.052532814 
169 256 7 9 0.05247564 
260 379 9 12 0.05244828 
142 342 10 11 0.052374985 
422 304 6 8 0.05230448 
209 420 10 13 0.05223107 
457 342 7 10 0.052220114 
96 239 6 9 0.05200819 
240 350 7 9 0.051982623 
256 352 8 10 0.05188303 
110 405 11 14 0.051858645 
221 411 13 15 0.051716458 
126 253 8 9 0.051633548 
168 337 8 10 0.05149458 
191 277 6 9 0.051363286 
64 214 7 8 0.051087193 
73 349 8 10 0.051008634 
218 403 13 15 0.05095892 
77 392 11 12 0.05092397 
65 230 6 9 0.050873052 
200 269 8 9 0.050835192 
400 313 7 9 0.050629996 
994 328 8 10 0.05003204 
79 414 10 13 0.04981382 
42 216 7 9 0.04980726 
271 295 8 9 0.049760558 
473 389 8 10 0.049529456 
177 342 7 9 0.04952223 
212 383 9 11 0.04950063 
293 327 7 9 0.049021445 
230 358 9 11 0.048912026 
95 246 7 10 0.04878787 
113 329 8 10 0.048751738 
473 325 7 9 0.04853912 
381 374 7 10 0.048377026 
72 237 7 9 0.04825592 
92 387 11 13 0.048184466 
185 278 8 10 0.04804775 
129 229 8 10 0.04804029 
142 349 10 12 0.047865607 
337 366 8 11 0.047781777 
32 311 11 13 0.047749445 
753 220 42 37 0.047302224 
487 337 7 10 0.047000542 
456 305 6 7 0.0468208 
207 265 6 9 0.04681103 
528 344 8 10 0.046680722 
377 383 7 10 0.046677772 
87 304 8 10 0.04660226 
226 294 8 10 0.04653541 
371 304 7 9 0.04651149 
497 359 7 9 0.046498172 
471 344 7 8 0.046469696 
215 272 8 10 0.046466224 
131 405 11 15 0.046360325 
249 272 8 9 0.0463438 
70 304 8 11 0.046124216 
250 327 8 10 0.046090197 
449 327 7 10 0.04590855 
391 336 7 8 0.04588875 
369 311 7 9 0.045797475 
186 272 7 9 0.04565957 
190 346 7 9 0.04564542 
536 360 8 10 0.045385454 
264 273 6 8 0.045228366 
103 262 7 9 0.04510871 
326 352 8 10 0.045092613 
88 226 6 8 0.04508921 
210 409 15 18 0.04506064 
125 357 7 10 0.045037985 
136 240 6 8 0.045034222 
384 391 7 9 0.044818383 
183 345 8 10 0.044648375 
72 326 9 12 0.044322718 
506 340 8 10 0.04416923 
200 405 9 12 0.044122856 
503 376 7 9 0.04404374 
423 368 7 9 0.04400308 
15 168 7 9 0.04396905 
279 272 7 9 0.04356679 
247 384 9 11 0.043473914 
463 313 6 7 0.04332347 
393 319 7 9 0.043268166 
168 297 7 9 0.043208253 
463 343 7 9 0.043104317 
391 305 6 9 0.042877298 
72 332 9 11 0.04271736 
214 365 8 11 0.04263982 
32 231 8 10 0.04250259 
180 404 11 15 0.042262312 
416 343 7 10 0.04219224 
257 357 7 8 0.042006135 
326 281 7 9 0.041881837 
120 264 8 10 0.04164142 
505 311 7 9 0.041569438 
406 365 9 11 0.041516904 
457 311 6 8 0.04138993 
82 359 9 12 0.041224424 
400 288 7 9 0.0411724 
439 384 7 9 0.04110678 
167 264 7 9 0.04106175 
152 288 6 9 0.04106052 
64 200 7 8 0.04099903 
62 391 10 12 0.040944822 
256 342 8 9 0.040911317 
232 344 8 9 0.040780175 
145 271 7 9 0.04069265 
430 350 7 9 0.04059558 
1 239 8 10 0.04046941 
405 320 8 9 0.040419362 
438 397 7 9 0.04039904 
225 366 8 11 0.040364187 
384 304 8 9 0.040337555 
479 319 6 9 0.040255312 
103 303 7 9 0.04016817 
160 254 7 9 0.040086478 
256 286 7 8 0.04007901 
947 324 9 12 0.040051848 
529 359 7 10 0.040007707 
517 385 8 9 0.039905198 
104 277 9 11 0.03983059 
554 350 10 12 0.03981522 
392 311 6 9 0.039799344 
126 316 10 13 0.03965535 
206 375 8 10 0.039629523 
193 305 7 9 0.039609972 
152 265 7 9 0.039561365 
541 359 8 11 0.039428324 
258 309 8 10 0.03938042 
360 314 8 10 0.039365433 
104 294 7 9 0.039224576 
71 215 7 9 0.039176263 
256 368 9 12 0.039155427 
161 313 7 8 0.039111592 
206 303 8 9 0.039040543 
234 273 7 8 0.039021157 
369 335 7 9 0.03894695 
57 311 8 10 0.038915593 
34 184 7 9 0.038900964 
510 341 7 9 0.038883604 
213 420 12 14 0.03883438 
539 470 23 27 0.038832195 
504 319 6 8 0.038616687 
111 214 7 8 0.038282074 
74 344 8 11 0.038249847 
247 351 8 10 0.03800921 
256 320 8 10 0.03800572 
24 404 10 14 0.037940644 
39 197 7 9 0.037928358 
173 428 13 15 0.037910875 
136 343 10 11 0.03790384 
274 278 7 9 0.03781476 
151 279 8 10 0.03771937 
66 184 7 9 0.037695907 
223 328 8 10 0.037644062 
139 335 7 9 0.037625886 
48 316 8 11 0.03755794 
206 327 10 12 0.03749276 
367 360 8 11 0.037297774 
359 366 7 10 0.037284985 
18 174 7 10 0.037106942 
215 327 8 11 0.03710164 
153 255 7 8 0.037075628 
321 298 8 9 0.03698527 
314 319 8 10 0.0369335 
489 327 7 9 0.0369224 
449 368 8 9 0.03692202 
102 288 8 10 0.03679982 
200 311 8 10 0.03677249 
1008 389 11 15 0.03671227 
441 352 7 9 0.036558792 
21 382 11 13 0.036254928 
158 398 19 24 0.03621385 
542 305 7 9 0.03612216 
447 383 7 8 0.036122072 
417 389 8 10 0.036026087 
120 373 9 11 0.03596553 
72 223 7 9 0.03592183 
455 373 7 10 0.03578659 
488 318 6 8 0.035734907 
160 287 7 10 0.035661817 
32 301 9 11 0.035616387 
377 358 8 10 0.03557476 
216 254 7 8 0.035566036 
281 256 6 8 0.035531748 
214 296 7 8 0.035507523 
278 359 8 10 0.035355724 
406 360 9 11 0.03532009 
57 229 8 9 0.03531476 
473 313 7 7 0.03508434 
366 445 15 17 0.035068687 
87 395 11 15 0.035036486 
80 237 8 10 0.035031207 
246 296 8 10 0.034993425 
284 289 8 9 0.034982223 
119 341 9 11 0.034946654 
358 376 7 8 0.034814667 
487 297 7 7 0.03476943 
38 301 8 10 0.034726623 
104 223 7 10 0.034705333 
133 318 9 12 0.034656405 
269 344 8 10 0.034638222 
288 270 7 9 0.034621388 
287 294 8 9 0.034557916 
85 260 8 10 0.03444534 
304 365 7 9 0.034426957 
401 305 7 9 0.03442551 
295 297 7 8 0.034425117 
473 337 7 9 0.034379657 
341 367 8 11 0.034312405 
450 334 7 9 0.03424659 
167 276 8 10 0.034233592 
262 368 10 12 0.034094788 
74 202 7 8 0.034027502 
174 241 7 8 0.033918794 
305 337 7 9 0.0338657 
248 256 7 8 0.03385753 
60 256 8 11 0.033845212 
287 393 8 10 0.03381517 
86 248 7 9 0.033663236 
189 349 9 11 0.033658847 
306 327 7 10 0.033637427 
487 302 6 7 0.033627953 
25 255 8 10 0.033554077 
17 291 10 13 0.033535898 
93 326 8 10 0.03351825 
456 369 7 9 0.03348066 
327 380 9 11 0.033477128 
926 396 9 10 0.033368617 
134 418 10 14 0.03335636 
232 350 7 8 0.033238817 
0 355 6 11 0.033173792 
126 341 9 11 0.033046763 
105 214 7 9 0.03293977 
62 396 12 15 0.03291831 
464 372 7 9 0.032913066 
297 279 9 11 0.032847762 
1008 335 8 10 0.032761537 
31 238 8 10 0.03270884 
521 398 8 10 0.032667905 
413 335 7 10 0.032664098 
7 397 11 13 0.03247622 
22 333 8 10 0.03247502 
87 389 10 12 0.03244589 
240 316 8 10 0.032401003 
135 254 8 9 0.03228089 
218 286 7 9 0.03227748 
356 422 10 12 0.03227655 
17 240 7 10 0.032272205 
18 205 8 10 0.032191087 
125 387 11 13 0.03215872 
112 318 7 10 0.032147124 
42 248 8 10 0.032111503 
153 345 9 11 0.032042094 
208 271 7 9 0.03202287 
381 327 8 10 0.031991746 
87 351 8 10 0.031930644 
84 414 10 13 0.03190665 
391 326 8 9 0.031778682 
496 400 7 9 0.031719852 
38 184 7 9 0.0316922 
88 238 7 9 0.031605463 
443 287 7 8 0.031537283 
269 365 9 11 0.031395867 
178 349 9 11 0.031354498 
170 239 7 8 0.031325888 
543 342 7 10 0.031293165 
536 397 7 11 0.031230742 
495 312 7 8 0.031222412 
368 264 7 8 0.031205164 
266 298 7 9 0.031203732 
440 344 7 9 0.03112924 
513 400 7 9 0.031105414 
383 296 7 8 0.031051649 
136 326 8 10 0.031006174 
558 352 10 15 0.030981971 
229 387 10 13 0.030904096 
56 284 8 11 0.03082581 
16 262 9 11 0.030772747 
336 287 6 9 0.030766176 
412 412 9 12 0.030713879 
424 336 7 9 0.030705903 
329 364 8 12 0.030690651 
883 542 25 29 0.030665461 
33 360 9 11 0.030665226 
409 304 7 9 0.030660463 
536 336 7 9 0.030427938 
414 443 10 12 0.03040349 
520 313 6 8 0.030374244 
438 332 8 11 0.030288728 
240 295 8 10 0.030258121 
337 372 9 12 0.030204384 
465 287 7 8 0.030188385 
24 261 9 12 0.030156426 
359 332 8 10 0.030137027 
185 254 8 10 0.030061241 
337 281 7 8 0.029989885 
495 383 7 9 0.02997196 
47 223 7 9 0.029848916 
17 283 11 14 0.029827757 
263 350 7 10 0.029815203 
777 216 33 42 0.029799374 
466 359 8 9 0.029753627 
263 286 7 8 0.029743018 
520 318 7 9 0.029705955 
6 203 9 11 0.02970146 
454 328 7 9 0.029655619 
191 254 6 9 0.029642941 
384 311 8 9 0.029622441 
488 376 7 8 0.02960359 
410 288 8 9 0.02957945 
102 382 8 10 0.029538926 
24 174 7 9 0.029532032 
90 214 7 9 0.02946191 
463 398 7 9 0.02943703 
225 372 8 10 0.029371835 
214 373 9 11 0.02931634 
382 358 8 10 0.029310338 
513 328 6 8 0.02922792 
376 345 7 9 0.029113205 
122 382 9 13 0.029026823 
870 421 9 11 0.028998515 
69 410 13 15 0.028955508 
215 303 8 9 0.028946271 
152 400 12 15 0.028931048 
31 175 6 8 0.028913666 
49 184 7 8 0.028912526 
528 366 7 9 0.028843269 
327 296 6 9 0.028775295 
41 396 11 13 0.028770272 
16 228 8 10 0.028742345 
512 353 7 8 0.02872843 
447 359 7 9 0.028724143 
329 310 7 9 0.028692057 
342 309 8 10 0.028685587 
56 280 8 10 0.028685242 
134 263 7 10 0.028684849 
104 390 10 12 0.028652152 
247 285 8 9 0.02863874 
391 356 7 10 0.028622214 
37 278 8 11 0.028574565 
349 304 7 10 0.028489316 
240 285 8 10 0.02848459 
513 320 6 8 0.028461719 
103 200 7 8 0.028436447 
91 396 12 15 0.028381957 
84 343 8 11 0.028356222 
439 312 7 8 0.028348375 
25 169 7 9 0.028338399 
392 344 7 9 0.028331747 
463 392 8 10 0.02829099 
136 302 7 9 0.028224746 
502 352 8 9 0.028211983 
415 293 7 9 0.02815706 
81 272 9 10 0.028149517 
128 323 10 11 0.02814833 
112 257 8 9 0.028128954 
935 540 35 34 0.028079718 
135 310 8 10 0.027989527 
497 377 7 8 0.027894974 
222 391 10 12 0.027725138 
519 360 7 10 0.027724748 
471 372 7 9 0.027593393 
225 358 8 10 0.027553584 
157 360 9 11 0.027472142 
487 352 7 8 0.027427627 
0 310 9 12 0.027424986 
376 320 8 10 0.027414566 
401 344 6 9 0.02736212 
341 372 9 11 0.027347986 
150 290 17 23 0.027269017 
306 294 7 9 0.02717339 
164 387 21 27 0.02715402 
48 200 7 9 0.027138041 
105 208 8 9 0.027066382 
101 376 7 10 0.026936486 
456 319 6 8 0.026894389 
125 432 14 16 0.026873084 
1016 310 8 13 0.02675983 
271 350 7 10 0.026759433 
65 238 7 9 0.026749883 
153 231 7 8 0.02673725 
418 375 8 10 0.026644208 
1008 342 8 11 0.026641697 
0 341 7 14 0.026636725 
40 238 8 9 0.026618393 
159 248 7 9 0.02654991 
15 310 9 11 0.02654389 
1007 382 10 15 0.026487712 
251 389 11 13 0.026412226 
223 272 6 9 0.026391303 
469 358 8 9 0.026384834 
370 294 7 9 0.026360247 
239 261 6 9 0.026328715 
264 358 7 8 0.026322091 
343 263 7 9 0.026296323 
162 316 7 10 0.02627371 
234 279 8 9 0.026269397 
478 391 7 9 0.026252326 
31 208 7 9 0.026216943 
418 317 7 10 0.026209788 
210 277 7 9 0.026196374 
154 238 7 9 0.026140185 
368 365 7 10 0.02589549 
150 318 8 10 0.025860384 
431 346 7 8 0.025842158 
511 310 7 9 0.025821973 
384 344 7 9 0.025727184 
117 429 16 18 0.025682958 
64 190 8 9 0.025666388 
455 271 8 9 0.02562408 
644 70 49 59 0.025623811 
247 313 7 8 0.02559936 
95 174 8 10 0.025585936 
230 420 11 15 0.025570897 
126 337 8 9 0.025553243 
188 418 11 14 0.02554956 
465 318 6 9 0.025520742 
144 264 8 9 0.025518382 
33 196 8 10 0.025451945 
285 368 9 11 0.025355663 
447 296 6 8 0.02534656 
194 287 7 9 0.025274223 
385 319 7 10 0.025249254 
39 261 8 10 0.02524778 
47 334 8 10 0.025233625 
249 342 8 9 0.025228215 
481 311 6 8 0.025161514 
345 270 7 9 0.02515659 
360 360 9 11 0.025101196 
7 192 7 9 0.024918027 
426 297 7 8 0.02486136 
88 292 9 11 0.024803014 
353 278 7 9 0.024672203 
353 375 8 9 0.024607835 
495 390 7 9 0.02459969 
142 241 7 8 0.024563672 
345 287 7 9 0.024539584 
247 249 7 7 0.024504468 
921 391 10 12 0.024461642 
360 343 8 9 0.02444977 
494 344 7 8 0.024429757 
489 393 7 9 0.024403194 
215 264 7 9 0.024402168 
96 208 7 8 0.024345974 
334 335 7 9 0.024311595 
47 327 8 11 0.024264885 
0 245 8 11 0.024252 
402 360 8 10 0.02424421 
528 374 8 9 0.024220081 
7 254 8 11 0.024219237 
203 383 19 24 0.024138397 
40 207 7 9 0.024124647 
429 423 9 11 0.024093747 
262 256 7 8 0.02405857 
296 302 8 9 0.024051012 
888 420 10 12 0.024039363 
39 371 14 16 0.024038626 
392 384 6 9 0.024025898 
526 334 7 9 0.023981214 
96 230 6 8 0.023974638 
42 269 8 11 0.023944812 
96 276 8 11 0.023904433 
201 325 10 13 0.02389429 
239 360 9 12 0.023883846 
16 217 7 9 0.023868099 
153 248 7 9 0.023865683 
320 271 7 9 0.023844471 
94 335 9 11 0.02380292 
351 287 7 9 0.02376024 
881 468 11 14 0.023748413 
88 207 7 9 0.023720048 
353 335 7 9 0.023719156 
889 491 18 21 0.023708437 
383 272 6 8 0.023690099 
943 364 9 12 0.023671823 
345 296 7 8 0.023618443 
432 272 7 8 0.023613188 
240 382 9 10 0.023519272 
503 328 7 8 0.023505544 
71 357 9 12 0.023500325 
339 256 7 8 0.023464138 
287 264 7 9 0.023411188 
48 252 8 10 0.023376467 
128 289 9 10 0.023362685 
334 360 8 10 0.023362288 
405 328 19 25 0.02335938 
71 309 8 9 0.02325543 
345 335 7 9 0.023177234 
62 404 14 15 0.023162102 
354 366 7 10 0.023149464 
72 286 10 12 0.023041815 
95 255 8 11 0.02302276 
96 215 7 9 0.023009088 
400 324 7 9 0.022894021 
153 370 10 12 0.022888666 
182 287 8 9 0.022873772 
10 216 7 9 0.022787955 
56 404 9 12 0.022712654 
682 344 241 258 0.022631794 
432 289 6 8 0.022619372 
424 407 8 10 0.022618739 
23 328 7 10 0.022601845 
531 384 7 9 0.022596434 
706 126 41 52 0.02247738 
71 185 7 8 0.022376224 
996 437 12 16 0.022362903 
525 327 7 9 0.022343945 
134 375 8 10 0.022332417 
440 365 8 9 0.022300202 
111 296 8 9 0.0222993 
167 287 7 10 0.022244425 
456 350 7 9 0.02222129 
328 328 7 9 0.02222034 
104 316 8 11 0.022216659 
335 329 7 9 0.022169843 
365 318 7 10 0.022164965 
93 424 14 18 0.022060825 
130 240 6 8 0.022042716 
949 334 10 13 0.022007482 
70 390 12 14 0.02200526 
505 383 8 9 0.021984048 
142 382 8 11 0.021971839 
392 287 7 9 0.021959139 
481 296 7 8 0.0219558 
295 373 9 12 0.021942211 
322 285 7 9 0.021938343 
536 376 7 10 0.021818506 
408 278 7 8 0.021785367 
135 225 6 8 0.021757865 
112 302 8 9 0.021750972 
46 368 11 12 0.021708123 
337 315 7 10 0.021706136 
496 288 7 8 0.021691345 
314 280 7 9 0.02166939 
535 342 7 10 0.02159812 
110 392 9 11 0.02159058 
79 214 7 9 0.021446962 
22 194 8 8 0.021424409 
183 262 8 9 0.021388084 
43 371 18 22 0.02138105 
150 326 8 11 0.021377852 
320 341 8 10 0.021351682 
301 280 8 10 0.021351634 
495 334 7 10 0.021343525 
243 391 9 12 0.021333784 
279 352 8 9 0.021325443 
153 361 19 23 0.021321692 
535 319 7 9 0.02131752 
287 421 9 11 0.021304654 
937 365 10 12 0.021249393 
55 242 8 8 0.021247383 
181 352 19 24 0.02123418 
56 411 19 23 0.021218708 
106 403 10 13 0.021164255 
81 191 6 7 0.021152385 
173 319 8 10 0.02112172 
674 460 17 20 0.021069188 
222 280 7 9 0.021016784 
8 390 11 14 0.021010855 
78 317 10 12 0.020955708 
408 272 7 8 0.020929407 
464 384 8 9 0.0208864 
23 410 10 15 0.02083807 
72 319 8 10 0.020822778 
16 183 8 10 0.020812381 
304 303 7 10 0.02080312 
6 309 9 11 0.020797925 
1003 439 21 27 0.020664986 
153 223 7 8 0.020641072 
225 334 8 10 0.020593075 
298 285 9 10 0.020588871 
261 389 10 11 0.020578666 
2 194 8 10 0.020536248 
430 376 8 10 0.020516247 
991 368 9 12 0.02046343 
407 327 7 9 0.020446738 
2 223 7 10 0.020442089 
72 263 8 10 0.020373827 
997 327 8 11 0.020267893 
360 273 8 9 0.020213155 
47 231 7 9 0.020150186 
416 327 7 9 0.02014516 
503 360 7 9 0.020125262 
409 351 8 10 0.020119522 
544 349 8 11 0.020115586 
160 327 8 10 0.020076552 
38 414 11 14 0.020053592 
375 279 6 9 0.020050775 
1004 383 21 29 0.02001384 
