35_Basketball_basketballgame_ball_35_446
94
471 325 109 152 0.99894136 
867 847 26 33 0.8071557 
830 744 17 22 0.78625345 
791 935 22 28 0.63974017 
235 850 16 23 0.6271012 
883 811 19 25 0.60376704 
763 829 16 21 0.6008535 
796 892 29 38 0.5086381 
862 779 16 21 0.506452 
762 741 18 22 0.47640043 
863 896 26 33 0.4298319 
722 821 16 20 0.4137171 
730 874 18 23 0.39181584 
255 802 19 25 0.32194945 
316 811 18 23 0.23601265 
806 866 17 23 0.22169545 
689 868 18 22 0.20836239 
808 813 22 29 0.20601249 
927 760 17 25 0.19674122 
665 847 17 21 0.17997798 
928 915 19 24 0.16273871 
301 863 25 29 0.15326513 
203 947 263 295 0.15087865 
692 897 24 30 0.14383502 
884 952 22 26 0.13841277 
756 896 20 27 0.12792942 
723 864 21 28 0.11529596 
277 770 21 27 0.11390577 
717 776 17 23 0.10475712 
801 874 28 37 0.096584775 
696 729 19 22 0.08586032 
900 988 27 36 0.08571389 
111 292 50 45 0.08165021 
822 991 27 33 0.077047735 
711 950 26 34 0.071061075 
779 781 15 18 0.06811517 
713 853 18 23 0.06705129 
818 783 18 20 0.06661757 
274 1088 31 35 0.058611166 
689 909 30 36 0.051838513 
306 739 16 19 0.050634626 
642 909 24 32 0.046686888 
745 738 16 19 0.045778733 
211 1064 41 46 0.045656014 
338 826 45 60 0.042719614 
341 843 27 38 0.04212952 
908 740 13 17 0.04087724 
823 776 22 26 0.040545646 
864 649 24 31 0.037619513 
885 850 26 35 0.03705854 
958 711 26 32 0.036683805 
130 1025 377 401 0.03394953 
809 824 24 31 0.03344221 
339 769 27 34 0.0333422 
560 557 106 164 0.0328418 
782 898 27 35 0.03245524 
747 738 25 28 0.031430162 
812 806 16 19 0.030939708 
300 744 16 18 0.03015388 
663 850 24 32 0.029853132 
498 513 47 52 0.029302299 
5 147 28 34 0.0285841 
27 499 28 32 0.027082812 
914 765 21 28 0.026317935 
330 841 27 34 0.026054531 
233 946 69 80 0.025532627 
274 780 19 23 0.025481412 
787 851 17 21 0.025090422 
477 117 99 146 0.02491087 
307 769 16 21 0.024803223 
772 869 23 28 0.024618257 
251 763 18 20 0.024436027 
228 734 24 28 0.023895906 
859 693 14 19 0.023889134 
635 954 57 70 0.023858752 
294 855 21 31 0.023816384 
780 789 17 23 0.023432476 
832 857 24 29 0.0232471 
906 770 15 20 0.023120604 
690 873 26 32 0.022229012 
878 933 25 32 0.02222161 
869 829 27 34 0.022155935 
816 836 22 27 0.021955065 
291 807 23 29 0.021898089 
780 905 17 23 0.021755949 
241 768 24 29 0.02168161 
698 856 22 28 0.021681165 
870 908 29 34 0.021607187 
875 822 18 22 0.021292333 
817 899 26 32 0.021008585 
703 1104 34 34 0.020464191 
359 844 28 37 0.020371336 
214 761 26 32 0.02035983 
824 812 23 30 0.020232994 
