8_Election_Campain_Election_Campaign_8_412
1713
808 138 29 38 0.99830854 
251 171 24 33 0.9974368 
425 424 29 41 0.9965724 
303 561 45 67 0.9941247 
902 353 29 39 0.9939551 
372 66 18 22 0.9912998 
730 499 31 47 0.9902992 
640 424 38 48 0.98785955 
965 532 39 50 0.9848467 
168 246 25 34 0.9843433 
976 263 30 35 0.98408407 
7 262 29 38 0.9835504 
271 257 30 37 0.97925025 
548 144 28 35 0.9782178 
693 446 37 57 0.9773302 
323 132 19 22 0.9738027 
774 594 46 59 0.96702987 
511 178 23 31 0.9629267 
273 491 33 41 0.9499036 
643 306 30 37 0.94864833 
16 506 32 53 0.94852704 
620 389 31 43 0.9444044 
358 232 27 35 0.94426507 
964 207 28 34 0.94271183 
767 431 31 48 0.9391498 
616 292 23 33 0.93838286 
365 143 17 22 0.9344834 
627 142 17 21 0.9315368 
538 117 17 20 0.9273649 
105 352 32 36 0.92713654 
356 121 18 21 0.9246814 
403 70 15 19 0.9228475 
333 398 37 46 0.92121905 
732 121 15 19 0.9210799 
859 454 39 47 0.91823006 
485 257 31 41 0.91765213 
394 113 17 22 0.9131037 
275 548 51 66 0.910437 
276 16 16 20 0.9017476 
557 113 17 21 0.89873654 
983 319 32 40 0.89481485 
911 595 39 52 0.8821856 
282 97 17 20 0.8807033 
439 287 23 30 0.87304944 
773 128 20 26 0.8707045 
846 318 24 34 0.8694055 
293 35 14 18 0.8687524 
139 303 30 41 0.8667213 
303 64 13 16 0.8544884 
161 172 17 21 0.84982854 
492 137 21 25 0.84924394 
670 239 23 29 0.84817123 
466 84 15 20 0.84648347 
554 378 32 43 0.83892775 
465 27 16 19 0.8353869 
931 319 28 36 0.8303136 
464 250 31 40 0.83023024 
624 287 26 32 0.82631534 
628 194 15 22 0.82122284 
233 69 16 19 0.8205604 
350 180 20 26 0.81904805 
365 496 33 43 0.8104698 
622 521 34 46 0.7851974 
94 328 27 32 0.77709174 
222 417 36 57 0.7732482 
811 421 29 47 0.7709283 
371 45 11 14 0.77025735 
621 258 21 27 0.7481143 
335 157 20 26 0.7463144 
243 130 18 21 0.7445028 
582 85 13 16 0.7397295 
525 29 13 18 0.734034 
865 352 28 33 0.73156464 
697 84 14 19 0.7300834 
115 153 12 16 0.7191301 
20 384 26 35 0.7181468 
559 561 38 52 0.70534444 
305 174 19 23 0.6931214 
569 215 24 30 0.6903376 
939 189 22 28 0.6890495 
947 404 29 46 0.68436253 
36 343 20 27 0.67117876 
802 356 29 38 0.66473633 
305 13 11 14 0.6640213 
718 104 15 19 0.6592994 
214 268 21 32 0.65260255 
397 370 25 32 0.65220124 
614 101 11 13 0.6367575 
116 3 11 14 0.61626726 
763 77 14 16 0.61413217 
173 382 32 37 0.6115179 
420 67 14 17 0.61120045 
560 187 19 23 0.6079531 
738 2 18 21 0.60225147 
920 519 32 44 0.59964263 
347 486 35 49 0.59188515 
602 128 15 20 0.588976 
224 106 14 18 0.5837092 
198 542 29 41 0.58047754 
662 211 16 19 0.5683532 
207 9 13 17 0.56322265 
30 462 22 31 0.56059563 
367 96 15 18 0.560273 
486 581 29 36 0.55661124 
914 177 14 16 0.55605996 
277 218 18 22 0.5540432 
792 75 13 18 0.54737306 
495 218 28 31 0.5465391 
108 100 10 12 0.5463629 
997 68 14 17 0.53877556 
654 107 12 16 0.52902573 
164 218 16 24 0.52153724 
960 419 32 52 0.5214309 
829 621 40 50 0.5190654 
717 173 16 22 0.51897645 
79 531 27 42 0.5182217 
575 453 27 41 0.5156601 
1002 378 18 20 0.5120747 
867 275 13 18 0.51190656 
720 320 23 28 0.50532585 
370 585 36 56 0.50451076 
87 129 18 22 0.4993557 
780 154 22 27 0.4975641 
925 67 10 13 0.48993117 
375 404 26 33 0.48873377 
872 73 12 15 0.48506728 
155 99 12 17 0.48300993 
697 30 10 13 0.4784054 
373 193 20 25 0.47645882 
101 550 28 39 0.47269008 
324 86 13 18 0.467302 
883 99 12 17 0.46713284 
857 580 33 41 0.45881188 
253 154 24 33 0.44909868 
315 411 29 38 0.4473873 
403 262 17 21 0.4458931 
546 5 13 16 0.44584033 
287 37 13 17 0.44487065 
390 46 12 15 0.44448975 
798 534 37 51 0.44244465 
453 134 17 21 0.44117013 
661 276 21 24 0.44061488 
125 133 13 16 0.44019604 
601 27 11 13 0.4360167 
67 131 12 15 0.43010223 
415 33 12 16 0.42810187 
108 23 10 12 0.4231235 
368 18 12 15 0.42167857 
672 184 18 21 0.4195532 
702 206 23 27 0.41837865 
496 476 30 37 0.41238302 
245 535 29 33 0.40973407 
31 121 14 18 0.4086671 
75 159 18 22 0.4065676 
468 93 18 24 0.40621737 
0 108 11 18 0.3997277 
341 175 20 28 0.39873433 
134 164 15 19 0.3951612 
812 241 17 20 0.39296114 
762 101 13 19 0.38847715 
588 59 11 15 0.38584882 
535 576 33 42 0.38480282 
149 20 12 15 0.38367888 
69 238 20 28 0.3811233 
167 7 12 14 0.3804946 
237 46 13 16 0.37881696 
105 221 25 31 0.37130052 
690 367 29 44 0.37079832 
181 38 11 14 0.36810505 
530 33 14 16 0.36746097 
143 101 13 15 0.36660346 
701 117 13 16 0.36170292 
245 34 15 18 0.3597218 
90 424 22 32 0.3577008 
863 45 8 11 0.35718933 
182 44 13 16 0.3563039 
153 553 30 38 0.35581753 
159 120 12 17 0.35085824 
660 133 15 23 0.34764582 
577 179 15 20 0.34091252 
280 124 13 18 0.34018454 
641 75 15 17 0.33364457 
645 172 14 18 0.3327464 
80 186 22 27 0.32749856 
966 142 12 15 0.32063943 
405 159 16 22 0.31724942 
31 100 13 17 0.3139324 
408 9 12 15 0.31087917 
170 9 14 17 0.30703822 
54 103 11 15 0.30541286 
571 554 36 46 0.30392164 
27 147 16 23 0.30380905 
242 49 14 17 0.30369562 
638 117 13 16 0.30193096 
341 76 12 17 0.30188894 
206 167 15 20 0.30073974 
851 77 13 17 0.3006923 
495 4 12 15 0.29920703 
377 188 15 18 0.2945529 
856 92 13 17 0.2914161 
832 86 12 16 0.2837347 
703 368 30 43 0.2797649 
389 97 14 17 0.27825528 
950 167 12 15 0.27787325 
121 92 11 15 0.2760622 
594 130 19 26 0.2745873 
402 212 21 29 0.27261195 
428 170 15 19 0.2710554 
428 99 15 19 0.26866195 
929 35 10 13 0.26738042 
909 200 15 20 0.26494274 
339 112 15 18 0.2647251 
455 183 21 29 0.2643038 
1014 64 9 16 0.26287338 
541 139 25 32 0.26153392 
566 19 9 11 0.26105508 
391 27 10 14 0.25965822 
237 101 11 14 0.25935116 
181 131 10 13 0.25898993 
0 149 14 20 0.25710404 
405 31 13 17 0.25646034 
431 136 16 23 0.25453585 
325 31 11 14 0.25242782 
446 60 14 17 0.25221163 
818 23 10 13 0.2514947 
599 85 10 13 0.2506625 
271 61 10 13 0.25022545 
11 347 17 21 0.24973173 
232 46 12 15 0.24929215 
345 23 9 12 0.24737288 
890 227 14 19 0.24633123 
854 14 10 13 0.24566604 
765 134 17 22 0.24401683 
158 200 13 18 0.24371351 
71 105 12 15 0.24237923 
197 447 25 36 0.24042492 
395 168 16 20 0.24023846 
601 167 20 24 0.24012114 
119 67 9 12 0.23946089 
258 150 18 21 0.23894334 
175 155 11 14 0.23884316 
917 301 21 24 0.23827063 
461 168 20 26 0.23745276 
349 67 12 15 0.23354055 
621 44 10 13 0.23258023 
911 38 10 12 0.23079391 
123 412 18 23 0.22859684 
208 122 12 15 0.22773482 
406 202 16 20 0.22678205 
944 92 10 14 0.22616874 
83 456 28 35 0.22609687 
798 494 26 39 0.22515975 
901 46 9 13 0.224623 
586 137 20 26 0.224312 
108 262 21 30 0.22236016 
990 168 14 17 0.21945181 
147 168 15 19 0.2181108 
43 155 15 20 0.21793579 
622 152 22 26 0.2171085 
958 41 11 15 0.21672857 
197 98 14 18 0.21589877 
517 55 11 14 0.21345042 
388 150 17 20 0.21330485 
402 1 9 11 0.21256298 
758 323 21 26 0.21110003 
2 153 25 33 0.20891753 
190 109 13 17 0.20659319 
337 276 17 21 0.20543669 
77 224 14 18 0.20525451 
726 289 16 21 0.20316133 
203 148 11 16 0.20180568 
171 148 13 16 0.20177713 
860 98 11 14 0.2015626 
861 59 11 14 0.19949786 
149 1 11 11 0.19910681 
370 50 14 17 0.19889794 
438 19 11 15 0.19887193 
108 139 12 16 0.1959599 
794 268 16 20 0.19441104 
248 110 12 15 0.19355544 
823 46 8 10 0.18882187 
58 85 9 11 0.18848856 
923 606 45 53 0.18832517 
292 77 12 15 0.18816562 
342 98 15 17 0.18812974 
168 78 9 11 0.1877649 
611 77 14 18 0.18702379 
668 107 10 13 0.18547747 
1000 323 25 37 0.18540819 
0 194 18 33 0.18494749 
398 28 12 15 0.18480687 
186 299 24 34 0.18448211 
937 624 52 55 0.18317688 
134 317 25 37 0.18295597 
864 282 13 17 0.18255702 
454 368 27 36 0.1815055 
492 247 31 38 0.18146542 
523 83 15 17 0.18133768 
115 230 18 24 0.18092352 
640 69 13 15 0.17961608 
384 36 11 15 0.17933752 
925 14 9 11 0.17677027 
875 185 13 16 0.17629802 
876 205 13 17 0.17519256 
859 128 16 21 0.17475091 
669 120 12 15 0.17453764 
727 114 17 23 0.17450808 
159 54 10 13 0.17381842 
846 314 17 23 0.17215139 
962 95 10 13 0.17155096 
757 214 29 33 0.1703716 
980 433 32 41 0.16987616 
125 111 11 13 0.16862042 
21 7 10 11 0.16620399 
548 18 11 13 0.16558371 
923 219 14 17 0.165534 
270 222 26 30 0.16443695 
153 55 8 11 0.16186707 
293 310 20 28 0.16182831 
756 28 10 12 0.16163085 
995 171 13 17 0.16144815 
862 39 8 10 0.16070591 
34 239 24 27 0.16043593 
267 553 35 47 0.15880953 
138 187 13 18 0.15844 
102 41 10 12 0.15819275 
893 91 10 13 0.15790375 
413 68 14 19 0.15644756 
128 44 11 14 0.1557164 
117 175 14 18 0.15541625 
200 240 21 30 0.15533742 
740 60 14 16 0.15481395 
69 153 18 21 0.15319145 
125 87 9 13 0.15252246 
845 110 15 21 0.15147085 
923 21 8 11 0.15020047 
37 14 9 10 0.14830784 
637 29 9 13 0.14776963 
510 61 11 14 0.14747189 
420 239 22 26 0.14721845 
152 315 28 34 0.14636554 
692 12 10 13 0.14597832 
142 132 13 16 0.14562991 
447 97 14 18 0.14525124 
469 4 11 13 0.14418888 
680 184 18 24 0.14377025 
446 35 14 18 0.14206593 
318 46 11 14 0.14169072 
141 64 9 12 0.14155395 
422 96 15 19 0.1409242 
53 1 9 10 0.14054413 
696 48 11 14 0.14033264 
294 82 14 17 0.14012744 
346 170 17 21 0.14006944 
464 6 12 14 0.1395586 
310 427 25 31 0.1389098 
766 68 14 17 0.13797909 
77 105 11 15 0.13752772 
981 0 10 11 0.13592783 
310 43 11 14 0.135511 
152 96 11 14 0.13497023 
810 92 15 18 0.13490751 
904 116 11 14 0.13480827 
512 106 14 18 0.1345825 
162 624 22 28 0.1345312 
412 7 13 15 0.13405982 
202 307 25 37 0.13347507 
263 231 24 27 0.13344818 
585 54 10 14 0.13337936 
635 96 12 15 0.13332851 
618 166 21 26 0.13258481 
802 496 15 23 0.13093455 
403 186 13 17 0.13058102 
63 525 27 43 0.12964247 
194 104 15 18 0.1295476 
934 194 17 20 0.12881733 
845 42 9 13 0.12874667 
809 3 10 15 0.12861225 
157 14 10 12 0.12813781 
421 3 12 15 0.12791204 
788 333 17 21 0.12759955 
285 201 14 16 0.12688889 
152 16 11 14 0.12642579 
607 78 11 14 0.12625846 
892 69 9 13 0.12615246 
118 118 10 13 0.12552285 
956 115 14 17 0.12529014 
1005 141 11 13 0.12515119 
576 121 12 17 0.124915555 
334 184 15 21 0.12488963 
496 35 13 20 0.124703825 
581 29 9 11 0.124061555 
34 149 17 25 0.1237355 
207 435 30 45 0.12322835 
714 527 17 25 0.12299826 
637 23 10 12 0.122235134 
455 263 24 36 0.122192554 
366 187 20 26 0.121533275 
249 534 40 53 0.12139128 
263 250 28 36 0.12118708 
274 303 16 21 0.12113974 
374 39 11 15 0.11930046 
654 32 9 11 0.11818686 
338 385 28 33 0.11800579 
880 358 24 34 0.11776109 
552 59 9 13 0.11737266 
541 547 21 29 0.116849996 
719 124 14 19 0.116140634 
499 174 21 28 0.11562803 
656 310 29 37 0.11485707 
794 423 33 49 0.114571 
807 97 15 21 0.114472404 
201 5 12 14 0.114401005 
86 539 35 49 0.11437007 
441 194 22 30 0.1139656 
292 107 13 17 0.11292359 
788 356 24 33 0.11281769 
228 102 15 18 0.11268689 
699 218 23 27 0.11260128 
351 36 12 17 0.11203966 
871 575 32 37 0.11151172 
890 421 28 33 0.11012113 
429 81 13 18 0.10946232 
459 130 17 22 0.10906823 
665 437 38 52 0.1084648 
661 107 11 16 0.108272985 
927 46 12 15 0.107742764 
575 90 13 18 0.10682386 
844 586 39 49 0.106364936 
591 202 15 20 0.10540003 
557 43 11 14 0.10490299 
269 24 14 19 0.10483665 
200 1 10 11 0.10473059 
447 355 12 17 0.10471303 
48 45 10 13 0.104572296 
976 3 9 11 0.10431532 
397 324 20 25 0.10421316 
261 9 12 16 0.10415574 
791 104 13 18 0.10397022 
476 1 11 11 0.10310134 
120 295 22 31 0.10238343 
919 236 22 29 0.1022934 
16 337 23 34 0.10222687 
831 69 11 13 0.10178159 
171 85 10 13 0.10120057 
148 131 13 17 0.10104336 
125 62 9 12 0.10088698 
704 467 38 55 0.10078192 
178 211 14 19 0.10054844 
54 65 8 10 0.09923549 
120 133 11 15 0.099158324 
181 32 10 13 0.0989884 
956 28 11 13 0.09849804 
682 149 15 18 0.098272815 
586 540 45 57 0.09812038 
997 382 17 21 0.097980626 
389 7 9 11 0.09756647 
609 240 15 19 0.09737016 
654 46 10 12 0.09720373 
224 363 25 33 0.097043835 
311 151 15 21 0.09668482 
1000 139 12 14 0.096593216 
647 13 9 11 0.09638344 
720 512 29 39 0.09628674 
161 195 14 18 0.096273266 
546 115 17 20 0.095018424 
309 53 10 13 0.09454727 
430 160 20 26 0.09438709 
116 124 11 13 0.09411912 
693 157 21 25 0.093912974 
893 119 11 13 0.09374626 
751 227 27 30 0.0936866 
199 170 13 18 0.09358629 
346 74 14 19 0.09346482 
838 2 10 13 0.09334252 
105 273 25 37 0.09298584 
598 176 16 20 0.09263125 
118 193 15 20 0.09235112 
187 50 10 13 0.09213081 
219 93 14 15 0.09154613 
713 314 23 28 0.09069704 
804 235 17 21 0.090323925 
690 186 14 20 0.090047665 
627 402 40 54 0.089925155 
579 100 12 17 0.08979328 
415 24 10 13 0.08951987 
78 47 10 11 0.0895093 
383 6 10 11 0.08908688 
630 14 9 10 0.08901455 
8 38 9 13 0.08872868 
709 323 17 21 0.08820941 
165 61 9 12 0.08784739 
61 95 9 13 0.08763568 
992 123 11 14 0.08759611 
179 291 25 33 0.087309755 
922 226 16 19 0.08673277 
117 490 30 36 0.08663671 
772 61 13 16 0.086614035 
917 4 9 11 0.08648394 
254 99 11 15 0.08619359 
986 149 15 19 0.08612209 
38 204 16 22 0.08554247 
174 161 13 18 0.085344695 
689 7 10 12 0.085045174 
582 39 9 11 0.08478835 
60 101 11 16 0.083972216 
861 32 9 11 0.083934166 
886 305 20 30 0.08361854 
552 39 9 13 0.08345491 
918 117 10 14 0.08343401 
234 369 16 22 0.0833956 
959 259 14 19 0.08307466 
189 578 13 17 0.082942955 
570 246 19 21 0.082856975 
261 509 41 52 0.08239202 
780 31 11 13 0.082239784 
125 14 10 14 0.08143197 
865 268 13 18 0.081376374 
103 225 17 21 0.08106573 
790 503 31 48 0.081038244 
902 12 8 11 0.08052297 
349 115 20 23 0.080492646 
653 82 12 15 0.08040912 
451 570 31 35 0.0801271 
47 41 9 11 0.078350045 
429 111 14 20 0.078305066 
815 71 9 12 0.07826447 
0 379 11 21 0.078228116 
229 29 12 15 0.07821629 
1014 265 10 17 0.078138925 
61 244 22 29 0.07804399 
831 37 10 12 0.077688985 
663 101 11 16 0.077671885 
446 348 22 29 0.077490926 
890 37 8 11 0.07707517 
383 259 22 27 0.07660416 
21 12 9 12 0.07656348 
248 123 16 20 0.07652311 
187 272 15 20 0.07651514 
765 604 32 45 0.076367244 
831 30 10 12 0.07602646 
4 452 30 39 0.075817496 
625 16 8 10 0.07578109 
168 141 13 18 0.075743 
492 177 16 20 0.0756272 
539 261 12 16 0.07556019 
774 161 13 18 0.07550253 
732 74 12 18 0.07526649 
467 52 12 15 0.075064026 
167 70 10 13 0.07491614 
299 40 14 17 0.07482419 
208 131 11 15 0.0747553 
568 465 26 40 0.074259296 
73 68 9 12 0.07408357 
47 67 10 14 0.073996104 
371 321 14 21 0.07392283 
339 356 15 17 0.07356698 
503 424 24 32 0.073119864 
349 29 11 14 0.07311604 
422 49 14 17 0.07293556 
493 166 22 26 0.07281994 
682 587 23 27 0.07280388 
831 46 9 11 0.07262956 
686 407 28 35 0.07222958 
114 62 8 11 0.07206509 
861 116 13 17 0.07178758 
455 349 27 32 0.07167421 
243 76 12 16 0.07143156 
576 61 11 14 0.07139163 
208 75 11 14 0.071109444 
435 151 15 21 0.07110064 
852 116 19 25 0.07109675 
813 546 35 47 0.07094983 
586 570 32 38 0.07090656 
390 177 15 21 0.07076754 
906 275 13 16 0.07071799 
814 78 10 12 0.07065116 
875 461 35 40 0.07051548 
328 11 10 15 0.070457004 
681 132 13 15 0.07007131 
652 94 12 15 0.07006866 
701 127 17 20 0.070010304 
251 349 25 35 0.06993049 
938 109 9 12 0.06974412 
114 160 16 20 0.06959426 
283 42 11 14 0.06956857 
807 39 10 11 0.06942899 
39 8 9 11 0.06919265 
618 100 12 17 0.0689617 
112 171 13 17 0.06887263 
400 32 13 17 0.0684903 
389 162 19 22 0.068273924 
157 208 20 28 0.067951724 
435 99 14 18 0.06781114 
859 14 9 11 0.06777639 
813 85 13 15 0.06767616 
38 53 9 11 0.06757541 
238 357 26 36 0.06744165 
151 60 10 12 0.06723537 
209 234 18 25 0.06723325 
850 18 9 12 0.06722105 
17 21 9 11 0.0671196 
501 11 13 17 0.066968344 
409 371 23 33 0.066570304 
1006 147 13 16 0.066413164 
498 211 20 22 0.06636563 
169 231 23 34 0.066340014 
86 67 13 15 0.066292584 
687 424 27 40 0.06619582 
638 36 10 11 0.06619317 
516 101 21 27 0.065879785 
831 22 10 12 0.065871775 
376 489 35 44 0.06572605 
115 219 17 24 0.06562835 
245 112 19 23 0.065527216 
763 43 13 14 0.065440275 
508 13 13 17 0.06525039 
357 7 11 13 0.06524052 
54 46 10 13 0.06520188 
506 486 17 23 0.06475776 
213 141 11 15 0.06470396 
323 69 12 15 0.06469713 
119 9 10 14 0.064535365 
879 21 9 12 0.06432998 
853 72 11 14 0.064187095 
610 170 21 26 0.06392849 
719 273 15 20 0.06384743 
898 14 8 11 0.06377063 
740 47 11 14 0.06371096 
663 50 10 13 0.06361615 
576 22 8 11 0.06346867 
218 501 29 39 0.06339077 
582 45 8 11 0.06312965 
473 578 26 34 0.0630498 
4 166 16 22 0.06280932 
390 14 9 12 0.06279092 
630 84 10 15 0.06276241 
560 15 10 12 0.06275972 
333 81 14 18 0.062660225 
168 210 20 27 0.06243774 
888 64 9 12 0.062218193 
437 79 13 16 0.062045515 
794 100 19 25 0.062027022 
900 418 17 23 0.061989207 
817 44 9 11 0.061948482 
647 254 14 20 0.061783414 
777 355 23 31 0.06170303 
201 192 17 25 0.061680224 
1012 289 12 21 0.061607294 
177 36 10 14 0.061573386 
1012 182 10 15 0.0614999 
549 3 10 10 0.061407167 
429 123 14 19 0.06126561 
118 97 11 13 0.0610963 
623 22 8 10 0.061034877 
18 15 8 11 0.060840245 
500 0 12 13 0.060623113 
1008 154 13 17 0.060327046 
859 85 12 15 0.060185883 
230 483 30 40 0.06013408 
321 50 13 14 0.060011804 
449 360 24 33 0.059874278 
763 95 12 16 0.059856795 
651 536 30 34 0.05935444 
978 358 18 21 0.05913987 
78 64 10 12 0.059103273 
681 329 22 28 0.059096538 
970 145 13 16 0.058971316 
913 5 9 11 0.05895921 
830 15 10 12 0.058926463 
472 372 20 30 0.058750894 
638 81 14 17 0.058738768 
155 609 22 33 0.05873128 
90 6 8 11 0.058731202 
902 95 8 11 0.058581572 
721 302 24 33 0.058318015 
96 39 8 11 0.058303136 
322 486 37 51 0.05800747 
261 0 10 10 0.057963554 
191 127 10 12 0.057932034 
605 36 9 11 0.057929907 
56 116 10 14 0.057896167 
954 169 14 18 0.05784495 
820 414 29 45 0.05780118 
73 54 10 12 0.05772007 
81 166 17 20 0.05767438 
86 201 23 31 0.057448167 
113 119 10 14 0.057431195 
1002 241 23 33 0.057399865 
224 411 26 38 0.05739162 
73 62 10 13 0.05720868 
910 110 12 15 0.05716647 
570 183 17 20 0.05714791 
24 331 25 36 0.056800187 
481 400 28 34 0.056732137 
259 239 18 21 0.05671173 
84 106 11 14 0.05669903 
48 243 24 30 0.05633891 
857 32 9 12 0.056093298 
128 50 10 14 0.05604169 
777 35 11 14 0.05603327 
69 5 9 11 0.05598054 
631 8 8 10 0.055742346 
67 136 14 18 0.05565494 
385 31 11 13 0.05563914 
999 0 11 9 0.055625193 
125 170 14 19 0.055608373 
996 234 12 17 0.05555776 
735 65 14 19 0.055503756 
467 136 15 20 0.055416796 
640 15 8 10 0.05520282 
739 352 14 19 0.05498866 
270 13 14 19 0.054962818 
648 31 9 11 0.054955922 
120 44 11 13 0.054916892 
104 95 11 14 0.05484793 
573 299 14 18 0.05462355 
898 256 13 16 0.054615535 
633 23 10 12 0.054512896 
916 110 10 13 0.054326095 
294 50 12 16 0.054218218 
116 212 13 17 0.05403594 
568 98 12 15 0.05380899 
356 255 15 20 0.05362024 
557 59 9 12 0.05348983 
25 515 37 50 0.05327926 
352 399 44 50 0.05323869 
184 69 10 13 0.05323593 
80 29 8 11 0.053169087 
33 32 9 11 0.05313426 
220 150 12 16 0.05306435 
439 2 11 15 0.053004246 
862 351 18 24 0.05297007 
760 347 13 16 0.052562427 
16 445 32 43 0.052420985 
364 104 16 20 0.052373566 
985 532 29 47 0.052297305 
518 14 11 14 0.05216992 
64 31 9 12 0.052127447 
158 0 9 10 0.052063137 
942 115 11 15 0.051993012 
841 109 13 18 0.05197743 
940 24 9 11 0.051549736 
781 118 14 17 0.051347625 
1006 185 13 18 0.05133264 
6 83 10 14 0.051289048 
68 436 41 53 0.05122067 
951 7 9 10 0.051219117 
703 113 20 23 0.05118481 
446 13 11 14 0.05117877 
760 130 15 19 0.051152725 
70 226 15 19 0.051057383 
442 241 21 28 0.05099277 
574 67 10 13 0.050985713 
140 414 21 30 0.050943516 
762 142 16 21 0.050825093 
566 601 46 57 0.05066879 
822 71 9 11 0.0506233 
64 36 9 13 0.050548173 
840 42 10 13 0.050494216 
432 35 12 15 0.050446425 
385 182 20 27 0.050408848 
356 31 10 12 0.05031887 
894 31 9 11 0.05028969 
845 272 15 17 0.05025075 
691 148 17 20 0.050069638 
997 123 12 15 0.050012138 
202 105 14 18 0.04996394 
321 568 44 68 0.049902536 
786 547 45 58 0.04977611 
271 65 12 15 0.04972113 
188 281 23 32 0.04957164 
77 51 11 13 0.049548358 
963 220 20 25 0.049437635 
670 312 22 31 0.0493861 
932 29 12 15 0.049384452 
408 222 25 29 0.049368758 
-1 22 7 12 0.049364176 
448 442 27 29 0.049085233 
920 307 23 29 0.049077526 
826 594 45 52 0.0490596 
848 331 25 37 0.048849966 
455 178 15 20 0.048722718 
5 75 11 15 0.048669394 
165 419 25 32 0.04850652 
923 63 10 13 0.048504762 
164 43 11 14 0.048502266 
861 77 12 15 0.04847134 
197 132 11 13 0.048383076 
952 111 12 14 0.048358645 
205 142 12 17 0.048352834 
909 101 12 14 0.048350766 
0 321 11 22 0.04819902 
102 0 8 8 0.04810998 
17 5 9 11 0.048109252 
229 36 14 18 0.048068605 
590 122 19 26 0.04792462 
1012 141 11 14 0.04789047 
561 363 32 43 0.04783205 
135 38 10 14 0.04771918 
262 319 15 21 0.047628 
404 194 16 21 0.047605347 
601 395 26 34 0.047588866 
861 68 12 15 0.047566604 
910 32 10 13 0.047554404 
208 52 12 16 0.047284104 
184 94 10 12 0.04709236 
94 164 12 18 0.04701129 
769 74 13 17 0.046987418 
412 197 16 23 0.04691807 
110 78 9 10 0.04662287 
590 393 24 29 0.04661999 
644 63 11 12 0.04654259 
122 187 15 20 0.046523567 
623 29 8 11 0.04633289 
192 247 23 30 0.046298817 
774 301 11 14 0.04626811 
175 109 12 15 0.046238404 
901 235 11 17 0.046231538 
143 117 11 14 0.046185263 
547 318 22 29 0.046153795 
212 147 13 18 0.046137113 
780 337 17 20 0.04611635 
520 109 22 27 0.046005264 
79 16 8 9 0.04599222 
344 35 12 16 0.045842692 
280 22 18 23 0.04557726 
444 273 24 37 0.045553755 
927 8 9 11 0.04553398 
672 323 23 32 0.04550999 
769 507 27 37 0.045412973 
937 641 30 36 0.04540297 
177 51 10 12 0.045385014 
33 37 9 11 0.045383718 
33 14 9 11 0.045342825 
438 58 14 17 0.045070756 
541 91 14 17 0.04506826 
168 38 10 13 0.045044754 
160 5 12 15 0.04494737 
37 21 9 11 0.044932816 
322 76 14 17 0.044873983 
969 0 8 9 0.04479372 
8 61 10 14 0.044763237 
872 23 9 11 0.044758685 
790 40 9 12 0.044721797 
727 219 15 21 0.04465493 
894 38 10 13 0.04462507 
916 37 9 13 0.04460917 
134 78 10 12 0.04459653 
290 492 34 40 0.04456694 
639 174 14 20 0.04456654 
991 176 15 19 0.04455095 
608 526 33 40 0.044497937 
58 227 14 18 0.04436753 
796 233 15 17 0.04422274 
796 280 15 18 0.044199206 
318 36 11 14 0.044193905 
579 478 29 34 0.0441915 
7 0 10 11 0.044182096 
96 54 8 9 0.044144634 
411 206 22 27 0.044113215 
200 142 11 15 0.044103526 
790 227 25 28 0.044048697 
70 76 9 12 0.04404397 
144 87 10 12 0.043950997 
125 126 14 17 0.043879986 
173 304 38 49 0.04381641 
723 376 17 25 0.043782298 
228 410 16 20 0.043772157 
686 288 16 19 0.0436994 
870 45 10 12 0.043660566 
697 522 24 36 0.04362036 
276 77 12 16 0.043619793 
783 336 23 33 0.04360152 
442 107 20 27 0.043587435 
454 11 12 15 0.043553814 
963 259 24 30 0.043467227 
439 137 21 27 0.043435346 
385 287 16 19 0.043432273 
294 69 13 15 0.043406963 
86 46 8 11 0.043358345 
879 15 9 10 0.04333712 
953 36 11 15 0.04323391 
798 296 23 28 0.04323182 
110 177 13 18 0.04318823 
695 23 11 15 0.043115463 
109 38 10 12 0.04298057 
74 425 26 32 0.042979024 
920 28 9 12 0.04296957 
5 272 16 21 0.0429098 
393 267 23 28 0.042787377 
237 429 28 42 0.042755596 
291 122 14 18 0.04269927 
674 448 18 26 0.04266436 
776 141 24 28 0.042650647 
630 426 29 43 0.04260905 
750 193 15 19 0.04252061 
434 203 22 29 0.04249791 
200 62 9 13 0.042426698 
474 177 14 20 0.0422869 
77 199 16 21 0.04227414 
782 253 13 16 0.04225788 
663 115 11 15 0.04222687 
161 307 33 41 0.042124383 
645 155 14 19 0.042105522 
632 78 9 13 0.042057898 
150 119 11 13 0.04203573 
244 56 14 18 0.04201255 
819 247 14 19 0.041958347 
959 74 11 14 0.04195216 
1004 0 11 9 0.041936252 
79 23 8 11 0.041921098 
781 516 29 44 0.04187003 
58 232 21 26 0.041842572 
617 39 10 12 0.041679632 
831 77 11 15 0.04165035 
952 600 47 63 0.04159171 
877 53 9 11 0.04153222 
977 331 29 36 0.041516174 
718 277 22 28 0.04150182 
888 33 8 10 0.041485354 
424 604 26 34 0.041471783 
3 124 15 19 0.041470207 
867 262 13 16 0.041451614 
982 156 21 26 0.04138627 
532 435 15 19 0.041368444 
168 399 26 36 0.041299153 
614 329 13 17 0.04128517 
575 105 14 17 0.04127956 
395 23 11 14 0.04122135 
902 121 12 15 0.041219454 
844 389 24 29 0.041179907 
343 279 18 21 0.041076303 
210 364 26 35 0.0408816 
279 114 15 19 0.040810782 
718 95 13 15 0.04079622 
605 286 23 31 0.04073769 
261 93 14 18 0.040570684 
865 122 15 20 0.040485013 
36 96 11 14 0.040353704 
39 48 9 11 0.040320408 
951 12 9 11 0.04026987 
832 52 8 11 0.040255494 
1 433 32 40 0.04025366 
814 13 9 13 0.040249076 
60 114 12 17 0.0402042 
252 269 21 34 0.04016758 
133 191 14 19 0.040147565 
61 439 29 39 0.04010306 
933 77 10 14 0.039997853 
145 53 9 11 0.039919484 
243 101 11 14 0.039886076 
451 252 23 30 0.03980032 
681 252 24 28 0.039703563 
48 134 12 16 0.03964619 
942 99 10 13 0.03962833 
877 46 8 11 0.03961019 
70 39 8 11 0.039587237 
376 6 9 11 0.03951677 
607 71 10 12 0.039479446 
585 206 21 29 0.03946834 
246 14 10 12 0.039373774 
393 92 15 20 0.039352164 
414 587 45 58 0.039322108 
858 335 31 38 0.03927485 
1 75 10 15 0.039101668 
61 44 10 13 0.039032027 
151 157 12 14 0.03895189 
71 181 23 29 0.03893185 
132 115 11 14 0.038926095 
244 136 21 26 0.038830712 
87 1 8 9 0.03873669 
76 203 23 30 0.038704317 
0 464 24 38 0.038684856 
249 51 13 16 0.038636543 
-1 54 7 13 0.03862091 
113 57 8 10 0.038538177 
931 50 12 16 0.038424507 
377 146 19 24 0.03839762 
56 78 10 13 0.038381584 
869 61 10 12 0.038380586 
602 577 28 37 0.03834922 
996 184 14 17 0.03833015 
19 254 27 33 0.038239356 
429 3 11 14 0.038113613 
453 266 16 23 0.037993256 
246 326 15 21 0.03799178 
7 15 8 11 0.037935387 
333 270 14 17 0.03790114 
437 25 13 19 0.037890114 
814 40 10 12 0.037781768 
150 124 12 16 0.037726335 
560 155 18 24 0.037722804 
534 553 16 20 0.03770754 
576 78 11 14 0.037688017 
415 363 25 32 0.03761599 
734 99 12 16 0.037570853 
64 6 8 10 0.03748887 
506 235 30 33 0.037479497 
904 39 9 13 0.0374594 
93 342 28 35 0.037397083 
683 140 15 18 0.03728868 
645 322 18 25 0.0372594 
164 183 14 19 0.037259314 
909 369 27 36 0.037247583 
766 162 14 17 0.037222244 
288 71 11 14 0.037169654 
953 24 10 12 0.0371616 
706 76 15 19 0.037117753 
870 101 12 15 0.037087385 
224 267 18 24 0.037059605 
623 68 11 13 0.03704555 
307 160 20 27 0.036990535 
611 163 16 21 0.036939297 
773 221 28 32 0.036794197 
904 99 11 14 0.03666586 
520 43 12 16 0.036565542 
634 379 17 27 0.03650227 
264 309 21 26 0.036478728 
697 94 16 19 0.036460586 
970 6 9 10 0.03644 
993 438 30 47 0.0364097 
314 292 22 27 0.036375236 
355 446 28 32 0.03635486 
624 592 28 37 0.036314037 
151 76 10 12 0.036234457 
538 270 16 22 0.0362148 
94 64 9 12 0.03618367 
433 108 20 26 0.036178622 
588 106 12 15 0.036114786 
894 75 9 13 0.036070544 
421 80 15 19 0.036067095 
597 163 17 22 0.036029518 
739 217 16 20 0.036018535 
725 126 13 19 0.036006287 
872 40 8 10 0.03600513 
39 37 8 11 0.035968587 
844 0 9 10 0.035909194 
446 132 17 22 0.03589685 
891 361 26 34 0.035895683 
316 394 29 37 0.035866898 
287 371 25 39 0.035771705 
270 381 26 38 0.035717208 
96 45 8 11 0.03570412 
377 370 22 28 0.035701003 
289 227 16 21 0.035648227 
395 587 43 57 0.035573978 
890 122 11 16 0.035519876 
923 119 11 13 0.035518907 
133 15 10 12 0.03550914 
65 15 7 10 0.03548402 
329 89 14 19 0.035482034 
109 106 11 14 0.035481226 
72 23 8 10 0.035434432 
931 60 12 15 0.035419296 
220 224 15 24 0.03534448 
570 376 31 41 0.035330277 
532 108 21 24 0.035322133 
130 134 15 18 0.035254527 
482 372 15 21 0.03524884 
131 84 11 13 0.035109855 
548 93 11 13 0.03504207 
1013 52 10 17 0.03502721 
783 534 38 45 0.034868803 
593 490 16 18 0.034852516 
1004 30 10 11 0.0348518 
410 248 23 26 0.03484977 
102 137 14 19 0.034717955 
801 104 20 29 0.034714166 
183 109 12 15 0.03467492 
1 374 20 31 0.0346143 
39 193 14 21 0.034592863 
286 84 15 16 0.034577463 
29 238 18 22 0.03457149 
16 149 23 33 0.03448496 
143 126 11 14 0.034347348 
710 5 11 12 0.034338225 
246 21 11 13 0.034325335 
299 90 12 17 0.034321528 
876 193 15 19 0.03431941 
916 283 15 19 0.03431089 
663 96 10 13 0.03429644 
210 46 10 13 0.034296267 
628 63 10 12 0.03424826 
29 73 11 15 0.034149513 
128 80 9 12 0.034139052 
805 244 17 21 0.0341354 
907 537 38 49 0.034132242 
298 138 15 19 0.034099385 
893 107 11 15 0.033995442 
520 78 13 16 0.03396447 
672 135 19 26 0.033962768 
577 39 9 12 0.033938736 
821 76 10 13 0.033869304 
934 134 11 15 0.033794936 
292 90 14 19 0.033745043 
330 244 13 17 0.033692297 
326 280 20 25 0.033673868 
691 333 22 28 0.033664905 
807 76 11 14 0.0336505 
647 37 9 11 0.033618215 
870 53 11 13 0.03358393 
266 58 11 14 0.03354115 
718 292 22 30 0.03351619 
662 79 10 14 0.033497017 
880 28 9 11 0.033493854 
648 46 10 12 0.033462256 
934 12 9 11 0.033439413 
436 39 15 19 0.03335931 
589 534 29 33 0.03332945 
383 92 13 18 0.0332412 
516 281 15 19 0.03322955 
904 31 8 11 0.033172444 
0 548 10 18 0.033131495 
243 92 12 16 0.0330877 
916 102 10 13 0.032979827 
743 205 25 31 0.0329391 
276 233 27 35 0.03293387 
228 92 15 18 0.032896962 
880 410 24 38 0.032881357 
297 59 12 16 0.032847587 
365 242 26 35 0.032795016 
379 204 16 21 0.032794308 
92 119 12 15 0.03279118 
103 70 8 10 0.03277683 
653 61 11 13 0.032749068 
167 29 11 13 0.03264881 
499 27 14 19 0.032643154 
161 76 9 12 0.032642156 
912 202 20 27 0.032598726 
983 220 20 28 0.032497145 
404 474 18 21 0.03249149 
486 180 14 19 0.032372843 
676 124 13 17 0.03235575 
353 13 10 12 0.03234989 
576 353 16 21 0.032306843 
823 15 10 12 0.032300647 
77 126 20 26 0.03223765 
118 20 10 13 0.032193087 
533 123 18 22 0.032167222 
113 481 25 32 0.03215091 
568 68 9 12 0.032098692 
371 26 13 15 0.032077454 
699 329 16 21 0.032040447 
495 18 12 16 0.031954594 
182 100 11 14 0.031950023 
644 91 14 16 0.03190758 
63 151 15 20 0.031814076 
951 193 17 22 0.031796996 
444 3 12 15 0.031785678 
325 150 20 27 0.031783193 
985 52 8 12 0.031769402 
898 50 9 13 0.031756636 
606 283 13 18 0.03172898 
202 260 22 31 0.03171142 
663 124 13 18 0.031652886 
760 106 21 29 0.031624667 
251 323 15 19 0.03159229 
896 20 9 12 0.031542514 
354 263 15 20 0.03153135 
773 584 33 45 0.03151182 
1003 173 13 16 0.031500597 
358 43 11 15 0.031412102 
749 196 26 32 0.03140036 
632 603 25 33 0.031339753 
367 39 13 16 0.031254187 
302 53 11 15 0.03125153 
946 86 13 15 0.03121757 
144 27 10 14 0.031193897 
237 0 13 11 0.03110292 
749 55 10 14 0.031090802 
888 75 9 13 0.031088382 
76 278 16 23 0.031084025 
43 188 13 18 0.031044232 
23 346 25 34 0.031021735 
926 31 20 25 0.031014865 
957 97 19 24 0.031006733 
267 481 27 40 0.030901477 
862 650 31 34 0.030838413 
104 95 19 22 0.03083691 
526 433 14 19 0.030815272 
307 69 14 18 0.030705761 
1006 135 21 25 0.030703869 
138 99 11 14 0.030650275 
442 153 15 20 0.030617807 
770 341 21 28 0.030554933 
639 8 9 11 0.030517774 
790 88 13 17 0.030406063 
764 125 14 19 0.030403424 
436 90 14 20 0.03035126 
201 151 18 25 0.030336412 
326 366 12 15 0.030280262 
971 437 20 28 0.030263487 
124 5 9 12 0.030246314 
524 39 13 18 0.030244697 
992 60 13 16 0.030243965 
937 114 10 14 0.030212004 
238 37 13 18 0.030188693 
24 405 19 26 0.030155255 
932 206 15 20 0.030109853 
329 374 26 32 0.030105392 
768 669 16 18 0.030094782 
857 591 48 60 0.030016646 
21 472 30 39 0.030005688 
286 49 13 17 0.029887358 
765 352 12 16 0.029876277 
183 409 25 35 0.029873146 
255 494 38 50 0.029855382 
382 1 10 11 0.029786134 
782 235 26 28 0.02975986 
237 124 16 21 0.029722547 
416 93 13 17 0.029683787 
167 90 10 13 0.029651735 
1004 60 13 19 0.02961583 
175 62 9 12 0.02957797 
717 67 14 16 0.029551715 
871 208 14 18 0.029518148 
230 139 10 14 0.02949824 
22 54 9 11 0.029488275 
218 311 16 23 0.029452095 
159 47 11 13 0.029448237 
755 35 15 18 0.029443659 
764 153 15 19 0.029435046 
465 182 17 23 0.02941963 
0 580 22 32 0.029417269 
93 12 10 11 0.029404301 
315 158 15 21 0.029262898 
992 5 11 11 0.029255504 
104 16 9 11 0.029246582 
216 98 13 17 0.029195288 
230 21 12 15 0.029140765 
747 1 12 14 0.029084124 
990 666 27 27 0.029034551 
532 258 21 27 0.029033465 
242 38 19 25 0.029023765 
367 8 9 12 0.029011276 
221 238 14 21 0.028949868 
399 11 11 13 0.028919531 
585 178 15 20 0.028894497 
537 551 47 55 0.028878743 
619 187 21 24 0.028813798 
3 354 23 34 0.028808584 
801 38 9 12 0.028774591 
268 209 23 28 0.028763862 
308 299 23 29 0.02876372 
564 345 16 21 0.028662838 
891 97 12 16 0.028637864 
173 90 11 14 0.028617179 
88 40 7 11 0.028608821 
786 160 22 30 0.02858742 
203 277 26 36 0.028558573 
868 314 15 20 0.028548649 
146 566 27 40 0.028535046 
520 496 24 31 0.028529007 
615 572 27 38 0.028523995 
716 84 12 15 0.028514817 
318 59 12 15 0.02849723 
54 123 11 14 0.028478062 
949 101 11 14 0.028433453 
859 108 14 18 0.028395353 
34 47 8 10 0.028385174 
497 266 30 34 0.02838391 
1004 122 13 16 0.028379757 
43 201 23 30 0.028367653 
245 0 11 11 0.028351843 
907 569 43 57 0.028314274 
540 98 15 18 0.028312782 
256 352 38 47 0.028296448 
238 15 11 13 0.028282618 
651 154 14 19 0.028259968 
652 140 19 26 0.028240139 
774 367 15 18 0.028229017 
135 424 25 35 0.02818517 
728 290 23 31 0.028132627 
522 97 16 20 0.028107608 
464 576 19 23 0.028083753 
500 189 18 23 0.02807541 
275 60 12 16 0.02801629 
577 54 11 14 0.027977446 
695 24 18 23 0.027966537 
236 487 17 24 0.027964246 
851 634 32 44 0.027956195 
861 620 43 55 0.027945673 
519 93 13 17 0.02794537 
148 412 24 31 0.027927153 
355 76 12 16 0.027801786 
728 5 13 14 0.027791204 
733 110 13 18 0.027756993 
136 32 9 12 0.02772699 
612 457 25 36 0.027712805 
205 58 13 16 0.027700491 
30 7 11 12 0.027698295 
859 40 19 24 0.027662927 
341 42 12 17 0.027600097 
119 54 10 12 0.027584702 
204 1 12 13 0.027579924 
121 110 19 23 0.027579745 
126 291 34 48 0.027555775 
183 571 23 28 0.02747227 
637 289 21 23 0.02746714 
34 251 19 26 0.027447404 
764 204 29 34 0.027396938 
222 141 10 14 0.027395083 
344 60 11 15 0.027386786 
855 9 10 12 0.0273772 
749 228 16 20 0.027363693 
94 31 9 10 0.027359385 
386 501 37 40 0.027313963 
582 66 13 15 0.0272933 
942 110 20 26 0.027292069 
22 29 8 11 0.02720969 
7 32 9 12 0.027190259 
648 321 29 34 0.027171802 
954 176 15 20 0.027142413 
991 130 11 14 0.027126603 
609 134 15 19 0.027095258 
925 281 14 18 0.027071953 
0 27 7 13 0.027058104 
616 14 9 11 0.027023692 
869 217 12 16 0.027013475 
848 562 28 47 0.02697545 
211 70 12 16 0.026935687 
915 292 17 19 0.02692701 
256 10 11 15 0.026887765 
961 458 33 50 0.02688497 
622 49 11 14 0.026858186 
737 192 22 26 0.026854085 
431 562 44 55 0.026850998 
121 398 35 47 0.026845919 
661 31 10 12 0.02678362 
997 52 14 17 0.02678146 
772 159 24 28 0.02676513 
107 181 22 27 0.02672999 
805 638 56 54 0.026716152 
990 150 21 26 0.026690464 
664 543 18 22 0.02666446 
639 45 10 13 0.026619311 
683 320 15 21 0.026567599 
670 531 26 33 0.026499348 
430 11 13 19 0.026493823 
648 101 12 14 0.026492294 
188 258 22 30 0.02647804 
587 168 20 27 0.026476251 
33 52 9 12 0.02645316 
906 412 26 32 0.026452042 
13 45 8 10 0.026449807 
682 526 24 36 0.026439546 
79 40 9 10 0.026430903 
114 69 8 11 0.026420746 
510 0 10 10 0.026377387 
49 5 9 11 0.026374694 
100 211 14 20 0.026357714 
174 206 13 18 0.026332537 
513 432 14 21 0.026305752 
108 246 23 33 0.026295342 
321 450 27 34 0.026263006 
21 1 10 10 0.026261458 
836 21 9 12 0.026257392 
375 364 13 17 0.026254656 
382 367 10 15 0.026250552 
942 57 12 15 0.026216185 
229 229 22 32 0.026205327 
171 414 17 22 0.02619259 
528 93 21 24 0.026189666 
696 68 10 14 0.026189579 
22 68 13 18 0.026083848 
378 389 27 36 0.026076742 
862 201 13 17 0.026065866 
519 20 12 16 0.026025204 
698 416 16 22 0.026019663 
137 378 15 17 0.025995312 
486 219 24 30 0.025991209 
477 378 23 31 0.025974322 
762 316 16 21 0.025968334 
647 22 8 11 0.025968244 
70 30 8 11 0.025958337 
645 405 33 40 0.025926463 
923 58 18 23 0.025903832 
668 192 23 30 0.025902005 
923 197 21 28 0.025900805 
485 404 36 45 0.025894914 
385 201 16 21 0.025861623 
1013 134 12 16 0.025829783 
974 270 19 25 0.025790025 
909 68 9 13 0.025784863 
118 357 28 35 0.025768789 
856 325 27 31 0.025748463 
141 46 9 11 0.0257358 
589 45 10 12 0.025724478 
279 505 39 49 0.025709843 
995 135 22 26 0.025702026 
235 78 16 19 0.025658209 
196 113 13 16 0.025656011 
487 143 17 20 0.025630819 
81 334 26 35 0.02560327 
792 162 14 18 0.025587821 
611 228 16 21 0.025579238 
140 38 10 13 0.025573602 
928 408 30 38 0.025560368 
486 469 28 38 0.025541075 
-2 171 20 34 0.025520444 
365 513 38 46 0.025403395 
507 5 13 16 0.025357343 
429 44 13 17 0.025328439 
171 220 21 30 0.025188532 
115 113 17 23 0.025171962 
180 239 28 35 0.025161231 
541 224 23 31 0.02513781 
74 45 9 12 0.025133763 
910 186 16 20 0.025103938 
853 283 15 17 0.025094127 
-1 473 13 24 0.025072543 
110 87 10 12 0.025051907 
390 106 16 22 0.02504601 
193 368 38 47 0.025021018 
656 319 18 23 0.025006363 
613 413 16 24 0.024998717 
699 230 19 23 0.024988223 
944 14 8 10 0.024963474 
870 81 12 15 0.024923757 
995 218 13 18 0.024915624 
26 329 16 21 0.02491442 
908 121 12 15 0.024859661 
916 330 36 49 0.024858125 
676 368 29 42 0.024856344 
631 530 46 54 0.024834966 
1 141 17 21 0.024834082 
739 203 14 17 0.024769228 
575 534 29 40 0.024761679 
111 13 10 11 0.024740912 
872 281 15 18 0.024711775 
155 27 11 14 0.024710553 
184 76 9 11 0.024709905 
111 491 14 18 0.024686845 
894 302 21 31 0.024621375 
765 389 16 23 0.024617849 
630 186 18 25 0.02460587 
759 335 15 20 0.024573809 
-1 187 12 21 0.024566442 
892 63 10 13 0.024510445 
168 152 13 17 0.024502266 
106 199 23 31 0.024500238 
377 1 9 10 0.024477813 
371 505 20 27 0.024445606 
123 68 10 12 0.02444318 
558 70 9 12 0.024436422 
484 41 15 19 0.024406133 
598 62 10 14 0.024388196 
822 50 10 12 0.024383156 
243 163 16 23 0.024297772 
439 248 14 19 0.024230013 
785 84 13 15 0.024229955 
1006 37 10 13 0.024177058 
222 85 13 16 0.024169242 
752 610 30 38 0.02406888 
604 231 18 24 0.024053082 
944 324 26 33 0.02402664 
991 187 14 18 0.024008142 
14 1 10 10 0.023990568 
129 494 28 42 0.023922186 
202 93 13 16 0.023911277 
775 57 11 14 0.02389979 
20 83 13 15 0.02387999 
229 402 48 59 0.023868073 
555 219 25 32 0.023857333 
910 149 12 17 0.023846202 
217 211 23 33 0.023845881 
11 65 12 18 0.02382966 
430 211 14 20 0.023827335 
518 0 10 9 0.023796156 
791 243 25 28 0.023784954 
103 87 10 12 0.023756761 
619 81 15 19 0.023688447 
237 29 13 16 0.023666415 
507 324 16 22 0.023627032 
947 500 13 18 0.023616869 
336 45 10 13 0.02360102 
420 21 11 16 0.023561237 
108 236 17 22 0.023554852 
452 89 20 26 0.02354864 
336 355 25 29 0.023542007 
532 555 25 30 0.023516398 
605 548 45 59 0.023495924 
724 68 13 19 0.023469906 
256 374 30 38 0.023441508 
153 47 8 12 0.023437073 
986 138 23 29 0.02342855 
754 431 30 43 0.023401715 
89 179 16 21 0.023389012 
757 341 20 27 0.023364801 
226 155 13 18 0.023333682 
104 16 18 23 0.023322528 
784 261 23 27 0.023305064 
144 -6 20 22 0.023303462 
876 311 17 22 0.023303017 
534 541 12 18 0.023281556 
921 397 26 32 0.023270054 
1008 255 15 21 0.023214944 
889 89 10 13 0.02318012 
722 424 29 35 0.02314673 
871 28 9 11 0.02313099 
730 356 23 34 0.023125507 
115 539 40 53 0.02310535 
629 68 11 14 0.023037806 
86 30 8 10 0.023036556 
276 375 16 23 0.023016818 
188 548 27 36 0.023007464 
633 35 11 12 0.023004286 
893 141 14 17 0.022970526 
512 318 20 31 0.022917937 
625 254 16 20 0.022906955 
907 524 29 43 0.022898374 
659 285 18 22 0.022866258 
790 373 17 21 0.022863612 
182 61 11 13 0.022862244 
446 557 33 35 0.022857197 
822 38 8 12 0.022827415 
577 443 20 25 0.022825453 
148 102 14 18 0.022809729 
834 0 10 12 0.022797361 
79 572 25 38 0.02279466 
179 379 19 25 0.02275713 
241 373 17 24 0.022756485 
981 141 13 16 0.022731561 
729 383 14 21 0.022730969 
206 278 16 22 0.022712544 
311 484 32 46 0.022692878 
166 2 11 13 0.022660626 
51 348 12 17 0.022651426 
254 257 24 33 0.022647642 
827 307 14 19 0.022644233 
80 412 29 35 0.022620907 
0 571 41 52 0.022600973 
249 415 43 53 0.022585087 
295 144 20 25 0.022574525 
198 54 11 14 0.022561338 
632 377 31 42 0.022557136 
168 168 16 21 0.022518141 
636 110 14 16 0.022506138 
959 0 9 9 0.022504373 
322 432 28 37 0.022501519 
971 164 15 18 0.022500716 
619 231 14 19 0.022483572 
352 125 15 20 0.02248309 
885 274 12 15 0.022447571 
544 60 10 13 0.022436086 
224 45 12 16 0.022419097 
388 24 18 22 0.022414343 
93 225 23 32 0.02241241 
632 87 18 24 0.022374026 
181 371 15 19 0.022373786 
190 166 13 16 0.02235328 
35 141 13 15 0.022319285 
832 545 37 53 0.022316711 
756 0 11 11 0.022313507 
487 5 11 14 0.022242932 
457 196 17 23 0.022232378 
190 391 20 24 0.022230113 
386 374 26 34 0.022228375 
239 517 30 39 0.022209791 
104 412 25 34 0.022207337 
637 562 26 36 0.022183917 
798 63 10 13 0.022180866 
757 576 31 37 0.022170188 
861 20 10 12 0.022144401 
628 500 46 57 0.022124644 
131 175 19 25 0.022098944 
525 511 16 20 0.022095086 
88 12 9 11 0.022074398 
691 166 18 24 0.022046141 
325 162 21 28 0.02203638 
924 131 13 16 0.022020936 
119 553 19 27 0.022019034 
702 434 29 43 0.022007866 
299 300 16 20 0.021991739 
452 579 48 53 0.021989055 
695 43 19 23 0.021982271 
788 281 14 18 0.021960612 
524 152 16 21 0.02194795 
203 205 17 24 0.021926472 
953 36 19 25 0.021913638 
694 199 22 29 0.021898776 
173 69 9 12 0.021886298 
709 169 17 25 0.021847926 
95 102 10 13 0.021813592 
936 0 8 7 0.021811223 
650 162 15 21 0.021799335 
710 315 16 19 0.02179597 
876 82 12 15 0.021786356 
362 426 30 36 0.021772943 
390 253 12 17 0.02175128 
926 72 11 15 0.021736806 
588 153 20 28 0.021736123 
513 119 16 21 0.021723142 
13 84 10 13 0.021716546 
648 52 10 12 0.02170742 
258 140 16 19 0.021706268 
883 187 12 17 0.021691674 
387 72 13 18 0.021661898 
98 420 14 22 0.021647109 
908 132 12 16 0.021643717 
17 428 28 40 0.02161707 
9 68 19 27 0.021612918 
229 80 13 17 0.02161225 
71 14 8 10 0.021610372 
390 218 15 21 0.021607783 
175 102 12 14 0.0216028 
391 477 28 32 0.021568239 
990 225 20 29 0.021564867 
542 231 14 19 0.021559397 
242 299 16 20 0.021555685 
616 22 9 12 0.021551633 
576 618 28 36 0.021550184 
394 461 28 34 0.021538185 
883 210 14 18 0.021528175 
422 222 26 33 0.021509213 
200 87 10 13 0.021488456 
920 74 12 15 0.02142853 
592 21 9 12 0.021425396 
483 215 16 22 0.021419777 
334 97 14 18 0.021415122 
526 528 86 100 0.02141263 
431 573 87 100 0.021380726 
920 53 9 11 0.021368627 
518 65 13 16 0.02135205 
918 46 9 12 0.021336813 
794 283 24 29 0.021332998 
815 18 17 22 0.021319523 
738 70 16 20 0.021257503 
668 95 10 13 0.021252023 
236 405 28 38 0.02125116 
61 70 10 13 0.021231065 
805 61 11 14 0.021223476 
315 140 20 25 0.021209436 
323 288 15 21 0.021177178 
301 70 14 19 0.02111898 
966 195 13 17 0.021118162 
733 210 16 21 0.021112937 
191 -1 11 11 0.02110945 
817 479 39 49 0.02107331 
452 31 12 15 0.021063542 
1004 44 12 17 0.021056917 
46 124 12 15 0.02103605 
897 8 9 12 0.021034518 
67 282 22 32 0.021023858 
173 125 13 16 0.02099916 
888 585 17 22 0.020980906 
192 604 24 36 0.020964704 
313 382 27 34 0.020939112 
744 441 38 53 0.02091706 
512 54 19 23 0.020910406 
852 79 19 25 0.020908155 
511 35 11 17 0.020905593 
191 458 16 23 0.020884965 
354 61 13 16 0.0208797 
150 69 10 13 0.020873282 
692 140 14 18 0.020852322 
659 610 14 21 0.020836921 
659 173 13 17 0.020817123 
877 39 9 11 0.020813398 
392 281 18 23 0.020811927 
877 232 16 20 0.020811921 
51 128 19 25 0.020799274 
626 174 16 22 0.020752601 
358 20 11 13 0.020752437 
613 8 10 11 0.020739177 
915 148 13 16 0.020729255 
836 30 10 12 0.020709641 
623 505 29 40 0.02070865 
233 501 31 39 0.02070542 
568 576 50 60 0.020696966 
1006 310 24 38 0.020688802 
164 109 10 13 0.020653684 
639 574 29 39 0.020645602 
813 101 21 27 0.02063952 
474 140 13 17 0.020629086 
91 269 24 35 0.02062042 
412 137 15 20 0.020601733 
564 624 27 35 0.020590322 
493 453 15 17 0.020580482 
789 234 16 18 0.020528805 
241 280 22 30 0.02052223 
22 62 10 13 0.020514175 
157 428 30 35 0.020502677 
663 177 13 18 0.02049942 
523 311 22 33 0.020496547 
117 503 33 42 0.02047215 
7 506 28 42 0.020471837 
266 248 19 23 0.020461777 
803 534 19 31 0.020453082 
505 64 11 16 0.02044377 
465 41 16 19 0.02043431 
144 15 11 13 0.020425063 
352 0 11 11 0.020409454 
845 5 10 12 0.020368842 
709 45 9 12 0.020362256 
91 442 27 39 0.020341726 
7 55 10 14 0.02033774 
123 98 12 15 0.02032353 
250 58 12 15 0.020293798 
532 584 17 27 0.020287305 
188 93 12 15 0.020255808 
999 46 11 13 0.020253005 
685 345 26 39 0.020207841 
726 21 10 14 0.020177701 
18 357 17 22 0.020163447 
649 175 15 18 0.020157306 
95 207 25 35 0.020143084 
415 0 12 13 0.020127323 
908 281 15 18 0.020053606 
694 171 21 30 0.02005226 
715 309 14 19 0.020021645 
513 489 16 22 0.020012898 
