8_Election_Campain_Election_Campaign_8_148
469
243 370 102 126 0.9998474 
812 287 67 77 0.999345 
676 254 62 69 0.9991615 
626 348 89 111 0.9990596 
888 422 70 82 0.9986033 
965 295 59 76 0.9985281 
428 293 83 107 0.9980673 
733 259 65 78 0.99777156 
2 208 69 94 0.99760216 
502 212 55 65 0.9973502 
719 440 103 154 0.9971675 
571 319 71 88 0.99715924 
426 228 57 65 0.9965264 
373 120 15 20 0.9960783 
585 189 43 55 0.99479717 
194 113 25 31 0.99400395 
316 273 73 95 0.99377453 
128 84 27 33 0.99362224 
478 149 28 33 0.9932074 
504 284 63 98 0.9730367 
861 493 82 109 0.9595988 
93 205 50 59 0.9580899 
481 112 16 21 0.9401802 
0 377 64 124 0.9369689 
753 101 10 12 0.93387365 
614 134 16 20 0.93348926 
726 131 16 19 0.8987222 
510 152 20 26 0.8979643 
170 96 20 25 0.883936 
321 98 20 28 0.879909 
552 120 15 20 0.875243 
754 219 32 36 0.8710253 
637 179 23 27 0.8705934 
996 142 15 21 0.857064 
7 8 14 18 0.8429909 
660 108 10 13 0.77166426 
36 11 12 15 0.7373743 
766 117 10 13 0.7138648 
495 148 26 32 0.66541576 
800 125 10 13 0.63576424 
807 98 10 14 0.62965375 
225 103 18 22 0.6149689 
248 287 56 67 0.58018297 
650 86 9 12 0.56546646 
781 100 10 12 0.55925006 
566 150 18 22 0.5383674 
301 70 9 12 0.52635723 
903 598 90 110 0.5147596 
596 156 25 29 0.514665 
379 245 52 69 0.51180005 
846 124 13 18 0.4960782 
685 91 10 13 0.48926145 
659 148 13 17 0.4872747 
687 121 12 15 0.47154838 
324 93 15 21 0.37912464 
908 248 29 36 0.34348848 
704 124 11 14 0.33808106 
889 124 18 21 0.33727664 
557 73 9 11 0.32848045 
838 129 15 18 0.31904256 
232 55 10 13 0.3114205 
706 116 13 16 0.28641808 
682 87 9 12 0.2781285 
212 55 9 12 0.27102968 
271 66 12 16 0.2578788 
928 180 19 30 0.253973 
268 76 11 15 0.2532359 
590 102 11 15 0.24597342 
505 95 9 11 0.24031729 
820 130 12 18 0.23141202 
422 247 66 87 0.2194105 
85 470 38 59 0.21724728 
373 135 12 17 0.20291632 
93 14 10 12 0.1916341 
317 30 10 13 0.18922625 
703 98 10 12 0.18553431 
823 110 12 16 0.18267065 
666 86 8 11 0.1789665 
269 199 13 17 0.17184603 
339 180 16 19 0.16975918 
520 70 8 10 0.16812475 
487 86 8 12 0.1662594 
495 71 8 11 0.16387285 
159 10 9 12 0.16377679 
117 26 11 14 0.16255648 
949 146 16 20 0.16029476 
755 130 11 15 0.15732083 
340 44 11 13 0.15648858 
67 2 13 16 0.14652471 
758 125 11 15 0.14613217 
343 132 21 24 0.14583932 
301 163 12 16 0.14133494 
275 243 15 17 0.13732643 
630 101 9 11 0.13594607 
884 540 96 123 0.13453814 
393 505 88 118 0.12589706 
489 72 8 10 0.1258342 
604 87 8 10 0.123540804 
153 265 54 89 0.12317323 
288 36 9 11 0.12277092 
179 96 22 27 0.12099685 
735 104 10 12 0.12006412 
630 96 9 12 0.12004938 
900 245 26 31 0.116207555 
302 64 9 12 0.11454022 
554 76 9 11 0.11203759 
951 299 28 43 0.110886246 
921 162 15 22 0.10868359 
246 84 13 17 0.106354855 
931 138 14 19 0.10336168 
337 184 23 26 0.100540206 
898 124 16 20 0.09678261 
836 192 30 43 0.096276194 
270 7 11 13 0.0924747 
727 78 8 11 0.09073586 
615 102 9 12 0.08887739 
589 94 8 11 0.08861783 
790 162 13 17 0.08808685 
585 93 8 11 0.08799071 
629 107 10 13 0.087531656 
996 182 11 16 0.08483978 
153 10 10 13 0.083253354 
621 86 8 10 0.081814416 
700 163 16 19 0.07946325 
36 124 19 25 0.078874275 
836 507 66 94 0.07855225 
139 15 13 15 0.07839914 
186 103 24 29 0.077546544 
728 220 31 34 0.07718478 
188 75 15 19 0.07606625 
588 522 49 57 0.075871445 
366 137 12 16 0.07569444 
270 22 8 10 0.07527014 
635 77 8 11 0.07423914 
876 155 19 23 0.07401756 
550 102 11 13 0.07361711 
54 0 15 18 0.07347818 
464 62 10 11 0.07272704 
939 140 13 18 0.07203661 
656 104 12 15 0.070943244 
897 256 29 39 0.07047787 
923 263 16 22 0.07005613 
734 87 10 12 0.069482334 
617 87 8 10 0.069180176 
44 565 43 59 0.0690251 
810 95 11 13 0.06737649 
704 110 13 15 0.06721241 
751 84 9 11 0.06705127 
114 22 11 14 0.06624787 
678 122 12 16 0.064650424 
190 7 9 11 0.064535365 
221 294 66 87 0.06409478 
936 184 20 30 0.064035304 
255 645 131 130 0.06304947 
520 152 15 22 0.062619515 
278 165 10 13 0.06252384 
924 164 24 34 0.061517753 
528 84 11 15 0.06130811 
212 103 21 28 0.06125388 
624 103 9 11 0.06089496 
24 54 10 14 0.060571816 
61 64 15 22 0.05951055 
166 13 9 12 0.059355795 
704 86 8 10 0.058381952 
891 234 26 31 0.05834099 
743 78 10 11 0.058233555 
355 133 14 17 0.057995457 
707 129 14 17 0.057338376 
294 15 8 10 0.057122767 
987 215 22 29 0.056636665 
261 30 8 11 0.055918396 
597 108 9 12 0.055756252 
356 251 58 76 0.055447873 
396 184 42 47 0.05528412 
1010 419 14 29 0.055148076 
729 94 10 13 0.055052444 
624 107 11 14 0.05492925 
247 37 9 13 0.05364498 
987 692 40 62 0.05275556 
654 81 9 11 0.052684452 
297 63 9 13 0.05224537 
158 576 55 66 0.05208669 
575 100 10 14 0.05093723 
233 322 103 121 0.050474174 
756 165 15 19 0.05029774 
17 547 42 68 0.04983668 
187 93 16 20 0.049823865 
647 81 10 12 0.04960332 
772 468 102 121 0.049081624 
584 105 13 17 0.048879232 
577 95 8 11 0.048308726 
942 144 15 19 0.048138123 
851 121 13 18 0.047611002 
482 86 9 11 0.047472622 
388 137 12 14 0.047196854 
29 51 11 15 0.046989013 
517 77 9 11 0.046939433 
756 96 9 13 0.04659633 
845 196 15 22 0.046577398 
663 81 10 12 0.046458427 
391 229 69 91 0.045158245 
598 79 9 11 0.045068316 
726 64 9 11 0.04500678 
216 99 14 20 0.04470854 
266 188 21 31 0.044661503 
651 89 11 14 0.04400574 
743 85 11 12 0.043524753 
47 4 12 16 0.0434171 
650 363 97 132 0.043133035 
310 63 8 11 0.043023292 
887 226 23 29 0.042525087 
696 80 9 12 0.04249345 
397 134 14 15 0.042487554 
293 280 57 70 0.042460207 
885 117 15 20 0.04223394 
313 36 10 12 0.04217685 
434 148 15 20 0.042072784 
233 108 16 21 0.04191377 
772 115 10 13 0.04143361 
657 113 11 15 0.04110654 
830 130 13 19 0.04086442 
816 125 11 17 0.040422093 
265 24 8 10 0.04039127 
404 138 13 14 0.039665747 
781 105 11 15 0.039379444 
43 10 12 15 0.039085392 
788 52 10 13 0.0387824 
776 109 9 13 0.038734756 
69 93 9 13 0.038475364 
270 293 41 45 0.038350906 
876 451 83 104 0.037926573 
294 74 11 13 0.037830252 
406 148 15 18 0.03782007 
934 559 71 96 0.03753172 
226 60 11 13 0.037496988 
208 59 11 12 0.03736611 
144 58 12 16 0.037190072 
331 149 12 17 0.037124697 
87 19 11 14 0.03703526 
655 48 8 10 0.037000213 
696 403 103 141 0.0368583 
609 155 15 19 0.03669017 
701 67 10 12 0.036472443 
673 124 11 14 0.03589663 
630 62 8 10 0.03569605 
725 115 14 18 0.035548877 
533 81 9 11 0.03508901 
778 274 65 82 0.035063464 
1 533 38 78 0.03506075 
644 67 10 13 0.03488235 
224 31 9 11 0.03485215 
577 87 7 9 0.034732178 
192 30 9 11 0.034198754 
721 64 9 12 0.034191668 
502 70 8 10 0.03414583 
614 95 9 11 0.03406675 
484 104 13 16 0.03400437 
663 90 11 14 0.03398011 
250 89 13 17 0.033892397 
742 71 9 10 0.033715006 
951 175 25 30 0.03367928 
996 129 22 28 0.033670865 
125 12 11 15 0.033525452 
118 14 13 16 0.033382393 
598 71 10 12 0.03333936 
112 60 11 14 0.033231627 
310 263 52 64 0.032935396 
962 183 17 21 0.03254451 
950 534 61 77 0.032528285 
276 175 16 21 0.032183897 
750 97 16 22 0.03202837 
577 502 46 58 0.03190736 
879 165 24 35 0.03187911 
752 202 28 36 0.031515006 
720 134 15 20 0.0313852 
727 110 11 14 0.03133857 
283 145 13 17 0.0312742 
525 69 8 10 0.03125915 
263 108 12 18 0.031230692 
913 233 25 34 0.031184899 
134 413 32 45 0.031083887 
670 92 10 12 0.03100736 
264 80 13 16 0.030921344 
821 103 12 15 0.030775731 
358 553 95 151 0.030702978 
606 92 10 12 0.030630773 
655 142 14 18 0.030544363 
757 86 8 10 0.030448923 
706 167 15 20 0.030292355 
778 96 10 13 0.030096302 
625 95 9 11 0.029999683 
701 80 10 12 0.029976575 
65 26 10 15 0.029860588 
304 57 8 12 0.029807726 
61 87 15 18 0.029764527 
0 83 7 15 0.029628709 
148 20 13 15 0.029544974 
716 120 19 25 0.02949761 
584 89 8 10 0.029445982 
227 12 10 14 0.029356174 
144 90 17 21 0.029342677 
697 64 8 11 0.029229507 
324 30 9 12 0.029096538 
341 157 10 13 0.0289598 
736 64 9 11 0.028797857 
50 593 47 62 0.028792946 
69 8 12 16 0.028711293 
310 68 9 12 0.028688027 
561 237 15 19 0.028675903 
235 59 11 13 0.028672012 
759 138 10 14 0.028664123 
829 251 36 37 0.028561087 
277 75 11 16 0.028553512 
184 284 71 104 0.028483966 
923 150 23 31 0.028481333 
313 24 10 13 0.028210873 
232 49 9 12 0.028128725 
794 126 10 12 0.028101088 
732 224 19 21 0.028057046 
279 157 12 15 0.02805616 
316 68 10 12 0.027972167 
633 72 8 11 0.027835373 
397 201 47 55 0.027817758 
505 89 8 10 0.027792608 
304 40 8 10 0.027620088 
944 192 16 22 0.027397916 
803 119 12 16 0.027393417 
734 78 11 12 0.027313031 
56 69 13 18 0.027243007 
137 205 25 45 0.02720806 
262 48 7 10 0.027007416 
336 38 19 24 0.026892869 
910 216 13 17 0.026885824 
757 79 8 10 0.026858572 
149 264 37 53 0.026484381 
534 712 17 21 0.026346613 
93 5 12 15 0.026286772 
803 128 12 16 0.026284289 
984 117 37 50 0.0262568 
248 33 8 11 0.026249625 
720 77 9 12 0.026155971 
288 62 11 12 0.02609297 
899 1 12 12 0.025950765 
492 86 9 12 0.025944559 
699 97 21 26 0.02586554 
630 43 10 13 0.025774743 
639 70 9 12 0.025756605 
622 80 9 11 0.025705537 
92 110 16 19 0.02564608 
896 307 42 52 0.02551403 
604 78 9 11 0.025492858 
516 141 16 21 0.025343133 
274 5 11 13 0.025337799 
743 102 10 12 0.025194237 
681 81 8 11 0.025182856 
637 140 12 17 0.02515721 
687 79 9 12 0.025099458 
47 93 10 12 0.02501226 
817 78 11 12 0.024974424 
615 105 11 14 0.024950357 
656 51 9 12 0.024821209 
346 173 14 17 0.024818372 
667 151 15 19 0.024790268 
469 68 10 12 0.024681795 
101 -1 16 14 0.02462676 
0 9 13 19 0.024557834 
265 7 10 12 0.024457026 
794 157 14 19 0.024438204 
741 64 9 11 0.024436671 
199 100 23 33 0.024429398 
100 21 10 13 0.024334043 
185 40 7 10 0.024311326 
116 34 12 15 0.02420925 
481 71 8 11 0.024124611 
238 69 11 14 0.024098566 
223 22 9 10 0.024085386 
550 108 14 18 0.02406495 
777 75 9 11 0.023922214 
752 170 16 20 0.023859737 
67 22 11 14 0.023828594 
369 211 18 21 0.02376553 
494 55 8 9 0.023617554 
347 43 12 15 0.023607763 
772 186 13 16 0.023480127 
783 169 15 17 0.023413697 
954 143 22 27 0.023334028 
646 148 12 16 0.0232604 
96 411 31 39 0.023177518 
774 132 10 14 0.022993717 
655 122 10 14 0.02297842 
141 24 12 15 0.02294423 
757 108 10 13 0.022930268 
308 84 11 16 0.022925187 
448 237 62 70 0.0229238 
304 97 12 17 0.022912644 
293 32 8 10 0.022887781 
756 211 18 22 0.022845984 
195 81 12 17 0.022841036 
407 178 32 33 0.022646222 
989 246 17 22 0.022610517 
15 116 10 12 0.02260385 
150 137 24 37 0.022578618 
509 99 9 13 0.022543132 
782 73 9 10 0.022508603 
887 16 14 17 0.022477983 
261 53 9 11 0.02246654 
544 91 10 14 0.022450691 
459 159 22 29 0.022354301 
511 109 10 15 0.022323621 
346 126 16 19 0.02229227 
815 85 11 12 0.022249984 
892 179 17 27 0.0222238 
938 146 22 29 0.022217518 
655 133 10 14 0.022203807 
597 80 20 24 0.02220277 
457 534 46 66 0.022058934 
333 620 98 131 0.022037907 
358 155 10 12 0.022026306 
257 48 8 11 0.021996789 
174 21 8 11 0.021970889 
649 47 9 10 0.02196226 
688 70 9 11 0.021927599 
760 149 11 16 0.021925889 
890 333 46 56 0.021862509 
53 88 14 18 0.021827146 
532 89 11 16 0.021810696 
977 203 25 33 0.021804236 
191 35 8 12 0.02175042 
266 12 10 13 0.021703541 
314 67 108 126 0.02166864 
335 50 12 15 0.021634147 
288 69 11 14 0.02158752 
910 95 23 30 0.021579383 
920 142 21 28 0.02155632 
668 79 11 13 0.021554101 
286 76 12 16 0.02150788 
223 36 9 12 0.021470457 
495 94 8 11 0.021453902 
762 113 18 23 0.021451078 
694 95 9 12 0.021424362 
19 10 14 18 0.02132243 
489 66 7 9 0.021272201 
388 188 12 17 0.021207083 
235 95 21 26 0.021201499 
95 0 11 11 0.02104342 
22 117 10 13 0.021011721 
478 235 62 71 0.020944292 
49 0 12 13 0.020928605 
55 69 23 32 0.020914737 
736 212 41 46 0.020865591 
794 131 11 14 0.020808471 
1003 405 23 47 0.020790337 
257 53 8 11 0.020773243 
71 187 52 69 0.020582557 
270 29 8 11 0.020467734 
640 83 9 12 0.020449862 
256 24 8 10 0.020438978 
238 47 10 12 0.020405274 
356 147 12 15 0.020339409 
553 67 18 23 0.020304885 
255 35 10 12 0.020216525 
561 39 8 9 0.0201871 
856 154 22 32 0.020167828 
0 54 8 15 0.020139718 
716 115 13 19 0.020094704 
375 236 37 47 0.020092962 
681 86 18 23 0.020091001 
297 64 17 23 0.020070361 
35 50 13 16 0.020049676 
