8_Election_Campain_Election_Campaign_8_32
67
109 239 28 35 0.9993331 
468 280 26 34 0.9990903 
872 287 26 32 0.99876344 
560 306 22 29 0.9983346 
663 274 25 31 0.9980154 
221 261 29 36 0.9977851 
321 292 23 28 0.99771523 
723 276 22 29 0.99734026 
951 271 27 36 0.9970728 
365 288 23 29 0.9960062 
615 292 23 30 0.9954861 
35 262 25 34 0.9820239 
912 264 29 35 0.97577226 
793 290 24 33 0.97301507 
957 252 24 29 0.68866545 
988 254 22 27 0.5363971 
886 517 10 12 0.36143997 
862 517 8 12 0.25078025 
124 517 10 12 0.1715852 
741 0 64 42 0.10416875 
477 521 12 14 0.092905186 
861 382 13 16 0.09172464 
830 502 10 12 0.07096999 
843 447 13 18 0.06984571 
875 541 13 14 0.069515795 
665 394 28 26 0.06533928 
819 380 15 17 0.062931634 
33 252 17 21 0.05254894 
816 524 12 13 0.050768048 
926 510 9 12 0.049258985 
438 514 13 15 0.04730259 
695 278 24 31 0.040781442 
120 511 9 11 0.04000105 
904 531 9 11 0.039644774 
873 504 7 10 0.039481543 
914 519 8 9 0.039331652 
135 505 8 10 0.03819832 
880 511 8 10 0.03617156 
117 501 8 11 0.034958754 
827 380 13 16 0.034725066 
831 516 9 11 0.03411775 
119 498 8 10 0.0337807 
108 520 8 10 0.03319005 
799 532 10 14 0.031789597 
60 545 15 17 0.028817497 
422 329 20 26 0.028681064 
109 525 8 11 0.02640325 
478 533 12 14 0.026288547 
813 388 12 14 0.024877116 
863 522 10 13 0.023377165 
869 527 8 10 0.023070179 
412 336 12 17 0.02306614 
128 503 8 9 0.022753783 
924 504 10 12 0.022596981 
1005 495 13 16 0.022592692 
859 428 29 30 0.022307333 
158 396 12 16 0.022291578 
501 405 48 66 0.021898104 
821 521 10 11 0.021785643 
967 517 8 9 0.02153306 
837 538 12 14 0.0215301 
830 478 10 13 0.020991966 
435 519 15 17 0.020672018 
856 386 13 15 0.020655762 
1 548 13 15 0.020495014 
484 522 11 13 0.020137066 
73 510 9 11 0.020054791 
