8_Election_Campain_Election_Campaign_8_218
53
840 248 104 127 0.99896765 
433 319 60 78 0.998914 
675 549 57 75 0.9966878 
535 338 54 62 0.9947436 
174 382 83 98 0.99449676 
602 341 44 53 0.99004084 
689 330 50 64 0.9694467 
158 338 39 47 0.9649532 
286 330 70 88 0.9361706 
122 286 47 64 0.9284246 
791 262 46 61 0.89868826 
397 337 30 38 0.86758333 
87 324 55 71 0.21444564 
46 179 43 49 0.1636247 
358 174 26 28 0.13353811 
271 340 52 70 0.09422662 
156 351 55 74 0.09152034 
243 334 8 13 0.088733755 
254 362 31 42 0.056877304 
666 359 33 41 0.052571695 
289 309 56 69 0.0504959 
672 340 49 61 0.049521927 
486 301 46 55 0.04921348 
215 256 47 59 0.04861845 
471 338 35 44 0.043487083 
409 536 56 45 0.0418208 
649 540 52 67 0.03933569 
589 343 37 43 0.037257824 
808 260 55 74 0.0372461 
466 545 35 35 0.036818877 
257 377 19 24 0.03179841 
100 360 31 38 0.030955022 
809 293 36 43 0.03092811 
457 306 54 70 0.029877832 
469 283 51 59 0.029555984 
359 184 31 36 0.029116224 
28 211 35 39 0.028383931 
227 373 56 74 0.02797642 
639 421 40 53 0.027255354 
576 339 29 44 0.024750741 
758 250 49 60 0.024319777 
143 309 34 41 0.023737082 
272 363 12 17 0.023360733 
747 229 37 42 0.022839373 
267 355 30 44 0.022799395 
242 312 9 11 0.022798523 
733 235 35 41 0.021430746 
131 308 73 92 0.021305917 
431 161 25 39 0.021305831 
248 331 49 68 0.02113381 
138 327 31 41 0.020914873 
574 310 32 38 0.020517504 
619 244 25 32 0.020270862 
