8_Election_Campain_Election_Campaign_8_347
55
212 131 33 43 0.9967001 
754 167 24 35 0.99138707 
923 587 12 15 0.91486126 
22 571 14 20 0.89433485 
1010 572 11 16 0.59866065 
967 577 14 16 0.4581378 
175 562 13 17 0.30694526 
887 579 14 17 0.1685524 
965 586 13 15 0.1227665 
145 565 15 18 0.087985806 
41 660 11 14 0.08608221 
1007 565 17 25 0.08566299 
960 587 10 13 0.08528935 
759 283 12 14 0.084175944 
892 575 11 14 0.08241486 
1001 641 9 11 0.077546105 
53 513 12 16 0.073772766 
933 556 10 12 0.069111586 
16 574 14 19 0.05585049 
933 614 11 14 0.05060678 
951 598 12 14 0.047355197 
967 634 10 13 0.046645142 
951 588 10 12 0.044396643 
34 572 15 19 0.041919842 
167 563 14 18 0.04183238 
852 572 11 16 0.038285475 
330 177 56 67 0.036621053 
778 677 29 45 0.031561427 
957 596 11 15 0.03134792 
1014 639 9 11 0.031230938 
929 613 10 13 0.030693416 
117 516 11 17 0.030578388 
1004 644 10 12 0.029296618 
930 588 10 13 0.029064432 
675 334 13 16 0.027530743 
108 520 16 20 0.02698499 
966 593 11 13 0.026758969 
463 579 13 17 0.025896048 
913 621 9 11 0.02535753 
911 590 9 13 0.024147704 
43 656 10 12 0.024117853 
901 572 10 14 0.023745898 
477 586 15 19 0.023543982 
929 542 9 11 0.02336577 
912 616 9 11 0.02309319 
31 74 113 144 0.023017123 
935 607 10 13 0.022770632 
938 613 11 14 0.022166427 
45 603 13 15 0.022149583 
158 564 12 15 0.022094114 
962 660 12 16 0.021923803 
1012 582 13 18 0.020754104 
397 613 9 11 0.02072843 
961 656 10 12 0.020097237 
134 564 15 19 0.02008885 
