8_Election_Campain_Election_Campaign_8_297
100
498 279 35 44 0.9968419 
643 260 41 53 0.99620867 
159 457 49 57 0.9912354 
786 246 46 53 0.9789792 
599 273 33 43 0.9753082 
924 301 30 39 0.93778974 
414 322 28 32 0.92019904 
710 232 24 32 0.5978216 
485 158 11 14 0.51450706 
538 270 23 29 0.44882256 
940 303 30 43 0.3628221 
581 279 30 35 0.3092945 
718 141 11 15 0.28017658 
402 296 27 31 0.16830371 
405 237 14 17 0.15652601 
199 451 33 38 0.15256658 
713 197 15 17 0.14648001 
821 184 11 12 0.1282767 
405 309 31 35 0.12563339 
507 137 24 31 0.11314203 
117 203 22 30 0.103810586 
397 233 24 27 0.088784754 
370 310 24 30 0.08027878 
691 140 14 16 0.0762423 
715 230 15 22 0.07570338 
326 313 10 13 0.07535761 
767 196 12 16 0.07154389 
584 35 12 17 0.07145556 
73 461 34 43 0.06882487 
766 305 27 36 0.06349607 
516 143 14 20 0.06311368 
451 336 19 23 0.05818151 
795 181 12 15 0.056702886 
395 282 15 17 0.055572692 
392 290 27 31 0.055328358 
460 231 16 19 0.051254015 
564 131 10 12 0.050258033 
399 300 14 17 0.050140515 
670 152 15 20 0.04839928 
484 148 21 28 0.047141623 
380 271 17 20 0.046939436 
384 259 11 14 0.04676093 
557 133 13 15 0.046644017 
325 230 10 13 0.045260355 
770 203 12 14 0.04523346 
405 164 16 19 0.04488312 
389 274 27 31 0.044087227 
443 274 15 18 0.043524545 
566 293 23 32 0.04318338 
452 273 13 17 0.042766426 
489 126 9 11 0.042108715 
439 267 12 15 0.0413677 
541 617 15 22 0.040715545 
397 248 13 17 0.039611727 
490 155 12 17 0.037867557 
178 263 324 443 0.036631804 
421 252 11 14 0.036454994 
467 229 12 16 0.035459626 
768 175 10 12 0.034341022 
245 515 48 33 0.033475507 
749 116 13 13 0.032830764 
606 67 27 31 0.03278941 
574 285 24 33 0.032480583 
438 260 12 16 0.032088708 
398 205 11 12 0.031289928 
492 139 22 31 0.03057944 
551 138 13 15 0.030348532 
480 160 14 16 0.03012333 
404 244 27 31 0.030104186 
706 244 24 34 0.029973138 
174 465 56 56 0.029358312 
433 250 24 30 0.028502211 
181 482 101 89 0.027711686 
167 196 12 16 0.02762719 
351 376 12 16 0.026401376 
381 300 14 18 0.026392447 
412 253 14 15 0.02624305 
402 309 18 24 0.025521643 
984 405 11 16 0.025316004 
870 314 16 20 0.024945358 
636 124 11 13 0.023737073 
612 301 16 21 0.023484452 
1011 233 13 18 0.023071518 
744 112 12 14 0.023008354 
380 255 26 33 0.022886842 
720 234 16 23 0.022881297 
523 145 21 30 0.022819381 
863 429 30 40 0.022731608 
523 237 20 27 0.02220504 
502 142 16 22 0.021935055 
377 296 25 31 0.021838281 
346 373 22 30 0.021521168 
388 175 12 16 0.0213447 
355 384 12 17 0.02113027 
789 183 15 18 0.020872578 
886 178 15 19 0.020763705 
631 117 14 17 0.020620357 
392 321 49 49 0.02036145 
889 302 27 39 0.020344192 
755 261 12 17 0.020028953 
