8_Election_Campain_Election_Campaign_8_86
78
121 172 51 73 0.9992531 
11 154 54 74 0.99876726 
378 216 40 59 0.9959143 
577 235 52 67 0.99406046 
213 230 39 53 0.9682971 
475 274 37 47 0.95996016 
344 262 31 40 0.93213403 
462 253 26 32 0.67776996 
641 104 109 147 0.67108244 
499 672 18 19 0.1534493 
662 10 116 179 0.14252776 
844 94 114 135 0.12865779 
808 45 184 244 0.11286299 
308 267 24 33 0.1009937 
619 273 356 442 0.0960839 
226 669 17 18 0.07858625 
320 269 21 31 0.07547042 
570 198 15 22 0.07112116 
996 325 26 38 0.0650705 
321 622 8 11 0.06281865 
473 264 19 23 0.05903036 
914 279 14 19 0.05763856 
877 125 64 90 0.05703229 
473 265 29 35 0.055636056 
333 268 24 32 0.051941022 
279 615 11 15 0.05063109 
33 250 12 15 0.04947876 
142 567 24 35 0.047811147 
812 225 26 31 0.04763884 
838 241 13 18 0.047149546 
318 612 10 13 0.03950842 
308 575 10 12 0.038613547 
847 305 11 15 0.037828296 
829 235 13 19 0.037692238 
311 604 13 18 0.036131255 
819 315 12 13 0.035172395 
448 635 30 36 0.03513563 
305 280 24 33 0.035123125 
301 604 12 18 0.03447227 
149 566 12 16 0.034260012 
812 312 15 16 0.034098923 
335 601 11 15 0.03404225 
139 651 16 19 0.033920754 
296 608 11 15 0.033197172 
688 31 59 94 0.032246917 
268 670 19 19 0.030655134 
81 175 39 56 0.03005051 
325 614 11 14 0.029394966 
131 644 13 18 0.028603353 
990 362 32 41 0.02833888 
455 256 15 23 0.028277978 
272 276 27 31 0.028238824 
416 618 28 38 0.027904768 
756 475 117 144 0.0278862 
568 198 27 34 0.027704371 
793 263 17 18 0.027697256 
304 620 10 13 0.026703343 
68 175 17 22 0.026594464 
134 648 15 20 0.02537507 
435 639 50 52 0.025355693 
823 231 23 30 0.025352811 
916 153 36 53 0.024779959 
893 296 53 62 0.024746714 
939 330 27 37 0.024192154 
915 0 84 121 0.023853812 
844 322 95 110 0.023669852 
209 625 14 18 0.023493672 
802 407 10 12 0.023424644 
665 186 67 85 0.023107987 
892 355 16 18 0.023042899 
-3 235 40 59 0.021536881 
500 595 13 18 0.021495387 
358 270 18 25 0.021291424 
870 319 62 70 0.021157578 
421 654 15 19 0.021109307 
800 229 12 15 0.020748276 
875 22 115 166 0.020316659 
7 108 47 71 0.020164164 
