51_Dresses_wearingdress_51_464
77
389 225 266 342 0.999678 
19 381 141 172 0.99935013 
741 417 64 76 0.9912469 
894 389 25 33 0.8723215 
704 361 26 32 0.81864196 
785 272 24 29 0.6204021 
847 518 52 77 0.5376422 
910 445 26 34 0.31750715 
991 311 29 40 0.31087002 
352 629 391 387 0.2671773 
51 1066 81 70 0.2539992 
183 970 132 143 0.24406679 
614 489 52 90 0.24304183 
153 941 218 254 0.1912035 
115 1083 474 450 0.15189807 
804 324 22 30 0.13148214 
1001 425 23 55 0.11519411 
609 1145 174 248 0.11108722 
835 444 35 49 0.10859291 
837 427 36 45 0.10792984 
909 508 43 60 0.085377485 
990 442 35 73 0.0764171 
707 422 84 112 0.06371916 
918 452 26 36 0.06308803 
632 485 66 95 0.058692593 
796 375 43 55 0.052434135 
967 372 43 56 0.050943635 
930 427 38 52 0.050596774 
994 608 29 40 0.0490047 
761 381 52 58 0.048796322 
49 909 410 457 0.048779067 
810 317 17 19 0.04790021 
890 397 40 50 0.040700614 
987 385 35 43 0.040146776 
780 371 44 51 0.03907075 
955 537 44 54 0.037436217 
706 386 25 33 0.035295676 
861 521 86 110 0.03386735 
776 261 38 47 0.032880716 
952 300 32 40 0.032084834 
946 317 34 44 0.030919544 
581 463 93 134 0.030727454 
224 797 392 494 0.029560635 
239 431 67 88 0.028763918 
818 392 42 56 0.028578734 
876 510 42 70 0.02831897 
232 145 106 121 0.028042572 
837 519 41 60 0.027566914 
920 427 30 38 0.027318316 
834 408 33 46 0.027160965 
751 446 62 87 0.026879193 
792 248 29 34 0.02623739 
61 1002 68 54 0.026027363 
902 426 30 39 0.02600986 
35 1024 107 81 0.02574875 
1013 13 12 19 0.025709337 
981 419 40 71 0.025687465 
982 554 16 23 0.025664374 
971 312 40 52 0.02549678 
890 484 76 104 0.025439806 
999 300 29 42 0.025255175 
838 467 33 41 0.025194088 
986 651 13 18 0.024609238 
719 396 27 34 0.024132747 
635 508 93 116 0.023876546 
922 574 46 59 0.023594156 
817 503 87 116 0.023516947 
0 1044 70 74 0.022562549 
1004 318 21 41 0.022289932 
792 316 39 50 0.021850834 
966 531 14 18 0.021798635 
710 354 22 26 0.02150181 
885 472 29 35 0.021262988 
945 391 49 64 0.021082576 
985 295 30 40 0.020814016 
1010 434 15 34 0.020736353 
178 983 92 85 0.020101277 
