51_Dresses_wearingdress_51_106
20
515 125 102 131 0.9997359 
518 1144 15 19 0.08108819 
757 53 35 42 0.052366324 
767 299 46 56 0.051456355 
459 848 15 17 0.042899814 
492 274 366 477 0.035812404 
963 427 15 21 0.03546582 
152 16 25 28 0.032440938 
319 157 27 34 0.031184426 
308 162 29 35 0.02520103 
971 427 14 19 0.023701375 
312 1187 22 29 0.02355443 
956 424 17 22 0.022950282 
109 61 33 38 0.022524595 
633 1376 19 25 0.022157274 
605 1128 14 18 0.022043096 
82 38 26 31 0.021984607 
105 153 54 64 0.02155299 
682 86 416 534 0.021229818 
296 1257 27 30 0.020284861 
