51_Dresses_wearingdress_51_914
56
814 758 126 172 0.9998436 
454 44 52 72 0.9994411 
628 81 31 39 0.99911517 
126 52 63 84 0.9989003 
823 90 61 80 0.9970726 
554 759 70 96 0.9954514 
445 259 38 50 0.9845675 
70 268 163 284 0.314351 
436 613 17 20 0.13575228 
784 1315 15 17 0.12901695 
445 468 26 38 0.116995335 
558 852 472 583 0.10340383 
776 1302 10 12 0.10017519 
200 1021 11 13 0.09819526 
403 1061 24 30 0.07521813 
556 504 13 18 0.0690075 
187 1075 15 19 0.06686914 
782 1295 10 12 0.057368822 
159 1045 9 12 0.05325814 
172 1172 16 19 0.053108066 
402 1111 25 29 0.05304983 
254 777 401 486 0.050808053 
30 211 300 403 0.05028363 
180 1267 14 16 0.04989995 
875 1299 13 16 0.046507563 
775 1295 11 12 0.0454892 
598 1332 30 46 0.042817485 
164 1083 14 14 0.042175815 
162 1186 14 16 0.040900514 
190 1180 14 15 0.040218927 
542 1329 16 19 0.03898999 
751 1292 12 13 0.036410548 
538 1347 16 20 0.035566583 
55 1155 38 38 0.03535902 
540 1337 17 19 0.034317534 
215 -1 58 64 0.03399937 
761 1177 15 19 0.033607114 
182 1247 26 32 0.03231132 
179 1151 16 17 0.032036472 
98 848 107 139 0.029215623 
733 3 97 118 0.029201062 
182 1143 27 26 0.02838823 
771 1148 16 21 0.02819563 
394 1106 18 20 0.027555998 
417 581 10 11 0.026917351 
200 1047 11 14 0.026554605 
761 973 160 127 0.026504464 
545 481 25 41 0.024736313 
684 65 397 470 0.024694283 
768 1292 10 12 0.024627665 
394 1097 38 49 0.022249531 
885 1298 11 13 0.021507245 
317 1173 12 14 0.021197509 
91 823 180 232 0.02114733 
496 626 15 17 0.020048093 
771 1285 12 13 0.020030929 
