51_Dresses_wearingdress_51_1035
53
173 233 115 130 0.9998741 
410 46 82 112 0.9987998 
853 179 89 101 0.996838 
581 278 86 99 0.99609643 
736 28 18 23 0.94355035 
666 30 19 22 0.8335533 
288 52 16 21 0.640579 
332 48 18 20 0.50141865 
514 0 27 24 0.34395462 
604 38 13 21 0.28929606 
266 99 15 21 0.19942482 
610 35 16 21 0.16571817 
677 0 18 19 0.16412543 
706 15 18 23 0.120546125 
646 34 14 20 0.08137082 
1007 59 13 17 0.07390376 
687 51 15 19 0.05890702 
325 46 16 20 0.046633117 
256 103 12 16 0.04388933 
253 191 59 79 0.043006275 
653 56 16 19 0.039899703 
998 59 12 16 0.03984752 
953 92 11 14 0.03981804 
607 41 21 29 0.038731564 
653 30 20 26 0.037983645 
690 0 17 13 0.0359329 
337 22 14 15 0.032631166 
984 237 36 57 0.032200817 
638 34 14 19 0.028360933 
964 87 22 30 0.028239364 
629 65 17 22 0.028133834 
981 7 12 14 0.02771127 
492 105 15 24 0.027661413 
597 44 16 22 0.027174892 
660 36 18 22 0.027136868 
129 436 185 232 0.026693476 
971 99 13 16 0.026477499 
655 44 23 29 0.026225705 
998 53 20 28 0.02605243 
288 114 12 15 0.025501454 
591 43 15 19 0.024792222 
469 26 61 86 0.024610957 
991 56 11 14 0.023503367 
330 118 13 16 0.023057189 
605 30 15 19 0.022954926 
564 596 43 52 0.022880713 
433 22 81 110 0.022723872 
527 0 19 16 0.021570373 
702 21 24 32 0.021055974 
261 108 16 20 0.021051327 
619 39 15 22 0.021035323 
319 49 15 20 0.020744858 
690 45 15 18 0.020104552 
