51_Dresses_wearingdress_51_830
39
933 36 29 39 0.9989574 
563 25 63 86 0.99746656 
998 19 21 34 0.87800175 
257 10 105 67 0.8777718 
819 16 59 66 0.3641155 
838 28 58 73 0.23698261 
856 54 48 68 0.0722082 
855 18 33 36 0.06989935 
523 248 48 59 0.06879825 
377 609 30 37 0.050100643 
796 24 33 43 0.04702665 
482 120 41 53 0.042645935 
278 605 22 30 0.042359564 
196 668 14 17 0.039549284 
899 58 28 36 0.035905026 
79 207 133 142 0.035809875 
198 631 25 32 0.035749547 
96 429 368 478 0.034216274 
872 76 46 57 0.03365278 
875 44 43 63 0.032100517 
511 168 12 17 0.029136594 
538 169 44 49 0.028723763 
764 307 14 18 0.028639162 
917 26 25 31 0.028529955 
198 641 15 19 0.027626228 
103 121 206 272 0.027377937 
268 591 39 49 0.02697778 
790 345 18 21 0.025853826 
900 102 13 16 0.024731964 
872 24 19 23 0.023655532 
822 14 35 39 0.023300687 
565 237 47 58 0.023220025 
777 13 190 214 0.022666417 
892 99 27 32 0.022326678 
900 528 26 33 0.021637706 
516 169 12 15 0.021090413 
253 194 143 189 0.020691665 
546 155 37 41 0.020274883 
371 613 18 21 0.020186579 
