51_Dresses_wearingdress_51_445
49
350 306 79 100 0.98748606 
184 324 74 103 0.98556757 
861 308 80 99 0.98172337 
354 667 27 31 0.18158017 
128 1052 36 34 0.0808275 
984 710 13 17 0.07520009 
418 707 31 35 0.06612331 
294 760 26 28 0.056136664 
475 657 463 475 0.056096785 
134 854 26 29 0.054682802 
806 809 29 35 0.054293107 
955 927 31 41 0.049739316 
157 19 41 47 0.04547234 
200 827 15 20 0.04479111 
252 802 26 28 0.04272858 
441 758 31 36 0.04085607 
492 783 28 32 0.040056307 
133 253 496 517 0.039867867 
498 754 13 15 0.039776895 
396 47 85 104 0.038572866 
221 754 14 20 0.037241064 
991 562 29 61 0.036187876 
262 842 12 14 0.03577785 
197 772 14 18 0.03571543 
253 704 30 35 0.035568498 
168 880 15 19 0.033921365 
236 1007 27 37 0.03342325 
429 747 35 40 0.032002773 
176 44 51 56 0.02838142 
477 756 49 66 0.027215976 
441 754 48 62 0.026453601 
452 770 15 18 0.026207088 
143 743 21 29 0.02588437 
302 724 11 13 0.024453385 
216 758 30 38 0.024334412 
701 527 83 112 0.02382347 
873 759 54 70 0.023150414 
175 756 26 31 0.022824751 
227 757 17 21 0.022552928 
397 807 15 18 0.022127947 
164 867 22 25 0.022106593 
212 793 32 37 0.02113912 
367 672 17 21 0.02088549 
770 819 14 19 0.020787865 
190 820 27 30 0.020742169 
701 639 36 40 0.020602532 
202 774 27 31 0.02024296 
186 766 24 29 0.02018967 
501 502 29 40 0.020084588 
