51_Dresses_wearingdress_51_327
242
460 146 135 184 0.9997769 
827 350 14 18 0.27945635 
809 1679 33 48 0.19228405 
15 96 29 42 0.18769558 
979 1647 17 21 0.15584409 
362 292 31 42 0.15118672 
1005 666 17 21 0.1394293 
837 1610 24 31 0.10315 
92 1575 12 14 0.09997431 
189 1659 18 22 0.094414465 
876 1397 11 12 0.09148517 
300 1648 33 34 0.086571306 
619 135 15 18 0.08505373 
1011 732 12 20 0.08445267 
119 1580 10 13 0.08289914 
682 1550 71 79 0.08236708 
772 218 15 19 0.07837699 
854 1395 13 17 0.07593487 
1011 147 12 20 0.06816315 
600 -2 33 32 0.068054825 
278 8 46 51 0.06755907 
237 1638 13 17 0.06595139 
205 1649 14 16 0.0658127 
61 1644 12 16 0.06579237 
89 1579 11 14 0.06297933 
813 1437 16 18 0.061708823 
71 1584 7 10 0.060434427 
876 175 13 15 0.058827225 
398 1659 11 12 0.05851158 
1012 558 12 20 0.05671512 
797 360 17 21 0.055086695 
837 1409 17 21 0.054598276 
903 1390 10 13 0.053755604 
969 649 23 28 0.05295795 
148 1596 10 14 0.05288197 
0 247 46 93 0.051596306 
160 33 27 36 0.051470257 
870 1391 13 15 0.050356895 
846 1588 51 56 0.049609408 
130 1567 25 31 0.049504206 
85 1646 10 12 0.0485584 
130 1552 25 28 0.04839757 
156 1533 11 13 0.0461014 
17 889 32 34 0.04541163 
234 607 16 21 0.045074888 
825 238 9 12 0.044446904 
117 1569 14 18 0.04332249 
347 1629 26 30 0.04325629 
353 1644 15 18 0.04290759 
629 68 13 17 0.042627078 
112 1552 10 12 0.041595828 
1011 129 12 20 0.041563798 
211 1580 16 19 0.040730104 
115 1606 13 17 0.040697552 
765 1028 17 22 0.040554263 
142 119 15 20 0.040428475 
496 36 46 55 0.039983757 
245 425 16 21 0.03985775 
167 1589 25 27 0.039408676 
689 119 10 13 0.039080404 
741 287 11 14 0.038683906 
89 84 48 59 0.03862974 
112 1554 23 28 0.037686117 
78 1583 8 10 0.037127994 
951 203 13 16 0.03663421 
839 292 12 15 0.03662268 
815 313 11 15 0.036440652 
930 165 13 17 0.036127474 
711 212 14 17 0.035963066 
946 723 26 32 0.035777275 
848 321 12 15 0.035658475 
100 102 49 57 0.03549231 
893 169 25 37 0.03528865 
120 1587 10 12 0.03525455 
577 489 16 20 0.03524122 
482 1692 26 31 0.03495102 
75 1571 10 12 0.034814045 
722 1414 16 20 0.0344821 
868 164 41 57 0.03446721 
971 761 41 57 0.034410547 
998 1649 15 17 0.034042284 
654 106 12 15 0.034037437 
335 1622 13 15 0.03396511 
1011 701 13 20 0.033785693 
1007 1611 14 18 0.033142313 
75 101 47 59 0.033135254 
203 1625 12 15 0.032179665 
635 77 12 14 0.032002937 
1 1542 10 14 0.031348836 
257 1517 14 15 0.031203251 
120 1561 26 29 0.03116082 
1006 219 14 18 0.031035177 
4 100 29 44 0.030979494 
276 1568 12 16 0.0306743 
761 335 18 21 0.030673565 
205 1518 27 31 0.030668236 
828 1390 13 19 0.030501338 
195 1618 16 20 0.030496906 
72 1589 8 11 0.03019191 
663 133 8 10 0.030126555 
27 105 380 440 0.030076193 
305 9 32 43 0.030008122 
607 105 11 15 0.029842207 
283 258 14 15 0.029791543 
0 1590 6 12 0.029573746 
704 103 10 12 0.02955039 
141 1594 13 17 0.029506665 
872 1342 9 10 0.029461527 
211 1557 15 17 0.029393896 
270 1549 23 31 0.029361859 
289 1382 27 38 0.02887077 
123 1578 27 36 0.028664192 
854 1380 14 15 0.028662074 
95 1567 9 11 0.028379513 
880 332 13 16 0.028288556 
899 316 16 19 0.027804554 
839 124 12 15 0.02749133 
84 111 29 37 0.027465092 
612 102 11 15 0.027431536 
887 759 44 57 0.027143653 
1013 458 9 14 0.026991466 
275 1560 14 18 0.026984118 
844 1410 24 28 0.026939288 
64 1582 8 10 0.02680618 
79 1590 9 12 0.026789768 
176 1601 16 20 0.026749603 
828 132 11 14 0.02655313 
235 1645 16 19 0.026544992 
788 144 26 31 0.025939092 
127 109 32 39 0.02593875 
885 1396 10 12 0.025898593 
137 1570 16 19 0.025767762 
827 284 12 14 0.025750687 
48 59 40 55 0.025665997 
699 219 14 17 0.025649993 
10 34 13 17 0.025576904 
397 1712 10 11 0.02555902 
619 65 25 29 0.025538132 
761 220 23 28 0.025485016 
103 1567 11 12 0.02548038 
271 243 10 12 0.02519433 
812 285 9 13 0.025130387 
126 1588 11 14 0.025110908 
941 662 13 15 0.025009818 
141 1541 26 30 0.025005726 
726 36 12 14 0.024839 
185 1651 17 20 0.02478104 
135 1615 12 13 0.024738487 
85 1588 12 14 0.024665376 
13 100 43 64 0.02463047 
998 141 13 18 0.024474235 
97 1527 9 11 0.024291331 
882 133 15 20 0.024198454 
879 171 24 33 0.024195055 
1011 1077 11 16 0.024104288 
813 236 10 14 0.024102654 
271 1508 13 15 0.02407632 
192 1603 22 27 0.023912583 
56 1581 9 10 0.02390362 
797 334 10 12 0.023795243 
908 1391 9 10 0.023794517 
197 1436 29 31 0.023774782 
47 106 45 62 0.023681477 
213 1277 32 40 0.023676252 
55 1605 11 14 0.023657003 
896 1408 10 11 0.023653952 
177 1450 18 19 0.023643387 
806 222 9 12 0.023632297 
697 1591 61 63 0.023609096 
750 232 26 30 0.023600025 
166 1566 11 13 0.023557018 
77 1566 11 13 0.02350041 
262 1543 10 12 0.02342577 
1014 1701 8 14 0.023320558 
266 1535 40 51 0.023311898 
833 347 15 18 0.023265708 
593 30 26 30 0.023209943 
997 1701 14 19 0.023116045 
253 1542 9 10 0.023103958 
347 2 49 51 0.023068268 
206 1584 14 16 0.023044573 
696 103 9 11 0.023027869 
267 1569 14 17 0.022947999 
295 1556 11 15 0.022902757 
894 705 11 14 0.022864003 
791 341 13 16 0.022810197 
235 1590 15 18 0.022777626 
984 1655 15 18 0.02277007 
116 1550 12 13 0.02276413 
999 1670 11 13 0.022722702 
105 9 46 52 0.022712834 
28 93 41 54 0.022710882 
936 672 19 21 0.022666944 
293 1544 28 37 0.022657026 
248 1541 10 12 0.022529457 
818 1369 16 18 0.022497138 
859 1389 14 16 0.0224925 
844 1404 15 19 0.022451617 
63 71 30 34 0.022292864 
703 109 11 12 0.022277059 
191 1513 45 49 0.022264449 
809 351 21 27 0.022015985 
846 1389 22 27 0.02195423 
638 475 49 66 0.02189412 
896 1390 12 14 0.02184637 
611 122 23 30 0.021685058 
204 1428 13 15 0.021643903 
1 1615 9 13 0.021497993 
290 283 28 34 0.021470966 
731 195 12 15 0.021443954 
806 323 11 14 0.021272931 
902 247 11 14 0.021231936 
188 1427 30 35 0.02113993 
391 1658 13 15 0.021121277 
860 1420 11 14 0.021069543 
204 1447 17 20 0.021050086 
111 1543 10 11 0.02104824 
135 1593 13 16 0.021022443 
144 44 43 50 0.0210221 
64 118 52 66 0.020999394 
674 -32 216 223 0.020987643 
111 1561 13 17 0.020967633 
102 1588 9 11 0.020855414 
185 174 99 140 0.020832231 
100 1572 12 15 0.02077805 
148 1545 16 19 0.020770004 
85 1636 11 13 0.020748515 
644 143 9 11 0.020599896 
294 239 96 109 0.020575156 
621 158 457 497 0.020554123 
798 253 11 14 0.02051185 
54 1590 10 10 0.02044372 
348 1616 26 29 0.020437248 
113 1582 9 12 0.020430947 
89 1608 8 10 0.020425955 
291 1688 26 31 0.02040946 
647 103 12 14 0.02024231 
860 1414 11 13 0.020159 
159 1563 11 13 0.020155732 
637 99 12 15 0.020144641 
257 22 29 32 0.020070756 
950 1626 11 13 0.020054473 
