61_Street_Battle_streetfight_61_123
28
196 119 116 156 0.9998394 
777 120 111 184 0.97059345 
815 262 130 168 0.08346036 
796 155 144 206 0.07199097 
30 449 27 29 0.054531258 
567 131 13 15 0.034985926 
570 126 13 17 0.029170588 
554 210 16 21 0.028982628 
564 91 12 16 0.02878191 
579 248 24 30 0.027741767 
557 100 11 14 0.02525541 
874 138 90 147 0.024698123 
555 47 15 19 0.024639098 
857 239 121 149 0.024280591 
542 258 14 19 0.023853308 
591 101 10 13 0.023522029 
558 93 12 15 0.023253115 
605 164 195 276 0.021656966 
646 112 13 17 0.021618985 
606 235 16 19 0.021604316 
563 216 15 18 0.021363763 
576 111 9 12 0.021188855 
560 161 12 15 0.02104482 
589 108 11 13 0.021001924 
582 109 9 12 0.020630317 
583 103 9 11 0.02051526 
597 94 12 14 0.02046363 
581 40 192 241 0.020054946 
