61_Street_Battle_streetfight_61_212
20
45 449 45 58 0.9907731 
362 189 88 181 0.976075 
82 237 118 120 0.8624287 
691 17 93 144 0.30679303 
139 406 35 46 0.26916695 
62 219 183 204 0.113778576 
105 180 396 512 0.076643094 
630 26 104 143 0.072625816 
728 35 69 103 0.060313236 
605 253 71 62 0.054050624 
52 396 29 36 0.045267913 
396 205 122 169 0.03846 
778 51 98 134 0.03423536 
579 756 51 54 0.031670827 
48 418 47 64 0.027942983 
292 158 176 232 0.025609707 
56 395 45 56 0.024636967 
839 66 54 95 0.02340243 
613 772 45 37 0.022062808 
191 410 14 16 0.02202096 
