61_Street_Battle_streetfight_61_4
23
810 0 45 39 0.99901545 
388 47 53 81 0.9976591 
680 188 45 42 0.8795226 
791 2 28 25 0.6580725 
854 554 40 50 0.6403562 
638 631 125 105 0.10199827 
75 295 35 43 0.079358816 
868 570 41 44 0.07255849 
184 105 19 23 0.04030015 
947 444 78 135 0.04002572 
678 169 33 49 0.03406245 
664 644 75 61 0.034020837 
330 360 28 31 0.033852834 
0 8 95 124 0.03381867 
1 277 42 47 0.033103894 
184 333 389 441 0.02994081 
699 167 47 53 0.028944803 
0 143 10 21 0.025424384 
53 40 12 16 0.025130153 
399 306 24 27 0.02425729 
768 56 44 57 0.020957096 
645 0 16 14 0.02062608 
755 61 33 46 0.020309143 
