61_Street_Battle_streetfight_61_50
41
453 155 40 51 0.9042303 
509 145 39 58 0.29089808 
195 57 34 42 0.20117934 
864 165 107 142 0.1965837 
713 380 106 135 0.1516915 
100 62 34 37 0.15015298 
406 139 41 57 0.117697395 
893 146 73 97 0.09743765 
418 91 43 61 0.07024671 
823 161 57 91 0.06847994 
924 470 60 61 0.061444886 
219 214 28 34 0.05917191 
831 150 90 131 0.057612278 
84 84 24 33 0.043174006 
262 126 27 34 0.04130942 
194 20 34 39 0.04076258 
306 56 15 20 0.04017036 
405 105 44 66 0.04017016 
245 89 22 25 0.039929595 
533 130 41 55 0.038785364 
294 52 23 29 0.037937596 
95 77 48 55 0.03792974 
524 125 13 15 0.03461728 
852 173 184 237 0.03335295 
188 24 48 59 0.032682028 
958 415 53 63 0.03131735 
374 114 47 73 0.030323956 
436 101 26 37 0.029359268 
79 83 13 19 0.029199855 
445 297 32 36 0.026851214 
23 194 47 57 0.025873814 
273 46 26 33 0.024938988 
158 24 85 111 0.02477289 
397 70 21 28 0.02447362 
417 122 17 18 0.024015306 
941 405 53 58 0.023957036 
86 0 198 247 0.023475487 
172 93 14 17 0.022716837 
181 116 16 19 0.022047969 
90 88 35 35 0.021766061 
720 309 108 113 0.020077795 
