61_Street_Battle_streetfight_61_558
18
147 359 207 265 0.99982566 
702 535 35 44 0.98965704 
173 266 56 62 0.21926919 
248 148 25 29 0.14613341 
513 621 99 118 0.095932215 
617 807 21 21 0.04985732 
754 462 102 122 0.046509057 
531 457 185 272 0.043378025 
218 178 52 60 0.040179532 
696 682 192 269 0.036125276 
605 800 31 36 0.030198341 
64 504 426 473 0.029295983 
301 218 335 487 0.027863713 
744 562 46 53 0.025817465 
682 639 32 39 0.023753919 
172 254 40 47 0.021112662 
176 227 59 63 0.020405313 
110 107 371 470 0.02025032 
