61_Street_Battle_streetfight_61_158
46
611 174 85 109 0.9976573 
749 166 27 30 0.99245703 
875 192 31 54 0.99196285 
315 273 23 30 0.75778204 
345 356 49 60 0.37246698 
518 175 14 21 0.23448376 
309 286 24 31 0.17846476 
-17 504 237 259 0.123035 
374 294 38 45 0.06952976 
858 169 13 17 0.05809941 
312 280 17 20 0.054331325 
1005 658 19 31 0.049559616 
1004 163 21 31 0.04953154 
357 382 35 42 0.048326287 
967 162 31 39 0.04577785 
496 201 29 36 0.04189167 
407 260 398 429 0.040370684 
216 138 9 11 0.03931431 
222 149 12 18 0.039129585 
950 164 28 40 0.0369101 
0 658 41 67 0.036646295 
521 171 24 29 0.03594391 
823 219 31 40 0.03562291 
981 162 15 19 0.03358291 
369 542 26 34 0.03344764 
549 157 40 48 0.03218452 
514 177 12 18 0.029397486 
947 169 16 23 0.028452845 
494 194 15 19 0.027330766 
407 216 15 20 0.02705506 
838 146 14 19 0.026861016 
316 269 36 53 0.026383093 
-39 434 361 427 0.026152147 
500 189 26 32 0.024101205 
332 272 29 45 0.023698935 
567 106 27 35 0.023679717 
992 157 26 35 0.023420438 
814 178 14 16 0.023233762 
597 349 230 269 0.022595689 
955 167 39 53 0.02199457 
742 156 42 52 0.021984879 
394 285 54 70 0.021833649 
801 171 14 17 0.021827575 
208 141 10 12 0.020734588 
497 200 18 23 0.020621873 
827 143 23 29 0.020010412 
