61_Street_Battle_streetfight_61_22
38
175 34 121 182 0.9996965 
871 451 94 107 0.39932206 
950 202 10 12 0.1618044 
846 207 14 17 0.12468391 
746 154 18 24 0.09112362 
436 364 120 100 0.08789504 
349 23 185 242 0.08167352 
920 411 87 138 0.05183695 
977 200 9 10 0.05090623 
783 211 14 17 0.04979281 
946 204 10 12 0.044390373 
792 385 110 120 0.04191311 
896 202 13 18 0.041576263 
676 428 139 119 0.0398254 
842 141 16 21 0.03672236 
899 206 16 19 0.035637714 
485 0 62 68 0.03405069 
784 217 16 19 0.03308363 
756 431 115 113 0.031440765 
1008 97 13 17 0.031172793 
804 437 111 116 0.028380485 
793 55 17 24 0.027155828 
862 203 12 16 0.02691517 
308 558 57 59 0.026212484 
778 201 23 31 0.024944765 
692 464 71 63 0.0246233 
797 147 20 27 0.02456111 
707 156 15 20 0.023677 
968 198 10 10 0.023468273 
642 461 38 48 0.023363505 
359 276 204 179 0.023082094 
952 132 10 13 0.022688918 
998 177 9 11 0.022614334 
385 363 66 64 0.021927731 
443 339 79 78 0.021009304 
919 238 13 16 0.020843614 
227 20 155 216 0.020811884 
965 90 10 13 0.020305984 
