52_Photographers_photographertakingphoto_52_359
21
563 75 53 77 0.9926756 
625 125 145 190 0.48179954 
756 266 56 71 0.21685815 
728 234 94 115 0.09528934 
468 315 27 28 0.092686854 
588 90 57 63 0.07609352 
860 378 19 22 0.06283417 
683 182 124 156 0.045382887 
397 477 44 47 0.042131104 
474 328 19 20 0.04067784 
859 385 26 31 0.03759897 
648 199 73 83 0.037339572 
471 338 18 21 0.03624279 
614 101 40 57 0.034240752 
604 107 115 120 0.03411114 
655 414 71 89 0.031819772 
410 443 16 18 0.03154276 
572 144 237 274 0.027076887 
412 449 16 18 0.024207555 
640 390 122 149 0.023028664 
478 114 37 49 0.022989674 
