52_Photographers_photographertakingphoto_52_721
16
290 320 380 515 0.9998876 
140 832 463 532 0.8927089 
944 594 49 64 0.6232522 
-78 -20 439 533 0.12208384 
415 999 466 518 0.07772754 
313 685 427 474 0.06406723 
91 1073 473 401 0.053865578 
202 1424 163 145 0.040711477 
19 1307 161 276 0.03690078 
258 210 131 171 0.03440013 
475 430 361 492 0.029599424 
571 -21 438 529 0.029581625 
231 1332 132 111 0.029234905 
23 769 439 456 0.021942958 
120 1237 330 378 0.021769978 
283 157 142 153 0.021400314 
