52_Photographers_photographertakingphoto_52_428
41
499 305 131 113 0.9864421 
632 266 78 114 0.61761034 
555 284 115 125 0.27862582 
987 283 12 15 0.22830546 
999 223 9 11 0.14979705 
961 283 9 12 0.14191388 
926 239 10 12 0.11950934 
972 247 10 12 0.10322567 
985 264 9 11 0.07631715 
1001 260 11 13 0.075954944 
985 280 10 13 0.067102954 
932 244 9 11 0.05412613 
1002 239 8 11 0.052839242 
949 223 9 12 0.052141298 
994 222 8 9 0.052043397 
1004 278 9 11 0.044010334 
926 254 9 10 0.043421805 
1001 245 9 10 0.041750137 
988 266 11 13 0.036412604 
912 251 8 11 0.03584078 
1004 255 10 13 0.034732576 
1005 228 10 11 0.03448409 
938 262 8 10 0.033530243 
970 264 8 10 0.033494577 
643 9 25 40 0.033475135 
967 294 8 10 0.03237533 
999 279 10 12 0.032180168 
998 284 10 13 0.031002497 
964 279 9 12 0.029985514 
960 272 8 10 0.029672876 
1015 243 9 13 0.027558906 
935 255 8 10 0.027027203 
943 280 9 11 0.026739368 
976 182 10 11 0.024964733 
1005 244 9 11 0.024181325 
974 269 9 11 0.02360102 
966 240 8 10 0.023232736 
999 266 11 13 0.022599742 
953 263 7 9 0.022347832 
983 232 8 10 0.022226147 
1014 221 9 12 0.021509012 
