52_Photographers_photographertakingphoto_52_695
53
595 150 166 208 0.9960251 
177 167 65 86 0.99205494 
926 167 31 42 0.3596238 
965 193 26 35 0.30615902 
921 170 48 70 0.2287581 
978 187 23 36 0.11562434 
854 183 43 67 0.10780269 
204 179 37 51 0.08076506 
154 811 58 86 0.07560605 
716 20 10 13 0.0721063 
983 177 13 20 0.06966004 
293 284 112 135 0.069032244 
906 154 78 110 0.06399536 
114 176 52 63 0.056628536 
589 370 434 426 0.053296268 
943 183 45 60 0.05244994 
549 725 442 523 0.04987205 
873 101 9 13 0.045179676 
762 35 14 15 0.045125797 
346 140 29 47 0.044915207 
762 28 13 15 0.04374577 
275 151 25 33 0.0423154 
932 155 24 32 0.039716627 
998 169 15 20 0.039146066 
934 180 28 42 0.038374122 
157 150 67 69 0.0348069 
758 58 11 15 0.03303878 
724 20 12 16 0.03221329 
460 525 395 476 0.028165717 
495 4 27 33 0.027746996 
285 141 41 50 0.02748592 
594 0 26 21 0.027038021 
212 171 71 67 0.02699324 
380 626 74 65 0.026632357 
1006 206 16 25 0.025778838 
412 650 48 39 0.025684068 
376 459 25 32 0.025595201 
187 170 40 55 0.025528178 
988 192 22 34 0.025319127 
763 41 14 17 0.02513583 
704 90 32 44 0.024585823 
356 651 73 56 0.024209153 
303 149 50 58 0.023515658 
724 16 9 11 0.023353446 
765 70 10 13 0.023170851 
954 187 26 39 0.022653362 
752 46 11 14 0.02261346 
931 209 32 47 0.022220552 
328 145 44 56 0.02152442 
750 53 12 15 0.020684177 
973 189 15 21 0.02044723 
201 192 87 94 0.020222707 
142 138 61 55 0.02005594 
