52_Photographers_photographertakingphoto_52_479
26
199 285 124 151 0.9999161 
291 96 118 138 0.99974877 
371 290 111 146 0.99903286 
349 566 108 140 0.99873894 
521 209 137 167 0.9976164 
937 255 25 30 0.3615776 
901 248 29 36 0.34736612 
975 257 25 32 0.32712346 
859 298 64 73 0.19840041 
868 269 31 35 0.145389 
862 273 51 63 0.083765246 
933 243 25 30 0.0780773 
877 276 33 36 0.07176911 
404 242 143 188 0.0626378 
883 258 29 32 0.04679635 
916 252 27 33 0.042222906 
974 250 18 20 0.04202764 
849 278 103 115 0.040129893 
894 262 28 35 0.03847439 
894 311 14 15 0.036870982 
873 266 21 22 0.033363074 
835 309 68 77 0.032177094 
205 484 88 67 0.029596098 
888 280 19 23 0.029472085 
948 250 39 47 0.02067814 
459 213 152 201 0.020443061 
