52_Photographers_photographertakingphoto_52_666
18
282 255 268 413 0.9989749 
397 261 400 481 0.9954991 
527 189 429 491 0.5928374 
35 415 470 558 0.42742008 
331 780 609 412 0.10837888 
964 403 36 58 0.059829686 
-9 916 504 518 0.053202905 
-4 584 361 524 0.05315101 
806 274 200 275 0.03941198 
876 1137 114 106 0.03843191 
926 396 63 83 0.03655726 
884 358 110 144 0.033486567 
621 373 276 325 0.03313592 
183 104 415 462 0.03198266 
588 166 263 326 0.031713318 
144 322 329 432 0.025979767 
412 516 539 522 0.02576279 
858 444 104 160 0.020187927 
