52_Photographers_taketouristphotos_52_80
27
331 510 57 64 0.9960949 
870 264 9 12 0.13944313 
998 321 9 13 0.08026565 
993 289 10 13 0.07618515 
670 332 12 16 0.07565081 
984 269 10 13 0.069154166 
849 296 10 12 0.052445684 
836 295 9 12 0.040462542 
854 310 11 14 0.03859329 
989 267 11 15 0.037452895 
981 302 9 11 0.03540145 
735 350 11 14 0.03445784 
741 356 11 13 0.03281346 
650 332 15 16 0.031649314 
316 607 34 35 0.031553425 
980 310 11 15 0.029826127 
990 273 11 16 0.028388143 
997 333 11 15 0.026461035 
604 291 40 47 0.024948169 
872 298 11 15 0.024860438 
789 312 11 13 0.024693266 
976 296 9 11 0.02464851 
841 334 27 29 0.024584444 
545 298 11 14 0.021673808 
661 331 15 18 0.02151213 
54 319 8 9 0.021013752 
685 347 24 27 0.020686189 
