52_Photographers_taketouristphotos_52_51
108
448 936 35 42 0.9988142 
859 829 16 20 0.3009622 
709 734 11 14 0.2664771 
884 756 15 18 0.15931621 
724 723 10 13 0.12527063 
793 716 13 16 0.12230492 
877 705 8 9 0.11967426 
906 733 10 12 0.118262455 
895 704 8 10 0.1080807 
839 871 10 13 0.08607794 
909 742 11 13 0.085463054 
903 704 8 10 0.07502168 
709 718 9 11 0.071547 
886 720 9 10 0.06783412 
754 712 15 18 0.06569929 
887 725 9 10 0.06354811 
812 739 12 15 0.062508464 
806 726 14 19 0.060677275 
921 702 9 12 0.058845513 
432 1050 14 16 0.058588933 
421 1271 8 9 0.056950502 
909 748 11 14 0.05434104 
920 733 10 13 0.050464105 
890 710 9 10 0.049526405 
873 703 8 11 0.04924866 
905 728 10 12 0.047510583 
893 727 9 11 0.04750057 
863 703 8 11 0.04729306 
765 1288 16 23 0.04671429 
757 872 10 11 0.046609506 
419 1085 10 13 0.04647831 
908 717 9 11 0.04527949 
418 1278 8 12 0.04352403 
911 757 10 12 0.04349202 
732 887 10 13 0.042857293 
710 713 9 12 0.041737016 
750 871 10 12 0.041676622 
885 734 11 12 0.0399158 
861 726 10 13 0.039831806 
761 859 11 13 0.03983081 
417 1284 8 11 0.03953206 
697 726 9 13 0.038321313 
293 1020 12 13 0.037635274 
701 725 11 13 0.036480118 
414 1235 9 12 0.036320303 
820 838 13 16 0.036267627 
527 867 25 32 0.035861325 
905 709 9 10 0.03553558 
880 735 12 14 0.034294512 
783 879 8 10 0.03355428 
919 741 9 12 0.032937735 
449 1262 8 11 0.032769028 
720 880 9 11 0.031475995 
701 751 9 12 0.029681265 
920 727 10 12 0.029533822 
830 751 12 14 0.029485302 
734 726 9 11 0.029232701 
479 1286 8 10 0.02912777 
875 784 13 16 0.028799385 
908 711 9 11 0.028786678 
416 1252 10 13 0.028607707 
873 709 9 11 0.028413318 
735 718 10 12 0.027819365 
430 975 15 20 0.027718881 
893 733 9 11 0.027580818 
317 42 10 12 0.027340071 
416 1246 8 11 0.027311798 
806 730 23 26 0.027220096 
846 852 12 16 0.02718036 
714 901 13 16 0.026790129 
742 710 10 12 0.026438592 
837 704 10 11 0.026382048 
438 0 16 12 0.026222559 
708 726 12 14 0.026167534 
294 900 12 17 0.026095008 
744 886 9 12 0.02607948 
893 742 10 11 0.025796125 
422 1284 8 11 0.025637956 
855 724 11 15 0.025507642 
744 870 12 14 0.025453912 
822 791 13 14 0.025403824 
454 1052 10 13 0.024686022 
812 747 11 14 0.024240598 
877 722 11 13 0.024104154 
705 740 10 12 0.02384961 
742 727 10 11 0.023555493 
443 667 123 139 0.023488672 
705 713 8 11 0.022481538 
486 728 10 12 0.022479381 
770 1297 15 20 0.022431757 
462 1272 8 10 0.022156969 
855 878 9 11 0.022094147 
278 69 10 12 0.02208976 
502 1063 8 10 0.02152108 
738 710 9 11 0.021198751 
861 871 10 11 0.020986708 
741 732 12 14 0.020941773 
154 -6 60 63 0.020930942 
801 850 15 18 0.020779744 
750 724 12 14 0.020704556 
863 708 9 11 0.020663679 
441 1049 15 18 0.020646451 
863 720 8 11 0.020617768 
416 1120 10 11 0.020432353 
449 1253 9 12 0.02033763 
530 1053 14 16 0.020104323 
901 917 10 12 0.020072933 
918 750 10 14 0.020034738 
