52_Photographers_taketouristphotos_52_3
40
268 52 94 117 0.99946994 
702 163 76 98 0.9929523 
383 344 25 34 0.31993335 
108 1067 65 60 0.2592941 
413 286 30 37 0.19960733 
589 387 374 491 0.17866862 
628 534 198 277 0.15206833 
784 156 13 17 0.14974542 
357 387 13 16 0.13082601 
184 363 23 34 0.1210417 
374 352 122 172 0.07575528 
324 514 16 21 0.07070991 
227 404 26 31 0.059275895 
325 508 26 32 0.050510064 
318 441 13 16 0.049144123 
937 569 31 37 0.047442872 
361 380 13 16 0.039040465 
282 450 27 30 0.0363889 
297 343 24 33 0.033834286 
430 274 16 19 0.033686973 
414 398 11 14 0.032616846 
325 347 15 21 0.03222444 
310 503 44 50 0.029748363 
287 443 16 19 0.028278148 
425 296 29 37 0.027169583 
366 225 24 32 0.024792971 
434 309 25 35 0.024719706 
471 395 12 16 0.024522379 
174 401 23 32 0.024500348 
310 341 25 33 0.02437374 
235 290 25 33 0.024278155 
426 280 18 23 0.023850381 
144 340 22 29 0.023796432 
845 489 33 32 0.022350391 
336 515 17 20 0.021917187 
100 1154 65 51 0.021460839 
350 385 23 28 0.020849619 
283 449 51 53 0.020544084 
351 391 13 17 0.020216612 
311 442 14 16 0.020061981 
