29_Students_Schoolkids_Students_Schoolkids_29_158
61
575 696 74 89 0.99852115 
595 396 44 52 0.9946655 
550 500 50 60 0.99425703 
74 1118 87 120 0.54218423 
507 233 14 17 0.26688287 
686 169 15 20 0.18370667 
619 319 13 15 0.13057496 
737 230 12 15 0.12268061 
-2 1284 24 52 0.09103176 
673 396 34 42 0.079905495 
911 346 43 49 0.072161645 
440 165 11 13 0.06565022 
590 243 41 54 0.062598266 
732 214 9 11 0.059912678 
686 390 31 40 0.056732524 
658 504 27 40 0.054078814 
452 217 15 17 0.045688603 
662 228 10 13 0.044786766 
751 267 13 14 0.04303635 
735 222 10 13 0.04058637 
368 219 33 34 0.040097907 
635 351 16 18 0.034190096 
614 319 23 25 0.033720903 
584 300 10 13 0.033699904 
663 404 30 35 0.03299609 
120 1096 95 137 0.032844953 
453 225 15 18 0.032646127 
684 376 27 35 0.03263137 
436 269 11 14 0.03179155 
651 369 12 16 0.03169748 
833 401 34 37 0.031462356 
775 363 36 40 0.030603364 
474 155 14 17 0.03040057 
682 364 25 32 0.029992811 
685 362 15 19 0.028785612 
530 508 28 40 0.028403647 
462 188 11 13 0.028148094 
675 373 25 32 0.028115569 
430 273 11 14 0.027436936 
718 222 9 12 0.027397249 
599 254 10 11 0.026615638 
721 252 9 12 0.026056062 
662 236 9 12 0.025899237 
160 1085 101 148 0.024690788 
456 188 9 12 0.023917252 
434 166 9 13 0.023681367 
612 330 17 18 0.023532642 
663 356 11 14 0.023233775 
677 417 13 18 0.022919975 
725 246 12 15 0.022613449 
502 223 13 16 0.022157291 
655 414 11 14 0.021972742 
504 240 13 15 0.021577448 
43 245 17 19 0.02146034 
625 345 42 49 0.021228336 
709 537 29 34 0.021223683 
681 158 26 33 0.020526178 
768 373 51 64 0.020418618 
39 241 28 34 0.020269781 
694 368 28 34 0.020196352 
369 232 43 50 0.020079775 
