29_Students_Schoolkids_Students_Schoolkids_29_525
125
608 176 181 221 0.99936825 
353 103 84 105 0.9971635 
193 35 62 71 0.9866443 
486 491 12 14 0.3037836 
155 121 12 16 0.08082048 
538 447 7 9 0.08046923 
469 478 9 12 0.064552546 
342 5 9 12 0.06302716 
506 423 8 10 0.05863053 
637 18 11 14 0.057383254 
503 462 8 10 0.057327565 
537 431 8 10 0.057071067 
495 454 8 10 0.055467725 
538 438 8 10 0.055410676 
520 433 7 9 0.054392066 
518 416 7 9 0.05219277 
514 398 8 10 0.051073965 
488 454 7 10 0.050709974 
125 104 12 17 0.050395306 
462 456 9 11 0.05025024 
527 424 8 10 0.04968539 
555 440 8 10 0.048244923 
584 13 8 11 0.04811745 
511 431 9 10 0.046632797 
520 437 7 10 0.04629746 
565 191 48 75 0.045971643 
505 469 9 11 0.04255964 
542 431 9 11 0.041266855 
464 433 7 9 0.040726673 
519 453 9 10 0.03980832 
417 326 8 10 0.039784327 
526 431 8 9 0.039285287 
342 13 9 12 0.03926496 
488 448 7 9 0.03878226 
487 412 10 12 0.038493976 
526 447 7 9 0.03807374 
502 456 8 11 0.037994813 
244 41 52 63 0.037086483 
519 423 8 9 0.036999602 
535 425 7 8 0.03596302 
505 430 9 10 0.0350013 
570 211 28 47 0.034396324 
745 449 146 159 0.03432276 
450 445 8 9 0.034280874 
286 460 47 63 0.033761337 
512 455 8 10 0.03374352 
509 470 9 11 0.033409905 
464 439 7 9 0.03307727 
520 447 8 10 0.03301171 
480 439 8 10 0.032903578 
149 116 22 29 0.032583196 
457 457 7 10 0.032515492 
538 542 7 10 0.032449532 
544 407 7 9 0.032448888 
454 440 8 10 0.032361392 
448 439 9 11 0.03232317 
504 438 8 11 0.032186106 
510 424 8 10 0.032028116 
456 391 8 10 0.030858763 
534 456 8 9 0.029737206 
503 486 9 10 0.029626193 
530 462 8 10 0.02923291 
537 416 7 7 0.029223481 
453 422 9 11 0.028902464 
472 440 7 9 0.028744888 
471 417 7 10 0.028480932 
463 416 7 10 0.028394524 
1 153 12 20 0.028216986 
511 463 9 11 0.028194647 
471 494 8 11 0.028192375 
482 135 43 54 0.028129667 
533 22 10 13 0.028020162 
544 425 7 9 0.027902147 
522 509 10 13 0.02758302 
487 431 8 10 0.027351145 
533 3 13 14 0.027209813 
491 488 10 12 0.027039899 
470 484 8 10 0.026864829 
536 408 7 9 0.026452128 
505 407 8 9 0.02639337 
446 461 8 10 0.026228735 
559 422 7 9 0.026025089 
544 454 7 9 0.025857732 
528 455 8 9 0.025753379 
518 493 8 10 0.02572687 
488 423 9 10 0.025667213 
513 415 8 10 0.025552625 
480 446 8 10 0.025371347 
518 488 8 10 0.025317209 
480 478 9 11 0.025263421 
161 113 9 12 0.02525261 
464 484 9 11 0.024913952 
527 408 8 8 0.024685875 
464 502 7 10 0.024478642 
534 463 8 9 0.024187945 
526 523 9 11 0.02376083 
505 479 10 11 0.023753842 
582 0 11 11 0.023713483 
479 500 11 12 0.023189925 
492 414 9 11 0.02309739 
513 436 8 11 0.023084123 
482 463 8 10 0.022845507 
541 472 8 10 0.022776747 
555 444 8 11 0.022758238 
525 438 7 10 0.022718392 
448 302 10 11 0.022375861 
456 462 8 10 0.022212125 
492 423 9 10 0.022003926 
552 454 8 10 0.021989593 
509 477 8 10 0.021839667 
498 460 8 11 0.021836307 
493 431 9 10 0.021709802 
486 439 8 10 0.021290816 
482 454 8 10 0.020888122 
469 472 9 12 0.020780627 
381 29 13 17 0.020697951 
464 421 7 10 0.02066397 
537 536 8 10 0.02064821 
416 342 10 12 0.020634765 
465 445 8 11 0.020372223 
528 400 8 8 0.020344477 
501 531 14 16 0.020268247 
350 15 9 12 0.02023929 
495 479 9 10 0.020157851 
168 114 32 35 0.020145526 
