29_Students_Schoolkids_Students_Schoolkids_29_312
90
504 69 81 115 0.99925715 
744 24 11 13 0.53509533 
648 203 365 491 0.5149738 
791 173 218 315 0.29100478 
718 13 10 13 0.2291564 
820 21 10 12 0.14987215 
745 7 10 12 0.12004244 
822 15 10 14 0.09568933 
767 4 9 11 0.09455361 
741 322 203 290 0.08029517 
735 8 8 11 0.07768902 
812 59 12 15 0.07198691 
723 10 13 14 0.06844892 
817 15 10 14 0.06566091 
790 0 9 9 0.06385398 
817 0 10 11 0.060565848 
789 29 11 12 0.05975614 
861 27 9 11 0.059430603 
735 22 9 13 0.057352435 
765 21 11 13 0.05728071 
732 29 11 14 0.057274546 
90 163 11 14 0.054725803 
88 152 8 10 0.052185293 
127 129 9 13 0.051146187 
872 193 156 189 0.04922082 
822 5 10 11 0.04824626 
761 60 15 18 0.047850426 
942 8 12 14 0.046929345 
185 85 10 13 0.04550794 
718 35 9 12 0.042495914 
11 124 13 16 0.04197796 
1014 8 10 16 0.041386515 
856 142 37 41 0.036377776 
833 28 9 12 0.03625131 
290 85 47 58 0.03557438 
775 38 10 12 0.035477992 
144 85 10 13 0.03511233 
839 27 10 12 0.0339668 
703 39 9 11 0.03369832 
759 0 11 11 0.03261453 
728 22 11 14 0.031202862 
830 23 10 12 0.031187166 
205 84 11 14 0.031050965 
743 12 12 15 0.030669594 
699 14 10 12 0.030447045 
740 21 18 23 0.030309854 
817 26 12 15 0.03026522 
857 23 10 13 0.029876366 
88 158 10 14 0.029595548 
848 0 12 13 0.029117722 
144 93 9 11 0.029055297 
788 24 11 12 0.02895317 
760 5 12 13 0.028317045 
332 406 118 119 0.02830202 
-19 155 168 255 0.02809581 
62 109 12 15 0.027685076 
717 401 131 158 0.027348517 
104 108 10 13 0.027061693 
986 13 11 14 0.026604485 
672 40 9 12 0.026423216 
767 12 11 15 0.02639482 
785 0 10 10 0.026336882 
901 14 9 11 0.026032886 
761 27 10 14 0.025841286 
744 1 10 10 0.025791012 
845 22 11 13 0.025573477 
829 7 11 13 0.024766998 
101 10 43 58 0.023647208 
688 14 8 11 0.023442054 
872 20 11 15 0.023308791 
781 414 117 149 0.023060812 
197 84 14 16 0.023055581 
657 118 252 376 0.022692582 
687 8 10 12 0.022230221 
717 6 21 23 0.021923833 
731 16 19 24 0.021515219 
792 11 10 13 0.021504778 
250 68 54 66 0.021442773 
819 60 13 16 0.021137934 
110 104 9 12 0.021103656 
125 86 8 11 0.020843197 
722 421 27 33 0.020758394 
110 187 15 18 0.02066336 
106 21 387 434 0.020644339 
772 1 11 9 0.020615257 
79 92 11 13 0.020569282 
688 38 9 11 0.02013643 
105 103 9 11 0.020125544 
595 126 15 19 0.02012024 
837 6 11 13 0.020035725 
