29_Students_Schoolkids_Students_Schoolkids_29_42
37
249 233 186 238 0.9998363 
185 163 26 36 0.9989096 
560 264 24 28 0.9865876 
518 271 15 22 0.92804337 
448 198 18 31 0.56814635 
486 237 22 27 0.32723543 
556 302 17 20 0.13324866 
435 196 23 29 0.09693179 
665 0 53 43 0.09429599 
500 264 14 19 0.09161666 
828 -13 130 157 0.06940007 
808 477 87 134 0.064773835 
22 447 384 465 0.057691947 
520 679 60 50 0.054419152 
474 239 22 29 0.050541263 
800 422 177 214 0.043410063 
616 31 417 461 0.042059135 
490 228 18 24 0.04182763 
594 294 16 21 0.041754577 
122 381 42 39 0.040604766 
599 284 24 31 0.040446877 
510 268 16 21 0.03981009 
491 252 23 30 0.03966161 
227 185 39 47 0.036158003 
428 197 17 22 0.035458244 
914 581 19 24 0.033780966 
530 190 386 496 0.032185216 
606 268 13 17 0.026248805 
138 346 53 56 0.02612566 
110 386 68 56 0.02564352 
778 17 183 229 0.023639947 
147 333 35 47 0.023409145 
638 -3 64 60 0.022795837 
59 395 13 16 0.02101514 
866 9 75 96 0.020952499 
548 333 11 16 0.020696469 
650 2 39 24 0.020423172 
