29_Students_Schoolkids_Students_Schoolkids_29_130
70
108 264 49 58 0.99557364 
534 246 27 38 0.982811 
377 166 42 51 0.9806984 
240 243 28 32 0.9716974 
606 426 53 63 0.9187769 
13 236 13 17 0.72151524 
378 242 19 22 0.70809144 
680 504 34 52 0.62398833 
323 205 13 19 0.24931192 
476 206 17 22 0.19259389 
154 252 26 31 0.09250732 
252 291 27 29 0.089846306 
307 242 16 20 0.08354557 
311 211 15 17 0.0693566 
475 197 13 18 0.06294267 
43 243 14 20 0.057607975 
900 482 33 46 0.05667728 
7 241 12 17 0.056069057 
254 243 26 31 0.053340238 
383 236 21 24 0.051281642 
170 518 13 15 0.046997815 
50 233 14 16 0.041616295 
664 512 34 48 0.039435424 
549 407 48 61 0.039003424 
266 294 17 22 0.03841587 
303 246 23 28 0.036990043 
509 189 23 32 0.036458872 
241 278 42 50 0.03526986 
0 260 25 54 0.035192866 
505 484 17 20 0.034373492 
53 254 29 38 0.034316618 
340 555 19 24 0.033565428 
313 231 21 28 0.03340965 
410 503 33 41 0.03236972 
702 490 32 46 0.032256167 
4 250 13 19 0.030181477 
467 195 23 31 0.030177848 
317 225 15 21 0.029571073 
324 233 13 20 0.028937224 
270 286 21 33 0.02882925 
660 663 137 112 0.028477836 
460 204 37 50 0.0281998 
301 236 15 20 0.02816294 
265 248 16 21 0.027889105 
584 402 57 65 0.027620332 
331 211 12 17 0.02723326 
329 247 19 28 0.025888225 
325 241 13 21 0.02518632 
442 514 23 33 0.024852403 
325 547 15 18 0.024718616 
678 558 61 71 0.024398766 
334 236 21 31 0.024349695 
47 243 24 34 0.02404281 
318 250 22 30 0.02386084 
618 444 56 83 0.023276439 
675 147 16 21 0.02327607 
461 396 27 35 0.023178833 
351 220 13 17 0.022870203 
1 251 21 36 0.02248371 
341 343 24 31 0.022333844 
669 556 101 111 0.022305898 
14 270 42 68 0.02216825 
0 326 19 37 0.022034883 
274 178 400 492 0.02138862 
624 416 37 50 0.020781979 
240 255 43 47 0.020748967 
308 214 22 27 0.020692622 
340 510 17 20 0.020547131 
367 231 23 30 0.020402478 
223 278 30 39 0.020207379 
