29_Students_Schoolkids_Students_Schoolkids_29_489
39
444 233 115 138 0.99993956 
819 56 58 73 0.99915826 
516 6 47 62 0.997233 
623 136 82 107 0.9962263 
585 0 29 41 0.9639225 
105 21 51 60 0.9577434 
285 14 36 51 0.93431544 
17 182 54 90 0.9179289 
402 61 35 51 0.8808788 
314 9 28 43 0.8167435 
4 169 41 81 0.7008586 
959 41 32 47 0.41905653 
881 0 42 29 0.24603607 
-3 171 28 67 0.090189606 
738 123 42 63 0.0681459 
764 91 12 15 0.06139579 
153 24 190 235 0.052318923 
385 53 40 58 0.046589416 
953 59 47 62 0.04457317 
1 66 26 43 0.04201935 
745 117 10 14 0.04122523 
59 186 61 88 0.040576015 
206 148 62 78 0.03705588 
374 61 27 39 0.03582254 
30 59 24 35 0.02926474 
186 114 101 128 0.028964357 
914 25 43 51 0.028801747 
758 98 15 20 0.027797144 
75 106 46 59 0.024665905 
273 10 33 46 0.023982055 
922 87 48 68 0.023537688 
425 52 40 59 0.022862371 
59 186 104 131 0.02276422 
110 128 64 87 0.022153337 
965 100 54 78 0.022117116 
936 50 80 104 0.021389483 
257 10 26 36 0.02084169 
158 259 55 80 0.020443121 
6 159 28 50 0.020060217 
