29_Students_Schoolkids_Students_Schoolkids_29_10
105
657 366 26 32 0.9984382 
576 337 22 28 0.9957373 
458 295 17 20 0.98451924 
524 377 23 28 0.9832608 
525 317 17 22 0.98102355 
557 280 14 18 0.97627777 
481 368 21 27 0.9614566 
422 353 26 33 0.95669085 
465 330 18 24 0.9231758 
523 275 12 15 0.9180285 
483 304 14 17 0.7012265 
612 323 17 21 0.45646828 
629 352 21 23 0.4088636 
595 290 14 17 0.35175154 
510 287 11 14 0.25739998 
527 295 12 14 0.25031993 
584 413 19 19 0.13632184 
431 338 13 16 0.12428177 
439 300 12 16 0.12103511 
498 321 14 19 0.11575436 
501 300 13 17 0.106652245 
482 276 10 12 0.10348068 
641 353 16 19 0.0770887 
516 227 11 14 0.073529124 
503 291 12 16 0.07342027 
618 317 14 18 0.07188365 
462 243 11 14 0.06698595 
493 300 13 17 0.064102955 
508 298 14 19 0.06365199 
599 262 10 12 0.06279715 
485 270 11 14 0.061674017 
525 361 17 21 0.06145398 
542 198 16 22 0.06085288 
493 271 10 13 0.060005765 
517 282 13 15 0.05635044 
508 259 11 14 0.054317515 
504 250 11 14 0.05373664 
605 316 15 19 0.046286743 
550 373 12 16 0.046195906 
566 334 23 29 0.04325878 
593 253 10 12 0.04201299 
464 291 16 21 0.04195752 
495 293 11 15 0.040730447 
456 276 10 13 0.040254705 
531 274 11 16 0.038742192 
545 300 12 15 0.038021002 
557 342 15 21 0.035541747 
452 229 12 15 0.03539669 
642 363 23 31 0.035099953 
601 266 10 13 0.034739744 
507 322 13 17 0.0344978 
124 190 17 22 0.032975867 
492 248 13 16 0.031223305 
426 339 22 28 0.031202154 
471 278 10 11 0.029998403 
551 289 12 18 0.0298486 
642 397 14 18 0.029736904 
541 401 16 22 0.029124744 
488 247 11 13 0.028241184 
446 199 9 10 0.028000413 
611 332 16 22 0.027965512 
442 304 13 16 0.027899686 
443 295 19 25 0.027436452 
583 130 16 20 0.026901366 
496 286 10 14 0.02677819 
574 203 45 57 0.026728831 
637 566 11 15 0.026292691 
486 264 10 12 0.025912814 
575 80 437 566 0.025496121 
523 297 19 22 0.024884209 
472 270 10 12 0.02480374 
606 263 10 12 0.024707602 
613 278 10 13 0.024650108 
463 173 10 12 0.024633931 
529 310 15 19 0.024615249 
567 434 13 17 0.024189606 
540 275 13 16 0.024090244 
485 293 13 16 0.023565399 
502 269 11 14 0.02325722 
-7 7 361 486 0.023236128 
421 339 14 16 0.023163158 
427 482 16 20 0.02314939 
633 369 17 20 0.023117663 
608 278 10 13 0.023097815 
549 321 14 19 0.02301018 
484 285 12 15 0.02299164 
516 292 12 15 0.022985378 
493 262 10 12 0.022898959 
833 38 8 11 0.022716487 
615 262 11 13 0.022406427 
624 353 16 20 0.02214804 
605 285 10 13 0.022008086 
512 277 12 16 0.0219822 
420 369 26 34 0.021890434 
593 260 10 12 0.02168652 
449 278 8 11 0.021563953 
446 286 10 13 0.021486772 
604 308 15 18 0.021401985 
163 179 25 27 0.021394424 
459 270 11 13 0.021265645 
508 247 10 12 0.021123357 
441 462 17 17 0.020444637 
625 348 12 16 0.020433871 
467 239 10 13 0.020423617 
508 312 15 19 0.020098055 
