29_Students_Schoolkids_Students_Schoolkids_29_524
75
187 153 46 59 0.99445987 
429 65 40 47 0.99350005 
206 30 41 53 0.9925458 
567 315 38 35 0.9774316 
616 357 40 45 0.869426 
414 315 45 39 0.6560451 
123 235 49 38 0.5816145 
598 603 13 18 0.21930467 
167 457 51 61 0.21663997 
674 540 51 62 0.19914836 
794 167 13 17 0.18121967 
633 230 23 28 0.16580299 
352 371 55 65 0.1606127 
542 528 11 13 0.1473737 
563 296 34 43 0.1336121 
520 594 20 28 0.118128225 
129 382 55 46 0.09467946 
122 222 30 39 0.09453083 
323 510 38 53 0.094465345 
801 194 17 19 0.08661417 
892 603 80 68 0.082826875 
662 244 13 17 0.073969126 
560 325 31 35 0.07274062 
103 171 24 26 0.06743246 
276 155 11 18 0.0658946 
651 366 32 46 0.06478748 
504 493 13 16 0.064576104 
908 109 57 66 0.05895855 
649 259 15 18 0.051796712 
697 552 54 56 0.050134327 
196 452 53 63 0.045634825 
931 220 18 18 0.04416942 
860 581 120 114 0.040607803 
123 226 17 24 0.040587425 
516 536 14 19 0.03995308 
730 209 18 21 0.039297372 
719 573 112 118 0.038737565 
502 499 13 15 0.03702509 
727 535 56 68 0.03672911 
227 414 48 58 0.035368796 
109 386 53 48 0.03284215 
216 435 49 66 0.032204725 
524 581 13 17 0.031987473 
924 590 63 61 0.031440705 
501 507 11 13 0.031004054 
897 92 90 107 0.030461978 
626 522 17 18 0.03022247 
102 277 369 408 0.03013584 
142 457 93 89 0.030102512 
593 309 27 39 0.029693305 
754 535 259 197 0.029469026 
567 522 11 14 0.026447242 
563 305 20 25 0.026413634 
653 253 14 18 0.026116706 
723 237 26 28 0.0246821 
803 124 11 15 0.02467086 
303 153 26 37 0.024598839 
257 407 47 58 0.024344806 
538 530 11 14 0.024074838 
119 212 27 34 0.023638232 
874 96 9 12 0.023242552 
174 31 10 12 0.02318382 
329 368 53 70 0.023042956 
887 116 53 67 0.022364723 
725 202 17 20 0.021999381 
704 116 10 11 0.021604476 
602 599 14 18 0.021070221 
751 532 36 43 0.020827757 
987 92 11 14 0.020758806 
548 532 10 12 0.020708444 
554 335 28 32 0.020658696 
517 542 15 21 0.02061387 
641 257 44 49 0.020512175 
427 470 13 16 0.02047929 
611 230 27 34 0.020220215 
