29_Students_Schoolkids_Students_Schoolkids_29_311
102
234 378 17 22 0.9765772 
298 378 14 18 0.9651257 
446 394 15 19 0.9312558 
120 369 11 14 0.8825231 
48 374 13 16 0.8559265 
203 389 13 17 0.7547356 
0 364 8 13 0.46045688 
204 383 13 15 0.3697188 
417 435 21 26 0.36295027 
261 423 17 19 0.35555702 
446 370 13 17 0.2941814 
686 416 25 31 0.16650386 
99 358 12 15 0.12124273 
176 416 10 12 0.10444674 
17 431 9 11 0.09737585 
833 387 14 18 0.090959705 
830 426 11 13 0.08375718 
73 389 9 11 0.079951115 
179 419 12 15 0.07541804 
141 403 9 13 0.06727076 
504 246 476 552 0.057435133 
19 435 11 14 0.057242963 
33 374 9 12 0.05158142 
680 417 39 51 0.05106516 
16 423 8 11 0.049167912 
135 355 10 13 0.04677525 
9 374 9 12 0.046737913 
33 379 10 13 0.044378288 
93 389 9 11 0.042621758 
95 406 8 11 0.042498227 
725 453 10 14 0.041467845 
826 390 23 28 0.03922704 
94 382 10 12 0.03914001 
162 375 9 10 0.03885031 
722 433 14 20 0.038533848 
413 448 14 20 0.03765825 
425 150 10 11 0.03758812 
761 72 7 9 0.037314888 
688 441 27 35 0.03693417 
427 439 20 26 0.03688236 
31 368 8 10 0.036487646 
1014 117 7 11 0.036364697 
730 70 9 11 0.03619726 
23 415 10 13 0.035523023 
236 409 12 14 0.03518825 
734 434 13 20 0.033704173 
767 72 9 10 0.033373214 
162 367 9 11 0.03309226 
739 442 13 17 0.032837227 
161 379 9 11 0.032683376 
43 492 11 15 0.031631682 
367 118 10 12 0.03159337 
692 460 17 23 0.030955512 
142 355 10 12 0.030539816 
94 399 8 10 0.03042614 
15 411 10 15 0.030416058 
442 436 20 30 0.029811325 
86 352 10 12 0.029713398 
15 405 9 13 0.028933091 
173 396 9 11 0.028783722 
77 384 8 11 0.028775109 
100 374 12 13 0.028368227 
230 400 15 19 0.027591273 
471 436 9 14 0.026158422 
506 127 8 11 0.02611474 
0 381 7 13 0.026040958 
444 372 20 26 0.025766948 
305 380 13 15 0.025344994 
126 351 9 11 0.025248867 
260 413 18 20 0.025051199 
20 443 11 13 0.024922645 
70 358 9 11 0.024746064 
698 422 29 32 0.024482306 
765 461 13 15 0.024284177 
671 445 9 14 0.02417517 
196 402 13 17 0.023876196 
733 412 10 14 0.023762986 
436 447 15 19 0.023404617 
505 134 8 10 0.023155304 
697 418 17 21 0.022657175 
182 427 13 16 0.022605967 
166 415 10 12 0.022547783 
530 91 10 13 0.02251914 
94 354 20 23 0.022375215 
255 396 12 16 0.02223192 
400 490 13 19 0.021775534 
286 415 12 16 0.021690648 
705 15 8 10 0.021372763 
309 414 11 12 0.021365851 
0 432 7 11 0.02132176 
210 380 11 15 0.021238696 
453 434 22 32 0.02123219 
118 351 10 12 0.02104999 
5 366 10 12 0.02084452 
407 456 14 18 0.02081865 
304 37 8 10 0.020789806 
535 92 10 13 0.02076697 
411 489 18 22 0.020592917 
746 93 9 12 0.020553622 
312 5 9 10 0.02022877 
188 407 14 16 0.020152492 
47 369 11 15 0.02011367 
