29_Students_Schoolkids_Students_Schoolkids_29_632
42
90 292 53 68 0.9989518 
354 305 59 81 0.99874675 
532 290 72 93 0.99800986 
796 260 79 109 0.9977259 
274 351 52 77 0.99031574 
392 250 41 47 0.7958921 
376 155 10 13 0.12730813 
24 135 26 32 0.10815869 
86 123 24 31 0.086345516 
91 124 15 18 0.06143816 
359 254 29 40 0.058180034 
194 164 13 17 0.056323618 
962 24 14 19 0.055231 
412 135 15 23 0.042957384 
196 161 9 12 0.040224023 
19 113 47 57 0.039495777 
91 149 13 16 0.039171632 
1001 5 22 33 0.037139226 
48 280 40 52 0.03706294 
716 126 12 16 0.036748447 
44 168 23 31 0.03654789 
26 152 27 31 0.03050394 
372 233 49 57 0.02978899 
545 245 57 67 0.029343186 
379 150 11 15 0.029004693 
308 149 16 17 0.028787 
673 133 23 29 0.028583236 
722 131 19 22 0.028207283 
100 523 132 123 0.027851226 
37 107 47 57 0.026083302 
667 119 24 32 0.02491333 
64 80 9 12 0.023112793 
28 163 16 19 0.022727286 
14 138 26 32 0.022549102 
-1 104 84 103 0.022170065 
207 330 27 36 0.02112842 
414 142 25 37 0.020729765 
624 192 24 34 0.020713408 
61 146 15 18 0.020643977 
199 207 11 12 0.02057188 
309 150 23 26 0.02052336 
347 246 29 42 0.02021725 
