29_Students_Schoolkids_Students_Schoolkids_29_66
86
648 127 33 43 0.9943474 
399 106 34 43 0.9942128 
450 169 32 43 0.99308044 
324 195 26 49 0.9884416 
191 91 28 40 0.97905356 
15 142 24 40 0.9426742 
320 109 37 45 0.93459743 
816 181 21 33 0.8843565 
474 127 25 41 0.8750095 
919 174 21 35 0.8537078 
169 141 27 50 0.7891417 
284 120 21 35 0.58255565 
704 201 23 42 0.57559824 
780 144 22 32 0.55196464 
0 164 21 44 0.547921 
864 145 22 28 0.5030233 
502 127 27 41 0.47066623 
113 125 23 46 0.4106237 
307 116 36 42 0.37575868 
650 230 19 21 0.28018782 
4 153 27 47 0.23960452 
633 233 16 21 0.15529114 
771 179 18 21 0.13772619 
534 78 21 38 0.10824986 
582 121 15 22 0.10771517 
849 179 22 31 0.106728725 
288 115 37 47 0.0845186 
448 474 10 13 0.07727322 
909 166 23 40 0.07608121 
25 272 16 18 0.07306124 
963 169 24 41 0.06912261 
977 146 28 34 0.0689155 
693 198 26 39 0.06692604 
300 208 33 36 0.06664809 
171 125 38 55 0.066643216 
0 164 11 18 0.059880327 
717 203 24 40 0.05987619 
84 211 60 66 0.054692365 
859 160 23 30 0.051511247 
873 157 16 22 0.050974187 
250 279 27 36 0.046059936 
101 127 26 37 0.044493966 
453 460 10 12 0.044163518 
911 209 14 18 0.041397717 
884 197 13 17 0.0409446 
586 126 16 22 0.036633674 
423 472 14 18 0.035096172 
988 148 30 37 0.034058925 
812 135 17 25 0.033573754 
420 464 23 30 0.033510752 
852 192 24 32 0.03350814 
969 155 34 42 0.033251047 
684 209 29 35 0.032838047 
764 182 17 22 0.032589924 
641 228 23 30 0.031670805 
1001 153 25 41 0.031198885 
857 218 17 19 0.029577382 
101 63 23 32 0.028852956 
597 459 12 16 0.027867137 
486 481 11 16 0.027641213 
774 158 24 31 0.02755269 
123 137 27 44 0.027439013 
660 198 26 37 0.02711041 
807 170 26 34 0.02705704 
663 290 28 30 0.02661583 
450 511 16 18 0.026160259 
910 188 25 33 0.025501989 
13 154 16 26 0.025240947 
187 139 40 53 0.025149167 
204 99 32 34 0.024762146 
242 124 16 19 0.024693325 
630 476 8 11 0.024348345 
513 137 18 27 0.02402754 
493 475 16 19 0.024012942 
904 210 24 28 0.023659613 
36 149 28 34 0.023211272 
926 173 27 34 0.02274223 
728 205 22 35 0.022368968 
862 186 24 32 0.02217948 
651 232 27 36 0.022077944 
525 85 24 38 0.021720594 
639 130 27 38 0.020507215 
629 233 27 34 0.02040494 
619 227 26 31 0.020397317 
575 96 24 38 0.020135012 
597 445 10 12 0.020082073 
