29_Students_Schoolkids_Students_Schoolkids_29_250
28
662 55 106 150 0.99966 
133 188 16 21 0.83855623 
74 166 21 29 0.83481795 
166 169 16 22 0.5269556 
30 196 14 19 0.2447637 
845 211 13 17 0.08752011 
171 169 22 26 0.08676238 
144 630 11 14 0.086305425 
206 197 14 19 0.07615147 
262 471 13 16 0.06275131 
245 468 10 12 0.048065245 
178 163 15 19 0.04654103 
237 491 29 36 0.045186225 
114 210 15 20 0.038897686 
774 165 54 69 0.035689823 
91 146 15 19 0.03561466 
-1 105 23 37 0.035306394 
142 163 13 19 0.033816915 
852 220 13 17 0.031082375 
125 154 20 25 0.028646408 
264 476 16 16 0.02678488 
243 465 9 11 0.026426993 
80 155 23 29 0.024580602 
118 280 15 18 0.023515234 
860 223 14 17 0.021940138 
162 238 16 22 0.021860937 
211 187 16 26 0.020872457 
842 201 20 29 0.020594483 
