29_Students_Schoolkids_Students_Schoolkids_29_221
92
260 227 30 39 0.9968953 
232 222 35 55 0.9621997 
523 192 14 21 0.957196 
382 219 22 44 0.9021226 
733 190 10 12 0.6549538 
292 237 15 23 0.6417175 
444 270 24 46 0.5869683 
757 216 10 12 0.35786575 
716 195 9 13 0.33123642 
282 232 22 33 0.29066128 
568 197 8 9 0.28042156 
189 238 38 48 0.20934099 
810 215 7 9 0.17736867 
560 205 8 10 0.15821946 
164 241 14 19 0.15178807 
784 184 7 9 0.12886778 
768 193 7 8 0.12342941 
50 298 14 18 0.11747138 
530 193 13 18 0.10911632 
785 206 8 10 0.105649196 
561 201 7 9 0.10230304 
785 190 7 9 0.101309404 
493 199 9 12 0.09160981 
314 262 15 20 0.0870144 
302 253 26 32 0.085708946 
496 204 8 11 0.08479859 
20 302 62 58 0.07896553 
792 220 8 11 0.07486045 
39 294 24 27 0.06972784 
166 385 431 411 0.06549353 
761 192 6 9 0.061422113 
205 232 41 55 0.059101894 
294 244 24 35 0.057977162 
539 197 9 11 0.050923247 
741 215 8 11 0.049381495 
798 216 8 10 0.048677575 
76 274 15 18 0.04432248 
736 214 8 11 0.042970505 
801 232 8 11 0.04210261 
71 317 29 36 0.04128969 
71 277 13 16 0.037913863 
753 192 8 9 0.037531443 
20 283 14 17 0.03725296 
84 271 17 20 0.037141237 
465 357 44 51 0.037067726 
785 199 8 10 0.03673329 
774 223 8 9 0.036443163 
500 205 10 14 0.03544997 
359 235 26 34 0.03519062 
742 221 7 11 0.03347674 
426 281 38 46 0.032992147 
392 354 11 14 0.031005817 
549 248 8 11 0.029892921 
785 212 9 12 0.029599532 
492 188 12 15 0.02887541 
0 285 11 16 0.028143067 
736 220 9 12 0.027638214 
553 199 8 10 0.026983194 
761 196 7 9 0.026978279 
522 314 23 39 0.026684253 
520 185 10 12 0.026476055 
1 289 15 19 0.026162906 
23 292 13 17 0.026130583 
61 317 11 16 0.026111336 
74 329 17 20 0.025824014 
185 471 63 56 0.025295135 
728 208 10 11 0.025152124 
513 195 13 17 0.02506692 
158 243 23 30 0.025060844 
759 209 9 11 0.024933707 
127 293 11 16 0.024273816 
801 160 8 10 0.024082638 
150 239 36 51 0.023781523 
368 226 33 48 0.02372142 
775 192 8 9 0.023393877 
541 205 9 12 0.022796204 
783 231 9 11 0.022709923 
38 309 33 37 0.022347407 
789 198 8 10 0.022144796 
712 252 10 13 0.021801582 
710 228 9 11 0.021761674 
640 16 423 467 0.021474114 
564 258 11 14 0.021351682 
28 294 17 18 0.020977838 
109 305 14 19 0.020896498 
57 297 13 18 0.020885551 
309 513 46 57 0.020871725 
778 183 8 10 0.020839907 
35 304 19 20 0.020817053 
710 223 9 11 0.020672567 
785 221 9 10 0.020498335 
346 230 25 39 0.020048702 
