40_Gymnastics_Gymnastics_40_566
51
466 157 58 82 0.9991454 
30 142 54 68 0.35542127 
698 203 17 20 0.32347482 
225 247 17 21 0.24190256 
481 609 25 31 0.19554731 
75 242 24 30 0.15212491 
102 299 21 28 0.13073133 
742 131 22 31 0.119593315 
154 129 19 22 0.10985774 
220 140 16 21 0.097320594 
797 285 25 32 0.07316508 
199 193 27 35 0.06980521 
594 617 18 21 0.059017956 
268 282 16 19 0.053616382 
142 235 26 34 0.047346275 
454 195 10 14 0.045050733 
190 207 115 141 0.04486481 
122 196 24 29 0.044638105 
269 242 15 17 0.04365326 
44 181 41 47 0.042639468 
589 612 39 48 0.04249837 
779 214 32 41 0.04134794 
261 147 20 25 0.041169297 
179 80 23 30 0.03807428 
246 269 15 18 0.036611844 
33 361 17 23 0.035199817 
498 37 17 24 0.033665046 
597 279 27 30 0.033202216 
32 129 38 53 0.031794354 
249 85 17 23 0.030142022 
23 22 25 31 0.029868139 
594 41 15 19 0.029827079 
729 124 45 62 0.029164491 
139 124 53 65 0.028967047 
42 313 22 27 0.02884 
269 182 22 30 0.028632207 
41 418 24 32 0.027337657 
332 216 17 22 0.027310234 
147 128 31 38 0.026681809 
731 171 43 53 0.026145283 
128 101 85 106 0.025700545 
218 234 27 33 0.025668725 
6 251 27 36 0.024975954 
697 628 21 28 0.024949452 
697 41 28 35 0.024555327 
810 595 17 21 0.024070513 
286 252 14 18 0.023847457 
659 149 21 29 0.02277852 
666 82 17 23 0.021507915 
74 338 17 22 0.020777903 
202 277 29 36 0.020161677 
