40_Gymnastics_Gymnastics_40_285
20
773 415 91 62 0.47133926 
868 40 13 16 0.2599641 
787 421 51 38 0.07882863 
0 92 32 64 0.0667834 
772 427 49 43 0.05326629 
686 371 240 177 0.03352179 
477 450 69 54 0.032474514 
887 167 11 14 0.030544143 
802 412 53 40 0.03015695 
859 29 10 13 0.028961038 
248 139 11 16 0.026255094 
236 568 60 69 0.026129657 
911 238 120 113 0.025868027 
459 436 105 92 0.025163017 
280 41 11 16 0.024971012 
841 266 134 149 0.024396926 
273 76 10 15 0.024165496 
735 427 86 63 0.022682052 
771 427 129 82 0.020769775 
940 266 70 62 0.020036556 
