40_Gymnastics_Gymnastics_40_783
37
448 370 92 91 0.9437939 
384 559 25 31 0.2550436 
708 566 25 31 0.2345142 
234 574 18 22 0.20721951 
897 526 19 23 0.16406293 
344 444 25 35 0.0682968 
352 132 52 59 0.066664994 
806 578 31 40 0.06493588 
75 525 18 23 0.06168764 
290 618 41 53 0.059369635 
754 527 19 24 0.055360865 
490 89 16 20 0.053990982 
988 569 25 32 0.05287975 
711 523 26 33 0.046248395 
308 505 31 39 0.043503944 
345 437 47 50 0.040565543 
973 494 34 37 0.04055492 
986 489 34 39 0.03509218 
437 96 15 19 0.032555286 
579 417 450 465 0.03231988 
257 499 27 32 0.03131604 
664 505 26 33 0.027489081 
872 66 133 120 0.026224378 
179 416 26 31 0.024829803 
273 368 17 22 0.024576584 
141 575 18 23 0.02394612 
343 454 15 21 0.023606459 
152 530 25 30 0.023167182 
652 644 17 22 0.0225806 
227 560 28 35 0.022365695 
745 624 25 30 0.021663409 
906 87 77 69 0.021405714 
143 486 37 41 0.021377925 
303 611 29 38 0.021139456 
717 417 26 33 0.020764528 
77 220 29 35 0.020500341 
145 188 17 23 0.020189112 
