40_Gymnastics_Gymnastics_40_609
20
479 361 119 144 0.9849391 
485 125 50 65 0.120972015 
837 63 51 66 0.09693363 
553 6 43 53 0.051837333 
389 102 43 60 0.04630706 
884 331 36 43 0.0354337 
160 363 87 119 0.034394674 
872 92 36 46 0.033599235 
364 97 42 60 0.027890274 
571 88 45 53 0.027471874 
373 165 35 42 0.025991362 
495 100 49 66 0.025124604 
176 63 45 59 0.024849953 
585 117 35 43 0.02480966 
240 232 32 42 0.023935705 
248 352 40 51 0.023365041 
467 112 81 110 0.02305407 
733 129 28 38 0.021868423 
489 333 84 110 0.02145352 
834 90 40 49 0.020061674 
