40_Gymnastics_Gymnastics_40_175
23
565 204 58 72 0.97137386 
202 75 69 67 0.82787377 
115 232 43 56 0.78682417 
565 344 41 46 0.75471246 
439 325 46 79 0.38437083 
652 361 45 68 0.10713713 
131 256 32 43 0.08410898 
606 196 54 68 0.075366125 
135 233 30 41 0.065633856 
652 174 44 56 0.053442888 
185 241 30 45 0.048941407 
90 223 84 97 0.04622338 
445 319 30 50 0.035560764 
637 186 45 61 0.03233936 
147 223 37 43 0.027950365 
142 247 30 41 0.026923517 
345 593 46 43 0.026638877 
234 71 58 65 0.02652433 
359 218 198 221 0.024698498 
649 354 30 54 0.024638338 
448 345 57 76 0.02249825 
750 237 35 37 0.02162993 
160 241 45 50 0.020878756 
