40_Gymnastics_Gymnastics_40_727
88
666 173 19 23 0.9663462 
82 476 30 36 0.95834947 
218 538 33 42 0.8625011 
697 560 34 36 0.83985275 
859 435 22 28 0.54788774 
323 124 13 16 0.5003927 
590 72 17 21 0.44143093 
730 346 16 23 0.24448046 
876 434 15 23 0.21618837 
535 222 12 16 0.20726591 
416 125 12 14 0.15564398 
502 207 11 15 0.15124224 
703 518 10 13 0.09694226 
844 18 50 72 0.08877355 
96 470 30 38 0.08418224 
362 187 16 21 0.08078818 
448 76 11 15 0.07002268 
362 100 14 18 0.067520715 
734 141 14 17 0.06449295 
631 108 14 16 0.06396735 
216 525 27 36 0.063268326 
660 548 21 30 0.062870525 
860 418 13 15 0.055403907 
356 92 13 15 0.054295402 
420 120 11 14 0.053992014 
394 152 9 11 0.050029423 
318 126 22 29 0.046209533 
735 352 16 20 0.041856967 
577 94 26 32 0.038024966 
409 126 10 12 0.037954133 
851 426 26 29 0.037608378 
412 119 20 25 0.03641965 
505 199 10 12 0.036043268 
500 217 12 17 0.03555889 
362 94 13 15 0.035167716 
592 81 25 30 0.03462179 
498 210 12 15 0.033209916 
797 413 14 16 0.032595593 
672 198 26 28 0.03229897 
509 197 9 10 0.03226713 
320 120 12 15 0.031407703 
9 28 41 56 0.031061074 
884 430 11 16 0.030538948 
540 215 10 13 0.029344715 
862 40 32 38 0.029255 
339 27 12 16 0.029218437 
586 125 24 29 0.028840076 
398 114 12 15 0.02858076 
799 405 13 14 0.027832383 
658 525 17 17 0.027247058 
853 418 15 17 0.026868226 
526 216 10 11 0.0267643 
399 123 12 13 0.026599305 
348 99 16 19 0.026498543 
336 166 25 28 0.026347278 
352 74 11 15 0.026240602 
662 540 15 19 0.026240474 
471 191 11 14 0.02611906 
845 418 13 17 0.025738573 
707 517 12 14 0.02513757 
658 534 27 33 0.025072228 
583 67 15 24 0.02485876 
640 513 35 33 0.024809856 
461 75 13 15 0.024094433 
430 195 9 12 0.024044223 
683 194 15 20 0.023665713 
352 99 22 27 0.023324097 
447 82 12 16 0.023113351 
319 137 45 52 0.02311071 
228 523 29 36 0.023063233 
78 469 13 19 0.02249051 
77 472 19 27 0.022253813 
699 542 29 33 0.022058725 
399 89 11 15 0.022055525 
600 89 23 31 0.021866297 
866 418 13 16 0.021843858 
722 126 12 14 0.021628253 
353 176 23 30 0.021337688 
667 531 16 19 0.021198342 
333 130 12 16 0.021050205 
254 617 36 37 0.020985063 
345 169 15 17 0.020876272 
340 133 11 14 0.02085184 
734 334 12 17 0.020720579 
529 221 13 15 0.02069889 
324 585 31 32 0.020618761 
57 142 28 34 0.020126007 
430 116 10 14 0.020070832 
