40_Gymnastics_Gymnastics_40_401
40
418 429 148 181 0.99922097 
700 128 15 16 0.36052477 
528 1441 86 144 0.16920304 
-7 1156 445 585 0.13283229 
145 886 84 118 0.1040827 
818 1512 57 80 0.094485104 
965 1529 50 73 0.08737352 
764 1490 48 66 0.08189351 
565 1466 61 100 0.07096232 
634 488 379 494 0.059459865 
33 886 524 428 0.057487514 
-82 983 438 455 0.052940495 
399 885 32 54 0.050864454 
677 1279 390 513 0.050599866 
268 715 99 123 0.049477022 
894 637 58 61 0.040047925 
383 1107 429 453 0.03892462 
232 274 45 53 0.038886633 
841 692 56 67 0.037424676 
263 1239 384 508 0.03588434 
835 1221 137 131 0.031846404 
773 1484 84 105 0.031103112 
222 660 93 124 0.029866742 
684 131 209 275 0.029183181 
278 796 195 259 0.027666554 
334 835 109 136 0.0264231 
192 662 376 484 0.025613962 
452 1358 170 259 0.02511442 
301 793 119 138 0.02480824 
44 1382 15 19 0.02443285 
54 658 223 308 0.023471978 
872 1230 73 78 0.022861904 
302 714 58 78 0.022693463 
833 1541 57 72 0.022491634 
760 1425 217 238 0.02207938 
806 1155 209 221 0.021925285 
865 634 120 123 0.021679016 
690 140 16 17 0.020608122 
-2 602 332 519 0.02055343 
769 583 200 270 0.020239744 
