40_Gymnastics_Gymnastics_40_47
75
594 67 65 96 0.99733776 
442 77 22 30 0.9192123 
333 40 25 34 0.80771035 
989 5 26 30 0.45938444 
4 133 22 28 0.43905064 
875 15 46 58 0.40922764 
84 44 16 26 0.24649431 
814 497 29 40 0.23362982 
156 236 22 29 0.20585199 
792 130 23 29 0.19031173 
100 112 27 34 0.1847777 
733 45 22 30 0.18438093 
42 134 19 25 0.17505564 
318 102 26 32 0.16159841 
358 110 34 41 0.13383254 
989 474 29 57 0.11912878 
780 36 26 31 0.07749246 
419 173 24 39 0.049165204 
368 100 29 33 0.048567716 
770 51 15 20 0.047419198 
549 78 16 21 0.04289504 
112 -55 386 482 0.04236163 
150 177 16 20 0.041703086 
88 104 32 37 0.039994065 
563 59 47 66 0.039536897 
693 163 44 59 0.03871305 
498 44 24 28 0.03814864 
895 37 36 43 0.037337445 
563 460 47 62 0.03729342 
164 119 39 46 0.037214015 
130 172 16 21 0.036819827 
499 407 117 154 0.036498126 
64 100 46 53 0.035673287 
594 26 30 35 0.034248315 
87 134 45 53 0.033794623 
304 104 27 32 0.03353157 
283 29 25 31 0.03342249 
752 64 43 54 0.032223005 
866 0 79 97 0.032022752 
498 88 24 31 0.03166649 
215 192 25 31 0.031072762 
90 35 17 22 0.028949216 
363 104 19 22 0.028941797 
39 121 30 33 0.027964603 
474 138 31 39 0.02769215 
212 197 40 50 0.027474767 
735 50 40 50 0.027246041 
664 34 29 41 0.026578732 
769 46 28 34 0.025984328 
137 168 23 29 0.025903251 
111 126 19 23 0.02560098 
308 72 17 21 0.025268378 
981 63 25 32 0.02476188 
723 33 28 36 0.024578173 
300 163 14 18 0.024265641 
754 94 54 63 0.023941701 
773 111 46 58 0.023573525 
37 25 16 19 0.023511369 
460 45 24 27 0.023452984 
153 94 49 58 0.023146046 
499 81 16 19 0.022935856 
584 20 48 60 0.022885762 
322 231 16 19 0.022767534 
506 100 17 22 0.022125313 
282 23 44 48 0.021942027 
96 542 30 34 0.021748383 
172 641 35 36 0.021707196 
223 183 21 28 0.021587618 
301 110 43 52 0.021419952 
376 103 18 20 0.021286158 
737 34 29 35 0.020906579 
78 199 25 29 0.020885887 
697 60 27 35 0.02079656 
125 159 27 34 0.02019473 
25 185 46 62 0.020103378 
