40_Gymnastics_Gymnastics_40_331
61
498 91 62 74 0.96369386 
785 410 16 20 0.25156873 
913 298 19 25 0.21377158 
747 181 15 21 0.17819503 
799 290 12 16 0.16863112 
420 360 16 18 0.13327578 
436 315 15 20 0.13264947 
106 263 95 136 0.102391794 
773 369 18 20 0.09869208 
449 394 15 19 0.08939046 
717 283 16 20 0.081880614 
958 349 24 34 0.075432435 
803 248 25 28 0.06726364 
973 409 24 27 0.06271407 
666 307 19 23 0.055047512 
1007 303 12 19 0.054838553 
872 262 27 34 0.053614344 
589 188 422 507 0.047906324 
974 337 16 20 0.04643845 
699 371 16 19 0.046412893 
528 409 14 17 0.04360619 
747 306 15 18 0.042682853 
743 330 25 31 0.038192518 
964 341 27 33 0.036213793 
41 198 50 67 0.03487294 
45 229 31 36 0.033620432 
148 337 34 33 0.03281063 
257 246 37 34 0.03197262 
94 246 55 81 0.03072464 
916 398 15 19 0.028801879 
876 277 26 32 0.028335905 
986 370 17 20 0.026991999 
740 285 25 30 0.026774144 
707 157 15 17 0.026407897 
968 15 34 42 0.026224304 
876 250 18 20 0.025330558 
772 540 32 32 0.024324825 
952 363 11 18 0.024187477 
492 405 17 21 0.02401377 
516 417 13 17 0.024007803 
846 297 16 19 0.02399844 
780 365 24 27 0.023965403 
792 290 14 17 0.023926184 
933 363 12 16 0.023902364 
395 316 13 16 0.023545608 
858 400 17 21 0.02272986 
479 260 25 33 0.022444034 
431 315 28 32 0.022283303 
274 215 384 467 0.022235474 
853 276 26 35 0.022006316 
745 364 26 28 0.021848153 
713 312 24 30 0.021595133 
463 119 55 65 0.021311037 
952 355 20 30 0.021232199 
855 408 14 20 0.02114361 
1000 386 15 18 0.021140317 
6 159 48 76 0.021065088 
439 380 27 32 0.021024879 
468 258 26 37 0.020666419 
4 257 15 23 0.020548334 
782 417 24 29 0.020035984 
