40_Gymnastics_Gymnastics_40_242
145
492 459 88 60 0.97202796 
751 423 11 14 0.23608433 
515 468 59 34 0.16127488 
210 501 12 14 0.15666464 
205 560 21 28 0.14777474 
724 421 13 16 0.13963652 
750 484 11 15 0.1301772 
423 518 13 16 0.12910776 
244 575 12 14 0.12619653 
757 544 15 20 0.12448007 
474 433 87 66 0.12387914 
295 434 13 14 0.12148966 
909 482 12 16 0.115758754 
721 488 9 12 0.11141831 
800 597 12 14 0.10600344 
832 419 13 16 0.0999753 
340 585 9 13 0.09947795 
663 429 11 14 0.0946992 
376 430 11 13 0.09352458 
330 427 13 16 0.091219425 
805 436 16 22 0.089282565 
272 553 12 17 0.08274431 
77 566 12 17 0.0779946 
960 546 11 13 0.077772655 
473 467 50 37 0.07667302 
956 509 10 14 0.07600975 
21 550 11 13 0.07479637 
903 485 13 16 0.074159116 
904 557 10 12 0.073455684 
290 478 14 15 0.07057536 
776 530 12 15 0.07025971 
971 404 13 17 0.06983322 
627 503 10 12 0.06508853 
799 484 12 15 0.06462997 
1007 542 11 13 0.06398033 
979 485 11 14 0.06363241 
925 560 9 11 0.060768187 
878 518 9 12 0.05995665 
892 505 12 15 0.04854591 
663 424 10 12 0.048206408 
818 474 13 17 0.047224354 
110 488 9 12 0.04638188 
912 501 12 15 0.046221714 
78 515 11 14 0.04555473 
968 518 10 12 0.045441963 
644 498 11 13 0.04464486 
714 549 16 19 0.044559717 
887 575 12 15 0.044151977 
297 572 10 12 0.04387612 
327 570 12 14 0.043350708 
975 478 10 12 0.042841937 
860 556 16 20 0.042836856 
992 579 9 13 0.0425319 
947 471 10 13 0.042289514 
768 467 14 18 0.041845985 
979 387 12 14 0.04137129 
991 515 9 11 0.04056449 
659 434 16 20 0.04026694 
80 508 13 16 0.040111095 
724 493 11 12 0.039987203 
916 483 11 15 0.039869282 
242 533 13 16 0.039318785 
701 498 12 14 0.038924076 
233 509 11 14 0.03852888 
964 407 24 27 0.037492305 
652 565 11 14 0.037388846 
18 529 15 18 0.035097547 
228 434 11 13 0.03482824 
936 546 11 14 0.034582943 
98 595 13 16 0.03442735 
973 397 13 15 0.03440692 
483 387 69 74 0.034201894 
30 542 12 15 0.0334043 
54 522 10 12 0.03264769 
949 535 10 13 0.032595832 
249 441 24 27 0.03257965 
108 532 13 16 0.032561477 
1012 542 11 16 0.03199368 
811 420 12 14 0.031902596 
4 519 10 13 0.031783134 
558 72 448 522 0.031460933 
840 556 12 15 0.029798456 
207 482 14 16 0.028820105 
1001 539 11 14 0.028732382 
213 547 13 15 0.028329993 
664 532 12 15 0.027903225 
949 597 9 13 0.027711967 
442 570 16 19 0.027546512 
625 564 9 11 0.027183054 
944 413 12 15 0.026663939 
15 538 11 14 0.026593577 
24 595 11 15 0.026564006 
969 591 10 13 0.026396729 
368 503 10 12 0.026305402 
877 533 13 16 0.02604288 
781 496 13 17 0.025762675 
206 491 19 23 0.025510117 
366 557 9 12 0.0253792 
632 599 8 12 0.025212143 
234 514 13 16 0.02519442 
750 550 15 19 0.025186883 
877 595 15 19 0.025183223 
238 537 15 18 0.025092855 
288 530 11 14 0.024923353 
719 438 11 13 0.024804734 
900 404 16 20 0.024589969 
256 494 10 12 0.024253994 
505 409 72 74 0.02422429 
992 469 13 16 0.024110071 
19 539 14 16 0.024097264 
10 39 17 21 0.023901261 
946 418 14 16 0.02341582 
37 25 16 21 0.023202198 
812 514 11 14 0.022953158 
147 334 15 19 0.022918468 
38 547 11 13 0.022790834 
125 330 11 13 0.022726482 
991 556 8 11 0.022648137 
423 557 9 12 0.022540191 
357 567 10 12 0.022370584 
237 326 17 22 0.022254787 
125 173 16 20 0.022241691 
217 540 12 14 0.02216417 
974 471 10 13 0.022085926 
749 417 19 23 0.021973604 
942 540 11 15 0.021961125 
959 412 15 17 0.021848561 
640 550 11 14 0.021804482 
852 492 11 14 0.021748977 
644 556 11 13 0.021746302 
352 511 9 11 0.021675961 
58 330 10 13 0.021651277 
876 523 13 15 0.021373363 
71 561 21 26 0.021302298 
81 494 8 10 0.02115702 
950 539 12 16 0.021079605 
336 504 9 11 0.020999208 
81 502 11 14 0.020961657 
3 333 14 20 0.020648828 
444 444 114 107 0.020509837 
806 428 15 19 0.020489851 
872 596 13 16 0.020377042 
393 512 9 11 0.020267477 
453 591 10 13 0.020098394 
331 525 11 13 0.020057162 
