40_Gymnastics_Gymnastics_40_638
67
973 320 9 12 0.29788986 
455 323 31 39 0.26722884 
1000 487 24 34 0.18078956 
1003 234 15 19 0.17489985 
920 374 10 12 0.14009821 
910 413 12 17 0.102828465 
959 376 8 10 0.09945376 
672 365 10 13 0.070510514 
901 360 8 12 0.064578526 
901 365 10 14 0.06220488 
919 379 11 14 0.06002622 
999 376 11 12 0.0547565 
288 404 10 13 0.05427547 
656 362 12 15 0.052872445 
732 262 14 21 0.052610755 
676 362 9 14 0.05178767 
640 379 11 14 0.049852345 
293 397 14 16 0.04971273 
968 321 12 15 0.04691807 
912 382 9 12 0.046802923 
895 339 10 13 0.0457446 
955 412 10 14 0.044105858 
295 388 13 15 0.04035853 
714 324 17 21 0.039570116 
866 328 9 11 0.039341077 
645 375 10 15 0.036374394 
927 388 10 12 0.03615104 
733 270 25 31 0.03542319 
912 374 8 11 0.033112165 
670 370 9 13 0.03294399 
123 220 30 34 0.031376433 
1006 485 17 19 0.030643051 
935 383 10 12 0.030446818 
957 318 12 16 0.029416323 
935 399 11 13 0.029345488 
705 253 25 32 0.028708879 
403 357 15 17 0.028697843 
987 493 33 45 0.028497273 
759 283 53 68 0.027815549 
951 342 9 11 0.027700199 
830 294 10 14 0.026162293 
949 333 9 12 0.025934048 
938 403 12 15 0.025791034 
713 266 14 18 0.02537933 
984 375 9 12 0.024958974 
722 280 54 65 0.02442389 
997 378 15 19 0.024302427 
902 416 15 19 0.02392019 
924 381 11 14 0.02329495 
125 442 10 13 0.02326039 
650 515 28 34 0.023167258 
743 352 14 18 0.022890747 
773 248 206 231 0.022645228 
981 325 9 12 0.022177448 
739 287 16 19 0.022158768 
952 368 7 10 0.021810235 
992 326 9 11 0.021785032 
121 459 10 12 0.021610772 
689 326 10 13 0.021609887 
639 387 10 13 0.021185568 
954 373 9 11 0.021037316 
813 251 95 130 0.020918652 
714 241 43 52 0.02087857 
1009 364 9 12 0.020696638 
689 351 10 13 0.020592978 
727 247 25 33 0.020408815 
285 409 12 16 0.020311013 
