22_Picnic_Picnic_22_140
76
566 368 24 30 0.9945957 
312 341 26 35 0.98877597 
418 350 24 26 0.98544794 
785 380 26 33 0.9448548 
637 387 22 25 0.54032296 
922 431 16 24 0.4997484 
921 374 22 29 0.4794149 
877 377 31 33 0.2609175 
892 425 23 32 0.1874081 
613 449 22 37 0.18502645 
460 426 14 20 0.16470093 
928 378 24 28 0.10825734 
869 375 25 28 0.09525791 
630 379 23 28 0.07404399 
907 375 22 30 0.06570297 
885 389 32 44 0.063721865 
395 419 27 36 0.06331657 
626 371 16 19 0.061801367 
438 445 13 18 0.059150647 
903 423 21 33 0.055511136 
917 371 16 25 0.054103184 
81 361 29 35 0.05044919 
663 414 37 53 0.04881588 
552 407 14 20 0.048609044 
898 384 17 23 0.04842243 
857 411 24 38 0.044806045 
67 414 23 38 0.043159097 
381 451 12 14 0.04220539 
678 418 26 35 0.039392173 
395 396 17 23 0.038948666 
924 364 26 31 0.038414165 
595 527 25 42 0.038325872 
635 364 13 17 0.036493547 
0 374 10 16 0.03526041 
619 454 34 38 0.03521528 
634 370 16 20 0.034818366 
798 364 14 17 0.033857558 
937 369 18 23 0.03242018 
451 416 22 33 0.031952012 
649 368 22 27 0.031877466 
799 382 26 31 0.031513743 
744 447 10 11 0.031410936 
393 401 26 38 0.03136131 
478 464 14 17 0.030633649 
390 428 14 17 0.030206863 
619 410 17 18 0.029519105 
788 373 17 24 0.028878193 
351 472 12 15 0.028079437 
530 436 10 14 0.02769241 
645 378 24 28 0.026788473 
62 334 10 13 0.026268316 
792 364 25 29 0.026048083 
622 390 27 31 0.025855055 
618 374 21 30 0.025374863 
288 363 11 16 0.025297945 
461 447 13 18 0.02520956 
315 334 14 18 0.024821797 
598 450 26 38 0.023455193 
946 378 16 22 0.023165926 
471 565 13 15 0.022720128 
887 409 38 47 0.022598151 
683 459 38 52 0.02252195 
582 576 28 41 0.022365771 
733 448 50 48 0.022188546 
630 358 13 16 0.022091068 
657 363 13 16 0.022035252 
600 457 39 52 0.021389998 
956 423 15 22 0.021255407 
922 417 26 38 0.02087761 
272 549 12 14 0.020390676 
861 393 30 42 0.020388601 
20 350 185 264 0.020386016 
643 456 30 38 0.020347193 
858 368 23 30 0.020312805 
755 444 12 14 0.020268956 
425 377 15 19 0.02010982 
