22_Picnic_Picnic_22_561
60
202 472 124 148 0.9999485 
386 495 102 130 0.9999199 
583 757 65 76 0.13374536 
56 -21 425 528 0.0956718 
650 1147 16 18 0.085293114 
723 771 47 63 0.07983354 
477 1156 20 31 0.077162206 
388 1140 16 17 0.07691322 
465 1149 17 22 0.06999875 
779 180 15 20 0.056844767 
703 1151 28 29 0.05631581 
871 69 20 22 0.049179617 
418 1178 14 19 0.048245374 
978 1019 13 18 0.047582965 
509 1160 24 29 0.04582395 
365 1177 12 16 0.04459335 
892 101 16 20 0.0420974 
772 1142 12 14 0.04150034 
718 215 10 14 0.037426695 
585 1039 15 20 0.037158374 
381 1137 27 27 0.037094917 
364 1160 31 34 0.032778483 
462 423 12 15 0.03232569 
655 1114 138 131 0.032026194 
747 1139 27 27 0.030531583 
516 1151 24 31 0.030058885 
332 1141 12 14 0.030025281 
733 94 11 14 0.029860407 
333 319 23 32 0.02935985 
739 86 10 12 0.028875813 
736 70 13 16 0.028685082 
713 84 12 15 0.028549336 
993 22 10 14 0.02789155 
717 188 12 14 0.0278664 
748 212 44 55 0.026847878 
483 1160 25 29 0.02655453 
523 1162 14 19 0.026514512 
623 1103 12 16 0.02575946 
769 1161 16 18 0.025555711 
756 1133 14 16 0.025138726 
420 1100 12 14 0.024191992 
676 1150 13 17 0.023759635 
466 1140 18 21 0.023456672 
801 84 12 17 0.023001393 
85 427 35 39 0.022648508 
367 1141 35 34 0.022493752 
550 1060 12 16 0.022423726 
677 1109 11 14 0.022342496 
356 1146 13 16 0.022089917 
766 1142 11 13 0.022078015 
816 58 15 19 0.021981003 
748 1134 16 18 0.02148308 
763 122 11 13 0.021376168 
709 1123 11 12 0.021213545 
701 747 84 99 0.020979738 
699 145 13 17 0.020754542 
759 1102 10 13 0.020582229 
548 1160 13 17 0.020437751 
505 1110 47 49 0.020271456 
463 1135 29 36 0.020102808 
