22_Picnic_Picnic_22_594
22
497 269 50 67 0.9981949 
787 310 55 73 0.97926015 
142 3 12 14 0.06778148 
100 416 32 40 0.06085366 
981 259 42 80 0.05584121 
413 30 11 13 0.041103225 
925 225 92 117 0.03559866 
708 290 47 51 0.033663403 
524 3 14 16 0.03231699 
450 66 16 19 0.026621826 
53 393 23 30 0.026412603 
846 243 76 109 0.025483876 
593 305 17 22 0.025446806 
420 43 23 27 0.025202036 
9 403 14 18 0.024376923 
430 3 15 19 0.023482785 
32 406 18 21 0.023009997 
127 388 12 17 0.022883067 
813 291 57 77 0.021528376 
1012 332 12 22 0.020690817 
3 396 15 20 0.020485083 
162 408 26 33 0.02002882 
