22_Picnic_Picnic_22_313
83
160 304 29 38 0.99861133 
700 276 23 33 0.9976006 
304 310 27 36 0.99696213 
618 190 24 31 0.99367946 
648 339 21 28 0.6755047 
77 211 10 14 0.6598722 
224 298 20 30 0.49140444 
771 355 33 42 0.3170244 
512 240 15 21 0.113893695 
764 284 11 15 0.11104322 
572 238 14 17 0.10297539 
243 599 11 13 0.08694862 
391 615 29 33 0.083072856 
742 266 20 27 0.080323495 
40 201 9 10 0.07696857 
785 375 19 24 0.07670341 
384 482 38 54 0.07660166 
759 278 11 14 0.06834942 
568 237 12 15 0.066275336 
429 620 9 12 0.05733979 
0 212 7 11 0.056079272 
289 633 12 16 0.05211404 
742 291 13 16 0.050635565 
746 283 12 16 0.04971068 
61 197 10 14 0.04811984 
55 216 9 11 0.046785373 
656 192 14 20 0.04678442 
0 206 6 12 0.046506807 
129 435 123 119 0.045931507 
567 455 26 29 0.04554883 
761 289 12 15 0.04467511 
73 208 11 14 0.041880805 
63 203 9 11 0.039573718 
966 182 9 11 0.039247967 
46 204 8 10 0.036993366 
371 633 14 16 0.036686253 
8 221 8 10 0.03646055 
608 14 10 12 0.035705462 
355 609 29 32 0.035665717 
333 620 23 26 0.03548932 
270 634 13 15 0.035474095 
647 356 16 24 0.03472098 
950 156 11 12 0.03308938 
56 238 9 10 0.032819636 
560 222 8 11 0.0322397 
45 200 7 10 0.03200732 
390 558 10 12 0.029938845 
407 590 11 12 0.029590769 
656 342 22 29 0.029303683 
983 182 7 9 0.029237188 
362 623 25 27 0.028826965 
769 356 20 27 0.0277498 
789 299 12 15 0.02713846 
543 248 11 15 0.026948338 
795 257 42 54 0.026451873 
397 557 10 12 0.026420938 
400 590 10 11 0.025938999 
347 620 17 22 0.025854154 
192 309 22 28 0.024807416 
572 210 25 28 0.024340048 
92 274 474 492 0.023531321 
262 634 13 19 0.023467507 
958 181 12 14 0.02345962 
335 626 14 15 0.022732824 
81 166 9 13 0.022411134 
61 220 9 11 0.022339903 
238 602 23 26 0.02229849 
214 303 22 30 0.02209634 
23 197 9 11 0.022028347 
468 637 15 18 0.021921752 
953 183 9 12 0.02187795 
789 283 13 17 0.021637669 
350 620 27 28 0.02137817 
73 206 18 24 0.021174045 
189 296 23 31 0.020828318 
13 215 8 10 0.020750374 
765 362 52 57 0.020660957 
717 323 40 50 0.02061123 
411 617 14 19 0.020523963 
56 205 8 10 0.020515932 
391 552 9 12 0.020500481 
98 196 9 11 0.020156967 
658 14 12 15 0.020116601 
