22_Picnic_Picnic_22_654
48
404 436 109 119 0.99829346 
398 766 362 456 0.19932795 
676 445 86 110 0.16790543 
509 301 9 13 0.09159692 
331 139 196 256 0.090919234 
373 852 113 99 0.08962144 
358 1095 98 125 0.07651929 
821 417 88 126 0.056603096 
410 1044 24 29 0.055961736 
430 872 69 68 0.055573203 
350 275 179 263 0.045080494 
554 372 8 11 0.04311549 
499 476 92 133 0.04233506 
748 300 39 52 0.040618617 
186 1116 34 38 0.040326413 
844 481 49 70 0.034320455 
236 58 364 471 0.032231133 
875 1316 46 52 0.030911084 
49 1010 345 451 0.030586606 
454 870 44 41 0.029911295 
373 834 78 71 0.02698577 
819 1308 47 58 0.026896363 
861 424 86 127 0.026820386 
583 327 9 11 0.026406633 
5 113 26 35 0.026189243 
583 319 8 10 0.025613688 
816 932 123 126 0.025333764 
587 374 7 10 0.025143577 
419 1053 15 18 0.02470433 
88 886 458 454 0.024214933 
551 328 9 11 0.024007803 
583 383 8 11 0.02395778 
447 126 9 12 0.023843188 
868 971 15 14 0.02382386 
746 1306 31 46 0.02372771 
983 568 16 20 0.02361808 
546 774 81 115 0.023503192 
552 335 9 11 0.023031406 
557 336 8 10 0.02243939 
393 1082 116 130 0.022252059 
541 484 87 138 0.022228256 
668 972 127 158 0.022167644 
521 1086 52 51 0.02210127 
581 853 366 449 0.022027826 
519 349 9 11 0.021999124 
578 385 7 9 0.021987328 
591 292 8 11 0.02171904 
-59 202 409 463 0.021171011 
