22_Picnic_Picnic_22_933
36
713 40 165 183 0.9932841 
641 188 60 54 0.9636191 
224 9 179 223 0.80747265 
1 482 20 25 0.79479945 
631 406 48 47 0.6586161 
341 595 32 35 0.4606846 
708 300 34 39 0.21646819 
147 544 55 73 0.2086706 
12 6 350 443 0.18867466 
725 294 28 38 0.11166314 
5 548 44 52 0.10364558 
694 308 33 34 0.09877603 
514 574 13 19 0.086055815 
157 59 208 238 0.08268055 
181 538 19 21 0.08223452 
321 625 26 29 0.07942984 
743 278 52 63 0.0443712 
716 264 26 33 0.039777342 
666 191 55 57 0.03788809 
903 390 101 121 0.035839863 
543 593 16 20 0.033816345 
125 557 11 15 0.031574585 
500 565 13 17 0.031185033 
113 163 138 183 0.030235013 
480 580 12 17 0.028361637 
694 274 52 57 0.027571803 
171 526 29 29 0.026412247 
507 565 15 18 0.02568989 
499 75 403 446 0.023550931 
228 628 25 29 0.022774465 
50 581 24 31 0.021624343 
722 272 15 19 0.021043839 
167 537 32 36 0.021038441 
1 534 33 42 0.020805579 
343 580 14 16 0.020430451 
707 286 13 15 0.020236427 
