22_Picnic_Picnic_22_290
130
415 411 28 37 0.9997962 
344 411 28 41 0.99919707 
617 417 28 36 0.99589217 
280 425 19 35 0.98127043 
550 429 22 35 0.4237964 
895 77 13 16 0.26507828 
807 3 11 13 0.24171184 
612 513 27 32 0.18338569 
601 426 15 20 0.17725565 
951 55 8 9 0.15768182 
861 70 10 12 0.15038727 
918 31 8 11 0.1492679 
903 12 12 15 0.12186319 
819 23 10 12 0.110098764 
967 3 9 12 0.109051816 
931 54 8 10 0.10270574 
822 14 9 11 0.100413516 
306 447 17 22 0.09827504 
960 21 8 10 0.089403115 
835 27 11 14 0.08773497 
884 30 13 13 0.08132694 
941 63 9 10 0.08011409 
920 64 9 12 0.07964745 
952 74 10 12 0.0775504 
833 23 10 13 0.07212464 
983 54 7 9 0.068103224 
909 22 9 10 0.05942566 
976 23 7 9 0.05831259 
910 61 9 12 0.057611544 
1006 37 8 10 0.054864254 
878 66 10 12 0.053006183 
912 78 8 12 0.05213531 
936 1 11 10 0.05037076 
993 63 8 10 0.050328374 
961 63 9 11 0.048545573 
823 9 10 11 0.04822066 
961 45 10 12 0.047825687 
285 523 11 13 0.046984307 
943 33 10 11 0.046644803 
923 68 10 13 0.045811657 
812 6 10 12 0.045182418 
958 69 11 13 0.044168383 
941 4 10 11 0.043944325 
856 5 9 12 0.043668654 
990 32 8 11 0.043195274 
938 31 8 10 0.04301347 
697 0 9 9 0.042278074 
924 62 11 13 0.041616246 
432 323 430 463 0.04109422 
726 30 10 12 0.040209465 
908 8 12 12 0.039791305 
984 7 9 11 0.039639186 
181 193 27 40 0.039386056 
234 433 15 25 0.039235037 
679 9 9 9 0.038635027 
829 13 10 11 0.038306378 
925 15 9 11 0.037494104 
816 37 9 12 0.037450776 
877 91 9 11 0.037346456 
966 40 8 10 0.036620926 
968 85 11 13 0.036495123 
789 48 9 10 0.035768393 
311 373 31 38 0.035589803 
942 68 9 12 0.035078418 
975 30 8 10 0.034489322 
802 5 10 12 0.03385385 
849 15 10 12 0.033633582 
952 48 9 11 0.033506006 
1000 54 8 11 0.033035118 
743 12 9 12 0.03296933 
321 368 17 20 0.032339443 
991 14 8 10 0.030952692 
862 4 11 11 0.03028348 
702 4 9 11 0.030005539 
560 438 15 23 0.029754193 
799 23 10 12 0.02967372 
974 4 10 11 0.029666413 
1001 16 7 9 0.029487636 
903 0 9 9 0.029251339 
1004 30 9 11 0.028590783 
264 430 25 31 0.028526101 
558 370 23 26 0.028247843 
1005 95 11 14 0.028088545 
919 7 10 12 0.027181398 
230 427 13 22 0.026951425 
170 201 28 35 0.026889073 
888 61 9 12 0.02643341 
686 9 8 10 0.026273903 
905 62 10 11 0.02599737 
889 80 11 13 0.025984788 
942 87 10 11 0.025983227 
893 61 9 11 0.025828486 
921 13 9 11 0.02580703 
696 373 27 32 0.025539389 
913 83 9 12 0.025425406 
982 94 9 10 0.02540233 
965 15 8 10 0.02525784 
886 84 10 14 0.025004402 
948 32 10 11 0.024655953 
712 7 9 11 0.02441782 
978 54 8 10 0.024287743 
300 407 25 36 0.023733338 
751 29 10 12 0.023706893 
615 424 16 22 0.0236957 
937 61 10 12 0.023603307 
901 70 10 13 0.023532314 
929 49 8 10 0.023112303 
934 47 8 11 0.022976404 
903 102 10 13 0.022791002 
951 15 8 10 0.022780562 
972 78 11 13 0.022711141 
889 103 8 11 0.022663914 
880 80 10 12 0.022394603 
927 21 9 11 0.022392245 
873 89 10 12 0.022356873 
286 432 22 33 0.022333425 
277 420 17 26 0.022324683 
964 68 9 11 0.022132011 
997 70 8 11 0.022076687 
860 63 10 13 0.021728978 
304 384 32 42 0.021669116 
246 175 48 54 0.02165725 
700 413 17 21 0.02158519 
911 57 8 10 0.02131637 
781 31 11 13 0.020974332 
992 23 8 9 0.020934638 
714 12 8 11 0.02087709 
534 438 41 51 0.020765522 
977 17 8 10 0.020143457 
671 391 416 511 0.0200139 
