22_Picnic_Picnic_22_541
241
84 629 55 64 0.98991334 
86 348 13 19 0.68726605 
360 1110 12 16 0.4423517 
552 107 13 16 0.29814982 
993 143 15 20 0.2216946 
906 846 15 16 0.19760671 
309 192 22 25 0.19643742 
534 115 9 12 0.18573324 
642 81 14 16 0.157162 
685 154 10 12 0.14832392 
774 1304 10 12 0.12842225 
970 112 15 18 0.12645933 
431 1071 8 10 0.11197883 
294 232 18 18 0.092057295 
253 323 36 35 0.0915563 
568 12 9 11 0.08885982 
653 1097 13 14 0.08461226 
484 82 13 15 0.07954682 
583 50 10 13 0.07746683 
788 95 10 13 0.07731162 
590 12 9 10 0.07632182 
922 76 12 15 0.07399402 
600 99 10 12 0.07214445 
432 1076 9 11 0.06864326 
757 1304 8 11 0.068594165 
942 84 10 13 0.06767351 
449 1072 9 11 0.06641289 
102 335 10 13 0.065585576 
281 231 11 13 0.06526882 
770 405 19 21 0.0639203 
580 103 9 11 0.063917354 
908 878 23 29 0.06346311 
606 15 8 11 0.06220562 
693 151 11 13 0.061214544 
899 891 12 14 0.059517957 
644 72 11 15 0.05859455 
845 45 12 15 0.05689312 
650 150 15 18 0.055674993 
718 56 10 13 0.055513263 
750 92 8 11 0.05522819 
838 46 13 16 0.054747898 
917 890 13 16 0.054180104 
653 85 10 13 0.053625602 
464 1070 11 13 0.052826017 
469 1084 12 15 0.052345578 
709 282 9 10 0.052110538 
252 237 14 16 0.051600832 
477 886 14 16 0.051219348 
607 108 9 11 0.050076876 
519 192 8 11 0.049216915 
897 880 25 27 0.049158532 
462 158 9 11 0.049066383 
464 1086 11 14 0.04880265 
686 285 9 9 0.048561715 
62 319 12 15 0.04855897 
436 1078 10 12 0.048375126 
761 69 10 14 0.048062623 
750 54 8 10 0.047144737 
325 287 17 19 0.046892073 
50 357 10 14 0.045841906 
427 1072 8 10 0.04581447 
263 966 60 72 0.044741563 
166 335 10 12 0.04348055 
351 257 32 36 0.04343346 
886 872 13 17 0.04320139 
617 108 8 11 0.043144863 
426 1077 8 10 0.04233445 
900 866 15 17 0.041668892 
453 1071 10 13 0.041664194 
493 81 13 15 0.041599814 
317 179 10 12 0.041510675 
784 87 11 12 0.041347183 
574 15 8 10 0.04115719 
102 346 13 17 0.040300507 
53 903 7 9 0.040063757 
680 131 11 13 0.039967105 
889 866 17 20 0.039727896 
705 284 9 11 0.03940192 
606 102 9 11 0.039238323 
933 149 10 12 0.03914295 
907 866 14 17 0.03879218 
64 345 12 16 0.0384548 
846 111 9 11 0.0381555 
434 1132 9 12 0.037879057 
797 78 9 10 0.037788063 
9 362 12 15 0.03771468 
305 290 12 14 0.037421163 
694 1070 8 10 0.03722512 
889 142 8 10 0.036725327 
436 1084 12 16 0.036656804 
721 1144 8 9 0.036438227 
437 1071 9 11 0.036265757 
576 44 12 16 0.036204018 
685 128 9 11 0.03600028 
545 96 7 9 0.03577473 
48 352 10 12 0.035538405 
1006 70 9 11 0.034829218 
785 99 11 13 0.034808002 
553 165 9 11 0.034740172 
588 51 9 14 0.034499213 
469 1077 11 14 0.034495275 
724 55 10 12 0.034155857 
864 110 8 10 0.034116168 
893 136 8 10 0.0339848 
185 344 8 10 0.033829816 
103 338 13 16 0.033778418 
174 349 9 12 0.033363707 
610 1072 8 10 0.03326773 
633 77 10 14 0.033087675 
767 86 8 11 0.032806944 
584 5 9 11 0.032719836 
508 182 9 12 0.032491196 
801 117 10 12 0.032077383 
92 342 11 15 0.03197562 
942 71 8 10 0.03137446 
428 1102 11 14 0.03095098 
293 215 11 14 0.030920474 
700 156 10 12 0.030862631 
496 192 9 11 0.030521546 
757 1173 11 13 0.03026899 
638 90 10 13 0.030201009 
52 364 10 12 0.03002327 
633 84 10 13 0.029635906 
906 857 16 19 0.029626667 
662 1071 8 10 0.029564729 
536 103 8 10 0.029437365 
248 243 11 13 0.029412797 
782 1305 9 11 0.029288884 
737 71 9 10 0.029084023 
422 1107 13 18 0.029036101 
109 373 56 61 0.02902536 
170 154 51 69 0.029015876 
500 83 10 13 0.028803686 
198 334 8 9 0.02855181 
667 381 16 20 0.028261606 
797 1218 12 16 0.028118474 
678 1079 8 10 0.027922371 
802 1161 34 41 0.02789937 
643 1117 46 53 0.027792994 
724 12 11 14 0.027685147 
880 159 9 11 0.027628971 
431 1126 10 13 0.027617857 
78 316 12 14 0.027547099 
574 39 10 14 0.027522624 
450 103 8 10 0.027504904 
274 1119 30 39 0.027424682 
478 119 7 10 0.027325924 
710 44 10 13 0.027126638 
656 1089 10 12 0.02712637 
1013 91 9 12 0.026794946 
750 48 8 10 0.026542867 
354 252 17 20 0.026387995 
477 1136 15 21 0.025875814 
31 356 10 12 0.025845343 
850 44 14 17 0.025772262 
575 1150 10 11 0.02566379 
713 1069 9 9 0.025380543 
638 103 9 11 0.025274087 
159 337 12 15 0.025243131 
614 94 9 11 0.025210092 
159 1039 10 12 0.025154648 
462 1091 13 18 0.025037577 
476 442 13 15 0.024993058 
460 1098 13 17 0.024862977 
7 350 8 10 0.024837697 
554 160 10 12 0.024800709 
245 253 12 13 0.024784325 
633 92 10 13 0.024741502 
574 7 10 12 0.02470564 
236 329 41 39 0.024688486 
606 95 10 13 0.024662634 
571 799 58 84 0.024617039 
243 285 33 33 0.024502482 
882 165 9 13 0.024499487 
258 298 25 28 0.024412746 
760 84 8 11 0.024106473 
249 1079 10 12 0.024055513 
658 1070 7 10 0.024051344 
745 38 7 10 0.023999518 
184 350 8 10 0.02386549 
378 1044 11 15 0.023759097 
759 1165 11 12 0.02364831 
230 306 57 55 0.023511697 
632 1104 8 9 0.02348466 
694 281 7 9 0.023291413 
167 357 11 13 0.023206249 
480 52 12 15 0.023170663 
686 146 21 24 0.02312741 
551 97 8 10 0.023049602 
88 1179 11 15 0.023048911 
412 1071 10 12 0.023017138 
711 1165 11 15 0.022859761 
399 1039 96 125 0.022817144 
607 1120 8 10 0.022717081 
969 141 9 12 0.022627344 
958 129 9 11 0.022521693 
561 7 11 13 0.022451831 
208 335 9 9 0.022442663 
984 134 9 12 0.02235125 
503 191 8 11 0.022346633 
268 251 13 14 0.022267096 
149 93 8 11 0.022217471 
577 1128 8 10 0.022209894 
512 190 8 11 0.022073723 
396 1069 11 13 0.022050986 
365 237 11 13 0.022001494 
157 366 12 16 0.021958487 
376 1115 10 14 0.021865293 
263 1131 10 13 0.021817055 
833 46 10 15 0.021782402 
540 116 10 13 0.021757027 
85 323 10 13 0.02171223 
577 107 9 12 0.021689095 
686 164 13 17 0.021626865 
872 103 8 10 0.02151491 
269 1100 11 16 0.021453312 
65 366 10 12 0.02143133 
184 181 33 40 0.02139779 
893 885 16 19 0.021232305 
608 1109 8 10 0.021198213 
891 859 15 18 0.021147015 
683 286 7 9 0.021115808 
958 134 9 11 0.020938003 
644 88 12 14 0.020915136 
265 331 21 22 0.02059018 
222 349 10 11 0.020571716 
920 84 9 11 0.02052591 
101 329 9 11 0.020457143 
144 127 9 12 0.020442853 
728 282 8 9 0.020442005 
769 1308 11 11 0.020415643 
721 87 8 11 0.020368297 
449 96 9 11 0.0203352 
728 87 8 10 0.020224003 
1008 77 8 10 0.020206872 
920 923 12 16 0.020144854 
549 98 103 138 0.020115517 
150 348 11 14 0.020104302 
75 903 11 14 0.020079724 
252 309 30 33 0.02007123 
55 253 13 15 0.02001159 
