22_Picnic_Picnic_22_310
104
451 211 22 33 0.99318016 
647 225 42 57 0.98967826 
854 221 27 30 0.98597425 
268 207 47 61 0.9824875 
599 185 22 29 0.98076606 
515 276 22 30 0.9212451 
761 190 21 32 0.9097452 
667 184 35 44 0.6810293 
909 237 16 23 0.48956865 
146 274 14 17 0.4782512 
980 236 26 30 0.45550916 
19 510 18 26 0.27991718 
246 248 22 33 0.2704662 
652 184 33 37 0.21683785 
969 241 29 33 0.21675517 
178 280 14 18 0.20716502 
91 301 13 18 0.1764636 
916 214 10 13 0.11948461 
902 236 15 18 0.11387224 
993 234 16 25 0.102189444 
37 278 17 23 0.10093599 
111 279 10 12 0.081836 
158 266 13 17 0.07734522 
498 238 9 11 0.071055606 
908 229 15 21 0.06876518 
912 219 11 15 0.0678612 
898 300 37 48 0.06070928 
728 245 31 40 0.06025695 
130 269 12 15 0.059348077 
217 247 21 30 0.05860644 
523 270 15 21 0.056958772 
925 196 14 19 0.056897894 
989 204 17 21 0.053634513 
238 377 16 19 0.05103641 
758 187 15 25 0.04975915 
711 263 32 39 0.049104273 
103 305 13 16 0.04732911 
161 268 20 25 0.044609487 
491 300 11 14 0.044022564 
687 195 20 25 0.043661535 
941 245 21 28 0.042613417 
503 246 10 12 0.04209792 
983 212 26 33 0.041963972 
504 253 9 11 0.041478004 
836 221 13 20 0.040885903 
159 285 12 15 0.04044586 
740 239 26 32 0.03994902 
509 251 10 12 0.03819882 
215 244 12 17 0.03699184 
551 303 10 12 0.03693671 
219 273 18 23 0.03685214 
888 186 12 15 0.03655022 
536 307 11 13 0.036293633 
94 642 26 33 0.035778284 
503 189 11 14 0.034875043 
933 204 10 15 0.034627225 
221 258 25 30 0.034589056 
657 186 18 21 0.034476392 
162 263 13 15 0.034420047 
458 205 15 25 0.033776805 
131 269 20 26 0.033251688 
509 275 18 24 0.03288706 
836 233 10 15 0.032215282 
191 207 8 11 0.03184108 
104 278 20 25 0.030700454 
131 263 10 13 0.03052842 
143 280 12 16 0.029597126 
490 268 14 17 0.029304104 
29 280 19 22 0.028634306 
234 245 27 34 0.02838403 
479 242 13 16 0.026883261 
830 225 15 20 0.026818782 
214 254 14 22 0.026620734 
511 237 12 14 0.026345285 
511 286 30 36 0.025965462 
135 292 11 13 0.02574451 
115 275 12 17 0.025679009 
154 271 15 19 0.025351064 
527 277 16 23 0.025074366 
228 267 28 31 0.02415419 
219 264 16 21 0.024143834 
88 276 12 16 0.024051908 
918 205 12 16 0.023835031 
509 245 11 14 0.023131121 
826 214 8 10 0.023109116 
969 224 28 33 0.023013879 
420 704 25 38 0.022943849 
151 265 12 14 0.022859907 
965 209 15 21 0.022757802 
105 278 11 14 0.022613613 
484 240 11 13 0.022396144 
225 279 18 22 0.022148624 
182 236 8 11 0.022018366 
450 280 39 47 0.02196513 
963 212 23 30 0.021870457 
201 188 9 11 0.021767609 
99 295 21 26 0.02123069 
529 247 9 11 0.021202577 
533 259 11 14 0.021087853 
497 244 10 12 0.020925391 
677 178 18 22 0.020674169 
528 253 10 13 0.020566044 
908 216 20 28 0.020506736 
753 245 17 23 0.020025378 
