50_Celebration_Or_Party_houseparty_50_609
422
215 348 66 79 0.9991535 
213 214 32 43 0.9975095 
287 245 43 54 0.9959622 
412 234 26 36 0.99549747 
126 236 31 40 0.9884741 
144 259 39 46 0.9841584 
996 254 28 46 0.9835359 
890 175 19 25 0.9804365 
843 194 21 28 0.9796342 
474 179 27 37 0.9661746 
87 223 24 36 0.96571857 
306 327 50 80 0.935027 
635 167 15 20 0.9244987 
802 214 18 24 0.9118407 
820 166 12 15 0.90104294 
769 188 20 26 0.8978299 
599 251 33 50 0.8224958 
675 193 20 29 0.8000881 
70 344 44 63 0.7421428 
541 277 46 50 0.7214166 
532 126 11 14 0.70698386 
834 172 12 16 0.7034461 
740 152 15 20 0.66329175 
223 193 23 29 0.65737385 
995 121 12 16 0.594862 
786 156 13 16 0.57123655 
872 171 13 17 0.5648587 
446 121 14 18 0.5443881 
723 242 27 35 0.534532 
710 190 17 21 0.5248162 
445 164 16 21 0.523209 
833 134 11 14 0.51355886 
853 233 16 23 0.5122792 
660 260 32 39 0.46901384 
519 157 13 16 0.44586036 
954 191 23 28 0.40669787 
572 148 12 16 0.40187642 
403 146 11 16 0.39809573 
423 54 9 13 0.39514908 
175 168 10 14 0.356736 
360 178 14 18 0.35588145 
156 187 18 19 0.3387091 
276 188 23 27 0.2972178 
569 258 41 55 0.28199783 
810 192 15 19 0.25827122 
872 280 29 45 0.24756621 
273 179 16 20 0.22102246 
657 256 19 21 0.22022651 
524 176 17 23 0.21548252 
588 168 13 17 0.21307324 
138 222 30 32 0.2094268 
880 154 12 16 0.20819299 
330 200 20 27 0.18227416 
929 126 11 14 0.18140942 
599 225 21 31 0.17819503 
712 272 44 63 0.16977179 
858 228 22 28 0.16495396 
486 181 26 36 0.16323741 
537 153 15 18 0.16060686 
190 179 15 19 0.16026485 
360 195 12 15 0.15357728 
578 125 12 17 0.15327004 
599 144 13 20 0.14973396 
548 165 12 15 0.14892006 
604 141 11 17 0.14686234 
795 178 15 19 0.14618227 
713 286 58 95 0.14516002 
537 215 36 40 0.14122917 
524 152 13 16 0.13966455 
615 260 26 39 0.13944112 
892 140 11 15 0.13277778 
182 212 17 24 0.13236198 
287 335 50 78 0.13007645 
456 56 10 13 0.12753585 
847 134 9 12 0.12753099 
480 127 11 13 0.12367242 
889 135 10 12 0.123310894 
450 128 14 18 0.121373825 
798 184 20 25 0.11899982 
388 191 17 22 0.11554142 
539 202 18 21 0.1125406 
457 180 25 35 0.1095512 
651 145 16 21 0.109285414 
298 29 14 19 0.108413205 
325 158 9 12 0.107320935 
364 24 13 18 0.10605018 
291 172 15 17 0.10468012 
626 272 15 20 0.10421475 
357 181 19 27 0.10168515 
668 75 11 16 0.10092742 
987 135 15 19 0.09778732 
331 38 13 18 0.09383131 
375 149 10 12 0.09321125 
772 134 9 12 0.09288811 
469 148 12 17 0.091845274 
157 194 22 25 0.08828994 
956 205 17 23 0.08812255 
439 117 13 18 0.08803776 
372 376 110 130 0.087902255 
535 202 30 35 0.08786323 
647 121 13 17 0.08543898 
975 232 14 21 0.08471044 
47 201 22 32 0.08384899 
409 132 10 14 0.083692394 
423 47 10 14 0.082786694 
447 188 13 18 0.08186659 
360 42 13 17 0.079520874 
587 68 11 14 0.07928797 
537 130 13 17 0.07879721 
681 262 17 28 0.07829248 
518 66 10 14 0.0771077 
348 227 16 23 0.07685697 
366 146 11 14 0.07676852 
746 149 15 20 0.07454939 
643 199 15 20 0.073998265 
884 149 11 14 0.07398438 
542 162 14 18 0.07396965 
361 23 10 14 0.073159695 
432 118 12 17 0.07286772 
265 22 16 21 0.07280727 
278 177 21 24 0.07273052 
867 226 17 22 0.071375124 
756 195 26 32 0.07127827 
223 149 9 12 0.07098763 
567 143 10 14 0.07086934 
339 160 16 19 0.070426494 
340 187 13 17 0.06939511 
138 199 15 20 0.06932567 
147 218 20 22 0.068604894 
397 238 29 34 0.068511285 
599 190 12 17 0.06753507 
447 55 9 12 0.06751829 
828 225 15 21 0.06705268 
550 69 9 12 0.06582068 
623 74 13 17 0.06521374 
421 156 24 33 0.065164104 
265 185 13 18 0.06515687 
733 158 16 21 0.06488411 
145 197 23 26 0.063586935 
741 142 12 16 0.06278444 
347 145 14 17 0.061959404 
392 47 11 15 0.06152902 
702 194 17 20 0.0611586 
239 11 16 19 0.060245097 
414 63 10 13 0.058525708 
97 225 24 36 0.057359632 
596 37 11 15 0.05716596 
129 230 20 23 0.056498677 
796 164 12 14 0.056422077 
422 39 9 12 0.05602307 
703 117 12 16 0.055824902 
175 166 19 25 0.05450249 
989 126 19 25 0.05434344 
801 122 11 14 0.05326614 
995 196 29 41 0.05316495 
908 182 21 27 0.05313497 
776 249 21 27 0.05310404 
746 187 16 22 0.053021982 
337 194 15 21 0.05300918 
531 188 24 31 0.052827716 
878 492 52 60 0.051225234 
448 183 21 29 0.0507092 
152 187 14 16 0.050376784 
686 193 21 29 0.050243367 
668 202 18 25 0.04996169 
351 202 11 16 0.049431115 
729 235 19 24 0.04918758 
659 126 15 19 0.04862671 
485 162 14 17 0.048372604 
323 176 14 19 0.04831549 
818 195 12 17 0.0479071 
364 33 13 20 0.047891635 
1001 121 14 17 0.047888152 
342 180 14 18 0.04749481 
380 150 11 13 0.047415525 
518 52 10 12 0.047123253 
925 155 13 16 0.04698952 
828 168 12 15 0.046868067 
649 194 22 28 0.046465695 
896 539 101 106 0.045658536 
181 155 13 17 0.044649694 
359 165 12 15 0.04464691 
846 165 12 14 0.044551034 
707 123 13 17 0.04436409 
511 50 12 15 0.044123106 
453 92 10 12 0.043823667 
341 168 17 20 0.04354461 
428 47 11 13 0.04304789 
270 163 10 12 0.042916305 
747 193 23 30 0.042800307 
357 200 14 18 0.042764634 
734 139 13 17 0.042166993 
577 146 14 19 0.04203729 
644 252 38 50 0.04191095 
400 152 12 16 0.041773014 
588 205 11 15 0.041633584 
105 237 35 48 0.041583955 
769 240 23 27 0.041285954 
575 235 13 20 0.0411645 
427 51 11 15 0.04110341 
658 136 16 23 0.041030888 
381 194 16 19 0.040911432 
519 35 10 13 0.040795602 
393 186 14 20 0.040787578 
544 75 9 13 0.04073876 
348 257 16 23 0.040613934 
560 135 10 13 0.039610405 
596 236 26 40 0.03949506 
337 257 26 36 0.039361753 
917 222 25 31 0.039303016 
323 162 12 17 0.03925786 
868 216 23 27 0.039134983 
494 54 11 13 0.03906775 
623 166 21 26 0.0379647 
518 182 16 22 0.03783878 
500 69 13 16 0.03754823 
853 132 9 12 0.037546623 
462 152 15 21 0.037333947 
359 141 13 17 0.03718063 
577 119 10 13 0.037062176 
215 164 9 12 0.0368039 
584 62 10 14 0.036771633 
649 121 20 24 0.036688894 
396 169 15 19 0.03663711 
582 73 12 16 0.03658833 
446 112 11 14 0.03630577 
182 183 15 20 0.036228232 
564 213 13 15 0.036195043 
345 195 20 28 0.03616553 
529 259 37 54 0.03595701 
488 47 9 12 0.035859205 
793 156 13 17 0.03570926 
875 165 14 18 0.035581328 
844 137 12 16 0.035334997 
747 178 16 20 0.035070095 
868 489 41 48 0.034845542 
60 310 54 79 0.0348309 
898 177 20 26 0.03479831 
586 209 14 22 0.034765583 
617 217 25 32 0.034691676 
628 71 10 14 0.03468664 
738 159 22 27 0.034660373 
565 134 10 13 0.034520667 
222 199 31 42 0.034394894 
54 357 43 48 0.03434077 
453 156 21 29 0.03433977 
714 228 18 22 0.034213983 
804 199 21 27 0.033938166 
638 197 14 18 0.033701316 
445 58 12 17 0.033555083 
72 227 27 31 0.033523846 
446 135 16 18 0.033347383 
511 36 12 15 0.033342082 
643 148 19 27 0.033339668 
451 272 18 20 0.03332576 
610 226 15 22 0.033208743 
753 154 14 18 0.03309167 
137 204 24 29 0.03260912 
574 77 11 14 0.03236229 
162 180 17 22 0.032186866 
588 217 22 33 0.032077633 
660 191 23 30 0.0319329 
455 64 11 15 0.031892363 
389 34 11 15 0.03178857 
230 91 11 13 0.031756897 
347 176 16 21 0.031729456 
412 41 14 17 0.031543344 
553 163 14 17 0.031515986 
918 165 14 17 0.031425882 
239 160 10 12 0.03138112 
525 59 14 17 0.03132414 
206 175 10 13 0.030985568 
520 179 25 34 0.030922452 
287 168 11 14 0.030894615 
448 48 9 11 0.030844677 
512 68 10 14 0.03081468 
339 146 21 26 0.030760447 
549 46 10 13 0.030757759 
550 51 10 13 0.030752406 
529 121 11 15 0.030554721 
477 125 19 23 0.030519754 
314 630 42 44 0.030421108 
203 178 11 15 0.030268889 
10 344 51 62 0.03018434 
453 85 10 14 0.030173982 
573 69 11 14 0.030017076 
736 189 22 31 0.02971304 
591 195 13 16 0.029655673 
529 237 35 43 0.029525582 
481 170 17 20 0.02939747 
456 46 9 12 0.029094838 
335 155 13 18 0.028419793 
317 197 26 38 0.028276818 
846 147 12 15 0.028246395 
358 155 13 17 0.028127074 
367 189 22 28 0.027892053 
1006 147 13 17 0.02782082 
727 141 12 16 0.027780175 
444 169 21 28 0.027723592 
134 236 47 54 0.02767243 
848 129 8 11 0.02766916 
591 41 12 15 0.027623642 
587 189 21 28 0.027565269 
570 203 25 33 0.027216863 
430 108 10 14 0.027189845 
614 170 13 17 0.027165672 
610 137 14 19 0.027146216 
330 175 21 28 0.02710028 
727 161 15 19 0.027056258 
338 91 13 18 0.02705327 
549 157 13 17 0.02704987 
844 170 13 16 0.026985463 
723 191 14 22 0.026923088 
599 187 21 27 0.026922818 
789 172 16 20 0.026914587 
752 230 26 25 0.026897416 
791 184 15 20 0.026883528 
711 261 34 45 0.026768213 
640 123 12 16 0.026674682 
322 186 23 32 0.0265389 
166 200 23 30 0.026498634 
504 180 25 32 0.026474364 
809 1 28 32 0.026385041 
404 34 23 26 0.0263406 
579 135 14 20 0.026277473 
698 198 25 30 0.02618487 
740 227 15 18 0.026157659 
551 64 8 12 0.02609354 
198 176 11 15 0.02607577 
942 198 24 33 0.02593284 
472 150 20 27 0.025755364 
394 179 16 19 0.02555622 
607 232 32 45 0.025327932 
894 511 59 65 0.025196802 
35 204 27 37 0.025041122 
289 85 10 13 0.024966924 
576 218 22 34 0.024965236 
557 194 15 16 0.02482962 
301 359 56 86 0.024825728 
729 265 33 46 0.02480031 
546 196 15 18 0.024701642 
614 126 10 13 0.024692854 
754 209 26 31 0.024683693 
865 233 25 30 0.024567923 
910 173 12 16 0.02437203 
209 167 9 12 0.024142208 
449 101 9 12 0.024053765 
515 220 15 21 0.024041103 
733 138 20 28 0.024039116 
549 40 10 11 0.023980483 
568 233 24 31 0.023880392 
500 61 11 13 0.023878023 
664 79 11 16 0.02376987 
645 139 17 22 0.023758635 
147 192 17 20 0.023696674 
275 19 17 20 0.023680523 
447 278 23 30 0.02366088 
765 182 16 20 0.023637936 
437 54 13 15 0.023601564 
512 161 13 19 0.023586255 
590 140 12 19 0.023354543 
555 226 28 34 0.023317685 
584 45 10 13 0.023288948 
451 54 19 24 0.023279388 
435 155 24 31 0.02323416 
18 319 57 61 0.02305949 
362 141 19 24 0.02300337 
75 230 40 49 0.022997953 
614 132 12 16 0.022968229 
541 39 11 13 0.022918154 
636 206 18 23 0.022891512 
302 18 22 28 0.022874208 
581 225 13 20 0.022873726 
551 205 30 34 0.02283253 
611 66 15 19 0.022778438 
602 149 15 20 0.022752836 
562 189 13 15 0.02274925 
785 243 16 21 0.022730252 
360 134 10 13 0.022527069 
962 212 16 22 0.022474924 
665 37 108 133 0.022288986 
821 146 13 16 0.02226584 
800 13 32 40 0.022196658 
799 138 12 16 0.022148084 
776 161 13 17 0.022140859 
292 4 12 14 0.02213267 
746 169 16 19 0.022034094 
430 57 12 16 0.021991953 
568 69 11 13 0.02197676 
233 189 15 19 0.021927811 
516 170 17 23 0.021870002 
493 46 11 14 0.021817798 
989 184 30 39 0.02170083 
606 134 12 17 0.021667227 
168 169 14 18 0.02163164 
300 83 14 16 0.021585405 
444 67 12 15 0.021583306 
322 151 18 25 0.021545965 
658 169 16 20 0.021412138 
512 61 11 14 0.021397924 
455 134 20 28 0.021342926 
225 191 13 16 0.0213163 
773 185 13 17 0.021258084 
523 197 26 33 0.021205742 
532 134 21 25 0.021109149 
766 135 14 19 0.021008424 
597 65 16 18 0.020936472 
818 230 24 31 0.020923575 
556 203 14 16 0.020818803 
661 70 19 26 0.020731594 
779 385 39 37 0.020709429 
488 52 10 14 0.020687122 
608 125 11 14 0.020627072 
545 242 49 60 0.020416334 
542 49 13 16 0.020375233 
277 198 25 33 0.020216763 
277 166 11 13 0.020198075 
540 215 17 20 0.02016678 
920 152 21 27 0.02006746 
195 176 21 26 0.020008184 
630 123 12 15 0.020004593 
247 14 23 27 0.020000596 
