50_Celebration_Or_Party_houseparty_50_715
788
808 557 11 15 0.59636456 
732 601 14 18 0.2715132 
835 565 13 15 0.2665997 
24 484 12 15 0.2560492 
607 570 14 18 0.24864142 
520 572 12 15 0.23832116 
253 598 15 19 0.22806168 
670 556 11 15 0.22743411 
805 645 13 17 0.22684881 
702 599 12 15 0.22426638 
526 595 13 16 0.22138664 
887 524 10 12 0.2126462 
614 542 13 15 0.20858645 
781 579 12 15 0.20607178 
690 582 12 15 0.19619425 
696 503 9 12 0.19236189 
855 550 11 13 0.18848795 
630 564 13 17 0.18568385 
670 603 13 16 0.1833913 
378 542 8 11 0.17610456 
800 532 11 13 0.16413793 
94 530 14 18 0.16163398 
799 527 10 11 0.1598709 
837 559 11 13 0.15449415 
360 648 12 17 0.15185453 
61 493 9 11 0.1516062 
918 583 14 18 0.14799541 
675 555 12 14 0.14495642 
794 602 15 18 0.13984865 
774 580 12 16 0.13854179 
832 589 11 14 0.1384621 
262 638 12 17 0.13756545 
191 512 11 13 0.13716488 
727 570 11 15 0.13653518 
150 534 10 14 0.13210742 
240 485 9 13 0.12823902 
160 529 12 17 0.12520808 
595 557 12 15 0.12188194 
673 495 7 9 0.11497961 
284 587 13 17 0.11434192 
652 578 12 15 0.11348668 
595 595 13 16 0.11327992 
415 548 8 10 0.11251135 
695 597 13 16 0.111097135 
122 477 8 10 0.108590424 
793 542 10 12 0.1082991 
678 534 12 15 0.10731645 
558 578 12 15 0.105415635 
844 566 13 15 0.1020132 
528 541 10 13 0.10075137 
653 554 11 15 0.10044949 
71 475 9 13 0.097632274 
723 494 8 10 0.097446114 
663 602 12 15 0.09723696 
733 564 11 14 0.09705648 
655 512 9 11 0.095055245 
751 602 12 16 0.09435392 
29 479 11 14 0.09342126 
207 497 11 12 0.09277774 
419 595 13 16 0.088122755 
95 585 14 20 0.087920845 
150 545 12 17 0.087410964 
148 472 9 11 0.08533522 
717 589 10 13 0.08375214 
783 556 10 13 0.08373762 
57 469 8 11 0.083676375 
726 543 10 13 0.08340508 
695 556 12 15 0.08232134 
127 512 11 12 0.08080263 
261 472 8 10 0.08014478 
104 470 9 11 0.07850633 
845 535 9 12 0.0782539 
58 532 16 18 0.07768067 
838 539 10 12 0.077503234 
162 470 8 10 0.07705844 
812 579 11 14 0.07668086 
86 462 9 11 0.07564165 
831 549 9 12 0.07489163 
132 516 12 15 0.07427738 
369 560 8 10 0.074069604 
539 563 12 17 0.07264559 
584 502 11 12 0.072380304 
144 476 9 10 0.07193973 
501 134 26 31 0.070862055 
120 515 12 14 0.07074146 
608 548 11 14 0.07070073 
145 548 11 15 0.07067855 
419 139 26 28 0.07039657 
474 177 27 32 0.069955766 
727 517 8 10 0.06963828 
33 471 8 10 0.06885432 
311 497 7 9 0.068268806 
815 516 9 12 0.06781436 
831 568 13 16 0.06716886 
136 479 8 9 0.06690887 
768 520 8 9 0.06678966 
864 534 10 12 0.0664524 
155 539 12 15 0.06562397 
675 468 9 10 0.065575555 
678 528 10 12 0.06532327 
644 531 11 15 0.06501386 
753 512 8 10 0.06459829 
787 580 10 13 0.06436122 
840 527 8 11 0.06357922 
748 582 11 14 0.06323706 
701 508 8 12 0.063199826 
319 487 7 9 0.0623376 
849 549 11 13 0.06210901 
911 528 10 12 0.061950292 
449 213 26 33 0.06185966 
738 511 8 10 0.061726734 
223 454 9 11 0.061635617 
304 525 8 11 0.061505873 
846 557 12 14 0.060907833 
558 516 10 12 0.060815465 
702 495 8 10 0.060422212 
105 476 9 10 0.059934303 
165 479 8 10 0.059286002 
881 532 9 11 0.0590496 
459 160 17 22 0.058816034 
775 500 10 11 0.05868166 
735 591 12 14 0.05859856 
667 629 13 19 0.058346104 
153 488 8 9 0.058108177 
195 592 15 18 0.058060024 
398 561 7 10 0.057998925 
73 49 387 422 0.05799077 
737 595 14 18 0.05792372 
674 464 8 10 0.05783396 
682 485 9 11 0.057627216 
325 527 8 10 0.057138633 
494 548 12 14 0.056792267 
742 511 8 10 0.056727696 
385 582 9 10 0.05660476 
881 578 17 21 0.056559455 
750 542 10 12 0.056195788 
678 586 12 14 0.05561536 
366 495 8 10 0.055435114 
803 537 12 15 0.05520778 
752 564 12 15 0.055197403 
738 492 8 10 0.055187054 
320 504 7 8 0.055134382 
533 162 51 70 0.05489518 
95 479 8 9 0.05444891 
150 477 8 9 0.05425977 
228 587 13 17 0.054241795 
698 496 9 11 0.054018416 
192 557 11 16 0.053918317 
581 578 13 16 0.0538035 
737 517 8 11 0.05341163 
268 638 12 16 0.052973695 
741 589 11 14 0.052767668 
749 532 10 12 0.05275478 
39 464 8 9 0.05274285 
187 515 10 14 0.052438393 
374 559 7 10 0.051927708 
558 425 9 10 0.0518388 
655 493 7 10 0.05178704 
394 560 8 10 0.0515927 
310 552 8 10 0.051465742 
177 478 8 11 0.051303998 
409 545 8 10 0.051121 
555 526 11 13 0.051109165 
102 462 8 10 0.05076013 
618 484 9 11 0.05055536 
885 530 11 12 0.049741037 
839 534 11 13 0.04936932 
609 541 12 15 0.04930146 
217 462 8 10 0.0492417 
754 496 8 10 0.048975043 
213 572 13 15 0.04894821 
663 517 9 11 0.048720777 
321 535 8 10 0.048564583 
862 602 13 18 0.04852292 
381 536 8 10 0.048422474 
736 560 10 13 0.048347518 
286 500 8 10 0.048224166 
568 534 10 13 0.04809141 
664 493 8 9 0.047877137 
343 526 8 10 0.047556154 
672 588 10 14 0.047454786 
720 567 11 14 0.047407154 
53 454 9 11 0.04722736 
788 557 10 13 0.047110528 
376 547 8 11 0.047090143 
97 463 8 9 0.047043934 
175 495 8 10 0.046825945 
768 585 13 17 0.046653293 
836 612 13 15 0.04664264 
605 556 12 14 0.046540055 
49 433 7 8 0.046310283 
598 602 12 15 0.046219915 
96 486 8 10 0.04616317 
777 494 9 11 0.04611328 
658 464 7 9 0.04609171 
791 547 10 13 0.045896582 
563 574 12 15 0.04571826 
744 540 10 12 0.04559391 
126 463 8 9 0.045357883 
712 502 7 8 0.04523482 
864 539 9 13 0.045205917 
126 532 14 17 0.045191936 
142 455 7 8 0.044863943 
887 543 12 15 0.044631135 
478 607 10 14 0.044370696 
204 531 12 16 0.044291463 
726 511 8 10 0.04416526 
630 455 7 10 0.04391239 
722 504 8 9 0.043908894 
721 548 11 15 0.043902252 
85 456 8 9 0.04370901 
125 479 8 9 0.043625735 
869 526 10 12 0.043494266 
728 536 8 10 0.04344862 
745 534 9 11 0.0433958 
504 557 11 14 0.04309018 
280 497 9 11 0.042787045 
611 629 12 15 0.04275646 
327 574 8 10 0.042720303 
422 544 9 11 0.04269977 
721 527 8 11 0.042400055 
29 509 13 15 0.042090412 
161 465 7 9 0.041905377 
559 511 11 12 0.04171546 
798 548 10 13 0.041685022 
247 541 10 12 0.041427154 
566 168 15 22 0.041383076 
566 541 11 15 0.041339457 
726 503 8 10 0.04113571 
744 494 7 9 0.040846072 
592 518 9 11 0.04077279 
879 572 14 17 0.04075543 
440 543 9 11 0.04064399 
721 511 8 11 0.040625103 
745 528 9 10 0.040183343 
199 532 11 14 0.04010674 
580 508 11 13 0.04001639 
16 482 12 15 0.040004704 
567 612 15 19 0.039980948 
113 488 8 10 0.039887376 
656 488 8 11 0.039803952 
690 503 8 11 0.039784938 
793 504 7 10 0.03968481 
390 582 9 11 0.03954539 
23 470 8 10 0.039290596 
192 492 8 11 0.039259575 
647 551 12 15 0.039168693 
777 652 14 17 0.039137013 
906 604 13 18 0.039058708 
673 503 8 10 0.038981892 
690 510 8 11 0.038972575 
881 526 10 12 0.038891762 
725 526 9 11 0.03882741 
663 445 8 9 0.038718797 
614 524 10 13 0.038653046 
939 564 14 19 0.038499482 
288 571 10 12 0.03843995 
728 598 13 17 0.03838561 
662 487 8 10 0.038230713 
662 540 11 13 0.03819724 
471 607 12 16 0.03817796 
539 555 12 16 0.038086414 
337 606 10 13 0.038026337 
34 464 8 10 0.037996538 
341 605 12 14 0.037879016 
787 642 13 16 0.037873603 
151 440 9 10 0.03779295 
534 548 13 14 0.0376652 
463 564 9 11 0.037609167 
611 556 12 15 0.037607547 
599 510 10 12 0.037564114 
700 502 9 12 0.037418056 
536 569 13 18 0.037361257 
783 518 9 11 0.037342202 
814 540 10 13 0.037329238 
664 556 12 16 0.03728244 
800 521 8 10 0.037115227 
262 519 8 10 0.037046198 
689 650 16 19 0.037038144 
966 603 14 19 0.037037794 
160 517 10 14 0.03685986 
870 514 12 13 0.036785938 
213 578 13 16 0.036764447 
125 522 14 17 0.036735013 
823 543 9 12 0.036601946 
783 464 8 9 0.036554962 
466 168 27 33 0.0365399 
649 573 12 16 0.036526743 
326 504 7 9 0.03641292 
118 456 9 9 0.036224723 
36 526 14 17 0.03618046 
193 480 8 9 0.03613152 
901 608 22 29 0.03609814 
836 550 10 12 0.036072448 
210 501 11 14 0.03599409 
701 563 12 15 0.035960387 
138 518 12 14 0.035787664 
722 516 8 10 0.035772957 
180 535 9 12 0.03573345 
695 617 15 20 0.03566894 
305 550 9 11 0.03565316 
102 550 12 15 0.03545925 
242 447 7 10 0.035407946 
809 519 9 11 0.035386786 
192 521 12 15 0.0353086 
122 462 8 9 0.035284214 
845 541 10 11 0.035265863 
393 479 7 9 0.03524979 
735 535 9 10 0.03516563 
664 441 7 9 0.03514308 
359 599 9 12 0.035133418 
353 32 486 522 0.03507774 
433 520 7 9 0.035062797 
111 542 11 13 0.03498795 
310 597 9 11 0.034698445 
28 503 12 14 0.03469016 
671 511 8 11 0.03463092 
159 486 9 10 0.034581132 
988 594 25 32 0.034456927 
113 456 8 9 0.034398858 
88 469 9 10 0.03435464 
144 424 7 8 0.03432909 
352 544 8 9 0.034278326 
775 441 8 9 0.034275096 
593 562 14 17 0.034154553 
81 455 8 10 0.03412907 
8 499 12 15 0.033991806 
538 484 9 11 0.03395345 
234 574 10 14 0.03386038 
755 597 11 15 0.033707503 
163 534 14 18 0.033640705 
215 538 13 16 0.03351572 
686 463 7 8 0.033481862 
812 534 10 12 0.033472084 
197 525 12 15 0.0334443 
100 538 13 15 0.03337276 
121 473 8 9 0.03314763 
821 621 11 15 0.033145897 
923 603 14 19 0.033115964 
111 493 11 12 0.033098057 
98 527 12 15 0.033070773 
598 118 43 50 0.033061925 
732 633 13 18 0.032993365 
680 481 8 10 0.03297973 
497 83 25 27 0.032869328 
739 564 12 15 0.03285657 
709 567 11 14 0.032850742 
879 567 11 13 0.032724313 
572 556 10 13 0.032685246 
590 448 8 10 0.032682043 
102 504 13 15 0.032653034 
185 440 8 9 0.032566857 
238 557 10 13 0.032550707 
136 472 7 9 0.032470185 
360 504 8 9 0.032452576 
832 606 11 14 0.032381576 
585 540 10 15 0.03233899 
836 595 10 12 0.032174617 
762 479 8 10 0.032113962 
677 502 8 11 0.032089103 
329 424 7 9 0.0320541 
145 532 11 15 0.031999018 
55 464 9 10 0.031979553 
390 599 11 14 0.031947352 
661 588 12 15 0.031884734 
710 496 7 10 0.031770155 
531 592 13 17 0.03175078 
833 544 8 11 0.031744562 
824 533 9 11 0.031596933 
638 495 9 11 0.03158363 
744 571 11 14 0.031484414 
554 532 12 14 0.031373356 
742 517 9 10 0.03136648 
615 495 10 12 0.031365186 
785 512 8 10 0.03128961 
888 605 13 16 0.0312489 
552 578 13 17 0.031140372 
726 488 8 10 0.030961743 
876 512 10 11 0.030935211 
59 498 11 17 0.030877128 
925 571 15 18 0.030834647 
231 505 9 11 0.030823333 
524 576 12 16 0.030815227 
702 550 10 14 0.030787695 
657 448 8 9 0.03076954 
567 564 12 14 0.03075838 
594 465 7 10 0.030732645 
329 489 7 9 0.03071134 
47 463 7 9 0.030703504 
222 470 8 10 0.030669214 
178 485 8 11 0.030646889 
615 501 9 10 0.030644001 
253 535 10 12 0.030638238 
777 557 10 13 0.030589834 
864 526 11 13 0.030577514 
613 597 11 14 0.030527294 
736 504 7 9 0.030514017 
733 541 9 12 0.030505361 
597 566 15 19 0.030488927 
230 406 8 10 0.030331248 
462 154 27 32 0.030321764 
671 533 12 14 0.030278096 
65 445 8 10 0.030262025 
70 464 8 11 0.030194163 
868 539 11 13 0.030167064 
866 509 10 12 0.030166304 
847 503 8 10 0.030143248 
609 525 10 13 0.030017259 
804 527 10 12 0.029938867 
685 555 12 15 0.029913062 
454 590 11 14 0.029885974 
324 534 9 10 0.029838743 
465 543 7 9 0.029808156 
808 574 11 14 0.029807298 
48 438 8 9 0.029792095 
872 555 11 14 0.02975018 
189 541 11 14 0.029554507 
172 532 11 15 0.029551744 
201 503 10 12 0.029550593 
688 457 6 7 0.029533518 
672 528 10 12 0.02951027 
245 557 12 15 0.029491518 
398 129 16 20 0.029449109 
797 592 11 13 0.02934045 
736 526 8 10 0.029333098 
604 507 11 13 0.029245513 
668 515 10 11 0.02920715 
655 503 8 10 0.029180495 
386 512 7 9 0.029179169 
104 446 8 10 0.02916701 
932 568 16 20 0.029112015 
385 118 17 17 0.029107394 
634 477 8 10 0.029069029 
814 521 11 14 0.02906246 
912 585 14 17 0.029052667 
70 445 8 10 0.029017795 
438 565 10 12 0.029004429 
649 511 9 12 0.02899514 
597 515 10 12 0.028873727 
687 516 9 11 0.028867535 
675 135 19 22 0.02879884 
168 152 18 20 0.0287806 
738 479 8 9 0.028716637 
905 530 11 14 0.028703474 
483 604 10 14 0.028691906 
184 470 8 10 0.028690038 
240 398 8 9 0.028672177 
367 605 9 14 0.02860778 
117 510 23 25 0.028582694 
218 456 9 11 0.028563013 
673 489 7 10 0.028477374 
342 503 7 9 0.028467508 
623 108 26 33 0.028427484 
293 573 10 14 0.028372914 
590 571 12 15 0.02836732 
822 548 12 13 0.028363423 
859 553 11 15 0.028354809 
54 447 9 10 0.02834058 
718 580 11 15 0.028289735 
306 496 8 10 0.028217562 
588 138 11 17 0.028182056 
621 510 9 11 0.027947687 
191 486 9 12 0.027940031 
812 551 12 15 0.02792746 
55 432 8 9 0.027890425 
366 502 8 10 0.027834123 
275 637 12 17 0.027749466 
165 511 10 12 0.027745947 
680 493 9 11 0.027729904 
563 214 12 17 0.027701063 
117 533 14 15 0.027608307 
64 465 8 10 0.027598795 
559 447 8 10 0.027585959 
261 629 14 18 0.027585922 
764 564 12 15 0.02758193 
523 566 12 16 0.027577173 
661 470 8 10 0.02757096 
192 471 8 10 0.02751269 
705 488 8 10 0.02751222 
840 495 8 9 0.027502405 
913 602 24 32 0.027497863 
639 448 7 8 0.027451802 
649 494 9 10 0.02744731 
848 510 8 11 0.027427875 
454 196 26 31 0.027412029 
119 521 12 15 0.02739761 
527 535 10 13 0.027342442 
304 532 8 10 0.027339775 
499 543 11 13 0.02729707 
891 519 11 13 0.027270311 
773 562 11 15 0.027251596 
219 580 12 15 0.02722738 
456 560 9 10 0.027214741 
49 447 8 10 0.02718179 
710 546 11 15 0.027157249 
14 500 12 14 0.027113406 
928 599 26 34 0.027094813 
259 608 15 18 0.026988612 
781 646 13 16 0.026945602 
661 524 11 13 0.02689394 
712 512 7 10 0.026875323 
809 650 14 16 0.026853694 
700 591 12 14 0.026827239 
877 555 11 14 0.026789589 
605 597 12 15 0.026729446 
623 557 12 15 0.026686978 
188 549 12 15 0.026671167 
581 584 14 19 0.026612772 
682 538 11 14 0.026538631 
807 587 10 14 0.026470646 
254 557 9 13 0.026408011 
824 527 9 12 0.026390467 
280 532 9 12 0.026372856 
244 516 10 12 0.026313366 
755 567 14 17 0.026292095 
47 500 23 28 0.026220292 
855 544 9 11 0.02620278 
551 540 10 13 0.026185513 
646 587 13 16 0.026174268 
821 668 15 17 0.026129372 
745 505 7 10 0.02611045 
704 519 8 11 0.026105175 
355 130 27 28 0.026097637 
656 605 11 13 0.026096754 
233 117 30 33 0.026064038 
81 460 10 12 0.026035981 
471 194 24 31 0.026024725 
720 533 9 10 0.02591222 
702 464 7 9 0.025906371 
108 500 14 16 0.025845772 
272 495 9 11 0.025815126 
759 500 8 10 0.025813015 
607 501 10 12 0.025801009 
607 534 10 12 0.02574638 
334 611 12 16 0.02571277 
649 449 7 8 0.025669537 
232 558 10 12 0.025662377 
444 118 17 20 0.02565474 
660 611 14 17 0.025651824 
879 549 12 14 0.025639119 
672 456 8 9 0.02563719 
621 534 13 16 0.025597151 
201 463 7 9 0.025593387 
768 512 8 9 0.025592664 
696 472 8 10 0.025571683 
583 495 10 12 0.025515914 
939 598 27 34 0.025470693 
306 502 8 9 0.025456233 
661 479 9 10 0.025441404 
672 579 12 16 0.025425212 
802 596 12 16 0.025413256 
914 591 49 53 0.025401443 
244 548 11 13 0.025303636 
391 512 8 9 0.02529385 
221 566 10 13 0.02525743 
840 503 9 10 0.025207285 
774 534 9 11 0.025195947 
40 432 7 8 0.02516633 
343 495 8 9 0.025109997 
260 551 9 11 0.02504336 
963 566 13 16 0.025038594 
752 501 9 10 0.025031159 
351 566 8 11 0.025015865 
586 447 7 9 0.024995066 
778 463 8 11 0.024947675 
893 534 10 12 0.024937743 
391 470 7 9 0.02493602 
69 440 8 10 0.024913829 
512 507 9 12 0.024913196 
804 128 20 20 0.024898369 
576 577 12 16 0.024845703 
174 431 8 10 0.02483168 
540 574 13 18 0.024815878 
136 463 7 10 0.024815252 
488 618 11 15 0.024783242 
844 527 10 11 0.02476633 
580 129 29 39 0.024647614 
414 527 9 10 0.024618264 
698 611 14 19 0.024617082 
143 431 7 9 0.024607489 
559 544 12 18 0.024545379 
361 488 8 9 0.024516655 
931 603 16 21 0.024495998 
776 550 11 13 0.024493339 
257 518 9 11 0.024461674 
548 572 13 17 0.024440328 
359 511 7 9 0.024405345 
195 509 12 14 0.024382573 
249 536 10 11 0.024380906 
708 486 9 11 0.0243471 
90 476 9 10 0.024343073 
726 577 12 16 0.024330892 
589 550 12 16 0.024304 
344 488 8 9 0.024292571 
336 583 9 11 0.0242343 
461 585 12 16 0.024233542 
585 136 91 108 0.024230143 
302 606 11 13 0.024120376 
483 184 26 32 0.024073346 
577 519 10 12 0.024038814 
635 558 12 15 0.024035644 
658 578 13 17 0.02403329 
135 498 12 15 0.023988578 
885 553 12 15 0.023975683 
800 649 14 18 0.02397163 
345 543 7 9 0.023959447 
143 449 8 9 0.023909707 
345 520 7 9 0.02382397 
280 549 9 10 0.023803882 
20 500 14 16 0.023771206 
216 437 9 10 0.023762496 
70 483 10 14 0.023758618 
776 487 9 10 0.023695821 
270 580 10 14 0.023691038 
382 604 12 14 0.023626316 
208 392 7 9 0.023605524 
336 598 10 13 0.023579217 
754 489 7 9 0.023556164 
169 501 8 11 0.023545142 
633 569 13 17 0.023526436 
665 456 7 8 0.023404527 
568 414 7 8 0.023373963 
831 526 9 13 0.023358043 
258 475 9 12 0.023327796 
312 556 9 11 0.023298869 
783 524 10 13 0.023297485 
802 557 11 14 0.023269089 
347 603 13 17 0.023268024 
574 524 10 13 0.023177218 
484 612 11 15 0.0231394 
768 524 9 10 0.023135448 
310 544 8 10 0.023091909 
704 524 9 11 0.023080213 
433 566 9 11 0.023028448 
854 517 8 11 0.022990359 
855 533 9 12 0.022989914 
841 509 8 11 0.022941796 
202 593 14 18 0.022936834 
161 448 7 8 0.022933975 
789 562 11 15 0.022842238 
354 512 7 9 0.022801228 
675 598 12 16 0.022774989 
821 598 12 15 0.022753768 
709 519 8 11 0.02272359 
582 463 8 10 0.022714572 
791 509 8 10 0.022704242 
614 589 11 14 0.022699788 
95 447 8 10 0.022623817 
600 493 9 11 0.022606451 
660 550 12 15 0.022588849 
435 653 13 17 0.022528714 
416 592 12 14 0.02252195 
713 456 7 9 0.022512758 
115 550 13 17 0.0224899 
329 613 10 14 0.022486331 
822 643 10 14 0.022429537 
847 515 10 13 0.022371935 
773 539 11 14 0.022350613 
865 516 10 11 0.022337548 
183 541 10 13 0.022325115 
200 495 10 12 0.022273622 
655 455 7 8 0.022268614 
108 471 9 10 0.022206789 
370 550 8 10 0.022124365 
193 532 11 13 0.022063278 
809 495 8 11 0.022056527 
234 432 7 9 0.022035163 
308 519 9 11 0.022029718 
4 493 12 14 0.022007907 
253 591 13 17 0.021937609 
663 533 11 13 0.021935362 
336 488 7 9 0.0219328 
337 503 8 9 0.02192401 
138 456 7 8 0.021883128 
648 455 8 8 0.02187462 
286 433 7 9 0.021867616 
722 489 8 10 0.021834511 
337 495 7 8 0.021803033 
65 476 9 12 0.021785002 
352 488 6 8 0.02175631 
98 423 7 8 0.021736048 
271 541 10 12 0.02172971 
38 468 8 11 0.021690192 
353 558 8 10 0.021634525 
109 552 14 19 0.021616098 
241 453 7 9 0.021602336 
562 585 13 18 0.02155679 
320 580 9 11 0.021545986 
439 520 7 9 0.021545779 
440 548 9 11 0.021542007 
241 417 8 9 0.02153991 
237 564 11 13 0.021524455 
56 425 8 8 0.021468397 
758 588 11 15 0.02142934 
2 460 9 15 0.02139822 
126 503 9 12 0.021361409 
831 533 9 12 0.021330886 
687 472 8 9 0.021326281 
641 528 10 13 0.021290947 
626 539 12 15 0.021285752 
205 471 8 10 0.021283774 
756 560 12 14 0.02126504 
328 567 9 12 0.021263182 
400 503 8 9 0.021242855 
539 518 9 12 0.021238608 
854 511 8 10 0.021236744 
598 469 9 11 0.02121809 
447 543 8 10 0.02121585 
160 512 9 12 0.02120327 
454 517 7 9 0.021201078 
424 527 8 9 0.021200439 
215 409 7 8 0.021196928 
649 488 7 10 0.02119271 
63 453 8 10 0.021153444 
126 472 8 9 0.021147763 
798 572 10 15 0.021142296 
568 527 9 12 0.021139977 
262 618 14 17 0.021016313 
559 489 9 10 0.020998305 
893 555 11 15 0.020956295 
640 488 8 10 0.020918664 
321 576 8 10 0.020912603 
639 477 8 10 0.020910686 
713 461 8 10 0.020907708 
501 120 32 33 0.020891989 
824 510 8 11 0.020867914 
63 468 10 13 0.020864684 
617 508 9 11 0.020859469 
462 607 12 15 0.020839931 
319 481 7 8 0.020809501 
185 463 9 10 0.020796271 
206 463 8 10 0.020744454 
791 526 10 12 0.020736735 
766 454 9 11 0.02071614 
200 470 8 11 0.020707812 
390 576 9 11 0.020702409 
726 479 8 9 0.020691182 
280 591 12 16 0.020685682 
599 479 9 9 0.020662848 
775 527 9 10 0.02065762 
390 587 11 13 0.020656712 
664 421 7 9 0.020638024 
234 578 13 17 0.020637948 
644 130 16 19 0.020635962 
432 471 7 9 0.020628467 
866 598 12 16 0.020616569 
279 571 10 13 0.020602502 
454 512 7 10 0.020584662 
590 496 9 12 0.020574188 
654 613 13 18 0.02057332 
450 113 16 19 0.020571198 
326 542 8 9 0.02055947 
757 516 8 11 0.020559128 
145 539 13 17 0.020557849 
381 547 9 11 0.020546261 
264 437 8 10 0.020541925 
55 526 13 17 0.02053639 
711 578 12 15 0.020536274 
213 117 31 34 0.020528516 
159 152 34 32 0.020521916 
88 447 7 9 0.020482225 
769 440 8 10 0.020475667 
487 93 26 27 0.020424541 
245 511 9 12 0.02040314 
439 495 8 9 0.020402782 
485 125 30 35 0.0203909 
800 489 8 9 0.020378059 
352 519 7 9 0.020372797 
460 221 17 22 0.020330433 
459 177 38 50 0.020328462 
627 548 13 15 0.020326061 
417 512 7 8 0.020311277 
548 134 34 37 0.02027799 
306 441 7 9 0.02026959 
799 495 8 10 0.020215958 
546 147 38 44 0.02019562 
366 488 8 10 0.020177191 
633 471 8 10 0.02017478 
256 454 8 10 0.020173613 
951 598 25 32 0.020154692 
53 571 12 15 0.020120757 
534 522 11 13 0.020101203 
661 573 12 15 0.020094054 
165 548 12 16 0.020068439 
110 461 9 11 0.020066874 
228 624 16 19 0.020063072 
283 138 17 19 0.02002566 
611 602 13 17 0.020005656 
