50_Celebration_Or_Party_birthdayparty_50_134
194
854 284 30 35 0.99840814 
11 335 21 27 0.8713001 
616 311 9 11 0.8684552 
83 354 14 19 0.53489566 
551 314 13 15 0.5201413 
559 344 13 17 0.4551008 
798 302 10 12 0.4443002 
540 349 11 14 0.3328574 
581 317 10 12 0.32920718 
883 357 114 155 0.3139118 
650 303 10 12 0.29029778 
597 332 10 14 0.26949278 
497 334 8 10 0.26254624 
503 335 9 10 0.24418843 
578 311 10 12 0.20939374 
598 351 10 14 0.20474032 
423 341 8 10 0.19718364 
485 321 7 10 0.19265854 
804 353 22 29 0.17953874 
547 321 14 17 0.17934217 
572 528 14 17 0.17835394 
760 303 11 13 0.16058104 
609 347 9 14 0.15680803 
743 304 10 12 0.14572382 
479 332 11 12 0.14315325 
481 324 10 12 0.13761196 
724 295 10 12 0.12961495 
442 350 8 9 0.12892188 
446 350 8 10 0.12802494 
640 308 9 12 0.1217937 
490 575 44 51 0.115465425 
543 330 11 13 0.11504404 
448 344 8 10 0.111801796 
928 336 19 24 0.11176282 
576 323 11 14 0.10806939 
434 364 9 11 0.09936652 
509 341 8 11 0.09928256 
430 343 8 11 0.09899786 
566 521 24 28 0.0967813 
509 336 7 10 0.09456408 
422 338 7 9 0.08845336 
574 519 11 12 0.08552733 
529 334 8 11 0.08185972 
738 308 10 12 0.078169994 
548 331 13 15 0.07738854 
873 312 22 31 0.07608201 
552 341 13 15 0.075307846 
504 338 10 13 0.072089046 
450 567 52 61 0.071965635 
894 336 24 31 0.068445764 
453 344 8 9 0.06820661 
486 332 10 14 0.06623796 
558 509 8 10 0.06394582 
589 554 55 74 0.063856855 
736 303 9 11 0.061237335 
592 354 14 15 0.060830478 
806 310 10 13 0.060767535 
578 525 13 16 0.059100043 
471 336 10 12 0.05889863 
440 344 7 9 0.0572164 
628 348 12 16 0.05658015 
417 351 8 11 0.054942045 
555 321 12 16 0.054288458 
574 342 10 14 0.054143466 
550 592 36 37 0.053984027 
807 315 10 14 0.053677734 
86 371 12 15 0.053177364 
631 391 27 32 0.053046405 
923 315 12 14 0.052734572 
419 341 7 11 0.052179113 
422 348 9 11 0.051654294 
749 304 10 12 0.05151228 
119 415 10 13 0.049351033 
486 341 10 13 0.04871092 
792 304 11 15 0.04689813 
541 342 13 16 0.046741474 
587 638 16 21 0.046657875 
387 366 10 14 0.04643106 
591 326 10 14 0.0461659 
409 368 7 10 0.04541679 
611 341 11 16 0.04513219 
567 536 12 16 0.04513145 
88 361 15 17 0.044395447 
707 301 11 12 0.04294492 
0 345 12 18 0.04162721 
631 354 11 14 0.041245468 
478 341 11 14 0.040844593 
476 506 11 13 0.040680315 
554 509 8 10 0.040602975 
721 332 13 18 0.04000135 
601 502 8 10 0.03999667 
22 369 14 21 0.03997679 
553 505 8 9 0.039774228 
606 326 10 15 0.03973281 
596 516 12 13 0.039429985 
384 350 8 10 0.039397098 
397 537 96 115 0.038962796 
652 316 12 15 0.038479637 
803 339 14 18 0.038190372 
446 356 9 10 0.038173467 
503 349 11 14 0.037850432 
599 311 10 12 0.037809134 
547 545 89 103 0.03779052 
484 346 13 16 0.03751799 
24 337 13 20 0.0372397 
494 338 11 14 0.03622089 
555 509 44 61 0.03618605 
562 525 10 14 0.03581334 
528 339 10 13 0.03550609 
438 359 10 12 0.03542057 
568 511 8 10 0.03539692 
612 329 13 17 0.035283048 
929 332 30 39 0.035009887 
509 349 11 14 0.034878477 
442 336 8 10 0.03433166 
775 322 13 17 0.0339518 
477 345 15 17 0.033663865 
550 346 12 16 0.033503983 
621 316 10 12 0.032905396 
407 373 7 10 0.03279968 
581 348 10 14 0.03255948 
534 566 58 66 0.032527484 
534 333 10 13 0.032061707 
504 562 54 64 0.031923264 
614 305 16 23 0.031887162 
817 361 13 19 0.031315085 
634 308 9 10 0.030906316 
516 390 10 12 0.030839082 
646 296 18 24 0.030809697 
219 118 63 75 0.030619506 
910 335 24 28 0.030523527 
579 629 27 34 0.030448448 
534 342 12 15 0.03044577 
446 337 8 10 0.03026746 
873 293 16 23 0.030252011 
606 535 12 14 0.02995859 
446 366 8 9 0.029909223 
567 324 12 15 0.029702095 
559 505 8 9 0.029249856 
593 512 9 11 0.028515954 
771 362 11 15 0.028252544 
586 578 14 18 0.028119868 
556 335 12 15 0.02804684 
142 389 14 17 0.027408816 
429 349 9 10 0.027298992 
615 356 9 12 0.027231093 
881 316 24 31 0.027137894 
798 358 18 22 0.027039284 
508 354 13 16 0.026979618 
85 346 21 28 0.0267645 
793 297 18 22 0.026472624 
644 335 11 12 0.026432468 
799 346 14 17 0.026340023 
414 365 9 12 0.025772458 
112 412 10 13 0.025652686 
750 316 11 15 0.025483627 
400 375 9 10 0.025223024 
116 388 13 16 0.025075004 
629 325 10 13 0.02496785 
750 324 15 18 0.024795663 
464 357 9 11 0.02477597 
494 349 10 13 0.024652464 
42 403 15 20 0.024378365 
630 321 8 10 0.02414163 
597 509 11 13 0.02387782 
447 374 8 12 0.023637936 
465 340 8 12 0.023047665 
463 563 12 15 0.022765286 
446 496 11 15 0.022614628 
756 378 21 28 0.02237147 
718 328 11 14 0.022324588 
639 339 11 15 0.022285242 
578 517 26 32 0.021649247 
573 512 9 10 0.021608774 
4 334 18 24 0.021534938 
550 526 10 12 0.02151782 
595 358 15 18 0.021517776 
472 348 10 13 0.021397145 
517 349 10 13 0.021327607 
593 564 33 39 0.021220941 
605 355 10 13 0.021211455 
93 405 9 12 0.02111983 
917 317 24 28 0.021045553 
487 366 9 11 0.020941777 
567 504 8 11 0.02093452 
548 354 13 16 0.020872187 
452 348 10 12 0.020720841 
426 564 53 70 0.02059857 
576 314 18 23 0.020551534 
400 366 9 12 0.0203637 
726 309 9 12 0.020198276 
544 525 9 12 0.020174153 
610 311 8 11 0.020161035 
915 305 23 27 0.020024106 
