50_Celebration_Or_Party_birthdayparty_50_196
52
182 327 341 451 0.9990159 
183 1077 72 76 0.44413432 
89 1602 124 115 0.34601834 
143 190 57 68 0.1194242 
285 1756 10 11 0.11220415 
92 1600 38 44 0.10275849 
1006 587 13 17 0.08353642 
759 1538 10 13 0.07813287 
111 1587 174 186 0.07040759 
318 1653 95 109 0.06327845 
835 1553 16 21 0.062004264 
266 1082 47 61 0.061765388 
787 1043 87 96 0.06030348 
834 603 14 17 0.060191248 
157 1091 96 114 0.055901002 
975 587 15 19 0.049468614 
911 1546 53 75 0.048340667 
122 1812 76 64 0.046940558 
169 1175 10 13 0.045401286 
131 1067 53 88 0.043598324 
1012 591 13 18 0.04155547 
936 584 13 18 0.03661015 
75 447 470 525 0.03553299 
974 569 14 17 0.034154657 
175 1610 183 196 0.03334248 
807 2123 11 12 0.031957366 
95 1611 65 72 0.030509323 
110 1316 117 152 0.028611146 
224 1080 60 65 0.026718158 
261 1673 117 124 0.026426038 
305 1033 62 82 0.026260018 
642 1222 40 55 0.025590124 
115 179 63 81 0.0253438 
608 1111 7 8 0.024905248 
165 1166 23 31 0.024856515 
908 576 15 18 0.024651488 
915 577 15 18 0.023976695 
963 571 15 18 0.023742415 
171 1178 13 15 0.023507133 
148 97 420 460 0.02332544 
623 1118 9 12 0.023180313 
907 1579 48 66 0.022491915 
925 577 15 19 0.02222676 
704 1143 59 64 0.021900114 
622 1124 8 11 0.021880869 
146 1793 102 103 0.02166637 
764 1553 17 21 0.021402502 
648 1100 8 11 0.02127091 
828 1554 27 36 0.021189598 
971 579 17 20 0.020930052 
275 1751 28 32 0.020817792 
692 86 22 28 0.020534832 
