50_Celebration_Or_Party_houseparty_50_189
28
357 144 97 107 0.99753857 
284 392 36 38 0.5756589 
1008 191 13 22 0.079770714 
980 570 11 13 0.062890515 
199 480 8 11 0.057016186 
190 486 10 13 0.049258556 
510 582 8 11 0.048676383 
1001 412 21 47 0.04443615 
787 218 12 16 0.0399764 
720 567 10 13 0.0318513 
1004 193 19 35 0.030519474 
870 171 10 14 0.028971532 
193 481 10 12 0.027576892 
1013 73 11 16 0.026386887 
936 174 11 13 0.0263082 
1012 252 9 14 0.024399834 
554 560 8 10 0.02316263 
738 190 13 18 0.022957165 
1010 290 11 18 0.022235893 
131 473 12 14 0.022074074 
292 152 11 16 0.021985125 
287 204 11 14 0.021968162 
758 214 14 17 0.021066906 
591 589 10 13 0.020930728 
788 238 10 13 0.020613825 
574 590 9 10 0.02059661 
972 581 12 15 0.020255854 
976 572 11 14 0.020048639 
