50_Celebration_Or_Party_houseparty_50_173
57
763 235 32 35 0.9980222 
322 421 27 32 0.9918936 
409 276 25 30 0.9907611 
711 300 24 28 0.9295877 
578 165 47 57 0.57339317 
255 226 16 20 0.32618457 
859 293 16 21 0.25964093 
342 453 16 21 0.23101996 
278 466 32 45 0.20072198 
374 366 16 22 0.1655268 
367 226 425 500 0.15747647 
245 222 44 54 0.1443529 
296 448 32 44 0.11222499 
765 327 11 13 0.11144145 
874 333 18 23 0.09770142 
707 349 13 16 0.08857173 
405 401 15 20 0.08370062 
763 229 15 23 0.071475096 
941 505 12 17 0.060314532 
410 369 10 15 0.057446744 
835 102 193 292 0.053891737 
176 427 16 19 0.05124072 
222 465 12 16 0.05046957 
376 405 10 14 0.044182375 
437 261 16 18 0.041810673 
990 461 15 19 0.040862605 
428 261 21 27 0.03666458 
504 348 26 29 0.036042843 
768 377 13 17 0.03530479 
395 279 38 47 0.034764133 
999 413 13 17 0.03437898 
670 404 12 16 0.03351694 
385 646 31 33 0.03191046 
707 338 16 18 0.030036451 
714 330 17 19 0.02889431 
740 322 13 17 0.028236978 
320 415 43 57 0.027971111 
732 348 13 17 0.026679404 
717 328 25 31 0.026415067 
990 238 15 23 0.02608805 
750 324 12 15 0.025966996 
329 431 27 35 0.025480712 
305 447 17 23 0.024834637 
757 330 13 15 0.024621353 
773 353 14 17 0.02391376 
248 204 29 28 0.02327517 
304 433 32 44 0.023142025 
750 374 12 15 0.022750232 
716 347 13 17 0.022283921 
734 323 13 19 0.022075983 
766 340 12 16 0.021891994 
178 421 25 32 0.021722443 
705 344 22 27 0.021692667 
771 342 13 16 0.020720571 
399 278 18 23 0.020603513 
469 227 14 16 0.020465322 
377 296 40 51 0.020391334 
