50_Celebration_Or_Party_houseparty_50_788
32
658 100 35 37 0.9947332 
84 80 38 47 0.99011606 
246 114 39 47 0.98951083 
409 112 42 47 0.9870569 
762 147 31 39 0.9725833 
544 137 31 38 0.9698075 
930 153 33 39 0.489838 
455 325 32 41 0.27706552 
930 171 30 32 0.15840723 
110 61 36 42 0.12928355 
457 236 23 31 0.10145198 
818 118 25 32 0.08039 
306 361 37 61 0.066883504 
839 133 31 38 0.052193757 
369 440 47 55 0.04337416 
203 115 17 24 0.040671952 
628 129 36 48 0.038029056 
776 148 28 35 0.03412696 
548 135 16 20 0.03144143 
827 204 41 53 0.030793028 
101 80 36 45 0.029667119 
57 0 17 17 0.028592309 
211 115 17 24 0.026544569 
554 353 45 49 0.026536437 
151 112 25 33 0.026230229 
603 158 16 22 0.02595407 
203 364 39 50 0.02590412 
590 143 26 39 0.025438996 
563 148 29 35 0.02540017 
490 215 33 42 0.024823386 
222 368 29 32 0.024637379 
123 77 20 24 0.021959767 
