41_Swimming_Swimming_41_730
20
200 102 172 236 0.57692254 
355 116 225 285 0.28609565 
259 105 213 250 0.15271601 
449 207 58 69 0.08255853 
16 142 119 164 0.064289294 
149 -5 52 53 0.05947616 
13 28 111 141 0.049017824 
31 192 130 184 0.04705066 
746 634 19 24 0.03769411 
23 66 164 199 0.031758513 
433 196 94 111 0.029458161 
489 353 377 504 0.028903747 
35 10 52 75 0.028106818 
793 299 90 130 0.027814297 
557 150 67 85 0.026903702 
744 249 55 78 0.025665887 
811 339 52 73 0.023446523 
819 609 16 19 0.023005154 
636 779 42 44 0.020429697 
723 572 55 69 0.02028956 
