41_Swimming_Swimmer_41_380
100
566 106 10 14 0.8838832 
465 226 18 20 0.85785806 
605 109 11 13 0.74825805 
592 201 15 18 0.5842558 
441 275 16 18 0.4614556 
460 264 14 18 0.2992666 
556 212 11 16 0.19350737 
584 175 12 15 0.16721223 
399 293 13 16 0.11816059 
601 114 11 14 0.112142764 
499 220 11 15 0.09029177 
527 295 14 15 0.08550445 
562 139 21 27 0.08121537 
416 261 10 12 0.07941304 
584 134 9 12 0.07898634 
623 143 10 13 0.07633699 
491 259 13 15 0.076104976 
574 129 11 15 0.07604603 
482 300 26 28 0.07498305 
572 107 9 13 0.0739826 
398 282 22 26 0.0710562 
505 192 8 11 0.06827822 
569 204 12 14 0.067936055 
403 273 16 20 0.067678705 
506 272 13 16 0.06587344 
908 187 33 38 0.05872284 
590 134 9 13 0.058399938 
510 134 9 11 0.05505074 
550 133 9 13 0.053125676 
561 117 9 11 0.051604934 
835 183 31 32 0.051309656 
567 129 12 17 0.050710253 
575 228 39 54 0.04873 
503 195 12 17 0.047168102 
598 180 11 14 0.046542365 
561 248 29 37 0.043049727 
326 517 9 11 0.042903874 
409 290 16 20 0.042538386 
588 188 15 18 0.041817058 
601 258 12 17 0.04155487 
559 126 11 15 0.040599715 
467 266 13 17 0.040456746 
850 181 29 34 0.03752601 
422 470 12 16 0.035446562 
412 445 15 19 0.03520502 
599 487 25 35 0.034995534 
836 192 18 21 0.034579035 
597 187 13 17 0.033264216 
467 237 18 20 0.03323346 
906 150 13 14 0.03304042 
567 218 11 15 0.031931363 
471 302 26 28 0.031764273 
392 299 10 14 0.031749334 
518 315 52 55 0.03125361 
471 231 16 19 0.030655023 
571 198 12 15 0.030483617 
484 254 15 18 0.030300377 
494 207 20 30 0.030184742 
653 173 10 14 0.030054003 
417 308 11 13 0.030040067 
889 211 29 33 0.02996108 
602 105 18 22 0.029958861 
482 553 14 17 0.029699612 
438 303 12 15 0.02934117 
564 265 14 18 0.02743455 
867 184 24 36 0.027349362 
393 292 11 17 0.027084867 
478 293 13 13 0.026796227 
512 227 9 14 0.0246863 
384 381 10 13 0.024639854 
605 123 12 15 0.024528584 
597 132 9 13 0.024317816 
821 158 9 12 0.024057496 
570 150 14 18 0.024013361 
729 135 10 12 0.023793282 
412 266 13 18 0.023733582 
582 117 9 12 0.02364555 
815 156 11 15 0.02345773 
927 454 64 80 0.022930069 
875 412 13 14 0.022885839 
822 165 8 11 0.022701206 
550 140 9 13 0.02258001 
490 313 14 16 0.02257895 
461 299 25 27 0.02215386 
691 66 14 16 0.022090834 
460 253 16 19 0.0220645 
560 145 12 17 0.021753706 
886 182 33 40 0.021647949 
745 107 10 13 0.02145361 
525 291 23 24 0.02135945 
478 253 12 14 0.021329075 
494 352 14 18 0.021048442 
899 223 15 17 0.02096557 
510 220 11 15 0.02078018 
667 279 14 16 0.0207156 
877 201 11 16 0.02057495 
383 376 10 12 0.020513747 
491 295 17 19 0.02037572 
509 253 9 12 0.020355608 
599 151 10 14 0.020202259 
