41_Swimming_Swimmer_41_308
28
865 21 112 106 0.4581323 
479 123 43 60 0.11247684 
500 119 48 66 0.07852977 
573 51 85 123 0.0650896 
531 77 95 123 0.050023433 
473 112 81 106 0.04231491 
-34 129 397 500 0.04137247 
509 109 30 34 0.04060108 
527 192 50 53 0.039387047 
915 66 39 39 0.037386224 
832 -4 173 206 0.030449169 
482 130 16 22 0.02980697 
685 142 62 59 0.029094718 
441 318 236 268 0.028688628 
477 129 24 36 0.028394941 
541 96 57 76 0.027751807 
496 158 58 79 0.027161092 
491 121 30 36 0.025333831 
548 -62 401 435 0.025329081 
508 116 18 24 0.025269179 
471 140 32 43 0.024052886 
515 93 51 69 0.023182845 
288 113 222 245 0.022131171 
468 118 27 37 0.021355417 
495 180 12 16 0.020671247 
250 266 217 209 0.02066487 
467 161 31 40 0.02059141 
468 150 56 74 0.020001633 
