41_Swimming_Swimmer_41_607
145
397 81 126 191 0.9972435 
346 547 59 62 0.86795276 
230 103 9 12 0.3484914 
298 130 13 17 0.21529497 
133 39 8 10 0.18181698 
142 55 8 11 0.15268306 
220 145 12 16 0.12212633 
220 130 12 15 0.1170899 
85 119 9 11 0.113915555 
181 57 9 12 0.11029956 
6 158 11 13 0.109420255 
225 107 9 13 0.108501546 
214 109 8 11 0.10001837 
127 85 10 13 0.09951545 
152 29 8 10 0.09649157 
102 57 9 10 0.09343311 
269 155 12 16 0.09072569 
255 116 9 12 0.08706457 
188 125 10 12 0.08615238 
209 111 9 11 0.08488033 
1 122 9 13 0.08359896 
145 29 7 11 0.08176886 
86 124 9 11 0.075924814 
97 57 8 11 0.07120645 
207 48 9 11 0.070672944 
206 116 9 11 0.06976035 
168 30 8 11 0.06684562 
517 205 15 19 0.065589614 
175 113 9 11 0.060509034 
177 60 9 11 0.05854847 
184 119 8 12 0.057849616 
136 33 8 10 0.057596486 
199 47 9 11 0.056885935 
246 109 11 14 0.056134697 
201 117 9 11 0.054933302 
286 113 12 16 0.052610368 
7 121 8 11 0.050517052 
191 63 8 10 0.048340715 
261 126 9 12 0.047677185 
975 95 9 11 0.047666192 
178 299 398 375 0.045269556 
190 118 9 12 0.044322204 
40 158 7 10 0.04414253 
159 30 8 11 0.04336702 
236 102 11 14 0.042398717 
128 45 9 12 0.042021673 
279 125 10 12 0.041941553 
0 247 8 12 0.04184568 
156 23 11 13 0.04140074 
167 38 8 10 0.041180022 
104 8 8 9 0.040971782 
256 88 10 13 0.040554505 
222 201 36 57 0.039684057 
263 160 13 15 0.038752694 
118 5 9 11 0.03758361 
106 47 8 10 0.037309654 
218 127 9 13 0.036436196 
98 134 9 11 0.03566469 
189 132 9 12 0.035491258 
122 85 9 12 0.035298258 
89 61 9 11 0.035066556 
138 60 8 11 0.034691423 
96 8 8 9 0.034402087 
244 132 13 18 0.03338129 
234 183 18 22 0.033181895 
132 86 9 11 0.032123845 
216 86 10 12 0.031868957 
643 462 11 13 0.03165325 
133 43 8 11 0.03160314 
32 157 8 10 0.031596515 
238 105 12 16 0.031456232 
201 51 10 13 0.031363882 
192 70 8 11 0.031359434 
55 160 8 9 0.030289961 
110 47 8 11 0.029829992 
691 754 25 29 0.029443603 
239 127 11 14 0.028993381 
49 87 8 10 0.028839856 
285 124 10 15 0.028804205 
287 131 9 13 0.02866854 
110 53 8 11 0.028623154 
78 30 7 9 0.028240366 
231 98 10 12 0.02820512 
118 116 9 11 0.028197987 
150 53 9 12 0.028084803 
144 48 9 10 0.027903005 
225 63 95 126 0.02761707 
260 91 11 13 0.02720997 
257 156 11 15 0.026977213 
38 153 8 10 0.02683981 
572 204 13 16 0.026801085 
215 117 8 11 0.026547525 
73 30 8 10 0.026369821 
86 113 8 10 0.026271446 
216 126 19 26 0.026072001 
160 38 8 10 0.025833586 
230 193 13 19 0.025613483 
209 40 8 10 0.025241392 
198 61 9 11 0.02521305 
248 87 10 15 0.025026672 
93 102 8 11 0.025012922 
245 102 10 13 0.024958855 
23 199 9 10 0.02493448 
644 474 16 22 0.024799347 
24 121 8 10 0.02432468 
959 212 11 14 0.024026383 
260 118 9 11 0.023909653 
192 112 8 11 0.023839787 
152 36 8 11 0.023456529 
87 30 8 10 0.023454165 
296 136 14 19 0.023445036 
64 14 8 10 0.023319868 
24 155 10 12 0.023206206 
192 77 9 10 0.023074286 
55 166 8 9 0.023071064 
541 204 15 19 0.02298906 
81 112 8 11 0.022912739 
308 78 14 20 0.02289059 
128 132 12 15 0.02253092 
271 144 10 12 0.022442978 
127 127 9 11 0.022384526 
222 115 11 14 0.022352705 
110 6 10 11 0.022252603 
133 138 10 12 0.022029111 
127 52 8 10 0.021941338 
810 97 39 47 0.021896735 
158 13 10 11 0.02133217 
81 24 8 10 0.021303859 
73 128 8 11 0.021025643 
280 119 9 12 0.020964662 
168 45 7 9 0.020962 
504 92 9 11 0.020943308 
105 87 7 9 0.020897904 
216 105 8 12 0.020884685 
0 100 9 13 0.020867433 
168 25 10 12 0.020796983 
191 141 10 12 0.020771585 
282 108 11 14 0.020620715 
31 125 8 11 0.0204372 
175 1 9 10 0.02038001 
14 120 8 10 0.020194553 
196 150 10 12 0.020086883 
181 5 9 11 0.020080635 
209 104 9 12 0.02005527 
81 125 9 11 0.02000598 
