28_Sports_Fan_Sports_Fan_28_770
31
566 224 180 241 0.71955526 
87 390 103 113 0.7107184 
110 36 413 510 0.66861457 
577 256 110 155 0.22566445 
543 295 33 38 0.18364665 
218 410 103 131 0.10961205 
590 284 58 74 0.0811551 
663 607 11 13 0.051776856 
611 617 44 61 0.051607925 
14 404 88 132 0.044438276 
226 432 176 250 0.043978915 
169 415 170 207 0.039888762 
588 262 16 20 0.038295157 
587 290 36 51 0.037916906 
65 46 276 362 0.037719253 
685 81 133 153 0.03462275 
294 546 83 106 0.034218382 
741 280 110 135 0.032120418 
514 174 329 408 0.030930683 
655 624 10 12 0.030376118 
77 306 169 222 0.030175803 
677 630 9 13 0.029324781 
928 226 92 187 0.029145041 
608 131 230 281 0.028454259 
577 291 28 42 0.027376087 
669 645 10 12 0.025710953 
549 290 44 60 0.02469892 
260 491 105 126 0.02313574 
-8 160 353 454 0.021621011 
551 280 33 45 0.021465708 
565 278 48 67 0.02000855 
