28_Sports_Fan_Sports_Fan_28_487
218
824 493 36 50 0.99921083 
668 156 33 40 0.9990361 
161 144 36 42 0.9989643 
796 0 35 36 0.9987072 
910 449 37 47 0.998594 
132 446 33 43 0.9985814 
674 275 36 44 0.99849 
329 63 34 42 0.9982722 
971 284 33 42 0.99819154 
622 95 30 38 0.99805874 
339 556 34 35 0.99787843 
938 146 35 40 0.9978696 
570 341 34 44 0.99766695 
512 435 36 44 0.99757713 
109 265 36 46 0.9974848 
617 318 32 37 0.99748033 
991 103 32 43 0.99744475 
713 106 32 39 0.9973435 
558 243 29 37 0.9972735 
549 506 36 40 0.9971283 
674 8 32 37 0.99690056 
668 78 32 43 0.99612266 
416 259 33 43 0.9961164 
884 307 37 43 0.9953485 
963 482 39 52 0.99481285 
430 67 28 34 0.9945015 
554 567 38 43 0.99392456 
915 529 41 50 0.9932672 
603 181 37 47 0.9931753 
784 78 35 43 0.99286807 
211 108 33 41 0.9927604 
708 322 40 48 0.9923923 
163 2 25 32 0.99207157 
406 583 40 48 0.99204046 
873 165 35 40 0.99143034 
956 353 38 42 0.990642 
733 283 35 46 0.98945355 
818 276 39 48 0.98930293 
858 422 40 48 0.9888243 
460 509 42 52 0.9884496 
464 205 37 45 0.9876452 
859 241 35 39 0.98743814 
993 335 29 43 0.9870265 
798 401 33 44 0.98557645 
454 285 39 46 0.98500395 
598 440 31 36 0.98232657 
726 590 34 42 0.9798784 
47 445 39 52 0.979871 
787 217 37 43 0.9782431 
751 562 31 39 0.97814935 
469 35 31 40 0.97276545 
665 493 39 52 0.9713354 
957 210 37 42 0.97063905 
158 272 34 41 0.9656898 
56 382 39 51 0.9638461 
424 194 30 37 0.96306396 
345 0 32 35 0.9600734 
483 257 32 35 0.9596574 
15 221 30 36 0.94521815 
593 386 35 38 0.9442103 
821 562 40 50 0.9432953 
407 29 30 35 0.94320035 
735 240 39 42 0.93489146 
603 1 29 30 0.9313767 
146 229 26 31 0.9256258 
207 15 23 30 0.92069006 
220 194 35 39 0.91845 
619 532 38 46 0.9156127 
261 553 42 59 0.915481 
489 376 41 52 0.91214913 
1 461 33 49 0.90002334 
0 341 21 35 0.8338188 
1003 416 23 47 0.8084707 
187 390 33 39 0.8029846 
428 472 42 48 0.78617734 
546 12 26 33 0.74960387 
40 97 31 42 0.72776234 
147 28 17 24 0.7096866 
754 0 32 28 0.6979611 
199 309 33 38 0.67609787 
840 352 33 40 0.6506448 
771 195 27 32 0.64123976 
350 478 26 32 0.6158022 
169 500 42 48 0.61559266 
517 233 27 34 0.51675224 
50 108 32 43 0.44714218 
795 170 28 32 0.24586609 
845 -1 29 25 0.22190279 
891 2 35 24 0.2075379 
32 83 30 35 0.20424944 
696 455 34 44 0.20109436 
213 475 39 45 0.16165377 
735 259 32 42 0.13377018 
722 298 40 52 0.12408675 
62 119 28 35 0.11311643 
50 1 23 29 0.109215125 
476 -2 25 18 0.10263072 
400 470 25 31 0.095163144 
140 392 26 33 0.088707134 
4 407 29 42 0.08737598 
334 505 16 20 0.0832217 
805 222 27 35 0.082647115 
23 447 40 53 0.0814139 
93 103 26 32 0.078318015 
366 488 24 29 0.07622483 
606 480 26 30 0.07350982 
897 272 24 26 0.07059045 
677 402 27 35 0.069476545 
114 138 16 22 0.06541306 
230 486 31 35 0.06273596 
842 336 29 37 0.060024634 
977 95 27 38 0.059555564 
750 252 32 40 0.058125965 
916 428 27 29 0.056967214 
1001 221 22 33 0.0546777 
410 479 16 20 0.05360138 
408 453 53 64 0.05213878 
623 406 29 34 0.051120453 
739 570 29 34 0.0502873 
44 78 32 39 0.049278714 
100 103 14 18 0.046492703 
421 49 28 36 0.04608397 
388 2 26 28 0.04595414 
100 -2 26 23 0.045403354 
348 122 31 34 0.044858962 
406 516 16 20 0.04379842 
22 207 31 41 0.04354191 
48 82 20 23 0.042124234 
620 429 29 34 0.04182984 
67 197 26 32 0.039929252 
336 494 24 29 0.039136983 
199 404 20 24 0.03821902 
836 14 42 43 0.037597314 
133 233 40 49 0.0369876 
682 351 26 34 0.03661868 
16 74 39 50 0.03550133 
599 399 33 39 0.035335615 
419 479 30 35 0.035012417 
451 126 25 37 0.034469258 
830 262 41 53 0.03411023 
796 570 25 35 0.03403141 
689 399 28 34 0.034009293 
147 55 18 24 0.033803523 
653 458 14 18 0.033644352 
806 568 32 40 0.033558145 
593 420 29 32 0.033091713 
595 526 23 29 0.03271465 
656 76 30 40 0.03181281 
508 241 35 45 0.031054989 
177 518 37 47 0.030965656 
-1 423 32 42 0.030154644 
124 269 36 46 0.029482853 
791 230 39 50 0.029271182 
648 504 40 51 0.028641071 
348 490 20 27 0.028438693 
614 398 29 34 0.028309567 
398 0 29 29 0.028303415 
362 128 29 29 0.027833724 
780 180 31 36 0.027411556 
607 394 22 23 0.027397698 
610 417 31 37 0.026855625 
249 498 16 20 0.026726581 
411 507 17 22 0.026601065 
147 515 30 39 0.026521906 
385 462 31 38 0.026460528 
257 391 24 33 0.026386952 
758 241 29 35 0.026383901 
47 129 27 38 0.026247513 
441 558 25 33 0.025911737 
446 17 24 30 0.025900837 
412 471 28 33 0.025613584 
635 415 26 32 0.025557244 
157 511 45 55 0.025220176 
463 138 27 38 0.025145005 
203 491 37 39 0.025091778 
992 424 26 35 0.02469495 
14 400 42 52 0.024544267 
341 7 21 24 0.024480976 
466 266 41 53 0.024146168 
627 519 33 41 0.024051147 
1001 322 24 30 0.02401066 
76 115 26 36 0.023742147 
671 412 26 37 0.023729574 
803 323 25 30 0.023625556 
607 516 42 51 0.023539284 
176 262 23 33 0.02309296 
422 33 19 23 0.023051841 
770 4 33 33 0.022937054 
35 199 26 34 0.02262236 
409 3 28 31 0.022617066 
793 197 32 40 0.022578932 
90 1 19 20 0.022460707 
527 235 31 39 0.022372847 
191 501 36 39 0.022345161 
-2 434 41 57 0.022336673 
207 293 35 47 0.022118548 
440 481 44 56 0.021995671 
558 17 20 24 0.021982638 
8 46 24 28 0.021951336 
417 477 16 20 0.021945035 
151 147 30 36 0.021916207 
684 465 28 33 0.021819428 
770 230 26 35 0.021738712 
38 108 17 25 0.021667428 
403 36 21 26 0.021636473 
92 119 17 24 0.02163376 
891 280 29 33 0.021394255 
730 579 28 34 0.02131597 
251 438 29 38 0.021098074 
77 96 38 49 0.020937504 
512 61 37 54 0.020719003 
43 77 18 21 0.020695189 
537 336 27 33 0.020309811 
146 384 17 20 0.02024282 
201 334 31 34 0.02023379 
168 405 24 28 0.020194698 
541 232 37 46 0.02017038 
390 451 46 56 0.020037532 
