28_Sports_Fan_Sports_Fan_28_126
192
311 249 75 90 0.99838126 
458 203 85 101 0.99741346 
420 385 60 67 0.99099827 
404 296 25 33 0.9739468 
70 310 13 17 0.9586129 
126 284 10 13 0.83739734 
102 278 8 11 0.5551648 
41 287 9 11 0.46712333 
174 286 8 10 0.2607244 
125 289 13 17 0.20417447 
781 342 8 11 0.175754 
854 254 9 11 0.12394639 
841 296 8 9 0.11142491 
889 336 7 11 0.10296489 
855 319 8 11 0.10289735 
953 342 7 10 0.09909135 
657 291 10 13 0.08187058 
775 302 7 9 0.08004809 
0 270 8 13 0.07642353 
47 342 10 14 0.075605616 
487 157 10 11 0.07041382 
823 350 8 10 0.07016069 
840 349 10 11 0.06852727 
1005 304 7 9 0.06835834 
824 296 7 9 0.06686055 
822 313 8 10 0.065747395 
55 346 10 13 0.06402547 
861 351 7 10 0.0637252 
830 342 7 11 0.0628774 
91 300 13 16 0.06252009 
845 351 9 11 0.061986838 
39 330 11 15 0.06154712 
65 279 7 9 0.06019925 
937 303 7 9 0.0599618 
817 315 9 12 0.05903503 
864 336 8 11 0.05700729 
521 159 9 12 0.056948356 
1001 309 9 11 0.0567899 
919 303 8 9 0.056760628 
800 312 10 11 0.056596212 
169 301 10 11 0.05368668 
845 344 8 10 0.05328849 
44 290 9 13 0.053280804 
817 303 7 8 0.05291169 
846 297 6 8 0.0523925 
601 292 42 55 0.051618174 
776 322 10 13 0.051069256 
993 334 7 10 0.05078678 
806 295 7 8 0.05075434 
127 352 8 11 0.05073895 
13 329 11 15 0.050644882 
518 465 34 39 0.05017569 
911 312 8 10 0.047778383 
910 317 8 10 0.047299474 
832 288 8 10 0.047206927 
109 278 8 11 0.0469409 
93 305 14 16 0.04543206 
402 163 10 13 0.045403004 
65 272 7 9 0.04435629 
977 341 8 10 0.04414212 
60 346 12 13 0.04397085 
133 340 9 12 0.04368104 
997 334 9 10 0.043290175 
148 300 10 13 0.043237615 
145 294 9 11 0.04322609 
173 292 10 13 0.04317808 
840 356 10 11 0.042556558 
825 344 8 10 0.042120054 
199 150 11 14 0.041944586 
814 279 9 12 0.041346654 
63 283 9 11 0.04078731 
775 337 9 11 0.04067283 
870 337 8 10 0.04059714 
864 303 7 9 0.04048371 
65 309 13 16 0.03934403 
73 349 9 12 0.03909324 
791 351 7 9 0.038563512 
238 150 11 14 0.038445722 
841 301 8 9 0.037792873 
144 287 8 11 0.0374339 
821 357 9 12 0.037212256 
801 304 9 9 0.037189063 
906 317 8 11 0.036813237 
4 346 12 19 0.036601584 
0 302 8 12 0.036377296 
840 344 9 11 0.03616508 
857 335 8 10 0.03536901 
150 309 11 13 0.03529123 
62 302 11 14 0.03457119 
870 302 7 10 0.034022782 
942 320 8 10 0.033979394 
1013 328 9 12 0.033743564 
965 295 8 9 0.03358259 
881 329 7 9 0.033157278 
834 325 8 10 0.033149082 
962 296 7 10 0.033011887 
839 312 8 10 0.03275475 
8 324 12 17 0.032682315 
870 287 8 10 0.032602925 
952 304 6 8 0.03229544 
858 343 9 11 0.032099344 
98 283 11 13 0.031915247 
851 318 8 11 0.031787205 
152 315 10 12 0.031755548 
122 280 10 13 0.03173651 
800 360 9 11 0.031690665 
776 346 10 13 0.031187901 
125 356 9 13 0.030999584 
42 331 13 16 0.030922532 
879 342 8 10 0.030562704 
880 334 8 10 0.030475497 
5 301 9 13 0.03014597 
77 356 10 13 0.03001469 
166 359 8 10 0.029999059 
805 350 8 9 0.029677127 
845 357 10 11 0.02967254 
937 320 8 10 0.029559322 
982 296 8 9 0.029461749 
69 278 8 9 0.029295657 
792 318 9 10 0.029237244 
23 318 11 14 0.02918164 
894 340 8 11 0.029085241 
978 296 8 10 0.02844787 
865 288 8 10 0.028388632 
881 295 7 10 0.028169235 
871 296 8 9 0.02812472 
98 313 13 16 0.028032443 
831 336 8 11 0.027750961 
817 298 7 9 0.027611658 
392 605 34 39 0.027589677 
22 323 10 14 0.027435018 
792 357 8 10 0.027402978 
118 310 9 13 0.027177475 
838 319 7 9 0.027175106 
807 344 8 10 0.026970806 
131 297 12 15 0.026860097 
40 282 8 10 0.026810953 
783 312 7 9 0.026793899 
906 313 7 10 0.026738737 
79 269 8 10 0.026589794 
240 146 9 10 0.026351755 
781 319 9 12 0.026294846 
815 344 8 9 0.026288023 
97 273 9 12 0.026221894 
101 299 11 15 0.026169613 
943 304 7 8 0.026106406 
934 343 8 11 0.026070133 
774 296 9 10 0.0260477 
101 292 10 14 0.026038116 
94 294 11 14 0.02577649 
68 341 10 15 0.025568468 
190 439 12 17 0.02541397 
929 342 8 10 0.025254805 
727 -14 207 227 0.025183138 
0 294 8 12 0.025134206 
87 307 10 13 0.025054866 
110 237 9 10 0.02502545 
0 361 11 22 0.02461948 
961 312 7 9 0.024586419 
847 336 9 9 0.024435718 
152 339 10 12 0.024223845 
897 324 8 11 0.02422087 
13 319 10 12 0.024203284 
769 319 9 13 0.024130175 
368 580 106 117 0.024091529 
856 296 7 8 0.024042977 
968 342 7 9 0.024036756 
782 347 9 11 0.023643008 
181 294 9 13 0.023601072 
968 336 8 11 0.023596834 
832 294 7 9 0.023569353 
957 343 7 10 0.02306455 
532 165 17 21 0.023026224 
920 296 8 10 0.022799803 
490 156 14 15 0.022532599 
769 350 8 11 0.022072727 
990 295 7 9 0.021942768 
57 308 10 14 0.021838475 
0 282 8 14 0.021778358 
904 335 7 10 0.02171982 
79 363 9 13 0.021651745 
54 260 9 11 0.021549087 
854 200 9 10 0.021417415 
832 319 8 10 0.021239055 
387 306 30 35 0.020995287 
194 443 14 19 0.020819204 
508 161 14 17 0.020755772 
977 264 8 9 0.020755239 
571 113 15 20 0.020539677 
172 307 9 12 0.020530837 
859 302 6 9 0.020161977 
802 294 8 10 0.020073656 
