28_Sports_Fan_Sports_Fan_28_265
105
494 85 233 333 0.99963224 
95 157 266 360 0.99953616 
1011 317 7 10 0.09947288 
912 316 8 11 0.08098489 
976 523 37 62 0.07917157 
922 326 8 11 0.07110075 
941 319 8 10 0.06709666 
974 207 7 10 0.064931296 
1014 261 8 11 0.05893377 
935 281 8 9 0.055767674 
919 319 8 10 0.0522759 
991 230 8 9 0.051366508 
949 335 9 11 0.04574731 
887 305 7 8 0.045141704 
942 312 7 9 0.044641796 
516 429 148 214 0.042584606 
934 286 8 9 0.04252518 
993 208 7 8 0.040598053 
992 288 8 11 0.039791066 
985 270 8 10 0.03966703 
990 184 9 10 0.0393396 
1010 264 7 10 0.03560041 
1009 191 9 11 0.035311326 
989 270 8 9 0.034797944 
999 288 7 9 0.034415364 
926 383 15 21 0.033892445 
921 302 8 9 0.033397965 
897 293 7 10 0.0333865 
968 289 7 9 0.032480787 
970 239 8 9 0.032232746 
928 313 7 9 0.032201577 
1001 240 8 9 0.03202547 
996 468 26 39 0.03152925 
897 289 8 9 0.030686649 
912 297 8 9 0.03055106 
968 264 7 9 0.030518927 
977 319 7 9 0.030322878 
1000 207 7 9 0.028524246 
954 310 8 9 0.028369054 
960 328 6 9 0.028063979 
999 458 14 20 0.028058022 
903 326 7 8 0.028034857 
968 225 7 9 0.027855976 
920 296 8 9 0.027773129 
918 313 8 9 0.027323047 
1013 454 10 17 0.027159777 
1006 208 8 9 0.026968217 
905 304 7 9 0.026961597 
975 248 7 8 0.026929453 
950 288 8 10 0.026640337 
974 487 24 37 0.026432376 
991 224 8 11 0.02623986 
986 231 7 8 0.026097164 
972 493 39 65 0.025900811 
936 296 8 9 0.025838653 
986 239 8 9 0.02564286 
994 280 6 8 0.025510212 
898 311 7 9 0.025393192 
993 199 7 9 0.025069587 
991 254 7 9 0.02501462 
926 302 8 10 0.024962481 
951 237 9 10 0.024828076 
1002 271 7 9 0.024794325 
969 231 8 9 0.024662945 
985 224 7 9 0.024537824 
1001 279 7 10 0.02452578 
944 295 8 9 0.024500899 
952 207 7 9 0.024315523 
385 349 443 438 0.024144359 
973 233 8 9 0.02393153 
904 319 7 11 0.023908788 
889 336 8 10 0.023884287 
983 207 7 9 0.023765642 
998 223 8 9 0.023346582 
967 311 8 9 0.023153175 
975 202 8 9 0.02308009 
927 268 9 10 0.02303898 
1014 196 8 11 0.02301208 
977 280 8 9 0.02248361 
951 263 8 9 0.022278322 
1008 270 7 10 0.022176255 
905 271 8 10 0.021958621 
928 297 6 8 0.021948736 
1008 231 7 10 0.021932688 
975 264 8 10 0.021824708 
-27 575 176 285 0.021804424 
1008 182 8 10 0.0217363 
1006 213 8 9 0.021736087 
1008 254 7 10 0.021705497 
985 292 8 10 0.021546204 
911 336 8 10 0.021487663 
928 247 8 9 0.021393772 
821 293 9 10 0.021148397 
984 200 7 9 0.020919902 
1002 311 8 10 0.02084651 
926 331 10 11 0.020640977 
336 128 65 65 0.020524208 
1002 246 6 8 0.020517474 
983 305 8 9 0.020258661 
968 329 7 8 0.02022999 
1001 263 7 10 0.02016942 
1008 278 8 11 0.020142024 
918 279 8 9 0.020079844 
983 288 9 10 0.020051004 
896 319 9 10 0.020050336 
