28_Sports_Fan_Sports_Fan_28_7
1552
471 644 112 151 0.9999186 
873 1126 103 151 0.9998766 
945 851 68 92 0.9959435 
653 580 22 36 0.9957384 
146 671 54 61 0.9953088 
586 631 38 45 0.99372673 
979 664 33 42 0.9909887 
197 559 33 36 0.99034435 
840 539 24 28 0.9834922 
6 566 37 43 0.97552615 
537 597 40 43 0.9725978 
876 131 13 17 0.96949345 
295 432 25 30 0.9669074 
871 220 16 20 0.9668872 
587 92 13 15 0.9646833 
631 52 13 16 0.9645211 
168 525 25 34 0.9619666 
923 234 15 17 0.9609219 
972 296 14 19 0.9590257 
187 407 31 34 0.958299 
87 564 37 49 0.9553158 
73 856 81 110 0.95376366 
9 73 14 20 0.952226 
207 661 39 47 0.9518978 
258 341 26 33 0.94897085 
809 810 39 45 0.9476233 
940 169 13 16 0.9453628 
806 415 21 23 0.93721884 
958 200 15 18 0.9321033 
865 351 16 20 0.92494947 
140 212 12 14 0.9229982 
245 30 13 16 0.91930234 
804 138 13 16 0.917642 
553 28 12 15 0.9144048 
819 119 13 15 0.91425294 
61 785 43 47 0.91358024 
923 313 14 16 0.9055565 
351 101 12 14 0.9050787 
200 131 13 16 0.90412295 
782 117 14 17 0.89787394 
705 109 16 19 0.8874096 
882 402 14 19 0.88186187 
940 275 18 22 0.8804174 
684 63 13 15 0.87437683 
221 223 13 17 0.87417173 
749 111 12 15 0.86384404 
774 7 9 12 0.86306834 
356 45 12 16 0.85960084 
270 226 16 19 0.8595411 
660 40 13 16 0.8572243 
142 262 16 19 0.8559869 
843 458 15 18 0.8547251 
303 107 14 17 0.8537812 
519 37 12 16 0.85156417 
111 39 14 19 0.84951603 
25 294 19 22 0.8482066 
5 194 15 20 0.8439707 
894 173 12 17 0.8365936 
854 236 13 15 0.82242703 
75 236 16 19 0.80436957 
819 541 18 20 0.8028181 
309 633 53 72 0.8024789 
923 168 13 16 0.7984144 
986 275 13 17 0.7863395 
884 69 10 13 0.78617245 
190 307 25 28 0.78359085 
113 358 25 30 0.77487534 
983 51 10 13 0.76405495 
605 49 12 16 0.7621316 
82 281 18 21 0.75914305 
170 92 12 16 0.75424546 
212 298 21 28 0.75122696 
203 236 14 19 0.7476766 
88 16 13 17 0.73680305 
918 188 13 17 0.73570585 
143 869 56 81 0.7324961 
847 47 10 13 0.7323647 
621 82 11 13 0.7255009 
246 404 26 33 0.72514606 
916 384 15 19 0.7249585 
88 200 16 21 0.7246114 
289 274 16 23 0.71756274 
913 69 11 12 0.7130365 
180 34 12 16 0.7100997 
484 66 11 15 0.7091216 
125 11 12 15 0.70667666 
508 58 13 15 0.70535195 
834 324 15 18 0.68748015 
55 266 16 19 0.6867231 
789 24 10 12 0.6808064 
335 -1 13 12 0.67718065 
996 199 13 14 0.6730393 
139 76 17 19 0.67206174 
931 114 12 15 0.66777223 
615 122 14 17 0.66626215 
939 127 15 18 0.65508044 
199 301 22 28 0.64868605 
778 381 14 18 0.6354552 
841 145 11 14 0.6352793 
456 4 10 13 0.6300511 
901 141 12 15 0.628544 
884 151 13 16 0.62765044 
955 107 11 15 0.62460756 
561 6 10 11 0.6212664 
73 46 11 16 0.6204917 
388 79 13 18 0.62022054 
202 98 14 17 0.61871684 
710 541 26 33 0.61636347 
46 222 20 25 0.6144403 
448 65 11 14 0.60841674 
20 19 12 15 0.60770893 
645 111 14 18 0.60240394 
886 299 15 18 0.6002667 
130 126 16 19 0.5984106 
318 51 13 16 0.5953745 
262 98 15 19 0.5948478 
284 37 12 14 0.5872407 
860 71 9 13 0.5853471 
47 5 13 15 0.58497703 
254 154 17 21 0.5828744 
182 64 13 17 0.5702026 
124 229 14 17 0.5701168 
105 376 25 30 0.56753737 
836 8 9 12 0.5659265 
778 278 13 16 0.565082 
737 91 12 15 0.5630551 
893 487 13 19 0.56031185 
374 45 12 15 0.5505287 
901 87 10 13 0.54504776 
335 26 14 17 0.54207027 
786 422 16 20 0.5390212 
163 218 12 14 0.53767544 
950 71 10 11 0.5372191 
176 244 13 17 0.5323337 
360 126 11 14 0.5298536 
700 87 12 15 0.52788913 
828 46 9 11 0.52219975 
915 150 11 14 0.52162826 
798 262 14 17 0.5183842 
574 49 11 14 0.5142634 
30 381 26 35 0.5128613 
1007 339 14 19 0.51226526 
861 172 12 13 0.510617 
430 63 14 17 0.4988119 
441 14 10 13 0.4970432 
959 233 15 18 0.4968233 
836 119 11 14 0.49435893 
143 18 13 15 0.4943005 
403 56 12 16 0.49116406 
888 241 13 16 0.4897478 
836 510 12 17 0.47788027 
935 346 15 18 0.47733897 
1006 370 16 19 0.46996847 
204 199 13 19 0.46843106 
209 360 26 28 0.467218 
591 10 11 14 0.4663914 
930 76 10 12 0.46604007 
71 20 11 15 0.46539795 
966 125 12 15 0.458314 
604 509 22 25 0.45333213 
547 119 14 18 0.45198354 
820 185 14 18 0.4455742 
443 546 14 17 0.44458148 
465 38 11 13 0.44212407 
86 85 12 16 0.43753076 
917 546 14 22 0.43688557 
50 172 15 19 0.42323524 
906 31 8 10 0.42102495 
208 75 11 14 0.4207422 
37 127 15 19 0.4167564 
997 580 26 39 0.4097481 
855 189 9 12 0.4030236 
628 106 14 18 0.39942586 
476 9 12 15 0.39903793 
981 79 10 14 0.39540675 
832 231 13 15 0.3927738 
321 44 14 17 0.38751796 
212 93 14 18 0.3858755 
873 92 12 14 0.37731338 
916 283 17 19 0.37454903 
740 85 12 15 0.36442068 
814 188 14 18 0.36261785 
761 83 12 15 0.3584467 
605 5 10 12 0.35720593 
67 164 15 19 0.35527152 
321 616 97 125 0.35381955 
492 582 29 37 0.35210687 
978 38 9 11 0.33987415 
979 523 19 31 0.33904663 
1011 301 11 15 0.3388937 
972 126 12 15 0.33712408 
636 23 9 11 0.33529684 
918 44 8 11 0.32355395 
374 5 14 15 0.32177123 
686 4 9 11 0.314459 
492 38 11 14 0.31256986 
817 16 10 12 0.30187953 
429 25 12 15 0.30171028 
23 273 13 18 0.30003497 
467 44 11 14 0.2961191 
60 503 27 35 0.291133 
605 30 9 12 0.290947 
1005 234 15 21 0.28889048 
801 61 11 14 0.2883233 
709 49 12 15 0.2877714 
824 64 9 13 0.28772977 
347 139 13 15 0.28238705 
551 550 24 30 0.2799067 
671 89 16 19 0.27742025 
757 16 9 12 0.27657205 
921 649 32 40 0.2745895 
619 114 15 19 0.27269924 
292 207 14 18 0.27060315 
413 19 10 13 0.26853627 
103 137 13 17 0.26822534 
101 70 16 19 0.26456186 
-1 137 10 20 0.2637318 
1004 434 15 19 0.26352683 
638 5 9 10 0.26115596 
59 564 18 23 0.25950864 
299 338 33 41 0.259318 
740 59 12 14 0.2578929 
1012 442 11 16 0.25625515 
467 52 10 14 0.25111404 
953 61 9 12 0.24950878 
766 104 9 12 0.24520068 
544 2 10 13 0.24489234 
547 53 12 15 0.24466117 
838 282 14 20 0.24454889 
744 77 13 15 0.24377899 
944 2 8 10 0.24125938 
614 42 12 15 0.2340794 
927 691 43 50 0.23145978 
989 124 12 15 0.2311303 
1009 514 12 16 0.22974287 
0 859 39 72 0.22897983 
877 9 10 11 0.22859398 
400 40 9 11 0.22590142 
292 55 14 17 0.22579668 
206 230 13 17 0.22529498 
800 133 13 16 0.22452484 
885 268 14 17 0.22443172 
855 276 15 20 0.22425976 
281 98 11 14 0.22304587 
756 37 11 13 0.22136593 
207 0 10 10 0.22073278 
846 65 9 12 0.22050983 
286 187 16 18 0.21940856 
445 17 10 14 0.21799688 
520 11 10 13 0.21657191 
265 93 12 15 0.21630606 
452 46 9 12 0.21463308 
820 20 9 13 0.20971157 
179 6 11 13 0.20911214 
853 122 12 15 0.20409295 
962 124 10 14 0.20325488 
453 113 14 19 0.20312604 
213 265 17 20 0.20173289 
966 22 10 13 0.20106423 
990 177 12 15 0.20032941 
768 44 11 13 0.20001152 
829 507 14 18 0.19857785 
821 506 13 17 0.19700679 
905 16 7 10 0.1947444 
719 87 11 15 0.19416925 
904 55 8 11 0.19321725 
716 556 17 21 0.1922148 
139 330 14 19 0.19181342 
220 92 15 18 0.19096896 
157 119 17 19 0.19050251 
846 163 9 13 0.1904667 
447 53 12 13 0.18768634 
588 36 10 13 0.18709931 
518 538 28 37 0.18632118 
792 93 11 13 0.18554986 
926 526 11 16 0.18451095 
133 44 11 15 0.18434551 
910 1 8 8 0.18317886 
637 28 11 13 0.18222935 
396 564 17 20 0.18035412 
271 84 12 15 0.17888041 
733 31 9 13 0.17713499 
799 66 12 15 0.17688078 
278 406 32 39 0.17659532 
269 47 12 15 0.17502035 
911 131 12 16 0.17401344 
951 56 9 11 0.17388706 
517 92 10 12 0.1736426 
181 388 33 38 0.17337422 
17 181 17 21 0.1722078 
983 142 13 15 0.17176475 
649 108 15 17 0.17171502 
39 378 37 50 0.1716779 
501 1 10 11 0.16832995 
228 326 24 30 0.16656326 
901 425 16 19 0.16569786 
117 377 26 30 0.16492578 
910 88 10 12 0.16469438 
410 114 11 16 0.16457433 
683 134 14 18 0.1626495 
498 586 51 54 0.1626308 
985 229 14 18 0.16206932 
1003 495 15 20 0.16195722 
391 517 13 17 0.1619029 
329 97 14 18 0.16186826 
977 81 11 15 0.16145253 
56 35 14 17 0.16108407 
877 626 11 16 0.15898691 
480 56 9 12 0.15861513 
422 0 9 8 0.15559229 
862 124 10 14 0.15548806 
729 35 10 13 0.15527895 
276 79 10 14 0.15486532 
263 228 14 17 0.15479153 
383 32 11 13 0.154352 
794 157 14 16 0.1537621 
126 313 15 18 0.15210149 
693 67 12 15 0.15200832 
388 70 11 14 0.15148376 
258 402 26 36 0.15134236 
968 676 48 50 0.15124284 
321 71 11 14 0.15087 
920 215 12 15 0.1493376 
224 10 12 16 0.14877187 
866 47 8 10 0.14842571 
856 163 10 14 0.14784242 
245 114 10 14 0.14769101 
40 117 18 21 0.14749756 
92 67 14 19 0.14605756 
338 30 16 19 0.14592269 
438 44 10 12 0.14586666 
904 385 12 16 0.1456668 
836 253 10 13 0.14558497 
583 6 10 11 0.14550391 
296 140 14 19 0.1447839 
996 163 11 15 0.14350277 
440 90 11 13 0.143108 
987 211 15 19 0.14290352 
909 54 9 10 0.14280155 
816 250 11 15 0.14238256 
684 31 11 13 0.14184962 
617 13 9 12 0.1415673 
185 216 15 19 0.14151718 
336 62 10 13 0.1414386 
4 199 20 29 0.14132771 
175 268 12 17 0.14111027 
178 381 26 31 0.14065547 
648 100 14 18 0.1385837 
925 371 15 17 0.13758305 
988 514 12 16 0.13697736 
970 282 16 20 0.13660218 
392 5 10 12 0.1365511 
743 69 12 14 0.13605852 
582 29 11 13 0.13594154 
134 38 11 13 0.13552468 
214 225 13 17 0.13424192 
469 20 11 13 0.13374516 
127 271 15 21 0.13243876 
494 93 13 15 0.13080764 
848 426 11 13 0.12830639 
77 337 15 22 0.12790368 
902 60 9 11 0.12704478 
976 31 8 11 0.12678581 
618 39 11 14 0.12628502 
27 1112 113 118 0.12603381 
815 228 11 14 0.1257868 
481 61 12 16 0.1253131 
977 292 14 18 0.12514107 
477 119 14 18 0.12475195 
798 126 10 13 0.12464007 
847 25 7 9 0.12430606 
957 466 16 20 0.123672284 
468 29 11 13 0.122283466 
752 55 9 12 0.122083336 
862 257 14 18 0.12088747 
1014 56 7 11 0.117911346 
87 186 16 18 0.11772355 
663 124 12 16 0.11613363 
404 45 10 12 0.11599776 
868 272 15 18 0.11508655 
1013 29 9 13 0.11430942 
853 424 11 14 0.11413082 
681 4 10 12 0.11412129 
284 367 25 30 0.11338127 
353 49 10 15 0.11281687 
887 39 9 12 0.11252105 
727 738 36 53 0.11251697 
522 101 15 18 0.11228164 
887 45 10 12 0.11217612 
0 230 11 15 0.11190225 
151 231 14 17 0.111576505 
588 70 11 13 0.111363836 
367 98 13 16 0.110959016 
180 248 14 18 0.11053073 
759 52 10 13 0.1103896 
52 612 32 50 0.110321485 
841 64 9 11 0.10981005 
724 12 12 15 0.109323345 
267 121 13 17 0.10915049 
96 242 14 19 0.10714126 
701 70 11 13 0.106989905 
134 265 17 23 0.10681464 
888 1 8 7 0.106631935 
599 7 9 13 0.106200024 
830 69 10 12 0.1061456 
841 29 9 11 0.106076196 
655 21 10 13 0.10563769 
989 591 26 33 0.10509079 
950 149 12 15 0.1049604 
602 45 11 15 0.10474166 
864 1 8 8 0.10433395 
965 16 9 11 0.10431262 
910 16 8 10 0.10420513 
272 396 27 34 0.10405675 
237 11 12 14 0.10389513 
711 72 10 12 0.103720345 
303 6 13 15 0.10340762 
671 539 13 17 0.102539495 
949 31 8 12 0.10239478 
1006 1 8 9 0.10231158 
909 117 13 14 0.101726875 
11 187 14 20 0.101702474 
847 99 12 15 0.101252526 
446 6 10 12 0.10101448 
220 182 13 15 0.10049832 
984 22 9 11 0.10032517 
741 141 14 17 0.09975428 
91 276 15 22 0.09924223 
545 59 11 14 0.09917597 
99 0 12 11 0.09854655 
284 94 12 15 0.09846411 
950 36 9 12 0.09794929 
445 39 12 14 0.097919315 
839 68 11 12 0.097368814 
114 289 16 19 0.09706996 
976 43 10 13 0.097030155 
753 18 10 13 0.095735475 
319 155 15 17 0.09537237 
283 407 42 58 0.09512857 
425 27 10 13 0.09476697 
577 23 10 12 0.09433927 
147 328 14 21 0.093890354 
325 90 15 19 0.09366952 
75 1150 103 87 0.093553215 
217 355 18 22 0.0933475 
991 204 14 16 0.093156464 
371 94 14 16 0.0926411 
883 194 14 18 0.09260084 
873 586 13 18 0.09257656 
26 20 14 17 0.0919905 
877 86 10 13 0.09176204 
664 6 9 11 0.091037914 
748 59 11 13 0.09098685 
29 124 14 18 0.0909847 
4 122 17 21 0.09088029 
201 0 9 9 0.090303965 
906 140 13 16 0.090160795 
963 450 16 19 0.09009524 
995 172 13 16 0.08952046 
22 3 13 14 0.08936648 
544 605 48 57 0.08927881 
139 315 13 18 0.08893683 
913 593 22 32 0.088295415 
948 86 11 14 0.08786262 
183 72 14 18 0.087330334 
873 8 8 11 0.08720204 
830 51 10 13 0.08581722 
82 207 22 27 0.08559523 
821 193 14 18 0.085288726 
331 82 13 19 0.08480673 
115 404 25 32 0.084682465 
938 619 18 23 0.08460787 
309 331 44 56 0.08418416 
407 514 14 17 0.08347097 
1000 388 22 31 0.08317663 
101 259 13 18 0.08307734 
205 61 14 16 0.082953475 
930 14 8 10 0.08285968 
324 39 12 15 0.08221032 
248 337 45 50 0.08216706 
665 36 13 15 0.08200949 
501 35 12 15 0.0819199 
210 84 15 17 0.08172951 
700 597 15 19 0.08168246 
300 324 26 37 0.081626914 
953 476 13 15 0.08154332 
41 326 18 21 0.08152441 
299 210 11 15 0.08116806 
843 275 19 25 0.081064805 
752 42 11 15 0.08096843 
794 416 20 26 0.08073161 
956 453 16 19 0.079901524 
937 45 10 11 0.07957871 
291 566 22 28 0.07946822 
957 63 9 11 0.079282515 
85 75 15 19 0.079250835 
945 72 9 11 0.07918086 
84 734 16 22 0.07895795 
427 107 24 28 0.07895036 
168 35 13 17 0.07885821 
59 164 17 22 0.07866875 
976 162 11 14 0.0786569 
615 8 9 12 0.0786513 
942 652 28 41 0.07847901 
119 153 15 18 0.07801205 
933 403 12 16 0.07757632 
226 90 13 18 0.07707679 
661 32 12 13 0.076858886 
441 9 9 10 0.07684155 
534 543 33 37 0.0767638 
908 390 23 29 0.07667846 
291 360 40 50 0.076331735 
657 27 11 13 0.07606675 
308 33 13 16 0.0760654 
186 252 13 17 0.07586152 
213 290 18 23 0.07578347 
575 515 13 16 0.07576521 
543 66 12 15 0.07566867 
845 29 9 10 0.07538643 
424 53 8 11 0.07535064 
91 22 14 18 0.07508057 
85 52 15 17 0.07501216 
484 57 10 13 0.07493979 
968 277 14 16 0.074824296 
361 14 10 12 0.07470383 
548 47 12 14 0.074683525 
228 6 12 15 0.07447067 
825 41 10 13 0.07417063 
279 274 17 20 0.07382863 
870 24 10 12 0.07377433 
20 277 20 24 0.073731124 
176 68 12 15 0.073673725 
130 50 11 15 0.0732467 
702 77 10 12 0.07316 
814 164 13 15 0.073102176 
999 118 11 13 0.07310016 
570 51 10 13 0.07297159 
86 58 16 20 0.07293731 
510 5 10 12 0.07293263 
548 0 10 11 0.07275817 
959 38 10 12 0.07264779 
100 59 14 19 0.072544545 
872 127 12 15 0.07223672 
582 75 13 15 0.07215318 
912 37 9 12 0.07214179 
974 190 11 15 0.0719007 
99 275 14 20 0.071849294 
92 263 16 22 0.07124794 
578 4 9 12 0.07115621 
831 91 14 16 0.07100788 
595 92 12 15 0.070835546 
0 327 22 30 0.07051908 
876 268 17 19 0.07051733 
896 54 8 11 0.07029016 
702 13 10 13 0.06995003 
91 257 14 19 0.069409974 
61 29 13 16 0.06927252 
669 512 14 17 0.06910756 
96 383 24 31 0.06903981 
409 16 10 12 0.06900701 
284 172 16 19 0.06892609 
157 227 13 18 0.06877888 
861 142 9 13 0.06854279 
143 310 12 16 0.06852708 
197 293 15 19 0.06850649 
80 202 15 18 0.068300515 
38 152 15 18 0.06830003 
638 34 11 14 0.068278186 
934 24 9 11 0.068154685 
701 20 10 13 0.06774837 
930 409 13 16 0.06774617 
756 44 13 15 0.067361616 
913 46 9 11 0.06735774 
828 572 13 17 0.06732549 
129 385 16 20 0.06729661 
389 37 11 14 0.066615984 
622 21 8 11 0.06547666 
893 45 9 12 0.06542628 
42 839 83 107 0.06535162 
285 52 15 18 0.06534429 
921 219 15 18 0.06515964 
323 76 13 16 0.06503101 
895 15 8 10 0.06491171 
527 67 9 13 0.06471792 
312 53 12 15 0.06462466 
929 29 9 12 0.06460543 
260 106 21 26 0.06459524 
912 64 9 12 0.06448885 
904 100 10 12 0.06407545 
881 75 9 12 0.06390321 
366 13 12 13 0.0636921 
627 84 13 15 0.06336336 
24 121 12 18 0.06272127 
895 427 14 18 0.062704444 
833 259 9 13 0.06268923 
942 89 11 14 0.062504634 
876 98 10 13 0.062393077 
966 59 10 13 0.06218374 
672 631 25 36 0.062147263 
1012 323 12 17 0.06193695 
563 94 12 15 0.061896924 
44 160 21 25 0.061562072 
999 16 8 10 0.061549928 
19 705 17 21 0.061529327 
796 27 9 12 0.06147321 
548 75 14 18 0.061185863 
603 76 12 14 0.060918473 
890 292 14 19 0.06073389 
192 0 10 9 0.06071455 
996 123 12 14 0.060556322 
241 108 12 16 0.06050236 
59 370 40 49 0.060497165 
248 156 14 16 0.06037024 
604 94 12 14 0.060356047 
1002 0 8 8 0.060198855 
713 519 11 13 0.05992154 
1002 502 19 27 0.059918597 
727 509 24 31 0.059791084 
163 223 15 19 0.059376493 
805 299 14 17 0.059255842 
988 48 9 12 0.059241895 
109 568 35 42 0.059199657 
22 61 14 19 0.05910176 
956 303 14 18 0.058912758 
905 21 8 10 0.058823373 
377 49 14 16 0.058774866 
665 13 10 12 0.058440953 
0 203 13 21 0.058313992 
774 102 11 14 0.058214806 
299 53 11 15 0.058028292 
919 651 15 22 0.05800807 
703 45 11 15 0.057870388 
277 59 13 16 0.057646822 
280 178 13 15 0.057630092 
885 64 10 13 0.05760917 
147 308 12 14 0.057276588 
302 234 13 16 0.057234623 
237 5 11 13 0.05710397 
1012 397 13 21 0.05704366 
671 0 9 7 0.05693642 
616 63 10 12 0.05675669 
48 397 35 43 0.056619793 
229 250 13 18 0.056472324 
670 54 10 13 0.056469984 
892 396 14 19 0.056403827 
500 98 12 15 0.056249987 
590 31 9 13 0.056249216 
804 182 16 18 0.056120776 
779 6 10 13 0.056014188 
170 658 50 60 0.05585889 
660 48 14 16 0.055608872 
585 12 10 12 0.055468105 
524 10 11 15 0.05542141 
22 144 15 19 0.055337172 
820 156 11 14 0.055195097 
958 68 8 11 0.055142485 
829 63 9 12 0.055073112 
282 364 18 21 0.0550038 
765 22 11 13 0.054936223 
453 75 10 13 0.054787554 
783 62 11 15 0.054467574 
901 454 21 24 0.054194134 
956 115 13 15 0.05418922 
41 10 13 16 0.05409552 
798 43 10 14 0.053856783 
870 203 13 16 0.053840343 
735 565 13 17 0.053747453 
121 349 17 25 0.05370326 
982 123 13 16 0.05343983 
779 698 15 18 0.05325593 
76 18 12 16 0.053240072 
649 14 10 12 0.05323123 
59 41 14 17 0.053162772 
-1 82 9 16 0.053147905 
935 7 9 10 0.053064194 
288 11 11 15 0.053042874 
333 596 58 71 0.05302643 
764 770 30 43 0.05294157 
981 30 9 11 0.0528565 
648 522 19 19 0.052615244 
134 322 15 20 0.052430898 
576 77 10 14 0.052351017 
752 31 10 13 0.05220182 
791 69 11 14 0.052117907 
919 21 7 10 0.052087665 
930 622 30 40 0.052035928 
718 18 13 15 0.051901985 
670 78 12 14 0.05169147 
981 279 16 20 0.051688716 
975 210 12 16 0.05153399 
136 549 25 40 0.051487744 
885 161 14 16 0.051438563 
322 148 14 17 0.051365566 
597 85 11 15 0.051268175 
281 346 40 50 0.051261194 
1010 227 13 22 0.051174298 
5 537 51 63 0.051083524 
0 76 12 17 0.051021103 
45 204 14 16 0.050993286 
760 101 11 14 0.050958697 
550 14 9 12 0.05080847 
220 190 14 20 0.05065167 
18 355 15 20 0.050595555 
806 56 10 13 0.05054876 
881 40 8 10 0.050397042 
976 15 9 11 0.05032539 
21 1023 27 44 0.050265715 
868 501 21 24 0.05020911 
60 252 16 19 0.05017962 
921 377 17 20 0.049954403 
155 53 12 15 0.049914364 
962 28 10 12 0.049882673 
221 113 13 15 0.049692906 
697 43 11 15 0.049547113 
977 72 9 11 0.049379382 
26 703 22 29 0.049355485 
747 132 13 16 0.049059417 
238 316 27 32 0.049046483 
876 616 21 29 0.0489224 
28 256 17 20 0.04889764 
512 43 11 14 0.04877798 
922 536 16 24 0.048772823 
281 386 41 53 0.04873491 
294 7 11 13 0.048664723 
910 4 9 10 0.048619807 
849 188 11 14 0.048615813 
124 554 29 39 0.04857964 
617 109 13 16 0.048576206 
670 103 16 19 0.04850816 
993 209 16 20 0.04849831 
954 528 17 19 0.048480537 
983 56 11 14 0.048400663 
764 51 12 14 0.048345722 
635 84 13 16 0.04832434 
375 38 13 17 0.048225995 
656 -1 9 8 0.048161376 
119 20 11 14 0.048125472 
787 645 22 30 0.048115954 
597 21 10 13 0.04811506 
726 0 9 10 0.04811178 
764 72 10 12 0.0481103 
825 182 13 17 0.04808293 
854 131 11 15 0.047919467 
848 117 11 15 0.04791073 
855 675 41 52 0.047901634 
159 13 12 14 0.04786656 
253 286 12 14 0.04783596 
364 43 12 17 0.04779468 
181 0 10 11 0.04770467 
995 555 17 21 0.047657978 
943 16 9 11 0.047490418 
77 225 22 27 0.04747642 
941 103 11 13 0.047454014 
799 56 10 12 0.047404796 
891 623 25 30 0.047393657 
889 100 10 13 0.047286347 
718 6 12 13 0.047195625 
204 371 30 38 0.047112755 
467 125 28 33 0.046973616 
329 324 30 37 0.04687407 
981 190 11 15 0.046728455 
84 326 23 33 0.04670425 
578 509 18 21 0.046697225 
1007 346 20 29 0.046581473 
918 16 9 10 0.04658053 
847 107 12 15 0.04652401 
637 108 12 16 0.046398316 
835 810 27 45 0.046357505 
889 154 12 15 0.04625154 
714 75 13 16 0.04621755 
368 6 14 15 0.046199825 
553 115 14 18 0.04614185 
856 0 9 9 0.046141654 
386 568 29 36 0.046116 
917 370 16 20 0.046113707 
16 3 12 13 0.046067923 
675 76 15 17 0.046011813 
839 452 14 19 0.04600426 
535 116 12 16 0.04594341 
663 0 9 9 0.04583907 
895 79 9 12 0.045740318 
766 29 12 13 0.04572344 
4 278 16 23 0.04567407 
710 84 12 16 0.045667484 
464 58 11 14 0.045603268 
865 6 8 10 0.045397136 
968 54 10 13 0.045337398 
1014 92 11 15 0.04521501 
436 28 10 13 0.045127466 
893 101 10 13 0.04511727 
132 12 11 14 0.044897225 
874 403 14 17 0.0448546 
888 14 8 11 0.044795357 
379 1 13 12 0.044568755 
984 218 13 19 0.04455156 
199 316 19 23 0.044503793 
532 21 11 14 0.044313867 
920 194 15 17 0.04427459 
195 189 17 21 0.044158097 
221 338 24 33 0.044071853 
887 52 10 12 0.04402512 
782 102 10 13 0.043976333 
780 13 10 13 0.04391969 
1007 157 12 13 0.043905128 
167 42 11 13 0.043852385 
974 418 11 17 0.04383746 
887 7 8 11 0.043756552 
280 43 12 15 0.04367607 
719 0 10 9 0.04364576 
1002 202 12 16 0.043645497 
885 516 13 16 0.043536566 
230 170 13 16 0.04353047 
288 163 13 16 0.043491557 
395 82 11 16 0.04338938 
966 188 13 16 0.04331554 
770 38 12 15 0.043270197 
684 75 13 15 0.04326718 
236 249 13 20 0.043258253 
916 126 11 16 0.04325101 
821 113 12 14 0.043114502 
564 628 36 45 0.043104462 
251 308 18 23 0.043010574 
480 106 16 18 0.0429906 
887 643 12 17 0.042948946 
116 307 13 18 0.042898476 
987 258 15 17 0.04284352 
967 46 9 10 0.042630654 
944 36 9 13 0.04260145 
10 273 19 26 0.042568967 
870 629 44 50 0.042465832 
600 38 10 12 0.04245977 
204 291 22 29 0.04240532 
1005 213 13 18 0.04236055 
438 51 12 13 0.04234973 
447 73 12 15 0.042329848 
833 123 11 14 0.042283073 
973 22 9 12 0.042251613 
452 39 11 13 0.042209547 
296 375 19 23 0.04212809 
937 117 14 16 0.04201517 
934 104 11 14 0.041892856 
863 52 10 11 0.04189208 
712 647 99 118 0.041655783 
996 375 25 32 0.041610472 
695 515 12 15 0.04148811 
905 7 8 9 0.04147418 
832 75 11 13 0.041440833 
272 352 23 31 0.041291125 
916 87 10 12 0.041245937 
814 233 13 17 0.041205812 
945 164 13 17 0.041204717 
452 541 13 19 0.041094657 
222 251 13 16 0.040987138 
286 128 13 17 0.040979937 
77 245 16 20 0.04093532 
982 513 23 29 0.040898204 
579 45 12 15 0.040879983 
695 75 12 14 0.040577386 
683 125 14 16 0.040559217 
847 40 9 11 0.04050765 
181 271 14 18 0.040433384 
893 261 12 16 0.04022447 
995 568 25 34 0.040191315 
929 9 9 10 0.040120192 
109 30 16 18 0.04011834 
363 38 11 15 0.040111955 
997 71 11 13 0.040075757 
921 297 19 22 0.039992273 
376 30 10 13 0.03996599 
634 5 9 11 0.039921463 
270 275 14 18 0.03987399 
886 93 10 13 0.03969095 
852 109 12 15 0.039675895 
934 394 13 18 0.039469473 
621 87 16 18 0.039414834 
170 154 16 21 0.039395854 
1000 429 13 17 0.039389405 
798 253 14 17 0.03929461 
869 167 10 13 0.03929331 
384 512 22 29 0.039123293 
34 684 29 35 0.03907713 
430 97 25 28 0.03903924 
38 332 24 32 0.03903248 
893 149 11 14 0.038955186 
42 123 21 27 0.038864266 
888 634 23 31 0.038693056 
432 38 10 13 0.038683146 
918 64 9 12 0.038583122 
894 328 15 21 0.038579274 
1004 419 15 19 0.038472597 
898 627 14 18 0.038464185 
454 30 10 12 0.03839157 
459 1 11 12 0.038332973 
830 285 21 25 0.038324215 
755 108 11 15 0.038224995 
235 327 33 37 0.0380979 
299 17 16 18 0.03793148 
881 44 9 12 0.03791918 
981 72 11 13 0.03781787 
423 92 10 12 0.037745945 
935 91 10 12 0.037638184 
839 156 12 15 0.037626714 
897 91 10 13 0.03757943 
1010 59 10 14 0.037574872 
155 403 18 23 0.037574377 
1011 218 11 17 0.037554357 
1004 487 15 19 0.03751231 
836 245 12 15 0.037487045 
559 10 11 13 0.037392214 
854 63 10 12 0.03737161 
759 89 13 16 0.037332337 
839 52 9 12 0.037331205 
940 135 15 17 0.0373279 
257 233 13 16 0.037261266 
888 22 9 10 0.03722512 
373 88 11 13 0.03721713 
715 115 11 15 0.03717928 
781 79 11 13 0.03717571 
895 8 8 9 0.03711236 
290 154 15 19 0.03710435 
276 51 13 16 0.037049294 
263 89 12 14 0.036969062 
187 43 12 14 0.03689541 
821 234 11 15 0.036864836 
701 39 10 12 0.036802493 
626 53 11 14 0.03678971 
990 645 29 47 0.036762938 
341 16 11 14 0.03672558 
647 59 10 12 0.036714803 
980 157 14 16 0.036678262 
935 39 9 12 0.03664264 
724 5 11 14 0.03661399 
432 15 9 12 0.036603745 
781 136 12 15 0.036599632 
770 657 51 56 0.036498126 
998 439 14 18 0.036425572 
427 93 12 14 0.03642163 
910 112 10 12 0.036375035 
350 572 49 60 0.03631984 
835 515 17 23 0.03618543 
93 250 15 19 0.036137123 
903 47 9 11 0.036086995 
725 90 11 15 0.03605563 
156 58 13 16 0.036038864 
417 0 10 10 0.03600235 
947 126 11 14 0.035950553 
891 371 13 15 0.03590986 
866 254 15 18 0.03588284 
89 397 25 34 0.035866793 
942 22 10 11 0.03570545 
448 1 9 10 0.03570123 
330 -1 12 11 0.03569563 
140 58 14 17 0.035648223 
893 285 11 15 0.035551272 
828 157 12 15 0.035469323 
911 374 11 14 0.03546352 
421 3 11 12 0.03543887 
807 191 15 18 0.03534752 
775 688 26 31 0.03528915 
195 393 32 36 0.035284862 
886 311 15 19 0.03520391 
443 110 22 25 0.035202503 
633 2 9 10 0.035178863 
791 6 9 12 0.035135727 
582 2 9 10 0.035072383 
1007 314 14 20 0.03502863 
842 25 8 10 0.03491241 
926 62 10 12 0.034876265 
397 13 9 11 0.034861516 
349 37 10 14 0.03479137 
403 111 19 26 0.034781802 
909 442 15 17 0.03477343 
114 72 13 16 0.034736693 
301 328 16 23 0.034640424 
417 93 9 12 0.034547843 
613 607 12 16 0.034405 
83 264 19 22 0.03439012 
952 201 15 18 0.034365587 
613 93 11 15 0.034338683 
894 40 8 11 0.03433269 
701 564 12 15 0.03429022 
598 70 10 13 0.034289412 
187 28 12 17 0.03428414 
959 44 9 11 0.034262907 
832 283 12 18 0.0342429 
861 267 15 20 0.03419709 
803 615 24 28 0.03417843 
964 434 16 20 0.034107666 
559 99 12 15 0.034038946 
364 18 14 15 0.034005113 
544 22 10 13 0.03393435 
630 91 13 15 0.03390231 
936 280 14 19 0.033889685 
82 247 20 24 0.03388855 
819 1230 60 81 0.033886235 
975 110 9 11 0.033879336 
269 399 17 23 0.033857867 
979 418 13 15 0.03384634 
186 274 16 17 0.033748858 
50 201 16 17 0.033746112 
991 158 13 16 0.033745617 
880 64 18 22 0.033742942 
229 404 31 34 0.033683084 
834 702 48 48 0.03365507 
917 200 14 16 0.03359066 
150 114 15 20 0.033489596 
932 204 13 16 0.03340081 
886 84 10 13 0.033342775 
965 38 9 12 0.033337776 
308 19 14 17 0.03333175 
821 163 12 15 0.033260815 
230 29 10 14 0.03322857 
1000 563 16 19 0.033222027 
229 583 16 21 0.03322057 
748 529 14 19 0.03317234 
853 53 10 12 0.03313081 
130 279 15 19 0.033086423 
910 21 8 10 0.033033166 
662 21 10 13 0.032975774 
185 298 24 28 0.03296194 
105 819 18 23 0.032924164 
846 135 11 14 0.032909602 
323 59 13 14 0.032857724 
824 51 11 13 0.032691117 
877 513 13 16 0.032598928 
860 298 12 15 0.032595433 
900 259 13 16 0.032574385 
103 391 25 33 0.032573935 
891 516 16 18 0.032545708 
997 369 17 20 0.03252384 
227 179 13 17 0.032517314 
786 19 17 21 0.032470167 
772 3 17 21 0.03234642 
865 13 9 11 0.032332003 
769 12 11 12 0.032302592 
777 68 10 13 0.032274693 
703 103 14 18 0.032263856 
838 133 11 13 0.032242004 
909 382 14 18 0.03223345 
243 12 11 15 0.03217236 
105 264 16 20 0.032109894 
35 27 14 17 0.032067817 
1013 34 10 14 0.03203832 
61 359 28 32 0.03203278 
647 0 9 8 0.031985026 
211 194 13 18 0.03197724 
826 5 8 11 0.03196099 
622 102 15 18 0.03190922 
819 364 12 18 0.031906564 
502 20 11 13 0.031897727 
123 289 14 18 0.031728044 
893 109 11 13 0.03163438 
938 1 9 9 0.031628083 
609 524 17 21 0.03161223 
711 7 10 13 0.031590052 
900 211 12 15 0.031581454 
182 305 17 20 0.03153481 
631 35 13 15 0.031485256 
854 250 14 18 0.031465083 
950 142 11 14 0.03146437 
211 0 11 11 0.031458877 
576 83 12 16 0.031419978 
1007 292 19 27 0.031374257 
524 92 14 17 0.03135519 
229 0 12 13 0.03132873 
502 42 12 15 0.03129493 
427 100 15 17 0.03129062 
146 313 15 20 0.031196117 
77 266 15 19 0.031192562 
791 645 13 18 0.031171178 
42 110 15 17 0.031147731 
209 723 32 44 0.031121569 
820 259 11 14 0.03104901 
696 14 10 13 0.031019082 
589 125 13 15 0.031014174 
168 24 20 24 0.031008687 
811 299 16 18 0.030973354 
845 1230 31 54 0.030951338 
991 36 10 13 0.030904695 
858 241 14 17 0.030893994 
518 66 11 14 0.030881874 
59 554 39 54 0.030792067 
949 1 9 10 0.030782707 
996 228 16 20 0.030777678 
986 289 15 20 0.030748688 
997 192 13 15 0.030671546 
981 48 18 22 0.030609954 
9 338 23 30 0.030598963 
855 140 10 12 0.030574193 
644 30 11 14 0.030570857 
813 223 10 15 0.030559553 
365 118 12 17 0.030552873 
389 21 10 12 0.030522082 
920 529 13 19 0.030486468 
716 521 11 15 0.030463457 
839 98 12 15 0.030449584 
976 139 12 15 0.030437734 
811 619 14 19 0.030405177 
271 0 10 9 0.030401053 
341 54 12 15 0.030353568 
34 575 17 22 0.03032427 
952 46 9 11 0.030268136 
620 69 12 14 0.030264942 
484 102 14 16 0.030161873 
544 11 11 15 0.030122792 
294 133 12 17 0.030102216 
386 1202 222 217 0.030014284 
246 0 10 11 0.029977618 
862 147 10 14 0.029964639 
276 122 13 17 0.029930994 
925 346 15 19 0.029917778 
12 118 13 18 0.029911052 
803 250 14 17 0.029873352 
140 23 14 18 0.029863957 
302 44 12 16 0.029821582 
43 135 16 20 0.029763358 
7 14 12 15 0.029753484 
841 328 15 21 0.029739931 
323 140 13 17 0.029633714 
987 385 27 32 0.029629223 
377 10 13 15 0.029519146 
425 60 13 18 0.029518956 
902 636 44 49 0.029517956 
790 15 10 13 0.029505802 
625 78 13 15 0.029498622 
295 0 10 11 0.029430764 
716 28 11 14 0.029420106 
991 30 9 11 0.029419675 
916 269 14 18 0.029401513 
701 29 10 12 0.029374788 
-1 91 8 15 0.029257141 
559 139 13 16 0.029253012 
70 38 13 18 0.029241178 
787 112 13 16 0.029232992 
687 139 16 18 0.029219652 
913 450 13 16 0.029198432 
613 99 12 16 0.029025797 
590 63 10 13 0.029018521 
973 226 14 18 0.029008485 
134 57 13 16 0.029004969 
768 2 10 11 0.028987018 
653 123 13 16 0.028968548 
991 441 13 16 0.028954461 
231 7 20 23 0.028915849 
901 391 14 20 0.02889549 
556 110 11 14 0.028834758 
696 28 9 12 0.028781397 
880 188 12 15 0.028736906 
372 17 14 16 0.028733598 
397 65 12 16 0.028720722 
865 28 9 12 0.028716918 
318 115 14 17 0.028697174 
48 323 16 19 0.028634757 
35 706 25 34 0.028608836 
142 0 10 9 0.02858208 
108 283 16 20 0.028572297 
865 622 24 30 0.028570395 
855 287 14 19 0.02852038 
224 0 11 11 0.028478524 
958 525 25 28 0.028441703 
109 355 19 21 0.028408537 
532 90 12 17 0.028373782 
642 672 42 46 0.028371895 
882 53 9 11 0.028365893 
951 15 8 11 0.028352525 
855 259 13 17 0.028280761 
909 65 19 22 0.028221428 
392 12 10 13 0.028205613 
894 527 22 26 0.028200522 
319 83 14 18 0.028164469 
610 50 12 16 0.028127259 
509 564 46 56 0.028049206 
244 256 15 21 0.028041158 
884 507 13 17 0.028024245 
334 141 13 16 0.02802076 
182 257 14 19 0.027997637 
875 652 31 35 0.027938066 
202 188 19 26 0.02790717 
423 47 8 12 0.027887827 
512 37 12 14 0.027878067 
69 346 23 31 0.027847845 
462 14 11 13 0.02783549 
755 732 15 16 0.027830694 
416 5 10 11 0.02778882 
661 108 10 15 0.027734034 
929 603 25 31 0.027666587 
264 44 12 16 0.027656162 
191 367 27 29 0.027655551 
883 137 12 16 0.02763116 
200 67 12 15 0.02760921 
1006 510 20 29 0.027603708 
137 35 14 17 0.027570263 
700 589 16 18 0.027550464 
187 82 12 15 0.027476335 
940 474 11 15 0.027375992 
235 50 13 16 0.02731932 
341 142 16 18 0.027263125 
981 206 13 17 0.027255684 
50 138 15 19 0.02719229 
929 24 9 11 0.027158571 
606 10 10 13 0.027077591 
966 426 14 17 0.0270648 
934 454 13 16 0.027049758 
887 460 12 15 0.02702611 
981 131 13 16 0.027021695 
485 592 41 45 0.027010528 
894 459 12 17 0.026930898 
670 19 10 12 0.026852442 
557 85 11 16 0.026844285 
69 226 19 26 0.02677607 
4 181 15 19 0.02675644 
323 133 13 15 0.026753549 
495 32 11 13 0.026750853 
789 36 12 14 0.02669969 
774 93 11 14 0.02667383 
856 66 17 22 0.026670177 
983 509 13 18 0.026642611 
694 51 11 14 0.02658603 
263 37 11 14 0.026564486 
76 56 15 19 0.026530685 
1009 429 15 20 0.026515258 
258 93 12 16 0.026458086 
203 -6 21 22 0.026427984 
685 56 13 15 0.026420139 
844 42 18 22 0.026415123 
990 58 9 12 0.0263289 
285 583 16 20 0.026325108 
928 308 15 18 0.026298026 
894 135 12 16 0.026294032 
928 84 12 14 0.026284158 
910 313 14 18 0.026202688 
930 419 14 17 0.026200125 
296 569 29 39 0.026176918 
154 329 16 21 0.026152046 
991 493 23 29 0.026141819 
795 86 11 15 0.026103139 
134 218 12 16 0.026036672 
725 702 57 84 0.026030233 
680 80 20 25 0.025987497 
788 276 14 16 0.025967475 
575 71 10 13 0.025956899 
944 61 9 11 0.02588685 
790 42 12 15 0.025833642 
247 584 32 34 0.025831547 
951 232 15 19 0.025828548 
773 19 12 14 0.025784438 
171 218 12 15 0.025780624 
898 337 14 18 0.02575685 
603 38 12 15 0.025706068 
972 486 14 19 0.025703229 
869 819 12 19 0.025637792 
912 275 15 19 0.025613012 
789 61 11 14 0.025601765 
252 290 15 18 0.025598112 
291 37 10 13 0.025594773 
801 154 14 16 0.025577256 
800 187 13 17 0.025568254 
1015 179 11 14 0.025560189 
685 22 10 13 0.02554907 
848 450 16 21 0.025460053 
136 207 13 16 0.025452789 
381 22 12 13 0.025450112 
800 649 16 20 0.025413852 
643 139 14 17 0.025378576 
338 588 139 199 0.025361586 
87 235 20 23 0.025348915 
695 570 13 15 0.025347758 
127 37 11 14 0.025333278 
166 7 11 13 0.025314676 
290 579 19 24 0.025291301 
66 246 19 25 0.025283875 
1012 149 10 14 0.025255943 
806 45 10 12 0.025239617 
782 411 15 19 0.025181167 
28 60 21 26 0.025175191 
837 75 11 13 0.02510811 
699 623 27 34 0.025085052 
414 531 23 32 0.025034579 
182 20 12 15 0.024998508 
877 292 17 19 0.024985017 
833 275 11 18 0.024965987 
945 55 9 11 0.024953233 
680 34 10 14 0.024886308 
50 115 15 21 0.024863852 
929 228 15 19 0.02486107 
747 122 14 18 0.024749521 
795 166 15 18 0.024745077 
157 336 24 31 0.024714569 
592 17 12 15 0.02471057 
207 223 13 16 0.024693683 
994 132 12 15 0.024673972 
422 15 11 13 0.024669651 
982 458 14 18 0.024629336 
926 68 18 22 0.024624463 
835 267 21 28 0.024595695 
367 107 12 16 0.024552807 
276 67 13 16 0.0244424 
327 106 13 16 0.024422215 
870 258 21 24 0.024411276 
776 62 10 13 0.02434576 
235 83 13 16 0.0243426 
701 631 15 21 0.024320863 
708 58 13 15 0.024296468 
686 12 10 12 0.024279498 
972 533 18 24 0.02427917 
937 630 32 45 0.024250364 
98 209 15 21 0.024236191 
406 30 9 12 0.024221795 
846 7 9 10 0.024220366 
431 7 9 11 0.024210578 
839 36 9 11 0.024141725 
775 131 15 18 0.024140496 
122 392 25 35 0.024110371 
1009 36 8 12 0.0240781 
903 852 54 70 0.024075221 
141 138 13 16 0.024050217 
10 1027 51 76 0.024047665 
16 74 14 18 0.024043458 
803 126 12 14 0.024017604 
948 258 14 16 0.024009833 
83 341 14 22 0.02398599 
35 553 29 39 0.02397398 
925 203 13 14 0.023946961 
925 520 19 25 0.0239353 
776 120 15 18 0.023929402 
904 581 41 49 0.023844471 
263 0 10 9 0.023823546 
898 82 17 22 0.023808558 
982 16 8 11 0.023796119 
126 30 11 14 0.023774924 
447 30 10 12 0.023770755 
-2 218 19 27 0.023770545 
668 116 15 19 0.023715323 
989 430 13 14 0.023704065 
0 15 9 13 0.023694512 
825 1 8 10 0.023691712 
302 28 15 17 0.023671271 
22 369 26 38 0.023631806 
566 35 10 13 0.023618102 
1009 22 18 26 0.023607448 
334 54 10 15 0.023590589 
823 75 11 14 0.023566693 
441 531 24 32 0.023561317 
378 97 15 17 0.023520028 
63 13 12 14 0.023508638 
430 53 12 13 0.023507874 
294 659 55 74 0.02348858 
159 93 12 16 0.023435857 
966 551 14 21 0.023415726 
833 267 10 15 0.023413979 
155 533 31 33 0.023408594 
390 62 11 15 0.023352053 
359 4 13 14 0.023341646 
923 277 14 20 0.023285381 
718 35 11 14 0.02327465 
857 811 24 38 0.023249574 
1007 439 21 28 0.023200383 
798 148 14 16 0.023170963 
53 47 16 19 0.023165269 
837 87 11 14 0.023156889 
955 256 16 19 0.02314004 
901 537 21 27 0.023139108 
166 160 21 28 0.023113094 
546 28 10 14 0.023095846 
21 182 22 29 0.023062775 
542 73 13 17 0.02305818 
430 86 10 12 0.023033595 
975 52 10 13 0.023025353 
45 15 13 17 0.023007244 
472 2 9 10 0.023001753 
1005 407 15 22 0.022999894 
199 229 14 19 0.0229661 
704 8 10 12 0.02296307 
686 115 13 15 0.02293916 
85 8 14 16 0.022928655 
627 118 14 18 0.022903332 
930 377 14 19 0.02289083 
604 606 24 28 0.022858059 
981 534 25 30 0.022843458 
576 14 10 12 0.022784542 
882 663 18 21 0.022748353 
601 1 9 10 0.02269495 
772 52 10 13 0.022679053 
535 62 10 13 0.022672798 
483 7 11 13 0.022659183 
996 513 16 21 0.022644656 
975 6 7 10 0.022623979 
710 37 13 14 0.022601068 
970 546 15 20 0.022589963 
827 200 11 16 0.02255931 
633 15 9 11 0.022557208 
861 63 9 12 0.022547146 
693 5 8 11 0.022529677 
149 57 13 16 0.022513973 
92 5 15 15 0.022495124 
405 84 11 13 0.022494601 
896 31 8 10 0.022461921 
853 22 8 11 0.02245768 
197 1335 8 10 0.022447323 
236 164 11 14 0.022442069 
350 0 12 12 0.02243344 
951 516 26 29 0.022431323 
797 73 11 14 0.022383006 
839 421 12 15 0.022337748 
234 529 27 30 0.022324802 
901 24 19 24 0.022289116 
997 35 10 13 0.022287063 
884 498 14 18 0.02228681 
813 514 13 16 0.022275206 
80 580 34 43 0.022265041 
126 117 15 21 0.022229576 
1013 141 10 14 0.022200525 
557 0 19 23 0.022189092 
188 21 12 15 0.022147823 
600 0 18 23 0.022126729 
507 588 87 106 0.02212656 
679 650 39 54 0.022093128 
391 498 24 29 0.02207682 
849 236 12 16 0.022071088 
413 1230 151 121 0.022070857 
155 98 15 18 0.02206785 
985 128 19 21 0.022054298 
14 377 41 54 0.022033129 
107 143 14 18 0.02201294 
923 176 15 19 0.022011986 
893 646 26 34 0.022010036 
900 410 15 20 0.021997357 
293 18 14 17 0.021992477 
701 63 10 13 0.0219825 
7 635 25 34 0.02197685 
144 105 12 17 0.02194363 
933 62 11 12 0.021869753 
807 224 12 17 0.021842673 
598 59 11 13 0.021805687 
299 134 12 16 0.021798959 
302 2 12 12 0.02172848 
939 107 12 15 0.02172692 
226 186 16 19 0.021706905 
896 21 7 10 0.021702498 
330 28 11 14 0.021691442 
283 260 25 32 0.021687089 
198 28 11 15 0.021681959 
184 315 26 28 0.02167551 
180 239 12 17 0.021670664 
1013 65 11 15 0.021665994 
906 433 15 20 0.021659324 
1000 339 14 17 0.021653647 
879 573 13 18 0.021640517 
390 99 12 13 0.021623801 
247 829 119 150 0.021622377 
685 374 14 15 0.021603597 
292 45 12 15 0.021575173 
940 388 12 18 0.02153808 
512 87 11 14 0.02150676 
18 173 16 19 0.021499638 
371 573 33 41 0.021482352 
791 0 8 9 0.02146868 
243 295 25 30 0.021427779 
530 107 14 17 0.021419536 
860 421 12 16 0.021418722 
343 30 19 25 0.021417415 
816 26 11 14 0.021394603 
868 695 19 23 0.0213397 
665 43 11 14 0.021326883 
956 189 16 18 0.021293133 
49 146 15 19 0.021289408 
941 260 14 16 0.0212648 
495 89 19 23 0.021228038 
858 168 18 22 0.02121964 
309 400 17 20 0.021184487 
915 139 12 17 0.021176552 
117 273 16 20 0.02116194 
777 419 22 30 0.021159207 
247 1090 39 47 0.021129038 
456 534 23 28 0.021125015 
909 651 16 22 0.02109886 
891 407 13 18 0.02106078 
59 218 15 21 0.02102024 
786 656 26 35 0.021016344 
115 873 62 86 0.020998081 
515 52 12 15 0.020990122 
821 566 22 26 0.020981643 
832 2 17 22 0.020974543 
696 38 11 14 0.020960717 
214 33 13 17 0.020958876 
137 130 14 19 0.020955801 
666 126 15 18 0.020943144 
646 8 8 10 0.020941148 
279 30 13 17 0.020936277 
981 91 11 14 0.020930937 
989 24 8 9 0.020908596 
872 40 8 11 0.020839432 
988 75 11 15 0.02083477 
1011 49 18 25 0.020820592 
982 401 15 19 0.020793607 
35 251 14 21 0.02079174 
805 273 14 18 0.02077014 
295 235 12 16 0.020736901 
222 28 11 17 0.020735903 
305 378 17 23 0.020725502 
163 19 14 18 0.020703249 
106 273 14 19 0.02068103 
564 29 10 14 0.020680014 
604 69 12 15 0.020648085 
994 398 25 31 0.020639805 
504 547 43 50 0.020638691 
928 90 11 13 0.020601911 
598 96 12 15 0.020573966 
774 85 11 13 0.020573609 
512 12 11 13 0.020556387 
136 29 11 15 0.020548478 
62 728 26 29 0.020544965 
398 100 9 12 0.020531442 
883 385 16 19 0.020523952 
502 567 30 43 0.02047177 
1009 23 9 10 0.020463105 
721 539 16 21 0.020461708 
11 513 47 54 0.020456271 
863 108 10 13 0.020448662 
25 134 21 24 0.020415114 
854 83 11 14 0.020411717 
751 562 14 17 0.02040093 
780 683 17 21 0.020394944 
96 287 17 21 0.020363597 
136 70 15 18 0.02036343 
96 136 14 19 0.020356577 
975 39 18 23 0.020317854 
623 59 10 14 0.020310104 
69 305 15 21 0.020307174 
931 218 15 19 0.020304512 
238 236 11 16 0.020290669 
902 109 11 13 0.02028474 
874 579 20 29 0.020269731 
971 118 14 16 0.020245051 
92 386 16 22 0.020236958 
52 107 14 19 0.02021594 
814 238 19 24 0.020198626 
18 528 17 20 0.020192578 
674 628 15 20 0.020162296 
175 2 18 21 0.020157125 
875 281 17 18 0.020135757 
0 1106 18 30 0.020131221 
370 -3 23 21 0.020126352 
333 627 39 51 0.020099081 
330 283 15 20 0.02006714 
212 56 11 13 0.020060284 
870 53 8 11 0.020056367 
603 83 11 15 0.02005481 
472 123 14 17 0.02003189 
629 646 13 16 0.020031573 
646 119 15 18 0.02002326 
368 86 10 13 0.020020086 
