28_Sports_Fan_Sports_Fan_28_480
59
489 214 59 74 0.9994142 
978 237 30 36 0.9989434 
698 168 85 105 0.99672407 
427 82 79 158 0.9780386 
364 77 89 142 0.26394692 
568 275 34 39 0.22758093 
4 197 23 37 0.10220183 
921 300 41 58 0.08421801 
887 257 14 17 0.079736635 
3 201 40 65 0.0675953 
911 267 12 15 0.0639035 
895 248 9 11 0.059802774 
467 172 76 103 0.05968734 
612 97 22 26 0.058018938 
917 245 9 11 0.056287263 
891 253 12 15 0.05319292 
917 262 11 14 0.05312541 
586 272 17 21 0.049811594 
968 354 52 87 0.047931775 
578 268 18 20 0.046972163 
536 257 27 32 0.041422796 
479 170 36 51 0.04001245 
935 241 8 9 0.039847903 
462 175 38 53 0.039480194 
653 244 12 16 0.038961157 
666 244 16 23 0.036239438 
862 248 15 17 0.035862472 
937 70 11 17 0.03551306 
602 231 22 27 0.035299025 
325 71 87 145 0.033747736 
646 244 12 18 0.033098247 
927 255 9 12 0.032789163 
667 249 47 59 0.032480236 
918 308 13 19 0.03130666 
919 240 8 11 0.030003002 
177 172 10 13 0.029957572 
918 254 10 12 0.029530207 
660 242 29 36 0.02796377 
649 243 23 28 0.027628368 
0 101 44 66 0.027525295 
956 250 12 15 0.027323727 
942 255 11 13 0.026077569 
902 252 9 11 0.025367618 
951 252 11 13 0.025117327 
941 265 13 16 0.024972731 
596 267 14 20 0.02467852 
926 267 11 14 0.024640815 
974 204 13 16 0.024186255 
187 110 25 27 0.023963628 
616 255 47 56 0.023904372 
587 281 46 54 0.023880355 
205 174 9 12 0.023379583 
889 248 10 11 0.021884844 
989 23 11 13 0.021747997 
929 276 23 26 0.02155984 
911 254 10 11 0.021144437 
909 261 20 25 0.020942437 
934 259 12 15 0.020645892 
913 307 26 36 0.020145189 
