28_Sports_Fan_Sports_Fan_28_751
67
524 234 59 73 0.99854964 
194 129 47 60 0.9980385 
16 154 42 54 0.9897169 
130 4 32 37 0.786974 
938 0 29 23 0.6034712 
91 181 15 18 0.4957044 
857 467 61 75 0.4013154 
679 22 40 48 0.3631817 
172 139 25 39 0.32266557 
101 0 25 25 0.21370302 
620 65 26 33 0.1532937 
933 45 32 40 0.11868812 
922 424 22 23 0.109380946 
409 354 49 67 0.08782904 
431 358 29 40 0.08461684 
975 403 28 33 0.080527954 
444 1 29 30 0.07186134 
964 413 27 31 0.06516803 
323 477 40 48 0.063174345 
907 0 19 16 0.053846207 
212 0 16 14 0.052619357 
674 393 97 147 0.050141685 
108 92 40 48 0.048417423 
363 318 43 51 0.046326227 
406 341 32 36 0.046004158 
799 -1 18 14 0.045038927 
714 25 42 52 0.04409418 
275 385 15 19 0.041792776 
290 31 50 56 0.0416273 
21 46 15 20 0.04142323 
389 352 81 107 0.035483256 
985 367 15 18 0.03519366 
144 5 35 33 0.034259483 
391 343 50 56 0.034030244 
899 0 28 29 0.033666972 
303 360 10 12 0.03317498 
406 327 50 65 0.03249395 
170 -1 20 15 0.031880926 
92 166 21 27 0.031828698 
442 361 16 23 0.03182231 
457 0 21 21 0.030593963 
444 -6 46 52 0.030137442 
201 78 11 14 0.029956354 
697 34 31 38 0.02728236 
169 48 30 37 0.027180616 
882 16 24 31 0.026296537 
96 158 17 23 0.025351357 
596 3 31 35 0.02525054 
371 341 31 35 0.02481738 
191 61 44 52 0.024053399 
387 347 32 37 0.024019228 
466 264 50 69 0.023795996 
158 1 34 32 0.023709971 
403 345 19 22 0.023701891 
933 0 20 20 0.023067223 
980 385 29 39 0.022922104 
701 -2 33 31 0.022805076 
124 45 14 18 0.022712039 
13 50 16 21 0.022582717 
642 17 24 30 0.02225095 
203 53 12 17 0.02145196 
635 31 43 51 0.021318493 
709 -1 19 15 0.021094883 
785 391 86 113 0.02074999 
380 321 49 56 0.020569198 
951 -1 31 27 0.020443968 
644 13 17 21 0.02004561 
