28_Sports_Fan_Sports_Fan_28_557
27
405 185 92 115 0.9996557 
130 9 36 38 0.1975472 
643 74 377 540 0.050692543 
778 201 220 303 0.047141008 
271 49 97 130 0.045570426 
481 0 51 48 0.043028947 
333 -3 66 78 0.04299584 
168 -2 30 31 0.04273913 
49 108 42 50 0.039237246 
174 2 16 19 0.03903645 
0 -5 32 51 0.033964947 
483 0 33 29 0.033681974 
214 42 13 17 0.033202432 
159 4 31 35 0.030268315 
233 56 29 32 0.025948063 
462 19 27 31 0.025303176 
156 12 12 16 0.024967067 
660 558 24 28 0.024802445 
44 132 24 33 0.024241926 
501 136 51 72 0.022697674 
229 36 52 59 0.021882502 
107 2 17 19 0.02180731 
160 6 50 53 0.020848256 
497 23 57 66 0.020668097 
47 120 25 32 0.020602532 
165 11 17 20 0.020402456 
46 8 65 66 0.02005241 
