28_Sports_Fan_Sports_Fan_28_267
152
352 224 19 24 0.9686493 
626 281 20 22 0.936697 
358 256 19 21 0.9347853 
346 325 20 27 0.92595565 
633 343 19 24 0.925534 
502 342 21 27 0.91345996 
420 243 18 20 0.9066827 
634 197 19 22 0.90209544 
405 203 16 20 0.82546604 
327 275 17 19 0.7865385 
668 255 16 21 0.7343964 
562 370 14 17 0.581682 
443 224 17 24 0.53638285 
310 215 19 25 0.49280864 
597 403 15 19 0.48820305 
289 261 17 20 0.47291118 
467 47 56 52 0.44106445 
682 240 14 18 0.4348912 
339 197 13 16 0.42218277 
469 205 14 18 0.38864428 
406 303 27 32 0.33766872 
664 200 22 29 0.32184 
504 325 17 18 0.14989613 
590 279 12 15 0.13719086 
598 275 12 15 0.1338034 
461 201 16 19 0.13379584 
605 309 20 25 0.12509583 
552 699 9 12 0.078843586 
114 605 17 21 0.07699931 
426 252 17 22 0.076797046 
297 265 13 15 0.0702788 
822 613 11 13 0.06982899 
346 196 13 16 0.06743931 
476 335 22 26 0.065896444 
529 205 16 18 0.061788507 
762 615 8 10 0.060472015 
442 709 10 12 0.059998266 
416 287 27 33 0.056271203 
388 230 10 14 0.056064952 
454 690 10 13 0.055597007 
586 251 13 17 0.055154312 
364 212 14 18 0.053677715 
943 109 9 12 0.052411307 
622 328 15 19 0.05168647 
355 213 15 18 0.051461343 
410 197 17 21 0.050120875 
405 306 17 22 0.049653318 
574 307 14 19 0.049406387 
697 711 9 12 0.04777694 
584 703 9 12 0.04548718 
441 387 16 20 0.045303036 
492 197 17 19 0.04426285 
498 202 15 17 0.04291496 
456 201 14 17 0.042544 
487 337 22 27 0.04233354 
659 293 14 18 0.041890066 
282 607 10 13 0.040757038 
445 237 13 19 0.040190905 
599 237 11 16 0.03924394 
424 306 18 21 0.039076444 
413 388 30 33 0.038747303 
636 226 12 16 0.03851014 
547 199 17 21 0.03843547 
348 201 15 18 0.038073182 
617 315 16 18 0.03782899 
317 210 20 27 0.03761136 
445 704 9 13 0.03644039 
494 239 11 13 0.03629525 
316 706 13 17 0.036086366 
418 309 28 31 0.03575922 
480 283 12 16 0.03539373 
448 687 10 13 0.03532779 
584 243 13 17 0.035050977 
674 263 14 20 0.034967672 
587 229 12 15 0.034682576 
417 300 18 24 0.0343613 
457 210 24 29 0.034263656 
448 219 17 22 0.033250775 
543 292 11 14 0.032981217 
639 699 13 16 0.032469332 
332 211 15 19 0.031992987 
997 574 9 12 0.031966913 
884 176 29 34 0.031955156 
604 252 11 15 0.03178818 
587 235 13 18 0.031530093 
736 705 7 9 0.03129711 
569 370 14 18 0.031226214 
496 669 11 13 0.031022888 
482 300 14 16 0.030644594 
647 197 22 28 0.030242195 
513 666 11 13 0.030030707 
584 281 15 18 0.028938686 
596 357 11 16 0.028897455 
623 204 13 16 0.028595883 
709 550 17 21 0.028405458 
404 291 15 18 0.028348384 
475 294 25 28 0.02801329 
568 707 10 12 0.027850673 
317 694 12 14 0.027132303 
485 201 15 18 0.027060753 
402 290 26 35 0.0269637 
429 236 19 26 0.026866574 
803 694 14 18 0.02651774 
581 257 15 18 0.026234293 
621 297 16 19 0.025842637 
549 275 11 15 0.02571041 
684 268 12 17 0.025598327 
639 190 24 29 0.0253878 
370 271 510 487 0.024960207 
549 610 13 14 0.02494568 
587 261 21 26 0.02476849 
383 233 13 16 0.02446419 
644 266 15 20 0.024217231 
293 599 10 13 0.024157345 
581 370 13 17 0.023907922 
669 394 12 15 0.023838129 
550 365 11 16 0.023419848 
517 699 10 13 0.02331399 
502 687 10 12 0.02330793 
76 610 10 13 0.02326586 
579 238 22 29 0.02311075 
414 225 13 17 0.022938972 
574 702 10 13 0.022937123 
759 708 9 11 0.02289145 
605 202 14 18 0.0226145 
370 258 16 20 0.022477599 
211 701 11 13 0.022377208 
467 214 16 20 0.022232333 
468 234 12 14 0.02192642 
603 243 11 15 0.021872588 
580 225 22 26 0.021823125 
465 709 9 10 0.02167507 
478 270 10 12 0.021629255 
696 325 9 13 0.02138967 
483 290 14 18 0.021270553 
417 195 15 19 0.021230604 
620 306 15 18 0.021065973 
337 201 22 26 0.020907171 
582 220 14 16 0.020791642 
717 703 8 11 0.020759687 
190 545 19 21 0.02070646 
472 703 8 12 0.020703353 
432 314 18 23 0.020548081 
620 211 14 19 0.020544209 
581 266 12 15 0.020536669 
483 278 12 15 0.020492276 
539 343 15 19 0.02047238 
637 313 15 17 0.02045567 
533 740 11 14 0.020349704 
433 247 15 21 0.0203279 
497 718 9 12 0.02003359 
507 304 17 18 0.0200169 
