24_Soldier_Firing_Soldier_Firing_24_264
47
743 137 60 79 0.9916353 
275 53 62 81 0.99109674 
518 217 14 18 0.9787049 
584 224 13 17 0.6096638 
884 231 29 31 0.3697731 
690 223 22 31 0.17284997 
925 272 17 26 0.16673948 
894 183 13 17 0.14945446 
899 186 15 18 0.10898703 
922 236 14 19 0.10086375 
707 223 24 33 0.0959659 
875 229 25 28 0.09315109 
906 189 15 18 0.07679884 
864 303 19 22 0.07561495 
589 188 10 13 0.051654506 
957 253 14 16 0.0497365 
897 229 28 30 0.04293306 
962 270 13 17 0.040550087 
868 225 17 21 0.03993254 
584 217 11 14 0.039422143 
430 167 24 46 0.038749542 
884 294 14 18 0.0374826 
350 185 44 73 0.036793694 
691 213 19 25 0.035398398 
872 215 12 15 0.035343606 
587 230 14 17 0.034212403 
365 140 10 15 0.030691678 
845 182 15 21 0.030612968 
437 167 15 24 0.030545132 
866 329 22 29 0.030272793 
885 265 15 20 0.027592791 
871 240 15 18 0.026762828 
755 421 31 33 0.0262744 
918 230 15 19 0.026152616 
421 180 27 52 0.025956783 
366 190 58 93 0.024163822 
739 398 47 58 0.022834426 
389 210 53 79 0.022439029 
883 244 26 32 0.021756092 
874 248 25 34 0.021750316 
865 292 18 20 0.021740204 
863 239 29 34 0.021573009 
428 245 10 16 0.02135543 
930 275 22 30 0.021340387 
962 258 15 17 0.021337016 
698 221 45 56 0.0204183 
778 492 38 35 0.020337202 
