24_Soldier_Firing_Soldier_Firing_24_431
68
235 144 42 58 0.91683924 
188 147 60 74 0.30936557 
413 395 12 13 0.17138557 
319 256 38 47 0.12739499 
713 473 17 22 0.107993305 
195 119 61 76 0.08805961 
146 148 47 62 0.07234313 
1014 271 7 10 0.065185346 
503 285 12 14 0.060845893 
450 397 24 28 0.05136112 
806 253 14 17 0.04917354 
994 429 30 35 0.043880306 
957 404 21 25 0.04354873 
445 396 17 18 0.04223635 
810 445 27 28 0.0401671 
738 412 8 11 0.039339904 
616 108 463 479 0.038613837 
576 350 12 14 0.037256066 
522 122 12 15 0.034857135 
430 397 13 15 0.033592936 
206 109 36 51 0.03285887 
705 413 9 11 0.03261489 
736 408 9 10 0.030938197 
467 402 13 18 0.030842777 
494 360 10 12 0.030476272 
853 236 11 14 0.030132592 
678 398 8 11 0.029988809 
735 459 13 15 0.029730838 
777 481 18 21 0.029137112 
437 397 13 15 0.028323567 
333 267 38 50 0.028097829 
922 414 30 32 0.027869023 
970 302 8 9 0.026956879 
719 407 10 11 0.026235107 
733 444 13 15 0.02622848 
828 119 9 11 0.026126962 
409 392 20 22 0.02552392 
588 454 15 18 0.025472824 
496 285 12 14 0.025354737 
734 441 10 12 0.025267469 
429 289 8 10 0.025155608 
956 309 9 10 0.025141615 
1005 293 8 10 0.024499452 
339 297 16 20 0.023860382 
409 391 12 15 0.023762789 
1015 275 8 11 0.023646476 
684 439 10 11 0.023564216 
576 431 9 12 0.023427095 
1007 309 9 11 0.023016777 
324 293 29 32 0.022987764 
958 304 8 10 0.022634098 
742 412 9 11 0.022416828 
823 452 18 20 0.022263246 
725 407 9 11 0.022231074 
202 134 35 51 0.021604814 
964 621 31 33 0.021361498 
639 138 12 14 0.020866754 
535 109 11 13 0.020857584 
698 468 23 28 0.020721741 
829 124 8 11 0.02065268 
462 143 14 18 0.020482207 
651 427 11 13 0.020400157 
468 365 22 26 0.020249994 
952 284 10 12 0.020148944 
534 457 15 18 0.020130066 
364 287 18 23 0.020052908 
479 399 11 14 0.020045744 
419 390 11 14 0.020037815 
