24_Soldier_Firing_Soldier_Firing_24_702
65
176 59 47 57 0.997265 
833 83 38 47 0.9952689 
401 172 13 18 0.6590915 
634 112 27 29 0.6085987 
268 124 31 30 0.5567977 
387 167 19 24 0.5184611 
420 175 13 17 0.23890978 
565 278 22 31 0.2017992 
344 129 9 12 0.1723339 
470 170 11 13 0.14863837 
380 172 18 21 0.14817564 
414 171 14 19 0.13019285 
677 238 23 28 0.12501515 
914 275 24 26 0.120794706 
647 112 24 25 0.119255684 
629 118 16 24 0.10783215 
679 236 15 18 0.09393985 
205 437 12 19 0.08953454 
325 220 17 20 0.075920545 
372 148 10 13 0.065343075 
487 298 23 30 0.06163229 
298 287 18 23 0.05988416 
75 34 16 24 0.05091782 
350 163 10 11 0.048554376 
529 150 9 11 0.048136696 
821 96 39 43 0.044845082 
294 284 15 21 0.04261717 
477 172 11 14 0.042226832 
308 293 15 21 0.042213008 
411 213 15 19 0.04121464 
723 254 48 55 0.0386316 
415 201 11 13 0.03543075 
578 280 15 23 0.03413057 
469 324 16 22 0.03313385 
548 273 26 35 0.032222778 
424 340 16 19 0.032100894 
278 246 22 27 0.031749774 
634 123 19 23 0.03151703 
275 472 17 19 0.031342138 
389 158 14 18 0.030299624 
676 270 25 31 0.030298853 
483 173 11 13 0.028106825 
348 128 8 11 0.027811248 
335 150 9 11 0.026987499 
844 200 30 37 0.02585676 
302 279 31 36 0.024794592 
497 303 17 21 0.02470896 
814 226 45 52 0.024492104 
21 370 16 20 0.02400387 
612 174 13 15 0.023866003 
817 110 31 39 0.022618085 
271 371 42 54 0.02228922 
452 174 11 14 0.021807756 
300 493 10 14 0.021737244 
211 438 13 16 0.021622589 
465 165 11 14 0.021538435 
927 283 17 20 0.021338116 
27 372 18 21 0.021200223 
503 166 9 12 0.021040527 
456 155 12 15 0.021010457 
19 366 14 16 0.020937713 
198 432 22 28 0.020642368 
475 313 26 35 0.020615939 
332 488 14 17 0.02057193 
176 4 24 31 0.020287056 
