24_Soldier_Firing_Soldier_Firing_24_372
19
305 143 61 83 0.980027 
242 414 176 260 0.3285504 
648 243 57 55 0.18117316 
511 20 377 503 0.04203225 
145 323 311 434 0.040802367 
717 193 26 30 0.040453266 
252 105 26 32 0.03812564 
616 275 70 57 0.035041407 
334 32 359 481 0.03470222 
262 100 13 16 0.03469262 
676 25 366 496 0.027434241 
234 158 58 69 0.024913853 
24 178 131 182 0.024740761 
954 0 18 16 0.02398361 
330 165 37 51 0.022999577 
259 118 18 24 0.022980927 
718 140 12 16 0.02209388 
225 113 39 46 0.02162219 
243 111 29 36 0.020542782 
