24_Soldier_Firing_Soldier_Firing_24_133
37
465 307 64 51 0.9713714 
534 400 12 16 0.15367165 
92 438 15 16 0.12302602 
546 431 24 30 0.10820899 
344 351 20 20 0.10419427 
445 447 17 21 0.088041484 
372 537 22 27 0.08001289 
599 397 10 12 0.06613061 
507 461 16 18 0.05696318 
450 307 36 42 0.048882425 
538 408 13 19 0.045270357 
556 440 14 18 0.04375108 
563 443 10 15 0.042408656 
436 446 21 27 0.035533004 
526 399 21 28 0.029633814 
-2 148 201 293 0.028586019 
552 399 10 12 0.028313024 
591 405 12 16 0.027366357 
402 451 32 34 0.027252715 
590 453 9 11 0.02659244 
419 445 32 37 0.02650553 
501 272 34 38 0.02399646 
202 399 37 38 0.02336373 
354 162 15 18 0.023233986 
547 408 23 35 0.022724893 
586 454 9 11 0.022345532 
263 167 45 71 0.021768676 
554 457 12 15 0.021725625 
86 440 13 15 0.021021346 
509 404 17 22 0.020935547 
442 274 28 39 0.020730752 
126 201 139 112 0.020649938 
94 224 31 33 0.020579658 
494 456 52 59 0.020496968 
389 110 12 15 0.020382479 
534 414 13 18 0.020300623 
445 306 14 19 0.020106519 
