24_Soldier_Firing_Soldier_Firing_24_931
62
496 99 67 80 0.9973424 
364 69 24 27 0.94581723 
259 50 26 32 0.6739626 
733 57 24 27 0.51380634 
438 55 20 25 0.4274154 
916 95 11 14 0.37527147 
926 117 11 14 0.2716236 
879 121 15 17 0.19069257 
904 123 11 13 0.16264784 
900 110 10 12 0.1520138 
919 117 13 15 0.14085269 
863 141 11 14 0.11163216 
908 118 13 15 0.10001394 
877 110 10 13 0.09849696 
333 169 12 15 0.07815656 
631 223 39 52 0.06755413 
868 139 13 16 0.06737574 
837 111 11 13 0.06604529 
525 269 39 43 0.05062257 
903 130 11 15 0.04494764 
1014 164 8 13 0.038348023 
652 190 22 30 0.037159298 
428 57 17 20 0.03708392 
442 66 18 24 0.03304955 
565 246 27 40 0.03163432 
831 116 11 15 0.03064489 
917 105 14 17 0.030626237 
276 190 11 14 0.029840184 
896 112 12 17 0.029413138 
909 107 13 14 0.02939982 
634 129 86 109 0.028980207 
938 172 9 11 0.028915217 
543 33 29 30 0.02791769 
873 138 15 16 0.027070144 
548 316 38 39 0.026800616 
425 53 11 15 0.024498837 
911 151 12 15 0.024227308 
939 166 10 12 0.023990028 
990 115 11 13 0.023640785 
932 110 11 14 0.023472121 
872 114 12 16 0.023449989 
274 61 17 23 0.022948582 
473 111 31 46 0.022884972 
424 174 32 37 0.02254109 
921 100 12 15 0.0222936 
886 108 12 15 0.021780014 
900 114 18 23 0.021677792 
901 150 11 13 0.021660317 
555 298 29 34 0.021548 
938 158 8 11 0.02149299 
531 45 56 67 0.021473574 
427 63 25 32 0.021299126 
871 123 12 16 0.0212695 
252 60 28 32 0.021107223 
448 58 15 20 0.021105578 
654 189 14 18 0.021071494 
546 109 41 48 0.020955384 
265 196 11 13 0.020734634 
547 31 16 19 0.020454152 
854 140 12 16 0.020179717 
438 235 61 67 0.020143978 
903 104 11 13 0.020028021 
