24_Soldier_Firing_Soldier_Firing_24_890
40
748 54 63 75 0.99907506 
61 213 42 54 0.9832659 
43 146 24 30 0.95460993 
132 151 22 31 0.94859 
300 146 24 29 0.90835977 
214 132 24 30 0.88144046 
476 157 19 26 0.7410045 
386 163 20 25 0.71438885 
36 462 13 18 0.29426718 
226 134 16 25 0.22740594 
313 146 16 23 0.13813773 
95 206 26 38 0.11740966 
663 148 11 15 0.10963784 
612 214 16 20 0.09865743 
55 150 16 24 0.054209705 
1 409 15 23 0.051135425 
395 158 16 22 0.050861206 
17 210 25 35 0.044743195 
890 228 44 56 0.04395519 
293 147 17 23 0.039903086 
524 197 11 12 0.034210157 
143 152 16 25 0.034033284 
86 483 46 60 0.032097995 
656 421 9 11 0.028606057 
401 165 14 22 0.026674094 
206 134 19 24 0.0259149 
376 204 35 49 0.02481327 
283 187 39 51 0.024533834 
330 402 40 51 0.024480028 
484 151 13 20 0.023892565 
607 217 23 29 0.023666747 
409 280 9 12 0.023614483 
352 208 26 37 0.02256261 
209 518 10 14 0.021800991 
233 139 16 25 0.02136073 
60 485 47 67 0.02123882 
859 273 18 19 0.021034056 
435 146 16 21 0.020632524 
236 385 42 52 0.020554151 
364 208 31 40 0.020098986 
