24_Soldier_Firing_Soldier_Firing_24_703
21
480 1 70 83 0.99727976 
238 50 70 95 0.9923367 
640 34 63 79 0.9854913 
351 53 68 94 0.98184204 
118 300 14 18 0.0863613 
612 178 28 47 0.055808816 
366 253 40 48 0.051319454 
116 228 52 64 0.045249216 
301 308 11 15 0.04386658 
122 304 15 18 0.036291614 
679 182 42 56 0.033461917 
166 124 70 78 0.030192759 
165 236 41 43 0.02476079 
106 230 39 48 0.02418789 
468 -3 41 40 0.023331458 
371 253 64 64 0.022760576 
197 68 91 123 0.022612251 
590 160 44 65 0.022179848 
144 292 11 15 0.0220588 
358 232 67 63 0.021997448 
133 306 12 17 0.021223202 
