24_Soldier_Firing_Soldier_Firing_24_10
28
177 176 37 50 0.79594487 
156 289 43 51 0.06607912 
276 206 11 14 0.064706974 
397 207 12 15 0.053697355 
158 183 36 41 0.0535875 
253 228 31 38 0.051711347 
270 208 13 17 0.04451954 
590 368 450 560 0.037556134 
259 228 18 21 0.033718325 
390 206 13 16 0.03279101 
286 218 15 19 0.031157853 
267 215 15 19 0.030025357 
260 218 17 18 0.027800538 
127 333 9 11 0.027462006 
280 225 26 33 0.027315876 
505 184 469 559 0.026627788 
382 207 13 18 0.025709143 
239 218 13 18 0.02514248 
273 210 23 28 0.025098175 
139 164 48 66 0.024081128 
-42 201 352 455 0.02335042 
159 196 53 64 0.02308952 
259 237 51 61 0.022818249 
263 202 23 26 0.022516439 
107 410 13 13 0.022050356 
143 415 8 11 0.021802802 
285 232 15 19 0.02074123 
380 7 473 457 0.020374373 
