24_Soldier_Firing_Soldier_Firing_24_95
20
293 39 83 159 0.24507643 
6 126 370 482 0.20867997 
326 485 126 173 0.110062376 
36 461 84 111 0.08304773 
287 137 102 137 0.07237866 
141 244 353 457 0.05731842 
287 93 187 221 0.045280952 
430 162 149 139 0.044913713 
53 617 30 37 0.044082846 
210 14 175 216 0.043146603 
70 458 97 123 0.030644558 
490 24 456 540 0.029868396 
793 370 42 52 0.02629854 
25 464 178 209 0.025000855 
277 341 192 301 0.022512984 
285 155 59 82 0.022506587 
125 612 66 64 0.021891894 
56 241 242 289 0.02068772 
316 171 120 131 0.02036154 
400 130 42 58 0.020329548 
