24_Soldier_Firing_Soldier_Firing_24_691
77
270 307 32 38 0.99956626 
237 216 25 30 0.99812883 
777 321 27 34 0.997775 
294 278 25 30 0.99674195 
417 338 27 32 0.99582076 
622 302 26 34 0.9954855 
265 269 28 30 0.9906579 
738 293 30 35 0.98714393 
879 449 34 53 0.9826736 
547 272 22 26 0.9760423 
669 318 23 28 0.96688455 
878 327 29 35 0.9644271 
819 381 38 42 0.9579331 
820 300 23 27 0.95558393 
439 311 23 27 0.9544452 
562 327 22 26 0.9534638 
366 305 22 24 0.9521633 
956 303 21 21 0.95053625 
505 313 24 29 0.94402415 
96 109 35 63 0.9197667 
580 268 20 22 0.9113164 
411 248 20 22 0.9084257 
803 366 29 37 0.8114031 
211 178 19 22 0.4445216 
455 347 22 26 0.38010824 
726 308 15 18 0.19017637 
277 274 28 31 0.17094842 
973 331 17 20 0.15492134 
51 121 31 54 0.15126954 
544 328 17 20 0.09721486 
649 342 17 21 0.076557145 
579 276 22 28 0.0740562 
603 321 15 20 0.06953211 
342 334 21 25 0.06750929 
945 345 16 20 0.0606449 
878 348 26 37 0.060233496 
791 178 27 32 0.058770757 
472 407 15 17 0.057262406 
204 183 25 32 0.055384673 
728 299 27 32 0.052672632 
802 331 16 20 0.05099404 
528 361 22 27 0.05005913 
645 313 16 23 0.04950001 
831 307 19 23 0.047890574 
308 315 13 16 0.04651558 
660 314 23 29 0.041259255 
920 334 25 33 0.038844507 
884 339 32 37 0.037895203 
724 412 11 14 0.037333466 
878 359 15 24 0.036382426 
1008 275 12 15 0.034583718 
831 377 44 54 0.03129367 
174 173 11 16 0.030132148 
526 352 17 21 0.030021671 
198 132 10 13 0.029739266 
764 316 26 31 0.0294597 
868 360 27 35 0.028578583 
303 310 21 27 0.026771966 
394 322 13 18 0.02656035 
559 358 24 28 0.026050637 
1011 268 12 18 0.025344558 
562 338 19 23 0.024411209 
1 149 11 15 0.023962926 
946 335 23 27 0.022687383 
966 336 18 20 0.022438543 
762 298 18 23 0.022421505 
943 349 24 30 0.022163616 
431 317 26 32 0.02184571 
826 314 26 34 0.021804992 
538 364 13 18 0.021482846 
490 376 18 22 0.021376653 
443 343 26 30 0.021177012 
411 258 17 22 0.020948714 
895 334 30 32 0.02079307 
796 349 16 20 0.020523734 
909 339 27 32 0.02034572 
610 310 25 33 0.020097222 
