24_Soldier_Firing_Soldier_Firing_24_315
40
307 255 63 74 0.9890365 
152 15 51 63 0.9292523 
276 83 17 20 0.8453155 
603 386 27 33 0.42069685 
82 30 29 34 0.3864306 
7 40 25 39 0.32599282 
434 323 34 38 0.20896453 
241 245 40 55 0.164372 
85 27 16 20 0.117404476 
33 323 34 39 0.11447487 
12 50 32 39 0.10963009 
231 243 32 46 0.09295712 
40 328 47 56 0.08366625 
300 141 9 12 0.07964337 
430 329 16 17 0.05833837 
22 56 36 39 0.058069997 
32 328 96 126 0.047679365 
173 34 36 52 0.04727405 
542 338 14 17 0.036233805 
494 433 10 11 0.036126625 
275 251 50 60 0.033640407 
586 387 47 48 0.03214959 
88 308 49 59 0.03151898 
86 302 30 43 0.030945666 
288 83 15 20 0.030192127 
489 432 10 11 0.02993599 
494 436 12 14 0.029604806 
609 380 18 21 0.02908914 
535 333 12 16 0.027682915 
257 252 45 62 0.026872016 
340 211 49 63 0.024865896 
421 331 30 34 0.024842154 
351 190 47 56 0.023396496 
355 201 23 29 0.02225593 
447 330 31 34 0.022173218 
60 275 14 17 0.021768842 
533 326 24 31 0.021666206 
76 33 44 53 0.021366155 
351 265 33 51 0.021024672 
74 323 89 90 0.020089973 
