24_Soldier_Firing_Soldier_Firing_24_281
23
244 441 12 16 0.1191075 
717 417 12 16 0.04405599 
207 665 43 48 0.041284576 
190 428 8 10 0.036559198 
270 438 10 13 0.033381477 
897 507 14 17 0.030342767 
141 445 20 26 0.030337945 
58 581 27 36 0.02782459 
223 674 48 51 0.026952542 
185 423 10 11 0.0266023 
241 704 53 53 0.025865529 
836 512 45 49 0.025792073 
191 414 10 12 0.0249981 
200 431 9 11 0.024981335 
589 241 227 273 0.023773162 
485 137 13 16 0.023608262 
179 453 14 17 0.023369273 
894 499 15 18 0.023158032 
148 413 10 12 0.022514932 
201 437 9 11 0.022342559 
182 437 9 11 0.022172647 
36 595 45 51 0.021680146 
91 444 14 16 0.02114571 
