20_Family_Group_Family_Group_20_339
49
525 195 30 38 0.99974304 
618 182 32 41 0.9996567 
448 171 32 39 0.999456 
361 127 41 51 0.99693537 
31 90 46 53 0.9963169 
147 160 37 44 0.99555874 
698 165 33 43 0.99353 
242 133 39 51 0.9905703 
856 103 41 51 0.98501563 
767 145 39 51 0.9835101 
829 174 31 37 0.89171183 
665 213 25 31 0.47856402 
829 146 24 29 0.1886753 
412 326 13 19 0.17627433 
172 125 35 37 0.119358815 
831 156 26 31 0.11729975 
352 256 16 19 0.088159375 
1014 483 9 15 0.05885157 
838 171 20 24 0.054437347 
362 327 15 22 0.05368634 
377 275 15 20 0.05138775 
209 302 393 451 0.04958579 
634 185 26 36 0.04445539 
428 280 15 20 0.042700235 
675 154 17 21 0.041861385 
276 181 16 20 0.041151207 
668 200 25 29 0.039763484 
835 112 27 36 0.03931819 
973 312 12 17 0.038997456 
177 189 26 32 0.034234397 
552 188 20 27 0.03221978 
565 219 15 22 0.031415656 
909 116 24 28 0.03079759 
175 163 28 35 0.030425368 
651 188 23 32 0.028808765 
1015 268 9 14 0.028787306 
994 412 26 40 0.028527217 
74 142 24 34 0.02795627 
190 125 35 38 0.027657334 
747 173 22 30 0.026995307 
937 330 18 22 0.024870124 
679 187 23 27 0.024751998 
97 176 16 21 0.024367554 
133 162 16 23 0.02354881 
953 108 28 40 0.021214932 
134 151 32 42 0.020823644 
5 103 25 40 0.020603787 
391 307 11 14 0.02035552 
352 168 17 22 0.020313052 
