20_Family_Group_Family_Group_20_775
22
423 365 211 289 0.9999192 
283 578 207 249 0.9998393 
71 331 32 40 0.9957066 
147 362 27 34 0.98581576 
338 368 24 36 0.9313203 
624 301 39 43 0.90659904 
362 484 205 244 0.48735029 
54 849 310 460 0.28444755 
661 1080 196 296 0.07576665 
575 908 387 533 0.07056845 
152 356 20 22 0.057486936 
850 454 23 24 0.05253594 
81 447 23 30 0.051964298 
212 258 16 17 0.046826556 
213 331 16 21 0.044204213 
224 223 25 30 0.04268187 
676 299 427 494 0.027484028 
833 742 211 289 0.025563853 
243 230 13 17 0.024846505 
97 417 34 40 0.021879679 
214 221 23 29 0.02115043 
668 495 52 84 0.02083613 
