20_Family_Group_Family_Group_20_411
73
481 389 57 69 0.999736 
324 405 53 67 0.99972254 
600 387 55 67 0.9996099 
763 401 49 63 0.9996039 
219 393 53 70 0.9994338 
528 92 63 75 0.9994247 
676 74 64 80 0.9993204 
366 64 55 80 0.9992483 
706 757 26 29 0.67675936 
726 751 26 31 0.2286976 
119 727 25 25 0.17874047 
436 764 16 21 0.1786585 
610 757 12 18 0.1749748 
660 428 29 38 0.1377878 
711 767 27 33 0.09181309 
877 749 13 18 0.06940143 
701 754 17 26 0.06927471 
215 698 17 21 0.0687614 
607 759 21 28 0.06482544 
736 747 18 25 0.062077474 
209 703 21 31 0.060601257 
623 761 10 12 0.06005149 
610 752 9 13 0.057971552 
12 777 16 20 0.05647367 
231 772 46 47 0.056094185 
489 330 15 17 0.053097375 
1000 724 14 17 0.04920945 
181 758 34 33 0.04917313 
723 763 31 37 0.04719239 
103 783 15 18 0.046145637 
702 750 12 19 0.046059284 
720 760 20 24 0.044897143 
1006 89 12 17 0.03984742 
1008 261 9 14 0.032170888 
689 773 28 32 0.031956982 
717 786 15 19 0.031733904 
616 763 21 27 0.031708125 
618 776 29 27 0.031258605 
933 787 15 17 0.03106175 
853 766 10 11 0.030737555 
654 399 43 61 0.030070225 
803 740 17 21 0.02944762 
921 124 9 12 0.028907295 
1001 351 8 10 0.027524794 
1005 304 10 13 0.02747492 
695 765 54 53 0.027446853 
992 717 25 31 0.02730402 
1001 283 9 12 0.026331138 
1001 262 9 12 0.025763921 
572 775 18 22 0.025728494 
211 789 13 17 0.025667612 
803 743 24 35 0.02514241 
952 131 10 12 0.024894988 
739 765 17 25 0.024848789 
198 107 11 12 0.024568915 
964 -10 69 110 0.02434295 
498 762 12 15 0.02419207 
635 781 15 18 0.023654329 
494 777 13 19 0.023242163 
238 108 13 15 0.022957165 
203 565 51 53 0.022822715 
141 760 66 58 0.022416232 
626 765 15 18 0.02236805 
1006 217 10 14 0.022102723 
997 761 25 34 0.021828307 
311 87 8 10 0.02176143 
281 92 10 12 0.021679329 
73 763 65 58 0.02115001 
730 764 18 23 0.020746903 
47 751 10 14 0.020593267 
983 744 10 12 0.020577116 
261 102 9 11 0.02035262 
949 745 12 13 0.02034466 
