20_Family_Group_Family_Group_20_750
89
341 68 179 261 0.9995635 
557 211 178 230 0.9992435 
929 558 9 13 0.31607756 
992 622 11 13 0.16246076 
34 1038 17 20 0.11116531 
992 591 9 11 0.10144483 
985 747 11 14 0.09106445 
594 110 40 49 0.07873979 
981 610 10 13 0.07095751 
998 723 9 12 0.06904732 
1000 603 10 13 0.06196233 
115 1086 105 143 0.05245293 
952 573 11 14 0.0494209 
1005 605 9 11 0.04896312 
993 725 9 12 0.04790012 
934 562 9 13 0.047733877 
41 667 490 578 0.045892898 
944 608 10 13 0.045668688 
940 565 9 12 0.04373952 
990 597 11 15 0.043609604 
910 581 11 13 0.04318185 
1009 662 11 15 0.042913437 
969 782 8 10 0.041910797 
965 708 8 12 0.041110747 
919 536 8 11 0.040726844 
426 145 174 230 0.0403676 
795 1242 40 37 0.040207174 
987 602 12 16 0.039864983 
953 557 11 14 0.039529167 
926 553 9 12 0.038446993 
934 668 10 13 0.0380468 
956 566 12 15 0.03635789 
939 558 10 13 0.036057003 
971 765 9 12 0.0352071 
984 773 9 11 0.034360714 
917 602 12 14 0.03354084 
991 508 11 13 0.03189765 
959 550 11 13 0.031846814 
913 597 10 14 0.031209778 
910 587 12 14 0.030835506 
926 540 9 11 0.030672582 
990 614 12 15 0.03049543 
909 519 8 10 0.03036355 
1006 566 10 12 0.02945486 
1000 566 9 11 0.029215736 
970 774 9 11 0.028012024 
1007 742 10 12 0.02799683 
949 612 8 11 0.027024519 
956 627 10 13 0.026569845 
1007 524 12 14 0.026555177 
911 629 10 13 0.02651051 
904 535 8 10 0.026388727 
910 527 8 9 0.026098061 
905 517 9 11 0.025790583 
952 743 9 11 0.0253379 
927 535 9 12 0.025322752 
975 517 8 10 0.025221989 
933 644 10 12 0.024760189 
965 613 11 13 0.02471396 
1001 743 8 11 0.023917696 
991 638 10 11 0.023860708 
980 575 9 11 0.023835873 
975 733 8 10 0.023638204 
942 574 9 12 0.023496969 
934 604 12 14 0.02348604 
926 604 10 14 0.023478122 
922 555 12 16 0.02321359 
911 603 11 13 0.023040613 
912 535 7 10 0.022890022 
924 613 9 13 0.022806121 
977 816 8 11 0.02263443 
900 551 10 12 0.022403248 
960 675 11 13 0.022056645 
1000 800 8 9 0.021652848 
975 791 8 11 0.021636479 
1006 725 11 13 0.02145252 
926 518 9 11 0.021330338 
1010 775 8 11 0.021295309 
897 556 10 12 0.021289466 
991 557 9 13 0.021166597 
902 541 9 12 0.020896388 
936 705 8 10 0.020866442 
945 696 8 11 0.020862065 
996 507 10 12 0.02074425 
945 523 9 11 0.020726072 
925 553 17 23 0.020607846 
935 572 11 13 0.020413158 
992 821 10 13 0.020304333 
997 614 11 15 0.020215023 
