20_Family_Group_Family_Group_20_255
45
606 424 55 68 0.9994931 
141 444 62 76 0.99942493 
488 411 62 77 0.9989459 
893 373 60 71 0.9989335 
304 446 57 67 0.99857736 
742 378 57 78 0.99783665 
518 128 45 56 0.99573356 
787 220 51 62 0.99550194 
197 337 47 58 0.99478626 
365 301 50 57 0.9901517 
659 232 44 54 0.9854256 
714 359 43 63 0.51274234 
909 713 41 47 0.14602245 
983 665 10 12 0.11110282 
247 365 39 59 0.09897341 
480 140 18 21 0.09741167 
255 395 30 41 0.09246816 
781 301 28 39 0.08986743 
974 618 11 14 0.06897972 
229 324 31 48 0.05805638 
438 365 32 41 0.054661002 
370 265 55 71 0.051669106 
14 365 27 51 0.047536947 
494 359 59 67 0.046264857 
720 287 38 56 0.046013173 
578 135 15 18 0.037551947 
826 615 133 138 0.037421837 
338 445 49 62 0.036166128 
647 379 38 48 0.030980818 
484 379 59 77 0.029955773 
295 424 51 65 0.029729357 
779 365 47 62 0.029024553 
926 53 7 9 0.028446442 
1000 659 9 11 0.028201234 
963 645 10 13 0.02726075 
505 -1 42 49 0.027241314 
358 451 48 60 0.02712927 
573 142 26 31 0.026579445 
490 141 13 17 0.025480915 
258 322 44 68 0.02453428 
390 304 34 43 0.023729162 
942 673 12 15 0.021139147 
266 375 34 50 0.02087324 
239 311 42 66 0.02051067 
18 267 20 28 0.020261746 
