20_Family_Group_Family_Group_20_759
49
760 228 51 63 0.99891615 
103 251 50 65 0.9984761 
798 101 45 58 0.9932555 
360 67 45 58 0.9923488 
574 297 43 56 0.98936355 
445 307 41 53 0.9892264 
659 118 42 56 0.9881693 
501 82 40 53 0.98218775 
307 289 55 67 0.9811156 
601 379 42 49 0.9804246 
220 158 42 53 0.9771969 
101 104 42 56 0.97572917 
525 293 28 37 0.6825807 
442 411 15 19 0.4306673 
283 629 45 60 0.3278258 
814 462 26 29 0.23320046 
623 311 39 52 0.11849996 
971 472 42 59 0.11182599 
553 323 24 33 0.08537562 
641 275 27 32 0.077350214 
738 444 17 22 0.06669069 
71 476 84 61 0.05899393 
267 317 42 59 0.053555064 
538 366 423 485 0.051435106 
668 458 16 22 0.048625626 
792 433 25 28 0.04481221 
305 633 33 39 0.040477727 
512 294 33 51 0.03833846 
845 419 29 34 0.037951574 
608 359 43 57 0.036765095 
661 460 17 24 0.035236318 
632 292 41 53 0.03425128 
633 326 39 57 0.03274442 
476 440 29 34 0.031153012 
430 557 37 39 0.029348817 
637 283 15 20 0.028503977 
659 267 17 20 0.027988007 
529 478 16 20 0.026385747 
524 287 20 26 0.025996845 
556 467 13 17 0.024573829 
570 475 16 19 0.02299789 
488 449 17 20 0.022511393 
601 306 32 44 0.021784866 
64 458 128 103 0.0215868 
374 612 35 39 0.021213768 
322 731 28 29 0.020988367 
426 431 13 14 0.020854585 
549 452 12 15 0.020766415 
525 444 11 11 0.020211218 
