20_Family_Group_Family_Group_20_374
328
628 802 201 243 0.99958605 
86 345 335 452 0.9984315 
504 13 274 388 0.99737215 
583 1126 136 157 0.996829 
75 1213 14 17 0.6684255 
154 1159 16 18 0.66203696 
116 1111 13 16 0.5683865 
445 1105 13 18 0.55756855 
236 1119 17 21 0.54975206 
30 1316 12 16 0.54412735 
111 1157 17 20 0.53543353 
374 1246 13 15 0.5082987 
405 1123 12 16 0.46658573 
28 1234 13 16 0.38978854 
247 1241 14 19 0.3848722 
53 1073 12 15 0.35950553 
71 1109 12 17 0.35513788 
439 1153 14 18 0.34797394 
111 1179 16 19 0.33555457 
470 104 135 192 0.3336142 
380 1074 13 16 0.309266 
465 47 103 167 0.30025893 
319 1234 12 17 0.29855406 
92 1270 13 17 0.2887088 
392 1149 13 17 0.2877121 
161 1112 17 20 0.28064695 
95 1053 14 17 0.27128965 
233 299 362 467 0.2590758 
99 1198 14 18 0.25886804 
48 1231 13 17 0.24359335 
70 1170 13 16 0.24260405 
135 1099 13 17 0.24156512 
242 1270 17 21 0.24121346 
270 1252 14 17 0.23870344 
19 1130 13 18 0.23703936 
70 1296 14 17 0.22024852 
465 72 477 575 0.21756196 
229 1247 13 16 0.21572779 
442 54 224 294 0.2154763 
204 1247 13 17 0.21426122 
47 1049 13 16 0.2090404 
367 1118 14 17 0.20839566 
319 1103 13 17 0.20412005 
46 1287 13 16 0.20064951 
355 1312 22 29 0.16932167 
341 1082 17 19 0.1679249 
80 1195 12 14 0.16555354 
172 1081 19 22 0.16429108 
147 1246 16 19 0.16415718 
462 1110 12 17 0.16006924 
93 1231 14 17 0.15998514 
13 1091 12 15 0.15963292 
285 1272 14 16 0.15202281 
345 1114 14 18 0.14858331 
430 1257 12 15 0.14405662 
31 1267 12 17 0.14275202 
173 1230 13 16 0.13621569 
13 1174 12 15 0.13474736 
63 1049 12 16 0.13173525 
25 1187 11 15 0.1255965 
306 1146 14 18 0.119990006 
395 1319 15 17 0.119543016 
374 1139 12 16 0.11718723 
115 1135 15 19 0.11315556 
53 1308 12 15 0.112814255 
53 1215 12 14 0.10887477 
55 1126 12 15 0.10859305 
363 1275 15 17 0.10835031 
594 157 36 47 0.10478028 
131 1220 17 20 0.10355864 
43 1140 11 14 0.1002558 
222 1175 14 17 0.10008616 
351 1147 12 16 0.09762126 
125 1255 16 18 0.09632701 
311 1268 13 18 0.09622087 
267 1287 13 16 0.09473048 
119 1091 11 15 0.09471045 
37 1197 13 17 0.09119682 
32 1090 11 14 0.09009221 
3 1115 14 18 0.086363465 
42 1183 11 14 0.08549448 
86 1078 13 17 0.083456784 
30 1024 13 16 0.08251421 
0 1210 8 14 0.08248289 
383 1193 13 16 0.08064124 
377 1097 13 16 0.080090836 
480 1133 13 17 0.075829886 
360 1179 13 17 0.075707756 
404 1074 12 15 0.07501774 
33 1071 10 14 0.0744967 
414 1262 11 15 0.073740505 
261 1194 13 17 0.07212379 
1 1065 10 15 0.07171903 
332 1197 12 15 0.071568474 
70 1258 14 16 0.0705844 
120 1058 12 14 0.070538774 
274 1220 13 16 0.07040786 
266 1129 13 16 0.07017671 
94 1297 12 16 0.06971469 
421 1161 14 18 0.06800578 
352 1301 13 17 0.067836665 
111 1143 20 23 0.06673304 
447 1072 12 16 0.06637105 
377 1219 14 16 0.06624693 
92 123 361 469 0.066053994 
291 1242 13 17 0.06494623 
68 1144 14 18 0.064720176 
190 1204 13 16 0.063786715 
46 1091 12 15 0.06303693 
300 1198 12 15 0.06255877 
375 1303 12 16 0.062538855 
31 1112 11 15 0.062327426 
197 1143 14 17 0.06076923 
5 1237 10 15 0.058743574 
172 1268 14 16 0.05825257 
101 1145 13 18 0.057650283 
217 1219 14 15 0.057240233 
350 1241 13 15 0.05682034 
76 1254 12 16 0.056555446 
551 1214 16 21 0.055846956 
434 1179 14 17 0.054494318 
280 1147 11 13 0.053794507 
6 1068 10 13 0.05293688 
536 660 287 427 0.052626707 
93 1178 13 15 0.05252663 
703 1411 11 14 0.052445203 
274 1320 15 18 0.05237585 
356 1143 13 16 0.051447727 
127 -71 399 456 0.051056035 
15 1067 11 14 0.05103083 
424 1133 11 15 0.048379805 
76 1238 10 13 0.0482799 
422 1260 12 15 0.04812081 
330 1295 13 17 0.048002772 
416 1242 11 15 0.047912143 
469 1187 14 17 0.04776443 
33 1203 12 15 0.04754793 
446 1247 11 13 0.047469255 
11 1302 10 14 0.047411676 
85 1190 13 16 0.047401827 
109 1098 13 15 0.047263034 
413 1183 13 17 0.047078732 
354 189 122 146 0.046954215 
129 1176 436 523 0.04671575 
415 1177 185 267 0.046361294 
365 393 439 553 0.045702405 
431 1153 13 17 0.04551966 
15 1222 10 13 0.045460057 
48 1313 12 16 0.045039736 
26 1298 12 15 0.044764295 
40 1135 11 14 0.04449917 
305 1346 15 18 0.044431835 
326 1202 14 17 0.044139765 
23 1230 14 17 0.043700423 
240 1190 11 13 0.04361502 
518 1014 12 16 0.04341936 
222 1132 10 14 0.043390196 
394 1258 12 17 0.043205455 
51 1090 12 15 0.0431364 
8 1037 12 17 0.042672906 
36 1230 12 15 0.04257603 
422 1237 10 14 0.04184145 
417 1107 11 14 0.041450504 
392 1286 12 15 0.04063792 
27 1156 13 17 0.040628053 
380 51 180 230 0.04030121 
76 1204 16 20 0.04015257 
20 1219 11 13 0.040036496 
452 1194 107 161 0.039397027 
61 1141 14 18 0.03909116 
197 1119 17 21 0.03903069 
21 1091 9 14 0.03839307 
302 1241 13 17 0.03830149 
144 1187 18 21 0.037965942 
43 1195 14 18 0.03780293 
185 1171 13 17 0.037763458 
0 1263 10 14 0.03745772 
41 1290 12 16 0.037355196 
55 1105 12 14 0.03718971 
314 1222 14 16 0.03705506 
60 1254 11 14 0.036969904 
309 1168 13 17 0.036832664 
381 1225 14 16 0.03673911 
455 1001 13 16 0.03666817 
8 1195 11 15 0.036574986 
362 1081 348 443 0.036109243 
124 1053 14 18 0.036054395 
150 1286 14 17 0.03584901 
455 975 11 13 0.035676584 
387 1229 11 14 0.035452075 
109 1351 15 21 0.03523456 
65 1171 12 16 0.03461661 
283 1143 11 13 0.03405803 
235 1244 13 17 0.034028072 
402 1033 13 17 0.03360426 
109 1170 17 19 0.033537414 
22 1214 11 13 0.033442907 
120 1211 12 15 0.032665465 
355 1306 15 19 0.03263063 
372 1105 15 19 0.032489862 
484 1115 18 21 0.03246704 
84 1043 12 15 0.032407355 
113 1312 15 19 0.032159977 
310 1241 13 16 0.032114893 
115 1098 13 17 0.03208908 
495 1019 15 18 0.031853095 
31 1196 12 16 0.031628918 
91 1188 14 16 0.031134004 
68 1343 15 19 0.031121185 
102 1177 13 16 0.031069804 
404 1158 11 15 0.03090558 
188 1052 19 21 0.03079627 
340 1246 12 14 0.030547999 
132 1068 15 18 0.030399356 
0 1119 12 18 0.030378507 
76 1166 13 17 0.030370977 
341 1264 13 16 0.029768735 
36 1211 14 16 0.029598342 
177 1139 14 17 0.029444413 
86 1101 11 13 0.029342534 
99 1048 15 17 0.028983701 
400 1128 14 17 0.02887679 
471 1026 13 16 0.028620088 
48 1218 12 15 0.028559906 
105 1051 14 18 0.028480384 
52 1082 13 17 0.02841042 
241 1109 18 21 0.028254734 
14 1263 12 17 0.02816387 
445 1131 12 15 0.028073471 
125 1204 11 13 0.028020421 
133 1051 14 20 0.02800761 
440 1128 12 16 0.027704962 
84 1201 15 19 0.027556784 
469 1090 13 17 0.027486797 
199 1226 12 15 0.027486317 
351 1217 12 16 0.02734177 
501 1195 46 62 0.027284265 
332 1190 13 15 0.027183231 
102 1094 13 16 0.02688008 
212 1270 14 17 0.026665913 
445 1224 14 17 0.026585534 
449 1101 14 19 0.026570918 
0 1092 9 15 0.026514452 
487 939 13 15 0.026503285 
301 1312 15 19 0.026219362 
86 1050 15 19 0.026082998 
68 1487 16 19 0.026009744 
110 1037 12 14 0.025765464 
422 1213 12 16 0.025671229 
421 1075 15 18 0.025668327 
307 1130 17 19 0.025651941 
406 1163 11 14 0.02563919 
88 1230 13 16 0.025553633 
770 938 338 445 0.025540618 
455 1090 12 14 0.025485622 
788 1491 66 56 0.025264636 
447 1139 13 15 0.025262196 
409 1266 11 15 0.02514964 
441 1101 14 17 0.02496475 
92 1065 15 19 0.024861118 
453 92 56 91 0.024846949 
500 1195 25 32 0.024786113 
6 1204 11 15 0.024710713 
55 1140 13 15 0.024409577 
387 1235 13 15 0.024321178 
337 1250 11 14 0.024201091 
439 1221 13 17 0.02418462 
511 1044 15 16 0.024165723 
52 1193 13 17 0.02409649 
383 152 63 75 0.024085453 
439 1116 13 15 0.024029912 
420 1103 10 13 0.023964707 
484 1201 13 16 0.023900902 
539 1132 15 19 0.02384793 
208 1191 10 12 0.02376359 
73 1242 11 13 0.023633335 
59 1075 12 15 0.023532532 
305 1133 24 29 0.023469212 
526 1060 14 17 0.02337389 
506 1128 15 20 0.023362767 
24 1239 14 18 0.02313656 
46 1037 13 15 0.022900658 
427 1236 11 14 0.02276161 
427 1139 12 14 0.022652846 
25 1110 10 15 0.02262338 
86 1252 11 15 0.022556167 
477 1063 14 16 0.022470174 
12 1187 13 16 0.02235246 
304 1082 18 21 0.022311136 
317 1264 12 16 0.022199554 
453 1148 13 17 0.02215049 
508 1053 14 15 0.02214895 
6 1265 11 16 0.022142611 
122 1085 14 17 0.022122057 
5 988 13 18 0.022110969 
421 1060 14 18 0.021894682 
22 1266 14 18 0.021831578 
121 1114 14 17 0.021822479 
280 1273 13 16 0.021772284 
290 1166 13 15 0.02171557 
505 1085 16 19 0.021636413 
392 1174 10 15 0.021540128 
408 1243 11 14 0.021509403 
381 1237 13 16 0.02149169 
430 1174 13 17 0.021412568 
394 1141 15 18 0.02129703 
57 1217 14 16 0.021202499 
941 180 91 140 0.021141874 
417 1157 12 16 0.021133013 
373 1088 19 22 0.021094365 
37 1156 12 16 0.021055052 
516 1158 17 20 0.021046318 
392 1331 15 18 0.021026645 
309 1251 13 16 0.020976562 
86 1168 14 18 0.020799085 
78 1277 11 14 0.02079167 
415 1163 12 16 0.020745277 
491 1035 14 16 0.020733656 
0 1087 8 13 0.020640861 
274 1246 13 17 0.020561498 
79 1076 14 17 0.020414839 
209 1244 14 17 0.02027384 
512 1196 29 38 0.020155111 
485 1163 15 18 0.020152856 
25 1305 17 25 0.020108651 
364 1126 15 18 0.020031717 
75 1100 15 18 0.020029046 
171 1202 13 17 0.02002279 
