20_Family_Group_Family_Group_20_636
250
621 108 14 19 0.9784111 
886 96 17 21 0.91974735 
714 86 14 18 0.87368727 
949 67 15 20 0.8725963 
734 108 13 17 0.82195735 
190 126 22 29 0.8157652 
775 126 14 23 0.76627564 
273 113 19 23 0.76405597 
664 118 13 17 0.745811 
804 81 14 19 0.7284374 
300 92 13 17 0.6600274 
348 105 12 16 0.5668469 
260 99 15 19 0.5491562 
922 130 40 52 0.5148725 
431 118 13 16 0.4629456 
347 148 24 35 0.42506406 
565 170 14 20 0.4089223 
237 117 12 18 0.37087816 
852 127 16 23 0.3606916 
581 161 16 22 0.3557395 
474 122 15 20 0.3429176 
835 82 14 20 0.33567405 
391 111 10 14 0.29895785 
464 107 11 17 0.28640524 
554 101 10 13 0.28320685 
511 79 8 10 0.18079346 
205 54 10 12 0.16911334 
683 171 17 20 0.16182266 
1004 137 15 20 0.14273177 
511 105 13 16 0.1422235 
613 155 16 19 0.1414015 
911 131 24 40 0.13489115 
497 134 31 39 0.13121505 
733 184 16 19 0.12005423 
509 85 9 12 0.11489933 
450 63 8 12 0.10867708 
654 81 11 13 0.10377209 
11 84 11 14 0.097126715 
768 77 12 15 0.09683754 
538 48 8 10 0.09292657 
201 123 16 21 0.09205159 
463 49 8 10 0.09187837 
498 115 12 17 0.09009847 
729 108 12 17 0.08415462 
503 90 10 12 0.08187088 
909 131 15 24 0.08160013 
469 115 13 19 0.07702624 
462 30 9 12 0.072345436 
384 109 10 15 0.07186987 
457 49 8 10 0.07113728 
199 61 13 16 0.069000594 
96 124 9 11 0.062619686 
416 78 10 12 0.060940597 
996 134 25 32 0.05970016 
394 115 11 14 0.05895424 
127 171 11 14 0.057386182 
453 67 9 11 0.056071937 
54 79 7 9 0.05594856 
485 61 8 11 0.054601714 
578 125 12 15 0.054417513 
542 47 8 10 0.05298055 
394 229 26 33 0.05246354 
247 79 8 10 0.051902924 
267 107 18 24 0.050657596 
482 63 8 10 0.05056831 
558 96 10 13 0.050281618 
206 48 11 13 0.05019765 
349 140 16 18 0.04931762 
42 93 9 10 0.048063546 
644 94 11 14 0.04612762 
426 116 12 16 0.045984417 
198 77 13 17 0.04536571 
494 120 15 19 0.04382402 
650 169 15 21 0.04363714 
530 85 8 10 0.043503102 
614 68 9 11 0.043175913 
785 130 17 19 0.04306507 
322 105 16 19 0.042021643 
193 66 10 13 0.04177909 
150 53 11 14 0.04122963 
901 142 14 23 0.04043502 
477 123 21 25 0.040383223 
415 72 8 10 0.03936074 
468 104 21 26 0.03837397 
557 105 10 13 0.038207773 
147 61 13 16 0.038040813 
128 119 8 10 0.03761747 
656 121 12 18 0.037286375 
157 48 10 12 0.03708324 
370 107 16 19 0.036893204 
767 121 15 24 0.036625873 
527 48 7 9 0.036571477 
461 7 8 10 0.03643866 
246 58 12 15 0.036421243 
553 84 8 10 0.035057437 
768 74 19 24 0.03434511 
471 47 8 10 0.034321815 
148 247 14 16 0.034193274 
64 88 8 10 0.034120932 
459 109 10 14 0.034113154 
807 83 19 25 0.03369526 
942 107 14 20 0.033555627 
788 121 16 22 0.03318323 
432 69 9 11 0.03317148 
525 132 10 15 0.03314893 
517 71 8 10 0.03310213 
95 105 8 9 0.03293491 
672 38 10 11 0.032891005 
436 109 11 15 0.03284856 
485 86 9 12 0.032470543 
383 135 12 15 0.032381315 
933 73 13 18 0.032346 
630 52 9 11 0.032305147 
448 140 9 13 0.0322329 
194 117 19 23 0.03170529 
46 87 8 12 0.031645816 
846 123 17 22 0.031477343 
438 101 10 12 0.031300362 
127 134 11 14 0.031214224 
301 103 12 16 0.030855386 
522 48 7 9 0.03081423 
794 128 15 21 0.030767 
528 96 8 10 0.030585898 
203 81 17 21 0.030555401 
573 120 14 16 0.0303165 
480 45 9 12 0.030275734 
694 29 8 11 0.030153003 
143 64 12 15 0.029960081 
464 97 11 14 0.029283648 
121 62 8 10 0.029244887 
440 96 8 10 0.02912762 
306 98 11 15 0.028745512 
507 78 9 12 0.028378192 
210 51 12 14 0.028323915 
381 230 22 30 0.028276013 
281 110 14 18 0.027934942 
619 148 15 18 0.027597282 
448 48 8 11 0.027558543 
457 37 8 9 0.0275554 
853 119 15 20 0.027466277 
172 70 9 11 0.02737952 
433 65 8 10 0.027318643 
115 187 13 17 0.02720403 
655 71 11 13 0.027156148 
61 46 8 11 0.027148442 
764 116 14 20 0.027134852 
710 96 12 17 0.026993688 
517 131 13 18 0.02693881 
822 83 15 19 0.026818939 
480 23 7 10 0.026787406 
415 83 11 13 0.026736176 
439 63 8 11 0.02664833 
512 8 7 9 0.026524294 
853 90 13 17 0.026512807 
613 141 14 17 0.02651079 
101 120 8 10 0.026412187 
726 185 14 20 0.02637217 
566 124 12 14 0.026007256 
381 206 13 16 0.025831813 
470 84 9 11 0.025703777 
497 93 10 12 0.025601847 
96 85 8 10 0.025444163 
406 150 10 12 0.025437284 
720 148 10 14 0.02531899 
63 68 8 10 0.025218094 
510 29 7 10 0.025120333 
894 146 13 18 0.025093164 
389 106 18 23 0.025086017 
944 135 30 44 0.025076808 
94 109 9 10 0.025011811 
842 83 13 20 0.0246611 
919 77 12 16 0.024654672 
10 46 10 13 0.024573464 
422 188 23 29 0.024561066 
541 118 9 11 0.024523454 
193 60 22 27 0.024312356 
931 69 23 29 0.024286129 
486 79 8 10 0.02425292 
472 39 7 9 0.02424633 
262 62 8 11 0.02419326 
122 173 10 14 0.024188267 
295 89 12 16 0.024074903 
463 25 8 11 0.023956282 
809 76 14 21 0.023946365 
510 25 8 10 0.023909165 
362 157 15 23 0.023620212 
190 108 10 12 0.023616534 
726 155 13 16 0.02351497 
515 77 9 11 0.023454005 
983 121 24 37 0.023376502 
536 125 11 14 0.02332158 
247 92 11 15 0.023292238 
629 141 12 14 0.023276005 
514 143 16 23 0.023246147 
481 112 21 26 0.023241015 
903 133 14 19 0.023174662 
414 63 8 9 0.023127185 
103 93 8 10 0.023119269 
279 163 12 15 0.023079026 
446 37 8 10 0.02305179 
560 163 14 21 0.02292928 
399 149 11 14 0.022716476 
496 56 9 11 0.022672778 
544 95 9 11 0.022659618 
71 88 8 9 0.0226473 
331 92 12 15 0.022622386 
689 29 9 12 0.02261086 
789 153 16 20 0.022608444 
811 131 15 20 0.02258759 
962 93 15 18 0.022426821 
498 104 18 26 0.02241503 
615 48 7 9 0.022390647 
720 89 14 18 0.022381943 
437 68 9 12 0.02235887 
528 54 7 8 0.022323752 
412 150 10 13 0.022239732 
239 78 9 11 0.022208268 
396 158 16 19 0.022177082 
513 73 9 11 0.02211382 
647 146 9 13 0.022046195 
1010 133 13 20 0.022013878 
129 243 12 15 0.022008779 
523 144 13 18 0.021997374 
424 72 7 10 0.021927854 
542 112 9 11 0.021785785 
486 56 8 10 0.021701109 
613 155 26 31 0.021693612 
573 71 8 10 0.021693178 
573 247 16 22 0.021567633 
51 78 7 10 0.021566685 
688 52 11 13 0.021484718 
352 101 14 17 0.02139891 
804 129 14 20 0.021342771 
575 168 20 27 0.021325963 
646 164 14 21 0.021256166 
50 71 7 10 0.021213839 
565 94 9 11 0.020765014 
342 139 24 31 0.02066432 
446 32 8 10 0.020641116 
983 117 12 17 0.020572618 
219 98 15 18 0.020568306 
403 154 13 18 0.020482238 
151 156 12 16 0.020413265 
481 39 8 11 0.020411517 
497 14 8 10 0.020358006 
506 145 27 37 0.02026974 
566 154 25 32 0.020226063 
345 71 8 10 0.02020782 
985 128 39 55 0.020091314 
664 46 9 12 0.020080036 
