20_Family_Group_Family_Group_20_282
29
700 267 28 35 0.9983235 
277 302 27 40 0.99801636 
341 281 27 33 0.99713033 
389 271 23 32 0.99657 
812 300 34 34 0.9950506 
136 331 47 47 0.99082655 
464 266 22 29 0.98942846 
61 351 36 60 0.96208745 
584 297 27 32 0.83379066 
234 381 41 68 0.22722524 
587 292 19 24 0.11036796 
239 364 30 58 0.08371959 
909 296 28 54 0.07562354 
785 458 19 21 0.06648752 
814 348 31 47 0.06352472 
866 343 22 38 0.060374312 
455 401 52 66 0.05827804 
915 288 31 38 0.044649024 
832 300 24 33 0.039037175 
575 293 25 29 0.035494786 
921 308 29 50 0.034576204 
615 475 134 183 0.030188413 
474 392 29 53 0.028893266 
262 308 26 32 0.028779415 
996 329 28 41 0.027024304 
833 573 37 48 0.025141682 
572 295 16 22 0.025077859 
261 338 26 33 0.022909356 
257 324 28 32 0.020152865 
