20_Family_Group_Family_Group_20_90
23
501 77 179 221 0.61255544 
461 -9 165 248 0.46424165 
681 556 108 191 0.2749576 
451 542 63 84 0.20733543 
75 431 186 314 0.09049042 
370 0 159 245 0.08452275 
485 207 113 146 0.06308837 
449 92 335 440 0.060498692 
485 149 226 243 0.048830282 
516 176 471 436 0.043747984 
423 566 104 97 0.04322365 
442 -6 110 178 0.037367817 
161 415 203 302 0.036931664 
47 415 81 126 0.03687122 
981 -6 46 48 0.03232097 
768 64 176 202 0.031989954 
522 3 141 177 0.028833102 
383 -4 60 45 0.027202234 
145 533 132 192 0.026632633 
447 628 64 51 0.02541031 
714 644 67 119 0.022549555 
637 165 103 122 0.020910596 
575 150 147 166 0.020468922 
