45_Balloonist_Balloonist_45_416
53
411 591 70 82 0.99730635 
483 1325 34 51 0.9671891 
112 1342 11 14 0.3098098 
646 702 32 38 0.23309298 
546 827 26 46 0.20411374 
414 1404 15 17 0.1752889 
403 911 54 73 0.16245018 
113 1347 13 16 0.14501305 
64 1391 11 13 0.13069375 
682 577 14 20 0.102176085 
323 1292 12 15 0.08168437 
166 74 109 103 0.07553155 
751 802 134 158 0.059784137 
262 1335 14 18 0.054299254 
533 849 26 38 0.054184187 
506 809 47 55 0.053085953 
96 1352 8 12 0.04149126 
78 1385 11 14 0.03896581 
641 548 14 17 0.037815113 
599 923 124 167 0.037768435 
521 638 45 58 0.036565475 
559 793 27 34 0.036423746 
441 797 29 42 0.03548231 
535 832 44 59 0.03488851 
553 861 33 44 0.033655364 
121 38 125 128 0.03254392 
551 804 48 59 0.031142939 
478 812 48 59 0.030140439 
623 731 29 42 0.029666983 
563 791 17 21 0.029479796 
263 1401 15 16 0.027951563 
644 558 12 18 0.02792694 
303 1373 10 11 0.027418623 
556 842 27 45 0.026425887 
670 569 26 35 0.02628394 
554 896 42 49 0.026206965 
562 787 43 54 0.026058216 
101 1348 11 15 0.02451739 
523 861 24 33 0.023217646 
321 1406 17 19 0.02308622 
529 815 31 42 0.023005879 
578 861 27 32 0.0225898 
437 798 48 64 0.022078134 
98 1354 13 17 0.022040198 
426 1406 11 14 0.021805312 
582 788 14 18 0.021745872 
109 1337 18 23 0.02160155 
578 793 26 34 0.020995202 
445 1396 9 12 0.020930346 
643 461 18 24 0.020870501 
716 1143 37 36 0.020823091 
393 948 28 36 0.020723773 
506 954 40 50 0.020374704 
