45_Balloonist_Balloonist_45_434
19
585 62 162 262 0.99375254 
474 280 38 44 0.4006326 
451 308 23 30 0.18094191 
390 308 38 37 0.17778103 
137 319 233 202 0.09432155 
465 291 28 38 0.08933532 
475 298 33 43 0.07328944 
473 289 19 24 0.044626985 
465 321 36 44 0.04407299 
531 253 388 484 0.041344598 
446 317 31 36 0.033671033 
496 287 18 22 0.033442244 
198 194 356 471 0.03270157 
456 330 30 39 0.027058536 
467 334 48 58 0.026106134 
451 296 46 52 0.025980659 
707 94 416 433 0.02361606 
743 198 256 246 0.022143098 
237 286 196 276 0.022031987 
