45_Balloonist_Balloonist_45_273
142
709 206 56 75 0.99929464 
427 39 33 40 0.9992084 
720 301 109 159 0.9990527 
376 159 29 34 0.9986864 
465 160 38 46 0.997598 
107 314 72 85 0.9975381 
123 169 64 82 0.99289674 
627 198 43 58 0.96439224 
868 103 15 21 0.95931935 
818 122 15 17 0.6820284 
163 208 40 48 0.6349074 
360 183 22 31 0.3029989 
740 100 14 18 0.21794996 
202 121 16 19 0.2013478 
285 282 27 32 0.19666708 
857 177 19 24 0.19264522 
609 228 12 15 0.1679173 
766 155 38 52 0.13766779 
732 106 18 21 0.1270325 
957 203 16 22 0.1248364 
340 337 13 18 0.121011935 
777 162 17 24 0.12004152 
661 167 17 21 0.109227985 
580 136 13 16 0.105343126 
608 233 15 21 0.100878336 
279 198 11 14 0.10062019 
197 125 25 30 0.09550404 
543 212 16 19 0.088523634 
567 378 135 142 0.08703676 
563 136 15 20 0.0863413 
944 148 19 22 0.08522424 
573 137 16 19 0.08053553 
984 221 11 13 0.07986747 
607 134 12 15 0.07982807 
733 96 15 18 0.07762209 
558 208 22 29 0.0775778 
607 219 19 28 0.07582735 
49 219 32 47 0.07506168 
598 150 12 16 0.07291542 
722 138 18 22 0.06716935 
939 198 13 16 0.06678706 
722 163 25 29 0.06351437 
814 127 17 20 0.060738903 
873 107 17 23 0.058405835 
788 153 12 17 0.054674875 
980 123 22 24 0.05393541 
419 166 19 22 0.052957132 
602 205 28 36 0.052008417 
377 126 12 16 0.051826227 
994 130 14 17 0.050964583 
872 212 19 23 0.05063658 
283 263 38 45 0.05010018 
789 168 15 20 0.049145404 
379 354 23 29 0.048100326 
148 7 48 58 0.04794295 
806 130 22 27 0.04751997 
852 173 18 21 0.046211552 
238 546 74 66 0.04557213 
616 202 31 43 0.045249544 
405 313 12 13 0.04386907 
738 103 21 28 0.043283872 
836 154 14 16 0.042908363 
820 108 14 16 0.042398874 
268 227 11 14 0.041680284 
586 139 13 16 0.040036116 
951 207 28 37 0.039740216 
779 145 21 27 0.03889575 
786 136 16 22 0.038752258 
237 133 11 13 0.038112298 
397 284 16 19 0.038009934 
793 134 20 25 0.037713055 
959 518 56 67 0.03747566 
963 198 15 19 0.036882445 
486 315 34 35 0.03635362 
631 141 11 14 0.036232118 
248 520 118 112 0.036228113 
605 311 26 32 0.03547434 
581 285 27 35 0.034708727 
604 318 154 193 0.034689452 
983 211 13 16 0.034624357 
865 181 16 21 0.034614425 
487 130 14 17 0.03337501 
460 398 66 84 0.03303547 
667 158 13 16 0.03262649 
953 208 14 20 0.032437842 
253 242 27 31 0.031173779 
839 144 14 18 0.030707065 
772 133 15 20 0.030304585 
953 153 16 19 0.029395103 
291 278 15 19 0.027473925 
211 135 26 32 0.02718358 
829 155 16 18 0.02696859 
274 276 28 35 0.026916925 
806 138 13 16 0.026808588 
259 249 17 20 0.026105309 
788 126 12 15 0.02563963 
337 134 11 14 0.025559215 
298 283 16 19 0.025478724 
602 147 14 17 0.025122266 
230 139 12 16 0.02489361 
270 214 10 13 0.024853762 
517 120 13 17 0.024625868 
827 129 12 18 0.024479147 
613 126 13 16 0.024342407 
375 128 23 29 0.024252286 
276 251 12 15 0.024250623 
723 149 26 32 0.024158055 
802 110 23 29 0.023614747 
171 160 24 31 0.023566322 
548 399 31 43 0.023491481 
641 165 10 14 0.02336742 
886 513 136 131 0.023324681 
468 370 110 142 0.02329308 
987 203 15 22 0.023223734 
865 171 16 20 0.023080735 
725 120 15 19 0.02302092 
846 178 16 20 0.0227095 
413 214 494 474 0.022640666 
606 130 20 24 0.022631636 
165 87 425 439 0.022612752 
332 227 16 17 0.022569459 
309 274 12 16 0.02238725 
606 126 12 17 0.022161994 
223 146 15 19 0.022136716 
995 200 24 31 0.022066936 
773 155 18 23 0.022054987 
394 269 15 15 0.02203842 
248 257 39 48 0.021455344 
805 211 36 49 0.021301353 
727 112 23 30 0.021261927 
351 247 11 13 0.02094449 
348 274 15 19 0.020910235 
366 166 25 31 0.020779451 
247 157 11 13 0.020605095 
843 132 14 19 0.02055564 
268 248 15 19 0.020546636 
279 212 12 13 0.020521527 
988 227 11 13 0.020330971 
263 224 22 31 0.020295229 
669 151 9 12 0.020235477 
590 146 14 17 0.02002928 
842 150 16 20 0.020007433 
