45_Balloonist_Balloonist_45_118
40
529 205 51 65 0.99786013 
202 282 60 98 0.9958311 
712 78 70 100 0.98731065 
449 262 57 81 0.98668206 
374 346 48 84 0.92833173 
335 215 76 108 0.7660001 
851 147 41 46 0.748104 
500 96 16 22 0.38566756 
649 202 19 34 0.15536804 
955 383 17 22 0.104426876 
838 499 56 62 0.09652243 
662 230 27 30 0.08954945 
914 205 11 14 0.08726311 
432 233 59 84 0.07752465 
312 334 74 102 0.06990953 
380 228 75 103 0.062297743 
929 447 30 45 0.05875592 
288 339 63 92 0.046487425 
856 131 33 42 0.042574175 
593 319 57 57 0.034538247 
498 97 27 34 0.034411527 
871 152 31 43 0.034288224 
860 465 50 54 0.033841163 
550 102 12 15 0.03147711 
975 285 37 44 0.029352497 
205 74 17 21 0.028612645 
533 541 28 35 0.028339826 
827 480 52 64 0.02786157 
538 109 40 52 0.02508118 
187 93 12 15 0.02469216 
539 112 25 32 0.024054723 
658 212 18 25 0.023155125 
573 304 94 95 0.023062048 
550 104 24 33 0.021827498 
853 115 32 40 0.021786546 
702 454 56 79 0.021647839 
671 50 44 57 0.021179562 
844 489 42 37 0.021000052 
518 140 24 31 0.020451797 
246 295 92 119 0.020275902 
