45_Balloonist_Balloonist_45_769
26
368 438 57 57 0.6264891 
553 513 32 39 0.106018804 
602 493 19 21 0.091558434 
434 459 95 109 0.070552886 
616 437 188 225 0.060392637 
459 433 97 106 0.055675346 
369 456 33 49 0.05124983 
582 292 426 459 0.047455642 
593 483 32 36 0.039132904 
382 419 58 62 0.039055765 
498 478 55 72 0.03614622 
579 441 56 62 0.033625923 
527 496 50 65 0.030823648 
396 527 38 35 0.0297233 
481 496 63 79 0.028110968 
556 492 45 62 0.027421266 
693 356 15 21 0.026865903 
347 438 61 82 0.026510475 
665 526 11 12 0.025953606 
990 92 32 52 0.025256004 
247 -10 379 493 0.023793923 
430 508 79 85 0.022241747 
382 475 103 94 0.022061462 
700 417 252 265 0.022018325 
628 494 110 137 0.021123536 
429 409 98 110 0.020385321 
