45_Balloonist_Balloonist_45_1028
134
317 634 21 32 0.8724818 
582 607 10 12 0.56361324 
16 621 22 32 0.44563964 
96 662 12 15 0.40445894 
460 575 43 50 0.37418094 
489 194 59 73 0.33736008 
387 625 17 21 0.29560918 
372 546 17 22 0.2432399 
3 570 12 15 0.22561525 
36 588 10 13 0.21623605 
155 636 20 26 0.18078136 
6 604 10 15 0.17283845 
23 628 25 30 0.15546112 
560 626 12 14 0.15145758 
369 636 11 12 0.14225712 
351 546 13 20 0.124027066 
53 588 13 16 0.12313181 
994 543 9 12 0.119773336 
13 598 12 17 0.11926198 
95 590 9 11 0.11442096 
591 613 10 13 0.10420899 
656 603 9 13 0.100704096 
12 625 15 21 0.09750447 
576 612 10 13 0.0926192 
574 622 10 13 0.089793235 
834 522 16 23 0.08857886 
64 640 10 12 0.08782432 
61 590 10 12 0.073084764 
996 544 13 16 0.07289947 
422 561 11 13 0.067481816 
668 381 13 16 0.06696715 
588 607 10 13 0.06608393 
0 598 8 13 0.06563601 
565 623 12 15 0.06406043 
21 598 11 14 0.05587969 
1004 549 12 14 0.055490896 
527 614 10 13 0.054671533 
765 532 13 14 0.0538163 
387 634 16 23 0.053227276 
624 644 12 13 0.052292723 
8 629 12 15 0.05151492 
69 597 9 12 0.050738305 
408 537 13 17 0.05011018 
4 598 18 26 0.048942056 
722 518 25 26 0.046501473 
312 640 15 23 0.046251625 
340 660 10 13 0.04458057 
370 550 27 28 0.044251475 
229 673 14 16 0.043068293 
870 515 16 20 0.042645138 
408 495 10 13 0.042392924 
532 615 9 12 0.04239011 
606 645 11 12 0.04134439 
420 594 10 13 0.040760353 
46 588 14 16 0.04075832 
96 595 9 11 0.0401916 
69 591 9 12 0.039881933 
328 640 15 20 0.03944496 
96 584 9 11 0.03907813 
327 672 13 17 0.038599975 
343 611 12 16 0.037314948 
122 600 7 9 0.037075877 
112 583 8 9 0.03650977 
9 605 22 32 0.035847392 
510 68 25 30 0.035754517 
350 539 24 31 0.03540902 
616 582 10 13 0.035397816 
341 532 10 15 0.03457695 
777 529 40 45 0.034292273 
90 661 20 25 0.03428417 
195 562 16 20 0.033862017 
583 619 12 16 0.033422027 
69 568 9 11 0.03244796 
0 610 10 16 0.03077242 
361 540 23 30 0.03010574 
367 625 22 27 0.029920237 
79 599 8 11 0.029284904 
66 603 11 13 0.029232074 
499 627 17 24 0.029063884 
631 556 11 14 0.028979873 
580 602 19 23 0.028864076 
80 583 8 10 0.028647097 
601 595 12 15 0.028561836 
47 604 11 13 0.028536255 
689 590 10 13 0.028532265 
817 521 24 39 0.028351605 
697 612 9 12 0.028074175 
108 245 200 274 0.027981237 
90 592 8 10 0.02793031 
614 645 9 12 0.027640194 
88 597 8 12 0.027530937 
1000 536 10 13 0.027523788 
590 618 13 17 0.027140344 
430 526 14 18 0.026797408 
81 646 10 13 0.026771868 
36 593 11 14 0.026759291 
325 631 14 19 0.026682762 
-1 591 8 13 0.026418006 
695 620 11 16 0.02637609 
645 590 9 11 0.026158744 
392 620 16 20 0.026140848 
13 591 11 14 0.025482904 
0 637 8 12 0.025480466 
68 644 10 12 0.025367798 
700 555 95 116 0.025355762 
101 598 8 10 0.02514712 
282 670 13 16 0.025071932 
23 573 10 13 0.024323829 
521 614 12 15 0.024254201 
530 591 8 10 0.024113016 
303 629 37 46 0.02373092 
37 485 8 10 0.023570465 
31 605 11 12 0.023201365 
352 650 12 16 0.023117892 
622 627 15 17 0.022880718 
405 610 11 15 0.022698503 
220 596 13 19 0.022697793 
585 613 21 29 0.022662934 
114 589 7 10 0.022656847 
400 641 23 28 0.022418736 
344 478 33 36 0.022266297 
229 645 10 15 0.0222176 
964 588 14 17 0.022204395 
624 603 10 12 0.022101618 
564 597 11 14 0.021713337 
1014 539 10 15 0.021712992 
468 600 32 37 0.021477744 
681 614 11 13 0.021315156 
119 590 7 9 0.020861039 
516 209 38 43 0.020799492 
613 597 12 15 0.020708151 
387 608 24 30 0.020570423 
677 537 12 15 0.020476745 
565 647 22 33 0.020293325 
