45_Balloonist_Balloonist_45_692
125
814 733 37 34 0.9933589 
949 719 11 14 0.6674188 
974 731 17 22 0.3535748 
927 713 11 14 0.34322053 
622 162 24 25 0.27436802 
660 169 28 28 0.24603593 
221 733 10 13 0.17084871 
40 720 9 11 0.16020079 
195 156 365 484 0.14830795 
452 733 29 31 0.12925892 
1000 722 16 19 0.12209595 
46 723 9 13 0.12111561 
1 718 8 12 0.11880753 
902 718 13 15 0.11530982 
199 725 10 13 0.10540431 
906 704 13 17 0.1048798 
230 734 10 12 0.10380244 
613 154 25 30 0.09367994 
206 726 9 12 0.08808615 
38 724 9 12 0.08610285 
898 700 22 27 0.08344004 
365 719 10 12 0.07769211 
188 723 12 13 0.075969376 
162 717 14 16 0.073872715 
160 41 53 78 0.07067189 
384 727 8 10 0.06998233 
150 744 16 18 0.06549178 
505 704 8 11 0.06518925 
34 720 8 10 0.06425508 
1 723 9 14 0.054507922 
616 734 10 12 0.05288035 
13 727 9 12 0.052762557 
982 721 22 28 0.052579485 
702 719 12 15 0.05166069 
224 728 10 12 0.05160403 
405 743 11 14 0.05109099 
232 739 10 12 0.049869213 
922 714 11 13 0.048777405 
944 721 12 15 0.04875715 
921 708 10 15 0.048730202 
149 728 22 26 0.048273575 
805 418 116 139 0.046873987 
386 712 8 10 0.046854135 
230 728 9 12 0.045885652 
598 727 8 10 0.04474613 
238 750 9 11 0.044652298 
617 139 23 27 0.043759923 
6 725 10 11 0.042410187 
698 177 30 29 0.04187828 
553 723 10 12 0.041247524 
613 148 15 19 0.03949659 
83 720 15 17 0.03913925 
104 734 12 15 0.038977534 
183 725 13 16 0.03872883 
648 162 56 49 0.038656108 
392 731 12 14 0.03865298 
879 719 10 13 0.037996538 
6 720 8 10 0.037530046 
181 732 12 14 0.035708603 
91 732 13 15 0.035516202 
895 722 12 16 0.03537044 
416 711 9 10 0.035354454 
500 748 15 17 0.03455762 
879 724 11 16 0.034208562 
556 720 10 12 0.03355233 
894 709 22 28 0.033448648 
233 751 11 13 0.033364017 
604 164 26 30 0.033359498 
937 693 10 12 0.033041496 
679 184 33 34 0.0329393 
607 149 12 17 0.032438066 
375 725 9 10 0.032395944 
63 717 9 12 0.03205272 
633 160 26 29 0.031863444 
238 728 9 9 0.03146384 
681 740 10 13 0.031070324 
454 726 12 13 0.030781353 
879 708 10 13 0.030231303 
72 723 9 12 0.02944337 
78 720 13 15 0.029245505 
781 389 100 124 0.02891161 
895 705 14 18 0.028091567 
979 743 16 20 0.027996255 
577 727 9 10 0.027447984 
390 727 11 13 0.027126878 
196 719 11 15 0.026590781 
796 706 13 16 0.026243746 
893 731 11 14 0.025846394 
488 728 8 10 0.025804216 
606 160 17 22 0.025628177 
38 751 12 14 0.025626173 
760 700 49 52 0.025522746 
321 157 33 43 0.025303131 
11 739 13 18 0.025178162 
886 706 11 15 0.02472234 
1003 737 16 19 0.024260266 
398 741 13 15 0.02420736 
154 717 23 28 0.024159178 
52 724 9 13 0.023823557 
916 701 11 16 0.023774268 
57 711 8 12 0.02364531 
926 705 18 23 0.023608305 
616 717 7 9 0.023126421 
235 734 10 12 0.023071235 
782 414 57 70 0.022773838 
664 177 30 33 0.022755774 
55 717 9 13 0.022384437 
220 750 10 11 0.022284606 
417 716 10 13 0.022273574 
991 730 26 29 0.022053845 
460 724 14 16 0.021863924 
461 719 10 12 0.02185383 
627 141 95 97 0.021614075 
236 742 11 12 0.02155901 
986 754 14 15 0.021291098 
199 730 11 14 0.021123476 
65 725 9 11 0.021027617 
371 718 11 13 0.020815458 
646 171 32 36 0.020750092 
46 751 11 13 0.020654941 
183 718 14 15 0.020518165 
953 721 13 16 0.020491444 
599 155 11 15 0.020469198 
474 737 15 20 0.020424098 
172 750 11 13 0.020099113 
