16_Award_Ceremony_Awards_Ceremony_16_141
60
542 297 27 37 0.99934644 
188 277 33 46 0.9993393 
392 237 45 56 0.9980564 
92 260 43 56 0.9969105 
566 312 25 34 0.9948833 
141 263 36 52 0.99069387 
636 322 21 28 0.9903072 
603 312 24 33 0.98428637 
345 246 42 58 0.9656177 
12 247 41 55 0.90626264 
458 259 35 42 0.8508529 
277 63 45 88 0.8036609 
500 287 24 34 0.76728064 
433 263 36 49 0.700384 
34 303 27 42 0.5943635 
613 430 13 16 0.55010575 
-3 233 35 52 0.5328751 
160 270 40 50 0.47391453 
362 244 44 57 0.45123887 
554 302 25 33 0.40326098 
499 277 11 16 0.23746572 
212 423 31 30 0.22453523 
396 461 41 47 0.16875386 
508 390 17 21 0.15138553 
503 378 27 35 0.1395833 
540 438 17 21 0.12422561 
293 55 34 65 0.10763983 
493 282 23 31 0.097526774 
610 309 17 22 0.08907954 
512 289 19 27 0.07097417 
408 247 43 56 0.070957534 
664 436 11 12 0.07094684 
28 257 36 55 0.06701526 
644 424 9 12 0.06530843 
515 285 14 19 0.06337308 
442 325 28 40 0.059107274 
427 279 32 40 0.052244548 
476 447 25 30 0.042063188 
464 441 31 29 0.040565386 
476 268 29 36 0.040365618 
666 430 13 15 0.03732713 
616 325 16 23 0.036117636 
491 453 16 21 0.036098603 
145 456 32 43 0.034757692 
32 444 61 49 0.034533557 
42 270 31 47 0.03386495 
431 248 29 44 0.032888167 
533 311 16 21 0.030456007 
260 93 56 78 0.029472034 
594 444 14 15 0.028933205 
43 436 32 31 0.028249135 
447 274 35 44 0.027794199 
610 434 12 14 0.02747345 
519 595 14 17 0.025805367 
111 262 35 46 0.024900481 
508 277 12 17 0.022426168 
487 303 23 34 0.022232868 
516 278 13 17 0.021066222 
588 449 15 14 0.020938085 
0 221 10 15 0.02056211 
