16_Award_Ceremony_Awards_Ceremony_16_4
423
85 258 14 21 0.7081785 
40 262 10 13 0.63422185 
371 303 13 21 0.61091393 
15 252 12 16 0.5621315 
907 268 12 17 0.55830103 
381 281 11 14 0.5427358 
1007 273 17 33 0.4176254 
462 355 14 20 0.4112852 
766 338 21 37 0.39701062 
291 354 33 56 0.38538998 
823 282 13 19 0.3710093 
0 252 12 17 0.36187276 
322 305 23 27 0.33842537 
724 263 9 11 0.29189834 
556 275 14 19 0.28671136 
902 270 13 18 0.2588016 
67 340 27 42 0.25772527 
590 299 20 23 0.25768194 
639 299 13 19 0.23179609 
680 264 8 11 0.2255805 
274 279 9 11 0.22469383 
854 279 14 21 0.22341622 
639 307 21 28 0.22297971 
463 254 8 12 0.22135133 
302 301 11 15 0.2209771 
217 276 10 11 0.21081398 
536 279 9 12 0.21049176 
950 261 25 31 0.20728749 
401 277 9 11 0.20038165 
807 277 12 16 0.1934282 
630 264 7 10 0.18800855 
727 309 12 16 0.17978957 
632 269 8 11 0.17901736 
0 298 24 42 0.1755081 
364 270 10 12 0.17478913 
696 301 10 13 0.17052893 
718 295 12 17 0.16826798 
241 280 10 11 0.16794038 
457 297 11 15 0.16671123 
682 285 12 15 0.15430228 
947 268 16 19 0.15248084 
5 247 10 13 0.14837515 
701 293 12 15 0.145393 
256 278 11 13 0.14499483 
-1 288 22 31 0.14302032 
575 284 10 14 0.13399358 
224 332 29 34 0.13295835 
914 267 14 17 0.13176928 
177 278 9 10 0.12997398 
680 291 12 15 0.12957257 
657 271 7 10 0.12837492 
382 331 14 16 0.12516409 
712 264 8 10 0.12305705 
401 271 8 10 0.121361926 
753 264 9 11 0.1177931 
847 276 14 21 0.112536766 
438 284 9 12 0.11040308 
259 309 13 16 0.11022983 
736 264 9 11 0.10571096 
597 271 9 10 0.10417021 
361 275 10 12 0.10205022 
465 279 8 11 0.101097986 
859 285 15 20 0.099446766 
471 306 11 14 0.09899949 
649 305 17 24 0.097239606 
151 276 8 10 0.09476557 
213 299 13 17 0.09462723 
293 301 15 18 0.09399122 
181 280 7 10 0.09192529 
783 271 9 12 0.09026122 
67 260 19 20 0.08867751 
446 284 10 13 0.08696009 
198 285 10 12 0.08448954 
220 300 11 16 0.08432835 
197 279 9 11 0.08224347 
732 286 11 13 0.081796296 
327 269 8 10 0.08116961 
456 280 8 11 0.080328636 
294 277 10 13 0.079797 
257 273 8 10 0.07973634 
484 284 12 15 0.0792954 
394 255 8 10 0.07910564 
1 283 12 18 0.07833784 
15 295 24 33 0.07818508 
857 263 9 12 0.07704244 
434 283 9 12 0.07566208 
407 300 12 17 0.07555218 
306 299 13 18 0.07448573 
77 261 16 20 0.074454084 
383 264 8 9 0.07338661 
591 271 9 12 0.07297624 
662 271 8 10 0.07236103 
182 284 8 12 0.070977494 
828 279 11 17 0.07053183 
892 301 12 20 0.06976063 
191 285 9 12 0.06867027 
803 352 30 52 0.06600411 
771 288 14 19 0.06543181 
463 249 8 10 0.06516951 
470 270 9 11 0.06395775 
383 270 9 11 0.06373019 
198 270 9 10 0.06310679 
399 263 8 10 0.06306402 
741 268 9 10 0.06298413 
627 315 16 20 0.06273229 
832 263 8 11 0.06264687 
709 291 13 18 0.06254815 
393 263 7 9 0.062283132 
158 280 9 11 0.062088735 
361 262 8 11 0.061200656 
422 278 8 11 0.06103847 
454 382 13 16 0.06069568 
420 380 16 19 0.059653573 
359 255 8 10 0.05961678 
854 268 14 19 0.059536044 
112 308 27 31 0.059385434 
788 276 13 15 0.058458973 
285 275 12 15 0.05836852 
565 255 8 11 0.05793872 
563 275 11 16 0.056890912 
60 259 18 20 0.05666881 
335 279 10 12 0.05591049 
3 313 28 50 0.054992434 
815 269 9 14 0.054675184 
744 246 9 11 0.054653637 
680 280 10 12 0.05456512 
757 266 11 12 0.054222815 
636 271 9 11 0.053376842 
456 268 9 11 0.053324573 
22 301 23 36 0.05300604 
312 280 9 12 0.052999027 
457 247 8 9 0.052632872 
924 344 28 31 0.0521866 
313 272 7 9 0.051332925 
797 276 14 17 0.050698757 
127 278 8 10 0.050673675 
596 275 11 13 0.050247964 
193 272 8 10 0.050069716 
54 259 12 18 0.04995017 
158 284 10 13 0.049945984 
200 265 7 10 0.049631815 
625 267 9 11 0.049268294 
286 300 15 17 0.04916624 
961 266 15 20 0.049075194 
275 280 13 16 0.049007144 
471 263 7 10 0.04809446 
87 314 36 52 0.048038606 
558 330 23 33 0.04796599 
457 261 9 11 0.04790897 
464 271 8 11 0.04777635 
813 280 13 19 0.04774541 
595 293 15 19 0.04753553 
374 271 9 10 0.04712281 
796 242 13 16 0.04704647 
674 263 8 10 0.04624168 
331 301 14 18 0.04588197 
37 256 19 24 0.04554532 
32 267 11 16 0.045490626 
360 284 10 13 0.045427572 
220 273 9 11 0.044041213 
741 294 10 13 0.0433763 
404 344 17 21 0.04323502 
458 255 9 12 0.043205157 
735 246 8 10 0.042747438 
705 264 8 12 0.04270782 
8 296 17 23 0.04262854 
342 269 7 9 0.04250341 
316 312 23 29 0.042409036 
393 247 9 10 0.042302813 
1 245 19 24 0.04228599 
442 238 8 11 0.042132445 
566 260 9 11 0.041929156 
310 330 14 18 0.04182182 
469 277 9 13 0.04180904 
415 283 10 13 0.041717835 
921 268 13 16 0.04125847 
616 287 10 13 0.04101795 
992 430 28 40 0.040739257 
165 309 12 16 0.04065678 
18 257 12 16 0.04059703 
214 284 12 14 0.040236823 
278 272 20 24 0.039979745 
773 304 14 18 0.039893344 
154 300 13 16 0.039843116 
367 293 9 12 0.039650038 
412 306 12 15 0.039606832 
190 291 9 13 0.03925472 
832 277 19 27 0.037860572 
631 275 9 12 0.037822258 
146 273 9 11 0.037774153 
672 256 7 9 0.0376874 
411 380 28 28 0.03763667 
603 296 14 20 0.037574064 
822 267 9 13 0.036859754 
205 287 9 12 0.03682402 
10 302 39 54 0.03678849 
156 294 12 14 0.036784634 
287 272 9 10 0.036748454 
484 372 11 14 0.036692146 
468 254 8 11 0.03611869 
567 270 10 13 0.035744216 
635 319 16 22 0.035688665 
208 347 41 50 0.0356742 
865 289 15 19 0.035535157 
375 256 8 10 0.035512734 
582 263 9 11 0.035106156 
328 265 8 9 0.035070024 
725 292 12 15 0.034831956 
644 294 14 19 0.034564108 
505 279 8 10 0.03446443 
725 301 13 16 0.034407243 
614 271 8 10 0.034111794 
386 337 14 18 0.034057967 
125 273 9 10 0.0339817 
520 287 9 11 0.03352374 
630 306 15 20 0.03350849 
34 262 10 13 0.03308932 
206 292 13 16 0.0329555 
718 257 19 24 0.03294595 
629 330 12 18 0.03286638 
424 297 12 17 0.032820735 
442 230 8 10 0.032805927 
897 272 13 18 0.032793403 
376 295 8 12 0.032744743 
199 289 12 15 0.03248869 
525 285 10 12 0.03242728 
127 292 13 15 0.032374535 
56 354 34 38 0.032305457 
413 229 8 10 0.032069195 
278 302 11 15 0.03203891 
566 301 12 16 0.031908322 
462 305 13 15 0.03181369 
198 307 12 16 0.031792723 
534 231 8 11 0.031766523 
858 273 22 27 0.031476066 
733 277 11 14 0.031324938 
537 238 8 10 0.03127962 
766 296 12 18 0.03127578 
261 273 8 9 0.031210192 
360 299 23 29 0.030936396 
333 294 12 14 0.030892601 
302 278 10 12 0.030891713 
35 268 17 21 0.03084614 
781 298 15 18 0.030564638 
847 307 13 17 0.03050799 
363 337 14 18 0.030474005 
204 290 21 27 0.030452093 
254 300 22 27 0.030325864 
719 275 11 13 0.030314818 
407 295 11 14 0.030269682 
700 306 13 18 0.030239645 
696 262 9 12 0.030141464 
727 278 10 13 0.030082392 
638 247 7 8 0.029931791 
904 264 10 16 0.029914118 
268 306 13 17 0.029846098 
76 326 36 55 0.029521946 
703 287 11 14 0.029337212 
361 379 39 51 0.029314129 
203 305 17 19 0.029082173 
119 377 37 41 0.029009935 
678 296 13 17 0.028921403 
381 322 15 19 0.028762039 
854 407 39 38 0.02868972 
244 281 12 15 0.02864522 
542 290 12 15 0.028613294 
441 244 8 10 0.02859622 
720 257 8 10 0.02854275 
272 274 9 10 0.028447287 
121 272 9 12 0.028437624 
541 238 8 10 0.028412893 
157 307 14 17 0.028331226 
480 279 10 13 0.028063849 
129 39 422 471 0.02788029 
337 265 7 10 0.027854467 
519 293 12 15 0.027746081 
358 247 7 9 0.027675083 
478 316 10 15 0.027551508 
743 240 8 10 0.027544191 
613 297 14 19 0.027533729 
430 354 14 19 0.027526248 
684 262 9 12 0.027498456 
377 263 8 9 0.027456988 
672 268 9 11 0.027330084 
855 289 22 27 0.027286625 
405 264 8 10 0.02711928 
776 286 21 25 0.027090654 
294 272 8 11 0.027023021 
169 278 8 10 0.026865914 
378 278 17 22 0.026862724 
595 285 15 18 0.02680109 
278 351 32 50 0.026782371 
573 269 10 13 0.026704902 
619 307 15 18 0.026690025 
466 296 19 24 0.026686775 
254 289 13 16 0.026608244 
326 293 12 15 0.026601564 
608 271 8 10 0.026481254 
366 287 10 12 0.026474953 
438 261 9 13 0.02643206 
422 284 10 13 0.026371056 
540 322 29 33 0.026336972 
727 256 8 10 0.026238134 
7 242 9 12 0.02621521 
22 267 12 15 0.026209885 
471 315 12 15 0.02607102 
427 375 12 16 0.026048664 
420 306 12 16 0.025881933 
884 239 13 16 0.025876168 
461 357 23 29 0.025869975 
733 301 11 16 0.025755892 
261 284 9 13 0.025747357 
750 300 10 14 0.025676478 
316 295 23 31 0.025608137 
389 362 24 30 0.025439717 
541 333 33 40 0.02532218 
112 276 11 12 0.02530245 
541 283 11 16 0.025282277 
294 339 29 37 0.025195068 
167 293 10 13 0.025135431 
19 246 11 15 0.025087757 
575 247 8 9 0.025 
349 284 10 12 0.024963304 
619 291 13 15 0.024952197 
365 263 8 11 0.024942212 
337 270 8 9 0.024784774 
748 245 10 12 0.024670843 
489 264 9 9 0.024593212 
741 284 12 14 0.02459193 
648 273 9 11 0.024539914 
317 285 10 12 0.0245397 
750 291 12 16 0.024510805 
455 240 8 10 0.024469567 
663 275 9 11 0.024413241 
487 385 12 15 0.02434185 
880 269 10 12 0.024286998 
626 256 8 10 0.024253856 
303 327 27 30 0.024247674 
629 285 10 15 0.024144117 
391 269 8 9 0.024117853 
232 326 19 20 0.024038088 
376 367 26 34 0.023945358 
151 306 12 16 0.023890562 
319 271 8 9 0.023886232 
298 363 42 58 0.02377512 
774 261 11 14 0.02371633 
241 273 8 9 0.023603538 
477 269 8 10 0.023595635 
338 306 13 19 0.02345795 
893 294 20 31 0.023420587 
400 307 11 14 0.023392498 
466 350 14 17 0.023230389 
476 308 10 15 0.023157608 
754 324 28 39 0.02309527 
470 282 10 14 0.023041587 
256 302 13 16 0.023001393 
270 290 12 16 0.022998633 
885 269 10 13 0.022935173 
575 262 9 12 0.022901978 
485 367 9 13 0.022861606 
470 247 8 11 0.022735205 
766 262 9 12 0.022716466 
773 300 25 28 0.02270377 
475 300 10 14 0.022556912 
614 309 24 31 0.022491321 
631 298 14 19 0.022476505 
200 313 13 16 0.022466268 
168 273 9 10 0.022452354 
741 300 12 15 0.022436546 
611 287 20 25 0.022387872 
174 273 10 11 0.022385469 
428 293 12 17 0.022371616 
742 276 11 14 0.02225594 
159 272 8 10 0.022253906 
176 282 12 15 0.022228593 
409 335 22 29 0.022173427 
718 305 15 20 0.022168113 
782 281 13 19 0.022143524 
569 247 8 10 0.022074733 
329 277 9 12 0.021940695 
360 291 12 15 0.021933049 
764 277 12 15 0.021926891 
900 320 14 18 0.021897167 
543 267 10 14 0.021877797 
632 247 8 9 0.021868065 
423 356 14 18 0.021864068 
288 272 20 24 0.021815076 
689 237 9 11 0.021778978 
568 290 12 16 0.021763591 
341 293 11 14 0.021762619 
439 267 8 12 0.021751057 
935 348 30 35 0.0216822 
184 291 10 13 0.02147321 
765 284 15 21 0.02146501 
585 269 10 15 0.02133701 
165 301 12 16 0.021285893 
630 291 12 15 0.021284172 
510 253 26 31 0.021281654 
366 256 8 10 0.021149334 
182 300 11 12 0.021124914 
276 296 21 27 0.021062845 
758 289 14 19 0.020996967 
526 347 38 41 0.02096283 
0 314 12 22 0.02094094 
371 307 21 27 0.02088445 
460 317 12 14 0.02086634 
764 268 10 13 0.02076603 
961 261 26 36 0.020757165 
775 345 37 50 0.020708326 
582 275 11 16 0.020694995 
310 292 12 17 0.02068907 
655 275 8 10 0.02058 
412 292 13 17 0.020552393 
685 305 13 16 0.020446377 
205 270 8 10 0.020386968 
45 255 12 18 0.02037748 
413 224 8 10 0.02033553 
379 388 32 37 0.020292206 
148 293 21 27 0.020257086 
354 255 9 11 0.020228695 
135 358 46 60 0.020201663 
893 414 96 114 0.020194832 
762 291 22 30 0.020025134 
