16_Award_Ceremony_Awards_Ceremony_16_84
33
437 160 255 361 0.9997255 
528 1065 330 410 0.22999853 
520 942 194 273 0.19267899 
259 1036 530 462 0.07145507 
507 1132 253 237 0.065702155 
87 8 48 55 0.05402535 
-16 743 587 445 0.046449803 
7 0 213 207 0.04475306 
727 68 70 58 0.04348525 
166 313 471 481 0.043254822 
45 24 27 36 0.04269173 
661 1102 10 13 0.0398049 
78 287 88 65 0.039241776 
74 92 16 20 0.0374247 
188 566 477 546 0.037198707 
282 818 368 488 0.036954045 
26 317 395 510 0.03432817 
103 96 13 17 0.0303895 
512 39 340 480 0.029756676 
47 121 13 18 0.029265521 
344 33 72 71 0.02887578 
82 893 518 545 0.026501976 
1013 955 11 18 0.02520985 
96 591 34 32 0.024654236 
74 16 117 125 0.023562185 
986 1140 15 16 0.023477169 
100 1574 13 14 0.023391452 
40 594 49 52 0.022987403 
671 69 68 58 0.02287587 
997 9 25 36 0.022615679 
39 305 32 36 0.022523368 
36 1 17 15 0.022024242 
75 379 15 19 0.02065106 
