16_Award_Ceremony_Awards_Ceremony_16_25
52
502 94 33 44 0.9987889 
440 122 33 43 0.99794906 
843 133 38 47 0.99721164 
650 137 38 47 0.99605995 
563 103 40 54 0.9957072 
225 118 39 49 0.9928762 
740 146 42 55 0.99030393 
929 153 42 54 0.986212 
149 96 39 54 0.9859 
332 148 43 52 0.98317873 
60 102 44 52 0.96573144 
660 313 18 23 0.5207488 
429 429 10 13 0.12773117 
681 303 19 24 0.123169824 
929 356 27 30 0.122468844 
254 122 29 39 0.06481605 
430 425 8 11 0.064043045 
861 353 18 23 0.050618444 
733 386 14 18 0.045919962 
457 415 7 10 0.042989515 
670 306 24 28 0.040723804 
194 -2 17 19 0.030676087 
806 380 14 17 0.030340035 
426 425 9 11 0.030337283 
749 371 14 18 0.030030072 
466 432 7 9 0.02913253 
792 422 9 12 0.0281869 
488 381 7 10 0.028158423 
439 350 8 10 0.027026985 
759 348 11 13 0.02702069 
470 382 7 9 0.026275449 
486 400 7 10 0.026152365 
726 393 14 16 0.025928907 
792 467 16 18 0.025690116 
470 391 7 9 0.025408376 
814 404 10 13 0.025293007 
456 383 6 8 0.025063382 
168 50 37 48 0.02498684 
481 408 7 9 0.02476792 
470 375 8 10 0.024172204 
489 376 6 8 0.023842141 
513 376 8 10 0.023423124 
466 383 8 9 0.023367172 
214 81 22 29 0.02312697 
758 407 13 15 0.022512872 
651 281 43 53 0.022451652 
473 408 7 10 0.022431692 
535 136 24 30 0.022001674 
471 438 7 10 0.021808293 
184 249 29 42 0.02172733 
471 414 8 10 0.020576404 
471 424 7 10 0.020321768 
