16_Award_Ceremony_Awards_Ceremony_16_495
94
398 161 197 277 0.99991155 
-1 188 11 19 0.39527768 
328 651 366 448 0.27896285 
63 632 13 16 0.17651778 
815 1212 12 17 0.15505795 
6 541 11 17 0.13165317 
916 225 18 23 0.13066627 
6 303 10 13 0.13056174 
20 2 13 16 0.12272033 
169 368 472 570 0.09409559 
21 650 13 16 0.08826653 
29 880 10 14 0.07962549 
817 1304 8 11 0.0753942 
780 1282 11 14 0.06400518 
0 75 10 16 0.06318444 
77 141 12 16 0.06073578 
822 1304 9 11 0.06067051 
85 308 8 12 0.057573054 
21 766 9 13 0.055008646 
169 1315 10 14 0.052034955 
923 29 13 16 0.049331933 
935 686 12 14 0.048046988 
82 191 9 11 0.047903746 
46 546 12 17 0.047635116 
53 693 13 16 0.047091078 
766 1327 10 13 0.0462975 
16 646 12 16 0.044574402 
816 1119 10 15 0.043715704 
999 2 11 11 0.042126223 
823 1416 8 10 0.041644804 
13 -1 17 16 0.04009158 
90 438 9 11 0.03840636 
926 2 12 12 0.038322836 
897 685 12 16 0.03813761 
20 678 11 15 0.037924226 
921 12 12 15 0.037751175 
171 1331 13 16 0.036060516 
816 1014 8 10 0.035498638 
0 532 20 32 0.034714073 
903 611 12 15 0.034273803 
64 536 24 30 0.034052216 
995 291 13 15 0.033593606 
39 716 12 16 0.033384416 
970 2 16 16 0.033195764 
878 1396 10 13 0.032396637 
77 469 8 12 0.030734353 
781 1213 10 13 0.03049352 
915 516 17 22 0.029941786 
837 1053 10 15 0.029711861 
121 633 14 17 0.029069688 
872 1004 8 10 0.028834445 
14 629 9 12 0.028126301 
27 653 10 12 0.028086662 
168 1325 13 16 0.02801717 
779 1219 12 15 0.02758362 
1 587 10 17 0.027181901 
660 866 191 267 0.027135488 
976 508 9 13 0.026511375 
106 78 8 12 0.0263469 
758 1284 9 11 0.026227191 
979 2 13 15 0.026207346 
88 454 9 11 0.025744893 
164 1129 24 36 0.025629247 
64 625 11 14 0.025518144 
763 1156 11 14 0.025302542 
806 1308 9 11 0.025062824 
927 103 9 11 0.02476161 
77 463 9 11 0.024181835 
761 1326 10 14 0.024013994 
103 190 9 11 0.023991471 
73 462 8 11 0.023833215 
942 101 8 10 0.023612153 
156 1214 12 14 0.02341278 
773 1043 10 14 0.02274886 
995 272 13 16 0.022388423 
1 801 11 18 0.022291768 
7 646 12 14 0.022250896 
782 1208 9 12 0.021705253 
95 66 10 12 0.021635965 
46 710 11 15 0.02140945 
791 1046 9 12 0.021271352 
55 272 11 13 0.021254158 
7 63 10 13 0.021074785 
809 1304 8 10 0.020940822 
62 182 12 16 0.020928947 
805 1047 10 13 0.020867754 
78 439 8 12 0.020689245 
959 36 10 14 0.020678932 
23 623 8 11 0.020592626 
2 305 9 14 0.020542586 
5 67 10 14 0.020477723 
111 447 8 10 0.02041924 
101 776 8 10 0.020299572 
126 768 9 12 0.020143664 
