49_Greeting_peoplegreeting_49_53
98
437 338 54 71 0.9989292 
328 644 68 93 0.99831855 
795 394 64 83 0.9977063 
775 669 68 86 0.9976279 
666 213 51 71 0.99644333 
85 387 58 79 0.9959921 
223 336 44 68 0.9946684 
568 172 40 64 0.9946254 
348 338 40 64 0.9881116 
705 293 39 59 0.9695681 
174 287 41 64 0.87491226 
113 346 49 72 0.87170315 
225 218 49 70 0.791492 
332 234 36 53 0.76052207 
827 331 39 57 0.75499904 
684 383 47 64 0.40485886 
391 687 56 76 0.29523253 
233 254 45 69 0.2814513 
848 287 43 65 0.27582765 
508 272 50 61 0.25858155 
222 139 29 34 0.24682102 
452 1163 15 16 0.22017865 
215 126 45 58 0.1840914 
240 205 62 75 0.16803679 
363 -1 18 15 0.15762697 
198 296 39 56 0.12959163 
690 59 36 46 0.11076931 
356 669 78 95 0.099640645 
223 283 43 61 0.09790684 
536 6 35 43 0.09778634 
190 1334 48 51 0.07167133 
261 198 44 50 0.071397856 
214 301 50 75 0.0646564 
786 113 41 54 0.06374976 
775 39 32 38 0.05975838 
499 245 50 64 0.058627974 
151 347 42 61 0.055227652 
204 267 46 74 0.05472385 
219 220 34 50 0.0533536 
707 373 50 69 0.05329578 
367 622 37 42 0.05231132 
372 605 13 13 0.051668487 
808 350 57 76 0.051473636 
582 135 16 21 0.04980238 
577 148 48 63 0.04860535 
111 642 342 470 0.04803101 
524 1064 201 248 0.045243435 
815 265 64 71 0.04190731 
1 81 28 49 0.041035082 
533 406 33 45 0.04074167 
382 169 37 45 0.039081443 
562 235 27 37 0.03906784 
309 208 53 75 0.037785277 
602 4 27 34 0.037401725 
198 362 37 48 0.036320392 
585 120 48 59 0.03599928 
414 23 50 71 0.03509586 
585 178 34 47 0.0349987 
-5 499 68 134 0.034191985 
977 1091 12 17 0.03368933 
450 802 55 74 0.033545714 
180 346 39 62 0.03325506 
599 306 40 55 0.032077264 
769 641 63 76 0.032001887 
719 291 48 68 0.03189248 
263 273 32 42 0.03105268 
197 101 54 75 0.030580185 
812 127 16 21 0.030459441 
344 245 38 48 0.029354375 
275 187 50 62 0.02932082 
369 330 46 62 0.029286085 
174 3 33 22 0.029282017 
240 179 53 67 0.029089173 
853 315 33 49 0.028225774 
539 925 17 22 0.027924573 
282 215 55 70 0.027732464 
572 100 96 116 0.027693825 
625 338 30 39 0.026875315 
789 483 38 48 0.026753796 
833 316 33 41 0.026565682 
446 1160 23 27 0.0251204 
248 239 41 48 0.0247251 
273 250 34 50 0.02471615 
843 338 34 45 0.024339126 
552 0 31 41 0.023854205 
772 87 24 34 0.023340538 
799 325 52 67 0.023303105 
445 1139 13 16 0.0232915 
349 303 54 65 0.022984704 
677 165 30 35 0.022832224 
506 82 33 34 0.021786476 
654 161 42 54 0.021514 
803 117 26 35 0.021137966 
601 133 31 35 0.020555198 
797 93 33 45 0.02052539 
472 76 51 60 0.02012212 
1 347 42 65 0.020112073 
337 1051 151 211 0.020027163 
