49_Greeting_peoplegreeting_49_48
36
720 126 57 71 0.9990252 
293 222 32 40 0.9988476 
586 195 48 59 0.9984584 
231 268 29 34 0.99789524 
380 231 40 45 0.993547 
-26 60 162 326 0.98352414 
162 285 24 30 0.96748894 
526 146 42 80 0.8699504 
194 283 22 28 0.8640058 
27 331 88 102 0.5315125 
767 137 29 36 0.1615856 
148 300 14 19 0.123210765 
371 564 29 35 0.10305944 
918 461 46 65 0.0700201 
198 273 27 33 0.05900484 
237 342 13 19 0.05885215 
816 5 90 110 0.052826855 
150 294 24 29 0.047948916 
690 132 50 64 0.045402072 
77 347 53 77 0.039320778 
986 587 36 50 0.03878998 
957 57 15 17 0.034676444 
662 134 49 66 0.031107277 
188 295 24 29 0.027975146 
160 390 11 14 0.02783646 
548 143 47 69 0.025702512 
101 337 50 69 0.024576848 
816 486 39 35 0.023210216 
383 109 48 73 0.022411961 
896 439 49 64 0.02207807 
217 430 9 12 0.021423645 
139 298 19 25 0.021237383 
148 406 13 19 0.021167072 
900 444 14 18 0.020565925 
210 283 16 22 0.020504931 
225 258 18 21 0.020284262 
