49_Greeting_peoplegreeting_49_991
38
638 163 13 16 0.8214744 
460 102 12 15 0.5571192 
611 188 13 16 0.49540305 
405 182 11 14 0.29519022 
783 111 11 14 0.2253982 
828 145 13 17 0.22190942 
812 134 13 15 0.21921633 
214 379 55 54 0.12784244 
808 138 14 17 0.1024384 
60 81 209 283 0.08134355 
397 185 14 17 0.07866266 
708 110 11 13 0.06279837 
820 133 10 14 0.058436684 
669 231 10 12 0.053616982 
814 129 11 13 0.052425846 
630 268 13 17 0.048789047 
822 142 13 16 0.04732004 
648 258 22 27 0.04577711 
20 471 105 113 0.04247983 
176 289 27 32 0.04170343 
607 192 14 16 0.040892508 
831 212 9 13 0.040400315 
582 279 16 20 0.03635455 
422 178 13 17 0.0340131 
187 302 16 22 0.032898508 
564 417 367 503 0.032184843 
159 294 32 38 0.030804008 
596 277 15 20 0.02985436 
412 178 13 18 0.02886846 
784 105 10 14 0.028232677 
812 143 14 16 0.027947733 
392 180 14 17 0.027263947 
168 295 19 23 0.026828626 
614 201 11 14 0.022509305 
431 342 374 494 0.02236198 
641 167 15 18 0.022046098 
397 175 14 17 0.021345386 
468 106 13 17 0.020882696 
