49_Greeting_peoplegreeting_49_218
236
391 631 66 85 0.99611974 
684 619 75 85 0.99442405 
-1 911 31 52 0.97344923 
191 755 41 59 0.90211356 
664 1154 49 65 0.8796599 
748 321 22 27 0.77965254 
679 331 28 32 0.5819652 
838 259 30 31 0.49157658 
546 711 53 60 0.38842848 
491 108 42 53 0.38748536 
101 39 60 74 0.3687625 
56 8 52 58 0.31285667 
851 372 27 34 0.2562897 
578 327 32 36 0.2560259 
26 359 18 21 0.2289724 
893 25 24 27 0.21234521 
654 249 26 32 0.20843275 
0 5 15 25 0.20434678 
709 340 28 31 0.19514906 
685 358 37 42 0.1819782 
681 84 30 39 0.17839406 
418 249 18 22 0.16293783 
830 240 46 56 0.16048369 
677 345 35 44 0.15648931 
346 346 22 28 0.1383806 
744 631 48 59 0.12514974 
763 391 33 44 0.121124804 
884 65 26 31 0.11808778 
61 11 84 101 0.111370206 
517 201 45 54 0.10708983 
826 0 21 15 0.0944157 
5 365 22 27 0.090205245 
21 8 56 57 0.08392979 
41 0 19 20 0.08330055 
610 183 19 22 0.08105405 
409 329 35 39 0.08098349 
703 353 28 36 0.078034945 
106 379 18 24 0.077364214 
389 669 61 83 0.07419536 
25 1029 68 67 0.07361766 
242 762 65 80 0.07196305 
580 643 27 35 0.07191276 
540 697 82 100 0.071897835 
649 327 27 36 0.06949154 
691 341 31 35 0.06800683 
100 397 378 438 0.06745089 
773 290 31 39 0.0664104 
754 252 24 30 0.06409821 
841 111 18 22 0.06397732 
26 -5 90 91 0.06107669 
331 335 17 22 0.06056708 
622 2 26 28 0.060309354 
656 35 34 42 0.06008631 
644 633 30 39 0.058177248 
432 5 37 39 0.055722892 
553 37 27 30 0.055456873 
859 4 25 32 0.055105977 
740 -2 62 56 0.054244973 
682 325 20 21 0.05396271 
42 270 26 31 0.053861186 
855 506 26 31 0.05376368 
719 166 33 37 0.053372607 
650 260 28 38 0.052413836 
60 308 15 18 0.052215166 
396 224 16 18 0.05185243 
26 464 27 33 0.051810846 
606 271 29 35 0.050814312 
243 576 32 36 0.0499911 
732 169 18 21 0.047069535 
523 254 35 42 0.045576192 
403 326 27 30 0.04466239 
269 292 12 16 0.044581342 
612 336 24 32 0.043871682 
246 358 16 19 0.04250777 
52 1154 76 70 0.042260103 
398 -7 107 108 0.041783527 
323 336 18 22 0.04171483 
127 334 41 54 0.041624036 
371 95 367 500 0.041595463 
568 501 12 15 0.041332915 
402 516 18 23 0.040649194 
691 251 17 20 0.04043622 
97 843 25 27 0.040223744 
602 193 39 49 0.040079635 
451 579 15 18 0.03991794 
128 320 29 36 0.03936925 
465 84 52 62 0.03906005 
429 281 15 18 0.0385493 
217 376 27 32 0.038227927 
63 121 436 547 0.037520077 
755 311 27 30 0.037202824 
509 499 16 18 0.03710164 
684 185 107 129 0.03691939 
112 371 25 32 0.03583955 
556 34 18 20 0.035505217 
257 749 93 132 0.03548539 
816 231 89 100 0.03510162 
43 874 39 51 0.03492606 
762 296 29 34 0.033897914 
531 0 32 28 0.03384589 
38 793 16 19 0.03379813 
592 326 31 36 0.03348816 
515 277 50 57 0.03337539 
13 368 27 31 0.033348337 
362 52 23 28 0.033070467 
678 310 26 31 0.03296878 
25 734 47 51 0.032803673 
230 568 52 57 0.03233205 
258 1156 48 61 0.03214416 
2 11 29 33 0.032069407 
507 508 25 29 0.03198027 
509 559 15 19 0.031754546 
392 289 17 21 0.03165369 
580 270 23 29 0.031583097 
829 264 32 40 0.031535417 
630 13 56 62 0.031136982 
420 4 60 64 0.03111281 
393 336 48 54 0.030993009 
352 400 18 22 0.030805457 
854 86 22 26 0.030692281 
452 68 38 46 0.030652655 
15 16 28 32 0.030523082 
363 513 24 28 0.03045074 
545 68 365 457 0.03040616 
223 368 26 30 0.030391403 
534 547 14 19 0.030335966 
97 835 41 50 0.030281084 
843 358 47 53 0.030245509 
780 276 30 37 0.03017138 
516 585 16 19 0.029995924 
668 364 34 40 0.02999347 
378 315 88 102 0.029966228 
878 24 40 48 0.029442085 
23 25 34 35 0.02925923 
442 40 94 105 0.029156238 
533 481 15 19 0.029056622 
291 362 16 20 0.028814105 
697 211 28 33 0.02876495 
583 36 29 34 0.028586295 
499 1 35 34 0.028129619 
721 337 27 32 0.028110903 
29 371 26 30 0.027839925 
615 353 27 36 0.027485905 
828 101 27 34 0.027484262 
390 447 26 27 0.027209245 
624 228 26 34 0.026871413 
398 312 25 28 0.02661583 
768 630 31 47 0.026215093 
88 174 96 124 0.026163599 
631 198 105 129 0.026055347 
-1 759 11 21 0.026049625 
401 357 28 34 0.025992801 
55 339 21 28 0.02597285 
920 108 21 31 0.02596335 
25 287 16 22 0.025818136 
23 4 29 31 0.02568653 
474 300 46 53 0.02545473 
44 384 17 20 0.025406942 
28 44 30 32 0.025381135 
8 295 16 21 0.025340095 
8 896 27 39 0.025265723 
819 278 30 38 0.025220929 
715 148 33 40 0.02521312 
28 198 109 174 0.02495523 
362 1119 55 56 0.02495024 
618 211 28 35 0.024937829 
379 1146 36 36 0.024870297 
822 309 43 51 0.024683246 
689 94 35 43 0.024628937 
49 941 54 61 0.024558563 
179 98 29 29 0.024528254 
584 0 30 30 0.02447941 
347 217 13 15 0.024443077 
137 331 26 33 0.024347423 
53 1 33 39 0.024321826 
0 867 22 32 0.0242639 
623 35 23 32 0.024171466 
36 963 71 75 0.024062648 
357 55 55 69 0.023823313 
689 343 19 22 0.023717023 
171 738 67 94 0.023706457 
704 87 46 57 0.023612298 
340 348 46 56 0.023552695 
117 178 12 14 0.023467923 
590 639 29 35 0.023450173 
125 364 32 37 0.023331355 
150 678 13 16 0.023256458 
794 61 30 32 0.023256056 
709 0 51 51 0.02319605 
52 380 15 22 0.023115678 
197 -8 111 134 0.022856249 
556 45 34 38 0.022775786 
238 246 12 16 0.022741877 
652 220 17 22 0.022740275 
752 235 29 34 0.022619931 
99 190 59 78 0.022469724 
527 704 53 57 0.022461241 
800 333 26 34 0.022373702 
120 360 18 21 0.022361832 
59 462 29 36 0.02227866 
195 330 24 29 0.022222096 
737 324 36 44 0.022203771 
33 366 18 23 0.02213568 
30 788 28 30 0.022130836 
863 267 49 52 0.022098338 
26 345 25 32 0.02208829 
880 219 49 55 0.021859497 
667 746 51 67 0.021842627 
28 877 38 55 0.021711897 
66 310 14 19 0.021669766 
525 193 32 37 0.021669459 
36 5 19 22 0.02164181 
340 344 18 24 0.021284023 
487 302 28 33 0.021216296 
707 317 28 35 0.021166833 
364 226 13 15 0.020992396 
512 225 54 65 0.020963086 
861 79 25 28 0.02087381 
832 613 44 62 0.020788798 
379 443 25 26 0.020765563 
375 244 13 16 0.020759923 
12 353 23 31 0.02068061 
823 386 44 51 0.020647505 
642 216 25 33 0.020631196 
403 449 18 22 0.020621367 
110 46 34 49 0.020584831 
571 640 53 60 0.02055948 
484 38 23 33 0.020539276 
182 272 48 55 0.020443799 
371 1070 59 59 0.02023358 
152 225 17 19 0.020190302 
888 106 43 53 0.02014596 
201 105 17 20 0.020093307 
413 208 11 14 0.020062027 
325 333 43 54 0.020020198 
742 74 28 35 0.020005886 
