49_Greeting_peoplegreeting_49_387
76
634 235 33 47 0.9966197 
252 273 17 24 0.9825721 
520 220 31 48 0.96813565 
225 270 16 22 0.86670005 
692 245 24 34 0.86482686 
284 289 10 15 0.18869683 
490 403 16 18 0.099405825 
123 281 14 18 0.09321524 
235 299 11 15 0.073790886 
407 287 8 10 0.07031267 
275 269 12 15 0.06520554 
278 283 18 24 0.0627913 
567 261 11 16 0.055513445 
337 286 10 13 0.05391309 
686 220 15 17 0.05388098 
700 239 36 49 0.05150354 
656 337 31 37 0.048478957 
270 275 12 15 0.046935014 
224 333 27 47 0.044518203 
202 260 14 17 0.043050915 
366 279 10 12 0.042468507 
452 250 15 19 0.039061744 
505 230 30 38 0.038912393 
492 244 29 31 0.03784509 
401 279 8 9 0.037191667 
550 344 10 12 0.0364889 
686 248 20 25 0.03597891 
149 286 10 11 0.035443336 
483 57 15 21 0.034315787 
413 288 8 10 0.033181895 
392 307 10 14 0.03315137 
747 107 208 372 0.032173946 
717 238 38 53 0.030798266 
532 210 27 47 0.02962707 
272 273 20 26 0.029614588 
537 243 25 36 0.02872692 
293 291 10 13 0.028374182 
476 213 25 41 0.02793069 
276 262 12 15 0.027770095 
339 288 13 16 0.02774531 
169 301 10 14 0.027381783 
441 278 10 12 0.027236652 
393 279 8 9 0.026609581 
365 335 9 11 0.026458375 
569 265 15 18 0.02637043 
656 347 14 19 0.026337013 
116 269 25 29 0.026232397 
680 252 30 43 0.025976725 
571 272 15 18 0.025806924 
559 259 11 17 0.02554726 
652 238 39 52 0.02492812 
425 285 9 10 0.024802515 
497 404 14 19 0.024748363 
237 256 9 11 0.024108643 
285 277 11 15 0.02372013 
402 286 8 10 0.023511324 
428 277 9 13 0.023491431 
383 288 7 9 0.023208467 
239 196 9 11 0.023155512 
443 229 11 14 0.023070626 
534 392 8 11 0.02293879 
485 180 13 17 0.022707425 
440 184 25 36 0.022046002 
439 236 11 14 0.021990595 
460 212 27 39 0.021937475 
396 304 12 16 0.021918789 
336 281 9 11 0.02188975 
320 279 9 11 0.021885902 
445 237 10 12 0.021544997 
239 262 8 12 0.021538533 
614 396 12 17 0.021113444 
622 400 14 18 0.021111973 
558 335 11 13 0.021096101 
558 341 10 13 0.020666217 
229 264 11 13 0.02037287 
139 437 16 18 0.020219682 
