49_Greeting_peoplegreeting_49_353
88
548 409 14 20 0.68216044 
294 424 12 15 0.6167257 
378 406 14 17 0.50620174 
326 73 31 42 0.33903226 
640 359 9 11 0.17914917 
606 366 7 9 0.1709678 
395 522 15 20 0.16705093 
694 373 9 10 0.09735498 
666 404 10 13 0.093313865 
712 381 10 10 0.08972931 
733 358 9 11 0.08588748 
713 399 7 10 0.08035572 
654 389 9 13 0.07532429 
628 387 12 14 0.07505221 
730 367 10 12 0.06870475 
250 435 13 17 0.06669142 
665 375 9 10 0.06591873 
702 296 10 11 0.06269362 
670 381 8 10 0.06205734 
365 440 15 21 0.061579015 
389 440 16 23 0.059444975 
695 391 10 13 0.052574523 
294 432 12 15 0.052405864 
729 372 9 11 0.05037076 
625 391 11 13 0.049889896 
669 376 8 10 0.04984266 
696 383 8 10 0.049264777 
232 401 8 11 0.048981663 
600 383 8 10 0.048004348 
590 367 7 10 0.04648241 
300 320 10 11 0.04526057 
318 457 15 17 0.044162907 
387 523 19 24 0.04288368 
735 373 9 11 0.038612377 
375 436 23 29 0.0383231 
689 367 9 11 0.037249107 
734 353 9 11 0.036724165 
539 437 27 35 0.035781525 
737 294 9 11 0.035716105 
695 356 9 11 0.034659155 
623 366 10 12 0.034140542 
386 405 12 16 0.033989143 
743 352 8 10 0.03313789 
583 358 9 11 0.03141349 
712 368 9 10 0.031201357 
616 368 8 9 0.030705573 
665 380 9 12 0.03061475 
712 391 8 10 0.030504197 
282 318 13 16 0.029803492 
736 380 8 10 0.029671703 
586 365 8 11 0.029620778 
726 287 8 10 0.028866135 
290 427 11 13 0.028651321 
146 426 15 19 0.028647121 
276 459 12 15 0.02860248 
712 412 10 12 0.028545316 
377 457 17 18 0.028494027 
701 392 9 11 0.027586771 
630 364 10 12 0.026786886 
743 383 8 10 0.026191948 
741 372 10 13 0.02609206 
729 416 9 11 0.025943814 
648 383 10 13 0.025615675 
293 462 13 16 0.02553856 
701 356 10 11 0.025011178 
730 352 8 11 0.02498475 
630 375 10 12 0.024834177 
592 382 8 10 0.024761472 
554 405 14 19 0.024526013 
285 452 10 13 0.024134314 
645 364 9 11 0.023748687 
287 461 11 14 0.023714762 
601 375 9 10 0.023613164 
477 571 30 36 0.02355589 
626 382 11 12 0.022790886 
300 436 11 14 0.022470634 
718 271 7 9 0.022222146 
279 454 11 13 0.021998502 
717 376 8 10 0.02191014 
688 359 8 11 0.021841675 
702 382 9 11 0.021745589 
742 358 9 11 0.02165698 
624 372 10 12 0.021492487 
290 469 10 14 0.021289658 
691 221 11 14 0.02063729 
103 340 10 12 0.020574156 
729 421 10 12 0.020453108 
703 309 10 13 0.020266322 
