49_Greeting_peoplegreeting_49_923
45
388 146 58 75 0.9988263 
600 277 56 70 0.998767 
542 156 53 65 0.99826705 
656 70 58 88 0.99792886 
497 126 53 67 0.98952395 
521 138 52 70 0.23637973 
293 472 10 13 0.12791151 
703 431 55 89 0.0822991 
292 161 14 17 0.058453687 
809 80 45 57 0.05826982 
863 84 48 75 0.0416907 
392 310 9 11 0.039292417 
394 304 9 11 0.03649063 
165 382 25 35 0.034309823 
276 166 26 35 0.033655137 
373 640 25 37 0.032778695 
306 0 17 17 0.03271118 
409 353 10 11 0.0319027 
651 241 47 54 0.03153794 
459 348 11 14 0.03140972 
405 331 10 13 0.027919656 
506 220 40 47 0.02787635 
329 221 11 14 0.027761644 
424 396 9 9 0.027761433 
325 202 17 22 0.02771416 
386 384 7 10 0.02523759 
284 229 12 17 0.024746122 
230 75 13 18 0.024706617 
962 473 17 21 0.024695631 
282 397 40 52 0.02439872 
491 207 36 38 0.024390332 
333 209 13 17 0.023674214 
148 357 14 19 0.023559123 
748 424 57 86 0.022750994 
440 359 8 10 0.021801438 
230 70 11 15 0.021361314 
270 236 10 13 0.021319617 
165 387 15 22 0.02094141 
677 264 16 18 0.020747911 
613 150 33 45 0.020716624 
279 360 25 30 0.020690387 
271 174 11 16 0.020688355 
144 358 11 17 0.02025908 
291 167 17 22 0.02025849 
516 159 37 44 0.020045407 
