49_Greeting_peoplegreeting_49_56
23
441 73 86 126 0.9992137 
580 66 47 60 0.99465126 
716 72 50 73 0.99406993 
806 62 42 53 0.98724395 
228 108 55 116 0.89069515 
909 60 42 61 0.88355994 
963 57 34 56 0.265241 
805 363 30 40 0.15367393 
206 141 67 103 0.08715159 
788 174 52 70 0.07400525 
975 54 39 68 0.054301582 
45 456 50 67 0.037884925 
339 49 108 123 0.03741709 
286 53 112 120 0.030511279 
995 53 32 57 0.026868034 
144 123 98 131 0.026400119 
971 180 58 109 0.025144987 
629 219 29 43 0.025088996 
673 105 44 67 0.02315533 
252 62 103 135 0.022571247 
905 50 31 46 0.022421604 
968 43 32 45 0.020460473 
973 -2 29 29 0.020393677 
