5_Car_Accident_Accident_5_668
61
881 239 18 22 0.94937843 
721 198 31 37 0.7353827 
915 233 12 15 0.30694327 
521 194 20 21 0.21527292 
487 165 95 108 0.16369537 
747 239 31 33 0.15745138 
760 194 12 17 0.12463476 
968 253 11 13 0.09449469 
900 217 12 14 0.06794813 
862 225 12 16 0.06596376 
751 266 41 52 0.06593747 
936 229 9 11 0.06535378 
912 240 12 15 0.057164393 
704 190 39 48 0.05671869 
866 221 12 14 0.055987075 
957 238 9 11 0.051144324 
735 198 26 33 0.039406493 
436 657 30 26 0.03788747 
870 239 16 20 0.037830535 
754 190 21 28 0.037001766 
951 221 11 13 0.035049714 
941 223 11 14 0.03199496 
846 252 15 17 0.03182202 
879 213 10 12 0.031603683 
991 272 14 17 0.03013847 
953 228 10 12 0.030027477 
555 240 38 43 0.02968674 
701 197 10 15 0.029132064 
753 221 32 38 0.028541688 
382 222 41 50 0.028266681 
1005 493 20 43 0.027606087 
860 232 16 21 0.027262915 
746 240 47 55 0.02710112 
868 215 10 11 0.02666158 
780 214 13 18 0.026527591 
859 216 21 25 0.02587502 
408 226 12 16 0.025812559 
992 265 25 31 0.025512673 
973 181 10 13 0.025486302 
968 179 11 14 0.02501018 
542 180 57 72 0.024978593 
926 230 10 12 0.024821833 
956 231 10 12 0.024794819 
515 190 32 39 0.024725433 
292 185 168 244 0.024524752 
715 180 32 40 0.024451498 
928 573 107 131 0.023920875 
877 229 17 20 0.023537342 
879 221 12 14 0.023255004 
1014 293 9 12 0.023230359 
969 229 9 12 0.022592675 
693 159 9 10 0.02233912 
732 258 12 14 0.022261875 
976 207 10 12 0.022159407 
738 199 42 47 0.021934824 
542 171 11 13 0.021846328 
903 260 9 12 0.021767927 
759 205 25 32 0.02172692 
771 217 16 19 0.021423431 
539 251 43 48 0.021003792 
959 244 9 11 0.020908259 
