5_Car_Accident_Accident_5_202
53
990 73 19 23 0.8620297 
822 76 15 20 0.78123903 
743 90 17 19 0.5979747 
898 84 14 18 0.5189859 
760 83 13 17 0.4620566 
923 71 27 34 0.44955692 
399 349 23 27 0.17645682 
793 80 8 10 0.14602923 
966 150 10 13 0.14402275 
969 68 15 19 0.13974531 
727 206 106 128 0.087437 
712 86 9 11 0.07654256 
417 -4 367 465 0.07055782 
570 105 8 9 0.06393548 
862 261 10 14 0.063752145 
-1 405 24 36 0.0611492 
750 84 20 22 0.056221418 
789 99 14 16 0.052195597 
696 93 8 10 0.04884314 
573 108 8 10 0.04791073 
971 77 15 19 0.045979142 
964 144 11 14 0.043661468 
936 79 15 20 0.043490577 
975 65 21 27 0.042275406 
918 79 15 18 0.0421463 
474 168 30 35 0.04036361 
567 126 10 13 0.038691603 
8 106 27 38 0.03757493 
705 88 8 10 0.037281174 
566 120 9 11 0.034389947 
989 87 17 20 0.033314385 
960 141 12 14 0.03142268 
498 171 196 259 0.03123368 
729 89 8 11 0.031047024 
925 94 23 30 0.029451882 
828 71 11 15 0.029184058 
314 111 16 21 0.026173016 
917 60 10 12 0.026165893 
883 101 11 13 0.025884192 
809 94 10 14 0.025531927 
296 144 431 422 0.024113016 
941 48 15 18 0.023953239 
794 84 12 14 0.023901442 
724 278 13 16 0.023163848 
973 62 39 49 0.022404375 
958 145 22 28 0.021823557 
549 134 10 14 0.021810696 
860 95 16 17 0.021476382 
562 119 9 11 0.02075631 
856 197 52 73 0.020602994 
555 215 62 57 0.020503774 
928 142 11 12 0.020389436 
481 235 20 16 0.020078205 
