5_Car_Accident_Accident_5_474
110
553 136 17 22 0.9851891 
347 141 16 23 0.9819841 
240 119 22 27 0.97073394 
801 143 18 22 0.58194655 
618 141 21 25 0.44824788 
707 134 21 26 0.3962463 
795 107 42 50 0.3678651 
610 145 20 25 0.35807082 
622 128 16 19 0.33793217 
586 153 15 21 0.27301353 
307 148 11 15 0.27072304 
797 129 31 37 0.20384838 
142 105 11 15 0.1706628 
298 172 17 22 0.15379836 
326 198 17 21 0.118437454 
540 162 14 19 0.11761402 
595 148 19 27 0.11548517 
630 136 19 24 0.111774854 
604 150 17 23 0.10820054 
501 121 15 20 0.09559332 
302 144 12 16 0.09238924 
795 96 33 40 0.08981058 
284 141 10 11 0.08920118 
109 291 17 19 0.08510383 
266 179 16 24 0.074648365 
637 132 16 21 0.07361337 
617 263 10 13 0.06865581 
296 148 12 16 0.06639361 
767 260 13 19 0.06502653 
160 92 43 47 0.064042605 
379 163 14 17 0.059402425 
581 139 22 27 0.05914455 
454 283 22 26 0.056787565 
702 130 18 21 0.05203103 
496 124 22 33 0.0508702 
460 76 27 33 0.046180263 
126 293 13 17 0.04547299 
400 143 9 13 0.042350825 
297 142 11 14 0.04148601 
830 94 31 42 0.040689994 
506 130 13 19 0.039963156 
539 283 12 16 0.03955535 
100 617 27 39 0.038943052 
552 270 11 13 0.03886862 
333 72 18 22 0.03833352 
960 189 8 11 0.038207088 
139 101 20 27 0.037928972 
696 139 12 17 0.03752805 
287 149 11 13 0.0369707 
318 162 12 16 0.036227196 
406 148 9 11 0.03496293 
545 225 22 31 0.03477937 
97 293 26 29 0.03447224 
838 139 16 18 0.032522768 
830 103 46 56 0.03184005 
134 112 15 21 0.031348936 
452 74 24 28 0.031301014 
903 224 10 13 0.031079508 
-2 436 51 81 0.030578136 
146 101 11 15 0.03047464 
172 99 18 19 0.029918013 
567 210 22 29 0.02950142 
301 142 20 26 0.029014682 
876 250 21 27 0.028714797 
200 260 11 15 0.028015234 
804 85 50 61 0.027702417 
469 81 16 21 0.027325673 
633 359 9 12 0.02722735 
314 147 14 18 0.027092962 
494 127 15 23 0.027054269 
649 336 10 11 0.027020846 
94 306 16 19 0.027015697 
164 113 33 37 0.026808608 
186 188 24 31 0.02598435 
300 166 13 18 0.025855215 
252 177 17 23 0.025657674 
340 10 32 39 0.0250288 
373 143 10 12 0.024829835 
605 322 11 17 0.024825076 
65 160 31 38 0.024790365 
454 73 11 15 0.02470519 
499 195 17 21 0.024318319 
244 185 16 19 0.024120064 
703 340 12 15 0.023228766 
804 119 49 60 0.02313712 
594 222 22 28 0.022581521 
814 46 15 17 0.022549355 
124 106 13 16 0.022548178 
490 253 444 508 0.02248845 
483 122 25 36 0.022481645 
286 176 14 20 0.022400022 
377 170 14 17 0.021853602 
555 233 12 18 0.021646202 
406 119 8 11 0.021431886 
835 40 29 35 0.021335777 
836 95 20 25 0.021161785 
314 66 448 507 0.021111215 
817 107 16 18 0.02101166 
837 124 26 33 0.0209293 
246 183 26 30 0.02092536 
174 261 15 17 0.020917013 
88 281 46 52 0.020736823 
500 139 16 22 0.02064596 
637 366 8 10 0.02054184 
322 189 29 31 0.020521443 
145 98 9 13 0.020459646 
325 139 13 18 0.020281268 
951 201 9 11 0.02016627 
203 110 26 35 0.02014614 
839 340 13 16 0.020042509 
