5_Car_Accident_Car_Crash_5_492
25
898 50 29 43 0.9174531 
966 353 21 28 0.13401937 
241 385 17 22 0.11328393 
790 4 34 36 0.10386211 
310 286 27 35 0.085538775 
220 335 27 32 0.078958504 
881 60 29 38 0.06605491 
625 296 118 135 0.064097315 
236 540 42 50 0.05729461 
303 775 24 32 0.03858938 
277 736 27 31 0.037202742 
250 283 12 16 0.033519518 
769 11 57 62 0.02987312 
969 12 52 76 0.029789511 
225 333 18 21 0.029616812 
28 276 14 20 0.027594974 
253 277 204 252 0.027587386 
276 407 412 497 0.025112 
229 364 29 36 0.024357896 
626 195 148 159 0.02278381 
293 405 14 20 0.022420997 
176 37 414 485 0.020971907 
224 348 29 36 0.02074023 
204 357 25 35 0.020353012 
309 439 15 20 0.020231923 
