5_Car_Accident_Car_Crash_5_644
24
651 134 212 289 0.99982387 
52 229 254 286 0.9996209 
465 692 108 123 0.5594631 
336 602 92 123 0.2947123 
859 752 31 43 0.09575245 
926 598 56 68 0.043670222 
114 196 69 70 0.04304934 
89 171 118 132 0.04183209 
136 216 40 36 0.03976091 
73 116 211 282 0.03453756 
204 508 93 110 0.028118089 
903 801 30 34 0.027624961 
857 730 48 58 0.026379984 
879 579 107 112 0.0256625 
996 770 23 37 0.0256602 
604 195 387 483 0.025177348 
338 1 16 18 0.024940042 
870 741 13 16 0.02488152 
343 649 100 124 0.024820529 
685 263 151 184 0.023677647 
251 478 211 265 0.023015564 
92 585 108 108 0.022551404 
347 729 74 64 0.021865979 
976 27 27 34 0.020852506 
