5_Car_Accident_Accident_5_77
188
885 57 28 35 0.99978584 
757 33 26 34 0.999345 
627 60 23 31 0.9990922 
654 59 22 30 0.99883014 
574 65 24 33 0.9987116 
930 48 37 46 0.99786574 
812 53 25 32 0.997414 
717 65 24 32 0.99670035 
377 61 22 28 0.9914888 
693 69 23 30 0.9861704 
290 77 21 27 0.9851967 
231 68 20 26 0.9825507 
437 54 23 29 0.96721226 
539 77 20 26 0.9670069 
489 67 20 26 0.9663549 
185 78 21 24 0.9562413 
113 89 19 24 0.95350313 
588 43 20 26 0.93553424 
517 37 19 22 0.92182535 
982 47 18 25 0.92100346 
710 8 14 17 0.9193143 
445 83 23 27 0.904462 
391 0 12 12 0.7276831 
739 25 12 15 0.6615693 
903 57 25 34 0.49547675 
80 57 22 41 0.44336632 
658 461 129 132 0.42946744 
733 367 183 196 0.4075002 
793 22 13 15 0.40093803 
794 54 19 23 0.37375435 
873 60 11 15 0.37161928 
77 220 438 488 0.33422863 
679 27 11 14 0.27853277 
475 0 11 12 0.24938838 
995 267 18 21 0.23556858 
919 53 28 39 0.231358 
706 64 23 32 0.20450209 
716 32 14 18 0.16776568 
559 347 25 32 0.16613427 
440 69 24 30 0.16029282 
638 29 12 16 0.15694253 
737 50 14 19 0.14257202 
655 438 33 40 0.12964964 
206 3 13 13 0.111534424 
326 76 12 16 0.107743725 
290 101 16 20 0.103177845 
161 369 258 320 0.099634565 
965 44 23 29 0.09793722 
563 0 16 18 0.09499485 
32 9 12 15 0.093419895 
481 38 16 20 0.091483034 
771 90 24 28 0.08931282 
615 0 11 11 0.08138638 
525 2 17 19 0.08062724 
790 27 19 26 0.07530317 
700 44 23 29 0.07528584 
376 27 10 13 0.07522894 
315 180 15 19 0.07314445 
189 95 16 18 0.0712426 
686 0 9 10 0.067875184 
172 13 15 20 0.06731362 
7 127 45 70 0.06468803 
3 0 12 14 0.0628581 
380 24 10 13 0.058338404 
71 8 28 39 0.057293613 
709 34 20 25 0.057080593 
71 290 127 159 0.05689766 
389 6 14 17 0.056120094 
319 0 10 9 0.055914357 
672 26 13 15 0.053902846 
26 51 24 39 0.053319864 
686 417 155 156 0.05212801 
563 8 18 23 0.051069476 
450 93 23 31 0.050166532 
872 53 23 30 0.048096452 
639 11 12 15 0.047627848 
637 62 24 31 0.047439646 
168 100 11 13 0.04714457 
16 43 25 39 0.04465466 
511 4 25 26 0.044474293 
1 34 37 61 0.044049542 
318 77 13 17 0.043965787 
860 495 121 126 0.04345741 
309 178 15 19 0.043320373 
2 37 23 37 0.04279075 
413 45 13 18 0.042640366 
325 26 17 22 0.04220814 
426 214 24 34 0.041773107 
882 45 14 16 0.04137491 
676 434 28 37 0.040916555 
915 53 13 18 0.039795328 
639 19 13 19 0.039354645 
766 22 13 17 0.03917576 
747 68 15 20 0.038943183 
393 64 16 20 0.038759425 
573 239 349 445 0.03825082 
532 6 16 20 0.038156845 
609 57 16 22 0.037972163 
655 364 30 37 0.037891906 
389 -3 20 20 0.03718964 
185 137 40 53 0.036646396 
765 64 15 18 0.035402525 
324 0 10 11 0.035382736 
66 64 31 38 0.034405347 
0 108 10 18 0.033981245 
580 315 11 14 0.033894233 
652 1 12 11 0.033553522 
439 84 17 21 0.033201084 
323 4 13 14 0.033196386 
722 28 14 20 0.032984614 
747 39 26 33 0.03274199 
724 264 41 44 0.032382548 
677 3 14 16 0.032329887 
700 37 16 20 0.032184597 
569 17 14 20 0.03189947 
262 158 15 17 0.03188433 
685 77 25 32 0.031864733 
991 269 25 35 0.03108513 
611 407 22 32 0.030892929 
729 342 31 35 0.030125156 
538 10 16 20 0.03011834 
737 67 22 28 0.0296364 
246 97 14 16 0.029624268 
467 227 14 19 0.029299794 
-1 151 24 58 0.029229648 
55 8 46 61 0.02901862 
547 227 12 15 0.028951256 
502 9 16 20 0.028838824 
548 0 23 24 0.028598081 
792 38 20 28 0.028372852 
993 12 14 17 0.028229272 
442 45 16 19 0.028083058 
591 26 13 17 0.027651345 
947 46 30 38 0.027542807 
699 326 27 31 0.02731434 
310 43 15 18 0.027241554 
150 116 13 17 0.026730461 
592 57 23 30 0.026414638 
869 71 15 21 0.026230942 
431 62 15 22 0.025852038 
612 334 15 18 0.02584604 
458 223 27 33 0.025461912 
262 59 14 17 0.025260251 
987 9 22 27 0.02522159 
812 0 12 11 0.025026575 
775 30 21 31 0.0246885 
663 2 13 16 0.024590567 
660 216 17 23 0.024414973 
806 372 177 246 0.024037678 
802 55 22 25 0.023968715 
228 98 14 18 0.023639876 
620 15 12 14 0.023532681 
550 0 15 14 0.023295589 
636 419 31 34 0.023273144 
585 65 25 32 0.023207113 
36 187 195 281 0.023075685 
243 3 11 13 0.023000551 
674 23 19 24 0.022960655 
429 210 40 50 0.022821909 
403 39 23 28 0.022665981 
644 5 13 15 0.022546453 
159 0 13 11 0.022523122 
137 78 9 11 0.022463184 
237 0 14 13 0.022462167 
916 99 17 22 0.022332197 
412 257 362 473 0.022213904 
223 93 12 16 0.022125913 
807 18 11 16 0.022085661 
944 330 28 38 0.022084497 
156 110 13 15 0.02206409 
682 457 12 17 0.02185929 
205 104 14 18 0.021828549 
76 133 53 68 0.021794708 
684 400 27 38 0.021658678 
729 55 21 27 0.021585569 
985 336 16 22 0.021548923 
688 423 29 45 0.02151857 
817 426 119 141 0.02117201 
186 99 24 25 0.021082276 
395 8 14 16 0.02086669 
20 22 15 18 0.020826941 
450 53 15 20 0.02076847 
710 348 36 37 0.0204868 
14 48 40 63 0.020436838 
420 193 41 51 0.02041782 
699 27 15 17 0.020314831 
183 37 11 14 0.020156201 
645 351 34 38 0.020148944 
