5_Car_Accident_Accident_5_244
97
839 202 26 37 0.981605 
648 204 21 29 0.9803728 
997 183 27 67 0.93676084 
799 194 20 27 0.9329829 
468 301 28 30 0.9043528 
707 186 20 27 0.88890076 
918 186 16 28 0.8495432 
490 210 22 26 0.6850796 
636 313 41 43 0.6109403 
569 186 16 21 0.51872903 
507 206 17 22 0.43492627 
487 586 58 53 0.32121825 
762 208 15 20 0.27758113 
597 192 23 27 0.2671883 
856 205 32 34 0.19919956 
722 187 16 23 0.18171613 
914 219 15 22 0.18114462 
622 315 34 43 0.17864104 
572 190 21 28 0.16252609 
247 277 37 46 0.13832496 
612 185 16 25 0.12761183 
765 200 21 27 0.11935475 
765 219 27 34 0.119061805 
546 289 17 25 0.11768843 
477 557 65 54 0.10546666 
491 222 17 19 0.10390081 
894 201 16 24 0.09636099 
962 201 34 50 0.07509517 
461 304 21 23 0.07243381 
148 0 16 14 0.061001662 
878 206 23 30 0.060660195 
663 206 18 23 0.060261905 
221 301 25 38 0.056379315 
628 183 15 21 0.053163033 
21 199 11 12 0.044418514 
413 338 47 53 0.043817487 
834 185 21 33 0.04245552 
978 103 13 18 0.041504167 
265 276 15 21 0.039637804 
710 214 15 20 0.0395617 
479 290 25 36 0.038433976 
472 266 12 14 0.03770485 
41 124 11 13 0.037015956 
750 203 12 17 0.036549363 
151 325 97 134 0.034096215 
897 194 16 24 0.03393811 
586 187 26 31 0.03371232 
614 300 27 43 0.033575114 
764 215 15 22 0.031736013 
179 205 11 14 0.031659562 
489 579 91 82 0.03145903 
594 547 65 62 0.03136613 
233 298 45 49 0.030530212 
28 205 11 14 0.030225838 
556 214 21 28 0.029280499 
756 196 13 17 0.02921553 
69 195 43 61 0.029011695 
494 221 26 31 0.028592851 
59 119 15 20 0.028225712 
509 225 15 16 0.028073134 
956 195 27 44 0.027743265 
141 180 52 70 0.027719386 
567 199 22 31 0.027240392 
499 206 18 23 0.027204229 
702 10 35 42 0.026984612 
751 198 10 14 0.026973037 
755 186 14 18 0.026555628 
970 107 9 13 0.026539875 
264 272 11 15 0.026539542 
758 222 43 59 0.026184829 
884 193 22 34 0.025450548 
740 200 15 19 0.025427556 
940 100 12 15 0.025368104 
893 141 10 13 0.025357788 
537 294 30 40 0.025191389 
340 365 441 463 0.025144173 
229 232 13 18 0.025041372 
775 200 17 21 0.02455073 
937 187 15 20 0.024317635 
552 219 12 17 0.024020826 
486 551 40 34 0.023932243 
621 182 12 19 0.023887862 
643 185 15 19 0.023738975 
655 303 32 47 0.023054807 
176 175 10 12 0.022801865 
493 231 14 17 0.022775514 
499 540 67 49 0.0226879 
667 187 15 18 0.022107232 
767 225 15 22 0.021975022 
635 186 15 19 0.021807032 
927 189 18 23 0.021720154 
714 209 17 22 0.021394728 
841 195 18 28 0.021332098 
746 199 203 231 0.020767206 
232 284 29 39 0.020648643 
515 232 15 18 0.020505223 
512 173 10 13 0.02047473 
