5_Car_Accident_Accident_5_633
82
242 278 16 25 0.9370542 
490 276 33 44 0.9317171 
103 78 57 108 0.80254716 
451 458 82 72 0.6823176 
617 298 43 54 0.57269096 
323 826 16 21 0.44759429 
161 284 18 24 0.3927431 
667 368 38 39 0.35087124 
815 319 9 12 0.28735325 
297 831 18 21 0.2524742 
510 436 54 61 0.17138684 
535 507 95 116 0.16666815 
641 217 33 48 0.13480033 
919 345 23 28 0.12851606 
504 271 39 49 0.12736662 
82 122 69 81 0.12378904 
552 263 22 31 0.121834494 
302 805 10 13 0.108973585 
801 327 8 11 0.10333883 
255 468 41 52 0.09754997 
161 409 14 15 0.08594284 
291 841 469 584 0.082673326 
432 809 54 70 0.08263114 
821 338 11 15 0.078996345 
894 351 14 19 0.059889536 
805 328 8 11 0.057973646 
0 145 12 23 0.053099714 
345 819 11 15 0.05178782 
308 971 66 56 0.050506804 
386 298 12 14 0.05031796 
523 268 29 43 0.04547953 
534 264 29 39 0.042632204 
562 269 16 23 0.039047718 
477 432 80 86 0.03897779 
323 938 58 59 0.0384012 
572 483 107 131 0.03649939 
220 249 12 17 0.035405338 
471 399 94 85 0.034851573 
305 828 15 20 0.034727335 
854 327 11 11 0.034482073 
56 76 82 118 0.034358867 
486 256 30 47 0.032163877 
943 566 63 81 0.031222327 
255 883 15 22 0.030956708 
592 282 45 62 0.030848505 
294 806 23 27 0.030819941 
299 820 15 18 0.029405236 
492 274 17 25 0.02814159 
654 526 23 28 0.028083578 
613 289 33 42 0.027973277 
635 289 29 47 0.027260644 
285 830 14 17 0.027105656 
783 331 9 11 0.02703787 
444 372 70 55 0.026941126 
534 439 84 106 0.026846018 
942 369 35 39 0.026612882 
906 347 24 29 0.026586108 
820 345 14 18 0.026267152 
218 259 14 20 0.026103824 
793 318 8 10 0.025748584 
546 552 67 85 0.025158629 
198 846 56 63 0.025014453 
386 604 18 23 0.02486514 
469 456 103 118 0.024166733 
271 329 15 18 0.023856228 
319 822 14 19 0.023752104 
541 262 39 52 0.023512047 
571 273 13 19 0.022746135 
307 1092 58 74 0.022728186 
150 289 15 19 0.022643678 
663 279 38 58 0.022593763 
849 327 10 11 0.022411793 
855 320 9 11 0.022241356 
318 909 67 67 0.021853475 
148 284 25 34 0.021447636 
323 39 108 140 0.021245098 
92 155 39 44 0.021135548 
440 861 52 66 0.020867724 
799 321 8 10 0.020703191 
330 823 14 19 0.02060342 
516 390 65 77 0.020345647 
235 638 56 67 0.020140635 
