5_Car_Accident_Accident_5_287
50
850 35 16 20 0.97304904 
895 65 14 18 0.21333337 
84 188 13 18 0.21050318 
381 96 8 10 0.09069375 
31 190 24 33 0.083441064 
158 138 10 14 0.07963018 
684 117 10 12 0.0651438 
659 129 45 57 0.062401753 
303 201 14 21 0.057115313 
222 210 22 33 0.056861877 
150 159 10 14 0.052450746 
460 -8 123 146 0.04471078 
405 152 14 16 0.04404417 
439 6 10 12 0.042988006 
911 45 13 16 0.042779375 
366 175 12 15 0.041458264 
394 165 14 15 0.04057873 
825 110 9 12 0.038551006 
925 25 14 17 0.035566088 
389 127 10 12 0.034257963 
685 112 10 12 0.03312718 
856 167 41 59 0.03195043 
156 50 74 116 0.03083024 
159 39 443 454 0.03014115 
887 61 11 16 0.029669616 
401 550 10 11 0.02947947 
415 131 11 13 0.028771142 
680 101 9 9 0.028593725 
154 134 8 11 0.027969405 
736 100 8 10 0.027839493 
476 32 10 13 0.027633725 
782 92 12 15 0.027374877 
782 137 12 14 0.02589336 
759 118 9 10 0.025876017 
397 156 13 15 0.025488995 
191 197 10 12 0.025137875 
750 117 9 11 0.025009254 
34 -10 208 227 0.02462582 
817 54 8 10 0.024406279 
152 120 9 12 0.024206229 
750 111 8 11 0.023421178 
361 176 11 12 0.021665184 
150 125 9 12 0.021662364 
888 28 11 14 0.021569597 
359 165 26 31 0.02119191 
99 226 16 21 0.020640152 
27 178 39 52 0.020500565 
197 196 10 12 0.020444036 
831 155 14 17 0.020266304 
879 39 10 12 0.02015462 
