5_Car_Accident_Accident_5_460
133
113 312 20 24 0.9575934 
235 306 12 15 0.89123684 
61 312 14 18 0.6489283 
867 364 14 16 0.61890405 
271 314 10 13 0.5688362 
41 73 16 22 0.3089518 
182 311 11 14 0.29580894 
158 308 12 17 0.2883455 
209 312 10 12 0.2600658 
255 315 11 14 0.21155237 
128 290 12 15 0.20404135 
3 296 12 18 0.19573092 
277 316 10 12 0.1807538 
918 352 11 14 0.17863369 
216 97 9 11 0.17177261 
204 114 16 18 0.15145527 
286 317 9 11 0.14945567 
263 316 9 13 0.14690511 
319 333 9 12 0.12869899 
213 314 10 13 0.1236526 
250 105 8 10 0.11642027 
428 140 10 12 0.112419195 
319 327 8 12 0.09879981 
177 315 11 14 0.09654729 
417 144 9 13 0.09007986 
341 117 8 11 0.08972873 
200 327 10 12 0.07937471 
209 107 14 17 0.07910843 
464 141 10 13 0.07372257 
223 315 9 12 0.07071273 
9 332 15 19 0.068088636 
165 302 11 15 0.06574856 
319 339 9 12 0.06395781 
973 350 10 11 0.060992576 
35 332 16 18 0.06098718 
426 137 8 9 0.0606544 
132 342 16 20 0.059320025 
10 325 14 16 0.058983427 
252 109 9 11 0.0587155 
923 357 11 12 0.05843144 
387 129 7 9 0.05824931 
887 364 11 15 0.057225157 
201 109 14 16 0.056149617 
873 363 14 17 0.053770598 
384 148 12 15 0.05338737 
181 323 12 15 0.05337367 
390 379 98 107 0.049858786 
150 313 12 16 0.04970145 
420 149 10 13 0.04879154 
390 132 8 12 0.04751638 
3 304 13 20 0.045192376 
888 359 10 12 0.04517307 
233 119 9 11 0.04382702 
891 364 14 17 0.04244036 
312 333 10 12 0.041813314 
927 374 10 12 0.041403208 
423 140 10 13 0.04132632 
703 210 26 26 0.040035307 
385 133 8 10 0.040011737 
465 137 9 11 0.039042592 
77 331 16 20 0.038588177 
320 113 8 8 0.038280614 
318 321 8 11 0.037512887 
106 351 14 17 0.037476037 
0 313 11 17 0.03700439 
155 291 11 14 0.036943763 
237 118 10 12 0.03660386 
204 332 11 15 0.035675798 
232 313 12 15 0.03499273 
446 149 9 11 0.034091268 
204 324 11 14 0.033896517 
388 142 10 13 0.033575546 
215 332 11 16 0.033312824 
188 314 10 15 0.033167418 
283 322 13 15 0.033021964 
140 317 16 17 0.03228602 
302 341 10 13 0.031809375 
248 119 10 12 0.030899003 
313 327 10 13 0.030856382 
866 375 16 19 0.029473556 
247 323 13 16 0.028473904 
164 311 14 18 0.028448444 
300 360 12 16 0.028422737 
338 113 9 11 0.028243339 
174 321 14 17 0.028120324 
457 143 9 12 0.02774006 
180 330 14 20 0.027482042 
132 295 15 19 0.027381422 
217 99 12 17 0.026953911 
125 342 16 19 0.026846964 
583 216 39 45 0.026472857 
311 341 10 13 0.026444096 
429 147 10 13 0.026351154 
279 332 11 13 0.026281938 
899 371 13 16 0.026000999 
221 115 10 14 0.025939578 
149 298 14 18 0.02592686 
140 292 14 16 0.025711678 
323 334 10 12 0.025691157 
440 148 10 13 0.025657283 
188 331 11 17 0.025567532 
221 332 11 15 0.025521938 
44 64 14 17 0.025508212 
924 363 12 14 0.025476629 
183 429 10 14 0.024982741 
230 323 12 15 0.024810905 
913 354 13 15 0.02448158 
314 320 8 11 0.023995792 
325 116 10 12 0.023771975 
924 407 15 17 0.023684233 
422 166 11 14 0.023418754 
213 340 13 18 0.023404548 
31 338 14 17 0.023403296 
67 319 14 18 0.023247369 
269 310 17 23 0.023114292 
150 286 13 16 0.022729915 
172 310 20 24 0.022667075 
303 335 10 13 0.02264362 
456 149 9 12 0.022511944 
199 334 19 29 0.022372048 
0 279 17 39 0.022287833 
173 294 8 11 0.022224205 
205 103 14 16 0.021902964 
459 157 14 19 0.02146053 
206 312 18 22 0.021384064 
134 333 14 18 0.021271769 
229 330 11 15 0.02112425 
232 45 422 435 0.02084484 
251 124 11 14 0.020826617 
253 142 10 13 0.020406848 
217 107 13 16 0.02039433 
41 324 15 18 0.020265408 
199 317 11 14 0.020150745 
