5_Car_Accident_Accident_5_34
52
762 65 25 32 0.99143934 
691 51 18 24 0.9598417 
607 61 21 28 0.9467914 
526 69 14 19 0.8171306 
94 76 12 15 0.15200378 
448 242 35 46 0.119113885 
635 9 15 16 0.08886476 
564 4 17 20 0.080602296 
702 34 39 48 0.07262421 
69 189 373 425 0.06474441 
717 54 27 34 0.060171705 
526 95 9 11 0.05684534 
651 74 12 14 0.048124168 
41 64 19 28 0.047169372 
217 273 220 257 0.045899298 
710 24 31 33 0.044280462 
610 2 16 18 0.04379265 
982 7 15 18 0.042434763 
710 58 13 16 0.041635506 
985 3 25 30 0.038207445 
612 56 12 15 0.035394643 
679 37 8 10 0.03472468 
643 3 15 16 0.03413641 
1005 236 12 16 0.033313163 
886 5 22 31 0.033112377 
359 71 9 11 0.031191677 
247 116 45 58 0.030906945 
892 1 12 12 0.030280374 
157 33 12 15 0.028846985 
619 34 13 15 0.028257614 
836 58 18 21 0.027574245 
888 4 12 15 0.02750244 
563 211 103 136 0.026187226 
620 3 14 16 0.025673868 
453 238 18 26 0.0255295 
1000 244 11 14 0.02440133 
708 64 14 18 0.024182312 
706 52 24 29 0.02393749 
760 35 12 14 0.023908492 
990 70 25 42 0.023682112 
218 254 482 471 0.0234104 
717 56 15 18 0.022800775 
422 255 48 63 0.022647008 
737 73 14 19 0.022645168 
644 69 21 25 0.0223152 
729 63 22 32 0.021715803 
972 7 16 18 0.021623524 
878 26 14 19 0.02156919 
530 62 14 19 0.021123791 
651 82 16 19 0.020577572 
408 57 11 13 0.020168807 
151 34 13 16 0.020049065 
