5_Car_Accident_Accident_5_628
208
266 278 28 35 0.9965803 
376 150 23 29 0.9851881 
176 218 22 30 0.98132885 
230 235 22 28 0.97948337 
856 203 23 30 0.97394335 
156 309 32 44 0.9058745 
915 239 22 26 0.87634087 
328 216 24 29 0.85822934 
76 216 24 28 0.8537635 
440 189 21 27 0.7515976 
937 288 27 30 0.6318796 
580 27 25 36 0.5780084 
283 175 18 24 0.48640752 
45 150 21 27 0.42749807 
-1 240 16 33 0.42358306 
372 84 30 36 0.41183248 
379 202 31 41 0.36231717 
946 337 26 36 0.320481 
578 262 46 58 0.30072132 
905 196 26 31 0.29003093 
849 322 29 35 0.25992197 
961 340 26 35 0.21598558 
225 282 32 39 0.19674195 
856 272 25 31 0.19652508 
927 297 26 32 0.18789195 
846 307 27 34 0.18771048 
803 265 35 40 0.18172723 
493 359 46 53 0.16814336 
202 269 23 30 0.16482894 
417 97 16 23 0.16425388 
1 169 19 25 0.15275793 
75 258 29 38 0.15195242 
386 187 39 51 0.11196099 
828 388 45 61 0.11096482 
90 345 41 43 0.103202544 
43 238 22 29 0.10100766 
648 279 41 54 0.09989434 
924 411 17 22 0.09528359 
517 351 43 50 0.09414629 
335 184 26 32 0.09292099 
700 319 23 31 0.091537975 
918 303 23 29 0.091318026 
799 192 26 30 0.0902253 
127 211 27 34 0.088729545 
947 279 24 34 0.0862611 
463 353 52 63 0.08466464 
211 267 25 32 0.08423172 
941 552 16 19 0.08119276 
330 200 38 48 0.080825575 
935 334 25 36 0.06894818 
956 276 15 21 0.06832764 
938 300 29 35 0.061896913 
897 210 24 31 0.06148852 
1008 97 16 30 0.061263844 
111 393 55 70 0.061029643 
636 251 25 32 0.060899816 
22 194 17 21 0.06031489 
885 361 18 23 0.060095094 
189 273 30 38 0.059699383 
900 491 27 30 0.05962119 
527 335 44 52 0.05873652 
859 311 26 32 0.056421097 
276 231 17 20 0.055159386 
77 235 38 53 0.054337144 
908 223 26 34 0.054030973 
171 170 15 18 0.05392301 
997 355 24 33 0.053805828 
399 179 27 33 0.05282533 
799 280 34 38 0.052351914 
964 509 15 20 0.05127877 
219 410 29 41 0.05119447 
38 249 23 29 0.049645457 
661 272 36 43 0.04893271 
349 180 24 28 0.048868295 
875 234 25 32 0.04740909 
36 264 16 20 0.04728837 
850 291 28 35 0.0464942 
977 496 36 52 0.04271495 
851 186 39 45 0.042545922 
405 95 26 32 0.03956144 
938 314 30 39 0.039459866 
412 200 15 20 0.03918753 
723 162 50 63 0.0385321 
250 508 52 63 0.03810654 
199 275 34 46 0.03801866 
988 247 36 61 0.03759229 
969 350 34 40 0.03733962 
388 59 15 19 0.03732611 
507 367 20 24 0.037310783 
222 262 29 36 0.036802158 
966 507 23 29 0.035714485 
339 384 25 28 0.035456143 
923 285 25 34 0.035308752 
384 94 29 33 0.035253406 
583 27 43 54 0.03524363 
291 172 22 29 0.03510511 
864 259 28 38 0.034737423 
11 162 15 19 0.034256257 
900 334 18 21 0.034245983 
180 202 16 17 0.034043636 
225 229 36 45 0.03386325 
433 186 39 49 0.033668544 
239 278 30 38 0.03334113 
910 324 27 31 0.03275482 
482 371 34 37 0.032690026 
781 219 16 19 0.032621827 
866 267 17 23 0.03184934 
801 227 15 18 0.03116542 
737 142 25 32 0.030913638 
403 177 18 20 0.03038298 
6 175 25 32 0.030071529 
952 288 27 34 0.029995061 
733 374 46 58 0.029752899 
160 497 107 116 0.02968529 
24 150 23 30 0.029032858 
642 266 30 39 0.02897691 
579 232 50 61 0.028819133 
133 302 41 52 0.028624475 
883 372 25 28 0.028621491 
592 39 18 23 0.02861729 
720 333 25 35 0.028580874 
911 397 27 31 0.028536126 
815 227 26 30 0.0285125 
365 94 28 34 0.028471572 
835 305 24 33 0.028376272 
214 491 58 72 0.02817929 
325 180 22 28 0.028156739 
956 238 24 27 0.028005376 
924 310 27 35 0.027947884 
816 259 18 19 0.02786859 
886 339 24 30 0.027717374 
608 164 23 30 0.027552914 
892 217 17 22 0.027519843 
490 377 16 18 0.027451053 
688 218 17 20 0.027434573 
377 201 55 64 0.027306026 
406 195 24 31 0.027270269 
894 393 16 20 0.027263852 
439 83 26 32 0.026855944 
959 303 27 36 0.026811425 
727 344 28 36 0.026679516 
178 297 30 42 0.026559714 
378 72 30 37 0.026384521 
828 336 49 60 0.026223794 
77 345 33 39 0.026080439 
49 163 19 24 0.026037246 
315 424 14 18 0.025910266 
839 367 47 62 0.025860975 
898 390 29 33 0.02581846 
931 405 26 30 0.025683505 
997 244 24 35 0.02547748 
779 226 17 21 0.025310632 
373 280 104 117 0.025247147 
18 154 16 22 0.025077334 
20 199 24 29 0.02494039 
660 202 22 29 0.024912704 
343 188 29 35 0.024787737 
532 358 17 22 0.02470051 
736 350 31 32 0.024695216 
927 241 17 20 0.024643596 
991 478 12 16 0.02459066 
302 235 20 29 0.024181537 
236 402 40 52 0.02416978 
730 122 27 32 0.023898741 
863 206 26 33 0.023858026 
954 320 46 54 0.02384093 
379 56 25 31 0.023833713 
566 23 28 33 0.023777744 
884 277 23 32 0.023740971 
314 161 26 30 0.023648193 
75 226 29 38 0.023551436 
926 327 26 34 0.023350563 
176 200 25 32 0.023278508 
28 270 30 35 0.023275556 
323 104 15 19 0.023126828 
211 261 16 24 0.022938373 
449 87 28 37 0.022866132 
931 310 16 21 0.022802591 
39 152 17 22 0.02272714 
595 168 28 36 0.022707606 
815 287 31 38 0.022556257 
100 315 34 36 0.022490725 
597 6 46 57 0.022403762 
793 197 41 48 0.022393448 
937 211 41 50 0.022168718 
415 314 100 119 0.022074409 
599 275 48 60 0.021992138 
384 144 25 32 0.021642467 
366 92 17 20 0.021595415 
800 221 13 16 0.02158558 
464 394 53 68 0.021390295 
632 295 44 53 0.02135574 
96 243 26 37 0.021341696 
383 56 14 18 0.021301752 
98 330 37 40 0.021255583 
847 367 26 37 0.021246895 
30 257 17 22 0.02118688 
34 178 22 29 0.02118577 
201 406 41 55 0.020908507 
732 364 35 39 0.020884294 
950 510 25 31 0.020796424 
901 233 26 34 0.02073665 
740 178 53 65 0.020725816 
408 107 27 32 0.020665405 
917 416 24 29 0.020637129 
899 317 27 33 0.020578932 
476 196 28 37 0.020231051 
894 331 15 21 0.020000633 
