5_Car_Accident_Car_Crash_5_38
96
0 228 22 33 0.90013516 
832 234 11 13 0.56206477 
777 238 11 14 0.51542664 
324 92 46 40 0.4980754 
941 245 11 13 0.46508378 
69 269 14 19 0.46432143 
440 125 25 27 0.1984203 
915 237 9 13 0.18150263 
358 97 46 51 0.12852588 
888 243 9 11 0.10760614 
367 118 33 40 0.093636364 
705 434 115 120 0.09120591 
525 430 17 22 0.0686883 
339 99 47 52 0.06765325 
428 122 42 50 0.06680216 
797 279 13 18 0.066049546 
893 238 11 14 0.064666234 
777 262 18 20 0.064014405 
427 419 28 37 0.05734468 
306 72 49 48 0.05142513 
855 301 12 17 0.04937717 
427 125 27 31 0.04792168 
402 113 24 31 0.046871208 
963 289 20 20 0.04534936 
37 451 30 35 0.043906502 
428 137 15 18 0.043165676 
862 247 10 12 0.042349063 
878 238 11 14 0.04234462 
304 56 42 38 0.04209288 
902 271 8 10 0.04009497 
102 262 40 51 0.03934984 
110 194 12 16 0.038858585 
669 207 127 143 0.038393192 
373 108 49 57 0.038128674 
879 220 12 14 0.038092744 
128 203 11 14 0.03722155 
308 434 246 196 0.036310315 
898 219 12 13 0.035646312 
924 235 11 13 0.0352905 
913 232 10 13 0.033492573 
392 97 28 39 0.0315068 
66 259 22 26 0.031251818 
798 311 17 23 0.031003194 
536 437 28 33 0.030824445 
305 95 42 50 0.03053357 
318 116 54 68 0.03007373 
813 412 73 88 0.029856643 
377 126 19 24 0.029726434 
894 251 11 13 0.02958986 
421 153 44 63 0.028523792 
917 232 11 13 0.028218063 
775 249 21 27 0.028003732 
877 134 31 41 0.027904287 
886 333 9 13 0.027903046 
424 136 27 32 0.027899204 
884 219 14 16 0.02788228 
808 238 9 11 0.027631057 
495 120 14 17 0.027370881 
895 215 12 13 0.027365698 
428 373 13 14 0.027083114 
916 242 10 12 0.026877215 
866 324 15 21 0.026607491 
871 234 13 16 0.025966406 
439 401 42 56 0.025671924 
837 242 12 14 0.025351314 
572 377 37 54 0.024905367 
788 245 11 13 0.024831574 
774 234 18 23 0.024762448 
830 224 12 15 0.024739532 
133 203 12 15 0.024596287 
451 116 26 32 0.0244362 
886 226 12 14 0.024324395 
68 255 14 17 0.024044264 
506 431 18 23 0.023899572 
417 409 48 57 0.023461567 
414 115 24 30 0.023321042 
499 147 15 18 0.023268916 
862 221 11 16 0.023200424 
937 239 12 14 0.023174576 
401 393 87 104 0.023162797 
494 424 26 32 0.023123065 
500 429 15 19 0.02293569 
347 121 37 46 0.022881906 
844 229 10 14 0.02285495 
876 226 13 16 0.022401026 
911 328 10 12 0.02203844 
513 427 27 32 0.022017824 
428 153 27 38 0.02149577 
773 250 14 19 0.021469498 
937 250 12 13 0.021406142 
574 114 46 51 0.021278998 
401 173 45 70 0.02108922 
491 431 17 22 0.021071244 
463 113 24 31 0.020929916 
36 250 14 17 0.020609537 
407 426 28 35 0.020539258 
