5_Car_Accident_Accident_5_66
42
21 239 32 40 0.9942774 
948 227 18 22 0.3486539 
648 159 18 22 0.30170277 
257 237 18 20 0.18082784 
683 203 37 39 0.1424281 
746 131 33 36 0.09407627 
799 271 44 61 0.07785775 
1 149 15 19 0.06247857 
457 143 10 11 0.052968964 
225 235 13 15 0.04619022 
202 167 16 19 0.045933723 
417 161 48 57 0.040557325 
815 167 34 38 0.04008157 
592 142 10 12 0.038456738 
733 116 50 59 0.038130134 
715 83 378 433 0.036615986 
398 193 26 32 0.033998296 
151 137 12 14 0.032853913 
842 182 36 41 0.030423194 
405 136 9 12 0.02932861 
701 248 60 62 0.027897038 
172 139 11 14 0.027797788 
184 151 11 14 0.027641682 
908 245 14 16 0.027390387 
806 246 45 63 0.02701021 
175 184 24 29 0.026965963 
685 212 15 17 0.026873108 
252 235 31 32 0.025879838 
802 189 13 17 0.025768349 
923 226 15 17 0.025360974 
828 226 41 52 0.02490021 
817 291 32 49 0.024807394 
461 142 14 16 0.023582466 
654 140 22 27 0.023117626 
607 142 8 10 0.022374671 
759 140 19 24 0.021698324 
714 107 51 61 0.021536198 
309 89 107 119 0.021466443 
663 141 12 16 0.021082776 
790 149 47 56 0.02091712 
19 227 27 35 0.02015851 
352 193 35 37 0.02005736 
