5_Car_Accident_Car_Crash_5_866
47
246 109 51 64 0.7567287 
355 83 71 61 0.5688407 
384 223 46 47 0.25671604 
485 86 35 44 0.22411896 
66 92 60 79 0.1540487 
702 439 40 44 0.12499529 
739 9 56 54 0.08758747 
468 106 84 114 0.08630656 
454 304 89 114 0.070183545 
376 81 42 42 0.06794182 
626 136 33 42 0.05755597 
452 89 45 64 0.04936706 
671 174 18 22 0.043652263 
801 0 41 47 0.040613927 
643 153 13 18 0.03525594 
438 51 85 110 0.03493667 
333 91 64 61 0.034811463 
363 103 40 43 0.03328785 
371 214 42 45 0.033112638 
438 312 77 72 0.029983578 
665 163 26 29 0.029494 
404 85 54 64 0.029388066 
333 122 52 56 0.028966555 
465 390 36 38 0.028857935 
503 123 79 106 0.028381644 
437 113 48 67 0.028306438 
72 227 43 56 0.027770545 
112 84 50 64 0.027086185 
501 87 27 34 0.026904237 
731 206 24 30 0.02644425 
464 71 50 65 0.024678342 
7 253 28 39 0.024312928 
780 6 47 53 0.023610383 
383 200 42 42 0.023566596 
250 65 57 67 0.023548739 
630 451 68 65 0.023387412 
646 481 64 64 0.02335576 
194 349 48 71 0.023165558 
118 180 54 66 0.02289601 
605 419 48 55 0.02250215 
685 272 52 58 0.021872105 
229 86 51 70 0.021520464 
707 282 32 36 0.021096854 
512 89 17 23 0.020627292 
295 93 33 42 0.02021278 
235 137 34 40 0.02012654 
305 175 39 54 0.020076474 
