5_Car_Accident_Accident_5_234
459
657 487 21 27 0.9685158 
450 338 17 21 0.84298384 
581 537 17 21 0.7429006 
472 329 17 19 0.7397158 
885 289 12 14 0.71558654 
808 235 10 13 0.70853186 
867 352 15 18 0.6713248 
421 508 17 22 0.637962 
417 402 18 20 0.60760015 
812 235 12 13 0.49775508 
806 315 18 20 0.4896208 
775 232 10 13 0.4024989 
800 257 13 16 0.3805883 
347 427 16 19 0.35646293 
852 191 13 18 0.35426095 
270 390 17 20 0.35316205 
226 410 15 17 0.3429012 
430 588 23 32 0.34050876 
380 318 10 14 0.3391189 
355 377 18 21 0.3209401 
598 564 20 28 0.3109502 
18 574 25 27 0.3085266 
414 316 11 14 0.30719662 
728 42 12 14 0.27325252 
410 347 13 16 0.27177474 
467 180 12 16 0.2714651 
242 384 16 21 0.26358992 
163 421 20 29 0.25777975 
199 394 14 17 0.24187341 
783 293 13 18 0.22892436 
820 235 10 12 0.20331322 
496 167 8 10 0.17807893 
343 335 11 13 0.17501087 
913 107 11 13 0.16942067 
868 268 13 17 0.16780126 
560 150 8 9 0.16591953 
791 103 10 11 0.16347316 
782 208 9 11 0.16166687 
822 545 43 48 0.14799331 
595 551 24 29 0.14696547 
774 192 8 11 0.13734518 
178 424 21 28 0.13432752 
792 187 11 13 0.1342226 
552 169 10 12 0.13122183 
341 286 11 13 0.1306424 
757 220 10 14 0.1266314 
321 433 18 21 0.12619774 
205 401 12 16 0.121585734 
770 173 8 11 0.12008114 
73 563 24 30 0.11908895 
352 414 25 33 0.11670631 
324 327 10 12 0.11663391 
425 271 10 14 0.11373734 
649 161 8 10 0.11255972 
585 127 9 11 0.111801945 
873 347 14 20 0.11107866 
774 276 16 19 0.10859564 
275 398 16 19 0.107063 
855 236 10 14 0.10682938 
588 540 24 27 0.10495741 
339 372 12 15 0.10484607 
405 352 17 18 0.10364071 
501 166 8 11 0.10188784 
407 340 14 18 0.10094566 
894 348 15 17 0.10032126 
340 345 13 18 0.09353923 
802 645 24 30 0.09258899 
239 378 16 19 0.092572406 
121 478 21 34 0.09223213 
246 418 13 17 0.088918924 
870 260 14 17 0.087536834 
439 168 10 13 0.08582865 
761 204 9 12 0.08368174 
797 205 10 12 0.0821548 
367 327 12 14 0.08195227 
83 450 18 21 0.081796326 
496 162 8 9 0.081257515 
382 438 15 23 0.081159346 
666 127 7 9 0.08023743 
663 428 43 45 0.08004267 
560 145 7 9 0.07956348 
356 363 15 19 0.07944031 
350 278 9 12 0.07922836 
356 309 11 14 0.0776542 
641 127 7 9 0.072593294 
375 360 11 13 0.0723399 
377 313 10 12 0.07230379 
810 77 9 11 0.07181293 
69 563 17 22 0.070229925 
420 430 17 21 0.069678664 
730 491 39 51 0.06922913 
814 277 10 14 0.066953026 
330 406 13 16 0.06644089 
672 114 6 9 0.066329546 
822 530 31 44 0.06617056 
397 349 12 15 0.065433964 
769 190 9 12 0.06520882 
490 168 8 9 0.063949645 
502 161 7 9 0.063650735 
360 293 9 12 0.06331423 
359 273 10 12 0.06327361 
768 155 9 12 0.06297857 
422 372 12 14 0.06251749 
806 278 11 13 0.062125765 
581 158 8 10 0.061895143 
783 84 9 12 0.06075598 
338 353 14 18 0.060618665 
765 113 8 10 0.06026143 
771 648 28 32 0.06002391 
264 560 24 32 0.05915548 
305 480 19 24 0.05903892 
190 395 13 16 0.058407303 
413 322 12 15 0.05824127 
798 210 11 15 0.05823886 
773 181 9 12 0.05815182 
552 144 7 9 0.058058895 
213 403 11 16 0.05795988 
126 476 13 20 0.0578017 
797 562 16 22 0.05712392 
804 537 13 19 0.057069037 
795 524 23 40 0.056958187 
415 377 12 16 0.05692991 
426 500 18 23 0.056838717 
334 348 14 17 0.056241225 
413 286 9 12 0.055746537 
749 332 16 18 0.05507212 
239 391 15 20 0.054107923 
768 150 8 12 0.054075398 
417 406 24 32 0.05395737 
625 127 6 8 0.053506915 
135 539 27 30 0.053211685 
88 456 20 20 0.053060178 
576 143 7 9 0.052679732 
771 265 16 18 0.052262314 
626 175 9 12 0.052209105 
792 196 12 14 0.052022703 
646 126 8 9 0.051772848 
368 348 9 12 0.051361814 
546 150 8 10 0.051360942 
846 216 9 12 0.050856765 
859 368 13 17 0.05071609 
145 416 16 20 0.0503693 
777 213 10 13 0.05033859 
855 185 10 13 0.049858686 
544 145 7 9 0.049408313 
375 322 10 15 0.04939931 
400 354 12 15 0.049001034 
812 259 12 17 0.04891954 
867 291 12 14 0.0480206 
777 101 8 11 0.04734879 
518 184 8 11 0.04726456 
204 381 11 13 0.046734158 
753 215 9 13 0.046714537 
751 120 8 10 0.046689227 
860 236 11 15 0.04600741 
804 515 37 49 0.045942217 
122 441 18 24 0.04568405 
338 363 14 18 0.04567844 
798 173 10 11 0.045644984 
334 312 10 11 0.045250796 
784 103 9 12 0.04495432 
608 164 10 12 0.04476606 
618 625 27 47 0.04462879 
789 85 10 12 0.044162184 
421 378 12 15 0.04413363 
370 422 23 33 0.04347065 
341 378 12 16 0.043431725 
354 465 17 20 0.04340359 
22 562 28 33 0.04325976 
186 421 17 20 0.043203484 
405 290 11 14 0.04311918 
850 236 10 15 0.04308969 
768 230 11 15 0.04308645 
720 354 15 17 0.04287034 
429 342 12 14 0.04279521 
753 79 6 9 0.042793583 
593 533 16 20 0.042635035 
550 150 8 11 0.042431056 
767 198 9 11 0.042327724 
679 118 7 9 0.042210482 
778 87 8 10 0.04173244 
876 333 12 15 0.041709576 
400 287 11 12 0.04140337 
862 111 11 11 0.04139839 
788 342 25 29 0.04137462 
682 126 8 11 0.041270196 
846 176 8 10 0.041252807 
768 136 7 9 0.04100156 
769 259 13 17 0.040669717 
263 388 15 18 0.04066028 
320 328 11 16 0.04016124 
791 203 11 14 0.039955534 
899 353 14 18 0.039909888 
395 315 13 16 0.03970842 
445 168 8 11 0.039673425 
783 190 9 12 0.039560948 
778 207 9 12 0.03934289 
455 168 7 9 0.039288595 
102 482 27 37 0.03887941 
275 380 16 19 0.03874937 
803 263 15 18 0.03873075 
711 528 27 37 0.038502667 
486 362 16 22 0.0383035 
121 424 20 26 0.038145684 
411 332 14 17 0.03771196 
796 320 19 21 0.037666615 
904 285 10 13 0.037614126 
393 347 11 15 0.037602734 
260 449 22 25 0.037553463 
409 325 9 13 0.037360214 
464 176 11 14 0.037263073 
513 184 9 11 0.03716529 
350 327 9 12 0.036905643 
840 176 10 12 0.036878433 
794 181 13 15 0.036855288 
809 72 9 11 0.036573622 
790 210 11 15 0.036490064 
262 567 43 53 0.036207814 
795 548 24 38 0.035911564 
686 80 7 9 0.035851404 
779 272 23 28 0.035716526 
53 433 21 27 0.03570271 
799 168 8 10 0.03562848 
618 127 7 9 0.03557092 
336 291 10 14 0.03530318 
337 366 21 25 0.03522089 
697 112 7 9 0.03521993 
747 491 39 55 0.03491736 
426 367 16 19 0.034646094 
856 112 10 12 0.03457937 
92 490 38 50 0.034373514 
745 56 9 12 0.03433492 
147 421 24 29 0.034214262 
820 177 187 228 0.034020904 
821 182 8 10 0.03376392 
792 174 9 11 0.0334328 
845 159 8 11 0.03339606 
372 332 11 15 0.033372585 
744 135 8 10 0.03336869 
241 474 24 30 0.033342663 
833 197 9 11 0.033303257 
687 62 8 11 0.033187173 
759 103 7 9 0.033015948 
731 250 12 18 0.032923333 
408 402 14 19 0.032765202 
810 83 13 15 0.0325963 
837 197 9 12 0.03258305 
613 159 11 13 0.03239648 
863 105 10 10 0.032324906 
346 340 11 16 0.032315508 
870 243 15 17 0.032074198 
398 244 11 13 0.031968534 
427 279 15 18 0.031818766 
795 101 11 13 0.03178729 
583 142 8 10 0.03176055 
806 241 12 16 0.031738315 
545 157 8 9 0.031676397 
577 151 8 10 0.031620674 
547 576 42 45 0.03140998 
251 385 13 19 0.03131762 
528 174 8 11 0.03129166 
602 160 9 11 0.031221477 
866 283 14 17 0.031178698 
847 181 9 11 0.031088082 
351 372 15 20 0.03105806 
753 104 7 9 0.030923348 
790 354 15 22 0.030831682 
12 576 18 24 0.030780626 
250 411 15 20 0.030704143 
331 322 13 15 0.030664254 
788 290 24 29 0.030407313 
229 396 14 18 0.030321445 
396 324 13 16 0.030245814 
544 193 8 9 0.030070003 
434 168 9 11 0.030022055 
520 159 7 9 0.030011704 
542 489 15 20 0.029858932 
544 173 10 14 0.02979867 
833 192 8 10 0.029589826 
179 491 38 47 0.029394737 
728 95 7 9 0.029238418 
601 541 16 19 0.029224658 
670 127 7 10 0.029144395 
629 614 25 37 0.028987521 
774 137 8 9 0.028935717 
608 568 17 24 0.028796853 
712 39 9 10 0.028771149 
77 447 17 21 0.02871222 
275 408 15 21 0.02863005 
356 356 13 18 0.02858697 
430 264 9 12 0.028505886 
797 389 11 16 0.0284604 
360 407 26 36 0.028359963 
490 161 7 9 0.028260164 
642 552 13 17 0.028057149 
204 408 14 19 0.027930902 
270 410 13 18 0.027866451 
567 144 6 9 0.027644107 
768 180 9 12 0.02764278 
872 252 17 20 0.02761981 
377 272 9 12 0.027549002 
772 155 11 13 0.02753489 
760 191 8 11 0.027525993 
421 175 8 10 0.027516488 
772 167 9 12 0.027429724 
388 302 11 13 0.027359068 
839 265 12 16 0.027328283 
759 224 12 18 0.0270766 
425 398 17 23 0.026906358 
873 96 8 10 0.02684686 
422 340 12 16 0.026782388 
347 346 13 18 0.026614582 
798 158 8 11 0.026601247 
726 246 13 17 0.0265751 
65 482 17 26 0.026563931 
697 47 8 10 0.02655682 
704 55 8 10 0.026551886 
571 523 15 19 0.026491746 
366 339 13 18 0.0264752 
234 411 14 19 0.026404293 
793 151 8 10 0.02629842 
863 298 12 16 0.02623918 
719 507 37 46 0.026210701 
773 656 15 22 0.026151609 
878 96 9 11 0.026133316 
863 134 9 11 0.025996797 
117 446 17 21 0.025974553 
245 213 27 33 0.025951618 
635 535 21 27 0.025906341 
420 331 13 16 0.02587074 
136 420 24 30 0.025837045 
308 227 12 13 0.025829112 
791 191 19 25 0.025785647 
375 302 10 11 0.025673116 
776 143 8 10 0.025670288 
502 171 8 11 0.025626866 
334 301 10 11 0.02554041 
265 444 18 19 0.025477825 
299 413 13 17 0.025409942 
112 414 21 26 0.025361272 
194 426 15 19 0.025330834 
425 265 9 12 0.025298214 
390 325 11 14 0.02504497 
838 191 9 12 0.025020668 
400 271 8 11 0.02498443 
626 111 7 10 0.02498029 
457 330 19 25 0.024944102 
760 167 8 10 0.024927268 
798 86 12 14 0.02491224 
36 591 27 38 0.024840802 
744 120 8 9 0.024810905 
527 159 7 9 0.024746276 
428 356 13 16 0.02473928 
752 183 8 10 0.024697034 
364 272 10 12 0.024417859 
596 525 15 17 0.024407962 
416 278 10 13 0.024392763 
360 286 10 13 0.02439038 
590 131 8 10 0.02419321 
774 220 13 17 0.024137205 
587 237 23 27 0.0241281 
865 254 11 14 0.024105782 
746 79 7 9 0.02406365 
581 152 8 10 0.024018312 
560 564 42 45 0.02397955 
635 547 22 28 0.023916453 
772 255 12 15 0.023890514 
707 506 31 42 0.023842739 
131 476 24 38 0.023822244 
761 118 9 11 0.023778578 
350 473 13 18 0.023774035 
774 71 8 10 0.02359302 
821 520 15 23 0.023584334 
427 378 13 16 0.023555774 
874 205 14 15 0.02354227 
58 426 17 20 0.02337466 
631 119 8 11 0.023362081 
752 124 7 10 0.0233309 
912 95 10 12 0.023265611 
360 331 11 14 0.023253394 
665 164 9 11 0.023235207 
799 79 9 11 0.023232952 
886 261 12 15 0.023221977 
763 662 28 34 0.023195432 
865 260 12 17 0.023191769 
196 419 16 20 0.023171745 
336 333 11 15 0.023135852 
577 135 8 10 0.023066891 
803 323 18 23 0.023047816 
695 136 7 9 0.02301921 
812 521 15 23 0.022997985 
895 268 11 13 0.022985635 
782 198 10 12 0.022960953 
211 419 14 19 0.022915417 
728 102 8 10 0.022863587 
780 150 8 10 0.022830602 
781 91 11 14 0.022790283 
230 375 12 15 0.022763733 
409 316 10 15 0.02275798 
884 346 14 20 0.022700403 
760 127 7 9 0.022688108 
713 70 8 10 0.022652771 
805 88 14 18 0.022575334 
998 688 14 16 0.022565147 
663 628 26 34 0.022471493 
779 520 24 39 0.022467075 
649 470 38 46 0.022446964 
752 206 9 13 0.022441732 
837 206 9 12 0.02242521 
582 552 40 45 0.022416297 
353 304 18 23 0.022397421 
36 559 23 32 0.022291137 
37 521 26 33 0.022241982 
812 252 13 16 0.022184016 
793 329 25 31 0.022154078 
220 397 15 18 0.02211544 
429 495 14 17 0.022082686 
460 404 15 20 0.022014346 
205 418 13 19 0.021981198 
725 36 19 24 0.02194762 
774 150 10 11 0.02180657 
747 518 25 33 0.02176288 
791 94 11 14 0.021719497 
655 127 7 9 0.021701904 
251 451 25 31 0.02168818 
758 80 7 9 0.02168643 
374 590 11 17 0.021681383 
457 182 8 11 0.02167931 
672 95 7 10 0.021563234 
862 125 11 12 0.021522552 
656 451 33 38 0.021373466 
813 241 14 16 0.021351952 
62 560 16 22 0.021198357 
197 409 16 20 0.021193584 
703 582 38 55 0.02117528 
632 126 7 10 0.021095587 
485 190 11 13 0.021068186 
687 134 8 10 0.021050971 
566 150 7 9 0.021035912 
796 276 13 17 0.021024464 
749 59 10 12 0.02100565 
720 45 9 12 0.020996384 
185 397 12 14 0.020977078 
811 534 13 21 0.020960825 
868 299 13 17 0.020960793 
776 79 8 9 0.02094513 
346 283 12 14 0.020799207 
928 112 10 12 0.020734379 
158 429 16 23 0.020661354 
31 541 28 34 0.020650676 
744 191 9 12 0.020649632 
231 389 12 15 0.020529121 
840 214 9 12 0.02052589 
830 246 10 13 0.02040311 
437 268 14 17 0.020319289 
354 323 100 116 0.020152979 
728 88 6 8 0.020070972 
879 102 10 11 0.020052155 
760 159 8 10 0.020051522 
