5_Car_Accident_Accident_5_642
92
581 745 14 17 0.9447054 
59 672 13 17 0.84108126 
491 649 29 35 0.78284067 
540 747 10 13 0.7372287 
434 216 95 109 0.46982002 
493 617 14 19 0.39398098 
699 741 17 18 0.23698063 
477 717 12 16 0.182582 
545 764 10 12 0.18176655 
475 708 13 16 0.118746795 
752 636 10 13 0.09865241 
635 763 16 19 0.09191267 
825 407 135 103 0.08769795 
49 699 17 20 0.082550175 
633 770 17 19 0.07901535 
557 816 17 22 0.076778136 
455 764 10 12 0.07662616 
500 631 22 28 0.0688565 
367 726 11 14 0.06456138 
637 753 15 18 0.0645064 
212 422 50 53 0.062368695 
520 735 9 11 0.056934148 
80 78 234 295 0.05316837 
534 764 8 11 0.049346 
486 281 15 20 0.045361727 
589 642 10 12 0.04535541 
571 763 11 13 0.044948068 
792 1030 53 62 0.044880435 
695 773 12 14 0.044134397 
594 709 10 12 0.041666508 
550 761 9 11 0.040304523 
483 708 11 14 0.039841656 
199 869 30 35 0.038933568 
461 760 9 12 0.038489267 
541 758 11 13 0.038392942 
704 760 30 31 0.03820987 
169 994 32 38 0.0381472 
44 669 10 12 0.03762015 
276 581 439 475 0.036582697 
469 202 63 83 0.036365066 
66 676 12 15 0.036328092 
705 745 15 17 0.03532587 
569 704 9 11 0.03475161 
346 725 14 17 0.034630314 
599 790 46 54 0.034046467 
537 791 9 12 0.03380512 
265 731 15 18 0.033524726 
0 649 10 15 0.033163298 
527 759 10 12 0.032714996 
585 672 23 31 0.031573735 
614 759 9 11 0.03156075 
641 750 11 13 0.031368684 
428 243 12 15 0.03070773 
567 783 9 11 0.030058054 
633 749 11 13 0.029970713 
807 718 20 27 0.02932825 
529 764 9 11 0.029175315 
559 767 10 12 0.029007055 
494 632 14 16 0.028489977 
334 726 11 16 0.028298661 
32 603 184 236 0.027620658 
56 664 10 13 0.027142342 
407 619 9 11 0.026415227 
478 759 14 15 0.025982538 
415 623 8 9 0.02566559 
562 782 9 11 0.024218695 
357 732 12 15 0.023465114 
472 700 12 16 0.023411952 
609 759 8 10 0.02338273 
40 665 10 12 0.023277694 
480 639 28 37 0.023260042 
791 633 15 17 0.023245504 
486 629 12 16 0.023047602 
511 735 9 12 0.023006858 
574 722 12 14 0.02286967 
717 748 12 16 0.022828586 
391 235 52 63 0.022734541 
472 181 52 67 0.022548715 
359 725 11 15 0.022495462 
46 664 10 12 0.022383947 
709 769 17 18 0.022039505 
456 742 9 13 0.02145236 
491 261 15 15 0.02142476 
602 793 28 32 0.021245692 
336 717 9 12 0.021198153 
470 694 11 16 0.021141736 
473 723 11 14 0.021117168 
474 238 60 74 0.0209044 
592 715 11 13 0.020691246 
513 768 8 10 0.020620955 
452 718 10 13 0.020531699 
527 644 14 18 0.020167798 
