33_Running_Running_33_316
135
858 204 44 58 0.9978581 
760 153 48 65 0.9974438 
627 183 45 57 0.9972831 
404 186 44 55 0.9971329 
218 168 41 56 0.99500054 
154 186 39 54 0.9927159 
525 221 42 54 0.9908194 
853 114 14 19 0.9897558 
261 171 39 52 0.97562975 
326 173 26 35 0.97142845 
353 176 39 51 0.95008904 
894 122 13 17 0.94891727 
573 130 14 19 0.9247381 
693 152 19 24 0.91625625 
547 124 13 16 0.91389585 
428 125 15 18 0.912654 
477 232 38 41 0.88334316 
914 133 12 16 0.87101364 
666 132 15 20 0.78931427 
426 161 32 39 0.77646214 
819 114 14 16 0.74101603 
718 138 14 19 0.7251655 
285 103 13 18 0.71736765 
183 131 16 20 0.6164899 
459 121 12 14 0.51240313 
786 123 14 17 0.46748808 
35 114 13 16 0.3921417 
648 113 17 20 0.34168884 
103 159 11 14 0.2484967 
475 131 12 16 0.22588332 
780 121 23 28 0.19207919 
41 174 9 13 0.16593541 
511 139 11 13 0.14549592 
268 125 14 19 0.14033967 
771 311 22 27 0.12502216 
500 224 40 51 0.11742311 
472 127 11 15 0.11082406 
410 109 9 12 0.10188227 
815 118 14 19 0.10090792 
475 138 14 19 0.096683346 
674 62 10 12 0.09377275 
649 136 20 27 0.077771075 
652 125 16 21 0.07720034 
44 113 12 14 0.07677742 
324 135 13 18 0.07663472 
823 130 12 15 0.07642447 
383 99 8 10 0.06914908 
73 176 10 11 0.0683285 
138 206 15 23 0.06635021 
341 171 35 44 0.06563565 
480 101 11 14 0.06535697 
72 179 13 18 0.06448799 
365 137 14 16 0.062336706 
516 135 10 13 0.060840867 
502 90 14 17 0.05748057 
415 154 29 32 0.05707178 
614 326 38 43 0.055758182 
279 148 31 36 0.053337153 
98 158 9 13 0.049295 
376 95 8 11 0.048452817 
468 217 34 40 0.047773313 
593 123 12 16 0.04421939 
147 195 29 42 0.041529637 
898 391 16 20 0.04129448 
472 144 13 18 0.041139107 
647 144 13 18 0.03946519 
660 126 15 20 0.038124748 
96 208 11 13 0.03781412 
641 108 12 17 0.037536692 
505 139 12 15 0.037443575 
392 110 9 11 0.037321918 
925 227 26 33 0.03673116 
366 103 8 10 0.036521256 
51 111 11 14 0.036121286 
397 111 9 11 0.03611258 
326 107 11 14 0.035865095 
318 128 22 29 0.03398809 
118 156 11 15 0.033515904 
670 142 14 18 0.03337432 
103 170 11 13 0.032573227 
466 118 12 15 0.032343708 
376 114 11 13 0.03233911 
63 94 10 12 0.031123925 
818 118 19 25 0.030933814 
752 279 26 30 0.030819176 
110 173 9 12 0.029903326 
799 123 39 55 0.029481415 
505 163 23 27 0.028708674 
596 118 11 15 0.028596882 
512 128 10 13 0.028530775 
361 134 22 26 0.02798794 
697 30 10 14 0.027808191 
381 111 10 11 0.027467137 
216 103 10 14 0.027418831 
274 129 15 18 0.027131222 
493 99 12 14 0.026701437 
611 181 32 42 0.026687495 
757 0 13 11 0.025685713 
645 104 15 17 0.025578551 
460 215 24 32 0.025254196 
388 101 9 11 0.024507247 
683 207 25 29 0.024494158 
888 386 22 27 0.024357546 
469 86 9 11 0.024194954 
441 153 18 22 0.023896724 
464 86 10 12 0.023864496 
412 103 10 14 0.023441497 
952 165 10 13 0.023253554 
54 181 10 13 0.023221366 
397 116 9 12 0.023030235 
910 129 13 16 0.022975406 
947 235 13 16 0.022857727 
314 170 17 22 0.022702303 
508 84 13 19 0.022572173 
685 46 8 10 0.022241492 
316 164 13 17 0.022219403 
473 101 11 15 0.022068264 
467 202 32 37 0.021897368 
702 30 9 13 0.021810604 
702 37 9 12 0.021488456 
938 224 25 34 0.021289904 
454 128 12 16 0.021098299 
664 40 8 10 0.020963553 
43 177 12 16 0.020915382 
480 95 9 13 0.02073983 
647 32 8 9 0.020587377 
100 154 19 24 0.020567758 
496 92 13 16 0.020553658 
331 108 12 14 0.020494057 
407 94 8 10 0.020470658 
826 111 12 15 0.020276692 
897 123 17 22 0.020220218 
32 120 13 15 0.020194096 
675 65 12 14 0.020110255 
112 92 10 12 0.020032827 
