33_Running_Running_33_747
33
440 394 36 59 0.48379663 
613 423 45 57 0.3232757 
765 182 10 14 0.28538075 
305 426 28 35 0.22687748 
561 301 9 12 0.09972906 
597 305 15 19 0.07728944 
611 398 13 16 0.0698097 
333 406 33 37 0.0697516 
419 403 51 64 0.062495377 
788 191 11 14 0.053284857 
768 263 10 12 0.042891085 
786 195 13 17 0.041594315 
606 402 23 30 0.035183106 
611 413 32 44 0.03175719 
623 456 30 39 0.029136794 
765 311 9 11 0.029099109 
389 41 422 448 0.027633306 
824 237 8 10 0.024916451 
220 93 11 14 0.02474127 
888 203 28 31 0.024672754 
688 459 42 54 0.024476312 
333 410 16 21 0.023840033 
317 412 40 48 0.02379419 
564 295 10 13 0.023729581 
553 279 10 13 0.023708371 
4 605 12 17 0.02292225 
736 281 9 11 0.022193374 
793 256 8 10 0.021678409 
293 428 28 42 0.020966329 
782 208 12 15 0.020827971 
823 233 7 10 0.020727564 
618 304 15 19 0.020371357 
799 292 10 12 0.020057688 
