33_Running_Running_33_286
53
479 291 53 72 0.9989208 
70 342 11 14 0.11108366 
23 485 9 12 0.091064006 
148 485 9 11 0.086390935 
661 471 8 9 0.0755088 
865 477 7 9 0.07362905 
848 472 9 11 0.06873763 
823 485 8 10 0.061105352 
656 479 9 11 0.04777026 
873 476 8 10 0.04493068 
606 472 6 10 0.0428969 
920 472 7 9 0.042887192 
696 478 9 11 0.04188368 
818 472 7 9 0.038265955 
162 488 8 9 0.036383297 
889 471 8 9 0.035973985 
674 479 9 10 0.034137335 
1005 368 13 19 0.033990063 
716 476 10 13 0.03394683 
71 493 8 10 0.032924157 
818 479 7 10 0.032784656 
166 488 7 10 0.032394785 
677 473 8 10 0.031689577 
432 477 115 129 0.030633606 
853 472 8 10 0.030529685 
597 429 10 13 0.030123536 
657 465 7 9 0.02992463 
873 392 8 10 0.029901711 
638 472 8 9 0.029323628 
612 432 9 11 0.029274417 
855 592 11 14 0.027906736 
711 473 10 12 0.027341854 
792 471 7 10 0.02688668 
608 430 9 12 0.026802395 
696 576 10 12 0.025733788 
702 475 11 13 0.025581196 
54 493 8 10 0.025305822 
1008 407 10 13 0.02512138 
647 481 8 11 0.024900949 
85 486 8 10 0.024896884 
744 590 9 13 0.024670718 
806 479 8 9 0.024314981 
689 600 8 10 0.023925226 
733 480 8 10 0.023602953 
818 484 9 11 0.023472562 
674 471 8 11 0.02336878 
831 472 8 9 0.022137005 
866 409 8 10 0.02190139 
640 479 8 11 0.021768728 
703 575 9 12 0.02152484 
1010 988 9 13 0.021517849 
230 387 11 13 0.02036628 
661 479 8 10 0.020333568 
