33_Running_Running_33_771
23
418 339 109 135 0.9999248 
330 136 99 134 0.9998801 
122 395 43 62 0.30251783 
14 544 79 123 0.21222834 
27 15 202 273 0.15916784 
338 804 428 560 0.14264318 
393 855 157 156 0.111567214 
130 521 88 118 0.09564185 
364 861 236 283 0.083801486 
854 171 165 260 0.061545685 
355 864 58 82 0.055303875 
-44 -104 361 435 0.04770087 
101 372 55 78 0.04306986 
24 943 56 73 0.03155217 
133 595 47 61 0.03047228 
163 342 29 35 0.030429265 
699 -2 108 114 0.029699543 
181 717 59 86 0.027548391 
151 588 29 37 0.025552804 
-4 471 162 251 0.02373414 
63 343 94 126 0.022843765 
983 477 40 71 0.021000316 
130 368 53 74 0.02020384 
