33_Running_Running_33_341
38
510 256 68 93 0.9966859 
814 606 30 45 0.0687241 
450 992 8 10 0.068021834 
431 980 11 12 0.04233982 
432 952 9 10 0.037841856 
914 870 10 11 0.036898185 
439 974 8 11 0.034149162 
548 526 36 36 0.033864126 
1012 875 10 15 0.033072755 
433 999 9 11 0.03279105 
799 1007 8 10 0.031748574 
456 0 118 140 0.030913673 
351 1014 10 11 0.03050015 
437 1004 11 12 0.030008942 
432 958 9 10 0.029963948 
942 839 9 11 0.029514866 
759 992 9 10 0.028771972 
4 1069 12 15 0.026820801 
910 832 8 9 0.026212947 
768 1005 9 11 0.025303114 
767 998 9 11 0.024481298 
416 997 10 11 0.02430552 
703 1059 9 12 0.023982074 
118 285 30 35 0.023001624 
864 353 216 267 0.022621429 
409 918 8 10 0.0225912 
680 947 9 12 0.02212409 
766 992 8 9 0.02211102 
441 967 9 10 0.021949451 
432 988 10 12 0.021818986 
912 864 10 12 0.021758562 
471 999 9 10 0.021012357 
769 1013 9 12 0.020760257 
511 998 9 10 0.020272369 
456 951 9 11 0.020192077 
936 837 9 11 0.02018165 
672 1053 10 11 0.020105721 
16 1191 56 63 0.020011555 
