11_Meeting_Meeting_11_Meeting_Meeting_11_385
201
943 248 49 83 0.9994116 
830 90 25 34 0.9971276 
160 209 29 47 0.99567837 
771 216 39 44 0.9925148 
656 161 24 30 0.9885289 
834 219 37 41 0.987833 
711 170 24 35 0.98306435 
281 180 23 33 0.97563964 
432 102 9 12 0.9571606 
361 153 15 21 0.9546082 
772 146 13 16 0.9339285 
802 175 25 36 0.9213404 
37 263 49 71 0.9191206 
911 162 14 18 0.90091085 
288 172 23 30 0.88324773 
384 148 13 17 0.87887573 
69 226 40 54 0.837716 
600 147 11 14 0.8341818 
758 145 12 17 0.804409 
959 164 17 19 0.8007928 
297 168 20 26 0.7996822 
705 111 10 14 0.79918337 
620 146 13 17 0.72186863 
737 100 8 12 0.6851396 
575 107 9 12 0.6425832 
791 136 10 14 0.6418207 
661 134 13 17 0.6025353 
454 146 9 13 0.5974288 
885 178 15 19 0.51923764 
644 158 13 18 0.4900409 
550 106 10 13 0.39208832 
583 150 9 12 0.38241428 
591 169 10 14 0.35251838 
971 162 14 17 0.32556173 
324 197 17 22 0.29416195 
307 112 17 21 0.27528557 
788 168 15 18 0.25659376 
868 216 34 41 0.23673625 
826 210 24 37 0.23407744 
525 103 8 12 0.21007897 
654 140 13 17 0.20334537 
565 184 9 12 0.20224458 
736 138 10 14 0.20112579 
795 164 15 19 0.19679885 
514 114 13 17 0.19306256 
812 118 16 23 0.18023984 
817 376 62 49 0.17684382 
715 161 19 26 0.17187326 
761 222 31 37 0.16979167 
1008 172 13 20 0.16490814 
645 149 13 17 0.16031863 
434 174 9 12 0.1532952 
518 108 12 15 0.14613746 
792 168 23 28 0.14072488 
662 130 9 11 0.13967986 
616 144 12 15 0.1377093 
738 179 12 16 0.13619326 
376 169 13 17 0.13517687 
196 263 29 33 0.13129021 
784 606 80 63 0.1300139 
649 153 21 27 0.1251082 
53 237 49 70 0.113877155 
575 180 10 12 0.11274405 
711 132 11 14 0.10899176 
594 137 8 10 0.10453629 
753 224 25 32 0.104425 
313 95 9 11 0.100288175 
418 23 23 27 0.09446526 
815 181 27 31 0.09100954 
710 140 13 15 0.08835648 
714 109 9 12 0.08596376 
438 169 9 11 0.079609595 
629 143 9 13 0.07626029 
370 18 26 27 0.075310946 
315 119 13 17 0.07437906 
788 178 27 31 0.07284164 
491 181 11 13 0.0710931 
578 150 9 11 0.07042937 
648 143 12 16 0.06950178 
764 143 16 22 0.068181425 
741 141 11 15 0.067733586 
570 109 8 12 0.065362334 
593 165 13 16 0.06459047 
583 174 9 11 0.06393042 
407 176 10 12 0.06334312 
653 144 23 28 0.063157186 
400 180 12 13 0.062014744 
580 179 10 13 0.06049754 
556 108 11 13 0.05849865 
511 110 12 15 0.057818986 
310 101 13 16 0.05743424 
809 118 12 16 0.055774063 
810 112 9 11 0.055507664 
609 209 15 18 0.053901657 
606 165 12 16 0.050789174 
802 119 21 28 0.050294265 
324 190 14 19 0.04893044 
503 103 9 12 0.047492232 
504 115 10 14 0.047466025 
593 141 10 13 0.047313143 
557 102 11 13 0.046163622 
28 0 13 11 0.04595149 
751 143 11 14 0.043688856 
560 203 8 11 0.041925155 
304 108 14 19 0.040805776 
293 343 54 92 0.040061355 
819 583 116 105 0.039721806 
710 146 15 18 0.039521154 
512 120 11 14 0.0393256 
181 265 41 52 0.038330708 
603 154 13 16 0.03832331 
789 136 18 21 0.037999097 
801 163 17 23 0.037859738 
412 175 9 12 0.03780577 
451 143 9 13 0.037742727 
581 190 13 15 0.037716117 
437 215 10 14 0.037549525 
559 197 11 14 0.037524518 
589 93 9 11 0.036700353 
454 241 330 423 0.036177564 
314 108 14 20 0.03609533 
783 176 16 21 0.035737067 
587 194 15 16 0.035325002 
759 295 36 37 0.033762053 
388 189 13 13 0.033170585 
709 156 17 21 0.033125404 
525 112 12 19 0.032298382 
432 178 9 11 0.03223027 
990 189 15 19 0.030480655 
349 306 28 33 0.030229708 
737 162 14 17 0.030148303 
904 207 26 33 0.029590359 
559 97 9 11 0.029358353 
547 103 9 13 0.02900239 
560 128 10 12 0.028968005 
354 28 12 16 0.028900854 
853 246 28 33 0.028884599 
322 15 26 27 0.02873891 
878 584 62 83 0.028582774 
933 181 12 16 0.02839957 
702 121 11 14 0.027879244 
809 78 9 10 0.02742123 
1013 167 11 18 0.027336577 
599 212 14 16 0.027196443 
981 189 26 29 0.02712581 
551 190 9 13 0.027112449 
791 113 9 12 0.027021458 
504 109 10 14 0.026849885 
698 115 11 15 0.026419017 
826 201 18 28 0.026402747 
429 98 16 21 0.026023868 
28 352 45 65 0.025759075 
305 103 11 15 0.025357418 
559 180 18 22 0.025322247 
584 145 10 12 0.025136214 
568 115 9 12 0.025115961 
575 82 97 118 0.02498238 
189 248 26 33 0.024963038 
47 13 11 12 0.024949277 
664 138 13 17 0.024671411 
885 157 9 13 0.024382755 
800 124 12 14 0.024380185 
459 149 9 12 0.02407891 
390 171 12 14 0.0240766 
315 410 15 21 0.023791023 
11 0 14 12 0.02363908 
628 164 13 17 0.023446705 
369 155 14 18 0.02341489 
518 103 19 26 0.023347758 
697 125 10 13 0.023135312 
404 187 12 14 0.0231183 
437 148 11 14 0.022946663 
188 248 15 19 0.02292182 
498 115 11 15 0.022595497 
511 103 11 14 0.022234693 
575 187 11 14 0.022139393 
449 143 19 23 0.022095991 
580 104 9 11 0.022085343 
821 213 17 25 0.021777807 
396 185 14 15 0.021723043 
498 103 8 12 0.02169418 
551 126 8 11 0.02160553 
329 193 24 27 0.021594403 
204 252 15 20 0.021407034 
571 104 19 24 0.021336569 
374 233 13 17 0.02131622 
424 182 8 10 0.021238972 
589 157 12 14 0.021228777 
607 200 11 14 0.02119055 
825 169 28 33 0.02103007 
527 120 11 15 0.02099128 
854 231 34 35 0.020922888 
661 274 13 21 0.020837517 
438 158 10 12 0.020732388 
816 101 9 13 0.020583931 
929 609 34 57 0.020515537 
701 138 13 16 0.020388585 
188 231 14 22 0.020332485 
598 140 18 23 0.020237977 
723 173 21 28 0.020071905 
851 257 25 36 0.020017948 
