11_Meeting_Meeting_11_Meeting_Meeting_11_774
918
14 601 51 57 0.9954269 
233 411 17 22 0.9911184 
449 436 19 24 0.972154 
348 419 16 19 0.9691078 
708 415 15 20 0.96834373 
741 396 17 22 0.9620028 
566 472 21 27 0.95429045 
597 406 14 17 0.9498829 
402 439 21 27 0.94294286 
601 442 20 26 0.9310938 
499 421 17 23 0.93087924 
652 362 11 15 0.9290651 
475 394 14 19 0.89769936 
801 372 12 16 0.8843069 
391 410 16 21 0.8720591 
298 424 16 21 0.87179196 
831 310 8 11 0.8612672 
790 353 12 14 0.8347539 
454 379 11 15 0.81611377 
196 374 12 16 0.8158245 
508 365 10 14 0.8071697 
397 389 12 15 0.7504179 
174 357 12 16 0.7451157 
820 373 11 15 0.743585 
271 348 12 15 0.74160194 
441 336 8 10 0.7400569 
424 388 12 15 0.7320524 
582 388 12 16 0.7106241 
884 324 11 16 0.70501196 
826 393 14 17 0.70254433 
545 345 9 11 0.69999653 
109 378 10 13 0.6878562 
274 404 15 20 0.68035924 
366 404 13 16 0.6789117 
481 369 10 13 0.6763492 
411 358 11 14 0.6589499 
231 372 12 15 0.62812096 
764 391 14 19 0.62264633 
522 349 8 11 0.62123376 
126 388 12 17 0.61816657 
208 425 12 17 0.612647 
102 355 13 16 0.56433177 
109 308 7 10 0.55784345 
670 308 8 11 0.54301393 
526 420 14 17 0.5394406 
61 354 11 14 0.5277825 
508 388 13 17 0.5002218 
543 465 19 27 0.49545944 
285 371 9 14 0.49335036 
132 352 10 13 0.4730624 
100 396 11 15 0.4698567 
299 389 13 18 0.45385554 
428 410 13 18 0.4491668 
944 328 11 14 0.44786903 
374 342 9 12 0.44616348 
647 450 16 20 0.44574845 
783 298 9 12 0.44198433 
238 338 9 13 0.43748403 
576 358 9 12 0.4362679 
533 364 9 12 0.43320358 
329 351 10 12 0.42820877 
462 508 22 28 0.42603207 
250 381 13 17 0.41245455 
430 350 8 11 0.4089167 
357 343 9 12 0.40354714 
47 371 13 18 0.40082455 
582 382 10 13 0.39861396 
659 391 12 15 0.39607963 
420 334 8 12 0.3911257 
68 370 12 16 0.390682 
719 371 12 16 0.3657935 
109 337 8 11 0.36152706 
628 397 11 17 0.35926908 
743 359 9 12 0.34265083 
479 357 11 13 0.3409565 
846 365 11 14 0.34082237 
66 379 12 17 0.33653384 
333 461 13 17 0.33363947 
301 340 9 12 0.32671902 
530 334 9 11 0.3236103 
312 459 16 20 0.31615403 
324 375 11 14 0.31455168 
502 348 8 10 0.31155273 
232 367 12 14 0.30925694 
617 349 9 12 0.30688787 
471 428 13 17 0.2937082 
327 328 8 10 0.29255003 
735 346 9 13 0.28708535 
157 343 9 12 0.2830242 
356 347 11 14 0.2821507 
559 416 15 19 0.2797576 
417 303 7 10 0.27936783 
253 339 10 13 0.2789243 
426 392 13 18 0.27742833 
461 332 9 12 0.27702132 
565 382 10 13 0.27445593 
632 349 8 11 0.2712484 
497 348 9 11 0.2673712 
376 366 12 15 0.2624489 
350 372 11 14 0.25954777 
13 96 7 10 0.25901657 
369 334 9 11 0.2579982 
68 350 10 12 0.25625163 
149 402 12 17 0.25409675 
376 346 10 13 0.24659018 
326 332 8 11 0.24219449 
184 342 8 10 0.24218953 
1 374 15 20 0.24190506 
304 357 11 15 0.24133395 
380 370 11 14 0.23207542 
93 101 8 11 0.2260095 
481 352 8 11 0.22246197 
430 443 13 19 0.21914308 
144 366 11 15 0.21779345 
457 355 10 13 0.2147884 
278 340 10 12 0.21459234 
437 410 13 18 0.21407197 
158 348 9 12 0.21204916 
583 430 13 18 0.21166871 
532 464 23 28 0.20795916 
297 334 8 11 0.20579125 
214 304 7 9 0.20516066 
295 328 8 10 0.20258132 
542 389 12 15 0.20207717 
404 339 9 13 0.19314818 
447 103 13 16 0.19069806 
417 325 9 11 0.19056311 
646 297 7 10 0.18911704 
230 356 11 13 0.18736887 
143 119 8 10 0.18468158 
245 361 10 14 0.18171859 
525 309 8 10 0.18140969 
116 414 13 15 0.17554337 
887 347 13 17 0.1734485 
771 348 12 15 0.17157046 
157 394 12 16 0.1713957 
704 357 9 12 0.16547379 
579 409 11 17 0.16410694 
152 342 9 11 0.16241422 
860 413 9 12 0.16167909 
642 296 7 10 0.16118464 
321 335 8 10 0.15924536 
661 436 15 21 0.15837389 
343 398 12 16 0.15786135 
334 301 8 11 0.15742366 
201 342 10 13 0.15709344 
509 360 9 12 0.15698594 
567 341 8 11 0.15509632 
570 442 13 18 0.15359618 
94 389 14 16 0.15340638 
416 320 8 10 0.15283473 
630 344 9 12 0.15133598 
357 439 14 18 0.14853802 
348 364 12 15 0.1475153 
628 434 13 17 0.14476179 
392 326 9 11 0.14305848 
781 370 13 15 0.1423368 
127 433 16 19 0.14130504 
522 304 8 10 0.14023727 
264 327 8 11 0.13834031 
130 334 7 10 0.1377354 
461 352 9 12 0.13750243 
559 358 8 10 0.13731241 
345 326 8 11 0.13713895 
248 335 10 13 0.13614595 
796 350 9 13 0.13512014 
144 341 10 11 0.13376883 
280 367 11 14 0.13336337 
604 373 12 15 0.1331715 
85 411 11 14 0.13126156 
705 352 9 11 0.13116394 
540 418 12 16 0.13051552 
633 357 10 13 0.13039662 
78 395 11 14 0.12893608 
781 402 15 20 0.12885612 
631 412 12 16 0.12762487 
903 380 13 18 0.12739445 
308 361 11 15 0.12593709 
565 373 10 12 0.12464796 
118 325 7 9 0.1211865 
513 332 10 12 0.118997954 
629 391 10 14 0.11695327 
302 349 9 12 0.11665006 
517 328 9 12 0.116245225 
670 402 12 18 0.11619451 
683 473 15 19 0.11470167 
251 396 13 15 0.11445375 
401 336 10 12 0.11341547 
473 335 8 11 0.11325662 
248 327 7 9 0.11317203 
333 309 10 12 0.11266608 
828 341 13 17 0.11207977 
210 328 8 9 0.11088385 
302 327 8 10 0.11079972 
127 118 8 11 0.10816444 
904 359 9 11 0.10736626 
431 356 10 14 0.10712488 
559 367 11 14 0.1064981 
730 348 9 12 0.10632165 
221 317 9 11 0.10572852 
332 355 10 14 0.10552166 
532 413 15 20 0.10443548 
621 348 9 12 0.104206845 
679 437 13 17 0.10225887 
478 334 8 11 0.10167561 
740 349 9 12 0.10068883 
40 387 10 14 0.10054039 
446 404 13 18 0.10002567 
233 335 9 12 0.09919445 
221 428 10 12 0.098119535 
222 392 10 13 0.09798381 
712 370 11 15 0.097638115 
529 328 9 11 0.09657458 
599 401 11 14 0.09571106 
709 366 11 15 0.09453878 
247 141 10 13 0.09388143 
214 328 7 10 0.09385702 
214 309 9 12 0.092389345 
92 382 13 16 0.09210865 
131 383 11 14 0.08991206 
422 340 9 11 0.089410566 
160 369 11 14 0.0891134 
639 372 9 12 0.088761844 
182 394 13 16 0.088730246 
474 339 9 12 0.087064944 
239 141 10 13 0.08653744 
838 7 13 14 0.08619682 
367 328 9 11 0.08590049 
536 388 10 13 0.085562035 
252 421 14 17 0.08493838 
435 374 12 14 0.084751226 
672 51 9 12 0.08422476 
333 296 8 10 0.08363455 
207 405 11 14 0.083458096 
416 309 8 11 0.08220134 
807 388 10 12 0.08124683 
615 344 9 11 0.080834255 
262 333 9 12 0.07969205 
877 348 14 18 0.07886185 
815 375 13 17 0.07860797 
824 333 10 12 0.078567855 
181 349 11 13 0.07809306 
176 403 12 14 0.077853814 
424 403 13 18 0.07770148 
301 382 11 15 0.07765838 
741 475 17 18 0.07706478 
600 347 9 12 0.07698813 
249 136 9 12 0.076775715 
350 334 8 10 0.0767222 
352 111 9 12 0.076605596 
113 324 8 10 0.07653666 
163 396 10 14 0.07621072 
800 344 9 11 0.07605314 
397 324 10 12 0.07586978 
112 318 9 12 0.075867176 
229 126 9 10 0.07576483 
472 382 11 15 0.075702086 
148 383 10 13 0.07515713 
528 358 8 11 0.07490725 
600 380 12 14 0.07416878 
307 421 13 20 0.07358879 
361 403 11 16 0.07295504 
133 335 9 10 0.07285101 
652 444 15 21 0.07269435 
121 344 8 11 0.07242454 
158 336 8 10 0.071693376 
561 342 8 10 0.0714539 
143 428 10 13 0.07101553 
42 381 10 14 0.0699503 
223 326 8 11 0.0696053 
351 102 8 10 0.06926542 
773 401 13 17 0.06868238 
205 346 9 12 0.06864661 
150 388 11 14 0.06844467 
693 403 12 20 0.06832336 
232 140 11 13 0.06817103 
765 383 13 16 0.06805183 
456 328 9 12 0.067717545 
108 361 11 14 0.06733904 
213 403 12 14 0.06724665 
343 364 11 14 0.06682594 
302 459 11 16 0.0667037 
605 367 11 13 0.0663107 
345 333 8 10 0.066042885 
272 388 10 13 0.065888725 
446 387 10 12 0.06560315 
526 317 8 11 0.0655918 
431 363 9 12 0.06551195 
717 436 12 16 0.06540115 
687 346 11 13 0.064678 
613 374 10 13 0.06443348 
334 317 8 11 0.06421226 
149 370 9 12 0.06387425 
786 300 10 12 0.06355162 
39 102 8 9 0.06334625 
615 411 10 13 0.063046165 
694 349 9 11 0.06275666 
360 381 10 13 0.062122885 
701 380 10 14 0.062086947 
69 345 10 12 0.06155435 
392 383 12 15 0.061338864 
364 385 13 15 0.061179943 
0 391 11 20 0.06091063 
772 434 15 18 0.060470577 
851 370 10 13 0.06037158 
784 349 12 15 0.060324356 
55 395 11 13 0.060118325 
399 321 10 11 0.060059544 
164 411 12 16 0.059974186 
1 355 10 15 0.059616193 
598 387 12 15 0.059544936 
213 132 9 10 0.05928439 
127 342 8 11 0.059008993 
773 343 11 13 0.059007086 
334 397 12 17 0.05887318 
117 321 7 10 0.05866574 
63 384 12 16 0.058617476 
102 319 9 12 0.058539297 
150 419 11 15 0.058327954 
480 328 8 11 0.0581164 
441 319 9 11 0.058080506 
12 340 10 15 0.057642482 
133 419 10 13 0.057640765 
128 329 8 11 0.05699172 
297 347 10 12 0.056916017 
322 327 7 10 0.05609848 
207 333 9 11 0.05578432 
165 404 10 14 0.055633992 
27 310 10 12 0.05550381 
98 324 9 11 0.05532897 
717 302 8 10 0.055176117 
258 127 7 9 0.055044774 
824 346 11 14 0.05461263 
210 309 8 12 0.054382466 
345 320 8 11 0.054205548 
165 118 8 10 0.054188315 
280 327 7 9 0.054152016 
695 372 11 14 0.05396454 
176 389 11 14 0.053604357 
755 371 11 13 0.053545807 
695 358 10 13 0.053504672 
827 333 13 15 0.053407658 
504 370 10 13 0.053017616 
484 356 10 13 0.053005297 
662 403 12 17 0.052956898 
679 467 15 19 0.052749272 
183 111 6 9 0.05261807 
692 435 13 17 0.052610584 
216 398 11 14 0.05240922 
375 442 14 20 0.05239314 
1 442 11 19 0.0523171 
685 436 12 17 0.052118868 
770 389 13 17 0.05207672 
68 357 12 14 0.052010827 
66 110 8 10 0.051982354 
75 365 11 15 0.05183512 
306 393 12 17 0.051670413 
369 339 11 14 0.051663335 
566 367 11 14 0.051524993 
28 331 12 14 0.05147438 
375 356 10 14 0.051447988 
525 404 12 14 0.051400196 
624 344 8 12 0.051382218 
432 325 9 11 0.051304225 
125 414 12 15 0.051288426 
83 419 15 21 0.051262558 
385 320 8 10 0.051047523 
447 327 8 11 0.05100702 
112 411 12 16 0.05079525 
159 435 14 19 0.050751977 
881 321 10 14 0.050604336 
487 333 9 11 0.050441228 
401 393 12 17 0.050043836 
817 342 9 12 0.050026827 
237 389 11 14 0.04969432 
199 336 10 12 0.049644247 
327 459 13 17 0.049641475 
460 429 14 19 0.04929067 
485 351 9 12 0.049237337 
420 302 9 10 0.049219348 
533 382 11 14 0.049198944 
737 356 10 13 0.04910241 
334 119 7 10 0.048698675 
350 356 12 15 0.048409343 
434 423 16 19 0.048399415 
704 362 11 15 0.048248783 
98 356 10 13 0.04813135 
275 353 12 15 0.04811023 
782 342 9 12 0.048052333 
476 380 12 16 0.04792489 
369 467 15 19 0.047874797 
366 473 16 20 0.04780707 
191 356 9 12 0.047666483 
723 366 12 16 0.04764275 
391 321 8 11 0.047581494 
176 335 7 9 0.047556728 
295 460 12 15 0.0474547 
277 381 11 14 0.047382914 
109 383 12 17 0.047071587 
1 128 10 14 0.046939164 
184 336 7 9 0.046889324 
561 388 10 12 0.04688483 
175 380 11 14 0.046771124 
243 417 13 18 0.0467237 
312 111 7 9 0.046714466 
429 382 11 14 0.046646792 
370 288 8 10 0.04658371 
129 393 13 17 0.046478987 
336 362 10 14 0.046393495 
717 325 10 12 0.04633276 
648 412 10 14 0.046247058 
562 423 15 20 0.04583352 
537 395 11 14 0.045569766 
473 364 11 14 0.04549407 
109 352 8 11 0.045403846 
781 377 14 15 0.04535737 
846 421 12 13 0.04527816 
516 394 12 16 0.045112833 
547 392 13 17 0.045009326 
179 362 11 14 0.04500682 
535 371 9 13 0.044853278 
465 395 11 16 0.044784218 
273 152 8 9 0.04451864 
880 328 12 15 0.04450182 
192 368 9 11 0.044495206 
155 400 13 18 0.044467963 
296 135 7 10 0.044433407 
253 377 10 12 0.044385437 
206 413 12 16 0.044373687 
560 336 9 12 0.044051588 
629 334 8 10 0.04367094 
344 423 14 19 0.043657962 
781 336 9 11 0.043648742 
344 371 11 15 0.043460965 
425 95 7 9 0.043380544 
661 429 14 18 0.043346003 
430 111 10 13 0.043260377 
368 317 8 11 0.04300908 
96 402 12 16 0.043000355 
297 359 10 13 0.042756964 
241 328 8 9 0.04273117 
954 362 14 17 0.042725436 
739 342 11 14 0.042692818 
156 410 14 17 0.042634472 
230 135 11 14 0.042583242 
386 326 8 10 0.04235332 
408 351 10 12 0.04225032 
345 102 7 10 0.042173292 
374 317 8 11 0.042084903 
795 420 12 17 0.042019945 
85 395 12 16 0.042017803 
230 390 12 14 0.04173967 
282 407 13 18 0.041728318 
301 402 13 16 0.041727595 
751 364 12 16 0.041723657 
12 111 11 13 0.04167853 
47 351 9 12 0.04150676 
5 152 10 13 0.041475277 
145 386 10 14 0.041428987 
760 46 9 11 0.041398495 
113 118 7 10 0.041229013 
117 372 10 14 0.041164365 
13 333 11 15 0.041106053 
551 366 10 15 0.041079964 
205 390 9 12 0.04097028 
575 374 10 12 0.040924028 
525 470 17 22 0.040257428 
788 389 12 14 0.04000095 
334 335 9 10 0.03971151 
646 404 12 15 0.039614778 
431 344 8 10 0.039282154 
267 349 9 12 0.039280504 
318 339 9 12 0.039237764 
676 395 13 19 0.039041646 
0 366 11 18 0.038986035 
326 397 12 16 0.038775574 
10 377 13 19 0.038717486 
535 405 12 15 0.038691457 
580 358 9 11 0.038628627 
760 63 9 11 0.038514704 
705 333 8 11 0.03849339 
446 398 12 14 0.038493045 
753 336 9 11 0.03845789 
408 319 7 10 0.038423445 
543 339 17 22 0.03839223 
217 315 9 12 0.038384527 
269 327 9 10 0.038349308 
686 410 15 19 0.03834173 
166 365 10 14 0.03825751 
373 287 8 11 0.03824691 
521 317 9 11 0.03816299 
289 152 9 10 0.03814622 
550 412 12 18 0.037884984 
786 396 13 17 0.037783198 
505 360 17 23 0.037738264 
603 384 13 16 0.037719563 
452 399 12 15 0.037637383 
431 320 8 11 0.03758936 
394 423 16 20 0.037565824 
370 408 13 17 0.0375565 
121 391 12 17 0.03742292 
108 405 12 17 0.03729704 
518 99 11 13 0.03727682 
555 471 17 25 0.037252776 
790 378 11 15 0.03716468 
4 346 13 18 0.037135556 
117 365 11 13 0.03713113 
872 348 12 17 0.036961988 
238 358 10 13 0.036911745 
711 326 9 12 0.03687559 
165 380 11 13 0.036848586 
421 320 8 10 0.036823776 
342 435 12 18 0.03681526 
273 334 8 10 0.03679803 
645 397 11 15 0.036790106 
248 129 8 9 0.03675022 
289 134 7 9 0.036720116 
312 335 8 11 0.036598157 
312 327 7 10 0.03659749 
606 344 9 11 0.036556415 
245 436 11 12 0.036444094 
704 328 8 11 0.036381565 
157 419 14 18 0.036306992 
552 358 9 11 0.036299013 
178 342 8 10 0.03623149 
188 389 12 17 0.036033835 
832 7 11 13 0.03601336 
746 358 12 14 0.035977896 
494 365 10 13 0.035901915 
438 395 11 15 0.03582055 
613 334 9 11 0.03567814 
723 377 12 16 0.035624176 
282 474 16 20 0.035617415 
693 397 12 16 0.03557483 
752 318 9 12 0.035524745 
328 320 10 11 0.03543375 
816 396 11 14 0.035422344 
548 384 10 12 0.03529876 
527 341 9 12 0.035273097 
625 487 23 26 0.03502084 
776 408 13 18 0.034929927 
348 326 9 12 0.034929816 
622 429 14 19 0.0347625 
486 328 9 11 0.03462764 
558 517 14 20 0.034569483 
199 395 10 12 0.03446298 
350 439 14 20 0.03443116 
704 288 8 10 0.034347773 
475 423 13 19 0.034307286 
493 357 11 13 0.03423984 
33 101 9 11 0.034192424 
640 365 10 13 0.03401003 
634 418 12 15 0.03390324 
812 426 11 16 0.033857025 
638 285 8 10 0.03375228 
672 335 8 10 0.033678666 
29 387 13 16 0.033645853 
313 321 7 8 0.033605397 
789 318 8 11 0.033463396 
533 327 9 12 0.0334195 
668 389 10 15 0.033407044 
826 373 10 14 0.033399552 
138 117 9 12 0.03335253 
289 327 8 10 0.033301298 
752 341 10 13 0.033266366 
785 319 8 11 0.03323955 
798 397 10 13 0.03323893 
661 383 11 14 0.033236735 
206 398 10 11 0.03322168 
548 426 13 19 0.033198833 
327 120 8 9 0.033091348 
8 116 11 13 0.032850757 
768 354 11 15 0.03278796 
320 320 7 10 0.032727145 
255 159 9 11 0.0326733 
442 102 11 14 0.032549072 
717 333 11 13 0.032407265 
436 439 18 24 0.032368477 
739 463 22 26 0.032252647 
412 412 10 14 0.03222789 
827 380 12 16 0.032196272 
511 341 8 11 0.032139562 
83 455 18 20 0.03203152 
909 359 10 11 0.032030687 
280 135 7 10 0.032020092 
163 149 12 16 0.03188943 
191 333 8 11 0.031838268 
556 407 14 16 0.03182909 
647 419 11 14 0.031670842 
550 404 13 17 0.031509172 
162 389 12 16 0.031392265 
543 433 14 17 0.03111301 
652 508 15 18 0.031089999 
361 326 9 12 0.031041922 
356 374 10 14 0.031022295 
180 380 11 15 0.03086752 
460 375 11 14 0.030854313 
225 332 8 11 0.030764371 
271 398 13 17 0.030698886 
446 374 11 14 0.030628804 
560 351 8 11 0.030561006 
302 372 11 13 0.030529577 
414 368 12 16 0.03048372 
293 410 13 17 0.030436523 
685 394 13 18 0.03036883 
436 357 10 13 0.03033015 
63 363 14 17 0.03029859 
100 406 14 21 0.030240908 
891 324 10 14 0.03022797 
32 117 9 12 0.030191725 
576 478 15 21 0.030094571 
460 388 11 16 0.030006746 
338 463 15 19 0.02998752 
653 402 12 16 0.029938795 
884 373 12 13 0.029906109 
314 445 13 17 0.029880678 
350 137 9 11 0.029870106 
885 362 13 15 0.029795965 
64 127 10 12 0.029708477 
684 380 11 15 0.029700976 
704 293 8 10 0.029690696 
520 420 13 18 0.02964928 
261 127 8 10 0.029620456 
852 357 12 14 0.029536746 
383 137 9 11 0.029526865 
607 333 10 11 0.02952385 
632 294 7 10 0.02950665 
705 342 10 12 0.029420177 
27 314 12 15 0.029408857 
668 427 12 17 0.02937684 
676 461 15 18 0.029375235 
566 394 12 15 0.029361315 
575 534 12 14 0.029355733 
830 326 10 13 0.029334502 
679 386 12 17 0.029320154 
918 357 8 12 0.02931082 
480 126 10 13 0.029306844 
246 452 15 19 0.029259296 
88 387 12 17 0.029188536 
372 151 10 14 0.029180974 
678 429 12 16 0.029100649 
389 374 11 13 0.029096523 
878 365 10 13 0.029095903 
662 498 16 18 0.029066065 
430 101 8 11 0.02905533 
404 410 12 17 0.028970882 
358 287 8 10 0.02895513 
284 375 12 17 0.028825583 
842 369 11 14 0.028673857 
144 410 12 17 0.028664378 
711 317 10 13 0.028540462 
620 411 13 16 0.028508922 
1 382 16 23 0.028428402 
148 425 12 16 0.028408932 
46 112 8 10 0.02839742 
614 366 9 12 0.028390273 
46 117 9 11 0.028350908 
274 143 7 10 0.028310394 
334 341 10 12 0.028308617 
168 352 10 11 0.028273458 
696 302 9 11 0.028212525 
863 354 10 14 0.028151039 
79 425 15 20 0.028083857 
114 113 7 9 0.028076401 
407 110 8 10 0.027965834 
828 304 19 24 0.027913406 
833 394 12 15 0.027870458 
456 339 9 11 0.027858803 
255 328 8 10 0.0276358 
278 143 8 10 0.027593186 
361 318 8 10 0.027584437 
710 333 9 11 0.027559696 
226 373 10 14 0.027527507 
176 329 7 10 0.027499216 
325 383 11 17 0.027484963 
135 373 10 13 0.02745109 
381 388 11 16 0.027427055 
731 449 14 20 0.02742427 
413 351 10 12 0.02732048 
568 350 8 10 0.027311208 
789 425 14 17 0.027234532 
699 436 11 15 0.027136173 
702 484 13 17 0.027065462 
254 346 9 12 0.026985051 
773 381 12 14 0.026891528 
392 392 13 17 0.026854783 
143 348 10 12 0.026831914 
360 310 9 12 0.026813366 
631 286 8 11 0.02679075 
654 434 16 21 0.026724968 
752 323 10 12 0.02672411 
342 380 11 12 0.026716132 
756 422 13 14 0.026708055 
402 365 9 12 0.02670603 
602 398 13 15 0.026683398 
253 141 8 11 0.026679298 
405 133 10 12 0.026678657 
907 374 12 16 0.026650239 
528 371 10 13 0.026636824 
632 361 9 13 0.02660269 
837 318 9 12 0.026563851 
646 341 8 11 0.026522918 
76 392 20 26 0.026482457 
158 424 19 25 0.026377888 
66 105 9 10 0.026329499 
575 353 8 11 0.026240982 
726 355 11 13 0.026223915 
577 389 11 14 0.026205925 
439 389 11 14 0.026151685 
384 103 8 10 0.026126156 
129 347 17 23 0.026120603 
135 342 8 11 0.026095504 
438 365 10 13 0.026032649 
231 111 7 9 0.026022956 
565 541 11 14 0.025956158 
757 428 13 16 0.02588501 
419 440 14 21 0.02588433 
776 336 10 11 0.025878428 
723 435 13 17 0.025854498 
168 335 8 10 0.025852721 
368 278 9 11 0.025846958 
536 342 8 11 0.025742605 
262 342 9 11 0.025711253 
263 396 9 13 0.025684932 
505 430 15 19 0.025635581 
152 337 8 10 0.02561275 
285 341 9 12 0.025597459 
385 332 9 11 0.025502553 
702 372 11 16 0.025477719 
94 453 13 17 0.025391683 
932 378 11 14 0.025254147 
315 471 17 19 0.025203759 
712 296 8 9 0.025198113 
542 365 10 14 0.025189476 
524 398 11 15 0.02515501 
128 400 12 16 0.02502517 
45 134 9 11 0.0250231 
350 96 8 10 0.025006784 
373 386 13 17 0.024978757 
747 390 14 18 0.024969613 
369 111 8 10 0.02495923 
211 431 14 17 0.02494659 
252 413 13 17 0.024939852 
549 522 13 19 0.024937987 
199 388 11 15 0.024895567 
798 80 9 12 0.024890382 
332 372 11 15 0.024872791 
438 327 10 12 0.024849482 
263 321 8 10 0.02484749 
686 374 11 14 0.024829 
206 444 11 13 0.024817718 
380 343 10 12 0.024800085 
805 343 9 11 0.024782138 
391 331 9 12 0.02472143 
368 311 9 12 0.024719588 
582 459 12 18 0.024710521 
241 321 8 10 0.02469248 
445 319 8 10 0.024659058 
829 421 11 13 0.02463573 
712 436 12 16 0.024612254 
363 481 20 24 0.024596509 
328 341 10 14 0.024527112 
429 96 8 10 0.024397941 
422 357 10 13 0.024283135 
528 386 10 14 0.024282375 
58 401 22 29 0.024241233 
812 390 12 15 0.024223506 
841 358 10 13 0.024100544 
438 329 17 23 0.024079746 
761 52 10 12 0.024079451 
935 343 10 13 0.02405586 
784 452 16 18 0.024041377 
375 111 8 11 0.024040213 
137 125 9 11 0.023980185 
373 379 13 16 0.023977904 
208 160 9 11 0.023862792 
190 329 8 9 0.02382218 
856 350 10 12 0.023792185 
615 420 11 14 0.023761882 
200 410 12 16 0.023694512 
785 88 8 11 0.023663554 
185 329 7 9 0.023593385 
373 293 8 9 0.02353149 
182 373 10 13 0.023526538 
629 328 8 10 0.023521522 
148 386 17 24 0.02350868 
236 380 11 14 0.02349127 
403 573 16 21 0.023479402 
224 352 10 13 0.023459336 
346 136 8 11 0.023389798 
152 347 9 12 0.023333393 
620 418 13 18 0.023315975 
451 408 13 16 0.023293171 
280 129 7 9 0.023280594 
295 127 8 10 0.023180323 
160 382 12 15 0.023168804 
173 408 14 18 0.023136012 
1 343 20 31 0.023062874 
423 363 10 14 0.023058232 
492 334 10 11 0.022968877 
634 374 8 11 0.022962827 
22 386 13 18 0.02289677 
34 380 19 25 0.022885226 
653 429 14 17 0.022835627 
343 412 14 19 0.022812562 
150 359 10 13 0.022760613 
254 134 9 11 0.022735782 
356 110 9 11 0.02272179 
216 391 10 13 0.022705786 
505 326 8 10 0.022684582 
344 110 9 11 0.0226635 
302 135 8 10 0.022637289 
92 408 13 19 0.022612026 
87 351 10 12 0.022606932 
220 401 12 15 0.022601552 
312 116 7 10 0.02252846 
635 350 9 12 0.022505324 
852 418 12 14 0.02248086 
626 286 9 11 0.02247077 
722 449 19 26 0.022465115 
247 427 12 15 0.022447236 
602 375 18 22 0.022226691 
32 111 10 12 0.022202302 
719 341 10 12 0.022188371 
882 381 14 17 0.022180883 
407 324 8 11 0.02216504 
61 345 19 23 0.022154387 
46 356 12 15 0.022149539 
104 302 17 23 0.022076285 
891 343 11 15 0.021975365 
517 366 10 13 0.021948585 
750 347 12 13 0.02194675 
519 401 11 15 0.021913527 
61 414 15 19 0.021910919 
367 302 8 11 0.021842876 
426 433 19 25 0.021823853 
351 141 10 12 0.02179836 
662 76 11 14 0.021743167 
678 335 9 10 0.02172666 
571 461 15 18 0.02166476 
374 277 8 11 0.02164276 
363 436 13 19 0.021563202 
113 459 17 20 0.021532765 
616 396 11 15 0.021514243 
247 321 7 10 0.021414775 
404 382 12 16 0.021406913 
648 311 8 11 0.021389065 
39 128 10 11 0.021362342 
736 363 11 13 0.02135103 
101 488 13 15 0.021329891 
425 99 8 11 0.021294275 
381 378 11 16 0.02128614 
943 322 18 23 0.02127562 
553 519 21 30 0.02122203 
649 317 8 11 0.021217203 
919 352 8 11 0.0212131 
381 358 9 12 0.021204803 
296 329 17 23 0.021202471 
333 445 21 27 0.021197768 
653 501 14 17 0.021186383 
40 340 10 13 0.021130053 
879 371 10 13 0.021128312 
359 279 8 10 0.021110173 
634 434 13 18 0.021085352 
346 142 9 11 0.021068431 
573 352 18 24 0.021058392 
248 374 10 13 0.021055514 
143 358 10 13 0.021030761 
372 397 13 18 0.021026723 
272 460 12 14 0.021020878 
640 56 10 12 0.021001717 
835 331 12 15 0.020886293 
948 354 22 29 0.020881249 
348 465 15 20 0.02087968 
135 135 10 13 0.020878658 
355 412 14 18 0.020873873 
538 117 13 14 0.020870015 
838 323 10 14 0.020860817 
625 388 18 24 0.020834615 
37 334 10 14 0.02083243 
158 407 21 25 0.020811027 
106 330 17 23 0.020783361 
321 349 10 13 0.020782374 
261 132 9 11 0.020765398 
201 427 12 16 0.020761691 
613 489 17 19 0.020746363 
287 389 12 15 0.020741412 
718 385 12 16 0.02073022 
799 387 10 14 0.020677496 
452 424 14 17 0.02066536 
303 320 7 9 0.020617854 
717 405 14 18 0.020609237 
780 294 9 13 0.020559624 
326 363 11 15 0.02055635 
489 341 9 11 0.020549698 
300 411 15 20 0.020500502 
540 124 12 13 0.020441916 
488 86 10 11 0.020426797 
657 363 11 15 0.020406391 
346 366 18 23 0.020393297 
484 390 11 15 0.020353628 
815 368 12 16 0.020336552 
230 119 9 11 0.020334594 
368 357 9 12 0.020323511 
651 420 13 15 0.020319145 
755 347 12 15 0.020299492 
121 118 8 11 0.020287162 
232 160 9 11 0.020278009 
341 390 13 15 0.020277293 
646 390 11 15 0.020250594 
416 387 12 15 0.02022448 
744 289 214 215 0.020137083 
119 111 7 10 0.020132672 
717 319 9 12 0.020115465 
588 374 11 13 0.02009259 
658 447 15 20 0.02009062 
271 453 12 16 0.020057932 
288 427 14 19 0.020042296 
