11_Meeting_Meeting_11_Meeting_Meeting_11_339
38
892 249 84 122 0.9984707 
614 122 30 41 0.9975491 
276 138 34 47 0.99746764 
456 120 27 34 0.9972013 
162 151 42 52 0.9877378 
671 146 38 58 0.9420491 
140 211 27 52 0.93634814 
719 187 34 61 0.9010451 
35 199 29 51 0.25356206 
963 6 50 64 0.14853463 
788 251 57 64 0.1337712 
109 233 36 40 0.1328053 
443 146 14 17 0.07936595 
485 145 14 16 0.07712398 
291 113 383 497 0.07205062 
493 146 13 15 0.061863452 
223 172 28 32 0.059533577 
510 228 10 12 0.05384722 
570 412 26 29 0.048556548 
120 216 33 46 0.03529329 
106 248 28 33 0.031217724 
746 202 39 49 0.030662455 
396 223 11 14 0.03037304 
789 192 24 40 0.029629733 
795 183 29 39 0.027643643 
539 87 15 20 0.02760775 
507 221 9 13 0.026604664 
656 135 25 36 0.025860928 
61 171 30 36 0.025640083 
432 209 9 11 0.025180142 
708 169 29 45 0.023514336 
441 144 11 13 0.023161953 
886 224 52 81 0.022752963 
111 259 14 18 0.022160627 
557 316 11 13 0.021976031 
358 222 11 14 0.021301175 
42 181 42 57 0.02106607 
674 351 25 29 0.021065004 
