11_Meeting_Meeting_11_Meeting_Meeting_11_587
692
805 318 16 26 0.97956777 
314 238 14 19 0.9562067 
735 250 13 18 0.946996 
157 253 14 18 0.9380812 
876 227 11 16 0.92894506 
558 296 16 24 0.8858591 
588 296 16 25 0.872668 
221 313 18 26 0.87030166 
493 220 11 13 0.81666744 
8 182 11 13 0.81627256 
850 289 14 18 0.81310874 
958 238 13 17 0.7907236 
193 185 13 17 0.7800223 
436 325 15 19 0.7767775 
771 270 13 19 0.77050453 
763 249 12 16 0.7673944 
723 298 14 19 0.7615469 
416 306 19 22 0.7330576 
544 220 10 12 0.71847653 
376 386 26 40 0.71437097 
524 244 12 14 0.7013374 
190 238 12 16 0.6997151 
802 349 24 32 0.6812458 
517 179 10 13 0.67363495 
239 170 9 13 0.6524143 
560 321 16 23 0.647755 
234 189 8 12 0.624164 
363 166 8 12 0.61890906 
166 191 13 16 0.6053329 
383 175 10 13 0.59021485 
275 308 17 19 0.56127083 
260 238 12 15 0.5606375 
263 212 12 14 0.52328056 
273 170 11 14 0.5127398 
643 213 11 14 0.51167667 
652 281 17 21 0.5099654 
906 275 13 20 0.50038105 
428 354 17 22 0.49387264 
207 159 7 10 0.49186295 
657 203 10 12 0.48744977 
488 183 9 12 0.48205686 
252 363 15 17 0.48201 
518 203 9 11 0.47252193 
557 184 9 12 0.43491635 
1011 248 12 17 0.42752534 
489 188 9 12 0.41871652 
349 295 13 18 0.40246227 
917 255 12 13 0.3997363 
114 159 7 10 0.37900925 
472 191 8 11 0.37863004 
57 184 9 11 0.3657081 
418 181 9 12 0.34256122 
331 253 14 17 0.30219597 
420 233 11 16 0.29391408 
818 256 13 17 0.2910381 
543 254 10 12 0.29080713 
727 199 9 11 0.28587103 
97 175 9 11 0.27823547 
573 170 10 14 0.27427253 
460 164 8 10 0.26727036 
920 235 10 12 0.2551003 
676 215 10 13 0.25146404 
444 181 10 14 0.24331725 
252 279 13 18 0.2316444 
222 236 14 19 0.22341879 
871 261 14 17 0.2189204 
198 275 13 18 0.21808803 
244 166 9 12 0.21774033 
709 370 16 22 0.21591176 
888 218 10 13 0.21315378 
472 127 7 9 0.2046099 
267 266 12 16 0.20182978 
751 215 8 10 0.19431476 
101 180 9 11 0.19325441 
477 172 9 12 0.19294637 
568 230 11 15 0.19207649 
322 196 14 17 0.19030224 
527 167 8 10 0.19014117 
478 168 8 10 0.18876119 
1000 397 23 44 0.18679245 
372 348 14 15 0.18621284 
894 214 11 14 0.17816618 
320 158 7 9 0.17158563 
343 290 13 21 0.17071879 
124 167 11 13 0.16152647 
758 236 11 13 0.16062711 
942 258 10 13 0.16047367 
704 299 11 15 0.15939017 
304 150 7 9 0.15925619 
759 152 7 9 0.15818217 
857 219 10 12 0.15517493 
303 166 9 12 0.15441386 
351 198 10 13 0.15165292 
238 142 10 13 0.15055029 
263 189 9 11 0.14926998 
48 172 7 10 0.14659564 
445 176 9 11 0.14585385 
776 205 11 13 0.14303546 
601 183 8 11 0.14179319 
124 253 11 14 0.13802132 
323 190 12 14 0.13639344 
601 205 9 12 0.13425143 
914 213 9 10 0.13331977 
777 174 7 10 0.13294573 
424 160 8 10 0.13132009 
141 157 8 11 0.13103065 
526 174 9 11 0.1307184 
832 267 13 18 0.13008092 
164 166 9 11 0.12720892 
329 166 9 11 0.12599653 
301 214 10 13 0.12526974 
494 174 9 10 0.12510353 
709 199 8 10 0.123980545 
41 185 8 11 0.12360222 
587 135 6 9 0.12197006 
457 190 10 13 0.11952032 
809 246 8 12 0.118840456 
672 218 11 13 0.11698145 
855 196 9 11 0.11604666 
928 268 10 12 0.1155655 
758 168 7 9 0.11460092 
144 188 10 15 0.11284609 
414 163 9 12 0.112379536 
499 258 13 17 0.111665495 
271 196 9 12 0.11140546 
278 292 13 16 0.11112454 
253 206 10 12 0.1103793 
186 150 8 12 0.10894995 
914 258 11 15 0.10849451 
488 167 7 10 0.10802812 
701 374 24 29 0.107167915 
564 294 21 28 0.10670409 
469 237 11 15 0.10628693 
813 248 9 11 0.10470632 
841 199 8 10 0.10413328 
287 156 8 11 0.103161484 
529 213 9 12 0.1026413 
557 166 8 11 0.10080131 
726 203 9 12 0.1007927 
707 294 12 15 0.100297704 
200 203 11 13 0.0998081 
503 173 8 11 0.09976423 
489 175 9 11 0.09897108 
420 176 10 12 0.09751714 
1012 257 12 19 0.09661015 
442 187 9 12 0.09651105 
745 184 8 10 0.09547696 
736 157 7 9 0.09427209 
478 237 12 16 0.09339648 
893 283 13 18 0.09339411 
485 243 10 12 0.092290565 
240 130 7 9 0.091935284 
820 283 10 13 0.0918949 
771 159 7 10 0.09157266 
777 268 14 18 0.09154987 
113 163 10 12 0.08969056 
214 152 7 10 0.089662276 
255 175 8 11 0.088881634 
190 158 8 12 0.08845204 
680 226 11 14 0.08776051 
742 209 8 10 0.08759825 
355 283 15 20 0.087117225 
536 146 7 9 0.08637795 
498 128 5 7 0.08571959 
259 276 15 18 0.08506356 
281 156 8 11 0.08362793 
936 254 10 13 0.083531 
267 238 10 13 0.08288252 
278 329 14 18 0.08262364 
321 202 11 14 0.08238603 
646 141 7 9 0.08200677 
196 192 13 16 0.08143269 
287 202 11 13 0.08099298 
717 262 12 15 0.080328085 
424 311 16 20 0.079777315 
430 204 8 10 0.07946715 
871 255 11 13 0.07880883 
255 180 10 13 0.07850488 
888 294 10 14 0.07789703 
199 286 19 26 0.07748649 
427 220 12 14 0.077084124 
711 221 10 12 0.07686283 
902 238 11 13 0.07637624 
327 171 9 12 0.07573904 
520 250 10 14 0.07481244 
912 209 9 10 0.07446019 
640 207 11 14 0.07363272 
305 146 6 9 0.07359502 
894 253 11 14 0.072962336 
192 163 9 12 0.072880276 
247 160 9 11 0.07264172 
604 200 10 12 0.0721317 
534 181 8 10 0.07147084 
365 245 12 14 0.070615 
134 173 10 11 0.07036778 
953 241 12 16 0.070171006 
923 252 10 13 0.069698766 
999 160 7 8 0.06806603 
236 274 12 15 0.06759084 
721 207 9 10 0.067536905 
851 352 14 18 0.06733525 
630 258 16 21 0.066820934 
310 167 10 13 0.066280425 
692 243 11 13 0.065969996 
425 227 15 18 0.06560321 
832 198 8 10 0.065597415 
142 194 11 15 0.0652732 
660 250 12 16 0.06503985 
655 171 9 12 0.06450724 
997 229 11 14 0.0642846 
751 220 9 11 0.064241186 
78 237 9 12 0.063457385 
303 160 8 9 0.06302088 
236 205 11 14 0.06287212 
891 291 13 17 0.06264779 
573 191 9 10 0.06230443 
514 332 13 18 0.06200756 
936 261 9 12 0.061866928 
736 228 9 12 0.061506495 
846 236 8 11 0.061449915 
257 211 12 15 0.0609397 
594 291 13 22 0.060481876 
312 190 8 11 0.060452428 
209 152 7 12 0.06020287 
357 197 9 12 0.059788555 
887 236 9 12 0.059654564 
263 183 9 12 0.058761176 
110 174 9 11 0.05860561 
510 253 9 13 0.05846555 
414 302 14 18 0.057928536 
750 191 8 9 0.05776345 
639 235 12 14 0.057457685 
476 192 8 10 0.057296984 
243 171 11 14 0.056848172 
385 356 16 18 0.05670298 
284 290 15 19 0.056700762 
925 232 9 12 0.05651085 
754 198 8 11 0.056504495 
367 205 9 11 0.05639867 
752 207 8 10 0.056275785 
729 282 21 27 0.056261405 
502 168 8 11 0.056241862 
326 159 8 10 0.05536982 
264 196 10 12 0.05524604 
294 309 11 14 0.054927763 
531 266 12 17 0.054900806 
481 181 8 10 0.054342877 
205 270 10 16 0.054059666 
239 133 9 11 0.05386562 
269 206 11 14 0.053738505 
737 207 8 11 0.05369615 
361 243 10 15 0.053552635 
926 262 9 12 0.053373136 
454 181 9 11 0.053267498 
441 168 7 9 0.05325555 
845 204 9 12 0.05257016 
254 198 10 13 0.05227182 
559 141 7 9 0.05224887 
630 204 11 13 0.052166037 
497 152 9 11 0.05210768 
705 191 8 10 0.052059043 
615 183 8 10 0.051974025 
845 199 8 11 0.05168845 
296 152 7 9 0.051488098 
364 172 9 12 0.051424954 
499 221 9 12 0.051323127 
366 345 23 24 0.05124883 
808 240 7 10 0.05118963 
440 213 11 15 0.05074483 
900 244 11 13 0.050744336 
143 181 11 15 0.05030885 
212 296 14 19 0.050273407 
320 172 9 12 0.050251924 
232 276 10 14 0.05013875 
806 297 12 18 0.05003351 
588 284 12 19 0.049961258 
1014 198 8 12 0.049741928 
704 183 8 10 0.049466852 
462 194 10 12 0.049333908 
605 175 9 10 0.049162854 
521 240 11 15 0.049155787 
188 231 14 17 0.04904004 
422 163 9 10 0.048993308 
551 246 10 13 0.04899066 
348 388 22 28 0.04898173 
285 233 15 17 0.04848452 
312 197 10 13 0.048462525 
758 213 8 11 0.0484117 
97 169 8 11 0.048400946 
284 298 14 20 0.048133455 
630 199 10 12 0.048085704 
583 291 15 23 0.047840413 
413 293 15 17 0.047826316 
949 259 9 12 0.047785185 
577 251 10 12 0.047475424 
258 189 9 11 0.04702328 
711 176 8 9 0.047016416 
743 286 12 15 0.046954036 
527 207 8 10 0.04690683 
749 184 8 9 0.046829928 
259 230 14 16 0.046314158 
904 141 11 14 0.046275146 
1015 157 7 11 0.046130303 
747 292 12 16 0.04609152 
410 165 8 11 0.04598486 
611 369 15 22 0.045878068 
738 212 9 11 0.045559976 
965 264 9 12 0.045549653 
496 168 8 10 0.04552957 
749 297 14 18 0.045342073 
424 215 10 14 0.045196347 
320 184 10 11 0.0450014 
558 251 10 12 0.044359755 
733 198 7 10 0.04432284 
895 245 11 13 0.04424617 
894 239 10 12 0.044223964 
322 242 15 18 0.04367979 
909 230 9 12 0.043357197 
462 174 7 10 0.04319566 
919 247 11 14 0.043141183 
704 291 20 24 0.04306098 
200 163 10 12 0.042926017 
776 167 8 11 0.04289302 
606 183 9 10 0.042879105 
686 223 7 11 0.042794272 
844 336 14 18 0.042764977 
916 264 13 16 0.042734485 
295 158 8 10 0.042235658 
926 248 10 12 0.04219538 
270 254 13 17 0.042048555 
464 233 11 14 0.041692853 
592 238 9 12 0.04168062 
550 151 8 10 0.041319862 
711 206 9 10 0.041291922 
384 170 10 12 0.04113116 
290 229 15 18 0.040989444 
785 306 22 28 0.040975247 
572 224 11 14 0.040851507 
323 373 17 20 0.040576626 
270 314 20 27 0.040226985 
861 160 7 9 0.040054683 
791 228 10 12 0.040050793 
439 254 11 16 0.03982415 
362 388 27 35 0.03981332 
629 211 11 14 0.03952288 
305 171 9 13 0.039449655 
731 273 14 17 0.039316323 
295 219 12 14 0.03927275 
432 327 23 29 0.039031707 
109 229 12 14 0.03882176 
277 197 11 14 0.03881669 
877 257 11 12 0.038749892 
873 196 8 11 0.038688436 
329 245 15 18 0.038614944 
148 182 11 14 0.038467377 
1008 265 12 17 0.03845607 
278 237 10 12 0.03818337 
933 230 12 13 0.03806021 
582 246 10 13 0.037953943 
421 187 10 11 0.037912946 
213 156 8 12 0.037872873 
318 166 9 13 0.037840657 
841 228 9 13 0.037732083 
698 229 9 12 0.037634775 
361 161 9 11 0.037593413 
532 176 8 10 0.037584543 
708 341 14 16 0.037521575 
309 182 9 11 0.03748947 
368 151 7 10 0.037391845 
495 255 11 14 0.037260458 
861 197 8 11 0.037255764 
415 243 10 14 0.037198577 
378 174 11 13 0.037167728 
456 174 9 11 0.036930732 
414 215 10 13 0.036684126 
837 262 13 17 0.036662526 
825 237 9 10 0.036453422 
135 167 11 12 0.036375545 
233 143 8 11 0.036220726 
408 298 12 16 0.03619884 
860 350 12 19 0.036187377 
763 255 14 20 0.036033604 
320 358 25 29 0.036029134 
235 194 12 14 0.035992123 
551 322 17 20 0.0359746 
254 270 11 15 0.03584681 
531 244 9 13 0.035809044 
310 144 7 10 0.03579036 
376 190 10 12 0.035598226 
709 192 8 10 0.03558342 
705 203 9 11 0.03545894 
704 176 8 10 0.035447262 
184 181 11 15 0.035171207 
869 306 13 18 0.035039607 
408 220 11 15 0.034984443 
934 247 10 13 0.03494825 
163 171 13 15 0.034684893 
755 152 7 10 0.03446686 
286 282 21 25 0.034443256 
622 251 13 18 0.034324896 
625 192 7 10 0.034246635 
927 274 11 16 0.03422977 
900 212 9 13 0.034203544 
313 158 9 10 0.034114003 
695 238 11 14 0.03409091 
544 150 7 10 0.033941388 
981 235 10 14 0.033591922 
311 365 10 15 0.033585798 
757 206 9 11 0.033309378 
346 203 9 12 0.033061214 
735 192 7 10 0.033052355 
800 246 9 12 0.03296599 
531 149 8 10 0.032916978 
729 301 16 20 0.0328693 
903 208 8 11 0.032758527 
496 134 7 9 0.03267799 
591 244 9 12 0.032602057 
15 213 10 12 0.03251278 
569 168 10 13 0.032364327 
845 230 10 13 0.032223698 
135 189 12 14 0.032111246 
537 221 10 13 0.032097533 
887 207 9 12 0.03200359 
174 183 11 15 0.031984873 
899 251 13 16 0.03192456 
573 244 11 14 0.0318815 
430 143 8 10 0.031866238 
902 222 10 12 0.03184185 
109 223 10 12 0.03183012 
998 224 9 12 0.03180476 
616 230 9 12 0.03172195 
633 182 9 11 0.03168629 
489 217 19 21 0.031466305 
716 276 14 17 0.031421274 
488 215 12 15 0.031413563 
887 255 10 13 0.031342812 
462 181 8 11 0.030838106 
961 268 11 14 0.030819887 
565 239 13 17 0.030818244 
821 300 13 16 0.03080697 
654 293 16 20 0.030797686 
865 265 13 16 0.030701878 
835 316 14 17 0.030647442 
238 180 10 14 0.030638224 
836 331 16 20 0.030545006 
332 197 10 13 0.030530792 
691 422 13 17 0.030469948 
53 176 9 10 0.030409096 
770 174 8 10 0.030400708 
701 235 10 13 0.030389378 
465 346 18 21 0.030373083 
654 221 11 13 0.030288154 
444 259 10 15 0.03021238 
373 205 10 12 0.030155206 
883 229 11 15 0.030149322 
298 280 19 26 0.03010672 
534 206 9 12 0.03007371 
810 298 15 18 0.02995976 
309 220 10 13 0.029901005 
193 268 14 18 0.029869206 
910 222 10 12 0.02979827 
558 243 10 15 0.029621623 
11 177 11 13 0.029595384 
523 167 8 10 0.029492997 
556 174 10 12 0.029481329 
477 195 9 12 0.029478246 
321 153 7 10 0.029449511 
848 190 9 11 0.029436756 
310 151 8 9 0.029393315 
975 268 13 16 0.029280974 
752 236 12 15 0.029218579 
518 187 10 12 0.02920571 
215 240 14 20 0.029010275 
694 143 8 11 0.029004028 
919 192 8 9 0.028949313 
494 196 9 12 0.02889395 
740 239 11 14 0.028872063 
195 279 19 26 0.028827507 
372 365 24 32 0.028711775 
426 300 15 21 0.028618397 
428 158 8 10 0.02860153 
102 168 8 11 0.028585183 
462 142 8 9 0.028458845 
704 346 14 15 0.02828731 
387 179 11 12 0.028286077 
780 199 10 12 0.028251447 
627 243 14 16 0.02817651 
750 228 13 15 0.028110005 
559 160 9 10 0.028067514 
409 215 9 13 0.028017735 
425 204 9 11 0.027958402 
766 215 8 9 0.027860474 
861 312 12 18 0.027810613 
771 246 10 14 0.027779443 
805 308 14 24 0.02772729 
837 324 14 17 0.02767192 
382 196 9 11 0.027651917 
841 237 9 11 0.02765016 
915 247 20 24 0.02739598 
686 236 10 15 0.027367145 
78 192 7 9 0.027215071 
842 288 19 24 0.027124288 
375 197 9 11 0.026993616 
309 247 14 20 0.026982188 
420 240 12 17 0.026971458 
963 232 13 16 0.026887363 
776 280 17 19 0.026881637 
567 182 8 10 0.026802836 
958 274 11 15 0.026721116 
693 343 10 12 0.026650475 
411 246 23 28 0.026635274 
297 166 9 12 0.026622292 
525 179 10 12 0.026573254 
481 160 7 9 0.026515847 
751 244 12 14 0.026495142 
505 333 12 15 0.026446614 
604 373 22 29 0.026362505 
752 174 7 9 0.026326455 
656 229 9 12 0.026317816 
232 148 9 11 0.026173376 
548 251 11 14 0.026035728 
137 197 11 13 0.025956837 
630 237 12 15 0.025850002 
374 350 24 26 0.025835542 
547 215 12 14 0.0258325 
702 166 7 9 0.02582189 
360 203 10 12 0.025800738 
472 132 8 9 0.025614008 
911 236 9 12 0.025600648 
814 321 16 20 0.025328035 
376 297 11 16 0.02527532 
689 126 8 10 0.025273243 
462 214 9 11 0.025211433 
1006 235 21 27 0.025174849 
698 159 8 10 0.025150547 
713 214 10 13 0.02494055 
757 275 12 16 0.024938995 
574 196 8 10 0.024888195 
836 270 14 19 0.024834761 
560 237 11 15 0.02481724 
361 282 16 22 0.02480102 
843 370 16 20 0.02479802 
958 206 10 11 0.02478911 
1002 227 12 15 0.024787737 
512 176 10 13 0.024785744 
678 233 13 17 0.02470712 
119 248 20 24 0.024700962 
960 263 9 11 0.024699938 
926 199 9 11 0.024582667 
112 213 11 12 0.024570642 
541 216 18 22 0.024557399 
797 298 14 22 0.024548858 
325 153 8 9 0.024539482 
22 215 8 11 0.024460554 
823 221 9 10 0.024452224 
743 222 10 12 0.024446458 
840 224 9 11 0.02434567 
738 297 15 19 0.024341274 
981 261 11 14 0.024332024 
689 148 9 10 0.024313442 
311 231 12 16 0.024288682 
244 189 11 12 0.02426923 
117 233 11 15 0.024238413 
872 214 9 10 0.024208928 
686 368 42 47 0.024195328 
55 199 10 12 0.0241865 
197 176 12 14 0.0241759 
701 299 20 26 0.024096787 
141 174 9 12 0.024062302 
409 173 9 12 0.024062073 
754 157 7 8 0.024044735 
120 258 13 18 0.024005445 
159 187 15 19 0.023951799 
359 160 17 24 0.023913326 
820 306 13 19 0.023901992 
324 228 13 17 0.023890309 
566 225 18 23 0.023820981 
783 142 7 10 0.02381132 
829 251 10 14 0.02372131 
566 307 21 31 0.023696972 
183 102 10 13 0.0236687 
757 172 8 10 0.023636835 
73 192 7 9 0.023611043 
351 215 10 13 0.023564938 
332 173 10 13 0.023564665 
836 296 14 19 0.023479216 
871 247 11 14 0.023477593 
926 283 11 15 0.02346098 
488 193 11 13 0.023437707 
268 166 8 11 0.023418743 
816 213 7 9 0.023383677 
4 181 9 13 0.023380514 
284 370 12 18 0.02335438 
239 161 18 24 0.023339963 
788 267 12 16 0.02322829 
845 251 11 15 0.023145443 
181 175 11 13 0.023139242 
500 215 10 12 0.023124116 
568 190 9 11 0.02311912 
625 196 9 12 0.02311036 
725 285 15 21 0.023099193 
637 199 9 11 0.023094643 
329 291 22 27 0.023047123 
727 270 12 15 0.023010641 
614 118 199 216 0.022989668 
310 393 14 17 0.02297705 
721 200 10 10 0.02295782 
294 205 9 12 0.022956213 
884 302 14 20 0.022946779 
554 142 7 9 0.022917842 
630 159 7 10 0.022903176 
318 222 11 14 0.02288838 
788 351 25 30 0.022860369 
526 161 9 11 0.022838922 
455 214 9 12 0.022831969 
629 219 11 13 0.022739712 
464 240 12 16 0.022613822 
139 287 22 28 0.02256131 
759 156 7 10 0.022540769 
792 246 9 12 0.02248558 
798 314 15 24 0.0224776 
634 233 20 24 0.022460965 
161 248 15 18 0.022438185 
381 187 11 14 0.022423297 
248 198 10 12 0.022422362 
829 238 9 10 0.022379527 
662 213 11 14 0.022366006 
495 205 10 14 0.022333574 
630 190 9 11 0.022320602 
462 207 8 10 0.022295367 
994 160 8 9 0.022227112 
756 233 19 22 0.022209153 
698 360 26 28 0.02218154 
14 197 10 12 0.022179514 
325 182 10 13 0.022175282 
741 227 11 13 0.022165896 
241 161 8 10 0.022089966 
96 212 8 11 0.022088073 
109 179 9 11 0.022073623 
209 144 7 10 0.022062182 
321 66 198 223 0.02205312 
625 213 9 12 0.02200133 
123 264 15 17 0.021997143 
727 237 11 14 0.021986872 
877 192 8 10 0.021965684 
290 298 13 18 0.021915877 
722 159 6 9 0.021900784 
734 238 12 15 0.021872656 
941 236 12 14 0.02184636 
519 209 10 13 0.021808917 
837 251 12 15 0.021727907 
468 237 19 24 0.021725595 
672 175 8 10 0.0217141 
253 200 19 24 0.021630852 
728 193 10 13 0.021625387 
238 259 12 15 0.021622129 
851 338 14 19 0.021484978 
190 281 15 20 0.021454336 
317 371 15 17 0.021264097 
649 173 9 11 0.021155648 
992 234 11 15 0.021144876 
282 447 32 39 0.021120312 
846 347 15 20 0.021118872 
486 184 18 23 0.021077322 
190 219 13 17 0.021027772 
436 235 11 15 0.020969838 
514 175 18 22 0.020886987 
502 236 12 15 0.020827359 
605 188 10 13 0.020776434 
764 231 10 13 0.020774964 
895 209 10 11 0.020760607 
975 236 10 13 0.020721326 
805 285 10 14 0.020692658 
853 182 9 10 0.020622555 
799 292 13 18 0.020600714 
214 163 9 13 0.020590574 
410 238 9 13 0.02056518 
190 205 11 14 0.02055249 
513 199 10 13 0.020523975 
893 190 8 10 0.02047746 
990 275 13 16 0.02047472 
438 244 10 14 0.020455843 
117 211 10 12 0.020380154 
830 216 10 11 0.020292666 
380 171 17 22 0.020204425 
445 197 9 11 0.020196255 
381 206 11 14 0.020153908 
642 241 13 17 0.02014165 
717 213 10 12 0.020120418 
694 223 9 11 0.020082239 
741 288 20 25 0.020056201 
271 161 9 11 0.020018743 
