11_Meeting_Meeting_11_Meeting_Meeting_11_633
29
463 210 203 247 0.9996202 
175 441 154 198 0.9985581 
702 356 151 204 0.9930092 
68 422 9 11 0.13508016 
955 73 12 17 0.11894119 
273 198 10 12 0.061650347 
972 60 13 16 0.048830263 
930 152 15 20 0.046494775 
964 56 15 20 0.0456777 
221 247 13 15 0.042278018 
960 54 11 17 0.039726537 
237 106 417 445 0.033721197 
285 213 9 13 0.032156672 
923 181 14 19 0.03188007 
949 66 21 27 0.031668555 
72 369 7 9 0.030504176 
39 357 10 13 0.027744167 
229 218 12 15 0.026164252 
249 228 17 19 0.024881342 
222 212 13 16 0.024509268 
958 151 10 14 0.024024433 
979 204 12 15 0.023574809 
222 193 8 9 0.023183336 
1013 388 10 14 0.02257003 
980 68 9 12 0.022358604 
965 600 8 11 0.02235531 
239 238 11 14 0.021628901 
1 324 8 13 0.021550339 
911 13 12 13 0.02006829 
