11_Meeting_Meeting_11_Meeting_Meeting_11_295
80
608 369 51 65 0.9994211 
121 455 65 94 0.9943954 
233 340 24 33 0.9937133 
690 291 21 29 0.9895913 
140 373 32 55 0.98760843 
592 312 21 35 0.9795853 
810 549 60 119 0.97929275 
57 336 34 53 0.974566 
801 299 20 28 0.9735205 
899 312 22 29 0.96736306 
491 334 26 37 0.94378144 
441 219 17 22 0.93070376 
431 536 72 107 0.4455589 
794 324 18 25 0.35439813 
406 535 58 99 0.33835855 
546 319 20 32 0.32991326 
947 340 13 16 0.2345593 
505 234 17 21 0.21401247 
508 343 30 34 0.14513652 
129 337 14 19 0.141164 
453 332 23 30 0.124016315 
531 319 24 39 0.09850821 
521 325 26 38 0.09527064 
830 561 92 133 0.09091398 
449 241 16 22 0.08966211 
81 365 26 40 0.089177236 
795 307 24 33 0.078802735 
220 145 31 39 0.064505406 
254 403 17 18 0.062589824 
463 333 25 31 0.061713126 
173 332 28 32 0.061184105 
122 308 23 32 0.059629396 
413 353 40 53 0.059460517 
226 332 18 20 0.04828122 
700 521 26 30 0.047687728 
772 535 11 13 0.047097154 
70 350 28 43 0.046217255 
782 326 25 30 0.04583687 
448 338 15 21 0.04546557 
149 365 15 22 0.040302187 
542 317 14 20 0.039601978 
352 481 63 66 0.03898381 
838 361 14 18 0.03815233 
475 333 26 34 0.037470076 
249 400 28 29 0.034163747 
152 368 30 50 0.03236903 
436 330 46 53 0.03132281 
327 157 9 13 0.030983472 
677 671 12 15 0.029328423 
153 336 26 30 0.028844506 
419 557 35 61 0.028269222 
553 315 23 35 0.027380412 
24 348 25 33 0.02655579 
243 333 15 20 0.0260067 
84 378 27 48 0.02599291 
791 315 14 20 0.025782706 
401 165 10 14 0.025189482 
894 524 57 84 0.025177648 
911 314 19 25 0.025130598 
833 298 16 23 0.024325963 
13 347 13 21 0.024100507 
429 332 10 15 0.023152003 
414 348 26 37 0.023119025 
234 333 18 22 0.023087313 
460 548 65 81 0.022928009 
221 335 17 22 0.02271928 
132 334 21 27 0.02259138 
33 350 26 36 0.022208761 
15 347 22 34 0.022061676 
444 354 15 17 0.02189899 
446 340 26 32 0.021713655 
584 315 35 49 0.02150367 
199 199 9 12 0.021497631 
488 335 16 27 0.021331588 
147 349 25 32 0.020962879 
442 378 15 17 0.020940246 
131 309 13 19 0.020787876 
879 588 69 102 0.020550113 
503 249 12 16 0.020104425 
643 739 31 26 0.020027017 
