11_Meeting_Meeting_11_Meeting_Meeting_11_560
103
669 412 25 33 0.9985032 
559 400 26 32 0.9984823 
324 428 34 42 0.9984553 
194 574 46 67 0.9979741 
607 414 22 30 0.99055743 
743 395 22 30 0.9890364 
399 409 22 28 0.98903465 
78 453 32 39 0.9889522 
444 417 22 28 0.98716134 
759 431 35 51 0.9833208 
525 417 23 31 0.98123646 
2 462 32 49 0.9791173 
198 419 28 34 0.9778466 
461 395 20 29 0.9680282 
90 503 39 51 0.96521854 
642 397 21 27 0.96088 
240 409 22 28 0.9467244 
829 437 40 54 0.9461235 
488 401 20 29 0.9329853 
701 413 19 24 0.93235326 
357 419 21 32 0.90851957 
79 688 44 65 0.9037443 
180 512 38 40 0.827236 
354 390 24 31 0.7893231 
500 385 18 23 0.769952 
236 459 24 31 0.7188605 
304 661 55 48 0.5465256 
542 387 18 22 0.4484215 
411 387 21 26 0.31580994 
492 393 22 29 0.30533847 
818 385 17 22 0.2803047 
162 517 36 39 0.25998163 
154 522 24 36 0.130099 
405 397 22 29 0.12022504 
40 691 55 65 0.11442185 
688 487 34 47 0.09609416 
265 703 35 41 0.09554679 
239 469 27 33 0.09412682 
630 397 13 18 0.08839736 
298 653 33 39 0.084102444 
461 390 16 20 0.071845844 
472 400 21 29 0.07168001 
813 382 16 19 0.067030385 
210 415 29 34 0.062321424 
629 400 25 31 0.060093436 
779 425 29 39 0.059187334 
310 593 37 40 0.055693883 
253 334 42 58 0.052453462 
150 530 14 20 0.05228208 
395 695 67 70 0.052271035 
228 437 35 42 0.05140485 
5 189 8 10 0.05120987 
782 198 12 15 0.04969384 
751 439 29 37 0.048630774 
226 414 31 36 0.047404688 
39 207 14 16 0.047358513 
337 391 26 31 0.046995983 
674 463 26 35 0.046536457 
588 439 23 28 0.04571684 
92 445 16 21 0.044660885 
617 412 24 31 0.04457121 
212 388 12 15 0.04363587 
289 659 85 82 0.04237402 
546 393 27 33 0.042057324 
227 678 58 48 0.04135709 
675 476 28 39 0.03863643 
165 523 16 21 0.038181722 
0 727 27 44 0.035187703 
631 392 11 13 0.034647703 
131 76 13 17 0.033937775 
222 525 38 48 0.033312347 
356 403 19 26 0.032898344 
515 533 43 49 0.03196005 
21 202 11 14 0.030891525 
808 386 15 20 0.029324053 
176 453 23 27 0.02882581 
16 702 59 64 0.028509205 
700 480 35 48 0.02828486 
768 262 8 10 0.028214775 
825 381 15 21 0.028133355 
13 203 11 13 0.027759075 
718 433 16 20 0.026948677 
498 382 13 16 0.026921334 
648 550 24 42 0.025523588 
333 393 17 22 0.025360331 
251 510 18 26 0.025223402 
239 678 36 31 0.02516378 
354 669 92 92 0.02461587 
98 687 45 67 0.024598759 
2 -38 451 472 0.024258044 
239 521 28 39 0.023998061 
215 444 28 36 0.02394324 
347 400 35 48 0.02383708 
317 576 50 46 0.023544168 
741 201 11 12 0.02303353 
190 522 45 53 0.022724072 
95 456 18 25 0.022673272 
766 419 30 35 0.022541272 
206 549 45 65 0.02250301 
303 692 34 42 0.021231392 
281 625 44 57 0.02118492 
270 676 65 59 0.020710599 
486 397 17 21 0.020361332 
