11_Meeting_Meeting_11_Meeting_Meeting_11_26
258
250 260 15 18 0.96059203 
218 273 18 23 0.92505205 
310 253 12 16 0.91512316 
179 282 15 26 0.88356143 
782 269 15 19 0.840313 
341 239 13 16 0.7971496 
829 293 20 27 0.7879236 
153 306 23 33 0.7529498 
807 278 18 22 0.7446709 
273 254 10 15 0.7330882 
198 237 16 21 0.64997345 
764 315 11 13 0.5944611 
403 237 8 10 0.54634017 
203 287 14 18 0.45411137 
378 236 10 12 0.44298053 
729 251 9 13 0.41440067 
165 234 10 13 0.37687036 
677 239 7 11 0.33182433 
732 248 9 12 0.30538902 
287 240 10 12 0.2881369 
293 252 10 12 0.26710576 
291 245 11 14 0.2579582 
271 352 87 137 0.25110662 
706 246 8 10 0.24506433 
750 253 10 12 0.24374917 
693 246 8 10 0.22852951 
161 277 28 32 0.20969848 
265 201 7 8 0.17808981 
298 269 9 12 0.1553615 
423 232 7 10 0.1549874 
655 237 9 10 0.15131408 
442 231 9 10 0.14574975 
232 239 10 12 0.13112445 
158 293 24 35 0.12802207 
920 336 24 31 0.123263374 
611 228 9 12 0.12226304 
710 239 8 10 0.12098283 
1010 354 14 23 0.11037409 
758 263 8 11 0.10820309 
724 312 10 10 0.10457776 
867 322 17 21 0.10194397 
626 507 95 145 0.1016204 
745 334 11 12 0.10100163 
366 265 9 11 0.09834623 
182 235 9 13 0.09388867 
295 263 9 11 0.09386869 
75 328 31 38 0.09222845 
704 277 8 11 0.09150654 
711 301 9 11 0.088811934 
267 307 14 16 0.08854681 
766 270 9 11 0.08483468 
727 300 10 12 0.082709454 
348 10 16 23 0.08160364 
249 223 10 12 0.07950498 
821 287 20 27 0.0793997 
749 278 10 12 0.0759437 
272 250 10 12 0.07292789 
958 527 52 69 0.07271402 
736 319 9 12 0.071355455 
176 235 9 12 0.070906006 
204 271 20 26 0.06993269 
325 285 9 11 0.069777556 
760 267 9 12 0.06865198 
279 247 9 12 0.067278035 
862 315 14 22 0.066683576 
689 241 7 9 0.06569417 
369 246 9 12 0.064166434 
460 229 7 11 0.062800914 
950 518 76 127 0.06279795 
405 233 8 11 0.05999123 
745 248 9 11 0.058929924 
931 298 18 21 0.058322527 
977 353 13 16 0.057693467 
457 410 17 19 0.056021757 
160 268 18 18 0.05408269 
308 303 13 14 0.053974092 
771 292 11 15 0.052154355 
732 295 11 14 0.052120488 
916 324 25 31 0.050138924 
293 308 13 14 0.04936529 
673 241 9 12 0.04867903 
995 378 12 16 0.048383556 
57 344 43 53 0.04836322 
817 280 15 19 0.04720496 
798 339 14 18 0.047124166 
747 307 13 14 0.047000963 
204 233 12 15 0.046163987 
924 303 26 30 0.04449354 
603 45 31 32 0.04425649 
811 324 15 18 0.04422722 
721 287 8 10 0.04383791 
753 257 10 14 0.04356054 
759 325 10 12 0.043092567 
285 284 10 13 0.042477556 
231 303 14 19 0.042289138 
922 315 25 31 0.042227052 
742 327 11 12 0.04194587 
418 231 8 10 0.041551128 
37 340 48 66 0.041336976 
328 294 10 12 0.040801276 
45 201 41 53 0.04034201 
693 252 9 11 0.040248886 
632 232 9 11 0.039744712 
341 271 8 10 0.039443024 
694 242 7 9 0.039401002 
210 241 11 17 0.039385818 
751 271 8 11 0.039241564 
413 398 13 14 0.038854674 
700 285 9 11 0.03845693 
270 205 8 10 0.0372619 
281 382 106 164 0.03718604 
182 274 23 28 0.03708003 
709 278 7 10 0.036971927 
361 270 8 9 0.03696493 
728 271 10 12 0.036903795 
868 305 16 22 0.036481768 
767 301 11 14 0.036476564 
694 263 8 10 0.036329858 
719 294 10 12 0.036151156 
190 264 22 27 0.036056608 
342 234 11 13 0.03600738 
630 236 10 12 0.035937022 
987 231 15 18 0.03506504 
719 302 9 12 0.03485159 
673 233 7 10 0.03446938 
283 239 9 11 0.034453094 
929 330 16 21 0.034339156 
220 262 16 18 0.03423629 
377 47 9 10 0.03408871 
236 237 10 13 0.033774953 
771 316 13 15 0.033565335 
262 214 10 12 0.03278684 
384 223 9 10 0.032771554 
705 250 9 11 0.032574814 
192 235 13 17 0.032337707 
200 267 16 19 0.03213047 
458 224 9 11 0.032037716 
790 341 13 16 0.03190693 
238 245 10 14 0.0317547 
67 424 37 41 0.031425014 
750 283 10 13 0.031283658 
696 286 10 11 0.03121129 
728 243 18 23 0.031204648 
638 232 8 10 0.031095782 
149 307 17 26 0.030934807 
300 293 11 13 0.030854128 
239 252 10 13 0.030720765 
756 253 10 14 0.03066382 
256 206 10 11 0.030458454 
337 272 9 12 0.030041613 
458 235 9 11 0.029982738 
367 252 10 12 0.029920321 
41 491 46 57 0.029909717 
269 200 8 10 0.029678326 
726 316 11 14 0.029638024 
336 289 8 10 0.029410576 
704 295 8 11 0.02927829 
182 266 13 17 0.029255 
311 287 9 11 0.029208528 
835 286 16 21 0.029102799 
90 404 31 46 0.028677057 
389 221 9 11 0.028477231 
262 254 11 15 0.028215926 
48 372 52 73 0.028211718 
749 315 12 14 0.028125362 
207 318 23 29 0.02807126 
760 309 19 22 0.027762983 
415 246 8 9 0.027641557 
749 328 11 13 0.027632346 
182 260 12 14 0.027534802 
872 325 26 29 0.027522285 
287 341 61 87 0.02742514 
288 301 12 15 0.02734347 
650 236 9 11 0.027055541 
900 307 12 17 0.027026188 
314 258 11 13 0.026634527 
1004 203 11 14 0.02643079 
603 55 17 23 0.026374936 
952 279 11 13 0.026366515 
961 569 36 54 0.025640918 
408 256 9 11 0.025456203 
295 293 12 15 0.025430303 
809 280 38 47 0.025368864 
840 297 15 20 0.025228744 
574 0 48 43 0.02521069 
245 246 12 14 0.025188759 
162 339 42 58 0.025093835 
158 292 15 18 0.024977183 
304 247 10 13 0.0248847 
-39 44 357 457 0.024876045 
774 324 13 14 0.024755782 
171 293 14 24 0.024526078 
694 270 8 9 0.024512174 
592 6 50 47 0.02441951 
66 568 16 20 0.024369512 
295 273 12 15 0.024044085 
786 263 14 18 0.023934893 
623 118 10 11 0.023877732 
285 234 17 23 0.023831598 
728 241 9 10 0.02375486 
745 272 9 11 0.023702513 
744 241 9 10 0.023610791 
766 251 11 14 0.023589384 
255 212 10 13 0.023550767 
670 233 19 24 0.023309046 
161 316 30 48 0.023202024 
161 231 18 22 0.023153318 
649 232 7 10 0.02307432 
780 342 15 17 0.02296203 
9 189 49 66 0.022906087 
732 351 12 15 0.022874562 
155 403 54 78 0.022855962 
759 344 10 11 0.022701792 
757 302 12 14 0.022598194 
686 279 9 10 0.022586668 
757 358 10 13 0.022557363 
642 48 23 32 0.022526084 
408 242 9 12 0.02242354 
986 659 33 37 0.022386681 
354 272 8 10 0.022313653 
303 301 13 15 0.022307869 
302 288 10 12 0.022254782 
709 251 9 11 0.022251792 
169 305 14 23 0.022026375 
778 317 14 17 0.021982694 
293 312 17 18 0.021895327 
722 252 10 12 0.021894917 
868 305 38 46 0.02188455 
982 216 26 35 0.021828962 
277 290 13 16 0.021752084 
288 261 10 13 0.02168874 
678 233 8 9 0.021683812 
374 243 11 13 0.021640638 
441 225 8 11 0.02142559 
341 287 9 11 0.021296566 
384 255 9 11 0.02127023 
717 239 9 10 0.021266602 
805 332 13 15 0.02121193 
938 293 15 18 0.021121247 
416 238 8 10 0.021068783 
375 231 18 22 0.021025933 
902 372 30 33 0.020937115 
1 156 21 39 0.020899363 
805 379 21 31 0.020868996 
399 232 17 22 0.02082084 
141 301 15 19 0.02075462 
259 259 11 16 0.020710604 
608 134 9 10 0.020620001 
656 243 9 11 0.020595316 
277 301 12 14 0.020587882 
981 227 16 21 0.020552568 
721 246 8 11 0.020505853 
153 345 30 43 0.020413557 
594 57 32 34 0.020321842 
187 346 17 22 0.020274932 
340 3 18 19 0.020263162 
671 222 8 11 0.020203825 
149 440 14 19 0.02000467 
