11_Meeting_Meeting_11_Meeting_Meeting_11_702
288
747 319 60 71 0.9993228 
823 152 27 32 0.9993031 
623 191 30 40 0.99867177 
407 203 29 33 0.9986658 
441 297 52 61 0.99813026 
578 178 24 30 0.9975957 
793 186 34 42 0.9974075 
5 297 37 41 0.996287 
889 244 48 54 0.99588436 
120 213 26 28 0.99585176 
888 161 37 41 0.9956483 
679 256 43 55 0.995265 
718 165 26 32 0.9943522 
374 127 16 20 0.9914895 
668 149 22 26 0.9904075 
418 239 38 48 0.9882935 
768 133 24 30 0.9876357 
713 129 19 24 0.9860903 
507 132 16 20 0.98588485 
376 186 24 28 0.9857019 
401 141 17 24 0.9851959 
330 132 16 19 0.98335993 
544 160 20 24 0.9780328 
959 181 43 45 0.9753323 
912 120 22 27 0.9750531 
803 120 19 24 0.9750279 
-1 213 20 31 0.97302747 
943 113 20 24 0.9578301 
617 139 21 25 0.95434505 
943 144 25 29 0.9512602 
879 108 15 18 0.9480561 
683 122 19 25 0.9391005 
359 167 20 24 0.9389052 
981 99 13 16 0.92432034 
835 116 14 19 0.91849345 
859 127 21 25 0.9184365 
480 131 13 17 0.9095666 
782 108 13 17 0.90443337 
657 120 18 23 0.9026674 
525 141 18 23 0.8944594 
814 95 12 15 0.87501943 
984 125 24 28 0.85037726 
22 195 25 28 0.8399561 
899 97 15 18 0.82999635 
345 158 14 18 0.8027902 
698 108 12 15 0.72362405 
752 111 13 18 0.69255453 
570 126 15 19 0.6222035 
800 75 11 13 0.61557275 
935 94 11 15 0.42121962 
47 171 21 25 0.40183568 
336 214 11 15 0.36023048 
751 69 10 13 0.33362985 
603 126 16 19 0.2924563 
914 69 13 15 0.2687179 
533 119 13 15 0.25554416 
344 190 11 14 0.25119972 
924 99 12 16 0.25081018 
159 414 22 26 0.23097825 
583 324 35 40 0.22571853 
116 361 18 23 0.22529487 
471 169 14 17 0.20425946 
614 170 22 26 0.18975797 
876 131 15 18 0.18885507 
511 134 20 25 0.18734537 
466 198 20 25 0.1853951 
150 364 16 20 0.18478908 
168 412 23 25 0.17083272 
773 73 9 10 0.1676432 
632 118 11 15 0.162916 
1012 111 10 16 0.16160242 
805 73 11 13 0.16098145 
1000 104 11 14 0.15879017 
769 74 10 12 0.15236683 
594 100 11 15 0.15060453 
347 281 16 18 0.14527868 
352 221 11 15 0.14337653 
530 194 23 29 0.14128655 
792 72 7 9 0.13046187 
349 272 25 27 0.121412106 
785 72 7 9 0.11942597 
1001 125 18 27 0.11747227 
994 112 21 26 0.117050625 
319 227 12 15 0.11703979 
997 108 16 19 0.115693845 
540 119 10 13 0.11509296 
892 140 16 20 0.10855408 
378 77 9 13 0.10324024 
786 102 13 15 0.09673005 
700 158 16 22 0.0956247 
637 123 13 17 0.09311348 
423 172 11 16 0.088738024 
585 389 46 52 0.0879917 
647 120 20 25 0.087322414 
476 194 16 22 0.087023444 
813 75 10 13 0.083957694 
608 396 27 35 0.07855798 
404 175 18 20 0.07502934 
463 123 12 14 0.07480474 
813 101 15 19 0.07413293 
720 94 10 13 0.07409664 
1005 110 16 21 0.07296023 
1010 128 14 21 0.07152825 
325 221 12 16 0.070814975 
571 328 38 52 0.06940624 
915 64 11 14 0.06902466 
693 112 15 21 0.0678785 
208 363 12 16 0.067544945 
349 162 19 26 0.06559715 
643 128 15 20 0.065571964 
605 135 20 27 0.064080305 
824 79 10 12 0.06236453 
862 278 27 34 0.061383206 
468 118 11 13 0.060633797 
527 122 15 17 0.058748186 
956 147 25 31 0.058401532 
756 61 10 14 0.058176905 
649 148 23 28 0.057725735 
906 76 23 27 0.057037268 
428 172 12 15 0.056921188 
356 245 12 15 0.056853443 
775 111 16 19 0.056427445 
636 88 14 18 0.055299576 
335 251 11 13 0.05510562 
205 417 12 15 0.052964 
472 95 9 10 0.050658435 
454 144 11 14 0.050639722 
912 134 23 27 0.0501262 
349 180 10 14 0.049543645 
185 263 28 30 0.049505506 
483 189 14 19 0.048161592 
185 412 14 19 0.046907812 
448 120 10 13 0.046576716 
453 119 12 14 0.0462542 
523 219 15 19 0.04624203 
366 172 21 28 0.046119142 
811 156 25 31 0.04599978 
606 168 16 21 0.045768492 
1006 349 20 35 0.044999793 
661 110 15 18 0.044735447 
922 78 13 15 0.04452165 
339 229 11 13 0.04438412 
538 207 25 31 0.044209305 
521 203 24 30 0.04342341 
898 85 23 28 0.0433785 
490 324 25 38 0.043207705 
707 158 22 31 0.04313946 
553 332 35 52 0.04268644 
836 124 15 19 0.042627007 
618 162 17 23 0.042468242 
971 153 16 20 0.041510686 
549 102 13 15 0.041454583 
951 300 23 32 0.041354686 
122 353 16 23 0.04124445 
792 75 9 12 0.041168924 
986 96 12 14 0.04071959 
874 165 26 33 0.040238254 
974 105 16 18 0.039777026 
996 7 31 35 0.039683264 
742 61 11 13 0.039577983 
979 111 23 28 0.039332215 
120 309 12 15 0.038490344 
311 271 9 13 0.03844052 
323 181 11 15 0.038118802 
561 295 33 32 0.037713725 
101 227 15 19 0.037671145 
132 138 14 14 0.037624303 
21 222 15 20 0.037137527 
785 76 8 10 0.03712511 
757 56 9 11 0.03711822 
446 97 8 10 0.037042048 
42 172 14 17 0.036765784 
336 136 15 18 0.03668875 
747 61 19 25 0.036444906 
456 102 8 10 0.036248565 
358 147 13 15 0.035975285 
478 94 9 10 0.035545588 
853 115 14 17 0.035407703 
839 103 12 15 0.035367478 
416 173 19 24 0.03512021 
939 160 32 39 0.034978032 
963 112 15 19 0.034781627 
199 417 13 19 0.034675892 
439 101 10 11 0.03421592 
52 325 31 38 0.034140978 
52 192 18 20 0.033840902 
932 116 22 28 0.033668667 
766 86 10 13 0.033523273 
178 356 12 13 0.03327813 
143 364 14 18 0.033267487 
421 101 11 12 0.03312254 
984 104 19 23 0.032595403 
166 341 11 14 0.032567967 
845 77 10 13 0.032353736 
462 103 8 9 0.03227141 
977 137 26 32 0.03222609 
696 94 10 12 0.032175876 
647 144 16 21 0.032138195 
977 94 13 15 0.03201612 
620 177 22 26 0.031987436 
56 183 15 19 0.031693224 
44 277 26 29 0.03143102 
119 258 23 30 0.03131407 
27 184 26 30 0.031124413 
918 93 15 18 0.030941263 
471 101 10 11 0.030718442 
339 218 12 15 0.03056543 
805 163 17 21 0.030545104 
826 83 12 15 0.030024573 
349 132 14 15 0.029872222 
914 106 23 27 0.029323243 
531 134 15 18 0.029197993 
343 183 12 16 0.028624482 
410 185 19 21 0.028486604 
830 91 12 14 0.02835179 
710 114 13 18 0.028157758 
34 229 23 28 0.02794537 
547 116 11 14 0.027720701 
855 143 25 28 0.027695328 
1001 140 24 28 0.027564043 
673 194 23 28 0.02739216 
227 128 16 19 0.02738639 
454 199 23 27 0.027199646 
474 176 17 20 0.027153363 
918 78 21 26 0.027094074 
883 135 16 21 0.026672468 
465 170 11 16 0.026116867 
343 152 12 14 0.026017223 
765 92 11 13 0.025989542 
855 136 16 20 0.025953475 
296 229 12 15 0.025809214 
546 337 24 40 0.025809051 
566 118 16 19 0.025469135 
495 118 11 13 0.025123214 
742 56 9 12 0.025017763 
502 116 11 14 0.02496326 
665 116 14 18 0.02479356 
145 423 24 25 0.024750648 
784 94 12 14 0.024653792 
569 92 11 15 0.024589002 
461 128 14 17 0.02437057 
675 176 16 19 0.024323473 
197 379 10 13 0.024227357 
131 311 29 33 0.024214014 
981 183 30 36 0.024213327 
149 380 12 14 0.024044555 
135 261 31 39 0.023895567 
863 157 27 33 0.023440525 
438 123 11 13 0.023278084 
45 180 17 22 0.02326195 
947 121 26 32 0.023231205 
841 115 13 17 0.0232033 
731 110 11 14 0.023110304 
973 120 24 28 0.023072418 
806 83 11 13 0.022980977 
981 108 36 51 0.022924205 
383 100 12 14 0.022649478 
696 84 11 14 0.022411492 
994 157 26 31 0.022367213 
356 139 15 18 0.02233653 
26 220 20 25 0.022329975 
110 368 16 19 0.022055628 
172 371 14 16 0.022028483 
784 87 9 11 0.021885533 
182 378 12 14 0.02184726 
178 407 17 20 0.021819402 
0 387 29 37 0.021765897 
900 124 26 30 0.021613589 
539 282 47 48 0.021580042 
355 132 14 17 0.021314587 
390 124 13 15 0.02128581 
931 144 17 20 0.021220604 
349 219 20 24 0.020892637 
853 167 28 32 0.020883791 
131 361 14 19 0.020809298 
847 281 31 37 0.020794928 
877 122 16 20 0.020790974 
429 122 13 15 0.020737791 
966 65 10 12 0.020595664 
508 117 13 15 0.020588977 
464 120 20 22 0.020542376 
951 197 31 36 0.020524114 
554 107 12 14 0.02041085 
113 341 25 30 0.02033419 
168 369 12 16 0.02031904 
367 195 13 17 0.020307392 
617 388 15 18 0.020269206 
922 142 17 22 0.020225674 
