11_Meeting_Meeting_11_Meeting_Meeting_11_287
59
568 228 40 58 0.9980787 
732 369 33 54 0.9940403 
318 405 37 60 0.9930992 
513 352 26 35 0.5312143 
250 8 18 19 0.3280438 
731 515 22 38 0.2785563 
395 482 24 43 0.20776577 
640 443 26 43 0.12516972 
199 447 32 45 0.11735232 
13 371 22 38 0.08852209 
206 520 37 56 0.08033794 
303 0 26 28 0.07141202 
524 346 14 17 0.06622257 
140 280 431 429 0.06610619 
738 513 38 45 0.065211415 
67 540 13 14 0.062215395 
627 514 41 62 0.05567274 
241 428 27 46 0.05457559 
104 539 35 34 0.053871416 
417 445 51 51 0.049301554 
845 532 40 45 0.046241887 
96 547 29 32 0.045277324 
0 369 22 43 0.04517848 
309 14 18 21 0.04443773 
716 461 31 32 0.042973217 
521 340 23 29 0.041073523 
20 376 33 39 0.040954966 
240 400 44 54 0.035728056 
223 490 46 52 0.034034804 
347 424 46 55 0.03389331 
832 524 29 37 0.03335845 
199 506 39 48 0.032415703 
724 500 25 45 0.031057848 
14 373 13 22 0.029678114 
700 521 40 52 0.02961638 
512 359 15 22 0.028806366 
158 489 40 42 0.02786149 
754 507 42 47 0.027641015 
536 -25 405 499 0.027068926 
867 529 26 33 0.026576346 
205 465 37 42 0.026533836 
645 512 33 47 0.026433155 
223 522 31 47 0.026191788 
279 394 28 45 0.025725637 
513 329 44 53 0.025689509 
549 331 15 17 0.025327774 
531 345 28 32 0.025132973 
530 345 18 20 0.024953129 
729 521 13 22 0.024821592 
557 498 43 56 0.023741571 
750 527 38 38 0.023592308 
-42 265 451 492 0.022832766 
100 553 16 20 0.022643877 
236 486 32 31 0.022513576 
64 535 13 15 0.022071967 
547 357 16 20 0.021463651 
300 391 44 64 0.021341592 
36 374 29 33 0.020513622 
2 594 29 41 0.020326227 
