11_Meeting_Meeting_11_Meeting_Meeting_11_507
373
133 361 29 39 0.9984646 
821 358 28 33 0.99804014 
56 253 27 35 0.9975656 
76 402 35 49 0.994829 
904 407 41 50 0.99106264 
240 234 14 19 0.97706586 
749 235 14 19 0.9664129 
283 289 14 18 0.953874 
192 240 17 23 0.94509006 
846 301 16 21 0.9392691 
661 282 14 17 0.92217547 
1011 248 12 20 0.9136186 
253 303 17 22 0.88799924 
876 287 14 18 0.8771565 
861 355 22 32 0.8769851 
774 230 14 18 0.8710702 
731 274 13 17 0.83099425 
684 283 14 17 0.80653125 
895 319 22 26 0.7590463 
810 248 16 22 0.65125424 
696 298 18 22 0.6484161 
707 314 17 23 0.64190704 
309 283 12 16 0.6414885 
735 323 14 20 0.6059185 
197 359 20 27 0.604159 
146 292 18 23 0.59294224 
748 309 16 18 0.5241539 
913 359 22 29 0.5071674 
889 305 18 22 0.46590966 
647 275 12 14 0.39093745 
298 230 9 12 0.37922442 
660 256 9 10 0.3494894 
378 255 9 10 0.3423598 
801 346 16 21 0.33786047 
216 270 13 18 0.3175026 
275 270 9 13 0.2940849 
961 247 11 14 0.28362402 
241 316 22 28 0.28219286 
326 246 10 11 0.26502037 
521 239 7 10 0.24070437 
332 273 12 14 0.23906125 
632 262 8 12 0.23521495 
975 350 27 29 0.21975398 
1004 227 9 13 0.21301237 
581 283 11 14 0.21199517 
919 354 18 22 0.20654199 
309 262 10 12 0.20068626 
192 429 26 30 0.19845645 
575 285 11 14 0.18217608 
159 352 16 20 0.18182223 
706 357 19 20 0.18065323 
680 260 10 12 0.1805984 
589 302 10 12 0.1763867 
573 291 11 13 0.17402297 
273 274 10 14 0.16811888 
789 314 15 19 0.16123496 
357 256 8 11 0.15934636 
875 363 25 31 0.15690166 
577 279 10 13 0.15178534 
958 271 11 14 0.15025647 
735 246 9 12 0.14850602 
276 364 12 17 0.14845216 
735 238 8 11 0.13665414 
962 223 8 11 0.13634162 
657 258 10 14 0.13631856 
350 260 10 12 0.13615023 
600 253 8 12 0.13321233 
257 261 10 13 0.13175201 
739 318 16 21 0.12795393 
764 221 11 14 0.12773176 
434 254 7 10 0.12019883 
936 373 15 18 0.11960968 
984 243 12 15 0.117126495 
615 255 7 9 0.11477051 
618 308 11 13 0.11044025 
901 232 8 10 0.11026585 
882 254 9 12 0.10952299 
631 315 11 15 0.10824479 
630 305 9 11 0.10725788 
457 245 9 10 0.10553357 
346 262 9 11 0.10330987 
599 318 11 12 0.10296099 
604 310 9 12 0.10138224 
681 339 10 13 0.10103912 
545 263 9 11 0.10036091 
391 247 9 11 0.09763931 
406 252 7 10 0.09522076 
931 373 25 28 0.09394303 
313 392 13 16 0.09299804 
277 429 18 19 0.0908368 
988 239 10 12 0.08579534 
558 245 8 10 0.08574575 
918 368 24 30 0.08509767 
688 288 20 24 0.083922274 
861 346 15 22 0.08251887 
406 270 10 11 0.08239222 
166 274 14 19 0.07971925 
630 247 7 9 0.077307515 
634 342 11 14 0.07540239 
173 293 9 13 0.07480156 
625 262 9 11 0.07411557 
243 260 12 16 0.07212555 
963 358 34 35 0.07164263 
376 248 7 10 0.07137013 
322 241 7 10 0.06935161 
352 222 8 10 0.068506226 
817 244 13 16 0.067087054 
381 318 12 14 0.06691975 
991 219 8 12 0.06661411 
647 248 8 9 0.06608992 
600 302 9 11 0.06537213 
1003 277 19 27 0.06466342 
376 302 9 10 0.06442566 
575 315 11 13 0.06334779 
732 251 12 15 0.06333128 
123 331 13 17 0.06320138 
604 293 11 13 0.062250774 
922 232 8 10 0.061311472 
652 276 13 16 0.060042568 
629 310 11 14 0.05994584 
461 244 8 10 0.058432747 
195 417 24 29 0.057473596 
794 310 12 15 0.05741625 
288 239 9 10 0.0564631 
139 276 15 19 0.055249106 
559 263 12 14 0.05309184 
589 278 9 12 0.052883167 
328 250 10 13 0.052841768 
606 254 8 10 0.052738886 
636 263 10 12 0.052254785 
581 310 11 13 0.05213996 
648 253 9 11 0.052091435 
290 285 13 18 0.051216062 
651 271 12 14 0.051075406 
126 259 14 18 0.050833452 
864 302 10 14 0.050820384 
332 325 14 16 0.050445925 
895 365 27 32 0.049924877 
667 291 13 15 0.049558688 
781 319 16 21 0.048991583 
632 255 7 10 0.048454784 
1001 420 24 36 0.047805466 
691 280 11 14 0.0469222 
171 269 12 16 0.046781402 
300 234 10 13 0.046468984 
326 241 9 11 0.046252046 
808 348 23 30 0.045889266 
206 415 13 15 0.045337364 
398 304 9 10 0.045253318 
334 254 8 11 0.045143433 
941 368 25 30 0.043689426 
304 289 13 16 0.043094937 
591 248 9 11 0.042799313 
639 268 9 12 0.042794913 
236 324 18 22 0.042786278 
617 302 11 14 0.042585876 
286 409 9 11 0.042475797 
143 354 26 36 0.042400677 
311 257 9 12 0.041992858 
388 321 11 12 0.041519333 
828 346 24 32 0.041080873 
952 366 34 36 0.041034438 
884 269 11 14 0.04087599 
437 248 8 10 0.0406284 
742 309 15 17 0.04058776 
734 358 26 26 0.040457536 
867 332 14 17 0.039408956 
434 250 7 9 0.039074507 
266 325 15 18 0.038992308 
732 261 12 14 0.038826384 
753 301 17 21 0.038665798 
712 308 18 22 0.03860377 
709 356 27 29 0.038594883 
343 256 10 12 0.038470693 
556 285 9 12 0.038276818 
558 280 9 11 0.038225874 
975 332 12 17 0.038018063 
705 301 16 19 0.03795887 
368 297 9 11 0.037894223 
639 254 9 11 0.037878416 
277 255 8 11 0.03766478 
648 294 9 12 0.037655897 
936 278 9 11 0.03756977 
614 327 10 12 0.037442185 
583 293 10 12 0.037433643 
102 360 23 30 0.03728468 
108 350 24 33 0.037268847 
588 296 10 12 0.03723753 
327 374 10 11 0.03709302 
975 230 10 12 0.03702105 
771 493 31 34 0.036895428 
377 318 10 13 0.03678612 
943 198 7 11 0.036679592 
647 349 13 15 0.036566623 
910 372 18 23 0.036434114 
198 348 22 28 0.036093887 
276 261 10 14 0.036077987 
959 361 14 20 0.035866216 
408 277 8 11 0.03521577 
333 -1 140 145 0.035184406 
897 233 10 13 0.03487025 
686 247 9 11 0.034835648 
569 287 9 12 0.03473007 
529 261 9 11 0.03461586 
585 252 8 11 0.034434218 
544 256 9 11 0.034327585 
553 238 8 11 0.03412632 
408 294 8 10 0.03392388 
399 263 9 11 0.03359785 
586 283 11 13 0.033402707 
296 226 8 11 0.03336631 
390 252 9 11 0.033278283 
5 306 15 21 0.033135653 
351 237 9 11 0.032908842 
796 408 12 15 0.032809053 
568 277 9 12 0.03278336 
878 279 14 17 0.032514945 
327 261 10 12 0.03243946 
682 279 11 14 0.03221415 
190 361 18 23 0.03205611 
400 269 10 12 0.031899907 
309 343 11 13 0.031852182 
770 412 12 14 0.031804614 
685 254 10 13 0.0317292 
726 297 12 16 0.031704012 
614 293 11 13 0.031694118 
252 209 13 17 0.03160846 
670 261 10 12 0.03145385 
316 262 9 12 0.030999454 
664 335 13 16 0.030631404 
592 252 9 12 0.030543664 
972 336 24 31 0.03050078 
399 247 9 11 0.03027177 
342 270 9 11 0.03022104 
390 285 10 11 0.030135298 
262 269 10 13 0.029785465 
721 358 27 27 0.029692536 
953 269 11 14 0.029678976 
551 232 7 9 0.029507441 
384 237 8 10 0.029346807 
140 281 21 28 0.028777536 
374 224 7 10 0.028741265 
0 433 24 35 0.028609464 
349 360 11 13 0.028605612 
780 170 12 16 0.028549984 
510 249 9 10 0.02844922 
166 291 14 18 0.028410552 
745 355 26 26 0.028404064 
416 263 8 10 0.02837885 
104 354 13 17 0.028283957 
380 258 10 12 0.0282329 
380 302 11 12 0.028194293 
375 358 9 11 0.028122466 
998 278 14 18 0.028043473 
624 256 8 9 0.027880749 
924 234 11 13 0.027772136 
171 296 14 20 0.027756123 
964 227 11 13 0.027364371 
986 341 24 31 0.027280305 
897 399 27 38 0.027170166 
883 275 13 17 0.027145535 
251 234 13 18 0.02698668 
599 259 9 11 0.026978541 
881 259 11 14 0.026855867 
617 286 9 11 0.026773904 
718 262 9 13 0.026625121 
615 260 9 11 0.026600737 
292 254 11 13 0.026534734 
398 278 9 12 0.026523555 
570 316 10 13 0.026487997 
556 292 10 12 0.026423432 
550 269 9 11 0.026392447 
760 214 12 15 0.02634131 
202 440 16 19 0.02631846 
964 342 24 32 0.026313476 
1011 277 12 19 0.026253412 
293 357 12 14 0.026246488 
114 363 24 31 0.026227083 
398 239 9 11 0.026206065 
623 314 10 13 0.026187202 
391 303 9 11 0.026170332 
790 228 13 18 0.026162395 
424 272 9 10 0.02612341 
948 286 11 13 0.02582308 
606 358 9 11 0.025763169 
309 266 12 15 0.025568599 
954 245 10 12 0.025337681 
366 310 9 11 0.02530941 
331 247 10 11 0.025239024 
374 352 9 11 0.02510164 
294 389 10 13 0.025095187 
625 267 9 13 0.025076939 
685 270 11 14 0.025016315 
772 223 14 17 0.02495144 
755 229 13 16 0.024706032 
575 300 9 11 0.024699744 
979 333 14 18 0.024623437 
602 358 9 12 0.024596183 
625 240 8 11 0.024586251 
422 278 9 11 0.02457352 
695 315 22 29 0.0245671 
544 237 8 11 0.024564633 
888 236 9 13 0.024411948 
768 232 14 19 0.024330053 
763 333 14 18 0.024311164 
502 247 9 12 0.024185859 
565 267 11 13 0.024155604 
793 224 22 29 0.024124658 
343 245 9 11 0.024115767 
567 301 11 12 0.023942256 
694 390 11 15 0.023796594 
607 259 8 11 0.023582634 
617 316 10 11 0.02353025 
999 245 10 13 0.02310958 
654 302 11 13 0.023109179 
318 268 9 12 0.022977788 
1013 305 11 17 0.022938041 
289 231 9 11 0.022930807 
856 276 11 15 0.022912 
367 240 9 10 0.022747707 
592 231 7 10 0.022647172 
421 287 9 10 0.022578806 
156 179 10 12 0.02249976 
743 259 11 14 0.022456447 
625 278 9 13 0.022453548 
606 249 8 10 0.022437029 
963 339 15 19 0.022428963 
398 286 9 10 0.022357386 
171 282 14 20 0.022234855 
535 256 9 11 0.022151804 
632 335 12 14 0.022119982 
153 282 20 27 0.022047158 
280 407 10 12 0.021964872 
316 348 13 15 0.021936886 
681 247 8 11 0.021930417 
294 226 18 23 0.021890592 
332 319 14 14 0.021851223 
267 333 16 20 0.021840766 
545 247 8 10 0.021701686 
624 217 7 9 0.021397678 
384 286 10 12 0.021321388 
755 421 14 15 0.021217767 
670 298 12 15 0.021166854 
991 229 9 11 0.021105314 
737 308 11 15 0.021088006 
559 255 9 10 0.021062257 
738 331 16 21 0.021036193 
240 412 13 14 0.020968331 
154 234 16 21 0.020946909 
275 389 14 15 0.020918995 
882 248 8 11 0.020875 
675 390 18 20 0.020868875 
205 342 22 28 0.020661324 
345 364 12 15 0.020653289 
732 299 12 15 0.020651853 
496 240 7 9 0.020609163 
239 407 11 12 0.020600358 
260 291 12 16 0.020524384 
592 272 9 12 0.02051468 
983 232 8 10 0.020485196 
731 236 9 12 0.020482354 
126 213 23 31 0.0204464 
424 294 8 10 0.020424567 
256 254 18 24 0.020423125 
965 347 14 19 0.020343369 
637 301 10 12 0.020336246 
438 260 10 11 0.020321727 
352 230 9 12 0.02022002 
302 396 10 12 0.020198362 
265 357 22 26 0.020084241 
575 279 19 22 0.020079067 
691 350 14 15 0.020053089 
562 214 9 11 0.020008214 
