11_Meeting_Meeting_11_Meeting_Meeting_11_663
106
242 217 51 65 0.9981883 
38 506 13 17 0.9635668 
101 479 12 15 0.8764961 
131 481 12 17 0.87420446 
59 510 13 16 0.4863335 
81 508 11 14 0.43007934 
15 511 11 13 0.39956638 
31 526 12 15 0.33171657 
52 484 12 16 0.31907672 
82 479 13 15 0.2980147 
48 490 12 15 0.24836622 
102 516 13 14 0.24452226 
55 480 9 11 0.2282832 
1 510 10 16 0.17345956 
106 532 9 12 0.15893766 
959 335 11 13 0.1580029 
116 499 11 13 0.1561623 
918 334 9 10 0.13340855 
6 513 11 15 0.12897612 
102 524 12 14 0.12454944 
6 486 9 11 0.11324546 
912 332 10 12 0.111877665 
64 483 11 14 0.11064314 
35 529 13 15 0.098893516 
925 289 12 15 0.09722353 
15 487 10 13 0.09310448 
5 533 12 18 0.086442955 
973 271 8 10 0.08098876 
940 344 10 12 0.07955394 
49 479 9 11 0.07899482 
83 513 13 16 0.0718422 
906 327 8 10 0.062938996 
62 503 11 15 0.061720863 
69 479 9 12 0.06111026 
19 486 11 14 0.06088816 
12 532 11 15 0.060675845 
54 500 11 14 0.057653572 
947 291 12 14 0.057532735 
43 502 11 16 0.05730886 
37 486 11 14 0.057220537 
117 509 11 15 0.056975514 
25 525 9 14 0.05661584 
108 511 12 14 0.05588012 
66 515 11 13 0.05587933 
113 496 10 13 0.05535639 
68 508 11 15 0.054446183 
121 478 9 12 0.05402535 
67 524 11 14 0.052151386 
964 339 12 14 0.0506534 
120 531 11 13 0.04940158 
911 349 12 14 0.04917795 
14 503 12 15 0.049060553 
7 490 11 15 0.048227765 
84 503 11 16 0.04771303 
992 268 11 11 0.04724155 
81 532 9 12 0.04108562 
31 485 10 13 0.040180672 
997 267 11 13 0.038921025 
119 515 12 15 0.03869652 
40 479 8 11 0.037275653 
926 347 11 14 0.034269825 
987 339 15 17 0.03410286 
86 531 10 12 0.033840813 
924 335 9 10 0.03379648 
98 482 10 15 0.033240665 
21 516 10 13 0.032823004 
102 504 11 13 0.03206897 
44 513 11 14 0.031754937 
67 501 12 15 0.030386787 
120 472 9 12 0.030345414 
22 541 10 12 0.029759888 
125 524 11 14 0.029608198 
10 506 19 23 0.029183222 
247 22 448 536 0.028800545 
959 294 9 12 0.028775815 
0 504 8 12 0.028557455 
93 507 13 17 0.02816025 
95 522 11 16 0.02809814 
84 523 13 17 0.02758348 
67 532 10 13 0.026981145 
954 334 11 13 0.026829677 
31 517 11 15 0.02680431 
12 523 13 17 0.026751932 
736 288 10 12 0.026596786 
932 291 12 15 0.026379803 
102 506 19 23 0.026350858 
32 502 13 17 0.02555144 
967 296 9 11 0.025515625 
13 486 21 25 0.025253808 
125 517 12 15 0.02519791 
67 489 13 16 0.024793213 
2 481 8 11 0.024188267 
927 277 10 12 0.024106042 
958 331 21 24 0.023913052 
8 501 11 14 0.023406634 
734 293 13 18 0.023299519 
43 530 12 16 0.02298056 
108 446 12 13 0.02143401 
43 194 14 18 0.020986253 
933 343 19 22 0.020862065 
40 490 10 15 0.020602232 
869 311 8 11 0.0204396 
0 508 17 26 0.020425031 
0 556 10 18 0.020389657 
91 449 12 14 0.020346206 
887 325 7 9 0.02004974 
