11_Meeting_Meeting_11_Meeting_Meeting_11_807
62
553 25 44 58 0.99595875 
410 77 46 54 0.9958228 
777 96 51 73 0.99536115 
891 244 74 95 0.9827634 
624 74 43 57 0.98246205 
694 426 84 100 0.95227957 
273 165 63 51 0.8794678 
980 179 30 47 0.46624026 
116 205 44 52 0.20616612 
967 189 48 63 0.18697771 
303 116 33 33 0.13630025 
253 364 62 86 0.09287674 
273 593 26 32 0.07586793 
279 154 38 45 0.06469648 
239 175 81 55 0.05896244 
105 219 43 48 0.056072365 
544 225 30 38 0.0547497 
285 139 53 55 0.050379734 
866 351 56 66 0.04752895 
134 209 58 60 0.046415146 
869 188 103 137 0.04580872 
821 440 35 54 0.044118293 
770 50 44 64 0.042479172 
668 166 63 62 0.041515842 
270 252 33 39 0.04022552 
373 44 39 49 0.038640633 
648 172 115 102 0.038274508 
245 155 33 43 0.03791919 
385 70 18 21 0.036845133 
179 178 138 110 0.03507795 
996 36 12 18 0.034920033 
937 172 79 100 0.034330282 
299 170 39 34 0.0341164 
261 158 37 46 0.03277775 
827 111 27 44 0.031966053 
107 219 108 112 0.029119149 
293 118 54 53 0.028997479 
238 349 57 76 0.028682556 
293 394 273 322 0.02704166 
278 389 56 69 0.026153263 
126 189 41 53 0.025644578 
332 114 16 20 0.025414737 
237 147 31 38 0.025058966 
795 430 54 74 0.024595726 
763 77 49 66 0.024181785 
369 224 24 29 0.023544114 
662 78 30 41 0.022921124 
361 255 35 39 0.022885958 
995 22 25 42 0.022714633 
816 0 21 22 0.022690255 
114 234 62 69 0.02250812 
265 179 41 38 0.022195427 
731 427 92 102 0.021686416 
898 158 91 105 0.021313777 
790 45 49 61 0.021175716 
-89 171 406 485 0.021141859 
710 101 47 53 0.021108877 
635 513 32 33 0.020993471 
325 128 28 36 0.020972846 
261 576 43 60 0.020933121 
355 228 45 55 0.020507691 
781 289 50 67 0.020269204 
