11_Meeting_Meeting_11_Meeting_Meeting_11_189
225
65 367 18 23 0.9862292 
807 145 35 54 0.9621389 
194 389 25 33 0.951163 
254 361 10 14 0.8453754 
100 384 15 22 0.8225247 
395 391 17 22 0.65523046 
418 358 9 10 0.5999925 
159 369 12 15 0.5932504 
424 369 13 15 0.543244 
495 359 11 13 0.5429312 
18 361 10 15 0.51754636 
327 380 9 13 0.48643732 
109 365 9 11 0.40147978 
31 353 13 17 0.33598712 
150 367 11 14 0.2944744 
410 440 14 20 0.29267636 
285 343 9 12 0.27715436 
336 363 10 12 0.27487564 
2 356 11 15 0.2648255 
350 436 12 15 0.251502 
272 375 11 13 0.21734767 
364 419 13 17 0.2060212 
258 450 15 23 0.18413475 
137 366 8 10 0.18397479 
409 373 10 13 0.18139547 
224 359 8 10 0.17325974 
334 374 9 12 0.17243043 
22 349 11 14 0.14305231 
144 366 10 12 0.14074314 
300 398 11 13 0.13530944 
166 359 9 11 0.1337957 
230 365 8 11 0.1268233 
374 356 9 12 0.1266929 
44 357 11 14 0.12289241 
259 363 10 13 0.12226686 
0 361 12 17 0.121816464 
44 379 15 19 0.11983375 
238 367 9 11 0.11957602 
3 372 12 15 0.11305765 
251 360 9 11 0.111919895 
277 367 12 14 0.11112801 
158 347 9 11 0.11032073 
128 395 10 13 0.110214286 
153 454 28 32 0.10748781 
106 360 9 12 0.10616845 
217 359 7 9 0.10209258 
379 378 13 16 0.09346849 
222 388 14 17 0.09132621 
393 365 10 13 0.08738916 
393 360 9 11 0.08666233 
408 368 9 11 0.08475005 
309 374 9 11 0.07566739 
240 371 9 12 0.07338329 
297 356 9 11 0.072934926 
120 419 11 15 0.071720175 
18 349 10 12 0.068628885 
183 367 8 11 0.06825395 
231 361 7 9 0.06484855 
348 408 14 17 0.064537935 
343 442 13 16 0.06427062 
407 377 12 16 0.06389786 
301 381 12 13 0.06346513 
472 380 11 13 0.061692413 
173 348 8 11 0.060427826 
259 455 22 28 0.057431966 
261 466 25 34 0.057077866 
303 367 10 11 0.057053305 
300 389 11 13 0.05499567 
133 391 10 13 0.053432122 
154 344 8 11 0.052396104 
30 343 10 13 0.05212953 
18 346 20 22 0.050750826 
282 347 10 13 0.049791537 
332 378 10 13 0.049408402 
138 361 7 9 0.0490647 
169 348 7 10 0.048961725 
296 351 9 12 0.048391353 
382 395 14 17 0.04800907 
296 402 11 14 0.047986925 
73 364 14 20 0.047593284 
300 351 9 12 0.046487305 
391 370 12 14 0.046223644 
375 373 13 17 0.045413055 
368 381 11 14 0.045054745 
271 368 11 13 0.044339363 
36 350 12 16 0.043856945 
160 359 10 11 0.04359189 
366 387 11 13 0.043101065 
519 361 9 11 0.04275093 
151 407 10 13 0.042466585 
110 371 11 14 0.04207362 
205 381 13 17 0.0400121 
133 414 10 11 0.039116357 
175 415 11 15 0.03889173 
499 362 11 14 0.038801063 
253 389 10 14 0.037604943 
107 381 13 18 0.037376005 
340 364 10 14 0.036331672 
209 392 15 22 0.036250897 
102 414 9 13 0.03610907 
145 369 11 14 0.0352682 
234 463 19 20 0.03515554 
412 431 11 14 0.0347258 
224 370 12 13 0.03462032 
313 402 10 14 0.034499567 
117 404 11 13 0.034186818 
359 428 12 15 0.034078334 
407 420 12 13 0.03405105 
176 365 9 13 0.033986975 
491 358 10 13 0.03394709 
374 403 11 14 0.03390413 
14 356 17 23 0.033752948 
429 379 12 15 0.033156663 
333 395 11 14 0.033039957 
51 378 12 17 0.03296701 
172 372 10 13 0.032599043 
31 377 13 18 0.03227066 
249 394 13 17 0.032074925 
340 374 11 13 0.03202219 
11 378 15 18 0.03200096 
397 372 9 13 0.031587705 
135 370 10 12 0.0315441 
349 381 12 15 0.031165859 
362 435 14 17 0.031131817 
309 379 10 13 0.030966813 
184 371 10 13 0.030765956 
71 421 12 16 0.030737394 
279 357 10 11 0.030646747 
428 360 11 13 0.030614585 
150 363 18 23 0.030392975 
16 399 12 14 0.030259144 
357 388 12 13 0.030251242 
87 384 14 19 0.030182105 
200 372 11 14 0.030017583 
70 360 12 16 0.02988576 
398 382 10 16 0.029715523 
415 353 18 22 0.029572064 
251 359 18 22 0.029322067 
207 367 9 11 0.029268969 
33 371 22 25 0.029042264 
157 400 10 11 0.029019678 
93 400 15 18 0.028948683 
255 383 10 13 0.028864464 
248 467 27 32 0.028781105 
475 375 10 13 0.028751906 
334 390 10 12 0.028743181 
376 364 10 13 0.028678814 
78 360 10 13 0.028618742 
462 391 11 14 0.028605595 
1 377 11 16 0.028511517 
388 380 14 17 0.028456418 
511 364 10 13 0.028437389 
415 362 13 16 0.028422743 
375 397 13 15 0.02837898 
19 368 14 18 0.028342351 
143 406 11 14 0.028156249 
398 432 25 31 0.027992694 
134 406 11 13 0.027991284 
84 365 10 14 0.02786179 
117 382 10 14 0.02768818 
272 452 29 34 0.02767485 
118 388 11 14 0.027653022 
34 359 15 18 0.02740872 
350 367 10 12 0.026942778 
234 590 16 16 0.026927723 
468 436 14 16 0.02679415 
407 424 21 27 0.026689736 
343 379 10 14 0.026647583 
209 360 8 10 0.026479993 
54 371 13 19 0.026457073 
144 466 28 39 0.026340565 
464 382 10 12 0.026065528 
106 390 13 19 0.026031863 
118 395 12 14 0.025809754 
421 423 10 13 0.025776029 
205 397 23 30 0.02577338 
438 382 10 13 0.02576221 
492 357 19 23 0.025578052 
381 356 10 13 0.025572447 
128 403 11 14 0.025492331 
89 381 22 27 0.025344223 
287 354 10 12 0.02528198 
155 416 24 27 0.025083873 
502 378 10 13 0.024910308 
142 361 8 10 0.024708893 
286 336 7 10 0.024661498 
221 409 14 18 0.024554806 
205 373 12 14 0.024257604 
239 360 7 10 0.024179265 
402 398 15 19 0.023802763 
128 367 7 10 0.023534598 
463 437 12 16 0.023391975 
262 381 10 13 0.023052387 
323 376 19 24 0.022931855 
344 406 11 15 0.022846058 
397 360 8 10 0.022660492 
357 409 19 24 0.022584168 
412 420 12 14 0.022503002 
281 337 18 24 0.022488244 
357 405 12 15 0.02233153 
352 387 11 13 0.02230606 
45 361 13 17 0.02215981 
309 368 9 11 0.022035437 
407 413 12 15 0.02193729 
241 460 18 19 0.021918323 
217 396 20 25 0.021751272 
214 364 10 13 0.021746203 
550 383 10 12 0.021577679 
1 412 15 16 0.02148568 
128 372 9 12 0.021312574 
70 351 9 13 0.021264188 
223 353 7 9 0.021222774 
332 437 13 16 0.02119664 
255 446 15 18 0.021182023 
189 372 11 13 0.020948263 
366 407 12 16 0.020814538 
381 386 15 18 0.020775964 
270 349 10 13 0.02050548 
467 417 15 16 0.020497708 
566 366 10 12 0.020303482 
93 373 11 14 0.020296425 
220 359 20 24 0.020255841 
321 386 11 14 0.020162307 
174 358 9 12 0.020149395 
84 371 12 17 0.020104518 
