58_Hockey_icehockey_puck_58_403
52
295 96 55 63 0.9740761 
259 109 58 66 0.61508155 
80 275 62 76 0.54201293 
575 211 64 74 0.54026484 
120 322 213 299 0.33847204 
990 159 30 35 0.336181 
220 197 343 424 0.29850784 
263 237 32 38 0.2513055 
614 202 92 100 0.21183057 
47 105 209 256 0.15653794 
782 324 27 39 0.10973004 
21 4 341 422 0.09415402 
66 274 388 477 0.09013151 
788 416 36 35 0.08925441 
174 254 207 272 0.07523046 
355 288 230 278 0.070861526 
804 420 30 29 0.06665608 
351 337 47 56 0.064275086 
121 156 192 233 0.05980566 
81 226 103 140 0.058700155 
254 126 39 55 0.054449096 
564 146 69 59 0.051050458 
386 203 347 468 0.047393136 
216 253 27 36 0.04503818 
374 349 35 45 0.044668008 
762 321 42 52 0.044356197 
259 72 55 71 0.04343782 
524 292 48 57 0.042632468 
561 161 87 93 0.04074713 
410 98 29 37 0.039246485 
534 411 235 260 0.037827853 
346 325 37 49 0.03599545 
389 363 35 46 0.03523497 
48 257 52 64 0.03292723 
673 474 61 56 0.03140876 
78 289 42 46 0.030900514 
580 406 121 134 0.029777737 
526 403 125 152 0.026492275 
796 342 15 20 0.026289573 
909 271 29 29 0.02573288 
608 199 378 496 0.025705352 
616 493 122 104 0.02510796 
769 345 33 38 0.025021942 
816 420 18 19 0.024428029 
165 340 134 161 0.024133617 
701 468 62 51 0.023830686 
540 216 87 92 0.023316503 
831 159 28 30 0.020984568 
669 461 26 35 0.020838274 
162 138 38 41 0.020628564 
973 487 12 15 0.020469505 
231 106 78 104 0.020372188 
