58_Hockey_icehockey_puck_58_753
47
887 376 54 99 0.99565154 
344 508 36 40 0.6057622 
561 300 27 32 0.600564 
896 186 19 27 0.4651203 
177 543 51 71 0.4320028 
359 498 38 42 0.18814316 
765 159 12 17 0.16749652 
819 525 45 59 0.15914159 
558 288 23 35 0.13463046 
585 328 49 57 0.107696995 
530 396 27 32 0.1032949 
1003 158 17 25 0.08631084 
169 109 11 13 0.08033278 
328 487 42 57 0.07147215 
368 482 42 51 0.052092638 
455 122 11 13 0.049471885 
567 287 41 48 0.049004726 
91 -5 401 516 0.043822005 
502 622 129 131 0.038222864 
138 512 42 39 0.036117926 
830 500 30 49 0.03533904 
340 442 37 33 0.032958094 
825 237 17 20 0.032498926 
525 154 12 16 0.030359551 
937 149 25 30 0.0300805 
572 303 46 49 0.029220097 
313 591 25 30 0.028702345 
698 337 42 51 0.025707275 
676 331 41 51 0.025565496 
903 188 24 28 0.025472168 
815 238 27 32 0.024935046 
135 521 58 66 0.023970746 
301 597 26 34 0.023930771 
676 549 113 129 0.023110913 
593 323 32 40 0.02297146 
841 499 49 66 0.022848742 
315 585 17 20 0.022684233 
947 148 18 22 0.022648498 
407 249 367 461 0.022066096 
741 219 30 41 0.021931034 
809 218 85 121 0.021727217 
490 132 56 78 0.02162182 
172 112 11 14 0.021004997 
993 150 23 33 0.020782866 
709 355 27 30 0.020662202 
940 98 11 13 0.020440083 
520 384 45 52 0.020122055 
