58_Hockey_icehockey_puck_58_469
316
551 210 35 42 0.994562 
368 239 38 41 0.990328 
338 112 16 21 0.9727147 
88 2 17 21 0.96075386 
163 81 17 23 0.9547042 
304 55 17 22 0.9508897 
481 87 16 21 0.9343607 
24 82 20 26 0.9321158 
619 110 21 26 0.9294809 
67 92 19 25 0.9223701 
333 73 19 23 0.9096348 
414 24 19 24 0.90448576 
464 11 18 22 0.8880716 
101 83 18 23 0.8876718 
647 113 17 22 0.887314 
571 105 19 21 0.87827414 
398 85 20 24 0.8400823 
499 22 14 19 0.8266332 
783 157 16 21 0.81396717 
4 45 20 28 0.7859818 
551 139 19 24 0.76228017 
215 58 20 24 0.7424529 
258 48 15 19 0.6969975 
828 118 16 20 0.6761811 
888 68 13 17 0.64942557 
721 22 16 21 0.6288873 
357 61 18 20 0.6082193 
739 134 14 18 0.6063744 
130 11 17 22 0.5954237 
684 26 13 17 0.5589395 
902 164 13 18 0.5329815 
926 154 14 18 0.5021185 
839 162 12 18 0.49237555 
701 170 23 28 0.44170237 
867 117 14 17 0.440583 
478 0 14 19 0.4276476 
627 178 18 21 0.41259328 
524 164 15 20 0.40425485 
879 93 11 13 0.35968763 
622 0 13 13 0.34626162 
78 177 21 25 0.2897369 
264 69 12 15 0.27971378 
862 159 14 19 0.2703428 
1 111 22 29 0.26550618 
291 173 13 16 0.25242677 
111 179 16 20 0.24936989 
279 133 10 13 0.2320812 
949 75 14 18 0.23175117 
428 174 13 17 0.23119599 
372 90 13 18 0.21672416 
604 18 17 20 0.21335693 
924 124 11 14 0.2118454 
162 28 14 19 0.2111052 
856 186 14 17 0.20971832 
201 11 16 20 0.20166963 
0 59 19 32 0.20019485 
904 115 12 16 0.1845705 
823 70 13 17 0.1625611 
293 130 14 18 0.15874563 
856 18 10 13 0.15736075 
57 159 15 17 0.1344256 
581 -1 14 13 0.117530495 
916 176 14 16 0.11290713 
460 178 15 22 0.10779142 
16 76 21 30 0.105096795 
309 109 21 25 0.10506572 
158 184 23 27 0.101902954 
501 498 29 35 0.09672339 
908 170 13 17 0.0887957 
220 48 22 28 0.08798854 
633 110 21 26 0.08607939 
287 124 13 16 0.085957006 
912 87 9 11 0.08588488 
303 93 11 13 0.08097276 
877 22 11 15 0.08033192 
711 6 12 15 0.07512884 
150 49 13 16 0.07391843 
268 96 22 26 0.07321964 
108 147 10 14 0.07217812 
20 137 13 17 0.071538106 
542 35 15 19 0.07104704 
487 9 22 26 0.06922348 
588 0 14 12 0.06868659 
617 180 27 33 0.06862004 
601 265 51 67 0.06696661 
276 70 10 13 0.06691219 
915 95 10 13 0.06487785 
548 9 16 20 0.064284764 
480 3 22 28 0.06367365 
157 157 9 13 0.06289852 
619 100 18 21 0.062072545 
662 137 17 22 0.061229777 
91 200 15 17 0.061086036 
921 121 10 13 0.060207166 
852 146 15 19 0.06009097 
852 154 16 22 0.059608657 
235 104 17 21 0.059031453 
508 0 12 12 0.058943924 
137 16 14 19 0.058668848 
948 116 13 16 0.05819861 
521 213 23 28 0.057947073 
127 4 16 20 0.05707784 
222 289 12 14 0.0570147 
560 143 15 21 0.05584144 
366 180 16 20 0.055795 
354 172 13 16 0.055620242 
51 182 16 18 0.055319197 
287 167 13 16 0.055078886 
832 162 13 18 0.055058904 
844 155 14 22 0.05411771 
827 149 14 18 0.053998593 
760 13 13 14 0.053386122 
181 193 13 18 0.05293827 
473 5 16 24 0.05279957 
240 151 12 13 0.051538464 
693 153 13 17 0.050895542 
182 126 11 14 0.05085186 
49 193 16 19 0.047760695 
309 120 16 20 0.04678633 
731 200 17 16 0.0465879 
726 306 15 20 0.046134543 
936 183 10 13 0.045385335 
1 75 16 24 0.045232948 
548 0 12 12 0.04481515 
534 43 14 17 0.04442264 
506 512 18 22 0.043655254 
296 122 20 27 0.043005187 
222 365 9 13 0.042284966 
729 301 38 47 0.042206813 
12 148 13 15 0.042063992 
576 0 13 12 0.041990377 
423 177 13 17 0.04153816 
237 33 13 16 0.04080497 
114 5 23 28 0.040707827 
126 98 13 17 0.040694945 
901 42 11 14 0.040533617 
510 162 12 16 0.040158946 
471 88 16 20 0.040155232 
502 146 15 19 0.03966842 
881 190 11 14 0.039556004 
323 109 20 25 0.039499532 
262 70 19 24 0.039132103 
782 90 15 17 0.038991537 
610 170 27 34 0.037648648 
401 -1 18 15 0.037512876 
858 14 13 15 0.037464034 
597 23 16 20 0.03694461 
931 149 13 16 0.03659371 
543 0 12 11 0.036526777 
521 520 22 29 0.036464535 
151 157 12 14 0.036337823 
233 49 16 19 0.035992306 
502 0 16 19 0.03595447 
210 18 15 20 0.03561518 
497 10 20 26 0.03554654 
220 0 13 11 0.035425715 
906 109 12 16 0.035240743 
237 162 14 18 0.035101037 
380 463 41 36 0.035067894 
945 94 10 14 0.034953937 
268 62 10 14 0.034579284 
10 38 15 18 0.03418888 
919 161 15 18 0.03367454 
499 58 16 19 0.033670317 
143 51 12 16 0.033505555 
531 59 16 19 0.033111632 
277 164 11 15 0.03290507 
533 2 15 16 0.032774758 
707 159 26 31 0.03255639 
875 44 11 14 0.03222185 
21 145 13 16 0.03218767 
505 19 14 20 0.032103613 
934 143 11 13 0.032060523 
12 352 166 217 0.031883877 
6 130 13 19 0.03179905 
547 52 16 21 0.03171301 
805 248 15 18 0.031617846 
10 123 20 28 0.03137166 
230 332 11 14 0.031347748 
682 176 13 18 0.030910918 
939 147 12 15 0.030703453 
728 190 27 28 0.03039171 
104 142 11 15 0.030340465 
501 165 13 16 0.030067192 
261 56 13 16 0.029705586 
583 105 14 20 0.02956285 
667 195 14 19 0.029525725 
979 220 13 16 0.029425172 
156 181 17 20 0.029362874 
782 98 15 19 0.029257877 
601 25 23 27 0.029213011 
171 200 15 17 0.029178564 
949 175 11 14 0.029099027 
610 13 16 20 0.02906425 
951 157 10 14 0.029048659 
328 165 10 12 0.029011399 
492 140 13 17 0.028846197 
883 99 11 13 0.028680487 
922 179 12 15 0.0285023 
327 78 17 21 0.028480826 
230 291 12 15 0.028354634 
927 144 10 13 0.028335923 
160 306 95 125 0.028288659 
417 1 17 18 0.02828655 
822 51 11 13 0.028255202 
302 103 22 27 0.02805992 
873 28 12 15 0.028002782 
665 5 15 19 0.027976474 
84 162 16 18 0.027936513 
118 150 14 16 0.02786708 
428 162 17 22 0.027848149 
131 21 16 21 0.02772524 
714 306 24 29 0.027671682 
881 68 12 16 0.027550248 
147 185 23 31 0.027492037 
133 82 15 18 0.026956433 
405 139 13 16 0.026687853 
293 118 12 16 0.026603548 
454 28 20 26 0.026588853 
896 39 11 14 0.026485065 
132 97 14 18 0.026455026 
934 102 11 15 0.026272384 
532 49 15 20 0.026267195 
368 172 17 20 0.026255287 
151 90 13 16 0.026240835 
163 38 15 20 0.026230223 
844 38 11 13 0.026096031 
866 187 11 15 0.025987078 
207 5 25 26 0.025949728 
507 153 15 20 0.025876785 
741 0 13 12 0.025865551 
107 8 17 20 0.025863357 
398 149 11 14 0.025862312 
974 148 11 14 0.025803365 
945 71 12 16 0.02570144 
935 83 10 14 0.025599515 
904 103 11 14 0.025545958 
911 99 12 15 0.025476178 
853 0 14 13 0.025341861 
168 186 19 23 0.025031505 
543 142 18 22 0.024819877 
188 74 13 16 0.02455804 
488 71 21 26 0.024444964 
637 0 14 13 0.024400841 
462 89 14 18 0.024347184 
150 26 13 17 0.024308976 
829 52 10 12 0.024259113 
237 28 21 29 0.024098402 
452 156 13 14 0.02401933 
296 90 12 16 0.023891337 
155 49 14 17 0.023738706 
350 63 19 24 0.023690177 
615 2 13 15 0.023572883 
787 104 14 19 0.023369176 
369 60 17 21 0.023244526 
165 199 15 17 0.023207126 
156 41 15 19 0.023205677 
620 294 30 34 0.02318143 
164 229 30 40 0.023037896 
98 7 16 19 0.023031719 
365 86 15 19 0.022931945 
302 207 10 13 0.022914778 
820 44 11 15 0.022872409 
812 165 11 14 0.022843465 
818 36 12 15 0.022784708 
296 212 12 15 0.02277641 
265 44 15 19 0.022768557 
46 200 14 17 0.022760957 
738 190 29 32 0.022755101 
459 20 18 23 0.02273612 
546 26 17 21 0.02272301 
787 45 14 18 0.022663396 
301 117 14 17 0.02264053 
829 62 11 15 0.022562569 
906 121 13 15 0.022531306 
847 13 11 14 0.022530003 
526 45 13 16 0.022525651 
246 51 10 15 0.0224945 
540 0 21 23 0.022427855 
730 297 23 32 0.022123465 
173 86 21 27 0.022094175 
447 153 12 15 0.022062441 
871 137 11 15 0.021945681 
517 157 15 20 0.021928014 
507 169 15 18 0.021776076 
243 40 19 27 0.021714117 
740 297 15 20 0.021689354 
877 137 11 15 0.021683568 
279 188 14 16 0.021503601 
885 113 13 16 0.021444604 
410 0 17 14 0.0214112 
931 125 11 14 0.021374004 
928 42 11 14 0.021372069 
143 186 12 17 0.021316797 
218 3 18 19 0.021271087 
202 75 14 17 0.021207524 
727 -1 14 12 0.021031886 
537 52 20 27 0.020948196 
453 163 14 16 0.020835519 
899 130 15 19 0.020699408 
623 213 26 29 0.020677984 
856 71 10 12 0.020621177 
83 187 22 25 0.020602118 
495 68 21 25 0.020517386 
117 17 13 18 0.020507773 
282 92 12 15 0.02043972 
628 488 22 27 0.020423744 
326 173 11 13 0.020404192 
574 93 22 27 0.020391515 
882 20 11 14 0.020310434 
158 22 15 19 0.020276798 
236 293 13 16 0.020208739 
194 97 16 22 0.02011122 
902 189 13 15 0.020109413 
996 177 14 18 0.020081433 
516 0 13 12 0.020024197 
