58_Hockey_icehockey_puck_58_262
848
383 238 12 16 0.9784676 
324 236 11 15 0.97728556 
269 319 13 17 0.97129434 
350 248 10 13 0.9689765 
567 213 11 14 0.9477408 
207 237 10 14 0.94149095 
550 226 11 14 0.94144213 
49 329 14 18 0.8716858 
470 188 11 15 0.85908145 
429 203 10 14 0.8397837 
206 332 15 21 0.70613974 
467 254 13 16 0.69675654 
347 273 12 16 0.68778986 
324 330 11 15 0.6522284 
15 628 28 47 0.584545 
423 47 13 17 0.56070554 
800 80 8 11 0.53873265 
538 245 13 16 0.53033626 
774 491 15 17 0.49782094 
320 413 10 13 0.43273795 
560 23 8 10 0.39179865 
295 324 14 18 0.36264163 
529 31 8 9 0.35977086 
831 76 10 12 0.3550845 
365 37 11 14 0.33920178 
723 45 8 10 0.33835682 
100 627 40 34 0.33664292 
836 7 8 10 0.33212727 
865 89 10 12 0.3176149 
24 46 11 15 0.31495437 
445 70 13 17 0.3131209 
775 84 9 12 0.2933766 
101 310 10 12 0.28323168 
479 7 9 10 0.26792493 
535 7 8 9 0.25098327 
777 23 9 11 0.24599728 
270 365 9 12 0.24321134 
789 47 9 12 0.23985909 
339 2 11 14 0.23706116 
505 238 8 11 0.2301574 
754 20 9 11 0.22942702 
494 48 10 12 0.22257157 
558 45 7 10 0.21493758 
847 88 8 10 0.21233514 
46 47 9 12 0.2116978 
423 230 11 13 0.21150997 
2 29 8 11 0.19150004 
882 73 8 10 0.16989088 
565 22 8 10 0.16935517 
512 32 7 10 0.16544239 
485 8 9 10 0.16417572 
750 72 8 10 0.15264188 
756 16 9 11 0.14865787 
837 73 8 10 0.14812896 
579 32 7 9 0.14577812 
308 293 12 15 0.14529309 
230 25 8 10 0.14420764 
429 7 12 13 0.14292201 
324 0 11 12 0.14229044 
770 7 8 10 0.13951553 
591 22 8 10 0.13658462 
567 8 7 9 0.13658081 
452 197 14 16 0.13213983 
839 25 9 12 0.13005598 
436 238 11 14 0.1292795 
752 56 7 8 0.12845576 
421 235 10 12 0.12700254 
625 39 9 10 0.123935 
323 316 13 15 0.12328383 
658 6 8 10 0.12225316 
567 14 9 11 0.11805037 
776 28 9 12 0.11669678 
352 311 8 10 0.1158945 
600 31 8 10 0.11551656 
737 15 7 9 0.11441937 
632 72 7 9 0.11232908 
440 308 10 12 0.11102374 
286 223 9 12 0.110280864 
438 92 9 12 0.106885806 
182 16 8 9 0.10535068 
461 220 8 11 0.10428332 
382 277 9 11 0.103332534 
473 5 9 13 0.10305082 
946 0 9 9 0.10288353 
180 48 9 11 0.10275086 
324 416 12 17 0.10233586 
502 22 8 10 0.10050851 
446 20 10 13 0.10003202 
766 37 8 10 0.098615505 
56 63 9 12 0.09744494 
374 315 11 12 0.09702742 
261 14 8 11 0.09679186 
508 240 9 11 0.09661439 
533 45 10 13 0.0964311 
553 15 7 9 0.09572218 
503 47 9 11 0.09566701 
336 286 9 11 0.09553805 
662 64 8 10 0.09264697 
333 357 12 15 0.09198303 
424 172 8 11 0.09167877 
369 343 9 12 0.09129605 
218 7 9 12 0.0904544 
433 238 9 12 0.089238346 
328 353 12 17 0.088564366 
768 33 7 10 0.08841753 
426 199 10 14 0.088380136 
695 52 8 10 0.08693082 
368 255 10 11 0.086137235 
782 14 9 9 0.086019516 
610 14 7 10 0.08575682 
37 64 8 10 0.085729085 
765 48 9 11 0.083920114 
926 30 10 12 0.08381818 
663 31 8 10 0.0829033 
303 346 10 12 0.08189794 
54 0 8 9 0.080941804 
33 17 7 10 0.07987932 
720 8 7 9 0.079172246 
375 269 9 12 0.079027236 
725 40 8 11 0.07847713 
673 5 7 9 0.07841089 
621 93 9 12 0.07836914 
104 72 9 12 0.07701254 
703 64 7 9 0.07644376 
417 262 8 11 0.076257974 
484 37 9 11 0.07602759 
215 32 9 11 0.07597827 
417 237 10 13 0.07585024 
487 13 9 11 0.07574532 
206 23 8 10 0.0755276 
678 31 8 9 0.07542971 
366 268 10 12 0.075143754 
793 29 8 11 0.07502894 
672 54 7 10 0.07473657 
980 0 10 12 0.07456434 
608 46 7 9 0.074471846 
616 80 7 9 0.07389568 
752 6 10 10 0.07314965 
336 341 9 13 0.07284323 
54 54 8 9 0.07210301 
447 14 11 15 0.07179855 
240 362 13 16 0.0717057 
769 13 8 11 0.07160456 
857 32 8 9 0.07132742 
15 40 8 10 0.07050628 
884 76 9 11 0.06981364 
903 88 8 10 0.06978826 
830 85 9 10 0.069144264 
158 56 9 11 0.06911 
328 395 9 12 0.06890262 
496 23 8 10 0.06890214 
631 33 8 9 0.06866504 
77 54 10 12 0.06734392 
733 57 8 10 0.06713741 
48 7 8 10 0.06695572 
447 46 10 11 0.06687089 
318 271 9 12 0.06679817 
734 62 7 10 0.0666861 
120 70 10 11 0.06668351 
510 47 7 10 0.06657118 
786 69 8 9 0.06627177 
66 621 60 51 0.06613872 
570 217 12 14 0.06613021 
552 9 7 9 0.066118844 
289 366 10 12 0.0657828 
368 261 11 14 0.0656365 
785 64 8 10 0.065489426 
320 357 9 13 0.06539837 
729 1 7 7 0.065183744 
911 32 8 11 0.06483593 
727 8 8 9 0.06479167 
553 39 9 11 0.06468892 
248 0 12 12 0.06467596 
541 240 10 13 0.06457877 
45 41 9 11 0.06399518 
763 47 7 10 0.0634816 
607 70 7 9 0.06346864 
428 1 12 11 0.06285789 
105 76 11 14 0.06272798 
26 102 17 20 0.062178332 
477 1 9 9 0.061452083 
49 22 8 10 0.061443556 
659 32 7 9 0.061393533 
779 495 15 17 0.061226625 
386 339 10 13 0.06112716 
307 13 10 12 0.061123125 
366 277 8 11 0.061108608 
2 68 12 15 0.06101822 
743 31 8 10 0.06073315 
729 54 8 10 0.060657367 
770 84 8 11 0.060506515 
461 192 14 17 0.060137033 
399 270 10 12 0.06008221 
279 346 13 17 0.05999949 
353 408 10 13 0.05999623 
277 391 12 15 0.059903126 
565 242 10 12 0.059812497 
89 64 8 11 0.059786975 
41 47 9 12 0.059613112 
294 371 13 16 0.05944091 
210 324 19 22 0.05911818 
526 278 7 10 0.0589699 
640 30 8 10 0.058928117 
321 311 10 13 0.058417134 
310 243 10 13 0.058365062 
1000 0 9 9 0.058261674 
869 0 9 8 0.058171302 
327 268 12 15 0.057743426 
709 39 8 10 0.057397466 
800 56 7 9 0.05731543 
159 61 9 11 0.057213813 
6 635 24 42 0.057020817 
424 662 9 11 0.05670382 
206 374 8 11 0.056144927 
581 7 8 9 0.05603294 
502 233 7 10 0.055783365 
462 293 8 11 0.05578262 
607 65 8 10 0.055583384 
614 6 7 10 0.05540624 
863 24 8 11 0.055277444 
456 219 9 12 0.055274073 
680 56 9 10 0.055267505 
530 36 8 10 0.055217993 
554 222 12 15 0.055155687 
34 63 8 10 0.055060335 
790 70 7 9 0.05504232 
848 104 10 12 0.05501156 
512 13 8 11 0.054989327 
696 70 8 10 0.054941572 
582 229 11 13 0.05402426 
32 31 7 10 0.053302262 
196 260 11 15 0.05311994 
559 28 8 9 0.053110786 
648 55 8 10 0.05265783 
705 8 8 9 0.052545458 
624 33 8 9 0.05253594 
1 44 9 13 0.05240904 
898 39 8 10 0.05210023 
616 71 8 9 0.051827446 
253 3 11 14 0.051765174 
760 108 9 11 0.051617436 
585 289 7 9 0.051392287 
582 37 7 9 0.051373575 
446 203 13 15 0.05121037 
607 31 7 9 0.051095143 
766 96 8 9 0.05094077 
528 26 8 11 0.05079553 
560 8 8 9 0.050611205 
623 73 7 9 0.05050982 
622 79 7 8 0.050342645 
865 0 9 8 0.04990635 
633 55 7 10 0.049900297 
710 8 8 10 0.049835503 
31 52 9 11 0.049759034 
230 381 9 12 0.049746796 
327 275 10 13 0.04941865 
729 72 8 9 0.04941662 
687 55 8 9 0.0493394 
265 54 7 9 0.049332924 
472 2 9 9 0.049319364 
647 85 8 10 0.04915631 
372 347 9 12 0.048740305 
6 39 9 11 0.048564058 
805 86 9 10 0.04850353 
229 309 9 12 0.04847719 
622 22 8 10 0.048405144 
341 374 8 10 0.047670715 
18 45 10 13 0.047522426 
645 23 9 11 0.047496945 
639 9 8 9 0.047239047 
296 272 9 11 0.047222424 
444 7 10 12 0.04713102 
530 7 8 10 0.047086112 
761 39 8 9 0.04704736 
422 224 11 13 0.04704603 
177 350 8 11 0.04691577 
609 41 7 8 0.0467618 
416 29 9 12 0.046709463 
591 64 7 10 0.04668177 
278 40 10 12 0.046662744 
470 24 8 10 0.04637911 
992 20 10 11 0.046285585 
633 88 7 8 0.04626404 
392 262 10 12 0.046034917 
774 7 9 11 0.045977958 
424 168 9 11 0.04590241 
713 79 7 9 0.04583286 
672 47 7 10 0.045818266 
719 87 7 9 0.04572712 
416 243 11 14 0.0456459 
378 276 9 11 0.045462154 
533 40 9 11 0.045364868 
727 102 8 10 0.045241907 
665 48 7 9 0.045101788 
674 39 7 10 0.045031637 
849 1 8 8 0.04499551 
655 47 7 9 0.044967588 
749 94 9 11 0.044833187 
578 37 8 10 0.044628043 
39 52 9 11 0.044607393 
790 94 9 11 0.044603214 
560 64 9 10 0.04455482 
617 23 8 9 0.044406153 
551 63 9 11 0.04428336 
782 7 9 10 0.04426278 
109 84 14 18 0.044146474 
263 41 9 10 0.043958653 
276 364 10 12 0.043679506 
610 1 8 9 0.04365197 
272 44 10 13 0.043372642 
579 252 10 12 0.043209743 
633 78 8 10 0.043202113 
373 253 9 12 0.04292815 
827 78 7 10 0.0428885 
403 276 11 13 0.042790797 
32 334 8 9 0.042734955 
689 15 9 11 0.04270644 
737 22 7 10 0.04267158 
208 28 8 11 0.04254414 
455 259 11 13 0.042540155 
664 24 8 10 0.042538524 
656 40 7 9 0.042485204 
854 103 8 10 0.042431574 
239 397 12 14 0.04241334 
690 39 7 9 0.042379342 
776 35 8 11 0.04233063 
156 4 13 16 0.04223313 
891 18 11 13 0.042069107 
577 47 7 9 0.041948244 
873 110 8 10 0.041931465 
178 14 9 10 0.041931152 
416 253 9 12 0.041926827 
340 293 12 14 0.041914035 
663 15 8 10 0.04162032 
563 213 9 12 0.041608755 
594 30 7 10 0.04153925 
493 84 11 14 0.041469153 
1 74 11 16 0.04146825 
800 25 8 10 0.041442975 
80 626 27 34 0.041433133 
689 306 13 16 0.041333318 
615 31 8 9 0.04124492 
448 190 9 12 0.041217096 
448 255 8 12 0.041159555 
177 7 9 12 0.041115224 
704 23 8 10 0.04103001 
631 15 8 10 0.040926553 
104 84 11 15 0.04089961 
830 94 9 10 0.040834453 
453 191 12 14 0.040799186 
299 320 12 14 0.04072007 
502 1 9 9 0.04063747 
440 212 11 13 0.040497363 
31 38 7 10 0.04045732 
736 1 7 7 0.040402036 
334 40 8 11 0.040296655 
497 29 7 10 0.040289048 
641 80 7 10 0.04024228 
78 60 10 12 0.040229842 
263 349 10 14 0.040202767 
62 333 9 13 0.040044755 
897 88 8 10 0.039914202 
808 93 9 11 0.03988724 
489 20 8 11 0.039825104 
519 47 8 10 0.03974078 
784 39 7 9 0.039701637 
437 6 12 14 0.039603192 
616 85 8 10 0.0395353 
377 242 11 14 0.039527427 
320 240 13 16 0.039521914 
534 11 10 11 0.039328232 
536 2 8 9 0.039326616 
890 116 9 12 0.039215527 
457 244 9 11 0.039186936 
783 1 8 8 0.03897915 
336 383 9 10 0.03895488 
1000 4 10 11 0.038867246 
719 63 7 10 0.038851734 
638 96 8 9 0.038771812 
887 1 11 9 0.038676094 
729 14 7 9 0.03849737 
689 48 8 10 0.03847965 
339 357 10 14 0.038321964 
785 53 8 10 0.038305685 
31 68 8 11 0.038225595 
296 337 11 15 0.03819903 
263 20 9 12 0.038173757 
753 62 8 9 0.03810532 
48 13 8 11 0.03807799 
775 70 7 9 0.037989113 
384 363 10 13 0.03793579 
479 21 8 11 0.03787576 
456 238 9 13 0.037858736 
263 357 11 14 0.037832323 
575 227 11 15 0.03771971 
798 74 18 23 0.03768842 
437 232 10 12 0.037631094 
517 7 9 10 0.037588634 
610 79 7 10 0.037357926 
730 62 7 10 0.037232038 
432 242 12 14 0.037188962 
777 54 6 8 0.037145 
469 28 9 12 0.037123863 
303 298 11 15 0.03700535 
153 47 8 10 0.036918737 
637 102 9 10 0.03679187 
311 324 9 13 0.036640335 
439 187 10 13 0.036618795 
253 47 9 11 0.036577724 
856 38 7 9 0.03644336 
287 38 7 10 0.036208246 
639 13 8 10 0.036203615 
53 22 8 11 0.036190104 
594 39 7 9 0.036143847 
800 92 9 11 0.036103867 
504 30 8 10 0.036064576 
565 56 8 10 0.03593106 
289 370 12 15 0.035924662 
625 45 7 10 0.035868015 
198 254 10 14 0.035858665 
603 71 8 10 0.035819728 
943 4 10 11 0.035743084 
721 24 8 9 0.035729937 
696 32 8 9 0.035702545 
904 39 7 10 0.035589114 
466 312 9 10 0.035578005 
429 68 13 17 0.03552214 
184 1 11 11 0.035495862 
744 1 8 8 0.035484772 
54 5 9 11 0.035400715 
2 38 9 13 0.035391077 
153 54 10 12 0.03538414 
145 46 8 10 0.03512603 
541 6 9 11 0.03508708 
365 287 11 12 0.03504749 
622 89 8 9 0.034938194 
432 87 12 14 0.034907278 
798 29 8 10 0.034782987 
109 324 15 20 0.03473367 
758 63 7 8 0.034601603 
703 46 10 11 0.034598194 
614 55 8 10 0.03455536 
221 11 9 11 0.034544397 
765 102 9 11 0.03451523 
47 102 13 17 0.034514718 
760 31 8 10 0.034476686 
294 4 10 12 0.034437455 
229 314 10 15 0.034417845 
655 87 8 9 0.034398507 
471 312 8 10 0.034177188 
904 102 9 10 0.03417676 
16 303 8 10 0.034143925 
264 46 9 11 0.03411678 
72 83 10 12 0.034093782 
893 112 11 13 0.033920065 
568 2 7 7 0.0338636 
341 284 12 13 0.033789974 
649 41 7 9 0.033751946 
306 340 13 16 0.033741128 
760 86 8 11 0.03372333 
809 0 8 8 0.033662934 
857 119 8 11 0.033600576 
336 371 11 13 0.033590086 
555 22 8 10 0.033573594 
662 69 9 10 0.033460055 
302 239 11 14 0.033445086 
553 31 7 9 0.03323226 
436 205 11 13 0.03319167 
586 23 7 9 0.03315217 
769 64 7 9 0.03299033 
703 31 9 10 0.032848865 
303 7 12 13 0.032806702 
447 27 10 13 0.03278578 
285 79 9 11 0.032730293 
712 55 8 9 0.03267757 
1006 5 9 11 0.032633174 
879 47 7 9 0.032588683 
815 0 8 8 0.03258583 
673 31 8 10 0.03255463 
712 71 7 9 0.032471582 
784 96 8 10 0.03244181 
639 39 8 10 0.032435372 
905 69 10 13 0.032403816 
462 288 7 10 0.032377526 
599 23 8 10 0.03237406 
327 284 11 13 0.032320023 
614 63 8 10 0.03231245 
795 79 8 10 0.032182913 
837 11 9 12 0.032046273 
153 39 8 11 0.031947557 
735 9 8 9 0.03190868 
311 48 9 11 0.031896587 
729 78 8 9 0.03177639 
680 61 8 10 0.03170122 
390 253 10 11 0.0316973 
927 6 10 13 0.03159519 
975 4 9 11 0.03157024 
910 87 8 10 0.03153582 
794 130 16 17 0.03144178 
790 124 14 15 0.031391174 
750 101 8 10 0.031340603 
278 356 10 13 0.031309225 
332 261 12 15 0.031287298 
358 277 8 11 0.03128553 
429 60 11 13 0.03123834 
599 16 7 9 0.031136997 
126 61 8 11 0.031045947 
632 46 7 9 0.030981699 
559 16 8 10 0.030937104 
226 23 9 11 0.03092099 
253 64 9 10 0.03091285 
415 268 8 11 0.030844443 
741 15 8 10 0.030767726 
695 8 8 9 0.030759417 
575 14 9 11 0.030720295 
381 272 9 11 0.030706376 
648 47 8 9 0.030642148 
733 71 8 10 0.030631807 
623 16 8 10 0.030569216 
439 48 9 11 0.030553358 
601 65 8 10 0.030551529 
422 263 10 12 0.03047655 
970 5 9 11 0.030459506 
63 7 10 11 0.030411305 
190 1 13 14 0.030405134 
761 95 8 9 0.03036918 
842 94 8 10 0.03029789 
654 54 7 9 0.030291088 
242 438 9 12 0.030243538 
935 5 10 11 0.030200494 
872 103 8 11 0.030145224 
774 14 8 11 0.030139904 
726 30 8 10 0.030135458 
608 23 7 9 0.030131465 
291 365 14 16 0.030122986 
77 79 12 15 0.03011983 
70 336 9 11 0.030101152 
591 286 8 10 0.030031854 
610 7 8 10 0.029988436 
423 41 12 14 0.029959958 
465 23 8 10 0.029831925 
457 286 9 10 0.02978775 
103 56 9 10 0.029712353 
671 23 8 10 0.029687565 
694 38 8 10 0.02937509 
250 54 9 10 0.029368464 
298 403 14 15 0.029266955 
758 2 8 9 0.029252404 
2 629 8 13 0.029248876 
117 622 13 14 0.029230319 
703 87 7 9 0.029179169 
742 23 8 10 0.029161293 
461 279 8 10 0.02913529 
53 15 9 10 0.029020393 
543 1 8 8 0.02899491 
582 0 8 9 0.028958604 
790 40 8 10 0.028952207 
464 4 10 13 0.028923057 
92 69 10 11 0.0287915 
752 39 7 10 0.028700154 
293 359 11 13 0.02867865 
786 101 9 12 0.028668905 
721 13 7 9 0.028621737 
463 248 11 13 0.02861642 
968 94 8 9 0.028609637 
448 39 9 11 0.028522544 
199 39 9 12 0.028443689 
825 71 8 11 0.028402064 
344 389 9 11 0.028327215 
865 63 8 10 0.028325262 
256 18 11 14 0.028300792 
705 13 7 10 0.02829127 
246 37 8 11 0.028257348 
858 23 8 11 0.028252047 
420 28 10 13 0.028238177 
424 10 12 15 0.028234879 
782 80 8 10 0.02822501 
815 78 9 11 0.028100368 
499 237 9 12 0.028088624 
746 55 7 9 0.02804293 
342 382 9 11 0.028027805 
184 19 9 11 0.027960334 
712 63 7 9 0.027932929 
319 363 9 13 0.02791072 
552 264 9 11 0.02788688 
280 21 9 12 0.02786198 
906 77 8 10 0.027838241 
436 197 11 14 0.027800584 
271 2 14 14 0.027735384 
441 19 11 14 0.027725173 
593 16 8 10 0.027698807 
49 70 9 11 0.027678538 
863 99 9 12 0.02767795 
124 55 10 12 0.027664145 
727 24 7 10 0.027630862 
703 69 7 9 0.027564308 
717 80 8 9 0.027562661 
339 364 10 12 0.027552793 
357 390 12 15 0.027508136 
1005 1 9 9 0.027498087 
560 245 10 12 0.027495727 
663 2 8 9 0.02745349 
120 628 31 33 0.02741921 
536 288 6 7 0.027396163 
332 333 11 14 0.027370177 
948 3 9 12 0.027316522 
490 52 9 12 0.02728974 
97 313 11 15 0.027273083 
611 84 7 10 0.027263992 
614 14 8 10 0.027245358 
853 0 9 8 0.027187068 
456 229 9 13 0.027152233 
141 62 10 12 0.027119625 
245 11 12 15 0.02710107 
327 253 10 13 0.027089251 
656 24 8 10 0.02707511 
574 301 8 10 0.027042264 
808 101 10 12 0.02703405 
504 17 9 11 0.026996855 
745 37 7 10 0.026992058 
21 325 10 13 0.026954865 
592 0 8 8 0.02695231 
770 20 8 11 0.026921732 
494 16 8 10 0.026903277 
287 217 9 11 0.02690194 
25 332 9 11 0.026733724 
422 23 10 12 0.026731256 
118 616 10 12 0.026655488 
647 15 7 9 0.026607838 
229 2 14 14 0.026588378 
639 46 7 9 0.02655177 
533 24 10 11 0.026534704 
110 61 8 10 0.026506169 
260 8 10 11 0.026500905 
277 384 10 13 0.026365072 
518 13 9 12 0.026356958 
405 271 9 12 0.026311396 
6 53 10 11 0.026285538 
559 338 10 13 0.026265573 
270 22 9 12 0.026208343 
371 620 11 12 0.026198654 
553 334 10 12 0.026188971 
425 267 9 12 0.026162427 
23 63 8 10 0.02612452 
536 261 8 10 0.026045416 
519 31 8 10 0.026015632 
689 21 8 10 0.025969295 
559 253 10 11 0.025931424 
528 12 9 11 0.02591434 
593 47 7 10 0.025903905 
221 315 13 17 0.025864448 
214 375 9 11 0.025835043 
106 309 14 18 0.025700292 
343 299 9 12 0.02564485 
444 310 9 12 0.025635445 
693 15 9 10 0.025610788 
599 1 8 8 0.025604106 
678 25 9 10 0.025594773 
720 1 8 8 0.025562398 
542 279 9 10 0.02547334 
17 78 10 13 0.025419451 
334 389 9 11 0.025397422 
370 310 10 13 0.025330776 
359 270 10 12 0.025326326 
243 639 13 14 0.025325825 
475 193 11 14 0.025306895 
677 38 9 11 0.025291028 
808 28 9 11 0.025279341 
418 173 9 12 0.025276767 
115 629 17 18 0.025267122 
297 348 10 12 0.025218371 
568 295 9 11 0.025199777 
242 31 9 11 0.025157204 
359 300 9 12 0.025128644 
703 0 7 8 0.025123425 
63 339 11 13 0.025118098 
656 81 7 9 0.025058016 
289 33 8 10 0.025004704 
679 46 8 10 0.024980778 
833 23 10 12 0.024947055 
39 333 10 12 0.024946349 
398 302 8 11 0.024934884 
624 616 9 11 0.02491662 
287 358 10 13 0.024879836 
330 237 10 14 0.024787422 
321 1 11 15 0.024781065 
253 357 10 14 0.024760136 
657 70 8 9 0.024728613 
600 6 8 9 0.024707628 
583 55 8 8 0.02466259 
429 171 9 12 0.024661332 
600 48 7 10 0.024597704 
809 15 8 10 0.024587445 
16 63 9 11 0.024574552 
845 23 8 11 0.024371374 
775 64 7 10 0.024360213 
229 375 10 13 0.02434741 
813 94 8 10 0.02434027 
872 24 8 11 0.024257973 
878 103 8 10 0.024246795 
351 84 10 12 0.024243476 
641 85 7 10 0.024190472 
41 39 8 10 0.024145434 
367 55 11 13 0.024134863 
623 7 7 8 0.024097528 
528 1 9 9 0.023949096 
445 217 12 15 0.023926262 
945 124 9 12 0.023863323 
665 96 9 10 0.023853607 
561 54 8 10 0.023831777 
219 357 13 17 0.023819476 
1006 34 11 15 0.023817658 
599 53 7 9 0.023748789 
511 36 8 10 0.023666918 
765 124 13 14 0.023591664 
486 32 9 12 0.023483949 
567 39 7 10 0.02345462 
646 81 8 10 0.023442088 
110 315 13 17 0.023386223 
422 107 11 13 0.023374043 
74 61 10 12 0.02335607 
709 46 9 10 0.023346275 
282 340 12 16 0.023318425 
807 23 9 11 0.023314862 
880 40 7 8 0.023308722 
671 78 7 10 0.023287753 
87 37 10 11 0.02323616 
38 349 10 12 0.023220992 
292 362 22 25 0.023178304 
950 119 8 12 0.023153417 
599 37 7 9 0.02314004 
73 49 10 12 0.023119366 
727 87 8 9 0.023108415 
439 27 11 15 0.02308123 
87 606 62 53 0.0229573 
575 23 7 10 0.022938918 
775 49 7 9 0.022901047 
443 93 10 13 0.022843359 
291 222 10 13 0.022824066 
70 640 27 37 0.022762252 
497 1 9 9 0.022723092 
768 119 10 13 0.022708474 
879 86 8 11 0.022706253 
47 358 8 10 0.022685913 
648 70 7 10 0.022675691 
36 341 12 14 0.02267116 
519 39 7 9 0.02266634 
647 62 8 10 0.0226506 
351 390 11 14 0.02263501 
53 48 9 11 0.022509772 
511 1 8 8 0.022496715 
583 293 8 10 0.022437122 
881 93 8 10 0.022432243 
887 94 8 10 0.022430051 
444 199 21 24 0.02241652 
245 32 9 11 0.022410007 
317 409 17 23 0.022398783 
790 64 8 10 0.022396479 
526 271 9 12 0.022374699 
105 90 11 15 0.022364534 
678 6 8 9 0.022321006 
794 85 8 11 0.0222635 
219 337 13 16 0.02225044 
709 31 8 11 0.022243978 
331 325 11 14 0.022215856 
593 279 10 11 0.02220388 
429 17 12 14 0.022195162 
162 328 7 10 0.0221899 
779 85 9 11 0.02208941 
575 269 10 12 0.022083338 
457 293 9 12 0.022045167 
104 61 10 11 0.022026133 
120 64 9 11 0.02202213 
24 384 9 12 0.02202114 
989 36 11 14 0.022018872 
122 45 9 12 0.022013552 
353 251 12 15 0.021994026 
164 55 8 11 0.021979537 
663 37 7 10 0.021953363 
319 647 9 11 0.021938154 
350 107 11 12 0.021934072 
249 63 8 10 0.021898782 
125 39 9 11 0.021872967 
489 47 9 12 0.02183182 
428 270 12 12 0.021828271 
209 239 14 17 0.021804057 
737 30 8 10 0.021784382 
672 73 7 9 0.021773405 
449 260 9 12 0.021725088 
345 309 9 12 0.021723554 
351 301 8 11 0.021675574 
56 359 8 9 0.021668173 
723 258 11 14 0.0216662 
275 399 16 19 0.021661777 
208 36 10 13 0.02162945 
935 1 10 9 0.021616876 
430 236 20 24 0.021577336 
418 231 10 12 0.021555867 
870 63 7 9 0.021519348 
722 30 8 10 0.021512877 
493 67 11 12 0.021454724 
367 247 10 12 0.021389753 
78 67 12 14 0.021384018 
846 29 7 10 0.021344619 
791 1 9 8 0.02134425 
897 93 9 10 0.021331713 
487 278 9 12 0.021267362 
727 96 8 9 0.02124159 
838 2 9 10 0.021198321 
886 63 7 10 0.02118021 
183 4 10 12 0.021154275 
272 383 11 12 0.021070832 
0 648 11 21 0.021033721 
245 357 21 27 0.021029646 
430 188 12 15 0.020965068 
448 317 9 11 0.020925548 
768 3 9 9 0.020904556 
418 49 14 17 0.02089163 
801 61 7 10 0.020874985 
425 161 8 11 0.020812899 
556 270 9 11 0.020770054 
849 40 7 9 0.020750603 
799 38 8 11 0.02072983 
376 363 10 14 0.02069014 
720 52 8 11 0.02062439 
432 5 20 24 0.020592446 
461 229 9 11 0.020549607 
786 238 13 15 0.020507999 
475 254 10 13 0.020486347 
824 63 7 10 0.020484123 
355 309 10 13 0.020433411 
746 75 10 11 0.020425687 
429 223 11 13 0.020416649 
577 2 9 8 0.020365708 
582 47 8 10 0.020355588 
862 83 18 23 0.020336287 
341 348 11 14 0.020320825 
776 607 12 14 0.020311177 
157 38 9 12 0.020283598 
324 302 12 14 0.020264998 
332 254 12 14 0.020262944 
601 78 8 10 0.02026169 
240 351 11 14 0.020257326 
775 91 9 11 0.020241987 
0 11 7 13 0.02021087 
864 69 9 10 0.020114828 
505 39 8 10 0.020081498 
240 12 10 13 0.020034945 
