58_Hockey_icehockey_puck_58_182
23
376 171 52 63 0.9964149 
819 124 32 35 0.9523448 
622 93 28 32 0.92631865 
612 164 46 52 0.7596673 
873 191 41 54 0.16105825 
820 211 27 36 0.0655143 
857 211 52 68 0.052067675 
641 141 42 58 0.046715207 
668 140 38 55 0.04525877 
412 295 12 13 0.03728589 
617 206 32 35 0.035686705 
885 177 37 53 0.03336439 
678 235 36 44 0.029195836 
468 40 50 73 0.029193694 
613 223 31 39 0.027785318 
508 270 42 38 0.027297411 
837 164 38 51 0.026568048 
837 230 88 124 0.025336534 
678 63 43 62 0.024110107 
856 196 35 45 0.022679726 
632 158 33 46 0.022475028 
641 96 18 24 0.022315772 
871 271 59 83 0.02041519 
