58_Hockey_icehockey_puck_58_212
339
594 77 57 73 0.9986934 
177 155 25 33 0.9985642 
140 160 24 32 0.99423355 
255 115 28 33 0.9876918 
63 172 24 32 0.98268247 
238 29 20 26 0.9708636 
288 34 20 27 0.959448 
943 155 20 26 0.9547626 
137 74 26 30 0.95404786 
854 159 17 23 0.95126307 
498 39 21 27 0.94779396 
915 119 18 24 0.94341636 
964 56 16 22 0.9392315 
379 74 19 26 0.9292726 
970 112 18 23 0.92896926 
877 17 17 21 0.92293054 
991 156 20 27 0.9042258 
513 82 22 28 0.87059367 
205 32 20 28 0.8640713 
428 83 20 25 0.8350054 
374 46 19 26 0.82189405 
774 50 17 22 0.80761546 
401 9 17 21 0.8008131 
219 70 24 32 0.7773454 
430 7 20 25 0.7544344 
830 84 22 29 0.75222605 
868 54 17 20 0.7480359 
957 92 17 21 0.7164144 
257 12 18 23 0.70345026 
505 130 19 25 0.6738745 
826 60 17 20 0.65613866 
39 42 15 19 0.5886225 
647 47 23 29 0.5819512 
940 14 12 18 0.55999225 
437 121 18 22 0.55950797 
361 131 22 29 0.5574682 
217 3 16 18 0.48517957 
935 66 14 17 0.45705467 
192 0 17 16 0.4334211 
788 90 23 29 0.42969576 
420 52 16 19 0.42593783 
347 8 15 17 0.4177668 
718 57 23 37 0.38717973 
771 9 18 22 0.3689529 
999 45 12 17 0.35399333 
842 32 14 18 0.33125696 
747 86 28 32 0.32552236 
825 68 23 27 0.3175066 
990 21 14 18 0.31616953 
165 39 17 23 0.31380618 
930 88 16 21 0.30665994 
129 42 18 20 0.3021149 
322 34 15 22 0.28591678 
455 146 19 22 0.28569496 
882 80 16 19 0.2783906 
796 54 16 23 0.2737368 
331 112 18 23 0.24734913 
997 100 14 17 0.24214056 
0 176 12 22 0.22947998 
349 77 18 22 0.21902522 
117 26 13 17 0.21275246 
353 32 15 19 0.20969497 
972 27 14 17 0.20821899 
469 71 15 22 0.19368805 
26 -1 18 17 0.19350664 
269 87 22 25 0.17722058 
500 0 14 12 0.1765774 
165 84 21 29 0.17535326 
377 195 22 25 0.17286639 
12 76 26 32 0.17084558 
109 40 15 22 0.16843203 
247 25 19 27 0.16407524 
598 9 16 21 0.15249795 
805 169 25 32 0.14924593 
646 36 39 53 0.14175937 
62 83 21 30 0.13897045 
148 10 16 20 0.13813251 
429 119 18 22 0.13440385 
44 26 15 18 0.13085791 
157 1 15 20 0.12660268 
428 161 21 27 0.124029055 
819 16 16 20 0.12172532 
349 129 24 30 0.12012022 
942 40 15 17 0.11690813 
656 44 22 28 0.113417424 
256 98 26 31 0.11146862 
821 32 16 19 0.11077149 
915 40 15 19 0.11000858 
803 93 18 25 0.10697068 
228 0 18 19 0.10414159 
419 56 22 26 0.10045664 
667 42 15 21 0.09957936 
789 86 14 19 0.09708423 
908 185 16 20 0.09095379 
991 81 13 16 0.090758145 
717 42 14 20 0.085670054 
331 97 22 28 0.085110776 
39 20 14 18 0.084381536 
731 50 17 21 0.08423255 
959 -1 14 13 0.08322335 
61 63 24 31 0.08106355 
987 4 11 13 0.0790051 
531 0 18 23 0.07754705 
752 6 22 28 0.07137141 
337 126 24 29 0.07013555 
1004 81 17 20 0.06995704 
798 36 12 16 0.069911465 
331 -1 13 12 0.06969686 
861 1 14 17 0.06882953 
469 155 13 17 0.06757478 
328 121 23 28 0.06675607 
172 5 15 17 0.0659131 
862 19 12 17 0.06519095 
329 55 15 20 0.06488762 
226 158 41 49 0.059950233 
420 74 24 29 0.059932552 
821 132 15 19 0.05968509 
871 45 21 26 0.05963975 
867 2 14 16 0.05907543 
696 6 26 30 0.058997907 
641 0 17 15 0.05869631 
332 18 14 17 0.0581394 
874 152 15 21 0.05767592 
323 43 19 29 0.055972163 
346 46 16 21 0.055436607 
142 3 17 18 0.05397519 
123 76 23 30 0.05330981 
973 102 15 20 0.05330892 
881 48 15 20 0.052566566 
784 49 17 25 0.051200215 
453 0 17 19 0.05116425 
998 131 15 19 0.05102355 
113 34 16 21 0.050767463 
909 58 14 18 0.049122553 
848 86 21 27 0.048795436 
801 62 16 22 0.047866743 
997 89 19 25 0.047405917 
129 47 24 31 0.047180746 
66 59 17 22 0.046700526 
423 47 23 28 0.046299577 
929 72 21 26 0.045851626 
338 86 22 28 0.045326542 
268 124 25 32 0.044663653 
148 79 25 31 0.04448044 
981 25 13 18 0.04400212 
749 1 17 20 0.043781225 
995 79 20 24 0.04357265 
74 66 17 23 0.043390047 
118 0 12 11 0.04259165 
254 27 21 27 0.04222293 
811 60 22 27 0.042204544 
737 97 26 30 0.042135026 
183 0 21 22 0.04162059 
884 130 13 18 0.041369155 
159 72 23 33 0.041264743 
221 59 17 22 0.040776186 
765 13 18 22 0.04028913 
10 38 15 17 0.040280886 
423 8 18 22 0.039952885 
737 54 16 21 0.039915033 
984 0 11 11 0.03965976 
1 209 12 20 0.03947054 
34 0 14 14 0.03922668 
907 106 14 19 0.039201368 
931 100 17 21 0.038810126 
801 50 14 20 0.03874961 
333 230 27 33 0.038525827 
190 131 24 29 0.03814416 
877 87 17 21 0.03806033 
981 60 13 17 0.038015295 
352 4 16 18 0.03784307 
797 43 14 20 0.037736975 
439 87 16 21 0.037461042 
368 147 24 32 0.03745348 
454 128 23 29 0.036843833 
380 185 24 27 0.036570586 
246 92 24 28 0.0364461 
912 35 14 18 0.03637012 
889 152 20 28 0.03635107 
869 148 16 20 0.03623999 
763 84 25 33 0.035554927 
600 6 25 31 0.03530395 
586 139 424 503 0.035236236 
877 100 15 18 0.035041984 
290 20 14 18 0.03485797 
946 12 13 17 0.034700796 
754 74 16 21 0.034607287 
813 34 16 21 0.034532804 
837 39 17 20 0.03437852 
835 153 16 22 0.034368888 
413 153 17 22 0.034314927 
823 87 17 22 0.034089085 
1003 39 12 14 0.034074944 
659 0 19 19 0.03377141 
19 60 13 17 0.033297215 
1004 18 15 17 0.033111 
915 60 13 17 0.033085246 
799 -1 13 12 0.03304663 
395 95 15 19 0.03261737 
794 70 22 31 0.032594528 
327 11 12 16 0.03256965 
770 90 15 21 0.032179825 
375 35 22 27 0.03211603 
917 30 15 17 0.032055568 
940 51 16 21 0.031993486 
989 15 13 15 0.031654704 
570 -2 24 23 0.031590745 
235 -2 24 24 0.031300604 
936 35 12 17 0.03122631 
798 101 22 30 0.030916974 
876 177 15 21 0.03079268 
475 157 13 19 0.030784257 
857 92 21 26 0.030495392 
648 1 24 23 0.030413795 
40 31 22 26 0.030376313 
5 87 16 21 0.03034497 
692 56 16 24 0.030280057 
403 20 17 22 0.030170515 
816 180 18 23 0.02993976 
268 48 16 21 0.029453227 
921 34 15 19 0.029406806 
815 23 20 24 0.02932439 
461 72 15 21 0.029177157 
417 154 22 28 0.028953034 
883 106 14 19 0.028823657 
0 167 11 20 0.028794974 
444 114 22 28 0.028782906 
671 43 38 50 0.028760802 
654 8 24 29 0.028580748 
878 144 21 28 0.028559314 
251 69 21 28 0.028416187 
284 129 16 25 0.028406832 
258 78 24 29 0.028373372 
730 107 25 30 0.028149614 
320 27 14 20 0.02811523 
492 119 26 36 0.028027147 
387 174 23 27 0.027966514 
194 121 23 25 0.027941627 
374 158 23 28 0.027770454 
13 63 16 21 0.02767643 
596 21 17 21 0.02756017 
267 141 17 24 0.027253738 
305 35 22 29 0.02705508 
447 126 20 26 0.026936883 
75 72 21 31 0.026903957 
0 38 8 14 0.026801623 
222 156 26 30 0.026793275 
962 85 15 18 0.02670638 
11 50 15 19 0.02632821 
868 103 16 19 0.026287278 
350 115 28 35 0.026125384 
26 74 17 23 0.026100878 
445 146 22 28 0.025999945 
855 146 21 27 0.025945863 
608 54 51 67 0.025882352 
639 36 13 16 0.025496121 
280 88 15 20 0.025460705 
472 157 24 33 0.025289446 
926 10 13 17 0.025256958 
100 43 18 24 0.025187142 
723 47 17 23 0.025141122 
980 92 12 16 0.025104921 
142 16 17 20 0.024946677 
825 12 15 18 0.024717314 
114 74 21 29 0.024700055 
996 15 14 16 0.02468361 
197 36 19 24 0.024601791 
933 22 14 20 0.024370588 
819 134 23 28 0.024355434 
875 123 20 26 0.024262344 
584 1 25 26 0.024071915 
699 0 15 13 0.024028704 
804 42 14 19 0.0239918 
1012 19 12 17 0.023986707 
0 3 12 18 0.02396721 
943 8 11 15 0.023961682 
164 44 24 33 0.023950908 
38 205 13 16 0.023889964 
949 73 14 18 0.02373941 
327 20 12 17 0.023593124 
340 113 26 33 0.023570715 
898 158 17 21 0.023482539 
891 131 14 18 0.023404738 
741 6 24 34 0.023106817 
914 48 16 19 0.02291159 
769 36 24 30 0.022892542 
428 173 18 22 0.022832127 
224 48 24 30 0.02258219 
434 130 19 24 0.022526823 
153 73 18 25 0.022525016 
931 121 15 19 0.022411099 
354 503 35 32 0.022401325 
636 1 25 28 0.022390082 
346 10 21 25 0.022327889 
454 74 15 20 0.02226794 
675 25 17 22 0.02224104 
824 36 22 25 0.022204392 
877 0 11 13 0.022155242 
330 26 14 19 0.021991257 
711 45 23 36 0.021971881 
241 207 35 38 0.021938527 
921 91 13 17 0.021913989 
50 21 14 19 0.021894779 
974 93 12 16 0.021816552 
946 58 13 18 0.021768676 
440 103 22 29 0.02173614 
460 81 15 20 0.021668317 
23 83 20 25 0.02160444 
928 19 13 17 0.02151988 
759 94 19 23 0.021440003 
982 159 16 22 0.021391481 
815 148 28 32 0.02138145 
557 332 30 40 0.021285692 
999 155 18 24 0.021280054 
956 9 15 19 0.021249015 
148 19 16 23 0.02123578 
257 62 21 28 0.021145372 
803 83 16 22 0.021139486 
177 10 15 19 0.021129692 
26 5 18 21 0.021114405 
139 57 26 36 0.021112826 
609 4 16 21 0.021101687 
854 0 15 16 0.021098865 
995 135 21 27 0.020968692 
156 65 17 23 0.020961666 
326 1 14 17 0.020932397 
814 5 22 26 0.020909006 
724 66 26 34 0.020872008 
35 68 13 17 0.020750538 
952 -1 13 12 0.020697309 
19 140 23 31 0.02068373 
196 27 18 24 0.020549227 
1001 104 16 18 0.020324698 
923 28 14 17 0.020321457 
337 100 26 31 0.020292971 
464 147 15 20 0.020158758 
840 91 17 22 0.020140655 
908 62 20 25 0.020104498 
692 44 13 19 0.020034589 
