58_Hockey_icehockey_puck_58_940
30
825 267 27 28 0.9880756 
416 320 45 35 0.9444446 
695 292 31 35 0.93859255 
421 347 65 91 0.4500719 
288 206 10 12 0.29675615 
253 221 11 14 0.18070449 
481 334 92 125 0.09641129 
573 359 15 18 0.09303673 
778 373 11 14 0.09115439 
562 316 14 18 0.084304735 
568 353 15 20 0.0559607 
446 339 89 108 0.0526335 
312 199 11 13 0.051849708 
416 329 58 64 0.04935768 
672 377 17 25 0.04315766 
563 321 17 22 0.040974755 
738 319 13 19 0.03078875 
292 201 11 12 0.02713117 
817 250 30 40 0.02575286 
967 240 10 13 0.023995258 
879 389 11 14 0.023022428 
315 204 11 14 0.022960313 
269 207 9 11 0.022761647 
488 341 30 31 0.022507673 
447 333 59 73 0.022466881 
672 365 28 43 0.02054783 
728 317 20 27 0.020368509 
329 206 9 11 0.02014143 
720 327 25 30 0.020035772 
424 300 49 49 0.020032365 
