58_Hockey_icehockey_puck_58_475
32
568 235 34 47 0.9676325 
318 241 39 56 0.94974035 
681 428 17 22 0.17619425 
393 151 10 12 0.080819495 
782 290 45 51 0.07701108 
421 166 9 11 0.05576373 
152 153 7 9 0.049048964 
280 428 10 13 0.04175802 
795 402 16 22 0.040961828 
243 273 17 21 0.040026266 
300 420 10 13 0.039777204 
416 165 11 13 0.037883542 
423 139 9 11 0.037438583 
646 266 54 42 0.03651884 
168 306 11 14 0.033346813 
396 155 10 12 0.03282857 
223 282 14 16 0.031654812 
385 168 8 11 0.03011741 
415 136 10 11 0.029625067 
678 433 29 35 0.025567427 
885 148 45 55 0.025431419 
409 164 10 13 0.025160765 
637 269 96 92 0.024959767 
633 276 61 56 0.023980666 
308 261 35 47 0.022438733 
377 175 8 10 0.022355821 
622 268 51 50 0.022074696 
683 447 17 21 0.020613145 
408 159 9 12 0.02042966 
410 139 9 11 0.02033184 
145 157 9 11 0.020298053 
145 152 8 10 0.020139696 
