58_Hockey_icehockey_puck_58_507
161
723 113 62 79 0.9988918 
849 213 63 87 0.993277 
462 69 34 41 0.98465997 
416 107 34 39 0.98231137 
291 47 16 19 0.52581614 
142 17 17 22 0.35737532 
636 221 54 77 0.33358115 
519 101 39 42 0.3250945 
882 214 56 69 0.2840298 
213 0 14 13 0.24618815 
517 78 34 35 0.18675229 
354 56 18 22 0.18358171 
335 161 60 78 0.16855338 
228 71 24 25 0.15072131 
312 52 13 18 0.14898022 
365 71 31 36 0.13537392 
370 34 13 18 0.12993263 
311 11 14 17 0.12615275 
225 371 39 45 0.10072412 
346 49 18 24 0.09554067 
206 14 13 17 0.09513055 
358 60 26 31 0.09223262 
504 113 47 54 0.08554181 
92 68 11 13 0.08447431 
292 39 14 17 0.076922126 
176 73 28 39 0.07451722 
962 424 38 45 0.072238475 
286 42 15 19 0.07075174 
271 11 12 15 0.06699418 
284 38 13 16 0.06631828 
496 32 11 14 0.0648574 
385 1 22 20 0.06108184 
539 7 15 19 0.060570758 
210 9 15 18 0.05960376 
941 436 12 18 0.05751434 
358 28 12 15 0.056016162 
760 330 16 18 0.0556359 
612 237 76 93 0.05369524 
509 15 17 20 0.051899757 
171 17 13 18 0.05153735 
347 623 14 14 0.051466953 
159 -1 13 12 0.05080395 
40 -5 466 456 0.050234266 
414 31 24 28 0.05005686 
411 93 30 35 0.049339548 
235 0 12 12 0.04904545 
406 119 34 44 0.04723975 
387 39 21 28 0.046916123 
265 46 15 19 0.045115475 
796 0 12 13 0.04480747 
189 4 14 15 0.04477353 
275 5 12 15 0.043441586 
741 311 14 17 0.04263266 
986 425 28 38 0.042377412 
485 38 21 25 0.0413291 
270 18 12 15 0.04101178 
307 105 13 18 0.040203605 
355 35 22 28 0.039503925 
532 119 17 21 0.03864815 
179 71 16 25 0.038404033 
189 83 47 59 0.038133122 
390 450 52 59 0.03809582 
196 11 14 18 0.03741915 
118 11 11 15 0.03657804 
587 183 50 68 0.03550733 
313 3 15 17 0.035324737 
418 47 23 28 0.035051666 
222 74 17 20 0.034888096 
147 9 21 28 0.034725077 
408 102 12 14 0.034562677 
367 36 21 26 0.0345461 
317 75 27 32 0.034337863 
268 125 36 38 0.034082007 
383 121 44 53 0.034066625 
1012 453 11 19 0.033584166 
396 35 26 32 0.033364635 
174 78 16 25 0.03287798 
307 89 27 33 0.03214803 
966 445 31 35 0.03175879 
418 292 54 73 0.031219818 
493 33 21 25 0.030882437 
604 193 57 75 0.030688975 
187 70 32 37 0.030378966 
437 29 21 25 0.030134665 
428 95 29 37 0.029846348 
509 138 16 19 0.029739479 
430 2 14 14 0.029475672 
540 92 31 36 0.0292998 
310 83 47 57 0.02910171 
410 27 19 23 0.029059298 
182 62 12 15 0.028882874 
404 25 16 20 0.028844288 
382 43 15 20 0.028406056 
292 134 93 125 0.028368443 
38 0 12 10 0.028171299 
508 24 16 18 0.0280494 
750 321 27 30 0.02801996 
272 27 12 15 0.027907725 
475 48 24 27 0.027842086 
393 46 24 33 0.027255634 
496 133 42 46 0.027207593 
137 52 15 19 0.027106436 
476 25 14 17 0.027033962 
325 0 15 17 0.026914256 
883 13 13 15 0.026649285 
534 73 26 32 0.026325706 
206 0 21 22 0.025851427 
148 4 14 18 0.025438061 
545 120 17 22 0.025357153 
462 175 45 61 0.025355576 
515 86 20 21 0.0252934 
93 101 11 14 0.025250904 
455 58 12 16 0.02501311 
342 26 11 13 0.024824627 
149 98 13 17 0.024686553 
190 0 23 24 0.024527142 
276 29 12 16 0.024503909 
221 59 13 17 0.023936229 
302 21 11 14 0.023928879 
82 12 14 17 0.023880847 
407 29 41 48 0.023867993 
525 70 43 54 0.023712995 
109 98 11 15 0.023679461 
750 19 12 16 0.02365043 
278 101 39 50 0.023587475 
498 23 21 25 0.023354929 
985 403 17 19 0.023083854 
529 117 33 39 0.022800086 
199 44 12 16 0.022614378 
942 430 22 29 0.02260718 
316 0 14 12 0.02258331 
155 81 17 20 0.02230766 
431 45 24 30 0.022302197 
226 -3 22 21 0.022150382 
164 74 17 22 0.02214624 
898 431 25 30 0.021906203 
438 19 15 18 0.021849195 
298 124 14 18 0.021694615 
446 55 42 49 0.021238599 
528 77 20 23 0.02119375 
468 12 13 16 0.021189637 
669 109 41 54 0.02111022 
426 323 38 47 0.020931123 
369 85 20 22 0.020926751 
162 438 18 20 0.020906692 
394 0 17 14 0.020854108 
507 69 29 36 0.020803332 
207 78 45 54 0.020800443 
350 615 13 15 0.020707836 
406 104 29 37 0.020675508 
349 39 14 16 0.020662073 
206 69 26 31 0.020607868 
291 1 14 16 0.02060668 
371 48 29 35 0.020577753 
976 2 11 11 0.020532366 
220 65 16 21 0.020524696 
252 12 11 14 0.020439923 
391 9 26 30 0.020385444 
279 40 14 18 0.02018529 
741 309 28 36 0.020114396 
315 97 14 19 0.020093953 
