58_Hockey_icehockey_puck_58_285
62
567 172 36 45 0.9942403 
287 146 36 39 0.9891649 
434 129 27 30 0.9772181 
568 95 19 23 0.95562345 
39 129 22 25 0.90637076 
964 262 48 52 0.8312019 
787 81 13 16 0.7332463 
607 169 23 30 0.32385632 
941 258 47 59 0.26630092 
315 117 18 23 0.25998753 
881 270 65 81 0.22882235 
69 176 40 37 0.16886385 
45 138 22 27 0.14829469 
315 109 15 19 0.11413447 
28 105 18 22 0.08534625 
856 64 8 11 0.06226357 
789 87 13 17 0.06141783 
29 113 24 29 0.060491413 
848 266 64 68 0.05131653 
789 118 11 14 0.041526776 
829 99 10 12 0.04127987 
888 70 10 12 0.040564187 
169 79 8 11 0.04048643 
847 280 36 41 0.04035022 
812 83 10 14 0.039645467 
794 82 13 17 0.039434463 
905 264 76 87 0.03714848 
893 68 10 12 0.03676315 
585 179 32 39 0.035119887 
841 77 10 13 0.033840593 
550 175 31 37 0.033030193 
797 116 12 16 0.032881856 
830 78 9 12 0.032630496 
555 152 43 56 0.03232844 
766 87 9 12 0.03139201 
197 223 382 497 0.030947905 
797 91 11 14 0.029961849 
541 178 25 30 0.029122531 
34 102 12 15 0.028836327 
558 86 10 15 0.028593075 
593 189 32 38 0.028544035 
49 145 25 30 0.028497295 
572 88 15 19 0.027635038 
134 -17 425 463 0.027188508 
319 94 11 13 0.026325012 
804 76 13 18 0.025992898 
419 129 19 25 0.024366438 
839 84 9 11 0.024053821 
805 101 11 14 0.02402152 
23 211 11 14 0.02385275 
964 80 13 17 0.023753447 
544 180 13 17 0.0237281 
30 96 10 13 0.023323044 
79 157 32 33 0.022910487 
846 71 9 12 0.02282718 
31 180 11 16 0.022150442 
901 330 38 43 0.021716319 
520 84 10 12 0.021545907 
387 195 354 472 0.020784391 
421 132 31 35 0.020777686 
314 124 27 36 0.020755691 
430 141 31 36 0.020689005 
