19_Couple_Couple_19_881
54
248 193 95 121 0.9993993 
585 231 92 121 0.9990563 
883 296 27 33 0.66871154 
226 564 38 38 0.22829682 
337 123 15 17 0.14825845 
358 74 12 14 0.14614163 
370 59 13 15 0.14048994 
459 91 14 16 0.11945565 
949 293 17 22 0.10613927 
358 144 14 18 0.0766797 
987 322 24 34 0.0609007 
482 72 14 15 0.05955387 
387 42 15 18 0.0539984 
973 311 23 31 0.0532322 
320 44 12 15 0.049183544 
898 12 37 44 0.04544493 
372 127 10 12 0.043310266 
996 260 17 22 0.04199293 
499 113 14 17 0.037417427 
950 297 26 33 0.03605927 
29 302 13 17 0.03485397 
495 86 12 14 0.034620605 
157 280 14 16 0.034216274 
508 266 13 15 0.034130376 
367 132 11 13 0.032181017 
859 11 30 35 0.03202309 
947 288 43 53 0.03164684 
173 246 12 14 0.031091046 
429 1297 15 17 0.030247172 
-2 403 87 157 0.02931641 
477 83 14 16 0.028924558 
478 90 14 16 0.028405722 
356 125 11 13 0.026828885 
917 334 22 28 0.025904033 
340 101 13 15 0.02575204 
949 141 31 35 0.025591228 
476 67 23 26 0.025051665 
-77 723 390 527 0.024461776 
382 48 15 17 0.02438669 
972 325 17 21 0.02412293 
921 331 14 17 0.02408483 
852 297 17 19 0.023029497 
907 211 31 34 0.02286897 
434 99 14 16 0.022151843 
40 338 20 22 0.021890504 
453 206 11 13 0.021204088 
362 70 13 16 0.021054942 
958 305 45 57 0.021001669 
389 118 12 14 0.020690657 
460 148 13 14 0.020645093 
440 146 12 14 0.020480325 
404 43 16 18 0.020372244 
385 118 10 12 0.020233676 
484 128 12 13 0.020116383 
