4_Dancing_Dancing_4_422
79
393 390 77 108 0.94959176 
500 86 77 119 0.8375739 
578 83 83 119 0.7892843 
255 29 348 460 0.71465147 
533 6 339 445 0.54453635 
318 401 70 97 0.5061195 
692 397 27 38 0.4856824 
352 387 79 115 0.35907346 
604 512 102 142 0.3509642 
170 432 296 304 0.26398224 
546 90 79 122 0.22806911 
420 700 14 19 0.15613753 
571 573 18 22 0.11831882 
636 619 18 21 0.117385104 
545 79 221 259 0.100115806 
424 381 81 116 0.08605839 
500 244 409 571 0.06450198 
971 614 16 21 0.060798794 
564 189 151 145 0.05741127 
598 65 132 176 0.056674037 
187 457 134 164 0.050155036 
406 71 101 139 0.048922833 
843 666 13 17 0.047167186 
844 440 18 21 0.047091227 
522 127 60 103 0.045095656 
605 564 14 17 0.044037137 
540 559 18 22 0.043347716 
599 522 67 96 0.04005545 
954 599 14 19 0.037421323 
579 677 28 29 0.03690035 
435 739 15 19 0.036684453 
434 725 17 19 0.036594346 
556 534 23 28 0.034870155 
597 678 16 19 0.03483516 
420 545 32 40 0.03472914 
563 610 14 17 0.034615733 
250 413 131 167 0.03440623 
440 699 13 17 0.03372174 
858 754 16 15 0.03365315 
708 399 24 34 0.03358371 
723 735 15 18 0.032116372 
483 617 17 23 0.031547174 
279 198 134 154 0.031347178 
253 667 14 16 0.03114291 
208 498 164 191 0.03069312 
647 531 78 93 0.02910759 
783 557 121 158 0.02890867 
523 591 18 22 0.027897442 
469 602 17 21 0.027536834 
548 182 38 59 0.027507402 
327 708 13 16 0.027146995 
668 611 16 21 0.026886966 
529 707 15 18 0.026842482 
965 613 27 35 0.026123788 
801 604 16 18 0.02578957 
741 392 13 15 0.025656637 
918 437 10 14 0.025554968 
673 401 28 35 0.02551471 
564 601 16 20 0.025071098 
486 65 181 248 0.02454114 
663 393 29 37 0.023586057 
678 641 39 49 0.023233337 
928 443 11 14 0.023024019 
330 661 18 18 0.022752132 
588 645 24 29 0.022693207 
569 683 26 30 0.022411464 
621 566 10 13 0.02237246 
781 679 15 20 0.022268923 
612 565 13 15 0.022203507 
529 78 67 101 0.02215077 
789 212 11 15 0.021986278 
514 662 17 20 0.021556262 
724 407 16 21 0.021385523 
743 659 13 16 0.020753825 
630 597 27 33 0.020593628 
546 513 16 17 0.020582654 
557 591 16 20 0.020487228 
540 736 15 20 0.020461336 
356 431 37 45 0.020102648 
