4_Dancing_Dancing_4_514
80
519 34 80 110 0.9975067 
379 109 77 108 0.9932806 
945 456 28 29 0.6176579 
1010 575 13 21 0.41913813 
952 548 19 23 0.3965462 
963 499 16 21 0.17932804 
841 604 14 17 0.1685926 
991 662 14 21 0.09570595 
908 485 18 26 0.088386826 
1011 660 13 20 0.08323391 
957 651 25 31 0.077427685 
940 645 15 19 0.07473921 
992 479 22 32 0.06995142 
1004 664 21 29 0.06729245 
815 630 11 13 0.061192717 
874 525 14 19 0.060228672 
839 631 10 13 0.058537487 
880 711 10 13 0.052942943 
714 521 15 19 0.052125346 
854 617 14 16 0.049086448 
836 649 13 16 0.048894286 
829 597 11 15 0.04824356 
999 547 25 31 0.04749673 
18 541 24 33 0.047372196 
105 139 421 492 0.046399217 
915 568 26 32 0.04515667 
942 537 23 29 0.043044556 
320 161 23 32 0.041801125 
1002 586 23 30 0.039909378 
938 574 25 31 0.03958299 
995 305 26 42 0.038524013 
983 651 14 20 0.037496578 
1014 520 11 17 0.037478443 
870 526 24 32 0.036660105 
928 578 26 33 0.03551974 
956 364 26 33 0.033705004 
998 602 25 32 0.032981034 
839 593 20 24 0.031944357 
934 390 22 26 0.031943075 
1006 556 20 30 0.03179552 
1013 626 14 22 0.03142394 
941 435 32 39 0.031269137 
839 590 11 14 0.03096809 
938 420 31 38 0.029821811 
1010 410 14 23 0.029683135 
963 568 23 29 0.02958027 
990 442 15 17 0.02949479 
846 584 12 13 0.029404346 
873 594 14 18 0.028989904 
484 581 117 151 0.02792484 
854 590 13 15 0.027598232 
76 544 27 34 0.026878146 
946 79 34 38 0.026874324 
131 301 27 36 0.026797453 
986 395 13 16 0.026029078 
1004 615 21 30 0.02524487 
990 590 23 28 0.024544952 
909 719 11 12 0.024049215 
997 75 26 42 0.024022711 
76 482 28 34 0.023698626 
329 157 32 41 0.023642052 
936 483 27 34 0.023623599 
896 737 8 11 0.023384485 
995 362 25 35 0.023082156 
952 489 25 30 0.022952104 
1001 540 18 21 0.022475548 
304 189 28 41 0.022376701 
670 -66 429 512 0.022305472 
865 669 10 13 0.02202346 
928 711 11 14 0.021964822 
319 170 14 18 0.021938747 
934 528 24 30 0.021916734 
827 597 21 25 0.021197807 
998 614 15 19 0.021154419 
944 547 36 48 0.020830927 
958 557 23 30 0.020642392 
845 599 22 24 0.020592768 
954 430 28 35 0.020141922 
830 590 13 16 0.020025427 
910 575 15 20 0.02001522 
