4_Dancing_Dancing_4_715
276
487 470 37 45 0.9984145 
74 455 39 45 0.9975178 
417 444 31 35 0.9974476 
411 108 40 63 0.994021 
661 125 39 55 0.9840591 
295 464 31 38 0.9391677 
170 347 19 24 0.7359324 
627 451 32 39 0.6869033 
197 117 13 16 0.66418684 
424 12 16 18 0.59815276 
350 123 14 16 0.587028 
153 453 29 38 0.56671655 
113 337 14 18 0.40763345 
141 388 16 21 0.3100794 
116 115 16 18 0.28902015 
241 45 10 13 0.26016933 
264 302 27 35 0.256725 
862 675 14 18 0.2502247 
152 363 13 17 0.2310086 
199 98 10 13 0.20206557 
197 45 9 12 0.19749282 
525 661 39 44 0.19743414 
159 44 9 12 0.1964828 
298 654 41 48 0.18509746 
313 123 14 16 0.18358406 
260 111 10 12 0.17913458 
279 269 11 12 0.1727277 
159 3 10 11 0.17098637 
182 110 9 13 0.16871844 
194 344 13 16 0.16725098 
946 659 16 18 0.16347188 
920 642 10 12 0.16275588 
192 365 14 18 0.15999448 
635 253 17 24 0.15732163 
502 57 11 14 0.15456897 
518 1 14 18 0.15011102 
272 101 11 12 0.14658129 
464 14 15 17 0.145454 
158 98 10 13 0.13881181 
268 277 29 35 0.13803315 
78 113 14 15 0.13631876 
613 397 61 79 0.13518287 
482 1 15 18 0.13296753 
115 397 21 27 0.13181421 
351 106 10 13 0.12262503 
556 6 15 18 0.119840585 
275 179 11 14 0.11526834 
120 96 9 11 0.10881439 
151 332 13 16 0.10682891 
841 28 13 15 0.105595775 
155 118 15 18 0.10535594 
142 107 11 15 0.10054048 
193 334 12 16 0.1000698 
276 229 11 13 0.09995726 
463 287 12 17 0.09753708 
389 8 14 15 0.09462915 
461 408 13 17 0.0925504 
575 109 11 15 0.092070125 
503 16 14 17 0.091912344 
313 158 9 12 0.09104926 
619 499 17 19 0.08924091 
124 397 22 31 0.08820409 
423 348 12 16 0.083922125 
499 0 12 13 0.082387455 
295 111 11 14 0.0817649 
899 651 21 28 0.080178805 
444 0 14 18 0.078065775 
814 630 11 15 0.07629012 
313 179 12 16 0.07552161 
934 647 12 14 0.0734054 
785 645 11 13 0.07272209 
390 52 11 14 0.071372956 
237 5 12 13 0.07030619 
723 725 17 19 0.06862098 
233 119 11 14 0.0673441 
425 412 11 15 0.06672733 
81 96 8 11 0.06577127 
728 296 161 251 0.06465927 
465 55 12 14 0.06278595 
310 4 14 13 0.06252618 
349 688 17 22 0.062143907 
497 432 16 18 0.061637904 
836 70 10 13 0.060994923 
535 474 13 16 0.060617276 
199 3 14 15 0.060582723 
236 177 11 16 0.060186937 
123 43 10 14 0.05872283 
865 661 10 15 0.058527943 
539 60 10 13 0.057001702 
268 301 17 22 0.056055352 
761 625 14 16 0.05584922 
887 692 12 13 0.053428475 
196 62 10 13 0.05239151 
28 455 16 22 0.052297197 
257 115 11 14 0.051435657 
74 338 12 16 0.050284795 
152 338 15 19 0.048921455 
274 120 15 17 0.048638873 
234 286 12 14 0.04837763 
352 6 13 14 0.047352854 
204 100 9 12 0.047332663 
854 681 10 15 0.047274146 
185 383 26 33 0.047237884 
904 646 10 13 0.046830885 
190 367 20 28 0.046661448 
543 184 10 12 0.045799404 
124 94 10 12 0.044814803 
153 356 14 17 0.043839812 
575 60 9 12 0.043522604 
351 46 12 15 0.04259109 
294 0 14 13 0.042572446 
768 23 12 16 0.0423812 
275 46 10 13 0.041584972 
466 109 10 13 0.041503564 
262 91 11 14 0.041227374 
822 199 9 12 0.040969003 
313 101 11 13 0.04065585 
271 106 11 13 0.03994711 
238 40 12 14 0.039909493 
111 362 15 19 0.039777663 
236 111 10 11 0.039753444 
286 242 14 17 0.038915318 
511 1 14 16 0.03887206 
116 304 15 17 0.03864073 
489 -1 20 23 0.03836157 
458 457 15 18 0.038058233 
275 274 18 23 0.037950233 
422 425 14 17 0.037801377 
334 113 11 16 0.03711996 
444 659 49 55 0.037104007 
372 656 49 60 0.036669802 
704 724 16 17 0.036497436 
426 53 11 15 0.036377132 
156 662 28 33 0.036156636 
206 111 9 12 0.036126055 
149 100 13 15 0.035734244 
118 151 9 12 0.035499264 
373 2 14 13 0.035426337 
157 112 12 14 0.034694526 
268 465 14 19 0.034617007 
275 261 14 18 0.034305338 
505 189 9 12 0.034273535 
115 391 15 19 0.03427039 
191 427 16 19 0.03419527 
464 235 11 15 0.03398189 
298 113 12 15 0.03367499 
189 0 9 9 0.033524573 
184 0 10 9 0.033500522 
34 338 12 16 0.033453852 
628 364 76 115 0.033242363 
268 687 23 31 0.033123296 
255 32 12 16 0.03302614 
196 289 12 15 0.03292951 
38 147 12 15 0.03275159 
767 729 13 13 0.032507557 
335 92 10 13 0.032385636 
924 644 11 13 0.03233642 
144 388 24 32 0.03231646 
897 659 12 17 0.03219883 
909 649 24 31 0.032180827 
892 199 11 14 0.032146975 
430 5 21 26 0.032101136 
425 123 46 66 0.03200535 
221 0 11 10 0.031939816 
723 24 11 13 0.031659614 
294 31 12 17 0.031373393 
763 437 11 14 0.031293657 
193 400 16 20 0.031185638 
152 95 11 14 0.031062631 
885 30 11 15 0.030804934 
758 454 12 14 0.03053638 
268 288 18 22 0.030332666 
234 155 13 17 0.029986221 
250 292 45 54 0.029519353 
181 660 11 14 0.029401453 
275 235 13 16 0.02929632 
954 660 14 16 0.029125579 
163 97 13 15 0.029117178 
155 342 21 25 0.029100783 
782 16 12 15 0.029035214 
275 96 12 14 0.028907305 
466 35 13 15 0.028882049 
249 474 15 21 0.028841082 
158 62 11 13 0.028803602 
578 165 9 13 0.028737826 
28 437 40 50 0.028707953 
215 662 50 56 0.02860609 
258 0 14 12 0.028571468 
296 87 10 13 0.028459974 
215 109 11 14 0.028302113 
276 109 11 12 0.028186137 
146 108 14 15 0.028011685 
236 102 10 11 0.027787175 
865 200 9 11 0.027758267 
273 251 12 15 0.02757032 
33 302 12 15 0.027383598 
257 85 10 14 0.027370514 
203 30 10 12 0.027032482 
175 340 20 25 0.027012974 
177 114 10 13 0.026798358 
826 659 16 18 0.026738835 
372 96 25 37 0.026630867 
580 190 10 13 0.026313392 
541 16 15 19 0.02630588 
534 489 15 18 0.026225785 
315 107 12 13 0.025852215 
355 674 27 34 0.025687885 
466 165 9 12 0.02568371 
234 225 13 17 0.025626706 
652 21 13 16 0.025497189 
636 246 30 41 0.025443314 
920 649 23 30 0.025297487 
295 125 11 14 0.024953516 
332 0 15 16 0.02475577 
220 109 11 14 0.02474907 
309 427 16 18 0.024747754 
543 166 9 13 0.024571637 
230 346 10 15 0.024537805 
27 259 24 33 0.024509382 
295 132 11 14 0.02422073 
155 282 13 17 0.024155999 
351 157 12 14 0.024143578 
492 703 15 18 0.02412539 
192 306 13 15 0.024023518 
578 195 13 17 0.023955777 
457 431 16 19 0.023928352 
770 68 12 14 0.023748768 
392 32 10 12 0.023652453 
574 1 13 12 0.023537021 
637 246 14 17 0.023523742 
719 714 25 27 0.023486616 
459 398 12 16 0.02338055 
548 7 21 25 0.023364248 
595 83 12 15 0.023317615 
818 634 12 16 0.02329176 
158 454 14 21 0.023103151 
79 173 12 16 0.023063648 
526 123 9 12 0.02301033 
216 84 11 15 0.022982882 
145 379 16 20 0.022977928 
189 355 14 18 0.022776002 
557 245 14 18 0.02263115 
274 5 14 15 0.022608096 
113 425 16 21 0.02249954 
910 646 11 14 0.02242264 
180 39 11 15 0.022406893 
230 31 12 14 0.02227191 
929 656 22 26 0.02215107 
171 378 12 17 0.022088213 
573 433 15 20 0.022039616 
509 79 11 12 0.021912018 
833 75 12 16 0.021894623 
126 29 8 11 0.021731868 
900 663 13 18 0.021683658 
224 28 100 128 0.02145583 
366 408 50 62 0.02144095 
133 397 26 36 0.021391535 
652 60 12 15 0.021300111 
245 101 12 15 0.021174422 
847 682 14 17 0.021116264 
667 627 13 17 0.020989673 
463 279 13 16 0.020933561 
191 98 12 15 0.02092117 
942 655 13 17 0.020903999 
24 460 28 40 0.020832859 
367 113 12 16 0.02079974 
248 461 24 34 0.020670975 
914 641 22 27 0.020665912 
652 228 39 50 0.020582518 
274 239 19 27 0.020450946 
176 38 10 14 0.020445697 
223 115 10 13 0.020421559 
173 419 26 31 0.020369299 
260 449 25 33 0.020263957 
379 4 24 25 0.020052796 
312 46 12 15 0.020013904 
