4_Dancing_Dancing_4_319
88
410 73 29 38 0.99968195 
148 63 29 36 0.99941874 
215 156 35 42 0.9992986 
344 44 30 38 0.9990181 
1 16 24 34 0.9989593 
593 -1 34 38 0.99891675 
732 52 32 42 0.9989127 
551 33 36 43 0.998887 
687 58 28 37 0.99859375 
954 26 29 37 0.9985869 
486 58 32 40 0.998073 
654 48 30 39 0.9977481 
199 89 24 31 0.997134 
320 9 24 29 0.9968659 
445 142 25 31 0.9966599 
961 79 41 45 0.9938969 
448 54 30 34 0.9843834 
83 68 52 57 0.9791975 
328 244 33 39 0.9732722 
212 25 22 27 0.955002 
272 42 22 30 0.9504803 
614 141 57 49 0.9444652 
304 45 27 31 0.8803102 
247 84 27 33 0.85857743 
427 47 25 34 0.8428941 
192 56 24 30 0.77450013 
230 89 23 29 0.6714191 
430 42 16 20 0.3919484 
232 60 23 26 0.37434748 
711 47 38 47 0.37190667 
712 34 32 40 0.3555794 
24 68 28 31 0.2644615 
270 171 21 27 0.26445767 
471 91 22 27 0.2568141 
42 2 16 20 0.1772968 
218 90 25 32 0.15911134 
998 29 25 34 0.15082346 
591 115 43 54 0.14492337 
234 85 16 20 0.13403647 
228 126 25 32 0.11986792 
-1 351 24 60 0.11271974 
435 63 17 21 0.10643566 
696 49 31 42 0.07639089 
615 128 37 48 0.065737024 
25 60 22 25 0.06139471 
284 41 27 33 0.06034305 
227 110 23 30 0.052406397 
378 241 27 41 0.04848078 
33 1 22 28 0.045917626 
264 84 18 24 0.044396974 
318 240 55 74 0.042890947 
49 4 15 17 0.04116809 
209 67 14 18 0.038503706 
0 288 22 36 0.037460223 
747 511 63 53 0.03440853 
324 151 42 50 0.032527953 
291 35 16 23 0.032452438 
344 239 48 63 0.031706367 
201 50 18 21 0.031484503 
866 41 52 76 0.031262852 
189 68 18 22 0.030678213 
815 4 30 38 0.029225497 
69 388 13 16 0.029165713 
800 12 52 66 0.028984139 
583 107 33 45 0.02851031 
250 98 18 23 0.026910165 
640 151 35 37 0.026483951 
956 44 45 56 0.026338803 
972 24 43 53 0.025521405 
-15 520 230 219 0.0254129 
819 0 20 19 0.02491683 
402 255 29 38 0.024880415 
533 140 36 37 0.024841217 
227 104 17 22 0.024804117 
200 36 25 31 0.024182545 
270 36 16 22 0.023755435 
860 218 25 30 0.023633158 
554 130 58 56 0.023163367 
537 116 47 54 0.02315327 
669 55 30 39 0.022427093 
555 16 25 29 0.022305207 
179 74 25 30 0.022071231 
583 130 36 47 0.021824367 
0 295 13 23 0.021368768 
397 187 24 35 0.021116668 
326 48 27 34 0.021074904 
642 57 33 41 0.020560907 
803 -30 197 225 0.020454045 
