4_Dancing_Dancing_4_156
40
905 19 60 67 0.98862505 
157 9 39 50 0.9855892 
659 3 47 68 0.50820774 
459 120 54 67 0.3425862 
193 46 35 45 0.24139796 
863 45 100 141 0.2270374 
530 58 52 84 0.16785076 
103 4 27 36 0.14262025 
877 0 27 27 0.11631929 
628 1 65 86 0.111510284 
504 99 53 83 0.09890187 
556 53 56 90 0.09451271 
758 293 133 209 0.085389026 
80 10 42 56 0.07034127 
282 26 100 134 0.059096195 
224 5 41 51 0.0576672 
857 185 101 113 0.046776548 
763 7 26 26 0.045757804 
838 54 45 61 0.044634525 
1000 197 27 44 0.04442791 
879 202 61 63 0.044165574 
306 2 16 19 0.04348768 
177 28 40 51 0.03570384 
602 -9 71 78 0.035085488 
683 93 69 92 0.033371687 
301 202 28 30 0.032931343 
137 320 48 53 0.032666188 
512 108 27 48 0.03221781 
889 0 35 33 0.029530903 
788 171 190 278 0.029241111 
508 30 91 125 0.028442599 
984 302 40 93 0.028415948 
-17 -117 403 447 0.027426787 
496 81 93 131 0.026863214 
53 16 58 66 0.024631206 
245 11 27 36 0.022793898 
413 107 34 45 0.021706859 
623 33 51 82 0.021590399 
641 288 188 264 0.02128481 
109 515 23 28 0.020467589 
