4_Dancing_Dancing_4_375
53
226 165 60 89 0.9976102 
557 306 98 64 0.9935156 
907 294 14 19 0.14847618 
796 312 15 19 0.13077635 
999 326 11 13 0.12046111 
845 298 16 19 0.106449746 
898 289 20 25 0.08941433 
778 300 14 16 0.08236195 
972 349 10 13 0.06842099 
984 336 10 12 0.067152284 
901 286 13 18 0.058231093 
511 295 12 14 0.056446515 
967 333 10 13 0.05534425 
943 350 12 15 0.052112572 
908 287 12 16 0.051624473 
991 334 10 13 0.051143985 
459 294 10 12 0.04859077 
969 341 10 12 0.04267914 
72 331 11 15 0.04201694 
511 298 16 19 0.03749031 
472 295 10 11 0.03720763 
528 291 12 15 0.034669265 
881 671 24 26 0.033547197 
19 331 14 17 0.03086022 
887 290 39 56 0.03019873 
16 329 9 12 0.029812993 
473 285 9 12 0.027778747 
459 297 12 16 0.026502227 
884 280 25 32 0.026237732 
525 297 13 16 0.025689239 
942 342 13 16 0.025466096 
901 303 15 18 0.025445541 
993 327 11 14 0.0254405 
93 305 11 14 0.025162507 
895 295 14 19 0.024921283 
14 330 22 28 0.02449371 
446 296 10 12 0.024236113 
580 290 111 101 0.02419925 
458 307 12 16 0.023712223 
886 314 11 14 0.023590706 
457 289 9 11 0.023283545 
116 396 25 31 0.022317028 
903 313 24 32 0.022154061 
453 324 11 13 0.022128738 
846 289 12 14 0.021395734 
9 332 10 16 0.021288585 
935 325 11 15 0.021205312 
902 317 13 18 0.020981304 
471 300 10 13 0.020873338 
908 316 14 18 0.020820843 
849 293 15 18 0.020813268 
941 333 12 14 0.020603491 
914 291 12 18 0.02049064 
