7_Cheering_Cheering_7_870
27
890 200 54 70 0.9988493 
232 255 34 43 0.9969452 
646 221 50 62 0.993845 
380 203 38 52 0.99174786 
108 229 36 46 0.9852604 
136 231 27 32 0.24665268 
309 140 16 19 0.11225186 
591 293 29 38 0.0451437 
791 247 10 12 0.038628053 
639 268 12 17 0.033856507 
480 394 12 18 0.03168048 
600 280 10 11 0.031496115 
589 279 9 12 0.030193452 
301 144 17 19 0.029953282 
145 228 18 22 0.028472839 
591 295 12 13 0.0256857 
883 199 28 39 0.025051802 
697 477 64 79 0.02489786 
171 135 14 18 0.024708223 
604 283 10 12 0.024500147 
120 226 35 38 0.024330122 
941 217 18 25 0.023338106 
595 303 18 23 0.022866365 
831 252 12 16 0.022016557 
637 258 26 34 0.021728538 
798 245 9 12 0.020995826 
259 265 16 21 0.020106303 
