7_Cheering_Cheering_7_462
86
548 128 70 102 0.9952219 
821 364 32 42 0.99447495 
275 357 37 43 0.98679245 
67 554 26 45 0.98445433 
719 337 25 41 0.9709914 
200 367 28 36 0.924061 
360 591 36 65 0.90438306 
-1 547 18 35 0.88981897 
60 420 23 31 0.6917498 
11 421 17 22 0.620627 
98 416 18 23 0.53036463 
893 508 20 33 0.45787492 
899 522 33 39 0.44590232 
31 432 15 20 0.30637893 
936 245 66 92 0.26841754 
442 587 41 65 0.22586311 
190 372 40 54 0.20049791 
0 394 13 22 0.1750292 
950 221 53 73 0.13547313 
424 591 37 58 0.12845315 
148 384 19 22 0.0992783 
211 418 42 53 0.09791193 
758 569 16 19 0.0956508 
378 374 30 38 0.08721215 
75 399 14 17 0.07136009 
403 314 30 41 0.06314009 
18 426 19 25 0.061457314 
375 595 41 61 0.058375344 
354 229 424 480 0.04974152 
85 418 25 32 0.048433684 
141 369 37 48 0.047185667 
377 379 46 58 0.041280724 
49 458 17 23 0.041081354 
198 388 41 55 0.040377833 
809 396 23 29 0.03952998 
398 409 48 65 0.039100412 
401 327 47 60 0.038750567 
926 277 69 95 0.038194682 
68 562 41 55 0.036040448 
367 440 52 67 0.03480693 
852 378 16 21 0.033363026 
128 409 27 35 0.032200094 
665 6 418 438 0.031998996 
946 196 52 65 0.031950682 
409 414 30 38 0.03175396 
823 327 14 18 0.030944586 
223 384 27 36 0.030527491 
77 461 14 18 0.030470997 
163 369 42 51 0.030379798 
816 183 113 171 0.030205425 
1012 522 12 19 0.02973758 
103 412 17 21 0.029574024 
136 11 429 481 0.029261166 
841 373 25 32 0.028245732 
871 557 10 12 0.027939612 
375 387 86 105 0.027917739 
-7 131 424 520 0.027586138 
405 595 37 51 0.027484255 
887 504 40 47 0.027155982 
385 216 49 55 0.027005073 
694 232 119 132 0.026574198 
617 319 44 51 0.026289208 
182 392 25 35 0.024539746 
856 383 17 22 0.024363732 
-2 542 14 22 0.024173414 
378 433 30 37 0.023242412 
206 421 30 38 0.02309716 
911 522 22 24 0.023001274 
896 538 31 37 0.02266834 
92 424 28 37 0.022415798 
0 463 19 32 0.022005104 
41 463 25 35 0.02187313 
386 422 32 39 0.021565316 
222 423 49 63 0.021363255 
739 289 18 20 0.021330649 
331 402 89 108 0.021127218 
715 282 16 19 0.020927101 
453 565 53 76 0.020902716 
949 201 32 41 0.02081391 
418 316 51 68 0.020800794 
261 328 15 19 0.020702573 
74 375 16 20 0.020582223 
217 401 30 37 0.020376472 
49 338 13 17 0.020354029 
218 417 20 23 0.020158295 
574 3 16 18 0.02006233 
