7_Cheering_Cheering_7_386
212
763 291 33 41 0.98671144 
210 547 49 55 0.9807577 
765 434 33 42 0.96806806 
800 511 45 78 0.8648126 
53 506 53 84 0.83011186 
391 401 15 19 0.69431597 
286 401 17 21 0.6647742 
220 427 16 21 0.43118352 
301 431 25 28 0.37937507 
795 483 49 72 0.2743035 
663 440 27 33 0.26135936 
909 376 28 32 0.25294885 
355 430 18 24 0.22700045 
411 404 13 19 0.20082994 
80 327 96 133 0.18261632 
415 439 20 27 0.17967072 
558 467 37 47 0.17397395 
217 456 27 33 0.15964174 
331 454 23 29 0.14671761 
42 512 83 126 0.11989341 
984 344 28 31 0.11309781 
885 550 47 67 0.10367907 
871 380 26 30 0.09957788 
306 407 16 20 0.0950174 
813 391 25 32 0.094664834 
884 396 22 29 0.09212824 
396 379 11 14 0.084441535 
971 342 26 35 0.08399313 
384 401 14 19 0.083112545 
682 332 18 24 0.08017245 
329 395 15 19 0.079938576 
894 397 24 31 0.07855643 
228 422 24 27 0.07814824 
0 483 43 67 0.07771699 
341 454 23 30 0.075815275 
679 397 48 64 0.07516155 
566 489 114 150 0.07510933 
475 389 13 16 0.07428116 
32 354 83 118 0.07246205 
993 370 23 30 0.07115632 
10 383 15 19 0.07020801 
357 393 17 19 0.06974733 
243 375 14 19 0.066852234 
188 401 13 16 0.064891614 
812 404 30 38 0.06391164 
363 386 15 19 0.06374608 
41 537 35 49 0.0631902 
533 409 14 18 0.061956193 
434 424 16 21 0.061709262 
875 350 18 21 0.061481632 
461 435 18 23 0.061477788 
365 356 13 14 0.060933597 
333 553 60 70 0.059743002 
10 526 126 217 0.058263868 
155 356 14 17 0.05566637 
413 399 12 16 0.055622324 
1014 402 9 16 0.053386867 
525 424 15 19 0.052403014 
445 393 14 17 0.05187402 
71 370 57 83 0.050046634 
762 410 52 67 0.049830507 
496 362 12 13 0.04982564 
965 408 14 18 0.049018383 
546 451 29 34 0.048270576 
366 379 15 18 0.048177272 
154 704 60 60 0.045061756 
432 452 23 34 0.043712582 
437 415 13 15 0.0433618 
363 405 15 18 0.04211786 
907 390 18 23 0.041489318 
356 446 27 31 0.041104916 
581 394 17 22 0.041068178 
487 532 32 51 0.041007895 
824 383 25 31 0.040299498 
16 493 50 75 0.039840706 
884 383 25 31 0.03882583 
249 469 27 33 0.03795667 
371 435 16 20 0.037780855 
39 403 50 81 0.0376679 
303 414 26 29 0.037345875 
899 366 13 15 0.03717556 
565 420 15 19 0.036257718 
170 -13 427 492 0.035743263 
850 536 79 95 0.035200097 
400 442 27 31 0.0335861 
570 392 25 32 0.033314396 
529 417 16 21 0.033076003 
469 392 23 30 0.032866806 
991 353 27 35 0.032827243 
381 530 52 63 0.032755874 
424 428 21 28 0.03267373 
906 398 17 25 0.032537736 
768 338 37 38 0.032180794 
482 386 14 17 0.031217108 
315 568 55 61 0.031134207 
257 426 16 22 0.031124959 
5 378 22 31 0.03104866 
701 341 12 16 0.030920563 
543 391 10 14 0.0309048 
215 430 28 35 0.03052339 
64 445 24 37 0.029994018 
453 438 22 30 0.029873002 
204 539 78 89 0.029581467 
413 385 10 11 0.029564807 
285 392 44 55 0.02935029 
398 526 38 43 0.029316144 
860 434 28 35 0.029235482 
444 379 16 18 0.028986802 
397 386 13 16 0.028649578 
789 487 30 44 0.028576076 
441 453 27 36 0.028445797 
511 363 13 15 0.028399909 
371 383 15 19 0.028263072 
184 428 28 38 0.028197354 
346 370 15 19 0.028023675 
874 400 24 30 0.028001357 
425 334 10 12 0.027532041 
558 369 15 21 0.027477017 
407 387 11 14 0.027476383 
484 375 12 15 0.027451409 
518 423 26 31 0.027254658 
937 407 23 28 0.026992992 
139 346 59 91 0.026881546 
491 400 17 23 0.026713448 
317 403 14 19 0.026606368 
3 477 31 38 0.026381025 
490 381 24 29 0.026191704 
392 375 11 14 0.026159044 
201 424 27 35 0.026124101 
672 401 26 33 0.026051529 
594 425 17 20 0.025968015 
377 380 14 16 0.02596243 
16 417 53 82 0.025927885 
865 391 26 34 0.025876125 
361 540 58 72 0.025653012 
93 394 98 140 0.025489258 
524 405 23 30 0.02533092 
673 431 28 36 0.02529825 
363 416 16 19 0.024771772 
975 358 30 37 0.024771456 
708 403 51 75 0.024499271 
619 401 27 32 0.02441629 
858 412 28 33 0.02439704 
1003 398 21 33 0.024161192 
868 437 16 20 0.024129676 
872 418 16 20 0.02382856 
902 386 15 19 0.023689097 
690 397 29 41 0.023665072 
539 352 14 19 0.02346342 
819 524 77 94 0.02334748 
621 333 14 15 0.02321672 
828 412 25 32 0.023195967 
362 457 30 35 0.023162352 
435 425 24 32 0.023007074 
681 395 24 33 0.022999527 
1000 414 22 39 0.022989674 
374 394 13 16 0.022943024 
581 370 13 17 0.022929 
754 345 31 37 0.022861056 
418 390 12 14 0.022828974 
427 19 387 451 0.022820175 
479 381 12 17 0.022626119 
769 446 51 74 0.022544175 
999 310 20 28 0.022514336 
316 444 40 51 0.022500435 
293 418 44 57 0.022437017 
357 420 14 18 0.022412116 
118 454 50 71 0.022336673 
480 394 24 31 0.022321438 
674 382 77 109 0.022222975 
581 474 39 43 0.022041025 
306 437 29 34 0.022016825 
501 386 16 19 0.021975068 
-8 181 89 159 0.021967495 
458 389 23 29 0.021967424 
369 409 15 19 0.021959666 
123 468 14 19 0.021955961 
469 407 14 19 0.021846576 
478 382 23 28 0.02181438 
857 381 28 32 0.021810547 
957 339 14 18 0.02181041 
848 391 26 33 0.021759532 
819 403 42 52 0.021653624 
563 365 13 17 0.021582281 
68 387 17 20 0.021510804 
237 461 30 35 0.021484632 
989 429 27 46 0.0214655 
950 322 38 51 0.021383125 
533 400 22 31 0.021243002 
962 332 22 32 0.021126054 
-2 361 87 126 0.021065349 
846 415 32 42 0.021020455 
387 386 23 26 0.021010725 
374 381 22 27 0.021010539 
456 452 25 32 0.021000203 
510 489 29 37 0.020992318 
541 355 24 33 0.020938428 
537 335 10 12 0.020924337 
370 354 14 16 0.020918272 
892 386 14 19 0.020879205 
281 584 52 64 0.020824438 
477 372 12 16 0.020640368 
542 402 24 30 0.020450864 
526 507 91 129 0.020432584 
378 459 31 33 0.020413589 
378 387 13 16 0.020315975 
377 440 15 19 0.020292921 
589 426 164 228 0.020226862 
475 405 16 22 0.020114038 
384 322 11 13 0.020097403 
317 404 23 29 0.020068254 
424 447 17 23 0.020001903 
