7_Cheering_Cheering_7_542
29
255 290 212 301 0.9998853 
553 130 242 333 0.9996061 
136 347 48 74 0.7277664 
4 339 29 41 0.72438717 
102 342 54 72 0.25633836 
873 288 16 21 0.1538533 
991 250 32 48 0.14512871 
83 326 37 51 0.13969871 
419 139 330 435 0.068934806 
57 285 26 31 0.0561306 
954 288 13 17 0.05606638 
915 349 28 35 0.052077353 
0 285 23 39 0.04989044 
909 279 42 54 0.0492286 
58 349 23 31 0.046352908 
1 273 28 35 0.034484375 
271 193 392 484 0.027459992 
7 359 31 39 0.026934464 
900 285 26 34 0.026822241 
86 314 29 39 0.026174294 
0 272 47 58 0.025611823 
919 287 49 61 0.024836114 
154 350 53 79 0.02428172 
61 335 41 55 0.024228085 
272 155 17 20 0.022954956 
50 277 43 54 0.022896325 
928 283 27 36 0.022603685 
673 -11 69 61 0.021475345 
0 290 13 22 0.02064985 
