7_Cheering_Cheering_7_536
91
329 306 26 33 0.9810432 
515 333 39 63 0.9486518 
246 232 26 31 0.8969918 
333 259 27 33 0.8714939 
206 224 26 33 0.8512991 
931 290 41 44 0.79610384 
1 217 29 41 0.6878551 
0 343 19 32 0.67811525 
214 261 31 34 0.6038751 
176 255 28 32 0.5913153 
625 245 64 79 0.53630453 
999 239 24 41 0.5150655 
895 243 29 33 0.47578633 
98 240 28 30 0.42060742 
254 310 28 39 0.39537558 
134 247 29 35 0.35918924 
876 265 26 32 0.30022186 
315 229 24 28 0.24443613 
645 260 39 47 0.19701105 
848 281 31 39 0.18984044 
-2 276 25 33 0.16982529 
507 256 41 48 0.16874409 
726 281 64 102 0.16848423 
43 216 30 33 0.14493293 
135 233 27 32 0.12523443 
126 332 27 30 0.1148588 
199 235 37 47 0.11312133 
266 253 24 28 0.09006813 
460 272 25 28 0.08498445 
356 239 22 26 0.080350876 
400 243 25 28 0.07309109 
603 248 54 68 0.06910151 
997 396 26 37 0.06787877 
433 248 26 29 0.05693235 
895 258 47 55 0.053922627 
1013 346 12 19 0.052454133 
190 245 30 36 0.05067028 
345 247 25 31 0.049122725 
974 475 42 55 0.046916313 
880 244 46 52 0.046893034 
87 355 28 34 0.04656719 
17 207 40 52 0.045625772 
525 268 31 37 0.044866763 
49 228 32 35 0.04323539 
598 282 34 45 0.04317241 
862 43 168 259 0.042663716 
23 294 25 31 0.03955772 
271 577 46 53 0.035803415 
995 415 32 42 0.035272855 
680 256 84 106 0.035240367 
315 222 19 22 0.034592524 
325 250 28 34 0.033846762 
828 125 11 13 0.033234116 
8 284 28 37 0.032379184 
33 224 33 36 0.030702874 
581 328 38 60 0.028484933 
852 265 43 51 0.028195277 
188 538 45 56 0.027462073 
121 307 41 45 0.026419105 
180 632 12 14 0.026348867 
531 335 46 68 0.026347583 
825 120 9 12 0.026194416 
62 237 28 32 0.025354102 
413 247 27 31 0.025033548 
372 270 26 28 0.025004122 
652 237 85 105 0.024763715 
364 241 26 30 0.024719154 
205 647 9 11 0.024686145 
513 488 36 45 0.024082234 
609 252 26 34 0.023967365 
120 285 43 49 0.023960639 
129 330 41 47 0.02282715 
565 338 42 65 0.022795709 
564 256 26 33 0.022528939 
258 261 27 33 0.02215167 
729 225 37 41 0.021878425 
589 295 32 41 0.021821946 
248 274 44 56 0.021802222 
79 315 26 31 0.021647634 
382 244 27 29 0.021548424 
232 264 29 35 0.021026215 
718 286 105 152 0.020961149 
143 288 43 48 0.020923557 
539 279 28 33 0.020922858 
77 280 28 33 0.020768054 
501 268 30 34 0.02067726 
553 488 32 42 0.02067218 
81 391 131 162 0.0205685 
119 249 30 34 0.020377338 
605 185 99 134 0.020260151 
189 535 22 35 0.020155175 
