7_Cheering_Cheering_7_413
88
428 362 32 40 0.9992669 
927 380 58 73 0.99919444 
485 428 58 87 0.9986966 
270 339 27 39 0.99777716 
735 362 30 36 0.9974929 
542 347 32 41 0.99737144 
843 376 37 44 0.99658257 
728 451 84 103 0.9959453 
618 370 37 49 0.99269485 
168 335 22 31 0.9922071 
343 414 42 57 0.98962045 
37 334 22 27 0.9866195 
382 339 16 19 0.9830199 
45 386 32 36 0.9815512 
68 331 21 26 0.9716144 
250 333 13 19 0.9449274 
750 385 42 52 0.9431272 
319 348 22 28 0.92274356 
155 380 32 55 0.91173697 
203 332 12 17 0.87189424 
353 283 11 15 0.84927684 
6 342 25 32 0.70578015 
496 391 35 36 0.59793276 
992 371 32 46 0.5736486 
339 330 23 27 0.56735337 
228 435 30 33 0.2360416 
961 368 50 62 0.13166887 
246 502 50 67 0.12505867 
4 339 17 21 0.12495619 
740 370 39 48 0.12493587 
42 371 16 19 0.114879355 
509 383 33 37 0.097121306 
204 360 15 20 0.08471056 
0 462 13 20 0.067741625 
1008 382 15 26 0.06582282 
154 371 23 35 0.062443476 
442 472 42 54 0.061461072 
238 373 20 27 0.056864876 
296 452 51 55 0.054289926 
1 341 12 16 0.052493855 
0 491 12 18 0.050091594 
27 390 13 18 0.046306483 
219 430 47 54 0.042231742 
37 374 25 31 0.041879818 
768 383 31 39 0.04005335 
168 382 39 51 0.03960972 
315 360 23 32 0.03734674 
-1 454 22 32 0.035281397 
316 339 16 20 0.034309432 
498 388 21 26 0.03375588 
177 335 24 29 0.03359305 
641 85 11 12 0.033541787 
629 87 10 11 0.033429205 
19 347 24 31 0.03245607 
488 350 13 17 0.031648062 
326 433 46 54 0.031388864 
353 334 17 22 0.031160712 
18 338 17 22 0.030651933 
334 331 18 22 0.029834865 
30 335 18 24 0.028610133 
694 132 9 12 0.02765445 
321 341 19 22 0.027176935 
464 438 50 70 0.026761543 
24 385 24 31 0.026611025 
29 377 13 17 0.02660365 
686 85 14 15 0.025817476 
35 364 44 52 0.024825988 
667 123 56 77 0.02456582 
244 365 14 19 0.02440338 
210 357 15 18 0.024052825 
703 429 31 39 0.023899237 
651 374 26 36 0.023697766 
479 393 45 59 0.023234332 
195 368 23 29 0.02309506 
647 198 9 11 0.02283037 
196 350 20 25 0.022802958 
0 361 10 19 0.02262338 
184 402 33 38 0.022204516 
230 357 11 15 0.022197 
22 333 13 16 0.022113383 
405 346 13 17 0.02158908 
484 390 29 38 0.021482792 
631 136 9 11 0.020927276 
385 351 24 31 0.02085116 
659 65 14 17 0.0207869 
355 370 17 22 0.020694656 
745 356 28 32 0.020349361 
186 382 29 40 0.020188205 
