7_Cheering_Cheering_7_57
132
33 161 38 51 0.99522203 
431 338 45 56 0.9937092 
0 305 46 56 0.9878576 
129 298 48 53 0.9869984 
553 346 45 51 0.9844774 
669 315 34 40 0.9800863 
797 285 46 52 0.9683528 
331 312 40 47 0.91321534 
746 339 43 50 0.8909798 
351 205 14 17 0.74311465 
602 180 17 22 0.6620532 
885 298 33 51 0.48540562 
105 325 34 41 0.39592302 
677 257 23 31 0.31350842 
953 370 34 53 0.23658738 
1000 337 27 61 0.2327464 
89 159 26 33 0.21616243 
388 224 32 40 0.20978062 
491 337 40 51 0.19946949 
880 122 36 45 0.19860029 
514 251 13 16 0.19309366 
493 711 30 42 0.15164718 
577 241 8 10 0.117964126 
540 227 15 18 0.11241664 
300 238 16 22 0.112363875 
542 221 11 14 0.107913315 
688 204 11 15 0.09840534 
880 210 49 73 0.097854264 
690 198 11 14 0.09306839 
582 239 8 11 0.09011711 
486 236 13 15 0.087089874 
72 83 17 18 0.086341105 
537 708 27 41 0.080592915 
575 244 8 11 0.078682534 
964 382 34 46 0.07729342 
734 151 46 47 0.07684738 
269 213 12 14 0.07212481 
907 107 13 16 0.07151254 
351 201 24 28 0.06938141 
361 203 14 18 0.06937796 
968 744 27 34 0.0678503 
701 249 16 20 0.067185305 
534 231 16 20 0.0639259 
227 322 53 58 0.060187653 
583 244 8 11 0.05985162 
492 242 11 14 0.05744294 
611 351 39 53 0.051657636 
470 334 44 57 0.0513692 
326 214 9 12 0.05130634 
277 222 12 15 0.04915278 
981 210 24 28 0.048064765 
326 226 12 16 0.046288386 
382 237 29 35 0.045145858 
302 221 8 10 0.044476986 
700 268 25 30 0.04277652 
510 703 50 71 0.041701827 
269 219 13 15 0.04129237 
149 265 27 32 0.040754963 
688 201 20 27 0.04035995 
275 211 12 16 0.038790714 
539 240 15 17 0.038649272 
567 262 23 28 0.0386305 
569 247 10 11 0.0382573 
886 104 44 52 0.037781466 
690 248 23 31 0.037081502 
737 171 43 47 0.03595817 
723 463 50 48 0.035677616 
357 289 17 19 0.035522483 
791 279 28 38 0.03545853 
209 310 49 59 0.035246763 
332 224 13 16 0.034847915 
546 225 13 17 0.034682322 
504 326 36 48 0.034667484 
588 381 26 33 0.03457264 
606 227 14 20 0.034232225 
628 237 11 16 0.03412191 
507 247 21 27 0.03387986 
117 309 40 48 0.03333022 
68 80 28 34 0.033225507 
709 196 10 13 0.032966327 
305 246 17 22 0.032826237 
906 101 12 16 0.032568943 
402 231 28 43 0.032545224 
337 290 46 59 0.031337056 
666 357 30 39 0.031161198 
107 75 25 35 0.03103747 
535 222 13 16 0.030983238 
617 241 19 29 0.030960308 
479 312 42 55 0.030764977 
692 216 25 34 0.030476965 
486 237 21 28 0.03025281 
740 202 30 40 0.029193727 
521 251 13 15 0.028829731 
936 376 33 47 0.028434718 
705 192 9 11 0.028203858 
380 254 25 33 0.028077953 
399 304 37 50 0.027195184 
684 264 28 36 0.02667867 
655 737 30 31 0.026545614 
339 218 13 16 0.026355598 
902 104 22 27 0.0253957 
737 270 32 37 0.024917753 
757 188 39 38 0.024519118 
277 196 9 11 0.024223946 
587 245 10 15 0.023779314 
567 251 11 13 0.023737658 
297 220 11 13 0.023688825 
115 75 14 19 0.023687562 
538 216 21 24 0.023632219 
984 213 11 17 0.023626119 
401 226 20 24 0.023427831 
704 257 19 22 0.023316551 
715 221 13 16 0.023151707 
247 313 51 57 0.022945065 
698 208 15 18 0.022732437 
134 230 31 32 0.022651397 
1006 336 15 23 0.022571763 
486 701 53 71 0.022508444 
265 208 21 25 0.022194188 
350 281 27 31 0.022131836 
1003 419 15 21 0.021803401 
700 238 24 26 0.021790143 
581 249 13 19 0.021536592 
303 230 11 15 0.021488465 
668 264 25 34 0.021304408 
269 225 16 18 0.020932954 
388 231 19 25 0.020903638 
81 88 15 18 0.020826027 
577 263 17 22 0.020710038 
146 232 17 20 0.02044178 
704 221 25 29 0.020343302 
264 337 37 37 0.020067718 
