7_Cheering_Cheering_7_134
139
234 227 98 148 0.9997124 
464 247 92 113 0.99886036 
718 254 86 112 0.9975955 
-4 33 71 149 0.99373335 
154 72 81 113 0.9862981 
466 143 88 103 0.97624534 
991 475 12 16 0.395008 
892 81 33 41 0.38290596 
559 288 30 47 0.37145853 
944 444 11 15 0.34309334 
908 458 16 20 0.23488085 
928 466 16 19 0.22146495 
959 431 9 12 0.15803684 
1006 491 15 19 0.15383212 
940 385 11 15 0.1514427 
1014 422 8 12 0.14768337 
973 389 9 13 0.14259924 
960 449 12 15 0.12906717 
966 437 8 10 0.124310374 
1009 453 10 12 0.116305426 
996 445 10 13 0.10523465 
504 381 31 34 0.083002314 
912 458 20 25 0.08292399 
418 120 42 59 0.078380264 
452 181 99 139 0.07263758 
838 444 11 13 0.07137489 
1000 541 14 18 0.071325354 
953 399 8 11 0.070581175 
953 430 10 12 0.07012738 
920 423 11 13 0.06503276 
1000 438 10 13 0.062393155 
994 482 13 17 0.061261225 
949 438 10 13 0.060592588 
935 425 11 13 0.06049158 
965 447 12 15 0.05906057 
290 139 29 35 0.05575216 
972 447 10 13 0.054609332 
786 442 51 63 0.054292373 
990 412 11 12 0.05382775 
556 280 25 37 0.051772006 
272 101 9 13 0.05072814 
999 379 9 13 0.050581854 
253 96 13 17 0.04765726 
329 110 45 50 0.0453104 
990 463 9 12 0.04487702 
543 285 35 51 0.044577263 
574 355 54 62 0.044422273 
1011 529 13 19 0.044281047 
984 407 10 12 0.04255321 
991 420 10 13 0.041705877 
280 85 10 12 0.041552197 
983 445 12 15 0.04059782 
972 416 9 11 0.039931692 
939 473 15 18 0.03986981 
941 424 9 12 0.039661642 
999 489 13 17 0.039062142 
934 393 11 15 0.038518324 
1007 447 10 13 0.038368795 
995 471 12 15 0.03800508 
1002 525 20 28 0.037333466 
993 450 10 12 0.03732058 
867 498 15 18 0.036759604 
997 451 11 13 0.036228478 
1014 415 9 14 0.034514546 
924 425 12 15 0.034343548 
942 377 10 11 0.034219924 
968 418 11 14 0.03382304 
271 109 10 14 0.033817936 
803 452 29 38 0.033768836 
890 466 12 18 0.03351104 
9 64 95 148 0.03344362 
911 491 14 17 0.032793973 
278 117 14 19 0.032536946 
948 448 13 15 0.032188572 
1013 390 9 16 0.032078765 
889 496 54 59 0.031992037 
882 501 30 36 0.031808257 
554 298 50 67 0.030619053 
873 444 11 13 0.030550124 
361 94 10 13 0.030237257 
968 384 9 12 0.030170098 
917 469 18 21 0.030128427 
889 455 22 30 0.029280743 
951 424 9 12 0.028943812 
951 329 12 17 0.02852488 
1007 553 13 17 0.027780497 
928 414 9 11 0.027629418 
988 530 15 19 0.027613195 
565 271 44 66 0.027558241 
288 104 12 16 0.026580509 
1011 484 14 21 0.026319567 
1011 456 12 17 0.026074242 
628 541 50 65 0.02567969 
997 407 9 11 0.025660582 
285 82 12 15 0.025196964 
933 413 9 10 0.024757486 
1011 516 12 17 0.024316458 
956 398 9 11 0.024265587 
985 461 10 13 0.024216501 
901 407 10 12 0.02419222 
1000 432 10 12 0.024166588 
345 316 42 62 0.024019009 
893 485 12 14 0.023912212 
972 459 11 14 0.023903076 
277 114 24 35 0.023650285 
868 506 13 16 0.02360516 
891 498 17 21 0.023533734 
972 438 10 12 0.023399176 
77 50 109 135 0.023380503 
1009 395 11 15 0.023346731 
874 80 29 35 0.02320158 
596 202 13 15 0.02310351 
929 406 9 12 0.023003701 
868 507 27 38 0.022776596 
930 397 9 13 0.022727638 
1012 448 10 15 0.02248044 
862 493 28 30 0.022213638 
989 485 14 19 0.022076538 
951 412 10 12 0.02174482 
914 484 17 19 0.021717023 
958 423 11 13 0.021590624 
877 439 12 15 0.021570735 
984 468 14 19 0.02126161 
259 98 12 15 0.021255963 
244 117 13 17 0.0211174 
843 459 28 33 0.021109125 
929 556 30 37 0.021092938 
986 411 10 12 0.021057911 
578 223 27 34 0.021040104 
869 456 25 31 0.020985115 
558 344 49 62 0.020924767 
870 536 12 16 0.020470034 
966 406 8 10 0.02045101 
262 83 9 11 0.020372681 
998 549 15 19 0.02028633 
868 523 15 20 0.0202854 
905 396 10 12 0.020181132 
997 342 10 12 0.020093886 
493 266 94 126 0.020046242 
