7_Cheering_Cheering_7_426
123
308 1007 64 75 0.995641 
855 1183 39 48 0.97565687 
498 1016 56 70 0.5676015 
772 1134 27 37 0.4151067 
3 1328 47 56 0.4065129 
586 1051 59 63 0.4038505 
856 321 25 30 0.18600631 
556 1037 74 72 0.16630346 
379 510 28 36 0.13719195 
915 1194 17 26 0.13689408 
570 1328 47 60 0.13139239 
70 1084 45 60 0.12755482 
886 1104 10 13 0.10890658 
88 1343 43 45 0.10082975 
454 162 47 54 0.09786229 
25 1325 48 55 0.097454466 
372 359 41 70 0.09345895 
613 866 56 54 0.09214441 
873 1131 11 15 0.08713819 
757 116 8 11 0.08149142 
524 1024 71 75 0.07719124 
3 989 15 20 0.070020705 
892 344 15 20 0.06616553 
608 1037 58 72 0.0656699 
722 102 8 9 0.06465052 
304 1317 36 48 0.06425793 
57 1275 64 59 0.06300275 
409 511 24 33 0.062499538 
977 1091 12 17 0.056441385 
415 465 21 28 0.05622956 
722 96 9 10 0.056147657 
329 1330 42 52 0.05604336 
241 1229 10 13 0.055386577 
705 100 9 12 0.055279564 
788 1204 28 42 0.055245504 
821 1101 11 14 0.052987646 
791 1031 9 12 0.05183571 
421 464 10 13 0.051383544 
746 1211 24 37 0.048928246 
724 1172 24 33 0.04842944 
44 1081 48 63 0.048385512 
520 1040 45 45 0.048292216 
806 1061 10 13 0.0475634 
347 1355 37 37 0.04686638 
316 78 11 13 0.04677254 
914 1151 15 21 0.0445317 
356 1013 56 66 0.04428125 
789 1049 11 15 0.043087598 
693 1252 37 45 0.042570837 
389 332 74 117 0.041461572 
599 1328 55 62 0.040330485 
30 1268 71 53 0.03968819 
369 1354 27 37 0.039391067 
37 1022 10 12 0.038649227 
470 1011 73 102 0.037212357 
804 1206 22 38 0.036809567 
699 269 12 15 0.036679212 
754 43 10 14 0.036593582 
3 991 22 31 0.035725355 
135 1130 43 45 0.03516017 
839 133 12 14 0.034316093 
626 21 8 11 0.033760212 
315 71 11 13 0.03315427 
258 1242 12 15 0.032914538 
765 1139 41 55 0.032840423 
79 1357 39 36 0.032782953 
444 118 11 13 0.030569477 
160 1024 10 13 0.029860659 
372 888 63 70 0.029433195 
861 360 13 16 0.028628672 
718 111 9 10 0.028559428 
633 152 7 9 0.028439129 
154 1042 15 20 0.028356222 
397 865 14 15 0.027806249 
775 124 14 17 0.027714377 
154 1140 14 15 0.027584437 
512 917 39 54 0.027566163 
171 85 54 67 0.026893642 
894 151 8 11 0.026568308 
259 1024 45 65 0.02637807 
914 149 10 12 0.026346007 
638 116 8 9 0.026073119 
396 31 16 19 0.025945038 
-1 977 35 53 0.025926331 
710 97 8 10 0.025871431 
39 1305 54 61 0.025566282 
307 17 123 146 0.02537535 
754 113 8 11 0.025341203 
718 117 8 10 0.025309835 
699 323 11 16 0.025231434 
331 303 101 141 0.0244152 
920 116 9 13 0.024109863 
778 1208 26 37 0.023795407 
426 1340 47 55 0.023669938 
722 89 7 9 0.023438493 
319 1040 61 73 0.023297127 
389 502 46 65 0.023062842 
163 1026 13 16 0.023020124 
532 930 28 37 0.022974053 
76 1305 54 62 0.022926833 
771 1179 41 62 0.022896996 
800 1059 12 15 0.022798333 
452 975 77 112 0.022796996 
764 1207 28 39 0.022590367 
876 1137 11 15 0.022389341 
164 84 12 15 0.021993922 
876 1125 14 20 0.02187986 
796 1038 10 12 0.021826604 
815 1106 12 14 0.021791944 
491 452 11 14 0.02178196 
194 97 29 35 0.021676013 
884 1128 13 17 0.021483552 
883 1113 13 17 0.021363363 
282 996 55 70 0.02129528 
918 1134 10 13 0.020731594 
710 261 11 13 0.020657813 
882 1107 12 16 0.020605063 
627 882 55 63 0.020386491 
781 120 9 12 0.020377388 
127 69 89 106 0.020335138 
739 234 11 14 0.020257795 
695 87 8 9 0.02015183 
711 180 8 10 0.0200348 
