7_Cheering_Cheering_7_530
188
303 163 13 17 0.9852792 
9 105 22 25 0.95981133 
956 209 15 20 0.93602955 
722 143 21 29 0.93359065 
141 142 13 16 0.8427223 
400 30 32 58 0.8037829 
817 176 18 27 0.69655234 
80 133 13 17 0.6088675 
261 176 9 11 0.2993828 
359 60 11 14 0.289978 
858 165 20 29 0.2694564 
616 108 21 39 0.26917982 
550 195 8 10 0.26340413 
366 182 7 9 0.18656099 
118 185 10 15 0.18075919 
921 245 10 12 0.15726757 
116 146 12 14 0.13705878 
158 165 10 12 0.12797606 
869 141 12 16 0.12496695 
332 77 10 13 0.12045415 
112 164 10 14 0.10969366 
249 239 11 15 0.10680087 
116 161 12 15 0.10440859 
222 186 6 8 0.10217763 
382 67 9 12 0.09439371 
71 230 11 12 0.09180715 
712 145 20 30 0.09176896 
855 154 12 17 0.09068479 
353 77 10 13 0.088456474 
651 131 27 36 0.08435174 
369 263 9 11 0.08362958 
348 259 9 11 0.07976705 
728 149 26 31 0.07836834 
358 197 9 10 0.07736813 
112 182 11 15 0.07111335 
898 222 8 11 0.06932431 
409 33 44 59 0.0687852 
218 184 8 9 0.06520388 
627 119 15 25 0.063541725 
903 195 10 14 0.0592847 
257 198 9 11 0.058130834 
109 170 10 13 0.05772494 
546 192 10 11 0.05731895 
300 126 12 16 0.056317892 
260 180 8 11 0.056110304 
908 285 29 36 0.05462216 
76 186 12 16 0.054441508 
46 241 9 13 0.052906338 
522 184 12 15 0.051578436 
312 186 13 15 0.050903145 
247 192 7 9 0.04979894 
914 237 8 11 0.049623355 
852 173 17 24 0.04941503 
914 233 7 9 0.04867401 
919 176 9 12 0.047853418 
128 198 9 13 0.047290664 
919 240 10 11 0.04610222 
361 247 8 11 0.045946978 
590 214 10 12 0.04581522 
861 147 14 20 0.04442035 
133 235 13 15 0.044269033 
805 154 15 20 0.044148337 
678 145 15 19 0.044001877 
62 188 10 14 0.043898493 
166 173 8 12 0.042477 
867 166 15 21 0.0414274 
809 161 20 29 0.041050464 
355 83 12 14 0.040861566 
701 147 12 18 0.04013409 
134 127 9 11 0.039787613 
942 206 9 11 0.03963223 
913 176 9 12 0.03889394 
744 147 18 22 0.038804285 
933 260 10 12 0.038228612 
885 237 11 14 0.037147816 
257 205 9 10 0.036659878 
853 162 15 23 0.036174815 
908 198 9 12 0.035955172 
901 217 9 11 0.035612356 
237 198 10 12 0.035386045 
808 222 22 31 0.03516709 
297 247 10 12 0.034718506 
677 148 23 30 0.034231495 
293 123 15 19 0.034197588 
727 172 26 35 0.034174398 
822 181 24 26 0.034160115 
333 212 9 12 0.034005664 
687 188 10 13 0.033986583 
632 125 28 37 0.033182453 
240 193 7 8 0.032628246 
160 170 10 13 0.032612983 
691 146 17 22 0.03230986 
366 188 9 12 0.032220796 
111 134 9 12 0.032181375 
517 205 9 11 0.032158166 
362 39 8 10 0.03194297 
865 180 17 22 0.031454448 
294 190 9 12 0.031230735 
623 133 26 38 0.031206904 
360 192 9 11 0.031128697 
257 191 8 10 0.031021088 
166 181 9 12 0.030864058 
86 240 8 11 0.030862356 
727 196 28 38 0.030506529 
415 110 90 96 0.030386023 
919 232 7 10 0.030369544 
217 189 9 11 0.030178908 
668 144 14 19 0.029748874 
737 96 17 23 0.029680615 
377 47 9 11 0.029417146 
662 138 23 32 0.029410243 
343 7 8 9 0.029223522 
587 126 10 11 0.028658656 
362 23 8 9 0.028567823 
660 181 21 31 0.028260663 
77 174 12 14 0.028154466 
337 155 11 14 0.028083364 
189 199 10 12 0.027857706 
943 211 10 13 0.027426394 
550 220 9 10 0.027341176 
40 239 10 13 0.027309427 
159 181 10 13 0.027114179 
431 37 48 64 0.027079102 
183 199 12 14 0.02705679 
900 164 9 12 0.02671259 
352 71 10 13 0.02659659 
73 181 10 15 0.02649203 
918 238 18 25 0.026212228 
336 32 8 11 0.0261044 
309 229 10 11 0.0258414 
93 246 9 11 0.025801847 
905 182 8 11 0.025500366 
320 159 9 13 0.02548181 
78 164 11 12 0.025050495 
173 190 10 13 0.02494566 
391 20 9 12 0.024894249 
62 172 9 13 0.024787912 
90 201 25 29 0.02468151 
910 275 25 30 0.02456263 
71 178 22 26 0.02444447 
239 202 10 13 0.024380136 
874 171 11 18 0.02428849 
598 142 10 13 0.024114083 
76 193 13 16 0.02410446 
271 191 7 9 0.024065387 
172 287 11 13 0.024060966 
113 179 19 25 0.023806257 
925 182 8 10 0.023378558 
262 191 8 10 0.0233663 
123 188 11 14 0.023358148 
165 167 9 12 0.023318311 
366 197 10 12 0.02326903 
7 151 25 30 0.023262188 
362 65 12 16 0.023115607 
188 323 10 12 0.023033679 
588 189 11 16 0.02303296 
102 132 10 14 0.023026908 
536 206 8 11 0.022778964 
285 174 11 14 0.022596719 
264 247 9 10 0.022574697 
329 229 9 10 0.022533244 
101 230 11 12 0.02233013 
9 255 10 13 0.02231794 
362 30 7 10 0.022283413 
105 166 10 13 0.022084283 
92 131 12 15 0.021874405 
536 215 8 10 0.021837363 
141 151 13 15 0.02130588 
364 54 10 12 0.021167267 
168 291 11 13 0.020948488 
272 215 8 10 0.02092836 
949 181 10 13 0.020894935 
309 133 10 13 0.02088792 
677 160 15 21 0.020833934 
216 85 11 14 0.020799108 
754 154 16 22 0.020738045 
296 183 9 12 0.020679848 
943 254 24 26 0.02059976 
866 150 15 20 0.020517716 
543 214 8 11 0.020447645 
71 174 10 13 0.020407796 
54 156 13 17 0.020381698 
610 134 25 36 0.020351557 
558 221 9 11 0.020342147 
376 63 11 14 0.020163132 
345 182 8 11 0.020093849 
100 100 10 12 0.020027699 
897 228 8 11 0.020018267 
