7_Cheering_Cheering_7_558
185
445 677 151 179 0.99942005 
658 528 162 191 0.99839264 
606 274 15 21 0.21544422 
1 771 16 21 0.17821144 
820 152 15 22 0.15618487 
928 20 30 34 0.15063204 
1011 956 12 19 0.15009183 
646 257 17 23 0.114829734 
100 727 12 14 0.11340065 
998 965 26 44 0.102625795 
350 728 52 74 0.09969119 
677 253 15 21 0.096211724 
580 306 15 18 0.09553895 
54 717 11 12 0.09452903 
811 35 28 34 0.09360553 
514 139 12 14 0.08431992 
788 413 100 123 0.08414203 
360 712 81 118 0.08262776 
120 803 14 18 0.08232932 
53 829 28 37 0.07713821 
206 771 437 504 0.07608013 
588 307 17 19 0.07294118 
812 79 39 52 0.06915562 
274 731 19 19 0.06614857 
43 816 28 35 0.06535558 
857 457 33 39 0.063187346 
74 436 14 15 0.062105928 
3 879 26 35 0.059957597 
416 -9 431 519 0.059950154 
580 309 25 31 0.05843873 
794 29 31 37 0.058185034 
609 303 24 26 0.056770694 
593 304 22 26 0.055930335 
628 392 17 21 0.05564459 
38 719 11 14 0.053767998 
1005 52 16 26 0.05347027 
46 -27 404 473 0.051490434 
604 303 16 21 0.048776492 
56 709 12 15 0.04701977 
344 695 22 30 0.046774026 
619 312 18 20 0.04535743 
816 473 64 94 0.045119207 
189 405 9 11 0.04318065 
132 437 10 13 0.040934607 
484 149 13 15 0.040641654 
608 274 24 26 0.040580943 
692 0 32 31 0.038902186 
52 740 12 17 0.038512073 
788 22 26 33 0.03788104 
47 719 10 12 0.03659021 
146 447 9 12 0.036159396 
457 523 57 57 0.03605206 
17 132 25 29 0.03597985 
998 952 25 33 0.035710163 
764 177 26 31 0.035308547 
944 679 23 27 0.035222393 
21 697 15 19 0.035044037 
45 820 16 21 0.03493922 
329 729 26 33 0.03482781 
251 718 41 46 0.034673948 
256 764 57 71 0.03460671 
0 619 25 37 0.033836804 
115 406 11 13 0.033781257 
893 137 22 26 0.033268806 
315 805 14 18 0.033032514 
341 713 27 36 0.032975577 
365 741 13 18 0.032894503 
128 444 10 13 0.032191873 
728 41 32 39 0.03200372 
63 758 11 15 0.031896263 
235 695 17 20 0.03181352 
4 725 14 17 0.031424392 
128 418 12 15 0.0310699 
715 277 27 28 0.030564189 
875 120 15 18 0.030444328 
657 300 17 20 0.030310392 
946 527 31 36 0.030273005 
529 313 16 22 0.02993318 
183 438 10 13 0.029861404 
610 286 18 22 0.029853925 
660 312 13 16 0.029853662 
844 437 51 67 0.029814418 
53 735 12 15 0.02972551 
1009 909 14 22 0.029685998 
601 183 25 29 0.029541325 
-39 252 407 446 0.02948582 
526 148 13 17 0.029441558 
273 735 24 28 0.028843218 
849 462 49 74 0.028525885 
977 1323 51 54 0.028519778 
151 452 10 14 0.028500576 
19 817 23 32 0.028343605 
683 203 12 16 0.028280089 
0 852 13 21 0.028130386 
21 528 449 487 0.028070223 
980 564 24 26 0.028007912 
640 313 17 20 0.027889581 
88 758 11 13 0.027845906 
6 559 12 16 0.02752202 
89 348 10 12 0.027474854 
134 799 11 14 0.02718469 
70 787 25 34 0.02709663 
111 799 22 27 0.026903437 
1 436 9 13 0.026833383 
281 738 14 16 0.026545642 
118 520 8 9 0.026339585 
76 813 26 36 0.026299635 
104 1091 174 229 0.026180545 
84 730 14 18 0.026116185 
331 745 16 22 0.02609388 
721 -1 35 31 0.026046729 
335 -63 365 391 0.02600902 
600 273 15 19 0.02598072 
999 955 15 19 0.02588084 
110 504 10 12 0.025822092 
524 299 12 17 0.025703834 
115 787 12 13 0.025491377 
388 710 109 132 0.025245916 
83 725 13 15 0.025172802 
4 737 15 20 0.025169808 
588 373 16 22 0.02510227 
851 141 24 29 0.024923397 
9 810 25 33 0.024819894 
135 518 9 12 0.024738774 
868 452 16 24 0.024732322 
696 206 10 12 0.024660217 
352 693 27 37 0.024658995 
0 776 22 36 0.024616586 
707 304 14 16 0.024550237 
141 470 10 12 0.024386901 
955 883 19 23 0.024298824 
257 739 16 18 0.024287999 
165 425 12 15 0.02411562 
348 724 14 20 0.02405868 
802 76 32 41 0.024010751 
13 706 12 14 0.023685481 
118 421 11 13 0.02356146 
65 845 18 22 0.02352074 
129 733 14 16 0.023475215 
348 731 29 38 0.02331432 
316 741 14 17 0.02324749 
826 40 15 20 0.022897674 
601 267 11 16 0.022685882 
109 423 11 11 0.022543985 
95 725 19 23 0.022466712 
13 729 15 19 0.022355175 
358 738 14 20 0.022306472 
283 747 15 19 0.022207597 
994 519 16 20 0.02193247 
652 305 17 21 0.021891112 
594 368 15 22 0.02182215 
335 738 29 38 0.021817291 
101 812 15 19 0.02166204 
140 461 10 12 0.02158338 
20 591 23 30 0.021544062 
120 446 9 12 0.021292033 
144 400 9 10 0.021286964 
134 791 9 11 0.021267863 
1007 890 14 19 0.021261279 
699 303 15 18 0.021252355 
796 11 15 19 0.021237934 
72 357 10 12 0.021220557 
1004 1155 14 22 0.02118856 
862 462 14 20 0.021106148 
175 846 12 14 0.021058038 
303 693 25 29 0.02091992 
708 201 23 28 0.020802043 
144 406 9 10 0.020797875 
127 782 9 11 0.020791259 
183 432 11 12 0.020727761 
604 118 14 17 0.02070328 
4 799 24 35 0.020594735 
776 185 14 17 0.020542126 
898 100 25 32 0.0204305 
31 373 13 17 0.020376211 
767 51 13 15 0.020248882 
356 55 28 29 0.0202222 
658 283 26 26 0.020200241 
0 101 10 14 0.020188972 
186 400 8 10 0.020169882 
594 285 25 30 0.02016397 
278 765 37 43 0.020157265 
735 114 13 14 0.020035813 
161 713 11 12 0.020026958 
564 362 14 20 0.020011112 
