7_Cheering_Cheering_7_171
1023
339 317 16 22 0.9892351 
292 268 18 23 0.98897153 
222 61 14 18 0.98261833 
349 270 15 21 0.9819025 
580 249 14 18 0.97887266 
419 147 13 18 0.97874475 
389 253 14 18 0.9787329 
435 282 17 21 0.9781358 
628 227 14 17 0.9778535 
426 311 16 21 0.9764563 
555 294 17 20 0.97565186 
550 264 13 17 0.9754657 
510 260 15 19 0.97465885 
57 83 15 21 0.9732233 
117 5 14 18 0.97076553 
773 163 13 17 0.96877444 
935 217 13 16 0.96717215 
924 235 14 17 0.9661438 
423 65 13 17 0.9627989 
619 296 14 17 0.959401 
462 129 14 19 0.9568194 
690 249 14 18 0.95528907 
461 228 16 20 0.95521367 
622 67 12 16 0.954783 
812 163 12 16 0.94838697 
57 59 17 21 0.9477048 
270 68 13 16 0.94493985 
602 262 16 20 0.9445132 
330 4 11 15 0.9410441 
664 140 13 16 0.94058603 
535 186 14 18 0.9392564 
515 106 13 16 0.9372607 
95 159 19 22 0.9366507 
974 299 13 16 0.9365002 
346 97 13 17 0.93626684 
611 237 13 18 0.9312513 
274 89 14 17 0.9297233 
613 186 14 17 0.92912275 
723 308 13 18 0.92862177 
714 233 13 17 0.92856914 
331 56 14 17 0.9282518 
907 252 12 15 0.92715436 
553 219 15 19 0.924938 
509 130 12 16 0.921381 
485 101 13 15 0.92124355 
472 180 15 19 0.92031354 
320 242 14 19 0.91975397 
597 138 12 16 0.9197175 
472 25 12 15 0.91394097 
497 160 16 19 0.9130092 
601 219 13 17 0.9113944 
524 65 13 17 0.91066706 
52 19 14 17 0.9105932 
546 101 13 16 0.9079415 
795 195 15 20 0.9031042 
735 85 11 14 0.9008958 
349 237 15 21 0.89542925 
958 280 14 16 0.8925061 
18 77 18 22 0.8910378 
442 145 13 16 0.89016736 
305 218 15 20 0.8852659 
461 102 10 13 0.88470674 
147 114 18 22 0.8816925 
942 275 11 15 0.87924314 
752 258 14 17 0.8790152 
201 35 13 16 0.8785158 
635 204 13 17 0.878257 
962 260 12 14 0.87681186 
491 68 13 15 0.8759472 
288 41 14 17 0.8700823 
584 161 14 16 0.8666168 
657 212 12 16 0.86478275 
666 189 13 16 0.86392283 
791 167 14 18 0.86295635 
491 126 12 16 0.86288285 
400 109 13 17 0.8614362 
522 208 15 17 0.858593 
753 210 13 18 0.8572001 
478 81 13 16 0.8505658 
87 88 17 23 0.849967 
295 17 13 15 0.84043485 
129 142 16 20 0.8362868 
291 74 13 17 0.83600956 
991 308 13 18 0.83307576 
873 195 11 14 0.83197135 
741 119 11 14 0.8301399 
651 246 13 17 0.82994944 
3 9 14 18 0.8221329 
384 122 16 20 0.8200911 
262 183 15 20 0.81957334 
32 160 15 20 0.8190607 
881 293 14 17 0.81715554 
188 0 11 14 0.81251556 
156 204 16 23 0.8106268 
160 30 13 17 0.80926025 
619 155 12 16 0.80719143 
153 92 16 20 0.8021931 
384 405 21 28 0.7986814 
132 171 18 21 0.7943046 
450 211 14 17 0.7940201 
997 245 10 12 0.7843442 
751 174 12 15 0.781546 
325 78 12 16 0.7802829 
495 213 15 18 0.77918917 
553 244 15 19 0.7762348 
541 167 12 15 0.77377903 
499 237 15 18 0.77325565 
475 206 12 17 0.7659278 
221 10 12 16 0.7651325 
250 24 12 17 0.7638893 
365 11 11 14 0.7636259 
784 143 11 14 0.7623076 
699 233 13 17 0.76225704 
361 30 12 15 0.7612618 
512 33 11 15 0.7603445 
384 315 21 28 0.75809056 
304 1 11 13 0.75623614 
492 31 11 14 0.74259377 
876 170 13 16 0.7423691 
691 93 11 14 0.73795724 
954 242 12 16 0.7369207 
534 245 14 18 0.7329168 
25 389 17 20 0.7299361 
356 52 15 19 0.72553134 
862 227 11 14 0.72445065 
103 116 15 19 0.72232825 
442 76 14 17 0.7190592 
901 325 13 17 0.7175099 
782 124 13 17 0.7086139 
854 292 11 14 0.70820516 
1011 269 10 15 0.7074283 
724 192 14 16 0.7052964 
651 164 13 15 0.70430785 
853 210 13 18 0.6960917 
154 146 15 18 0.69543564 
884 226 13 17 0.6951964 
424 112 14 17 0.68018997 
242 59 14 17 0.6801303 
568 134 13 17 0.6789609 
726 156 14 15 0.6754835 
139 -1 11 12 0.6702071 
312 88 13 17 0.66301537 
589 69 10 13 0.6569844 
239 79 13 16 0.6536126 
383 30 13 16 0.6395353 
892 368 15 17 0.63879484 
639 300 14 17 0.634092 
105 67 13 17 0.63173777 
596 46 9 11 0.63059497 
783 309 12 15 0.62462354 
400 155 13 17 0.62005496 
662 89 11 14 0.6187851 
593 182 12 17 0.6106529 
237 43 13 15 0.6086379 
528 45 12 14 0.6068761 
954 328 13 16 0.603327 
578 113 13 15 0.60263604 
477 47 12 14 0.5869033 
680 80 11 15 0.58260286 
929 261 13 17 0.57671475 
699 277 14 18 0.5749196 
697 122 13 17 0.57486254 
549 127 14 17 0.5688484 
65 138 17 22 0.56681585 
572 46 11 12 0.5643947 
386 60 12 16 0.56421095 
421 16 9 12 0.550751 
635 110 11 13 0.55046 
634 182 12 15 0.5478572 
154 8 13 17 0.5296082 
761 116 12 16 0.5288296 
74 422 18 23 0.52605236 
760 108 12 15 0.51303256 
801 148 10 14 0.51241463 
176 11 12 16 0.49845803 
720 107 13 15 0.4965281 
753 317 12 18 0.48784435 
470 66 11 13 0.48269576 
344 216 16 18 0.48174766 
586 296 16 19 0.47454086 
669 60 9 11 0.47340286 
332 28 12 14 0.4731417 
877 219 12 17 0.46765998 
448 29 10 13 0.4393462 
708 257 14 16 0.43817797 
884 250 13 15 0.4376463 
270 307 17 22 0.43221563 
935 329 12 17 0.42439795 
618 88 13 16 0.4185047 
124 415 15 20 0.41480312 
390 19 11 14 0.41297194 
415 186 15 17 0.40864423 
558 59 12 14 0.4012288 
438 180 13 18 0.38910347 
574 110 13 15 0.38819385 
647 52 10 12 0.38649786 
422 41 12 14 0.38097352 
850 173 12 15 0.3808795 
648 77 13 15 0.3786352 
746 238 12 14 0.37708083 
685 177 12 15 0.36512196 
807 134 11 13 0.36341536 
563 190 17 20 0.35746655 
635 326 17 23 0.35452387 
716 135 12 15 0.34729683 
743 137 11 14 0.34329298 
83 423 21 24 0.34315917 
908 230 11 15 0.3422 
644 92 12 15 0.3403834 
977 267 11 15 0.3395477 
990 287 13 15 0.33896893 
115 402 15 18 0.3386959 
985 372 14 17 0.33398506 
997 267 10 14 0.3283162 
169 420 16 21 0.32745755 
417 19 10 13 0.32477176 
597 117 13 15 0.31301644 
756 163 10 14 0.3043389 
506 187 14 17 0.3031501 
601 85 11 14 0.30033472 
722 214 12 15 0.29875177 
695 129 12 16 0.29659525 
836 197 11 14 0.29635397 
773 286 12 15 0.2836597 
126 174 26 32 0.28244144 
405 205 12 16 0.27214298 
66 28 15 20 0.27025706 
728 284 13 17 0.26629442 
419 98 16 18 0.2613521 
99 92 16 20 0.25876936 
383 327 16 22 0.25775978 
451 50 11 14 0.2526065 
219 35 12 16 0.2519065 
732 162 12 14 0.24684301 
718 114 13 15 0.24598381 
814 185 11 14 0.24537006 
238 51 15 19 0.24487288 
900 214 11 14 0.23679352 
788 425 13 17 0.23679167 
861 196 9 13 0.23637058 
951 366 12 13 0.23502629 
427 98 15 19 0.23342893 
784 189 12 16 0.22987376 
665 57 9 12 0.21972638 
696 195 12 15 0.21850446 
337 129 14 17 0.21771227 
662 297 13 22 0.20989917 
694 180 12 14 0.2072674 
624 45 9 12 0.20519832 
674 28 8 10 0.2011361 
558 115 11 14 0.20046736 
175 42 13 14 0.19984758 
565 59 11 13 0.1905382 
444 23 11 13 0.18978965 
530 94 12 15 0.18950416 
124 220 16 23 0.18680339 
749 280 14 17 0.18639423 
571 103 11 13 0.18172687 
141 389 10 13 0.18093936 
730 195 11 15 0.1752711 
698 189 12 16 0.17183848 
752 167 13 15 0.16964859 
141 398 10 15 0.1691552 
975 245 11 14 0.16790624 
281 376 16 23 0.1667416 
850 166 13 15 0.16419019 
605 1 12 15 0.1623435 
418 285 12 16 0.15963846 
387 310 15 18 0.15747985 
852 376 11 13 0.1530328 
932 405 13 16 0.15284707 
795 369 15 23 0.15174414 
867 425 14 17 0.1513648 
389 90 12 16 0.15034927 
716 121 13 16 0.14995162 
437 172 14 17 0.14781936 
984 253 9 11 0.1457457 
651 83 13 16 0.14523672 
631 52 10 11 0.14348924 
653 238 14 17 0.14181402 
574 60 10 12 0.14049487 
564 219 14 17 0.13583459 
473 51 11 14 0.13348497 
853 189 12 15 0.13027282 
820 406 17 23 0.129672 
366 227 16 19 0.12925681 
0 83 9 16 0.12557851 
678 64 9 10 0.12529832 
347 229 15 18 0.12321909 
664 117 11 14 0.12180016 
107 155 14 20 0.12043909 
748 134 11 14 0.120147735 
860 240 13 18 0.11906051 
980 262 11 14 0.11898071 
968 225 8 11 0.11651139 
800 420 9 14 0.11452942 
77 29 14 19 0.11422338 
572 51 11 14 0.11417224 
532 116 12 15 0.11193831 
685 70 9 11 0.11157208 
635 131 12 15 0.11033048 
653 72 10 13 0.10928119 
412 203 14 18 0.10807125 
698 23 8 10 0.10784304 
537 179 14 19 0.1063663 
716 64 11 12 0.10626832 
460 94 12 15 0.10360337 
809 347 25 31 0.10359137 
1014 334 11 16 0.10326984 
1000 357 13 15 0.10116693 
440 54 11 14 0.10075856 
852 324 12 15 0.099677846 
442 186 14 18 0.0991987 
338 286 15 18 0.0991818 
850 435 13 17 0.098286755 
776 260 13 16 0.09766696 
223 0 11 12 0.09759195 
417 193 16 18 0.09728532 
126 59 12 15 0.0970139 
814 140 10 14 0.09663705 
383 23 11 14 0.09635028 
639 100 11 14 0.09628493 
248 -1 9 9 0.09576782 
836 364 15 20 0.09539051 
25 324 23 33 0.09434602 
567 53 12 15 0.093047865 
679 178 12 15 0.09248052 
852 155 14 16 0.092360474 
495 52 12 15 0.09219163 
445 59 12 14 0.09168397 
783 217 12 15 0.08988428 
677 25 8 10 0.088911176 
117 409 15 20 0.08674062 
704 53 9 11 0.08647284 
890 227 13 18 0.08646065 
328 25 12 13 0.086406864 
473 83 10 14 0.086370006 
462 85 12 14 0.086365074 
569 107 12 16 0.086291306 
602 139 12 16 0.086036675 
354 132 14 17 0.086035475 
996 291 9 12 0.08599625 
990 255 8 10 0.08434699 
453 35 11 13 0.08348661 
1011 315 11 16 0.083054125 
567 156 11 14 0.08258517 
684 54 9 10 0.08171905 
992 262 9 13 0.081272446 
902 232 14 18 0.08111029 
592 117 10 13 0.079797775 
635 311 14 20 0.078338355 
998 250 10 12 0.07784909 
484 76 11 15 0.076023534 
581 212 11 15 0.075926766 
848 430 12 15 0.07581587 
808 159 12 15 0.075169966 
831 235 13 17 0.07505244 
359 66 13 17 0.07494981 
265 36 11 15 0.074749656 
805 138 11 15 0.07467826 
456 94 10 12 0.07464037 
361 74 11 14 0.07439388 
667 136 11 14 0.0740331 
762 101 11 14 0.0732649 
614 109 11 15 0.07305045 
818 354 15 18 0.07291265 
545 130 11 15 0.072119854 
959 265 14 17 0.07131594 
319 36 13 16 0.07115804 
666 302 15 20 0.07101585 
531 213 12 15 0.07101328 
676 117 11 13 0.070787944 
948 276 12 16 0.06970328 
429 43 10 12 0.06932332 
254 0 9 9 0.069007345 
773 279 12 15 0.06861188 
146 190 26 33 0.068605095 
1004 145 17 25 0.067651086 
379 201 14 16 0.06756276 
389 303 14 17 0.06755053 
302 -4 18 21 0.06723452 
534 100 11 14 0.066311784 
981 247 10 12 0.0661708 
990 276 13 16 0.06586201 
315 96 13 17 0.06518748 
417 39 10 13 0.06477199 
821 143 9 12 0.06413145 
486 118 15 18 0.063918285 
848 372 11 15 0.06367745 
974 212 10 12 0.063659124 
528 256 13 19 0.063445486 
92 402 12 16 0.06293326 
815 148 12 15 0.06291977 
679 69 10 13 0.06267606 
633 376 17 20 0.06257909 
984 224 9 13 0.062189307 
402 117 14 18 0.06104626 
475 59 12 15 0.060926113 
613 135 10 13 0.060597435 
994 239 10 13 0.060561772 
329 81 13 18 0.060392722 
685 62 9 11 0.060173675 
186 393 25 29 0.05979328 
180 15 13 17 0.05918473 
293 354 11 13 0.05900651 
-1 58 9 14 0.058778428 
695 64 10 12 0.05819199 
845 330 12 15 0.057851702 
531 39 11 14 0.057224896 
564 202 14 17 0.05720506 
562 397 12 14 0.057063237 
806 463 17 19 0.057005506 
783 236 11 13 0.056638427 
680 47 9 12 0.056196176 
364 17 13 16 0.056185596 
727 241 12 16 0.056113046 
859 287 11 14 0.056036018 
671 45 9 12 0.055667974 
629 48 10 12 0.055536203 
716 257 11 16 0.055472337 
929 331 11 15 0.05505282 
463 121 13 15 0.05497254 
400 209 14 18 0.05481995 
724 236 12 16 0.054806203 
873 216 12 15 0.054668333 
376 96 11 17 0.05455967 
135 -7 19 22 0.05433983 
27 60 12 16 0.054326136 
502 126 11 14 0.054233868 
593 50 11 14 0.05412866 
348 84 13 15 0.05390241 
416 94 13 17 0.053713754 
505 234 14 20 0.05366179 
799 134 11 14 0.053527735 
583 63 8 11 0.052886322 
380 91 14 18 0.052690703 
428 139 13 18 0.0525456 
926 255 11 14 0.052469295 
192 72 13 17 0.05174927 
654 89 12 16 0.051588967 
568 126 12 17 0.051567506 
205 60 11 13 0.051540423 
20 69 17 21 0.05148705 
571 213 14 17 0.051249176 
944 205 10 12 0.051226728 
531 68 11 14 0.05104191 
645 109 12 14 0.050489545 
427 119 14 16 0.050484676 
312 62 11 14 0.05042328 
669 117 12 14 0.050332386 
120 139 21 28 0.049962536 
732 201 11 15 0.049946994 
362 7 11 13 0.04961735 
772 332 12 14 0.049210504 
786 130 12 15 0.04884375 
710 100 12 15 0.04878831 
1013 324 11 16 0.048687853 
640 4 10 13 0.04868482 
102 82 15 20 0.04861796 
752 78 9 12 0.04845698 
693 285 19 27 0.048263848 
397 29 9 12 0.0481395 
439 16 9 12 0.04801169 
465 62 10 13 0.047896918 
431 14 9 12 0.047833815 
390 109 13 16 0.04777348 
789 245 14 17 0.04768786 
597 40 11 13 0.047549028 
604 123 10 12 0.047542367 
76 414 15 20 0.047260232 
500 226 15 19 0.047234476 
787 210 14 18 0.047168154 
332 45 14 18 0.04711939 
466 102 11 14 0.04705835 
159 398 11 14 0.04702154 
647 160 12 16 0.0469721 
918 362 12 14 0.046875756 
469 119 11 14 0.04685673 
372 321 17 22 0.046834107 
340 355 11 16 0.046411414 
798 354 25 34 0.04636571 
796 248 13 16 0.046213754 
658 241 14 19 0.0461519 
527 98 11 15 0.04599081 
627 299 13 17 0.045846745 
700 253 13 16 0.045735903 
325 33 13 17 0.04565276 
606 133 11 16 0.045511812 
701 60 10 12 0.04540668 
820 225 13 15 0.045219515 
6 72 21 28 0.044932887 
713 69 11 14 0.044854585 
724 199 15 18 0.04462637 
718 96 11 14 0.0444812 
820 369 14 19 0.044443745 
446 17 9 12 0.044314623 
636 333 25 32 0.044267554 
461 38 10 13 0.044230305 
435 100 11 15 0.044095322 
911 359 11 14 0.044080034 
518 63 14 16 0.04396791 
744 173 11 16 0.043933533 
779 253 13 16 0.043929145 
894 219 13 16 0.043757986 
741 113 10 12 0.04358545 
252 16 12 16 0.04355647 
654 133 10 13 0.04340354 
978 294 13 15 0.043333642 
696 112 12 15 0.04329881 
392 117 19 23 0.043288343 
956 368 15 17 0.043155495 
871 176 15 18 0.043154903 
958 229 10 11 0.04284744 
700 202 11 15 0.04279945 
773 327 10 12 0.042770177 
592 135 13 15 0.04256914 
291 24 15 19 0.042452376 
755 371 14 17 0.042399433 
214 30 13 17 0.04231123 
927 317 12 14 0.042291544 
344 12 11 14 0.042172868 
613 2 12 15 0.042116027 
787 303 11 14 0.042103358 
831 361 14 20 0.042032234 
512 114 11 15 0.04197273 
498 149 15 17 0.04180124 
735 134 12 14 0.041565876 
1011 428 12 23 0.041420165 
548 84 13 16 0.041388348 
117 393 21 28 0.041327983 
805 436 11 14 0.041154977 
416 59 10 15 0.040850922 
150 102 21 26 0.040731836 
132 328 12 14 0.040531635 
626 155 13 15 0.04052581 
668 292 14 21 0.040393393 
808 70 10 12 0.04038687 
952 230 10 12 0.040325902 
190 113 14 19 0.040320523 
774 378 15 17 0.040267345 
512 63 11 14 0.039973024 
477 288 12 15 0.03972459 
756 237 13 15 0.03969452 
318 69 14 17 0.039585467 
74 143 14 20 0.039582595 
486 13 12 13 0.039449316 
605 80 11 14 0.039446097 
860 340 12 15 0.039395854 
704 148 11 15 0.039276432 
255 243 10 12 0.039231814 
536 217 12 16 0.038881224 
416 8 9 12 0.038659584 
845 356 12 15 0.038557705 
671 39 9 11 0.03850971 
188 414 16 20 0.03849663 
655 48 8 10 0.03839064 
508 228 13 17 0.03838796 
263 2 12 14 0.03836936 
830 166 10 13 0.03826483 
815 225 12 15 0.038258165 
10 141 21 27 0.038148623 
734 170 13 17 0.03813388 
579 364 14 19 0.038041428 
911 337 12 16 0.037941813 
63 420 23 31 0.037913404 
503 140 10 14 0.03760239 
675 298 15 21 0.03738927 
699 140 11 14 0.03732852 
631 139 13 15 0.03729716 
753 159 11 13 0.0371226 
292 62 14 16 0.037122533 
998 228 12 14 0.0370698 
224 52 18 23 0.03706146 
420 136 13 16 0.0369911 
111 436 10 14 0.036984175 
157 2 11 12 0.03697474 
831 199 14 19 0.036871567 
974 222 9 12 0.036848124 
73 425 27 34 0.036832813 
791 70 9 11 0.036735214 
960 223 10 12 0.036307 
942 196 11 14 0.03625971 
136 401 12 17 0.036244094 
403 149 14 18 0.036231775 
688 32 8 9 0.036163338 
684 47 10 11 0.03611779 
541 213 12 16 0.03604742 
534 139 12 16 0.035906684 
349 123 13 17 0.03583995 
600 3 12 15 0.035793677 
782 137 17 23 0.035691112 
337 217 13 18 0.035687245 
687 202 12 16 0.03567056 
653 278 12 16 0.03551283 
556 65 13 15 0.03549392 
492 106 12 15 0.035385802 
335 134 14 19 0.035334777 
751 311 12 17 0.03520571 
415 26 10 13 0.035125706 
808 181 13 17 0.035120714 
600 79 10 13 0.035014633 
731 150 12 15 0.03496098 
876 200 12 16 0.03492154 
907 332 13 16 0.034896925 
589 146 15 18 0.034765176 
157 21 14 18 0.034760565 
995 273 12 14 0.034692205 
617 45 9 12 0.034676924 
630 150 13 15 0.034664825 
700 267 16 20 0.034642417 
917 334 12 15 0.03463762 
356 123 12 16 0.034601785 
782 432 13 17 0.034587458 
695 45 9 11 0.034555476 
454 85 10 14 0.03447893 
90 409 16 20 0.034391835 
969 206 8 12 0.0341446 
759 96 11 13 0.034107354 
395 16 11 13 0.034099814 
853 383 14 17 0.033910107 
372 6 11 13 0.03389668 
640 52 10 12 0.033847403 
726 139 11 14 0.033823248 
901 398 11 14 0.033737518 
567 39 11 14 0.033715215 
725 257 13 17 0.0336619 
729 349 10 13 0.033656977 
84 412 15 20 0.033567462 
590 111 10 14 0.03348154 
734 256 12 18 0.033440407 
604 90 10 13 0.033438154 
430 178 14 19 0.033437714 
528 243 14 19 0.033305034 
781 319 13 16 0.033074588 
551 117 13 15 0.033020966 
445 101 10 13 0.032968797 
777 119 10 13 0.032790497 
762 236 12 16 0.032731272 
253 254 11 14 0.03271727 
188 55 14 18 0.03270635 
387 172 14 17 0.03266074 
624 52 9 11 0.032644738 
116 186 25 30 0.032476094 
365 121 13 17 0.032463238 
872 387 10 14 0.032443047 
580 133 11 14 0.032419425 
342 261 13 17 0.032392588 
858 149 13 15 0.032360572 
630 176 14 17 0.03234915 
543 77 10 14 0.03233645 
207 99 13 18 0.032300472 
370 222 15 18 0.032227695 
386 420 17 21 0.03206703 
619 3 12 14 0.032065764 
730 277 14 17 0.032045327 
716 84 11 13 0.03203233 
775 107 10 14 0.03199709 
527 30 10 13 0.03194612 
659 205 13 18 0.031859297 
85 130 13 17 0.031833883 
353 99 12 17 0.031692058 
814 370 14 20 0.031685192 
798 69 10 12 0.03144428 
1008 310 12 16 0.031434927 
814 359 15 21 0.031431735 
279 19 12 14 0.031409692 
320 30 11 14 0.031394195 
832 243 14 19 0.031361446 
297 0 10 11 0.031324532 
321 483 10 14 0.03131316 
734 70 9 12 0.03130701 
187 18 13 16 0.031300254 
748 289 14 16 0.031192962 
677 282 14 18 0.03115071 
870 298 12 15 0.031027779 
688 22 8 10 0.030911824 
653 295 17 25 0.030881405 
574 157 11 14 0.030767886 
229 386 13 19 0.030713402 
462 15 10 12 0.030699702 
981 275 13 16 0.030635191 
452 60 11 13 0.030590618 
866 224 13 18 0.030574717 
198 57 12 15 0.030559272 
500 203 15 20 0.03055828 
644 6 10 12 0.030528413 
715 73 13 16 0.030497449 
591 15 9 12 0.030378815 
594 297 14 19 0.030347273 
582 303 17 20 0.030345906 
643 342 26 33 0.030276679 
778 315 10 13 0.030204639 
514 254 13 19 0.030021936 
405 195 15 20 0.030001774 
701 27 9 11 0.029940601 
956 358 16 18 0.029897962 
273 63 15 18 0.029813314 
376 22 11 13 0.029771825 
641 203 14 18 0.029657211 
308 299 14 19 0.029648457 
399 35 9 13 0.029550446 
862 299 12 15 0.029518103 
390 194 12 17 0.029470174 
446 90 11 14 0.029445117 
992 126 32 52 0.029430771 
45 524 25 34 0.029399008 
334 309 16 21 0.029395733 
507 221 12 15 0.029378382 
671 66 12 14 0.029354734 
533 22 11 13 0.029336492 
704 99 11 14 0.029300077 
397 193 13 18 0.029275052 
900 334 16 19 0.0291572 
585 65 18 22 0.029064532 
664 14 9 11 0.029056527 
988 222 12 15 0.02897963 
407 185 14 19 0.028928233 
480 106 13 15 0.0289228 
676 123 11 14 0.028863762 
916 251 11 15 0.02883568 
664 21 10 12 0.028828194 
300 62 12 16 0.028803905 
832 100 9 11 0.028767154 
704 76 11 13 0.028752252 
87 398 12 15 0.02873793 
628 73 11 16 0.028545946 
216 54 11 15 0.028537476 
647 131 10 14 0.028496953 
583 206 11 16 0.028492954 
1014 280 10 14 0.028462628 
288 20 11 14 0.02845599 
480 125 11 14 0.028416488 
387 72 12 15 0.028352778 
5 146 12 17 0.028210685 
436 93 11 15 0.028172553 
509 22 11 13 0.028153952 
382 6 10 12 0.028122632 
565 181 15 18 0.028096098 
22 149 20 26 0.02804324 
255 3 11 13 0.028033765 
696 16 8 11 0.02801379 
515 186 12 16 0.028003633 
685 282 13 18 0.027982568 
377 451 14 21 0.027969291 
452 197 14 19 0.027940085 
23 56 20 26 0.02789372 
18 138 15 19 0.027849406 
586 243 15 20 0.02780217 
99 233 13 17 0.027794577 
586 170 14 16 0.027781582 
144 10 12 15 0.027755504 
597 20 11 15 0.027707273 
483 44 11 15 0.027686162 
618 191 14 18 0.027672246 
803 403 22 32 0.027512524 
293 94 13 19 0.027484497 
683 296 15 23 0.027414784 
525 197 13 17 0.027342105 
334 117 15 17 0.027057845 
344 239 14 21 0.026929291 
654 53 9 12 0.026807133 
494 24 11 14 0.026745087 
421 9 10 11 0.026724562 
833 227 15 21 0.026707409 
180 99 14 18 0.026662888 
983 285 12 15 0.026642341 
65 64 15 20 0.026562015 
778 291 13 14 0.02649842 
483 51 12 15 0.026496876 
551 7 10 11 0.026493551 
326 44 13 15 0.026439631 
768 327 10 12 0.02638678 
783 244 13 17 0.026349528 
728 306 14 19 0.026322884 
131 188 17 22 0.02631391 
568 15 9 11 0.026284892 
91 96 21 25 0.026282433 
893 250 10 13 0.02622265 
81 18 16 18 0.026174089 
476 36 13 15 0.026118176 
797 60 10 13 0.026078796 
548 75 13 16 0.02605923 
849 424 21 25 0.02602755 
413 114 13 17 0.025995634 
494 220 15 21 0.025903285 
22 381 17 20 0.02589303 
747 392 16 19 0.025861768 
270 95 14 18 0.025858536 
568 114 11 15 0.025851656 
469 106 11 15 0.02582292 
871 358 11 13 0.025680088 
742 232 13 16 0.025666974 
677 109 11 14 0.025660453 
246 3 11 14 0.02564574 
633 198 13 17 0.025639422 
862 306 11 14 0.025627237 
669 156 11 15 0.02561141 
366 131 11 16 0.025583742 
441 71 12 14 0.025556909 
622 40 10 13 0.025519283 
504 1 9 10 0.025467034 
759 47 9 12 0.025440024 
647 146 12 15 0.025426947 
932 255 11 15 0.025399653 
361 354 15 20 0.025355881 
159 426 15 17 0.025350673 
875 381 13 17 0.025341332 
636 174 13 16 0.025336845 
20 91 16 21 0.025272831 
812 438 12 15 0.02526606 
958 253 13 16 0.025254596 
542 43 11 14 0.02524056 
200 401 17 22 0.025194224 
907 319 11 14 0.02518257 
861 388 10 13 0.025133515 
340 5 12 15 0.025113728 
545 170 12 16 0.025109809 
503 23 10 12 0.025080228 
712 118 10 14 0.025078755 
572 94 11 13 0.025067462 
800 404 10 15 0.02505567 
111 409 14 19 0.025046691 
859 164 13 16 0.025046494 
269 44 11 14 0.025006738 
180 402 23 28 0.024958754 
672 8 8 10 0.024937226 
372 410 26 31 0.024857135 
802 427 12 17 0.024816697 
756 332 12 13 0.024809226 
710 181 11 15 0.024724666 
536 0 9 10 0.024719661 
756 310 12 17 0.024604468 
437 45 10 12 0.024583265 
597 11 12 15 0.024510313 
534 29 9 12 0.024493404 
765 309 13 16 0.024483178 
162 196 15 21 0.024471965 
894 166 10 13 0.024448272 
615 53 9 11 0.024444219 
765 380 12 15 0.024442626 
227 5 11 15 0.024433268 
880 365 10 13 0.024420952 
855 144 11 13 0.024420008 
819 164 11 15 0.02439931 
590 191 13 18 0.024385367 
576 0 10 12 0.024362832 
700 174 11 14 0.024342276 
787 188 17 22 0.02432134 
273 52 11 14 0.024316689 
711 107 12 15 0.024305023 
744 352 10 13 0.024303582 
599 365 23 29 0.024303 
554 101 11 13 0.024296 
62 426 14 19 0.024291944 
621 116 10 12 0.024248468 
0 101 9 15 0.024219368 
982 213 9 11 0.024140693 
858 202 13 18 0.02410347 
769 63 108 124 0.024067095 
492 13 11 13 0.024018878 
696 27 10 12 0.02398685 
844 337 13 16 0.023983892 
328 189 11 16 0.023967845 
212 97 15 20 0.023955679 
499 60 10 14 0.023869256 
318 210 12 16 0.023859527 
667 85 12 16 0.023857204 
1013 255 11 14 0.023855973 
702 48 10 12 0.023836069 
541 0 10 9 0.023826586 
107 110 14 19 0.023723554 
485 179 12 16 0.023700338 
372 208 16 18 0.02368479 
789 258 12 15 0.023678279 
731 237 12 15 0.023661932 
816 37 8 11 0.023657076 
789 176 13 18 0.023639966 
872 375 9 12 0.023545964 
479 90 12 16 0.023542423 
494 43 12 15 0.02352833 
446 225 14 20 0.023520028 
800 372 18 22 0.023503717 
541 158 13 17 0.023499016 
422 30 10 13 0.023493804 
32 392 15 19 0.023464568 
733 371 15 19 0.02344886 
791 76 11 12 0.023393711 
606 108 12 15 0.023360787 
262 29 10 15 0.023331704 
458 205 13 16 0.023221018 
195 3 12 14 0.023174213 
797 42 13 16 0.0231554 
640 314 15 20 0.023139529 
590 91 11 13 0.023057127 
662 39 10 11 0.022984698 
846 183 18 24 0.022983199 
388 98 14 18 0.022977218 
127 418 21 27 0.02290366 
417 294 21 26 0.022884555 
217 0 10 10 0.02287794 
268 104 14 18 0.022877835 
163 114 14 18 0.02282614 
621 183 12 17 0.022816764 
878 373 10 14 0.022816388 
589 203 12 17 0.02280132 
346 207 17 18 0.022795772 
772 35 23 26 0.022794869 
809 169 13 15 0.0227808 
348 78 12 14 0.02277025 
20 369 28 33 0.022748562 
860 375 10 13 0.022728542 
900 208 11 14 0.022722473 
269 364 11 15 0.022715889 
946 364 10 13 0.022633523 
405 139 13 16 0.022562182 
573 14 9 11 0.022543827 
216 42 12 16 0.022465356 
830 132 11 14 0.02238713 
948 299 13 16 0.022344528 
85 12 13 15 0.02231069 
1005 255 10 12 0.022303876 
370 156 12 15 0.02229517 
541 226 13 17 0.02226397 
515 125 13 16 0.02224437 
217 312 27 38 0.022216182 
700 95 11 13 0.0222147 
286 79 14 19 0.022190524 
919 181 11 14 0.022007521 
608 101 11 14 0.02200461 
520 44 11 14 0.021913202 
582 102 12 14 0.021904048 
500 29 11 14 0.021873549 
501 107 12 15 0.021853475 
134 428 25 29 0.021852598 
603 9 13 16 0.02176017 
687 38 9 11 0.021728395 
455 15 8 11 0.02170742 
180 417 14 19 0.021702524 
740 80 11 13 0.021696487 
478 5 10 11 0.021685954 
663 183 13 17 0.02167269 
136 139 17 22 0.021543318 
576 67 10 11 0.02151706 
503 183 14 16 0.02147283 
896 207 10 14 0.021462284 
994 302 12 17 0.02145188 
765 132 10 14 0.02135935 
751 83 11 14 0.021347368 
705 281 13 17 0.021334343 
410 21 9 12 0.021327365 
791 282 11 14 0.02131932 
609 261 14 17 0.021311613 
531 262 13 17 0.021294883 
996 140 17 19 0.021294862 
528 87 11 13 0.021205159 
860 431 16 20 0.02119408 
324 104 12 15 0.021174096 
846 388 14 16 0.021165254 
470 5 11 12 0.021151923 
551 12 11 12 0.02114443 
308 22 11 13 0.021124946 
997 23 8 10 0.021117946 
787 234 15 18 0.021103976 
916 385 14 18 0.021078158 
783 203 14 18 0.021067634 
932 240 10 14 0.021067148 
20 398 17 20 0.02101429 
842 325 11 15 0.020980492 
684 165 14 17 0.020959426 
464 21 11 12 0.020941488 
702 70 10 12 0.02093254 
509 202 12 16 0.0209255 
823 134 11 13 0.020913884 
160 94 16 21 0.020864202 
213 332 28 42 0.020851336 
453 23 10 13 0.02077353 
35 41 15 19 0.02077155 
859 411 24 31 0.02077009 
631 335 15 21 0.020758087 
533 146 14 17 0.02073998 
792 62 11 13 0.020732833 
607 298 13 18 0.020712068 
243 33 14 17 0.020699918 
161 200 22 30 0.020697583 
100 402 13 17 0.020683555 
845 309 11 14 0.02067334 
151 381 10 12 0.020658247 
1 148 20 28 0.02065698 
239 0 11 11 0.02063334 
565 321 12 15 0.020559171 
174 48 13 18 0.020551616 
752 68 11 13 0.020549837 
792 83 11 14 0.020526242 
487 210 14 19 0.020510107 
777 219 11 15 0.020506596 
733 30 8 10 0.020506583 
674 361 26 32 0.020479055 
113 159 15 20 0.020477595 
518 215 15 18 0.020471806 
430 85 13 15 0.02043929 
486 6 10 11 0.020432228 
367 2 10 11 0.020423029 
832 190 11 15 0.020367384 
626 382 20 23 0.020341843 
395 90 12 16 0.020338157 
475 68 12 15 0.020316856 
156 382 11 13 0.02028185 
544 252 16 23 0.020279687 
636 155 12 15 0.020261362 
83 136 14 20 0.02022058 
118 422 14 19 0.020217469 
173 27 14 17 0.020195173 
721 14 7 10 0.020177284 
893 317 23 27 0.02017502 
113 114 15 19 0.020174291 
314 242 13 19 0.020146111 
611 219 13 16 0.02014498 
261 219 15 18 0.020144025 
216 434 12 14 0.020112472 
997 29 8 10 0.020071227 
431 171 13 17 0.020056028 
1013 302 10 14 0.020042751 
669 173 13 16 0.02003358 
