7_Cheering_Cheering_7_692
20
492 538 76 83 0.9948543 
264 570 73 98 0.98146695 
619 757 14 16 0.14107485 
596 742 10 12 0.096964516 
565 738 11 13 0.07421621 
712 212 149 184 0.039847136 
145 474 33 47 0.036302608 
542 735 9 10 0.033003412 
541 532 52 62 0.03137637 
502 1033 149 235 0.03082551 
383 86 14 19 0.028721513 
335 1200 43 49 0.027489264 
983 917 51 74 0.027368536 
616 752 13 16 0.027038483 
696 759 214 248 0.025965653 
245 577 29 45 0.025793843 
419 508 14 18 0.024872066 
393 186 129 171 0.02207191 
609 758 9 12 0.021786535 
591 741 19 24 0.020437323 
