23_Shoppers_Shoppers_23_708
20
334 114 506 502 0.219179 
398 37 36 54 0.1873696 
569 21 89 126 0.09593488 
218 118 46 57 0.05919296 
618 34 101 113 0.05530055 
-32 156 377 484 0.040512297 
277 74 11 14 0.034422886 
942 531 46 48 0.033667326 
399 15 58 86 0.030415671 
226 145 47 56 0.028671615 
166 128 349 478 0.025887193 
527 62 459 422 0.024438422 
219 125 28 36 0.023552235 
-2 135 89 140 0.023365721 
390 -2 103 139 0.023351079 
185 49 96 136 0.022298906 
232 244 205 291 0.021752216 
252 132 18 21 0.021017792 
404 37 15 19 0.0206022 
273 71 10 14 0.02005116 
