23_Shoppers_Shoppers_23_561
31
469 225 57 67 0.99959785 
688 215 59 71 0.9995977 
237 231 60 71 0.9995757 
449 614 53 58 0.9992551 
650 608 54 55 0.99835277 
675 494 31 32 0.9868215 
235 514 30 34 0.9543178 
449 499 33 35 0.33502746 
521 242 28 33 0.100610025 
496 625 33 36 0.07874699 
41 948 216 267 0.07874081 
443 474 51 63 0.0623552 
131 503 241 292 0.0551945 
152 921 238 284 0.049069073 
292 249 30 36 0.047308326 
473 534 25 28 0.04706015 
79 1066 145 149 0.03814102 
263 540 15 17 0.032417472 
247 1113 131 114 0.031573758 
244 521 31 35 0.03135861 
464 500 17 20 0.027147494 
70 414 375 477 0.025265103 
516 605 43 51 0.024403168 
476 622 36 46 0.024347667 
698 523 15 18 0.02426987 
231 130 27 28 0.02403934 
463 119 28 28 0.02344949 
698 499 13 17 0.022613756 
-27 837 431 463 0.021550883 
267 547 13 14 0.020067042 
518 289 394 483 0.020052565 
