23_Shoppers_Shoppers_23_294
22
569 132 36 41 0.9988992 
747 126 43 64 0.9961916 
201 155 43 45 0.99279 
154 158 29 48 0.99027294 
861 257 25 31 0.3625044 
903 357 10 14 0.08169396 
425 105 31 45 0.07525594 
435 97 40 64 0.05737565 
292 288 45 69 0.040450044 
372 160 23 35 0.03212143 
402 550 32 38 0.029983234 
466 2 17 16 0.0279466 
251 245 27 34 0.026455075 
705 193 58 67 0.025187105 
903 397 12 18 0.02476549 
449 86 46 71 0.02371094 
794 340 14 21 0.022826646 
131 152 42 58 0.022577818 
366 366 37 43 0.02250224 
889 379 16 22 0.021115797 
100 150 40 60 0.020822505 
946 53 82 118 0.020547213 
