23_Shoppers_Shoppers_23_91
43
635 119 47 53 0.99782455 
365 228 30 49 0.9952943 
312 265 22 35 0.9809187 
195 203 23 36 0.55863816 
378 115 44 61 0.18507925 
205 282 15 19 0.18442427 
117 267 14 17 0.13895823 
252 294 12 14 0.08601506 
169 300 25 28 0.07912283 
110 267 12 16 0.076130144 
262 285 9 11 0.07436445 
307 245 14 19 0.06866026 
298 242 26 34 0.063866965 
974 235 23 33 0.05876824 
246 319 12 15 0.057767533 
254 379 13 16 0.05122361 
229 312 16 21 0.04755103 
103 269 12 15 0.040244404 
255 288 10 12 0.03784036 
373 215 26 43 0.035572775 
752 237 11 13 0.035538368 
300 239 14 17 0.035358172 
296 243 14 18 0.033951633 
966 238 36 49 0.02881012 
34 320 7 11 0.026606284 
141 236 12 14 0.026510613 
300 249 37 47 0.026271006 
21 364 8 10 0.02593173 
134 267 12 15 0.025680283 
321 269 15 23 0.02567063 
248 298 12 15 0.025363542 
204 228 22 30 0.024296554 
5 257 15 22 0.024041632 
407 325 12 15 0.02342659 
281 347 16 17 0.022854554 
280 368 9 11 0.022388143 
270 281 12 17 0.022071008 
18 359 9 11 0.02156991 
9 230 9 13 0.021316897 
315 258 16 28 0.02118574 
52 308 9 13 0.02076646 
324 272 21 30 0.020680403 
201 306 22 26 0.020260502 
