23_Shoppers_Shoppers_23_22
69
417 289 37 48 0.9976526 
615 256 49 70 0.96894157 
343 288 39 48 0.9598636 
238 242 35 60 0.9295944 
330 248 40 62 0.7105049 
25 109 29 51 0.42867285 
998 0 24 29 0.26453048 
976 49 32 35 0.24833515 
197 259 37 50 0.23000614 
720 250 27 46 0.22885662 
71 103 28 49 0.18782942 
625 53 8 10 0.103838444 
756 205 12 16 0.07878317 
746 93 12 14 0.077733174 
135 0 37 34 0.06953409 
48 109 46 59 0.067464344 
734 210 13 15 0.06695389 
713 261 25 45 0.062326394 
531 319 14 18 0.060229886 
811 283 14 19 0.05900966 
654 63 11 14 0.04800567 
840 245 27 33 0.048001084 
218 250 44 59 0.046246488 
852 321 22 29 0.045358382 
14 60 12 18 0.04384189 
251 248 42 65 0.043645892 
764 205 16 18 0.042965434 
753 210 11 15 0.041882236 
728 214 10 13 0.041805763 
635 75 14 16 0.0384654 
687 140 12 16 0.037114944 
792 280 43 56 0.037101403 
692 84 11 14 0.036979575 
0 280 11 16 0.036948834 
739 203 13 17 0.035153087 
733 116 11 15 0.032619387 
803 278 24 33 0.03232441 
659 90 13 16 0.03184696 
752 107 14 17 0.030605724 
729 254 35 58 0.029612413 
71 112 43 63 0.028834898 
713 199 8 10 0.028131066 
719 214 9 12 0.027816737 
692 110 27 32 0.026618434 
776 263 47 65 0.026377557 
36 46 13 15 0.024924569 
766 193 15 19 0.024886781 
20 67 11 16 0.023702843 
691 220 12 14 0.023573762 
730 200 21 26 0.023484856 
378 308 27 36 0.023470744 
821 319 49 63 0.023422578 
613 62 9 12 0.023401162 
988 -8 38 51 0.02329557 
664 76 10 13 0.023132572 
10 299 14 19 0.02294454 
634 262 57 73 0.022909584 
700 230 12 15 0.022873549 
584 264 85 89 0.022816276 
607 325 39 38 0.022706067 
704 245 30 47 0.022664066 
710 227 51 72 0.022278788 
689 214 11 12 0.021554729 
671 128 14 16 0.021546375 
536 315 24 29 0.021280535 
613 70 8 12 0.020901034 
840 342 11 14 0.02057235 
543 256 11 14 0.02029624 
747 196 13 17 0.02017683 
