23_Shoppers_Shoppers_23_60
60
145 508 22 33 0.9631595 
393 584 15 22 0.84207803 
270 547 17 24 0.77271485 
519 588 10 11 0.3995426 
100 518 23 26 0.3597507 
205 552 14 19 0.2837608 
651 596 10 14 0.20063911 
470 588 11 15 0.1969772 
122 802 19 22 0.1962935 
559 576 11 13 0.16696201 
476 588 11 16 0.15011758 
576 571 13 16 0.13678934 
0 667 18 45 0.11143213 
464 588 11 15 0.10671401 
227 548 15 20 0.102436766 
517 591 14 16 0.07322931 
107 510 17 20 0.06819009 
494 588 9 13 0.06701254 
563 578 12 15 0.06661441 
167 626 24 35 0.06336071 
218 551 20 27 0.06033244 
629 581 12 16 0.058460355 
670 598 9 11 0.054572653 
502 584 10 12 0.0542905 
512 588 10 13 0.054248054 
555 585 15 17 0.04929778 
695 607 8 10 0.042583276 
553 579 12 15 0.04057578 
383 584 17 21 0.038423616 
581 575 11 16 0.037266605 
522 583 10 13 0.03630027 
262 551 18 22 0.035075374 
202 608 17 22 0.0350723 
656 614 7 10 0.033590604 
485 586 13 17 0.03183842 
640 598 10 13 0.031715937 
470 658 14 16 0.03132698 
198 609 30 40 0.03028598 
690 608 9 11 0.029696615 
648 601 10 13 0.029583117 
150 503 14 19 0.029345747 
488 736 9 11 0.027518593 
208 551 23 30 0.026666254 
135 511 18 23 0.026660312 
666 606 7 10 0.026170999 
623 585 14 16 0.025524346 
645 589 18 25 0.025079306 
456 588 11 16 0.024642948 
741 608 8 11 0.022778295 
519 533 9 14 0.021729529 
462 584 19 25 0.021464527 
718 616 8 9 0.021381285 
513 611 9 13 0.021234175 
203 623 16 22 0.021023642 
590 580 15 18 0.020995473 
56 772 9 11 0.020779423 
545 572 9 12 0.020386469 
87 677 11 16 0.020306544 
516 579 19 23 0.020074137 
586 526 16 19 0.020026293 
