23_Shoppers_Shoppers_23_43
125
356 231 63 80 0.9989843 
166 231 57 72 0.99894387 
158 392 66 87 0.9959357 
941 122 27 31 0.995622 
572 146 45 58 0.9955107 
64 147 39 50 0.98981595 
925 199 48 68 0.97473484 
72 212 38 62 0.91309017 
790 133 38 50 0.8899285 
862 148 37 47 0.793713 
605 124 31 42 0.78031296 
24 146 24 32 0.7588137 
723 341 41 46 0.62543106 
960 86 30 38 0.49409613 
969 108 28 41 0.3764631 
441 327 41 54 0.3756739 
376 139 32 42 0.33932504 
746 223 23 32 0.27914378 
679 227 22 29 0.23283118 
230 151 29 39 0.19402483 
832 398 23 33 0.17064677 
100 158 25 37 0.15266222 
355 353 44 47 0.11669253 
687 236 21 30 0.10910987 
824 195 59 56 0.107053846 
547 131 27 38 0.103415586 
455 104 32 41 0.10228548 
189 501 44 56 0.096212655 
751 334 48 51 0.095611855 
212 148 25 39 0.09448103 
793 35 10 12 0.08901432 
340 133 26 36 0.08419842 
449 94 25 38 0.077270545 
883 149 25 35 0.07170694 
823 382 52 62 0.06625598 
841 162 60 62 0.065648116 
890 139 23 30 0.065526366 
956 120 26 32 0.065334 
672 104 17 20 0.0634982 
741 177 13 18 0.06108058 
796 31 11 14 0.060770135 
944 88 30 36 0.05696349 
959 301 51 71 0.056656454 
311 216 50 62 0.0503603 
984 119 16 23 0.04596056 
816 135 48 53 0.045834985 
234 148 18 24 0.045791853 
489 334 31 41 0.04535844 
975 93 18 24 0.045353778 
469 113 31 35 0.044130385 
245 451 48 54 0.04355969 
54 141 29 38 0.043183807 
808 370 79 110 0.040917214 
322 162 15 20 0.040391877 
168 130 22 33 0.039201003 
773 102 11 14 0.03785815 
281 270 44 59 0.037626587 
35 143 26 34 0.0372344 
696 244 23 30 0.0360485 
742 214 39 52 0.0339462 
772 14 9 12 0.033216223 
438 390 34 56 0.032694645 
701 94 26 28 0.03260305 
200 156 39 49 0.032548536 
703 350 50 59 0.032482862 
1003 65 15 20 0.032228418 
942 250 81 115 0.032212287 
166 127 16 24 0.032085594 
162 145 38 52 0.031826343 
252 152 30 32 0.031585895 
682 251 21 29 0.030900061 
309 149 22 28 0.030665196 
256 202 59 72 0.030535689 
442 91 22 31 0.03030174 
736 251 22 31 0.030264562 
305 147 18 22 0.029236827 
856 139 32 42 0.02914598 
73 160 43 59 0.029062768 
2 473 50 92 0.028998071 
44 218 56 77 0.02863005 
551 133 14 19 0.028375695 
520 130 27 30 0.028179616 
427 337 38 50 0.027901556 
923 92 24 31 0.027652996 
906 137 18 22 0.02760488 
615 121 20 25 0.027547522 
265 153 19 21 0.027538827 
531 125 37 49 0.027302133 
345 134 45 54 0.026771914 
984 113 28 35 0.026596207 
549 118 30 37 0.026532918 
851 377 37 35 0.026465615 
739 168 22 30 0.0260594 
530 136 15 19 0.02595436 
584 121 49 60 0.025104942 
682 353 50 60 0.025084376 
258 235 57 75 0.024835259 
695 362 28 37 0.02474992 
171 139 26 37 0.023907738 
43 148 44 56 0.023780867 
105 155 17 24 0.023747806 
653 104 16 17 0.023572773 
17 156 34 42 0.02345736 
517 471 28 46 0.023176692 
831 215 37 38 0.02315956 
324 432 38 35 0.022631103 
465 328 40 53 0.022564115 
-2 186 37 60 0.022184145 
81 146 31 41 0.021711087 
180 165 34 42 0.02160252 
301 141 15 18 0.021564133 
560 117 47 57 0.021060644 
951 218 55 73 0.0208798 
117 276 45 60 0.020832699 
332 128 25 35 0.020804595 
253 170 56 66 0.020667143 
228 128 25 33 0.020654988 
549 100 25 33 0.020567346 
704 272 41 47 0.020559603 
789 124 28 40 0.020502808 
446 62 25 30 0.020453723 
278 220 56 71 0.020279298 
3 97 28 37 0.0200766 
112 161 18 24 0.020047126 
756 0 11 13 0.020028578 
