23_Shoppers_Shoppers_23_571
59
878 353 103 144 0.99759406 
353 485 19 24 0.6500133 
277 568 24 32 0.20629245 
743 571 12 16 0.10885888 
74 611 9 12 0.106785536 
852 557 17 18 0.105358146 
1011 549 13 20 0.09373306 
284 565 16 22 0.08908011 
1003 525 14 18 0.07117536 
54 636 13 19 0.067125514 
792 540 14 17 0.06539802 
946 530 25 32 0.064000525 
587 597 10 14 0.054712623 
573 603 10 12 0.053932816 
811 532 12 14 0.04593782 
684 611 11 14 0.041889016 
729 534 8 10 0.038543604 
899 535 26 32 0.03630753 
110 621 10 12 0.034593396 
617 552 8 10 0.034543835 
630 705 11 14 0.0341457 
617 598 8 12 0.028494366 
652 478 11 16 0.028265096 
854 541 13 15 0.02814263 
263 662 12 16 0.027960438 
451 421 33 38 0.027819574 
736 569 13 16 0.027797876 
1004 539 16 19 0.027785325 
699 699 14 20 0.027622629 
259 557 13 15 0.027040696 
254 514 12 16 0.026686111 
645 601 8 10 0.026389463 
38 599 8 11 0.025939291 
194 638 51 75 0.0251493 
678 450 43 68 0.024872247 
91 626 17 19 0.024585834 
55 621 10 12 0.0243855 
960 593 12 15 0.0243172 
644 472 14 20 0.024059452 
908 594 14 17 0.023957841 
641 600 8 10 0.023949083 
636 462 20 29 0.023904243 
574 560 8 10 0.023828462 
858 549 12 16 0.02302161 
734 534 8 10 0.02299896 
462 625 11 11 0.022931613 
269 578 15 18 0.022764342 
688 550 9 10 0.022569183 
538 674 13 15 0.022419704 
201 621 28 37 0.022139898 
131 647 13 18 0.02170297 
125 590 10 12 0.021551676 
422 520 12 18 0.021518094 
163 628 12 16 0.021369843 
702 608 8 11 0.02094234 
134 612 46 54 0.020621533 
847 539 13 16 0.020267969 
56 605 10 12 0.02020143 
735 549 10 12 0.020058952 
