23_Shoppers_Shoppers_23_459
373
107 114 13 16 0.95238674 
780 126 8 11 0.41535032 
446 534 11 13 0.37849176 
550 567 9 11 0.35603032 
651 523 13 17 0.34969833 
134 124 10 12 0.32537445 
668 506 13 17 0.30780628 
463 319 10 12 0.26376688 
34 104 11 15 0.23573141 
753 131 10 13 0.21819095 
427 526 10 14 0.2169881 
386 312 8 11 0.19730444 
130 119 8 12 0.1605253 
600 526 10 12 0.15860903 
799 121 9 11 0.15156268 
128 539 12 15 0.14989893 
399 247 7 9 0.1461058 
504 543 7 9 0.14263877 
222 407 9 13 0.13530073 
342 279 7 9 0.1341174 
193 403 25 31 0.1310295 
837 452 11 15 0.11558988 
511 328 7 9 0.11456373 
166 123 8 11 0.11259464 
495 569 7 10 0.10984944 
175 415 9 11 0.107558385 
49 119 9 12 0.10644471 
392 302 8 10 0.10593797 
405 271 8 10 0.10364411 
196 110 12 14 0.103504375 
343 127 8 9 0.10331435 
806 430 10 12 0.100935444 
560 480 9 12 0.09973282 
511 540 8 9 0.09810202 
445 528 10 14 0.09753281 
598 554 13 16 0.09735553 
274 134 8 11 0.09578761 
92 519 24 31 0.09406563 
527 461 8 10 0.090865724 
758 296 13 15 0.08958946 
255 430 8 10 0.088729605 
199 103 10 12 0.082014225 
276 431 8 10 0.08157677 
449 342 8 10 0.08111332 
49 124 11 15 0.078944065 
774 108 8 10 0.078813955 
662 499 14 19 0.077011436 
643 536 14 18 0.074762836 
343 272 7 8 0.07165563 
439 272 6 8 0.07163051 
584 524 11 14 0.07158616 
429 318 8 10 0.07145468 
409 278 8 11 0.070447505 
478 639 8 10 0.07006555 
336 134 9 11 0.06891559 
128 548 12 14 0.068300426 
646 479 7 10 0.06773481 
425 241 7 10 0.06756272 
921 375 21 32 0.065920204 
700 581 14 17 0.06554322 
142 118 11 13 0.06544495 
449 336 9 11 0.06500948 
623 614 10 14 0.06500477 
582 519 11 12 0.06390798 
318 135 9 11 0.06332755 
405 541 14 18 0.061843503 
322 415 9 11 0.06170591 
649 507 9 12 0.061202146 
329 128 8 10 0.06091915 
478 552 8 10 0.059973847 
353 279 8 9 0.058036033 
304 127 7 9 0.057967987 
458 494 8 10 0.05750002 
756 126 11 14 0.056894444 
560 327 9 12 0.056315575 
525 456 8 11 0.056020353 
305 417 8 11 0.05587461 
658 492 12 17 0.055801608 
53 128 11 17 0.055797223 
590 525 9 14 0.05497724 
382 239 9 11 0.05470966 
450 562 13 16 0.054340035 
620 630 10 14 0.053466808 
399 303 10 12 0.05346358 
140 124 10 12 0.053317532 
166 447 9 10 0.052012917 
376 121 8 10 0.051989175 
401 307 10 13 0.051594436 
546 573 8 11 0.05137464 
415 285 6 9 0.051151775 
794 357 9 11 0.05031028 
512 476 8 10 0.049694594 
805 120 8 9 0.049452834 
815 136 9 10 0.048401035 
506 535 8 11 0.048112523 
583 487 7 10 0.04737182 
369 249 7 9 0.04722417 
86 514 16 22 0.046674963 
336 140 9 11 0.04661686 
437 548 9 12 0.04656324 
748 315 10 13 0.046476346 
808 425 9 11 0.046433847 
383 245 8 10 0.04619724 
250 429 9 12 0.04617772 
606 543 11 12 0.04606003 
352 271 8 9 0.04584779 
475 639 7 9 0.045687657 
352 266 8 9 0.0447155 
488 646 6 8 0.04426555 
401 265 7 9 0.04415588 
311 135 10 12 0.043959636 
204 101 9 12 0.04384283 
130 534 14 16 0.04337138 
430 241 7 10 0.04335035 
431 313 8 10 0.04309332 
759 430 9 12 0.04290475 
646 530 13 18 0.042602543 
603 549 12 14 0.042347863 
375 124 7 10 0.04204842 
594 556 10 13 0.042046458 
409 285 9 10 0.041544862 
848 407 10 12 0.041530605 
392 239 7 10 0.041264817 
149 117 8 11 0.041105177 
552 561 8 10 0.040402643 
671 591 9 11 0.04023575 
279 141 8 12 0.04021529 
485 671 8 10 0.040177993 
359 141 8 10 0.039788287 
452 339 9 12 0.03978245 
254 487 9 11 0.039545096 
802 311 8 10 0.039391242 
61 127 11 14 0.039351676 
413 281 7 9 0.039033692 
909 437 13 15 0.03890694 
391 278 7 9 0.038870595 
557 509 11 16 0.03871447 
472 551 9 11 0.03867969 
446 304 8 10 0.03864775 
97 530 25 29 0.038646195 
113 116 12 15 0.03836819 
4 750 16 17 0.03825265 
226 55 26 42 0.03814567 
584 492 9 12 0.037919313 
908 430 11 13 0.0377301 
335 128 8 11 0.037589 
776 295 8 10 0.037517186 
721 322 8 9 0.037304312 
647 580 11 15 0.03723054 
687 592 9 11 0.03714219 
184 439 9 11 0.0371277 
578 486 8 10 0.036691148 
305 134 9 11 0.036620032 
494 336 7 9 0.036460783 
581 327 10 11 0.036411278 
127 109 9 11 0.03627772 
753 453 18 22 0.03620841 
377 296 7 10 0.036115862 
33 85 11 14 0.03601809 
152 541 11 15 0.03601453 
653 508 12 14 0.03601289 
554 486 10 11 0.03595741 
360 136 7 10 0.03569776 
808 111 7 9 0.035584763 
856 420 11 14 0.035582375 
148 111 9 11 0.035551224 
566 510 11 15 0.03553343 
393 297 7 9 0.03552013 
181 411 10 13 0.03549459 
843 451 14 18 0.03546225 
498 544 8 10 0.03522228 
161 120 10 13 0.034879025 
480 557 8 9 0.034742955 
83 498 14 17 0.034641955 
80 493 13 15 0.034326844 
335 437 8 12 0.03426217 
441 310 8 10 0.034142982 
376 246 8 10 0.0339392 
255 117 9 13 0.033860907 
741 278 9 10 0.033748884 
640 494 8 11 0.033507146 
183 445 9 10 0.033501696 
814 414 8 10 0.033426434 
84 508 15 19 0.03341506 
440 518 9 11 0.033283487 
506 527 8 11 0.033207588 
606 530 10 13 0.033206362 
506 326 8 10 0.033147242 
624 542 10 12 0.03305548 
752 293 10 14 0.032798722 
5 124 11 14 0.032491267 
425 271 8 10 0.032472778 
167 441 8 11 0.032440133 
659 522 14 19 0.032281097 
449 671 8 10 0.032045163 
815 119 8 9 0.031635065 
468 750 10 12 0.031519942 
495 312 7 9 0.031093208 
16 102 10 13 0.031059641 
680 592 9 12 0.030844843 
503 319 6 9 0.030819772 
191 420 11 14 0.03062378 
439 333 8 11 0.030452302 
447 309 6 9 0.030375622 
448 249 7 9 0.030143896 
470 574 8 10 0.03008845 
502 548 8 10 0.030040624 
20 100 11 14 0.0298422 
451 541 9 12 0.029828109 
620 596 13 15 0.029769043 
442 303 8 11 0.029765889 
759 122 9 10 0.029764885 
479 644 8 10 0.029709151 
21 125 9 12 0.029643066 
596 548 21 25 0.029367039 
489 479 7 9 0.029142736 
170 416 9 12 0.029072644 
655 497 12 16 0.028926248 
831 412 10 13 0.028804122 
448 287 7 10 0.028741885 
85 76 13 15 0.028330173 
470 304 8 9 0.028185029 
384 232 8 10 0.028139278 
335 183 9 12 0.027943246 
768 103 10 12 0.027817307 
488 335 7 9 0.027815923 
229 166 9 11 0.027807336 
734 67 10 12 0.027806489 
794 120 8 11 0.027757326 
464 313 8 10 0.027655162 
826 423 9 11 0.027602203 
574 518 10 13 0.0275132 
446 639 10 13 0.02734105 
694 588 12 15 0.027207432 
544 486 8 10 0.026877204 
559 504 9 12 0.026780969 
804 123 10 12 0.026698723 
462 296 7 9 0.02665747 
457 279 7 9 0.02655787 
537 573 9 12 0.026543519 
324 418 10 11 0.026521469 
441 343 8 10 0.026414037 
600 543 12 14 0.026410788 
339 272 7 9 0.026276046 
481 335 8 11 0.026071701 
724 324 9 12 0.025933329 
703 190 10 13 0.025929049 
744 318 10 14 0.025857097 
310 128 8 10 0.025811488 
468 744 10 12 0.02580843 
853 405 11 14 0.025768744 
14 108 10 13 0.025756845 
471 310 7 10 0.025734626 
341 133 8 12 0.025728947 
613 542 9 12 0.02564886 
199 97 10 11 0.025641367 
41 565 28 35 0.025603961 
439 543 10 12 0.025513846 
383 297 7 9 0.025478886 
391 232 7 10 0.025449814 
240 125 7 10 0.025400536 
23 545 11 15 0.025377594 
585 530 9 13 0.025354775 
480 573 10 11 0.025272196 
35 90 11 15 0.025239382 
406 265 8 9 0.025166519 
357 278 8 11 0.025154417 
383 120 7 10 0.025030412 
296 151 8 11 0.024944369 
687 70 9 10 0.024930742 
161 447 9 11 0.024817873 
223 144 8 11 0.024774002 
833 398 11 13 0.024651889 
717 347 13 14 0.024428332 
725 340 13 16 0.024382316 
447 545 11 13 0.024296843 
433 271 8 9 0.024275554 
637 179 10 13 0.024165148 
215 410 12 15 0.023952957 
814 158 9 11 0.023792373 
78 486 23 26 0.023775978 
441 510 9 11 0.023748256 
344 265 8 10 0.023698382 
463 510 10 11 0.02365924 
378 206 434 493 0.023651255 
359 270 6 8 0.023634063 
388 315 9 12 0.023565575 
438 278 7 9 0.023521626 
829 430 11 14 0.023516022 
816 478 11 13 0.023509026 
760 317 9 11 0.02350451 
808 398 8 12 0.023473438 
468 318 9 12 0.023434917 
612 626 20 28 0.023347149 
272 434 12 15 0.02330553 
280 148 9 12 0.023297695 
612 549 10 12 0.023207754 
392 286 7 10 0.023098527 
240 463 9 12 0.022941448 
801 317 9 11 0.022896953 
742 324 11 14 0.022882959 
15 125 9 12 0.0228626 
488 567 9 11 0.022839636 
404 303 10 12 0.02282231 
369 253 8 11 0.022756903 
20 112 203 220 0.02268438 
789 65 11 13 0.022629574 
367 332 11 13 0.022603475 
456 664 8 10 0.022586737 
126 542 20 25 0.02246221 
360 128 7 8 0.02244672 
582 511 12 14 0.022375036 
158 452 10 11 0.022335429 
446 504 8 10 0.022294614 
567 504 9 11 0.022266263 
398 240 8 11 0.02222373 
529 319 9 11 0.022134127 
120 103 10 13 0.022067705 
782 120 8 11 0.02188111 
462 502 9 10 0.02187343 
463 302 7 9 0.021853084 
694 454 11 14 0.02184421 
674 548 9 11 0.021836054 
454 670 7 10 0.021827599 
563 482 10 13 0.021732155 
406 327 8 11 0.021730121 
432 264 7 8 0.021722926 
589 518 10 13 0.02167116 
190 438 8 11 0.021626953 
855 399 10 13 0.021594698 
658 228 18 23 0.021567253 
794 351 8 12 0.021541959 
399 288 8 9 0.02139928 
174 446 8 10 0.021378238 
569 523 10 15 0.021326479 
692 583 21 26 0.021235347 
373 333 9 11 0.021233492 
473 646 9 10 0.021166911 
596 520 20 25 0.02115578 
393 246 8 10 0.021137925 
222 149 9 11 0.021118151 
498 549 8 10 0.021101233 
809 324 9 12 0.021096744 
153 455 9 10 0.021067986 
599 575 9 12 0.02101127 
98 508 18 22 0.021003561 
489 312 8 10 0.020987948 
62 509 10 13 0.020947307 
827 76 167 241 0.020819858 
799 143 9 11 0.02079552 
297 119 8 11 0.020792011 
904 415 8 9 0.020770915 
557 490 10 13 0.020700337 
456 311 8 10 0.020663088 
168 420 9 12 0.020662589 
910 414 9 11 0.02045812 
436 522 19 23 0.0204157 
385 254 8 9 0.020401241 
459 319 8 10 0.020392286 
463 287 6 8 0.020367807 
697 571 15 19 0.02034238 
693 132 9 12 0.02032803 
502 493 9 10 0.020327026 
754 298 11 14 0.020323 
519 541 7 9 0.020259116 
799 133 10 11 0.020218145 
736 273 9 10 0.020179827 
431 125 8 10 0.020132013 
394 262 6 9 0.020105148 
811 429 10 14 0.020033933 
409 351 7 10 0.020030359 
457 287 7 9 0.020022186 
161 440 9 10 0.02001671 
