23_Shoppers_Shoppers_23_514
38
516 25 17 21 0.47903 
703 6 89 101 0.11731257 
759 290 33 39 0.097941354 
269 151 62 82 0.06548089 
272 10 46 53 0.06260919 
244 125 108 135 0.05540694 
943 532 40 45 0.053844627 
496 0 10 11 0.050352927 
266 0 19 18 0.048406716 
598 186 115 151 0.045466326 
705 313 18 20 0.04516053 
212 494 106 133 0.04382306 
629 86 51 70 0.04192838 
264 1 28 32 0.038842708 
230 366 113 121 0.03855587 
654 80 35 55 0.03810267 
640 147 150 227 0.03524971 
763 279 46 69 0.034503724 
523 12 12 13 0.033735774 
654 31 51 71 0.033609264 
529 115 101 113 0.033309463 
200 43 209 271 0.03166229 
340 191 16 20 0.030716477 
419 21 16 19 0.027182752 
249 512 16 19 0.026876608 
747 395 25 30 0.026049687 
442 268 26 31 0.02569624 
588 83 54 71 0.025563234 
525 7 11 12 0.024951898 
252 -1 84 92 0.024333948 
434 270 15 21 0.023719003 
205 519 34 41 0.022906803 
533 0 11 10 0.022070734 
334 269 10 12 0.02203171 
293 29 27 33 0.021995036 
446 274 15 19 0.020265585 
331 116 15 18 0.020240985 
422 1 13 14 0.0201 
