23_Shoppers_Shoppers_23_232
26
483 91 21 27 0.95905787 
768 189 9 13 0.5043671 
826 197 9 11 0.12825312 
158 190 10 13 0.07463706 
773 189 9 12 0.070308305 
694 188 9 11 0.06802612 
829 193 8 10 0.05792969 
641 184 7 9 0.051088903 
776 217 8 11 0.04548982 
491 85 14 17 0.04063888 
483 118 17 18 0.039797097 
485 87 15 18 0.03959412 
148 204 21 32 0.03636824 
499 97 14 17 0.034587666 
156 194 13 17 0.032085273 
780 191 9 11 0.03001347 
150 201 15 19 0.02916248 
475 83 34 44 0.02908856 
496 132 12 15 0.028784866 
646 207 8 11 0.028447138 
639 168 7 9 0.026647577 
478 103 25 32 0.025202999 
782 196 8 10 0.024185363 
493 81 11 14 0.021984622 
826 174 9 11 0.021099795 
155 218 15 20 0.021073624 
