23_Shoppers_Shoppers_23_10
101
468 333 27 34 0.99937266 
638 298 28 33 0.99246395 
276 312 35 43 0.9874248 
64 384 36 52 0.9836038 
348 491 14 19 0.39443964 
998 332 19 26 0.38964447 
758 324 21 28 0.3111873 
785 321 21 28 0.26539928 
567 313 31 42 0.22357282 
891 327 14 17 0.20535246 
938 37 10 12 0.14531066 
767 324 22 28 0.13023627 
610 111 9 12 0.12653619 
624 115 10 12 0.12016646 
542 80 8 10 0.11607242 
737 106 29 38 0.11584668 
849 313 21 25 0.113460496 
5 168 52 77 0.10986442 
28 586 47 85 0.1002577 
535 299 21 28 0.097978815 
692 22 8 11 0.077128805 
112 344 9 11 0.075977884 
633 470 29 41 0.07428742 
596 93 9 13 0.07353212 
217 386 16 19 0.07307575 
520 70 9 12 0.06244763 
36 413 26 33 0.06145034 
676 298 26 30 0.060177874 
-2 385 24 48 0.05766838 
428 478 12 15 0.057315197 
44 411 15 17 0.056418598 
816 40 9 12 0.056115158 
717 78 8 11 0.053734787 
614 114 9 12 0.05314689 
778 325 18 23 0.05204515 
841 42 7 9 0.049935892 
843 311 17 23 0.04670863 
919 70 9 11 0.04589056 
377 455 28 32 0.04538831 
838 306 14 21 0.044880934 
299 543 23 31 0.044695873 
551 80 8 10 0.042261742 
641 107 9 12 0.041982062 
676 6 9 11 0.040479705 
584 86 7 10 0.03960627 
554 87 7 9 0.0392954 
686 293 25 29 0.039088205 
645 103 9 12 0.037751626 
512 79 8 12 0.037352286 
537 79 9 10 0.03729718 
660 154 94 123 0.03691475 
557 88 8 9 0.03645041 
533 501 12 15 0.036279924 
0 403 31 40 0.03205801 
671 24 8 10 0.030868024 
997 339 25 37 0.030277567 
527 87 9 10 0.030098831 
889 331 18 23 0.02984385 
858 311 22 30 0.029799918 
989 330 17 21 0.028916465 
946 440 25 30 0.027963426 
518 74 11 14 0.027777305 
694 103 7 9 0.02770215 
335 578 12 17 0.027682682 
599 113 7 9 0.027406007 
629 112 8 10 0.027118832 
953 481 16 21 0.026177743 
793 315 16 25 0.025812259 
997 612 28 58 0.025690082 
18 379 37 53 0.02553875 
954 306 22 29 0.025338726 
389 414 9 12 0.024826681 
645 94 9 11 0.024714423 
103 320 9 10 0.02446425 
390 -51 393 485 0.024402728 
1008 334 13 23 0.024392178 
698 296 17 23 0.024191542 
592 87 9 11 0.024096103 
794 321 21 32 0.024007518 
705 216 15 19 0.02345915 
529 333 26 33 0.023451101 
591 113 8 10 0.023444353 
529 500 10 14 0.022999646 
935 42 13 15 0.02293233 
536 72 8 10 0.022805091 
536 321 37 49 0.02276466 
535 84 9 12 0.022741964 
528 122 11 15 0.022315728 
597 117 8 10 0.022152582 
420 636 13 16 0.021900412 
285 588 9 12 0.021310989 
127 305 8 10 0.02121402 
262 333 11 14 0.021011751 
553 92 9 11 0.020981168 
1012 453 12 21 0.020947814 
897 324 12 16 0.020866575 
530 430 118 168 0.020748276 
712 96 7 9 0.020694919 
285 582 9 12 0.020430643 
229 569 17 18 0.020302141 
719 96 8 10 0.020156762 
