59_peopledrivingcar_peopledrivingcar_59_1014
22
63 38 26 34 0.9635297 
423 341 23 26 0.32261038 
58 69 31 36 0.22479966 
816 322 51 56 0.1832224 
42 156 32 35 0.14861128 
56 48 40 49 0.1257638 
0 75 12 18 0.051079962 
48 167 19 21 0.047260057 
247 296 25 31 0.04251703 
2 189 17 21 0.040989824 
414 279 242 188 0.038539875 
24 45 23 37 0.037880763 
679 410 32 42 0.033706173 
872 353 17 21 0.032229092 
861 318 58 64 0.03212137 
739 422 27 36 0.029926864 
803 308 87 95 0.024954503 
420 326 27 30 0.024204636 
1 104 20 36 0.0226093 
371 312 17 20 0.020954847 
66 86 19 22 0.02087762 
93 28 13 16 0.02056396 
