59_peopledrivingcar_peopledrivingcar_59_172
66
652 218 12 16 0.8554645 
846 222 11 14 0.25879222 
863 224 9 12 0.14623816 
822 213 14 16 0.10005705 
841 221 10 14 0.07754583 
770 192 26 29 0.07591133 
767 195 12 17 0.0718209 
175 286 25 28 0.069777966 
656 239 11 14 0.060891476 
761 118 16 19 0.06077725 
854 222 11 14 0.060006235 
798 194 13 20 0.05796361 
1012 298 10 15 0.055015113 
880 229 10 11 0.05198504 
704 169 9 10 0.0458069 
913 189 8 10 0.044692025 
927 201 8 10 0.041658536 
694 183 8 9 0.03941489 
887 225 8 10 0.03867614 
952 231 8 11 0.03862398 
472 359 25 27 0.036621824 
647 222 15 18 0.035647735 
942 189 8 10 0.03553357 
1013 177 10 15 0.03359186 
139 260 13 16 0.03292313 
828 218 13 16 0.03269692 
960 206 8 10 0.03227389 
913 185 7 10 0.032093477 
864 238 9 11 0.031192685 
585 372 15 17 0.031022053 
971 181 10 12 0.030541435 
936 199 10 11 0.029444626 
673 183 10 12 0.028022556 
942 200 8 10 0.027827945 
895 227 8 11 0.02722162 
844 218 18 23 0.026996499 
927 205 7 10 0.026667021 
871 228 8 11 0.026532939 
784 198 20 23 0.026374655 
208 174 9 10 0.026330559 
329 321 45 49 0.025944166 
911 199 7 9 0.025693746 
823 209 11 13 0.025285065 
1 99 9 14 0.024888461 
896 149 9 11 0.024733378 
951 236 8 11 0.024662198 
918 214 8 9 0.02433912 
327 286 26 31 0.024276616 
47 388 13 15 0.023780683 
869 224 8 10 0.023763066 
677 160 8 10 0.02332361 
339 284 24 29 0.02281584 
911 205 8 10 0.022651147 
952 198 7 10 0.022325566 
917 190 8 10 0.022044893 
952 216 8 10 0.021916013 
937 183 8 10 0.02170157 
463 175 12 16 0.0216667 
942 184 8 10 0.021647727 
860 321 13 16 0.021548273 
914 229 8 10 0.021506451 
927 224 8 10 0.020814536 
136 204 7 10 0.020678842 
337 310 28 34 0.020653984 
613 270 13 15 0.020549713 
1013 220 10 13 0.020012658 
