10_People_Marching_People_Marching_2_1046
160
510 201 50 61 0.99827456 
48 203 21 26 0.96383303 
217 217 20 22 0.92067176 
282 260 14 19 0.90032 
365 238 15 19 0.89401364 
741 238 24 27 0.87383693 
421 193 23 30 0.85962117 
200 189 17 19 0.7559762 
98 209 13 16 0.63173634 
169 245 26 29 0.5815145 
483 473 143 237 0.4101886 
1006 227 17 23 0.39203694 
876 232 18 21 0.36463922 
139 295 32 47 0.34318233 
708 260 21 29 0.3353794 
83 269 21 27 0.33261597 
574 225 39 55 0.32693452 
685 197 10 12 0.29573476 
130 241 19 21 0.1863593 
347 216 12 17 0.15961346 
791 216 14 17 0.15592088 
873 242 24 28 0.15019344 
0 278 7 13 0.14401114 
870 235 13 18 0.14152916 
221 228 15 20 0.13325916 
164 243 19 24 0.11319208 
588 194 12 14 0.10256238 
326 191 9 11 0.08654728 
913 64 30 35 0.083704315 
2 245 19 32 0.0826744 
962 231 34 38 0.0802729 
580 239 19 26 0.07714395 
596 211 17 20 0.0755687 
630 214 12 15 0.07170267 
321 190 10 13 0.06971708 
411 187 36 49 0.06967868 
750 234 27 32 0.069483265 
157 243 16 22 0.06395259 
622 229 24 35 0.06286215 
590 232 38 51 0.061883014 
723 238 14 21 0.058185186 
128 247 25 29 0.057730265 
145 199 10 12 0.053660326 
957 203 12 15 0.05301422 
824 280 30 36 0.051432677 
625 214 10 14 0.049940445 
388 228 16 21 0.04910335 
348 253 9 13 0.048641123 
302 181 8 10 0.04726515 
796 279 51 50 0.046201482 
844 278 33 38 0.04600687 
351 190 9 12 0.045509577 
624 233 12 19 0.04511415 
285 320 10 11 0.04422938 
139 309 19 26 0.04412172 
942 307 12 17 0.043537475 
111 182 10 13 0.043197077 
191 174 10 14 0.04315408 
327 252 11 14 0.04240633 
132 183 10 12 0.04214083 
269 222 13 16 0.041695725 
198 169 13 19 0.041614696 
175 450 16 17 0.041333824 
178 254 26 31 0.040700853 
865 235 37 47 0.040690348 
129 186 10 13 0.039538614 
653 200 9 11 0.039452557 
634 217 15 17 0.039126057 
625 219 23 30 0.03858137 
341 182 9 12 0.03850967 
183 249 17 23 0.038286097 
811 269 34 34 0.03766754 
729 238 43 52 0.036672946 
383 213 24 36 0.03664816 
890 57 46 54 0.03657142 
126 259 26 30 0.03639261 
344 189 8 11 0.036354173 
149 242 15 21 0.036171496 
551 219 43 58 0.03498039 
87 205 10 14 0.03425426 
922 294 26 29 0.033141058 
169 208 10 12 0.032797728 
91 261 24 33 0.032168396 
940 302 11 15 0.032007616 
390 193 12 17 0.03152633 
118 278 25 34 0.031386547 
266 253 14 17 0.03119861 
404 191 28 34 0.031012276 
581 216 26 34 0.030779904 
79 205 11 15 0.03046134 
611 235 29 40 0.030350082 
112 176 9 11 0.030337239 
342 206 12 15 0.0302291 
125 235 17 22 0.030060096 
433 195 22 30 0.029694544 
690 197 10 13 0.028729836 
975 222 38 51 0.028693527 
863 238 15 22 0.028499803 
203 166 13 15 0.02785391 
170 237 18 22 0.027417108 
334 191 9 10 0.027242573 
733 175 15 18 0.027143873 
0 245 13 21 0.026868207 
881 254 18 22 0.0268355 
589 213 18 22 0.026701305 
118 202 12 15 0.026362535 
115 289 18 24 0.026316825 
630 225 30 36 0.026165804 
349 194 11 15 0.025867272 
397 190 13 19 0.02584302 
804 213 11 14 0.025350716 
786 269 36 35 0.025329404 
11 250 13 20 0.025035208 
595 195 12 15 0.024951201 
122 294 28 37 0.0249288 
252 322 13 14 0.02486994 
170 260 20 23 0.024646692 
293 286 12 14 0.024645379 
97 198 16 19 0.024436079 
298 182 8 10 0.024412498 
138 236 16 21 0.024235087 
151 308 31 40 0.024125334 
784 218 12 15 0.023901407 
121 267 24 31 0.023898588 
652 204 10 13 0.023866724 
199 181 14 18 0.02371835 
200 197 18 21 0.023602238 
745 253 18 22 0.023568481 
80 273 15 20 0.023285057 
335 219 13 15 0.0231665 
393 187 24 31 0.022873951 
342 198 11 13 0.0228726 
618 232 41 48 0.022851277 
303 177 8 10 0.022828735 
869 245 17 22 0.022576435 
961 303 9 12 0.022495188 
584 192 21 25 0.022311956 
320 184 10 12 0.022228396 
840 265 29 37 0.022184368 
221 183 11 14 0.022180201 
0 214 8 13 0.022131285 
296 177 9 10 0.022040557 
336 176 9 10 0.02202109 
272 256 19 24 0.021936374 
454 245 24 30 0.021916324 
263 221 13 16 0.021901626 
798 348 52 61 0.021727027 
825 265 31 36 0.021597264 
830 219 10 12 0.021383988 
127 247 16 19 0.021230333 
863 228 13 18 0.021176409 
850 248 40 49 0.021152077 
643 233 26 32 0.021092957 
336 204 10 12 0.020752834 
833 289 18 22 0.020746024 
931 294 15 18 0.020675724 
754 244 29 36 0.020380221 
108 282 210 191 0.020132693 
211 187 12 16 0.02008905 
0 267 9 17 0.020021113 
