10_People_Marching_People_Marching_10_People_Marching_People_Marching_10_People_Marching_People_Marching_10_1024
453
366 1897 73 80 0.9982419 
397 1788 58 65 0.9972568 
2 1690 56 63 0.9972371 
954 1931 57 58 0.9971322 
595 1765 32 36 0.99686193 
490 1721 33 39 0.99633694 
912 1788 51 56 0.9941559 
612 1990 78 84 0.9941267 
663 1805 35 42 0.9929557 
799 1788 40 43 0.99189466 
208 1963 80 93 0.9912532 
578 1897 47 55 0.98679125 
731 1856 46 53 0.985951 
884 1687 35 42 0.9854511 
459 1042 31 39 0.9852742 
176 1751 48 54 0.9825366 
514 1844 41 50 0.9778661 
907 1080 37 45 0.9765886 
859 1782 42 46 0.97297466 
280 1048 22 28 0.9716904 
611 1830 42 46 0.9684077 
548 1776 30 34 0.96743727 
451 1831 36 39 0.967062 
859 1727 35 38 0.9657149 
344 1752 34 45 0.9649758 
75 1704 52 56 0.9627383 
269 1748 42 51 0.9375144 
997 1091 23 37 0.92908007 
207 1054 27 33 0.90563506 
794 203 31 39 0.8969061 
986 1757 40 54 0.8905137 
634 1756 29 32 0.88310117 
469 1771 27 32 0.8507801 
574 1042 22 28 0.84030175 
65 297 19 25 0.83185184 
708 1068 29 41 0.7746625 
508 968 29 38 0.6880967 
764 1744 27 32 0.659385 
326 1049 17 21 0.6428763 
774 1032 26 30 0.6356261 
220 1751 31 41 0.6149743 
397 345 18 22 0.54849476 
229 1724 23 28 0.54735863 
177 358 14 17 0.5462344 
676 1751 18 21 0.5178333 
700 1760 21 25 0.5148118 
124 1707 41 48 0.50921214 
161 1660 33 40 0.499906 
905 399 28 37 0.48680717 
482 1042 26 33 0.4086514 
845 1040 24 31 0.3956769 
652 1047 15 22 0.38722548 
508 1795 28 32 0.38063332 
214 361 16 19 0.37124175 
99 362 14 18 0.3567763 
667 339 19 22 0.35022226 
173 1059 17 22 0.3498767 
667 1017 15 21 0.32965335 
686 1004 20 25 0.3281936 
458 1902 48 59 0.327299 
446 365 14 18 0.31921303 
736 319 27 31 0.27809593 
362 1733 24 27 0.27527037 
560 358 10 14 0.26050046 
700 341 22 25 0.25963566 
919 62 103 130 0.25907537 
4 969 27 38 0.24019086 
124 1025 12 16 0.22821891 
783 1005 22 26 0.19229102 
387 1052 22 27 0.1919661 
668 372 14 20 0.17968729 
974 1193 22 28 0.17634338 
413 1063 27 33 0.17567615 
158 1624 27 36 0.15887576 
236 994 28 31 0.15351121 
137 1687 29 38 0.14858413 
777 303 34 37 0.14259711 
452 1940 52 67 0.13780749 
591 358 11 14 0.13728508 
645 1007 21 27 0.13705444 
676 1009 20 25 0.13398945 
159 365 13 18 0.124630526 
349 1009 17 22 0.12332398 
849 1073 17 21 0.12082193 
155 1634 42 56 0.11859258 
687 1038 23 29 0.11769944 
660 1869 38 50 0.11687087 
649 1882 37 50 0.11675067 
517 362 13 17 0.11445596 
52 352 24 29 0.11375941 
708 1743 17 20 0.11156705 
738 1817 29 34 0.11010042 
713 989 21 29 0.10880054 
567 371 11 15 0.10675667 
478 373 12 15 0.10362388 
303 328 35 36 0.103170104 
657 1010 22 29 0.10054704 
859 344 18 21 0.09942532 
381 1058 18 21 0.09876921 
128 1000 13 18 0.09787104 
928 1082 30 37 0.09491658 
495 1041 17 23 0.094025634 
677 377 14 19 0.09069291 
689 1753 22 27 0.08894163 
434 1850 42 53 0.08617571 
180 376 15 19 0.08607524 
225 1734 30 44 0.08529676 
243 354 14 18 0.08312973 
946 1087 18 22 0.082159325 
287 1735 27 32 0.08190364 
198 380 13 17 0.081734374 
242 1719 26 30 0.080548204 
562 1781 26 34 0.08014632 
593 363 13 16 0.07844135 
550 1926 30 45 0.077322006 
42 1060 16 21 0.07511688 
926 1733 28 33 0.072133765 
254 800 30 40 0.06907632 
43 1022 16 20 0.06870087 
551 1042 25 30 0.068599865 
166 1060 15 20 0.067891076 
317 1042 21 28 0.06762759 
370 921 22 30 0.0675739 
684 1062 24 30 0.06680145 
148 1671 32 40 0.06657972 
609 1803 27 35 0.06458985 
26 344 18 23 0.06444063 
564 366 11 14 0.06438053 
708 1068 19 24 0.0641389 
972 1101 16 23 0.06385108 
246 1048 22 27 0.06368869 
711 1087 24 32 0.063298 
622 1007 15 19 0.0631327 
402 1051 25 30 0.06152795 
806 974 17 22 0.060650412 
896 104 102 142 0.059541646 
687 1051 22 28 0.057727233 
982 291 41 69 0.057675738 
312 1173 110 176 0.05659576 
708 1790 16 23 0.056399293 
93 366 16 19 0.0562561 
412 369 17 22 0.056051504 
784 1019 27 35 0.05591875 
848 1077 27 34 0.055833846 
411 354 13 18 0.055462282 
291 1044 25 31 0.054569256 
249 996 17 19 0.054538745 
366 297 27 38 0.053891666 
380 375 22 28 0.053858902 
245 1011 28 34 0.05361752 
541 1004 24 32 0.053529505 
628 362 17 20 0.053090103 
472 374 12 15 0.052503217 
1002 90 22 43 0.05184529 
195 363 14 16 0.051346663 
560 1032 26 32 0.051297955 
697 1064 26 34 0.051057167 
719 1079 28 35 0.050313186 
925 1750 28 34 0.05028944 
251 352 14 18 0.050053343 
446 1869 45 57 0.049861915 
732 1830 49 58 0.049089815 
660 1088 23 32 0.04851387 
413 361 15 19 0.04821798 
672 1822 34 41 0.04793327 
629 376 13 17 0.047480952 
942 546 82 188 0.046642076 
384 267 29 36 0.045464836 
293 989 15 20 0.04498289 
666 1241 18 22 0.044591274 
169 1026 16 19 0.044526115 
243 972 13 17 0.044175237 
420 1051 28 31 0.044122685 
564 1021 13 18 0.043645717 
201 1753 36 42 0.043442044 
433 942 39 46 0.043379616 
649 1812 31 36 0.04322943 
194 1723 27 33 0.043182947 
777 1050 26 30 0.04205397 
477 2143 42 49 0.04192943 
745 241 27 31 0.041918628 
330 930 18 22 0.041888863 
197 357 12 15 0.041864734 
675 1739 17 20 0.041688204 
174 1013 11 14 0.041582704 
13 335 29 31 0.041343194 
552 1786 39 47 0.041167904 
171 404 13 20 0.040835824 
247 372 14 18 0.04043141 
510 2138 45 53 0.04041301 
115 1023 20 23 0.040363573 
396 331 26 31 0.03962198 
191 1049 37 46 0.039580375 
110 1002 14 17 0.039341114 
702 1747 21 27 0.039066512 
470 1082 28 40 0.038941346 
69 941 16 20 0.038575247 
438 1899 78 97 0.03848758 
85 1027 14 18 0.03834709 
246 1875 94 122 0.038132504 
636 1000 23 29 0.037749268 
202 366 21 25 0.037742116 
249 1025 27 32 0.03773999 
760 1725 44 52 0.03773789 
445 357 14 18 0.03773377 
954 1094 15 21 0.03721097 
194 370 21 26 0.03720528 
665 361 22 28 0.03719984 
963 1087 22 33 0.036693156 
84 1032 24 28 0.03656694 
844 990 28 34 0.036313254 
725 999 23 27 0.03625736 
513 1804 31 35 0.036213398 
837 1024 40 50 0.0361623 
229 993 18 23 0.035890147 
237 349 16 21 0.03569987 
347 1053 23 28 0.03560948 
33 344 25 32 0.03532906 
265 1909 338 447 0.03524069 
588 363 21 26 0.035182104 
635 356 14 17 0.035121217 
787 1061 16 21 0.034893136 
205 1906 97 126 0.03483649 
733 1005 23 29 0.034704216 
776 1738 20 23 0.03469976 
82 1059 25 35 0.034449123 
108 1025 16 19 0.034340527 
427 2099 52 66 0.03412506 
408 345 15 19 0.034043897 
147 362 16 20 0.033877503 
182 1054 23 29 0.03367476 
888 978 30 40 0.033663053 
147 1040 13 16 0.03359498 
674 1729 15 18 0.033515334 
681 1019 26 31 0.033485875 
669 1784 25 31 0.03345711 
931 2070 68 101 0.033255976 
308 1035 23 30 0.033239756 
376 1060 14 20 0.03315616 
646 1755 20 23 0.03314204 
891 1083 35 37 0.032996263 
793 1053 21 29 0.03296908 
2 953 24 41 0.03281075 
439 370 14 18 0.03272791 
711 1762 17 20 0.032657627 
706 1767 22 30 0.032581534 
167 1020 14 16 0.03236724 
590 352 10 13 0.032288227 
535 366 10 13 0.032230742 
43 353 19 24 0.032103017 
650 1021 17 23 0.032084305 
131 1020 13 17 0.032061867 
661 284 14 19 0.03205657 
688 1836 28 33 0.032047592 
342 363 25 28 0.031964853 
691 303 17 22 0.03153464 
187 377 14 18 0.031059137 
290 304 48 53 0.031043647 
664 324 26 32 0.031043593 
671 1760 26 31 0.030961186 
974 1093 23 34 0.030875789 
666 1002 24 32 0.030755162 
464 348 11 13 0.030617418 
100 1712 40 45 0.030392762 
713 1007 17 20 0.030313378 
629 1760 19 23 0.0302966 
370 369 23 29 0.029936558 
621 1147 14 20 0.029909179 
292 1724 25 31 0.029900998 
845 1059 24 33 0.029689837 
60 366 17 21 0.029618159 
478 357 10 12 0.029603412 
164 1011 14 17 0.029328719 
557 352 19 24 0.02929998 
565 1045 19 23 0.02925193 
707 1011 24 30 0.029244253 
613 1150 15 19 0.029086689 
552 1023 25 31 0.028921245 
908 2074 44 57 0.028772969 
227 1816 100 108 0.02869797 
126 1009 14 18 0.028576015 
507 1810 43 52 0.028557397 
66 287 17 20 0.02849222 
716 979 14 20 0.028401298 
478 1897 32 46 0.028254554 
827 1720 25 33 0.028250543 
14 976 28 35 0.028106708 
674 1772 25 32 0.02799157 
791 1794 30 36 0.027956042 
544 1028 26 35 0.027651977 
864 1049 17 21 0.027628843 
625 1117 15 19 0.027597675 
769 823 28 36 0.027585063 
0 1822 136 135 0.027567284 
922 357 18 20 0.027556762 
965 1852 28 31 0.027530884 
464 1755 26 33 0.027432777 
692 1958 46 63 0.02741403 
437 390 12 14 0.027378045 
0 185 23 37 0.027313335 
548 1047 16 21 0.027297392 
379 1039 26 34 0.027241837 
55 1693 52 60 0.027095594 
475 363 19 24 0.026977314 
561 366 21 26 0.02687136 
142 368 15 17 0.02685279 
855 1039 29 35 0.026817149 
637 1014 26 34 0.026670286 
719 1091 326 463 0.02664087 
218 365 22 27 0.026599366 
803 964 18 22 0.02651586 
516 332 10 12 0.026469693 
443 373 16 19 0.02636157 
206 354 14 17 0.026332162 
566 1251 15 19 0.026324108 
671 352 17 19 0.026218738 
771 1863 28 36 0.026142249 
696 1007 15 21 0.026064172 
735 1774 25 30 0.026046358 
492 389 11 13 0.025952592 
68 355 28 30 0.025920646 
797 1035 23 32 0.025878686 
673 1840 41 52 0.02579092 
856 351 25 29 0.025785748 
229 376 14 19 0.02571628 
486 380 10 14 0.02567626 
768 1720 28 33 0.025610154 
213 1765 48 59 0.02559626 
831 1040 23 32 0.025492059 
704 198 23 30 0.025488477 
164 1052 40 48 0.025385464 
516 341 11 13 0.025343182 
507 1035 14 19 0.025272593 
683 371 16 22 0.025270933 
907 370 42 55 0.02527016 
400 350 23 27 0.02525973 
251 971 14 18 0.02524041 
33 1007 25 32 0.024949923 
725 1862 31 40 0.02462731 
622 367 24 29 0.024593193 
995 990 31 46 0.024544632 
512 326 11 14 0.024524163 
524 364 12 15 0.024516094 
483 364 13 16 0.024437306 
655 1751 25 29 0.024390208 
166 1935 59 72 0.024380447 
878 1731 20 23 0.024329612 
325 1036 23 28 0.024307124 
995 1940 28 37 0.02429374 
336 1051 21 26 0.024293615 
258 356 24 28 0.024279373 
248 1006 20 23 0.024247684 
323 1899 57 80 0.024113322 
744 316 48 52 0.024091518 
969 981 44 55 0.024091348 
948 1091 28 35 0.024086172 
652 997 13 18 0.024083424 
86 363 16 17 0.02407363 
485 356 11 13 0.023878122 
11 986 18 24 0.023761362 
515 984 19 27 0.023678483 
495 2147 38 40 0.023663877 
113 997 20 25 0.023554528 
553 1123 23 32 0.023549672 
317 1178 16 20 0.023438064 
424 397 12 16 0.023403497 
394 933 26 32 0.02338516 
467 1883 37 47 0.023309633 
275 1841 92 116 0.023138775 
317 319 30 35 0.023128038 
606 1057 15 19 0.0230135 
333 987 40 50 0.02293181 
183 409 13 18 0.022888284 
240 977 21 28 0.022841398 
389 1872 63 77 0.022800012 
854 352 15 18 0.022764428 
653 1291 33 45 0.022710241 
152 1098 13 19 0.022692615 
198 1062 17 22 0.022650607 
118 360 14 19 0.022642413 
493 1741 25 33 0.022623837 
212 88 394 457 0.022562852 
648 1027 24 33 0.022484967 
774 994 26 30 0.02248196 
618 1079 15 19 0.022473574 
699 991 23 30 0.022464922 
603 1746 16 19 0.02244723 
987 1080 24 37 0.02240466 
563 377 15 18 0.022402935 
342 1008 17 22 0.022400357 
174 362 20 25 0.022287952 
241 356 21 27 0.022256685 
701 1777 21 30 0.022243263 
394 2142 49 65 0.022214513 
845 1054 41 51 0.022200167 
929 1727 21 25 0.022149263 
321 330 17 20 0.022117795 
627 347 23 29 0.02209011 
812 1756 26 30 0.022062192 
899 337 24 30 0.022006378 
836 920 16 19 0.021921054 
169 1635 20 25 0.021821667 
766 1038 18 22 0.021803994 
308 968 15 21 0.021681663 
553 1763 28 35 0.021679504 
0 773 20 30 0.02161141 
362 878 29 34 0.021542192 
636 1823 30 40 0.02153856 
94 1027 25 30 0.021537185 
446 352 11 13 0.021479093 
162 1031 24 31 0.021423144 
248 1727 27 32 0.021342227 
356 1759 34 44 0.021303982 
625 1762 30 36 0.0212489 
160 1003 12 17 0.021216668 
633 367 16 21 0.021206843 
377 1737 15 18 0.021152908 
135 1717 41 57 0.021093376 
373 276 44 57 0.020980809 
669 1756 18 22 0.020958036 
418 1824 52 63 0.020908354 
244 345 24 29 0.020877888 
313 1743 26 33 0.020825215 
240 967 12 15 0.02078251 
125 1042 12 15 0.02077172 
213 375 14 17 0.020731604 
866 1713 16 19 0.020720223 
793 1012 18 24 0.020692332 
487 349 10 14 0.020665154 
36 1051 14 19 0.020654785 
0 705 28 53 0.020639068 
143 1036 22 26 0.020612443 
202 1040 28 36 0.02060432 
953 1084 16 20 0.020577516 
323 1173 14 16 0.020518413 
310 327 46 50 0.020464616 
965 310 47 74 0.020459302 
728 296 45 52 0.020442832 
596 375 13 17 0.020439459 
907 976 27 38 0.020424008 
721 1054 24 33 0.020417763 
846 1736 41 50 0.020414935 
438 356 14 18 0.020313445 
566 2042 45 59 0.020313405 
855 1089 28 36 0.020281542 
896 966 31 41 0.020152302 
593 1049 14 19 0.020125566 
211 1028 23 30 0.020116303 
81 352 25 29 0.020068709 
864 786 28 35 0.02005264 
157 1057 26 32 0.020047726 
901 364 24 33 0.020041013 
84 1683 30 38 0.020006102 
