10_People_Marching_People_Marching_2_27
99
363 182 28 36 0.99470514 
860 206 27 33 0.9906448 
834 230 28 36 0.9902361 
575 191 34 45 0.9895131 
914 212 28 34 0.97445416 
430 185 31 38 0.9685084 
647 182 26 34 0.96681 
264 192 24 33 0.9630579 
787 229 29 38 0.95975786 
704 201 32 41 0.9592971 
536 196 31 42 0.95258486 
211 202 21 29 0.93700796 
35 204 31 36 0.9306228 
483 195 22 28 0.901824 
19 189 27 32 0.8476816 
519 194 24 32 0.84253407 
132 199 27 29 0.8142608 
916 262 34 49 0.74247706 
610 206 29 35 0.6235966 
305 180 34 41 0.57175595 
26 196 30 36 0.44324914 
462 150 23 31 0.32841602 
649 216 29 35 0.32611042 
201 46 43 59 0.2389684 
0 190 13 26 0.2216624 
761 234 15 22 0.18001357 
210 189 14 17 0.17926048 
879 179 27 28 0.16633053 
647 199 28 38 0.16381171 
266 238 12 15 0.15622768 
911 230 30 36 0.13404007 
809 307 53 65 0.11630691 
124 203 15 20 0.11212606 
549 191 37 47 0.11146722 
539 179 17 19 0.10750975 
772 204 25 29 0.097212486 
923 274 48 49 0.09462197 
848 223 29 36 0.0856149 
801 229 25 36 0.0775552 
762 225 25 35 0.070463315 
909 246 34 49 0.06735197 
615 203 21 22 0.06527414 
206 193 22 29 0.0644959 
319 180 39 50 0.06343009 
267 190 14 19 0.0629445 
301 475 15 20 0.054577302 
544 185 19 23 0.054052368 
531 186 28 34 0.052575808 
990 214 14 22 0.052480094 
465 140 17 19 0.04876199 
775 220 31 40 0.047566567 
708 186 25 31 0.044814754 
213 61 13 15 0.04466936 
814 267 28 33 0.044580147 
166 172 14 16 0.043865956 
628 205 34 43 0.043493193 
573 180 29 34 0.0427812 
610 213 42 46 0.04267506 
842 395 83 124 0.03869735 
454 162 28 34 0.038153414 
590 195 37 46 0.037928097 
205 68 12 14 0.03782513 
568 150 25 30 0.036868405 
352 160 15 18 0.036694717 
707 129 15 20 0.03526472 
822 242 30 37 0.034725405 
873 187 25 30 0.03433457 
956 268 45 51 0.033172872 
122 202 26 33 0.03256248 
162 184 27 32 0.031015608 
442 189 38 48 0.030638631 
569 14 8 11 0.029659433 
721 214 17 22 0.028379772 
341 184 26 35 0.028228074 
0 184 10 17 0.028095987 
341 122 26 28 0.02711641 
335 118 39 49 0.02696693 
842 5 42 57 0.02693485 
818 231 27 36 0.026616113 
347 184 16 22 0.026043558 
463 110 24 27 0.02417343 
714 181 16 20 0.024132436 
154 207 16 20 0.023971295 
282 233 31 38 0.023886126 
319 185 20 25 0.023620356 
271 186 36 50 0.022803774 
4 194 28 38 0.022676881 
981 284 15 21 0.022669626 
975 209 10 15 0.022328794 
414 204 34 37 0.021849446 
588 395 129 164 0.021535017 
984 203 23 37 0.021510294 
644 214 16 21 0.02136074 
901 447 27 46 0.021257846 
151 190 26 31 0.021243196 
803 244 42 51 0.021159641 
464 125 23 28 0.020629397 
695 106 30 39 0.020359097 
24 182 17 18 0.02033979 
