10_People_Marching_People_Marching_2_259
772
326 250 13 17 0.9844131 
561 462 18 21 0.9670758 
748 416 13 17 0.9376101 
394 463 17 21 0.93305 
398 365 13 17 0.92945373 
164 460 19 22 0.9269101 
802 407 13 18 0.9135708 
51 363 15 21 0.90776736 
678 464 15 19 0.8841946 
534 415 12 15 0.8778751 
420 408 16 20 0.8721062 
485 158 10 12 0.86622494 
421 284 12 16 0.8599279 
205 404 15 19 0.8384914 
712 276 12 18 0.8320128 
450 469 16 19 0.830943 
146 402 16 21 0.818884 
493 362 15 19 0.80700034 
610 365 15 17 0.804842 
688 414 13 16 0.77807754 
282 470 16 20 0.7715232 
558 284 12 16 0.765307 
365 204 9 12 0.75472474 
607 275 15 18 0.7544834 
638 421 14 17 0.7457147 
369 408 16 19 0.7315514 
262 404 14 19 0.71238947 
336 471 16 20 0.7089995 
628 257 12 16 0.6799616 
852 402 16 20 0.66500676 
787 464 14 17 0.6561142 
892 396 14 20 0.6501671 
734 463 15 19 0.6388032 
468 324 12 17 0.6339756 
473 406 16 19 0.63300025 
402 173 10 13 0.6311968 
625 206 9 12 0.62498796 
445 356 14 18 0.61671686 
347 357 14 18 0.61497074 
555 355 14 17 0.6110195 
205 208 16 22 0.6011678 
226 463 16 18 0.59734124 
590 321 12 16 0.5837807 
620 467 14 19 0.5825318 
683 359 14 18 0.57449776 
588 197 11 15 0.5716084 
430 197 10 12 0.5624304 
568 175 9 12 0.52487224 
942 413 14 20 0.52274835 
329 211 8 11 0.51498854 
764 197 9 11 0.5081579 
506 464 15 19 0.5033839 
484 309 10 14 0.48070586 
639 320 12 16 0.47002253 
431 262 11 14 0.46238256 
533 256 11 13 0.46088815 
451 289 12 15 0.4272676 
886 465 14 17 0.40382314 
704 321 13 15 0.39924896 
850 390 24 29 0.3986016 
281 206 9 12 0.39604163 
708 219 9 12 0.39169332 
341 312 12 16 0.39113268 
362 275 14 20 0.38905394 
857 294 10 12 0.38712597 
666 206 10 14 0.37422198 
234 366 12 15 0.3672015 
590 421 13 17 0.35826653 
393 307 13 15 0.35463354 
626 341 12 16 0.34948573 
314 407 14 17 0.3261832 
297 365 11 14 0.31063887 
176 366 13 17 0.30177474 
671 417 11 14 0.30103648 
798 227 10 13 0.2919338 
802 355 14 18 0.28818962 
253 382 12 15 0.28744295 
456 424 13 17 0.27984008 
526 175 9 12 0.27694258 
475 265 15 18 0.27586055 
908 360 12 16 0.27356717 
483 386 12 15 0.27275166 
624 444 11 14 0.27202782 
684 258 15 18 0.2714329 
492 475 11 14 0.27121967 
918 361 13 17 0.26977983 
269 272 13 19 0.26369599 
464 381 13 17 0.25743905 
445 174 9 13 0.2554486 
495 432 15 20 0.24744745 
113 314 16 20 0.22970746 
701 378 11 15 0.2287065 
661 441 14 18 0.22844844 
665 276 15 19 0.22240268 
836 470 12 15 0.22181244 
284 259 17 19 0.21940717 
166 239 14 20 0.21551272 
429 340 14 19 0.21435276 
859 313 13 17 0.20931704 
368 392 21 26 0.20148697 
623 450 14 17 0.20099697 
499 290 10 13 0.20034494 
414 311 10 13 0.19363046 
403 429 13 16 0.19308688 
313 381 12 15 0.19063482 
932 385 12 15 0.18758261 
320 282 12 15 0.18703486 
637 414 14 16 0.18676525 
167 232 11 13 0.18025701 
582 486 13 16 0.1684292 
575 283 12 14 0.16795033 
746 354 13 17 0.16407464 
799 261 11 13 0.15638356 
348 312 11 15 0.15571164 
244 429 13 17 0.15233438 
597 388 12 16 0.15120956 
363 338 13 16 0.15118326 
699 302 13 15 0.15056808 
577 308 10 14 0.13970861 
529 315 12 15 0.13954657 
629 384 12 18 0.13449955 
792 243 11 15 0.13238277 
546 341 10 15 0.12984861 
340 459 15 19 0.12793481 
732 434 11 15 0.12709366 
1013 477 9 12 0.123273544 
282 315 14 17 0.1227927 
119 281 14 18 0.12231295 
314 393 15 19 0.121737905 
288 225 11 15 0.11567908 
350 431 14 18 0.1137405 
643 277 14 17 0.112388775 
93 463 15 19 0.10996197 
783 262 10 13 0.108605444 
355 364 12 15 0.10808109 
296 413 9 12 0.10724638 
555 200 16 17 0.105704546 
730 414 13 15 0.104743116 
192 391 12 15 0.10332888 
606 440 12 17 0.10010089 
608 340 11 13 0.10000506 
554 436 12 16 0.09827885 
455 343 12 15 0.0980797 
90 448 16 18 0.0978732 
413 385 12 15 0.097650126 
663 382 13 16 0.097525455 
359 245 12 15 0.09598025 
812 258 10 14 0.09548713 
519 434 13 18 0.09544711 
848 294 8 11 0.09477823 
272 265 20 25 0.09284119 
499 356 15 20 0.09275133 
825 268 12 15 0.092323676 
406 283 12 17 0.091832444 
429 378 13 18 0.08978531 
324 278 13 17 0.0891333 
282 461 17 20 0.086613916 
299 346 14 18 0.08649539 
332 209 9 11 0.083598524 
719 452 11 15 0.0825784 
487 346 10 13 0.081897035 
759 203 10 15 0.08011371 
852 381 12 14 0.080042474 
960 426 12 17 0.07978283 
846 455 9 11 0.07928882 
227 451 17 21 0.0791419 
762 382 10 12 0.079014 
380 303 11 14 0.07852009 
787 380 14 17 0.07709097 
240 411 11 14 0.07696857 
468 310 10 14 0.07679031 
276 388 12 16 0.0763502 
423 235 13 16 0.075523265 
572 443 12 15 0.075487845 
485 329 12 15 0.075089194 
247 406 10 13 0.07392801 
839 423 10 13 0.072838776 
514 314 12 16 0.07215174 
469 519 10 14 0.07198985 
860 299 10 13 0.07167768 
789 420 10 13 0.07063393 
528 322 11 15 0.070532046 
310 466 13 16 0.0694813 
790 261 10 13 0.06880715 
854 373 10 13 0.06873184 
794 228 10 13 0.068651214 
658 364 10 13 0.068640344 
909 386 11 16 0.068262696 
515 340 11 16 0.06714025 
438 443 14 20 0.067095846 
597 226 11 14 0.06701758 
880 353 8 10 0.06633054 
335 429 14 19 0.06594775 
831 396 12 16 0.065735176 
838 294 9 12 0.06508741 
429 353 14 18 0.06405363 
658 459 12 16 0.06403661 
227 427 15 20 0.06384686 
918 369 12 16 0.06322025 
909 379 11 15 0.063109435 
667 441 14 20 0.06310249 
535 380 12 15 0.062768035 
514 295 10 12 0.06250036 
658 374 9 11 0.062266428 
515 300 10 13 0.06219699 
152 250 11 15 0.062068693 
280 381 11 14 0.061974183 
437 309 11 16 0.0618115 
846 278 11 13 0.06151241 
376 387 17 21 0.061509065 
254 299 13 18 0.061197817 
235 357 13 15 0.06108629 
744 442 11 16 0.061053738 
533 309 13 17 0.060336225 
477 256 15 17 0.06026594 
509 457 12 15 0.060134757 
190 398 13 17 0.05910802 
343 264 10 13 0.058750186 
93 316 12 18 0.057691652 
481 163 11 13 0.057213657 
191 227 12 16 0.057134934 
651 293 10 13 0.056644935 
657 466 11 15 0.05654055 
830 350 9 13 0.056354847 
473 189 10 14 0.056062542 
476 185 14 17 0.056043763 
592 311 11 14 0.055757806 
423 304 9 12 0.055503614 
259 295 10 13 0.055446286 
443 277 12 15 0.05530873 
715 468 11 14 0.054849405 
796 256 20 24 0.054303538 
171 247 14 19 0.054056156 
436 267 12 15 0.053978045 
613 441 12 16 0.053455874 
753 206 9 13 0.053387422 
675 273 13 17 0.053175945 
556 342 13 15 0.052889727 
804 261 13 15 0.052604303 
286 298 12 15 0.052288365 
669 355 13 15 0.052120052 
668 407 13 16 0.051944703 
606 286 13 16 0.05179926 
432 220 11 12 0.05169376 
707 381 13 16 0.051503606 
780 541 11 14 0.05095344 
657 341 10 13 0.050934847 
543 476 10 13 0.050744053 
806 486 9 11 0.050618604 
764 204 10 13 0.05031623 
597 413 12 15 0.05003607 
845 471 10 13 0.05002565 
768 413 12 14 0.05002494 
846 285 11 14 0.04975548 
447 347 17 23 0.04954284 
720 428 10 14 0.04944967 
439 428 13 15 0.049358845 
780 253 10 14 0.049339186 
576 291 10 13 0.048719626 
296 434 12 17 0.048687965 
419 398 16 22 0.048548553 
908 369 13 19 0.048447706 
477 397 14 17 0.048344124 
257 408 13 17 0.048296835 
627 209 11 14 0.048124824 
397 336 13 18 0.048057795 
627 438 11 15 0.048002142 
550 347 15 19 0.04779017 
568 252 12 16 0.047699578 
311 376 11 13 0.047399923 
470 262 15 16 0.047398597 
388 333 12 16 0.047324993 
314 285 9 12 0.04658627 
615 473 13 16 0.046456117 
398 292 12 14 0.04641446 
180 244 15 19 0.04629651 
585 202 10 14 0.046206336 
677 267 15 18 0.046069115 
603 407 10 12 0.045945466 
381 349 14 17 0.045939095 
332 380 13 19 0.045931485 
473 494 10 13 0.045925822 
560 180 13 15 0.045812905 
819 296 10 11 0.045795854 
675 428 11 15 0.045412682 
474 323 14 18 0.045377176 
625 307 10 14 0.045268152 
620 415 9 12 0.04524242 
743 348 14 18 0.045217175 
837 287 9 12 0.04512732 
369 224 10 12 0.04507521 
684 348 16 20 0.045030423 
871 332 11 13 0.044657998 
577 340 11 13 0.0445194 
479 312 13 18 0.044463165 
130 362 13 18 0.044328716 
651 324 10 13 0.0441961 
568 459 16 20 0.044097666 
783 453 11 14 0.04409048 
638 408 11 13 0.044082414 
732 302 12 16 0.043519355 
570 200 14 17 0.0431122 
964 470 11 13 0.043000154 
747 439 12 15 0.042858895 
203 222 17 22 0.042809412 
820 376 10 13 0.042794526 
466 316 11 16 0.042685404 
416 287 12 17 0.04264529 
362 200 10 13 0.04255646 
431 308 11 14 0.04252722 
394 321 12 15 0.04237061 
363 381 13 17 0.042321023 
849 446 9 11 0.042310037 
517 422 11 14 0.042275123 
879 461 13 16 0.042138096 
603 412 12 16 0.04212398 
567 421 13 15 0.04211813 
493 465 19 24 0.04210609 
409 251 10 14 0.04198882 
850 335 10 11 0.041971557 
776 222 9 12 0.04195361 
767 214 9 11 0.04194694 
492 184 16 19 0.04190237 
621 242 13 15 0.04164788 
633 249 17 24 0.0416272 
829 355 9 13 0.041619428 
727 381 11 15 0.04131097 
763 397 13 14 0.041221496 
784 245 10 14 0.041100442 
285 376 10 12 0.04092409 
167 412 11 13 0.040727254 
608 359 13 16 0.040675133 
409 309 10 14 0.040584773 
799 400 12 17 0.040577125 
213 467 15 18 0.040545914 
762 387 13 15 0.040541794 
639 312 11 14 0.040470064 
438 361 13 17 0.040452655 
677 454 14 18 0.040405076 
191 441 13 19 0.040392783 
805 471 8 11 0.04034937 
235 425 18 24 0.040026978 
798 235 11 16 0.039906643 
504 471 13 17 0.039872345 
782 433 12 15 0.039864883 
523 428 12 16 0.039646327 
242 356 10 12 0.039640684 
650 301 10 13 0.03962091 
891 444 12 15 0.039425287 
413 485 12 16 0.039413463 
157 243 13 19 0.0392753 
543 487 13 15 0.0391465 
697 374 9 13 0.038972944 
134 412 11 15 0.038864486 
707 229 13 17 0.03864798 
701 296 12 14 0.038625985 
432 364 12 15 0.038555194 
494 341 10 12 0.038476773 
585 191 10 14 0.03847246 
519 180 10 13 0.03838363 
541 305 10 13 0.038331762 
479 178 23 26 0.03795403 
655 335 9 12 0.037932117 
782 415 10 13 0.0378487 
350 293 9 12 0.03762379 
580 333 10 13 0.037597917 
512 183 10 13 0.037430637 
402 357 13 18 0.03730517 
230 352 13 14 0.036720134 
931 425 15 21 0.03671814 
832 285 11 13 0.036650226 
828 272 13 15 0.036575384 
410 315 11 15 0.036415294 
800 353 11 13 0.036006104 
505 363 12 16 0.035780504 
765 404 12 14 0.035761446 
690 362 12 15 0.035630178 
186 277 11 15 0.035474382 
617 363 14 17 0.03540754 
744 406 10 13 0.03534518 
787 451 13 16 0.035161994 
388 349 12 17 0.034908116 
335 422 12 16 0.034885213 
153 394 15 19 0.034845296 
246 563 25 32 0.03480206 
824 470 9 12 0.034785934 
728 295 10 12 0.03478578 
621 358 12 16 0.03474787 
574 378 14 18 0.03473965 
301 370 10 13 0.03472988 
525 396 11 16 0.034671463 
439 483 10 13 0.03459165 
675 413 12 16 0.03440348 
391 198 8 11 0.034346443 
357 308 11 16 0.0342289 
656 387 12 17 0.034228124 
901 470 11 13 0.03421379 
316 376 12 14 0.0341957 
789 448 10 11 0.03402841 
538 311 15 19 0.034025025 
752 285 11 14 0.034021217 
934 363 13 18 0.03395222 
44 401 15 17 0.033881523 
938 486 14 19 0.033685047 
382 338 14 17 0.03363123 
623 556 17 20 0.033574548 
661 391 14 18 0.033494152 
100 315 14 19 0.03341093 
548 270 11 14 0.03340221 
284 210 10 13 0.03336054 
625 336 11 14 0.033300344 
728 405 12 14 0.033274107 
222 412 11 14 0.033100076 
439 434 15 20 0.032923423 
803 349 22 25 0.032894332 
421 386 12 16 0.032840025 
805 238 8 11 0.032824114 
118 451 13 15 0.03280373 
760 376 10 12 0.032752924 
307 559 16 21 0.032680407 
346 268 12 15 0.03255319 
357 344 14 18 0.03251667 
422 275 19 24 0.032511603 
572 178 11 13 0.032423705 
308 267 12 16 0.032416224 
124 451 12 17 0.03236017 
675 435 11 14 0.032332532 
800 437 11 13 0.03224876 
447 214 10 12 0.032131135 
250 383 21 25 0.032126702 
86 404 12 15 0.03209508 
391 451 21 26 0.032037135 
726 430 12 15 0.03195779 
854 471 10 12 0.03178879 
656 475 11 13 0.03178314 
689 341 11 13 0.03168881 
805 245 10 13 0.031682026 
262 466 13 18 0.031595167 
489 156 12 15 0.031545784 
333 462 16 19 0.03140395 
777 258 11 15 0.03132155 
435 494 12 14 0.031319387 
307 347 12 16 0.031220714 
669 291 10 12 0.031188158 
791 238 19 24 0.031151948 
799 273 12 14 0.03112207 
425 261 12 15 0.031119887 
494 423 13 16 0.031097433 
616 223 10 13 0.031068757 
535 469 12 15 0.031027475 
429 304 10 13 0.031026086 
198 216 15 21 0.030966032 
596 304 10 12 0.030918194 
497 456 21 26 0.030901438 
296 354 13 17 0.030856512 
507 354 12 16 0.030855231 
761 194 9 11 0.030829417 
816 459 9 11 0.03079847 
853 443 10 14 0.030793902 
482 392 14 17 0.030685276 
287 412 10 13 0.03067766 
387 181 11 13 0.030666495 
757 342 9 12 0.030624235 
652 284 11 15 0.030611245 
310 276 12 16 0.030606102 
797 525 10 12 0.03055243 
836 389 11 15 0.03031224 
783 376 10 11 0.030284181 
228 422 12 16 0.030188233 
673 466 14 18 0.03011979 
768 218 10 14 0.029890025 
124 333 12 16 0.02985622 
701 398 12 14 0.029773988 
655 444 19 26 0.029769951 
344 349 14 17 0.029718686 
629 357 12 16 0.029650358 
624 457 15 19 0.02963725 
321 340 11 14 0.02963104 
509 372 10 12 0.029598057 
781 397 10 12 0.029590497 
362 378 21 27 0.029460108 
584 316 12 15 0.029448297 
838 462 13 15 0.02933233 
661 357 12 15 0.029214904 
586 413 11 15 0.029165797 
440 274 19 25 0.029125905 
806 388 11 13 0.029114552 
267 395 14 18 0.028966349 
258 380 11 15 0.02895923 
591 395 12 15 0.028874155 
190 388 20 25 0.028861923 
716 271 12 16 0.028825788 
378 307 11 15 0.028805323 
563 174 10 14 0.02874385 
911 363 21 25 0.028693845 
550 275 14 19 0.028684914 
117 330 14 18 0.02865559 
807 254 12 14 0.028632382 
578 385 13 18 0.028553436 
797 254 11 14 0.028435573 
837 324 9 13 0.028421191 
381 302 18 23 0.028398586 
853 477 9 11 0.02835824 
479 214 10 12 0.028338723 
849 374 9 13 0.02822824 
383 187 10 13 0.02822041 
206 392 14 15 0.028137675 
390 427 23 27 0.028095538 
568 268 11 14 0.028006012 
813 413 10 13 0.027954992 
785 256 19 25 0.027805017 
237 420 13 16 0.027796485 
855 436 12 15 0.027733529 
111 478 12 13 0.027721845 
559 196 21 24 0.027706632 
604 417 14 17 0.02764777 
634 413 11 14 0.027559826 
593 227 10 14 0.027499437 
537 305 9 11 0.02739887 
781 387 12 15 0.027381571 
199 402 15 19 0.02734668 
396 423 15 17 0.027316688 
901 385 14 21 0.027294615 
446 169 9 12 0.027238978 
134 369 11 16 0.027218137 
159 236 14 19 0.027213354 
524 200 14 17 0.02720028 
860 410 12 15 0.027185978 
550 433 20 24 0.027154967 
585 425 12 17 0.02710206 
289 253 16 18 0.027095722 
572 255 13 18 0.02702992 
311 294 9 11 0.027018776 
252 395 15 19 0.02693178 
412 320 12 14 0.026890174 
151 477 11 14 0.026843559 
492 164 11 12 0.026816042 
823 476 8 12 0.026811762 
469 303 10 13 0.026729733 
710 449 13 17 0.026701964 
716 459 12 15 0.026643528 
989 449 16 16 0.026641551 
860 470 9 11 0.026554205 
441 178 10 14 0.0265491 
172 406 10 13 0.026547128 
788 266 10 13 0.026524883 
437 335 10 12 0.02649489 
65 444 14 18 0.026449963 
915 377 12 15 0.026422476 
868 415 9 11 0.026412163 
564 363 11 14 0.026386756 
613 461 15 20 0.026344802 
204 241 15 17 0.026309459 
114 443 11 15 0.026298625 
644 248 16 20 0.026258117 
704 430 12 15 0.026222952 
584 211 9 12 0.026093073 
587 309 20 25 0.026092203 
632 223 10 14 0.026038341 
689 324 9 12 0.026032852 
694 448 213 200 0.025953915 
517 401 14 16 0.025924789 
70 389 12 16 0.025836887 
112 483 12 15 0.025831375 
125 429 13 18 0.025809329 
635 392 13 17 0.025789488 
280 429 12 16 0.025783496 
822 362 11 14 0.02576916 
607 345 13 17 0.02574551 
224 420 11 15 0.025714954 
477 174 12 14 0.025694218 
660 430 13 16 0.025642728 
667 375 12 13 0.025631778 
556 187 14 16 0.025585921 
648 388 10 14 0.025486266 
352 270 19 27 0.025474995 
347 366 14 17 0.025407866 
867 309 12 15 0.025339594 
195 435 14 19 0.025334712 
640 270 10 12 0.025281185 
438 213 10 12 0.025225407 
645 309 11 15 0.0252244 
488 539 10 13 0.025146514 
853 289 18 23 0.02512908 
538 259 11 14 0.025118103 
349 280 13 19 0.02511741 
817 379 10 13 0.025082089 
842 456 9 11 0.025043804 
337 432 20 26 0.024991278 
726 284 12 15 0.024990788 
364 364 12 15 0.024983542 
833 292 11 14 0.024964066 
822 356 12 14 0.024937226 
319 383 18 25 0.024920441 
781 331 10 14 0.02487555 
381 364 13 16 0.02478546 
461 453 11 15 0.024757491 
372 340 12 16 0.024738176 
341 252 11 14 0.024645964 
580 260 11 15 0.024575902 
209 396 15 18 0.024562275 
781 292 10 12 0.024547456 
196 419 11 14 0.024536194 
261 357 10 12 0.02450954 
960 473 12 14 0.024508001 
696 317 11 16 0.02447585 
409 428 13 16 0.02446812 
565 278 12 15 0.02445336 
759 192 18 23 0.024426593 
579 303 10 14 0.024411181 
679 294 12 13 0.024388382 
946 404 14 18 0.024361758 
482 152 10 13 0.024361564 
274 206 10 14 0.024351591 
664 201 10 12 0.024338666 
234 443 14 20 0.024273854 
127 422 10 13 0.024269426 
552 418 11 15 0.024260571 
844 459 10 13 0.024240093 
561 441 22 28 0.024190407 
613 418 13 16 0.024184573 
527 381 13 16 0.024173336 
492 349 13 15 0.024109405 
279 412 11 14 0.024092516 
733 442 12 16 0.02397011 
852 339 11 12 0.023942469 
732 453 15 19 0.023939664 
114 370 17 19 0.023873232 
519 272 11 13 0.023835994 
948 399 12 14 0.023822624 
360 271 13 16 0.0237851 
102 303 11 14 0.02377643 
591 431 20 27 0.023730002 
729 466 13 16 0.023724679 
869 421 9 12 0.023640845 
796 468 11 14 0.0235891 
532 182 11 12 0.023565497 
168 225 9 13 0.023507925 
778 453 9 13 0.023497382 
787 427 11 15 0.023467064 
432 315 12 16 0.023455566 
464 213 9 12 0.023410514 
718 405 10 13 0.02331502 
1003 652 22 42 0.023313232 
544 222 9 12 0.023290133 
542 397 12 15 0.023274725 
299 412 12 14 0.023226645 
479 318 18 25 0.023156453 
471 434 14 19 0.02314196 
215 383 12 14 0.023084594 
689 253 15 18 0.023049997 
409 382 20 27 0.023040302 
415 469 12 15 0.023022534 
876 455 11 14 0.023011874 
376 400 16 20 0.023004543 
770 489 13 16 0.022998285 
706 434 14 18 0.022942627 
655 438 15 18 0.022908788 
619 276 11 15 0.022824049 
717 387 11 14 0.022742799 
870 302 12 14 0.022709988 
550 431 12 16 0.022678118 
501 181 10 16 0.022663511 
432 322 10 13 0.022634134 
656 380 11 15 0.022622472 
833 268 14 15 0.022572277 
476 204 12 13 0.022570087 
774 419 12 14 0.022564346 
426 229 14 17 0.022508727 
362 249 14 17 0.022490302 
294 563 12 15 0.022472614 
766 439 13 18 0.022444872 
228 348 23 26 0.022435082 
805 478 9 11 0.022417016 
563 557 16 19 0.0223984 
573 249 11 14 0.022347832 
916 387 11 15 0.022278894 
439 281 12 17 0.022268761 
590 372 10 12 0.02225873 
548 335 12 15 0.02225538 
725 443 12 15 0.022228014 
1011 673 12 24 0.022224817 
346 453 13 17 0.02219827 
902 354 21 24 0.022161761 
376 314 12 16 0.02216045 
756 488 10 12 0.02210641 
747 407 13 16 0.022098899 
123 368 14 19 0.022093868 
432 499 12 16 0.022075817 
774 396 12 14 0.022073511 
633 316 11 15 0.022070682 
790 375 11 14 0.022039242 
540 384 14 17 0.021976953 
793 250 10 14 0.021957777 
543 337 18 26 0.021903459 
434 194 11 15 0.0218826 
362 559 16 21 0.021831227 
479 304 13 15 0.02182059 
791 414 11 14 0.021797266 
773 436 12 16 0.021793712 
624 315 10 14 0.021756517 
197 225 14 20 0.021680966 
223 471 14 17 0.021643236 
718 445 21 26 0.02160084 
180 358 14 18 0.021563713 
278 200 17 23 0.021562323 
521 518 10 14 0.021531502 
344 472 14 19 0.0214958 
423 268 10 13 0.021466767 
820 308 10 13 0.021444216 
373 379 17 19 0.021378951 
516 412 12 15 0.021338653 
946 415 20 29 0.021328187 
518 336 10 13 0.021301934 
39 371 14 17 0.021264354 
902 428 10 13 0.02126035 
821 253 11 14 0.0212465 
742 360 12 16 0.021239178 
129 413 10 13 0.021216761 
466 304 18 24 0.021214295 
448 219 11 13 0.021188792 
422 565 25 32 0.021188075 
346 540 15 19 0.021173954 
675 280 15 19 0.021108875 
510 346 12 17 0.021090915 
751 277 10 13 0.02108808 
655 344 13 18 0.021051634 
638 375 10 11 0.020997012 
718 487 11 14 0.020953454 
491 267 14 18 0.020952359 
579 279 10 14 0.02093728 
543 272 12 17 0.020924916 
277 405 11 14 0.020919569 
280 454 12 16 0.020918773 
424 343 15 21 0.020911241 
775 388 11 15 0.020879883 
798 216 9 12 0.020869702 
544 336 10 14 0.020833991 
289 460 14 16 0.020829769 
561 348 14 18 0.020816587 
495 282 18 23 0.020721959 
170 257 14 18 0.020715512 
776 291 10 13 0.020678246 
108 545 13 18 0.020586263 
194 451 12 16 0.020579824 
284 223 20 24 0.02057042 
485 214 12 15 0.020540332 
528 419 12 15 0.020538414 
446 462 14 19 0.020504657 
425 202 12 14 0.020487847 
492 333 12 14 0.020484073 
825 262 21 24 0.020462388 
814 398 10 15 0.02044744 
628 302 10 13 0.020438222 
710 420 11 13 0.020419862 
824 487 8 10 0.020407267 
617 210 12 15 0.020391705 
816 477 9 11 0.020379383 
726 376 10 12 0.020359354 
959 405 12 15 0.020314958 
492 173 13 15 0.020279972 
874 459 9 12 0.020236256 
301 317 10 12 0.020231256 
379 371 15 18 0.020198563 
384 197 9 11 0.020152416 
799 371 10 13 0.020118747 
479 347 11 15 0.020113137 
613 447 18 24 0.020102128 
527 315 20 24 0.020088479 
909 350 13 17 0.02007734 
873 479 9 10 0.020068794 
122 272 21 25 0.020021748 
