10_People_Marching_People_Marching_10_People_Marching_People_Marching_10_552
61
440 100 70 89 0.99870443 
839 87 12 16 0.32279423 
714 4 17 20 0.3080679 
692 97 14 16 0.21661939 
795 91 11 13 0.18515998 
902 172 13 18 0.12589283 
883 82 15 20 0.12427957 
683 -1 19 19 0.099381685 
744 93 14 17 0.08363395 
427 38 17 21 0.07687896 
835 0 16 14 0.073186375 
930 0 17 14 0.06001896 
570 -2 63 61 0.058372647 
853 -1 17 14 0.054578386 
912 27 16 20 0.045976307 
828 17 15 19 0.038100854 
755 117 14 19 0.03778698 
893 1 17 20 0.037661627 
656 89 12 15 0.036545787 
749 116 14 16 0.036214452 
832 27 24 31 0.035332225 
843 0 15 14 0.034664374 
632 22 28 37 0.032010287 
828 25 16 22 0.0315267 
681 113 16 19 0.030876525 
589 0 34 37 0.030586816 
478 9 16 19 0.030454157 
1 9 14 19 0.029424805 
256 314 65 60 0.028678596 
325 114 15 17 0.028549016 
250 269 36 32 0.028304517 
126 36 13 16 0.027341353 
790 87 19 24 0.027118256 
481 3 18 19 0.025637768 
829 4 24 30 0.025608126 
0 74 8 14 0.025081066 
567 0 38 41 0.025007294 
993 -1 29 33 0.024694635 
531 128 15 18 0.024280332 
663 172 14 18 0.023708502 
917 116 25 27 0.023706334 
632 -1 21 17 0.023316886 
209 60 16 19 0.022506064 
862 177 17 22 0.022352476 
182 152 12 15 0.022340007 
522 -2 18 14 0.022197751 
629 93 14 17 0.022182764 
689 -1 24 24 0.022043744 
177 -1 21 18 0.021884995 
382 -1 13 10 0.021641131 
880 37 25 31 0.021622736 
748 105 14 17 0.021472102 
416 98 11 12 0.021453701 
838 121 21 27 0.021408191 
951 0 13 12 0.021149382 
340 84 11 13 0.020905472 
0 41 219 209 0.020706601 
771 191 24 31 0.020505872 
142 123 12 13 0.020437323 
773 88 14 19 0.020333787 
514 107 49 65 0.02018009 
