10_People_Marching_People_Marching_10_People_Marching_People_Marching_10_People_Marching_People_Marching_10_716
68
2 439 34 39 0.9997831 
510 294 59 72 0.9989281 
120 421 39 41 0.9983059 
330 351 48 60 0.9981153 
768 266 72 94 0.9974074 
75 439 36 45 0.99517834 
197 414 42 43 0.99235415 
653 526 23 23 0.9578387 
178 548 32 41 0.66179395 
69 520 41 50 0.4549938 
932 454 32 37 0.24283713 
676 531 27 30 0.23634964 
128 563 28 35 0.19068897 
538 264 31 38 0.12860379 
745 460 101 117 0.09958342 
27 529 43 54 0.0956395 
663 528 26 28 0.09550233 
2 612 39 70 0.093070395 
770 147 77 117 0.071112745 
981 618 39 60 0.060790934 
925 412 54 80 0.05525678 
234 528 40 60 0.055048306 
573 550 51 64 0.053412348 
282 537 51 57 0.053151775 
43 386 12 19 0.048966672 
139 557 40 51 0.04782167 
518 257 58 84 0.04456536 
335 313 38 39 0.044011068 
54 527 43 58 0.041567296 
57 385 22 28 0.03925944 
133 5 9 10 0.038852055 
343 243 38 57 0.038271513 
716 531 29 36 0.035728868 
437 533 15 19 0.03557066 
718 441 168 203 0.034897543 
-2 400 39 64 0.03359238 
660 507 12 15 0.033369813 
149 362 11 17 0.03292955 
730 531 16 20 0.032603316 
645 525 20 22 0.032499965 
778 217 59 86 0.03177793 
378 242 9 12 0.030311648 
1006 277 11 14 0.03029927 
79 421 28 34 0.030160017 
97 354 17 23 0.02896594 
89 419 16 18 0.028843554 
990 549 36 44 0.028581323 
15 544 46 58 0.027495874 
191 0 10 11 0.02677181 
97 358 25 32 0.026655586 
231 448 28 32 0.026425967 
529 174 38 46 0.02544621 
417 79 8 10 0.025214076 
180 562 41 45 0.024807686 
206 535 44 58 0.024323966 
64 388 38 47 0.024099948 
701 539 31 40 0.023017311 
715 151 93 132 0.02214702 
80 47 8 10 0.022088021 
156 547 39 51 0.022027826 
890 542 32 32 0.021815855 
54 365 9 11 0.021727005 
898 429 58 75 0.02172394 
97 426 44 48 0.02169514 
834 643 38 34 0.020882893 
1 208 8 11 0.020767225 
70 411 29 33 0.02023618 
708 616 26 36 0.02021918 
