10_People_Marching_People_Marching_2_498
214
27 15 22 27 0.99208695 
412 583 25 28 0.9885091 
345 420 28 27 0.98826736 
954 545 23 30 0.9882451 
70 146 21 28 0.98615766 
787 543 22 25 0.98130083 
542 4 24 27 0.9799318 
163 420 24 31 0.9673601 
189 27 25 25 0.96397567 
895 418 21 28 0.9619731 
705 0 21 23 0.95580685 
541 441 23 30 0.89769024 
836 276 20 26 0.8944132 
609 131 23 24 0.8407174 
771 132 23 26 0.7629099 
364 27 23 29 0.7618606 
723 421 19 21 0.75534153 
940 125 24 25 0.7352671 
281 261 34 40 0.6864494 
237 135 23 25 0.6802438 
1003 277 19 24 0.6594972 
573 597 19 28 0.6452437 
123 271 16 19 0.638173 
37 616 18 21 0.5819867 
872 0 30 29 0.45324606 
566 36 16 17 0.33163062 
474 299 18 20 0.27292624 
639 164 14 16 0.24419497 
651 7 18 20 0.23722252 
678 312 11 13 0.21880162 
699 316 11 16 0.21740721 
628 67 21 25 0.19864506 
661 272 26 29 0.15110125 
998 252 26 40 0.15032972 
59 30 25 26 0.14111827 
262 164 14 16 0.13315298 
213 53 15 17 0.13242468 
493 326 13 16 0.11246585 
125 300 14 16 0.11117295 
185 6 31 34 0.107580684 
819 573 12 13 0.09649613 
619 164 11 14 0.093706146 
674 74 15 18 0.092851534 
189 615 67 65 0.08798848 
895 50 12 14 0.08678806 
961 169 18 19 0.08329534 
3 51 14 18 0.07781333 
790 526 12 14 0.07576463 
974 63 25 31 0.07541036 
43 597 14 16 0.074760966 
951 130 16 18 0.07263548 
241 121 16 18 0.06794438 
901 45 12 16 0.06506634 
875 11 20 22 0.06426173 
501 326 11 16 0.064146735 
46 55 10 13 0.06307127 
560 8 16 20 0.06231373 
381 78 13 14 0.062286638 
209 585 33 33 0.06227033 
728 405 13 14 0.060774848 
240 67 10 12 0.060647417 
102 178 14 15 0.060205467 
364 13 13 18 0.059087794 
110 175 10 14 0.058380835 
697 313 11 13 0.057977214 
759 453 10 13 0.0573779 
300 3 12 12 0.057263575 
741 38 14 17 0.057059724 
425 154 17 18 0.05548454 
889 50 10 13 0.054189432 
887 86 14 16 0.053757973 
92 321 14 20 0.053659637 
772 126 18 21 0.052966513 
47 618 15 18 0.052907545 
177 626 32 30 0.052605003 
412 570 18 20 0.051761758 
728 431 17 20 0.05160602 
684 314 12 17 0.05148335 
2 460 10 17 0.051207256 
652 236 46 60 0.049250577 
423 160 13 16 0.048677433 
122 290 17 20 0.048316795 
659 257 30 33 0.045862984 
837 321 14 17 0.043940384 
3 170 13 17 0.043580025 
841 74 16 20 0.042152356 
806 306 21 29 0.042137973 
180 446 16 19 0.041664924 
231 68 10 13 0.041418634 
232 137 15 20 0.041084584 
902 38 12 14 0.041083418 
358 0 11 10 0.040621422 
491 318 14 17 0.040332276 
249 134 15 18 0.040289886 
653 164 12 16 0.039939534 
130 305 15 18 0.039642688 
288 281 28 31 0.039371926 
216 163 11 13 0.039107617 
676 67 21 30 0.039083015 
38 602 17 17 0.038809754 
799 545 14 19 0.03831526 
896 38 12 14 0.037499882 
739 437 15 18 0.037335865 
814 448 15 21 0.037026946 
804 171 17 19 0.036991857 
174 61 10 14 0.036619604 
307 19 12 15 0.03626982 
363 7 11 13 0.035923127 
462 297 12 18 0.03533566 
43 44 12 16 0.035262473 
746 442 15 18 0.03519784 
796 522 13 16 0.034765735 
672 155 13 15 0.034679305 
206 67 13 15 0.034672298 
673 314 12 14 0.03445117 
76 23 10 13 0.03437109 
784 137 15 19 0.034122705 
345 400 29 37 0.033588268 
442 331 14 18 0.03354463 
486 328 16 18 0.033286672 
724 10 16 18 0.0328273 
148 616 24 35 0.032397706 
28 261 14 17 0.03234014 
114 266 21 26 0.0309139 
653 1 15 15 0.030820925 
295 1 12 11 0.030426536 
613 19 12 16 0.029860996 
908 62 12 15 0.029713947 
546 465 16 19 0.02970966 
38 1 12 12 0.029376501 
73 34 15 19 0.029315509 
907 41 12 17 0.028986977 
319 450 10 14 0.028898159 
666 261 16 20 0.028429525 
964 551 23 29 0.028063478 
716 42 13 18 0.028012972 
561 25 24 26 0.028010674 
229 52 11 14 0.027937353 
941 116 18 21 0.027606253 
692 459 14 18 0.027521297 
773 570 12 15 0.027421555 
545 438 17 21 0.027167097 
929 586 15 19 0.027098086 
943 108 27 33 0.027045295 
911 453 12 15 0.026819764 
636 98 16 19 0.02659597 
15 483 14 17 0.026594521 
661 165 10 14 0.026462028 
584 607 17 21 0.026265115 
799 582 12 16 0.025854414 
45 187 15 20 0.025787983 
342 73 13 19 0.025373798 
55 33 15 18 0.025220213 
656 -2 24 25 0.02521972 
209 617 28 27 0.025194364 
728 17 18 20 0.025151607 
359 15 23 33 0.02512385 
42 51 10 15 0.025018971 
695 452 12 16 0.02496514 
674 311 21 23 0.024574056 
914 154 15 17 0.024506005 
745 183 16 21 0.024465026 
264 108 13 16 0.024454989 
607 116 25 31 0.02445329 
551 449 16 21 0.024288548 
444 616 14 16 0.024241846 
700 446 11 13 0.02423512 
715 2 22 24 0.024229685 
982 570 15 17 0.02397427 
939 674 14 15 0.023801312 
258 155 23 24 0.023759997 
814 167 11 16 0.023749694 
206 57 17 20 0.023572883 
908 457 13 16 0.023487799 
971 69 17 21 0.023444822 
624 132 15 19 0.02295689 
387 75 13 18 0.022929534 
317 4 12 13 0.022833362 
748 37 13 18 0.022805708 
859 97 14 17 0.022795761 
686 341 9 11 0.022754457 
0 437 9 16 0.022704506 
343 0 11 11 0.022475274 
231 83 12 16 0.02242453 
686 320 12 17 0.022374181 
79 148 17 22 0.022102866 
612 110 14 17 0.021832589 
358 31 18 22 0.021825759 
6 491 12 16 0.021690061 
969 162 16 21 0.0216278 
755 579 13 16 0.021583106 
736 427 14 17 0.021458432 
132 314 12 16 0.021395788 
742 450 12 14 0.021381414 
870 27 11 14 0.021358041 
300 10 23 27 0.021329902 
744 171 20 26 0.021279305 
349 404 16 19 0.021196414 
31 5 23 27 0.021149684 
214 77 11 13 0.021058155 
786 124 14 17 0.020995263 
556 467 13 17 0.020947386 
30 0 14 12 0.020927472 
903 467 12 16 0.020695226 
307 4 14 15 0.020678505 
51 52 13 17 0.020671286 
213 622 38 35 0.020518178 
351 451 14 17 0.020288661 
305 292 14 17 0.020265311 
580 35 14 18 0.020208796 
0 458 17 27 0.020195005 
464 293 19 28 0.020181552 
741 470 11 13 0.020078298 
563 48 16 18 0.020060798 
