10_People_Marching_People_Marching_10_People_Marching_People_Marching_10_524
59
64 132 73 88 0.99778455 
589 172 62 71 0.9946838 
836 139 59 66 0.97735834 
272 217 31 37 0.8480489 
285 215 39 40 0.552802 
501 246 17 25 0.27116668 
363 230 22 28 0.20728521 
215 248 25 29 0.15459204 
520 138 46 64 0.12387206 
873 139 59 68 0.09648156 
396 232 23 30 0.075723566 
151 194 45 53 0.06869351 
215 120 31 32 0.06747136 
192 170 28 37 0.06563143 
1004 160 19 34 0.06367278 
202 234 45 50 0.06335461 
214 166 49 56 0.058231026 
394 85 102 143 0.05595382 
892 247 31 38 0.051983036 
357 227 17 21 0.0452187 
492 107 82 102 0.044002492 
364 289 22 29 0.043837603 
291 134 31 36 0.0435723 
498 76 29 36 0.042651806 
182 163 49 54 0.039729062 
202 180 29 30 0.037559792 
167 178 46 54 0.034655083 
239 167 30 39 0.033093862 
147 206 29 38 0.03292841 
314 286 38 48 0.032887954 
154 223 17 21 0.030242557 
253 178 14 19 0.029827764 
1 157 40 60 0.029466819 
294 200 34 42 0.02933514 
551 489 27 31 0.029201685 
676 189 51 68 0.027786104 
225 242 28 35 0.02709742 
890 224 35 46 0.026341723 
169 201 48 53 0.025340172 
295 230 31 36 0.025158731 
102 -22 370 420 0.025058078 
194 211 49 57 0.024601968 
313 217 16 21 0.024486693 
902 167 38 41 0.024399443 
724 136 33 39 0.024120554 
14 213 55 68 0.023919135 
256 252 28 32 0.023760466 
574 194 37 48 0.023708183 
347 258 18 21 0.023145776 
185 153 30 42 0.022692502 
767 71 33 42 0.022308676 
864 34 121 154 0.022066524 
214 244 17 21 0.021752343 
338 201 27 33 0.02166462 
451 116 85 103 0.021614945 
960 66 55 79 0.020755984 
50 76 105 135 0.020593118 
12 139 48 62 0.02010548 
221 119 15 17 0.020022236 
