10_People_Marching_People_Marching_2_269
535
770 238 24 33 0.996789 
245 207 10 13 0.49678335 
657 193 7 8 0.4129427 
68 221 10 13 0.3564184 
45 282 14 16 0.3525034 
724 199 9 11 0.3142901 
790 224 13 17 0.26858887 
227 222 11 14 0.22905402 
749 195 9 12 0.22184405 
724 183 9 10 0.22155827 
91 266 11 15 0.17921245 
313 240 8 10 0.15755616 
87 219 10 13 0.15127158 
726 217 11 13 0.14708856 
809 219 11 15 0.14679867 
623 234 10 13 0.14440432 
693 183 8 9 0.13995837 
716 230 10 15 0.13674718 
222 197 9 12 0.13449581 
841 214 9 12 0.13390905 
721 189 8 10 0.12980127 
670 286 11 14 0.12856044 
415 208 7 8 0.12803757 
213 234 11 13 0.12734377 
769 166 8 10 0.12621503 
274 213 8 11 0.124798246 
201 221 9 11 0.12303975 
687 191 8 11 0.122494616 
260 268 11 15 0.121060856 
173 236 9 11 0.11483552 
124 231 8 11 0.113149196 
861 178 10 13 0.111985624 
674 199 8 10 0.11175114 
773 191 9 11 0.11114319 
759 181 10 11 0.110637695 
746 192 9 12 0.11022574 
201 215 10 12 0.10849309 
647 215 8 10 0.10669968 
278 214 8 11 0.10316656 
654 216 10 11 0.1020957 
712 185 6 8 0.10089713 
712 264 10 14 0.10032779 
69 302 13 16 0.099925004 
262 220 10 12 0.09924137 
240 209 12 14 0.09788788 
228 212 9 13 0.09775189 
473 215 6 9 0.09602797 
230 206 8 12 0.095857576 
205 208 9 10 0.094777845 
237 284 12 16 0.093881324 
103 213 9 10 0.09323112 
96 198 9 10 0.09140147 
617 192 8 9 0.09126165 
744 213 10 13 0.09125999 
726 286 15 17 0.08943684 
266 197 8 11 0.08812804 
846 176 8 10 0.086731605 
237 199 9 10 0.08541247 
434 209 6 7 0.08534702 
189 216 9 11 0.084215574 
669 269 9 13 0.083864756 
664 238 10 13 0.083675705 
82 206 9 12 0.082614765 
319 245 7 9 0.08223471 
743 206 9 12 0.08131324 
670 191 8 10 0.08008627 
342 197 7 10 0.0792623 
438 214 7 9 0.07911878 
398 201 8 9 0.078289546 
343 193 6 9 0.07788467 
54 232 8 12 0.07672889 
713 190 7 9 0.076571494 
191 222 8 10 0.07632081 
886 197 10 13 0.07629454 
337 200 7 9 0.07610137 
78 231 10 13 0.07546352 
266 192 8 10 0.07532679 
358 207 8 10 0.07527882 
72 236 9 11 0.07414864 
272 208 8 10 0.07363334 
699 245 13 15 0.07294189 
397 379 11 15 0.07251882 
4 236 11 15 0.072368346 
251 206 9 12 0.07169515 
662 191 8 10 0.07140232 
711 223 9 12 0.07095243 
253 252 11 12 0.07085977 
168 193 9 10 0.07057526 
458 207 7 9 0.070371635 
697 214 9 10 0.07012429 
475 208 6 8 0.06918044 
465 230 8 10 0.06896974 
712 228 10 13 0.06858353 
88 237 8 10 0.06768813 
703 228 10 12 0.06733431 
696 196 9 12 0.06570218 
418 233 8 9 0.06535024 
56 254 10 13 0.06531931 
391 184 7 9 0.0645778 
847 190 8 11 0.06456327 
96 203 11 13 0.06455566 
772 196 9 12 0.06318072 
149 230 8 11 0.06310433 
439 209 6 8 0.0627 
225 206 9 12 0.061959155 
722 289 24 27 0.061661556 
172 214 8 10 0.06149748 
414 215 8 10 0.061193693 
5 222 10 11 0.060879335 
280 199 9 10 0.060856905 
741 312 17 19 0.060443215 
701 214 8 9 0.06023831 
992 350 24 29 0.06020181 
695 191 8 11 0.059922665 
232 197 9 12 0.05968236 
638 192 7 9 0.059501838 
37 236 10 12 0.059136268 
738 174 8 11 0.058881592 
384 201 6 7 0.058457084 
234 193 7 10 0.058431778 
417 249 8 10 0.058271743 
742 175 8 11 0.058090065 
725 177 8 10 0.057244793 
313 214 9 11 0.05683836 
687 196 9 11 0.056818705 
152 207 9 11 0.056583848 
189 197 9 11 0.056200683 
695 221 9 12 0.055920582 
82 212 9 12 0.05576115 
616 197 8 10 0.05563992 
432 250 8 10 0.055030677 
609 222 8 10 0.054668996 
80 221 9 11 0.0543542 
832 182 9 11 0.054352157 
136 255 8 10 0.05433091 
89 246 8 11 0.054208703 
144 230 9 10 0.054123104 
701 198 7 10 0.053563114 
743 219 9 12 0.053424243 
143 215 8 10 0.053260148 
720 215 9 12 0.0525687 
270 191 8 10 0.052560247 
75 300 11 15 0.051356893 
808 202 12 16 0.050607238 
633 192 7 9 0.0504783 
719 221 9 13 0.0503119 
464 224 9 11 0.050141707 
622 192 8 10 0.050013363 
57 213 9 11 0.049901854 
601 240 8 11 0.04963777 
251 190 8 10 0.04924958 
690 175 7 10 0.049237363 
185 223 8 10 0.049009476 
185 248 9 11 0.048839968 
640 222 10 12 0.048792593 
64 215 9 11 0.048776295 
741 242 11 15 0.04865991 
440 198 6 8 0.04857514 
281 230 9 11 0.04855267 
728 298 21 25 0.048219446 
254 184 7 11 0.04810781 
821 222 10 13 0.047708113 
128 254 7 10 0.047105264 
809 197 10 12 0.047035754 
113 198 8 10 0.04690092 
874 201 8 11 0.046820477 
601 193 7 9 0.046801627 
826 465 30 28 0.04671468 
683 265 22 27 0.04649226 
812 225 12 16 0.04642442 
143 224 8 11 0.046296947 
698 167 7 10 0.04616123 
838 219 11 14 0.04610553 
424 193 8 9 0.045992665 
410 190 7 10 0.045970272 
549 245 9 12 0.045542937 
709 301 12 17 0.045211703 
457 200 8 9 0.044902984 
0 242 11 19 0.044429548 
704 223 8 12 0.04431323 
808 192 9 10 0.043968916 
599 223 7 9 0.043890033 
633 207 7 10 0.043674126 
237 192 7 10 0.043182675 
703 167 8 11 0.042875808 
304 248 8 10 0.042865917 
670 184 7 10 0.042841822 
334 207 8 10 0.042406343 
1010 395 14 23 0.041881412 
593 223 8 10 0.041867107 
201 312 21 28 0.041820303 
565 245 9 11 0.041745275 
253 212 9 11 0.041737456 
331 208 7 9 0.041443896 
606 199 8 10 0.0414271 
70 227 10 14 0.041395523 
478 206 8 10 0.040875204 
95 214 9 11 0.040797636 
967 182 10 12 0.040790904 
433 215 7 8 0.040762804 
453 229 9 12 0.04065139 
287 222 8 10 0.040592566 
199 317 13 20 0.040487375 
479 215 7 9 0.04036936 
101 230 10 12 0.039808143 
424 222 7 9 0.039268196 
471 263 11 14 0.03922867 
740 300 16 19 0.03916284 
879 199 9 12 0.03902624 
584 183 8 10 0.038754527 
472 247 9 11 0.03873998 
438 239 8 10 0.038660046 
752 182 9 10 0.038633272 
736 206 10 11 0.038597673 
785 183 8 10 0.03853864 
842 209 8 11 0.03836621 
248 201 10 11 0.038225245 
191 230 8 10 0.03820248 
314 199 6 8 0.03815464 
616 230 11 14 0.03783043 
782 189 9 12 0.03777602 
230 283 15 19 0.037597504 
280 220 9 11 0.037369892 
266 204 8 10 0.037176307 
816 177 9 11 0.03694127 
725 158 9 12 0.036889866 
102 207 10 11 0.03671939 
96 191 9 10 0.036607135 
253 199 9 10 0.036511585 
138 224 8 11 0.036502838 
175 208 8 11 0.03648166 
847 182 8 11 0.036392495 
452 221 11 13 0.036364753 
152 253 9 11 0.036250845 
416 254 10 11 0.03614918 
184 199 9 11 0.035874955 
62 299 15 20 0.035865095 
423 199 8 9 0.03578656 
158 224 8 10 0.03556554 
671 214 9 11 0.035378512 
647 200 7 9 0.03516723 
424 217 8 9 0.03500633 
454 215 10 11 0.03496375 
239 218 12 15 0.03493598 
458 262 10 12 0.034793604 
943 182 8 10 0.034748815 
495 205 7 9 0.0347019 
93 221 10 13 0.034655727 
643 215 7 10 0.03432982 
63 282 11 15 0.03426584 
48 235 9 13 0.034251288 
947 196 9 12 0.03404788 
762 326 16 18 0.033999708 
617 262 10 14 0.03398095 
966 176 9 11 0.033913955 
124 236 8 12 0.033907924 
688 205 8 11 0.033907034 
792 183 8 10 0.033828557 
216 214 9 11 0.03368128 
238 152 9 12 0.03359586 
1 215 9 13 0.0335476 
224 226 10 13 0.033304147 
634 197 7 10 0.03328029 
56 248 9 11 0.033193864 
416 200 8 9 0.033129137 
662 198 8 10 0.033014257 
398 253 7 9 0.03297066 
712 207 9 11 0.03295583 
487 256 10 13 0.0329208 
175 222 8 10 0.03287226 
655 205 9 11 0.032710407 
397 223 7 11 0.032697264 
90 274 14 18 0.03268121 
413 191 9 10 0.03264668 
607 193 7 9 0.032469735 
654 219 13 16 0.03244374 
49 277 14 17 0.03243102 
734 237 13 17 0.032391172 
721 203 9 12 0.032363154 
157 238 9 11 0.031982083 
378 200 6 7 0.031898927 
244 260 11 15 0.031845577 
392 228 8 10 0.031776566 
230 305 12 15 0.03166112 
701 207 9 12 0.031494852 
646 228 11 14 0.031482626 
151 225 9 11 0.03146303 
822 215 8 11 0.031405617 
582 254 9 12 0.031190576 
639 198 8 10 0.031187266 
520 250 14 17 0.03117933 
928 250 11 13 0.031086065 
418 236 9 11 0.030969225 
432 193 6 8 0.03095238 
728 261 9 13 0.030909743 
313 208 8 8 0.030854085 
181 276 13 17 0.030759715 
70 283 11 15 0.030713627 
545 246 9 12 0.030673772 
452 53 214 250 0.03058829 
584 235 9 11 0.030508485 
613 218 11 15 0.030483091 
610 216 8 12 0.030480085 
839 191 8 10 0.03044719 
354 208 7 8 0.030433439 
956 242 10 12 0.030343488 
804 208 19 24 0.03030823 
287 216 8 10 0.030232824 
190 191 8 10 0.030084135 
12 269 15 19 0.030039484 
440 193 7 8 0.02995491 
757 205 10 11 0.029910203 
359 213 7 9 0.029765889 
368 215 8 9 0.029757442 
560 246 9 11 0.02961078 
698 241 9 12 0.02933728 
81 200 8 10 0.029275296 
303 207 7 9 0.029217018 
359 200 8 9 0.029120777 
286 199 8 11 0.02903503 
168 209 9 12 0.029008333 
1013 319 12 19 0.028999664 
838 196 8 11 0.028983518 
273 185 7 9 0.028893016 
13 215 9 11 0.02853824 
279 208 8 11 0.028498396 
600 229 8 10 0.028315648 
738 167 8 10 0.028298302 
486 221 7 9 0.028250024 
290 245 8 10 0.028249083 
522 242 14 17 0.028225016 
335 185 7 8 0.028172394 
355 231 6 9 0.028171625 
449 253 8 9 0.028117498 
12 235 11 14 0.028096832 
566 240 8 10 0.028067099 
41 216 9 11 0.028010344 
609 214 20 27 0.028010026 
453 237 9 9 0.027943281 
615 205 9 11 0.027895961 
474 200 6 8 0.02788661 
254 259 14 18 0.027840266 
158 255 8 11 0.027827168 
9 272 24 30 0.027826404 
353 215 7 8 0.027808923 
431 223 7 8 0.027554676 
0 230 18 27 0.02750841 
385 208 6 8 0.027498923 
784 196 8 13 0.027467558 
762 469 15 20 0.027466794 
649 192 6 8 0.027429266 
734 221 9 12 0.027366424 
646 221 10 13 0.027359696 
238 255 12 14 0.027339699 
391 190 7 9 0.027281536 
715 298 22 27 0.027195288 
376 247 8 10 0.027152605 
742 229 10 14 0.027130503 
799 184 7 9 0.027031438 
837 149 14 16 0.026947428 
338 192 8 9 0.026939854 
763 461 13 15 0.026937678 
568 216 8 10 0.02689192 
796 222 12 14 0.02688908 
156 207 11 12 0.026884833 
694 175 7 10 0.026839323 
207 229 12 15 0.026798714 
289 238 8 10 0.026756786 
22 238 10 12 0.026729843 
632 221 9 12 0.026655192 
385 183 8 9 0.026646223 
967 189 10 13 0.026549064 
712 197 8 11 0.026533544 
103 247 8 10 0.026504766 
487 216 7 8 0.02647076 
503 198 8 11 0.026345279 
833 227 10 14 0.026338056 
688 213 8 11 0.026237348 
798 190 9 11 0.026231496 
949 294 8 11 0.026217973 
620 219 12 15 0.026170043 
278 184 7 9 0.02605329 
410 207 7 9 0.02582576 
809 177 9 10 0.025764855 
394 200 7 10 0.025684938 
268 268 12 17 0.025605595 
744 182 8 10 0.025506966 
713 213 8 10 0.02541419 
448 248 8 11 0.025270049 
286 204 10 12 0.025178414 
709 246 9 13 0.025170973 
319 199 7 9 0.025161805 
765 181 9 11 0.025063783 
669 276 11 15 0.025022205 
422 233 7 9 0.025002807 
96 238 8 10 0.024984496 
888 176 9 9 0.02496731 
82 175 8 11 0.024953743 
286 231 9 11 0.024921509 
703 261 11 14 0.024876729 
86 296 16 18 0.024859354 
734 327 15 19 0.024846844 
735 230 10 13 0.024825387 
455 255 9 9 0.024798062 
680 231 8 11 0.024752341 
602 198 7 11 0.024741143 
791 196 9 13 0.024740683 
432 232 7 8 0.024721708 
347 215 6 9 0.02472082 
368 192 7 8 0.024718028 
808 184 7 9 0.024681257 
615 226 21 28 0.02464473 
97 231 9 12 0.024404384 
667 262 10 13 0.024386005 
748 214 10 13 0.024306398 
141 228 19 25 0.024232103 
369 222 8 10 0.024228336 
295 230 9 11 0.024224443 
463 256 9 11 0.02417134 
410 184 8 10 0.024164991 
726 279 14 17 0.024057224 
447 191 7 8 0.024035001 
441 185 7 9 0.023949336 
879 181 8 9 0.023940943 
621 256 11 15 0.02390131 
736 181 8 10 0.023851285 
750 202 11 13 0.023751633 
83 214 20 24 0.02373286 
89 284 12 15 0.023712965 
605 239 8 12 0.023692738 
211 318 18 21 0.0235625 
381 247 8 10 0.02351521 
117 197 8 10 0.023411682 
144 233 10 14 0.023371747 
739 323 15 17 0.023303816 
825 474 14 16 0.02328134 
112 193 8 9 0.023208067 
146 246 8 12 0.023146706 
30 214 8 11 0.023091812 
879 176 7 9 0.023077942 
241 203 18 22 0.023073403 
149 234 11 15 0.022958867 
664 150 8 9 0.022944154 
667 243 11 13 0.022907384 
86 229 10 14 0.022903698 
830 165 8 10 0.022881141 
46 205 8 10 0.022844164 
129 248 6 9 0.022818804 
422 247 8 10 0.022791302 
295 247 8 10 0.02278612 
263 282 13 17 0.022755759 
581 215 8 10 0.022748966 
714 260 13 16 0.02271781 
91 305 16 18 0.022712179 
157 229 9 11 0.02262149 
100 188 10 11 0.022565104 
294 223 9 11 0.022529768 
716 215 18 25 0.02248287 
718 192 19 23 0.022480669 
375 207 7 9 0.022460697 
575 232 8 10 0.022446545 
664 253 10 13 0.02238086 
527 214 8 10 0.022261886 
932 247 10 13 0.022223743 
599 206 8 11 0.0221955 
94 247 8 10 0.022188231 
455 192 6 8 0.022183659 
812 192 10 12 0.02218325 
330 200 6 8 0.02214067 
665 185 8 10 0.022102823 
469 231 9 10 0.022019818 
293 238 9 11 0.021962428 
775 407 12 14 0.021921933 
686 238 9 12 0.021862885 
779 447 17 19 0.02184839 
660 229 12 14 0.021785429 
678 215 8 11 0.02175505 
170 237 8 11 0.021752993 
51 315 25 36 0.021739567 
23 231 9 11 0.021687401 
598 214 7 11 0.021647645 
368 208 8 9 0.021600565 
560 207 7 10 0.021582259 
470 222 8 10 0.021567142 
480 221 8 9 0.021550866 
320 192 8 10 0.021548152 
489 207 7 8 0.021519875 
199 200 20 25 0.02151945 
279 191 7 10 0.02147799 
559 199 7 8 0.02139288 
670 172 9 11 0.021301134 
521 198 8 10 0.021252898 
108 213 9 11 0.021197908 
101 235 9 12 0.021190764 
942 239 10 13 0.02117881 
302 230 7 10 0.021176606 
192 183 8 10 0.02117384 
784 205 9 12 0.02114653 
561 232 8 10 0.021123623 
108 222 10 11 0.021114761 
44 220 10 11 0.02108143 
789 205 9 11 0.020993743 
838 183 8 11 0.020989472 
495 275 12 16 0.020985205 
681 191 8 10 0.020929564 
946 191 9 12 0.02091971 
100 199 10 11 0.020897605 
312 218 9 13 0.020770216 
70 196 10 13 0.020745423 
75 285 14 15 0.020720601 
118 193 7 9 0.020712795 
661 214 11 14 0.020651955 
385 214 7 8 0.020632928 
677 204 8 10 0.020614937 
144 208 9 11 0.020604003 
735 191 8 9 0.020596718 
550 100 61 65 0.0205423 
438 247 8 10 0.02049482 
45 282 22 28 0.020469554 
256 267 21 26 0.020420475 
726 164 8 10 0.020405073 
110 206 10 11 0.020389281 
280 245 9 11 0.020358408 
704 184 7 9 0.020348629 
45 297 15 19 0.020334804 
433 199 6 8 0.020331554 
328 192 7 9 0.020293329 
735 199 9 10 0.020259341 
250 247 9 12 0.020221474 
558 107 36 41 0.020082848 
102 222 10 12 0.02006621 
85 200 10 11 0.020056358 
734 92 202 234 0.020044908 
-1 278 10 17 0.020021146 
709 175 8 9 0.020000122 
