10_People_Marching_People_Marching_2_277
452
50 187 42 62 0.9802478 
369 183 25 31 0.95407844 
838 185 24 28 0.9493029 
869 194 15 19 0.92116547 
818 190 17 21 0.8706269 
332 181 16 21 0.737536 
913 186 21 25 0.728908 
422 182 29 33 0.72031224 
470 178 14 18 0.7149185 
621 187 29 35 0.7068951 
195 262 16 21 0.6880286 
506 196 20 26 0.6339618 
942 186 13 17 0.6339141 
974 191 16 20 0.6050145 
1011 184 12 19 0.5873599 
560 181 8 11 0.5731737 
675 193 16 21 0.54141325 
492 202 12 17 0.48817423 
765 194 14 17 0.3953365 
263 177 12 14 0.38642773 
233 177 11 15 0.3340733 
414 172 29 34 0.3010324 
758 187 23 28 0.27475798 
742 195 9 13 0.2614119 
960 178 10 13 0.2573802 
316 188 12 14 0.25016934 
20 202 12 17 0.23153341 
4 202 18 22 0.21080871 
890 219 13 16 0.2053067 
99 262 53 64 0.19993389 
950 238 13 17 0.19208567 
992 194 11 15 0.19202638 
891 197 11 14 0.19136496 
535 181 11 15 0.17681733 
945 219 12 15 0.16474377 
496 175 9 11 0.15887552 
255 214 9 12 0.15828429 
315 273 21 29 0.15297078 
1005 220 13 17 0.14692888 
224 215 8 12 0.14362499 
231 379 25 36 0.14118128 
718 190 9 11 0.13730872 
1006 216 11 13 0.13717237 
521 203 14 18 0.13573375 
922 196 15 22 0.13545117 
311 184 10 12 0.1345137 
423 306 21 26 0.1344602 
781 203 13 17 0.13401051 
875 234 15 20 0.13233863 
589 188 10 14 0.12966551 
964 175 10 12 0.12708105 
581 212 9 11 0.12191783 
24 168 8 10 0.11795807 
450 167 14 18 0.10509052 
96 205 36 49 0.104718104 
557 213 11 14 0.104590654 
551 166 8 10 0.10237368 
782 196 14 17 0.10079362 
711 190 8 11 0.09922685 
541 179 9 14 0.098278634 
804 196 11 15 0.097583346 
749 195 11 13 0.09749679 
933 184 14 18 0.09683034 
606 178 41 53 0.09487098 
487 197 14 19 0.09262956 
692 201 12 19 0.09199247 
28 202 12 16 0.09100148 
415 253 13 16 0.09039599 
996 190 10 15 0.0893653 
704 188 10 13 0.08826408 
835 242 14 17 0.086748786 
474 182 14 19 0.085599534 
493 197 19 26 0.08350298 
294 177 8 11 0.08268325 
573 181 9 12 0.08167392 
685 182 11 13 0.08103642 
389 238 16 20 0.08056198 
481 247 22 33 0.08026512 
950 195 10 14 0.07968825 
553 180 9 12 0.07892248 
798 195 13 16 0.07715123 
491 389 16 20 0.07645233 
646 238 10 13 0.076448716 
566 182 9 11 0.07487984 
532 206 11 13 0.07472743 
782 229 12 14 0.074116305 
741 205 9 14 0.07023078 
576 160 8 10 0.068945244 
476 210 13 16 0.06860721 
894 179 12 14 0.06777831 
534 510 11 13 0.06746407 
716 221 11 15 0.06708693 
947 225 14 17 0.06678308 
212 239 24 30 0.0663842 
453 157 12 14 0.06605905 
825 187 16 20 0.06547774 
270 227 14 16 0.06515414 
790 272 14 20 0.06467862 
460 168 19 24 0.064219534 
544 176 9 12 0.06279595 
923 183 14 18 0.0625571 
964 201 14 18 0.06255559 
892 190 12 16 0.06253739 
257 180 11 12 0.0621674 
382 249 24 30 0.06100233 
569 152 7 8 0.059707336 
261 172 19 24 0.059572503 
272 199 9 11 0.058628503 
281 165 8 11 0.05839071 
982 231 12 16 0.058264136 
1011 219 10 15 0.057867393 
443 247 42 51 0.057543863 
557 159 8 9 0.0571868 
573 245 10 14 0.05704474 
451 295 18 23 0.056504164 
655 220 13 15 0.056431048 
66 197 44 57 0.056098554 
13 206 22 31 0.055987604 
797 235 15 18 0.05598645 
634 266 16 20 0.055218596 
186 263 27 34 0.05431443 
293 196 11 13 0.054037545 
342 142 7 9 0.05403267 
734 191 12 15 0.054027684 
759 199 14 18 0.053467434 
992 291 11 14 0.052943766 
782 283 12 17 0.052736286 
670 191 15 19 0.052350923 
305 182 8 12 0.051198408 
550 175 9 12 0.051163338 
747 186 23 28 0.05103519 
885 259 15 21 0.050280284 
683 198 15 21 0.049883142 
453 188 12 16 0.04900838 
606 190 11 13 0.048677254 
601 152 8 10 0.048631232 
469 253 28 34 0.04803895 
711 241 13 18 0.048037566 
860 186 20 26 0.04776974 
768 195 20 27 0.047646195 
859 262 22 28 0.0474758 
770 188 12 17 0.047186647 
484 304 18 23 0.047137413 
625 205 18 23 0.047039833 
720 197 10 12 0.04655409 
200 206 8 11 0.046377923 
772 227 13 15 0.046219293 
351 161 14 16 0.046201516 
107 167 31 40 0.04603049 
246 253 13 15 0.045958903 
414 302 22 27 0.04522784 
454 149 13 14 0.045225654 
384 263 14 18 0.045210976 
682 187 15 20 0.04464494 
717 183 10 12 0.04450482 
440 186 22 30 0.04425367 
244 260 14 17 0.044250723 
890 202 15 19 0.043914847 
168 202 10 13 0.04390009 
145 213 11 15 0.043760877 
413 173 17 19 0.043610312 
665 195 11 15 0.04334751 
859 212 14 17 0.043224163 
464 179 14 20 0.043059 
629 223 15 18 0.042737685 
807 191 11 14 0.04215884 
393 196 19 27 0.04198216 
402 206 15 21 0.041880596 
188 253 20 23 0.04166775 
607 197 12 15 0.04155525 
716 225 14 19 0.04152736 
249 214 9 12 0.041388586 
459 253 26 29 0.041189406 
700 204 13 17 0.04114559 
720 203 10 13 0.04109131 
1 150 8 13 0.041079365 
543 250 26 33 0.041072223 
958 204 12 15 0.04090931 
21 172 11 15 0.040776443 
768 223 11 14 0.04069433 
789 192 11 16 0.04058725 
551 188 10 13 0.04040975 
982 183 12 14 0.040396556 
708 250 16 19 0.040028423 
315 184 20 24 0.039758764 
869 260 22 28 0.039679572 
485 179 12 15 0.03967465 
530 264 25 31 0.0394652 
552 217 13 16 0.039416857 
989 181 11 14 0.039105948 
173 182 8 11 0.039102163 
553 160 9 11 0.039070416 
220 214 9 11 0.038445633 
570 158 8 10 0.038400006 
903 188 13 16 0.038008828 
344 158 9 11 0.03762015 
238 264 15 19 0.037580132 
274 232 16 19 0.037337203 
1001 224 13 17 0.036994096 
342 151 8 10 0.036745455 
887 253 12 17 0.036715038 
572 198 9 12 0.036681727 
238 168 10 13 0.03667551 
442 138 28 31 0.036646675 
485 227 14 17 0.0362946 
292 252 14 16 0.03627276 
744 181 10 12 0.0362603 
233 354 13 16 0.03618371 
543 150 8 10 0.035902873 
277 199 10 12 0.035855778 
394 287 23 26 0.035396807 
726 197 9 13 0.0352327 
366 158 10 12 0.035187025 
461 245 16 18 0.034957927 
997 202 12 14 0.034950998 
242 388 17 24 0.03493141 
263 168 11 14 0.03486194 
609 202 12 16 0.034858435 
886 191 12 16 0.034774702 
312 192 13 16 0.034603197 
183 197 8 10 0.03445378 
982 214 12 15 0.034319382 
842 262 13 16 0.03417944 
239 187 11 14 0.034092996 
997 287 11 15 0.034004923 
491 253 14 23 0.03360187 
325 230 10 11 0.033565506 
363 185 21 23 0.03354678 
759 244 13 16 0.033374906 
575 206 9 11 0.033078335 
559 185 11 13 0.03298844 
620 191 19 22 0.03272585 
967 194 15 18 0.03237098 
533 231 41 51 0.032185197 
992 177 9 11 0.032141667 
167 229 13 17 0.0320223 
926 233 12 14 0.032002516 
272 290 18 20 0.031878512 
419 198 17 23 0.03169498 
288 220 13 17 0.031599473 
930 199 15 19 0.03158677 
607 158 8 10 0.03138572 
198 198 8 11 0.031327482 
633 189 16 21 0.031191349 
223 197 9 11 0.031178221 
301 196 10 13 0.031158889 
499 180 12 13 0.031039491 
229 214 8 12 0.031033693 
484 188 12 15 0.031023541 
884 223 14 19 0.03095161 
781 217 15 20 0.030919159 
659 214 14 17 0.030892929 
525 187 13 16 0.03085865 
205 251 13 18 0.030798627 
801 229 14 19 0.030732492 
22 198 20 26 0.030577358 
198 193 8 10 0.030527452 
319 228 10 13 0.03049977 
199 247 22 29 0.030484501 
245 174 9 13 0.030465702 
254 189 12 13 0.030158734 
256 175 10 12 0.030115569 
854 215 13 16 0.03006004 
998 181 10 15 0.03004891 
431 166 27 32 0.030010164 
605 153 8 9 0.030003387 
275 179 11 15 0.02997429 
776 207 14 20 0.029838316 
384 187 17 22 0.029595332 
716 233 15 20 0.029594697 
53 255 13 17 0.029589016 
608 284 12 17 0.029580358 
709 265 17 20 0.029532986 
355 405 11 12 0.029475138 
744 176 9 11 0.029393759 
442 272 29 33 0.029335054 
715 271 16 18 0.029321551 
557 165 10 12 0.029289663 
575 188 9 12 0.029264303 
338 348 19 21 0.029245362 
536 281 18 22 0.029221386 
631 165 9 10 0.029069081 
559 241 21 29 0.029047677 
542 235 12 15 0.028907433 
773 182 12 15 0.028867517 
867 250 16 19 0.02883825 
599 188 11 14 0.028676873 
553 206 10 13 0.028675638 
882 192 19 25 0.028596863 
305 188 9 13 0.028429326 
289 181 10 12 0.028179843 
949 181 11 14 0.02816197 
347 187 13 17 0.028152812 
956 198 11 15 0.028105738 
475 199 21 26 0.028089782 
292 214 13 15 0.028089024 
805 189 21 27 0.028085018 
727 192 9 11 0.027944863 
312 369 18 18 0.027805068 
545 168 8 10 0.027645437 
157 243 13 16 0.027585883 
584 325 17 19 0.027576484 
0 265 9 15 0.027565468 
326 386 15 18 0.02743017 
315 262 16 18 0.027097547 
568 166 9 10 0.027093463 
567 176 10 12 0.02698801 
541 227 12 15 0.02694595 
802 274 16 20 0.026934914 
701 263 18 20 0.026762469 
737 190 19 24 0.026629193 
868 237 18 22 0.026608085 
350 193 12 17 0.026477942 
790 238 21 25 0.02644674 
816 359 12 14 0.026327763 
508 191 15 19 0.0262369 
310 228 12 14 0.02614498 
224 179 11 13 0.026090402 
25 196 44 56 0.025911197 
265 249 18 20 0.025769524 
781 178 11 15 0.025667368 
304 239 12 14 0.025529293 
212 272 16 19 0.025506636 
790 302 11 12 0.02549322 
321 268 14 19 0.025459819 
477 194 14 18 0.025429955 
147 218 15 19 0.025355197 
693 188 11 16 0.02535503 
711 184 9 11 0.02522887 
486 348 11 13 0.025151046 
790 236 14 17 0.025133692 
710 196 9 13 0.025075627 
471 158 10 13 0.024979964 
279 222 22 26 0.024947044 
11 198 16 21 0.024830963 
513 431 11 12 0.024827166 
100 151 37 37 0.024814067 
220 268 15 18 0.02473416 
541 262 17 22 0.02465877 
591 194 9 13 0.024654849 
358 160 11 13 0.024535095 
140 222 24 31 0.024517095 
431 151 11 12 0.024475519 
920 177 12 13 0.024456425 
653 259 10 14 0.024395525 
559 152 7 9 0.024390329 
254 196 10 12 0.024347588 
956 211 12 15 0.024291124 
928 252 11 13 0.024257392 
656 422 12 14 0.024128644 
394 352 25 27 0.02403513 
861 241 16 19 0.023978557 
703 176 8 12 0.023942726 
330 246 13 15 0.023920238 
842 251 13 15 0.023907116 
356 202 12 16 0.023899822 
275 267 13 17 0.023886727 
288 205 10 13 0.023882765 
477 217 14 16 0.023857875 
295 244 26 25 0.023812404 
337 142 7 9 0.023799729 
661 244 13 14 0.02378704 
471 265 28 37 0.023736054 
406 235 12 16 0.023656156 
962 310 12 15 0.023608504 
692 234 12 14 0.023508083 
965 226 14 18 0.023500599 
562 211 11 14 0.023466274 
395 188 12 15 0.02339349 
773 282 15 18 0.023339277 
232 187 10 14 0.023316594 
611 196 15 19 0.02322076 
774 233 14 16 0.023104575 
708 205 10 14 0.023086777 
140 190 10 13 0.023068376 
357 281 15 21 0.023046957 
555 254 16 23 0.023022922 
126 142 10 11 0.022886971 
848 195 17 23 0.022865579 
877 183 11 15 0.022837214 
555 176 20 24 0.02281621 
299 306 28 33 0.022805221 
277 223 12 15 0.02274924 
865 258 17 20 0.022739947 
717 214 10 12 0.02268585 
134 151 11 13 0.02268075 
605 190 24 31 0.022520775 
936 219 11 14 0.022433022 
532 257 18 25 0.022414923 
616 253 9 12 0.022242486 
504 167 9 12 0.022229046 
586 182 19 25 0.022224654 
831 236 15 19 0.022100918 
218 221 10 12 0.022090744 
566 189 9 11 0.022071484 
501 205 15 20 0.022013132 
640 197 16 23 0.02200173 
58 144 7 9 0.02199862 
125 150 12 14 0.02197026 
328 209 11 16 0.021964287 
813 221 12 15 0.0218559 
273 203 10 12 0.021794606 
957 186 12 15 0.02178366 
289 175 8 11 0.021761073 
742 218 12 15 0.021681048 
349 268 15 17 0.021597601 
223 247 18 22 0.021590661 
860 223 24 30 0.021580145 
749 182 9 12 0.02154937 
975 183 14 15 0.021535804 
781 222 21 25 0.021503616 
481 278 24 32 0.02148933 
180 288 15 20 0.021474972 
764 178 22 30 0.02147271 
566 205 10 12 0.021438628 
870 242 22 28 0.021407338 
944 241 15 17 0.021396667 
320 176 9 11 0.021390604 
428 299 24 28 0.021384208 
537 160 8 9 0.02120782 
582 267 11 15 0.021129197 
231 168 12 14 0.021038052 
192 205 10 12 0.020989964 
666 309 21 27 0.020974932 
16 209 32 40 0.020969242 
146 238 17 22 0.020853067 
527 181 14 16 0.020803647 
779 241 16 18 0.020794574 
702 195 12 17 0.02078542 
597 174 11 12 0.020764085 
182 259 14 20 0.020636398 
785 189 20 24 0.020618763 
471 166 10 13 0.020583613 
175 188 9 13 0.020574182 
382 159 12 13 0.02052801 
661 195 23 28 0.020483678 
284 278 11 15 0.020370632 
193 198 9 11 0.020368531 
224 172 22 27 0.020347014 
726 222 10 13 0.020324176 
197 246 13 16 0.020261632 
750 202 11 16 0.02025825 
589 311 17 19 0.020250395 
903 188 22 26 0.020245748 
245 189 9 13 0.020241657 
771 211 21 28 0.020218357 
814 332 9 12 0.020173604 
830 250 13 16 0.020156862 
262 185 11 14 0.020150112 
509 165 9 11 0.020082878 
227 267 14 17 0.02004794 
837 195 18 24 0.020039324 
