10_People_Marching_People_Marching_2_34
3103
624 717 34 43 0.99933124 
994 721 31 42 0.9958228 
714 702 23 30 0.9943869 
589 688 25 31 0.99129325 
670 708 22 32 0.98569494 
525 710 31 38 0.9823291 
165 633 13 16 0.9713029 
397 657 17 22 0.9639297 
455 637 12 15 0.96229815 
101 683 16 19 0.9609208 
174 689 14 19 0.95479333 
341 643 13 16 0.93592453 
866 722 28 33 0.92615193 
38 684 15 18 0.92532796 
835 670 21 28 0.9127533 
403 720 18 27 0.9093578 
85 734 22 28 0.874826 
370 642 12 16 0.85524064 
513 687 22 31 0.83642113 
811 642 12 16 0.82642436 
662 669 16 18 0.7943139 
244 643 12 16 0.7705383 
263 671 9 12 0.7628973 
751 611 10 13 0.74355555 
950 667 14 19 0.72432077 
249 581 9 12 0.71640867 
714 659 14 18 0.61537856 
305 715 18 25 0.6142144 
449 684 14 18 0.61312866 
32 621 10 12 0.6033836 
342 574 8 10 0.59704113 
127 606 8 11 0.585065 
307 625 11 15 0.56485087 
276 584 9 11 0.5645994 
821 611 10 13 0.54722744 
189 575 9 11 0.53539693 
63 637 13 16 0.52641934 
92 619 11 13 0.5115517 
101 557 8 11 0.50030154 
80 599 10 12 0.49362805 
141 682 14 18 0.48839417 
838 611 12 15 0.47502363 
605 623 8 12 0.46714416 
463 660 13 17 0.45453086 
218 671 13 16 0.45154738 
424 694 11 15 0.45056534 
37 648 14 17 0.44836277 
384 671 15 20 0.42849928 
294 568 9 11 0.42252946 
465 592 8 10 0.41523212 
623 629 9 11 0.40490052 
377 583 7 9 0.38211107 
888 684 18 21 0.37932187 
578 612 9 13 0.3676785 
780 659 15 21 0.36648628 
665 612 10 12 0.35138986 
822 591 8 10 0.3507275 
341 607 11 14 0.349183 
705 681 16 20 0.34616727 
445 590 8 10 0.34557864 
745 552 8 11 0.34176356 
552 623 10 12 0.33606172 
815 588 9 11 0.33448872 
536 599 7 10 0.33064264 
301 678 15 18 0.32434136 
301 589 8 10 0.3233868 
527 690 24 32 0.31904754 
102 606 8 11 0.31727105 
958 568 9 11 0.31597596 
374 416 7 9 0.31241548 
995 542 12 16 0.30830425 
379 558 7 10 0.30541822 
361 549 9 11 0.30537564 
799 573 8 10 0.3048285 
761 747 27 29 0.30420917 
437 630 9 10 0.29995546 
664 532 8 11 0.29970172 
318 644 10 15 0.29960495 
999 655 11 16 0.29834333 
205 582 8 11 0.29778627 
534 624 9 12 0.29742306 
315 688 13 20 0.2960161 
898 566 9 11 0.29570103 
591 643 8 11 0.29335344 
507 645 11 13 0.29289532 
964 596 12 15 0.29259777 
942 597 13 16 0.29048112 
888 478 7 10 0.2889924 
71 565 9 11 0.28802818 
119 572 8 10 0.28580064 
474 423 7 9 0.2788234 
459 528 8 10 0.27748626 
638 669 13 17 0.26847085 
776 630 10 12 0.2639664 
971 648 16 22 0.25750807 
617 544 7 10 0.2540721 
415 598 9 11 0.25361127 
864 480 7 10 0.2531191 
855 633 13 16 0.25046906 
760 527 7 9 0.24887052 
629 693 22 26 0.24765538 
128 454 7 9 0.2456879 
247 563 9 12 0.2456126 
594 575 7 11 0.24555844 
784 548 7 9 0.24539322 
321 565 8 11 0.24489726 
841 480 7 9 0.24303976 
192 566 9 10 0.24094088 
525 583 8 11 0.23768519 
776 399 8 10 0.2338505 
280 564 10 12 0.2331789 
268 612 11 14 0.2316578 
750 553 7 9 0.2304932 
975 444 7 11 0.23022337 
925 658 16 25 0.22968006 
110 510 8 10 0.22741036 
325 565 8 10 0.2254458 
336 549 7 10 0.22389708 
488 599 8 11 0.22387527 
326 560 8 11 0.22042403 
764 591 8 10 0.21985579 
656 652 13 16 0.21663794 
646 492 8 10 0.21564656 
73 604 9 12 0.21446325 
582 608 9 12 0.21339622 
366 567 7 9 0.20982976 
224 544 7 9 0.20933224 
283 487 7 9 0.2079464 
350 533 8 10 0.20742466 
424 576 7 9 0.20735332 
874 518 7 10 0.20435306 
360 544 8 10 0.20346266 
498 591 8 10 0.20307311 
225 495 7 9 0.20173872 
679 481 7 10 0.20130853 
1011 587 10 14 0.20074853 
904 455 7 10 0.19945511 
458 582 7 10 0.19940823 
149 463 8 10 0.19924325 
257 590 9 13 0.19915684 
735 583 8 10 0.1989327 
912 549 8 10 0.19873825 
778 588 9 11 0.19732468 
505 623 10 13 0.19530281 
160 493 7 9 0.19477268 
423 439 8 11 0.19459796 
458 458 7 8 0.19171268 
842 445 8 11 0.18993486 
278 543 7 9 0.18912376 
12 622 9 11 0.18852867 
1014 533 9 13 0.18833426 
104 645 12 16 0.18569927 
697 568 7 9 0.1856602 
559 612 9 12 0.1846971 
991 523 11 12 0.18315136 
770 480 8 9 0.18184282 
611 666 13 15 0.18145317 
1012 501 9 12 0.18122862 
199 526 8 10 0.18111275 
145 624 10 12 0.18065743 
225 612 9 13 0.18064171 
389 620 12 14 0.17953469 
55 576 9 11 0.17767218 
440 527 6 9 0.17762703 
979 652 13 17 0.17724226 
736 359 9 10 0.17672092 
278 628 9 12 0.1747386 
207 550 7 10 0.17391491 
623 582 8 10 0.17283092 
229 595 10 12 0.17230234 
632 606 7 11 0.1717384 
662 503 8 10 0.17160483 
811 587 8 11 0.17029952 
505 401 7 9 0.17029071 
801 487 7 10 0.17000578 
25 485 8 9 0.16992706 
405 423 7 9 0.16957515 
629 520 8 10 0.1695587 
881 416 7 10 0.16931985 
864 430 7 9 0.16895965 
399 472 7 9 0.1683765 
425 619 9 11 0.16827223 
640 445 7 9 0.16765057 
385 590 7 10 0.16763063 
408 550 7 9 0.16727045 
324 646 11 14 0.1671765 
432 391 8 9 0.16631986 
342 591 8 10 0.1654957 
23 540 9 11 0.16489574 
313 470 8 10 0.16467199 
273 543 9 11 0.16390793 
521 454 7 9 0.16360572 
914 521 7 10 0.16284114 
502 599 8 11 0.16252193 
591 580 9 11 0.16203667 
521 647 9 12 0.16118689 
286 559 8 10 0.16109248 
66 560 9 11 0.15958545 
785 431 6 9 0.15953408 
623 600 7 11 0.15849748 
803 390 7 9 0.15847576 
279 456 7 10 0.1581837 
815 504 8 9 0.15729114 
463 568 8 10 0.1565709 
265 486 8 10 0.15640554 
557 502 8 10 0.15611815 
853 726 27 33 0.1555953 
750 496 7 10 0.15531182 
753 575 7 11 0.15501699 
813 585 9 11 0.15461712 
440 409 7 9 0.15430918 
511 406 8 9 0.15386629 
513 525 8 10 0.15340231 
837 368 8 9 0.15323718 
921 576 9 11 0.15261742 
830 432 7 9 0.15253526 
383 622 10 13 0.15181354 
253 645 11 16 0.15009604 
241 638 12 15 0.14955151 
586 476 7 10 0.14925973 
990 600 13 17 0.14918908 
376 623 9 12 0.14899237 
785 469 7 9 0.14893666 
574 384 7 10 0.1485817 
245 600 8 10 0.14816746 
1007 629 11 13 0.14799653 
866 416 7 8 0.14702006 
559 591 10 13 0.14671412 
756 608 10 13 0.14665839 
730 470 8 10 0.14653194 
752 683 17 20 0.14649953 
566 589 7 10 0.14568089 
260 595 9 11 0.1442343 
838 500 8 11 0.14405386 
79 464 6 9 0.14354132 
422 532 7 10 0.14325786 
632 613 8 10 0.14322998 
77 635 12 15 0.14260922 
450 400 6 9 0.14256887 
63 630 11 14 0.14231727 
846 646 14 17 0.142298 
308 682 15 21 0.14206865 
417 528 8 10 0.14158529 
391 472 7 10 0.14155416 
163 472 6 9 0.13996053 
749 513 7 10 0.13980877 
816 575 7 8 0.13959847 
311 642 13 16 0.13940503 
389 637 11 13 0.13881941 
555 384 6 8 0.1387983 
840 584 8 10 0.13867769 
472 621 10 12 0.13786486 
825 463 8 10 0.13763139 
386 473 7 11 0.13740608 
296 585 9 11 0.13734318 
866 558 8 10 0.13657226 
830 462 7 10 0.13656163 
637 582 8 10 0.13608523 
350 608 9 12 0.13575593 
228 732 12 16 0.13513847 
462 456 7 9 0.13505742 
677 568 8 10 0.13497394 
153 439 8 9 0.13480291 
562 710 26 36 0.13478981 
657 559 9 13 0.1346629 
7 525 8 10 0.13460012 
219 505 7 9 0.13411285 
560 676 17 20 0.13361578 
255 441 6 9 0.13271706 
16 520 9 11 0.13258731 
619 630 8 11 0.13188273 
675 519 6 9 0.13176048 
360 415 7 9 0.13168651 
849 520 8 10 0.1313807 
577 599 8 10 0.1312454 
665 488 7 9 0.13112451 
454 549 7 9 0.13088197 
431 548 7 10 0.13025317 
535 566 8 9 0.12999684 
936 516 8 11 0.12984893 
174 716 13 21 0.12984668 
768 448 7 10 0.12979697 
326 440 7 10 0.12973966 
1002 659 13 18 0.1291241 
465 447 7 8 0.12892862 
338 606 9 12 0.12881361 
517 504 7 10 0.128129 
98 439 7 9 0.12798539 
894 638 15 19 0.12793359 
624 511 7 9 0.1272018 
13 583 9 11 0.12710448 
990 627 12 15 0.12698294 
774 479 7 9 0.12692828 
492 657 13 19 0.1266567 
598 391 8 9 0.1263883 
608 495 8 9 0.12627354 
672 452 7 10 0.12619953 
406 431 7 10 0.12605967 
473 428 8 10 0.12603226 
457 422 7 9 0.1259072 
657 576 7 10 0.12538433 
328 543 8 10 0.12527066 
586 375 7 9 0.124953166 
423 445 8 10 0.12472504 
589 477 8 10 0.12427981 
417 533 8 10 0.124042995 
344 688 22 26 0.12390386 
313 613 10 12 0.123851 
1 464 8 12 0.12319132 
279 399 7 8 0.12306971 
16 573 8 10 0.12300725 
423 418 7 9 0.12259049 
407 599 8 10 0.122543775 
192 376 7 8 0.12249584 
908 589 10 13 0.122340076 
442 590 8 11 0.12139479 
658 505 7 9 0.12129191 
592 496 6 10 0.12090698 
218 390 7 9 0.120740674 
227 676 14 19 0.12073966 
862 649 13 18 0.12064181 
707 590 8 11 0.12053743 
594 392 7 9 0.120385624 
49 533 9 11 0.11969391 
503 432 7 9 0.119321525 
392 527 7 9 0.11891085 
198 518 8 10 0.118816905 
169 566 9 11 0.11843022 
807 511 7 9 0.11824129 
66 449 6 8 0.11807138 
785 424 7 9 0.11795509 
777 404 8 10 0.11788441 
621 650 13 16 0.11777853 
296 496 7 8 0.117617406 
896 571 12 13 0.11752245 
686 551 8 10 0.11740096 
632 583 8 10 0.11727936 
704 598 8 10 0.11696924 
342 447 7 8 0.11683917 
425 432 8 10 0.11665935 
962 603 11 13 0.116434366 
329 731 18 21 0.11634226 
791 406 8 10 0.11615026 
7 446 8 11 0.1161162 
616 471 7 9 0.116097234 
209 454 6 8 0.116095744 
137 510 8 10 0.11592033 
849 416 7 9 0.11585918 
1014 570 10 14 0.115432374 
425 549 7 9 0.11533572 
674 572 8 10 0.11443553 
63 622 9 11 0.11421621 
734 471 7 9 0.11420775 
473 552 7 8 0.11386329 
464 407 7 9 0.11351661 
1012 604 10 15 0.11345679 
856 487 7 9 0.11321415 
517 525 8 10 0.113155864 
377 440 6 8 0.113155745 
293 603 9 12 0.11313239 
656 509 7 9 0.11309508 
448 613 9 12 0.11293596 
781 584 7 10 0.11274131 
792 401 7 9 0.11252727 
824 485 8 10 0.11163074 
719 581 8 10 0.11125516 
535 430 7 9 0.11106249 
520 391 7 9 0.11101023 
678 521 8 9 0.110933356 
414 478 7 10 0.11081644 
432 590 8 11 0.110489726 
617 581 7 10 0.110019505 
829 456 8 9 0.110014066 
152 592 8 11 0.109639265 
495 653 11 15 0.109073594 
77 567 8 10 0.108810164 
663 464 6 8 0.10863737 
529 414 8 10 0.1082082 
1007 567 11 15 0.107548505 
429 617 8 9 0.10713441 
639 565 8 10 0.10712467 
185 470 7 10 0.107063 
522 653 10 12 0.10700609 
568 424 7 9 0.1069352 
12 548 9 12 0.10680492 
335 545 8 9 0.10673541 
445 659 12 16 0.10632016 
826 431 8 10 0.10619918 
747 656 12 17 0.106037475 
568 536 8 11 0.10592717 
880 422 7 8 0.10592002 
849 400 7 9 0.10587843 
488 440 7 9 0.10563829 
545 567 9 11 0.10555836 
728 510 7 10 0.10526047 
846 480 7 9 0.105059266 
721 534 8 11 0.1049824 
735 531 8 11 0.10480506 
143 650 13 16 0.10474781 
929 566 7 11 0.10444192 
591 589 7 9 0.10422799 
913 525 6 8 0.10406472 
583 679 14 18 0.10405608 
1007 584 11 15 0.103884496 
784 614 10 12 0.10367894 
918 520 8 10 0.10318873 
147 542 8 10 0.10287503 
334 500 8 11 0.10257149 
769 359 7 9 0.10247284 
199 432 7 9 0.10246593 
985 589 11 12 0.10243581 
825 480 8 10 0.10235047 
407 437 7 10 0.101500176 
702 569 7 9 0.1010922 
502 384 9 10 0.10080469 
447 596 8 10 0.100649886 
903 536 7 9 0.10063193 
425 582 7 9 0.10060004 
876 621 9 11 0.10058198 
767 657 12 17 0.10043874 
439 488 8 9 0.100417756 
518 660 11 14 0.10026168 
984 595 13 16 0.09974682 
191 424 7 9 0.09974095 
747 615 8 11 0.099701315 
470 446 7 10 0.099670604 
455 400 7 9 0.09962672 
388 667 15 19 0.09954981 
566 565 7 10 0.099335834 
897 561 9 11 0.099220045 
975 519 10 13 0.0992016 
333 699 16 19 0.09907296 
730 465 7 10 0.098898895 
856 566 8 9 0.09865605 
629 702 29 35 0.09862482 
671 511 6 9 0.0984773 
338 447 7 9 0.09847472 
776 665 14 19 0.09833427 
856 606 9 12 0.09812147 
429 621 9 12 0.09811989 
347 534 8 10 0.09780161 
147 627 11 14 0.0974301 
905 317 10 12 0.09734006 
376 400 7 8 0.09713642 
817 608 9 12 0.09686361 
854 423 7 9 0.096856855 
618 599 7 10 0.09645204 
26 559 8 10 0.09643279 
303 668 14 18 0.09632881 
660 564 9 12 0.0962962 
614 495 7 9 0.09610267 
353 447 7 9 0.09602491 
626 518 8 10 0.09591667 
444 584 9 10 0.09569282 
743 438 6 9 0.095643006 
616 653 11 13 0.09556194 
184 606 9 11 0.095376775 
695 679 21 25 0.09531926 
773 326 9 11 0.09493956 
257 426 7 9 0.094802044 
725 621 9 11 0.09479462 
834 558 7 10 0.09476429 
399 559 7 9 0.094655775 
870 430 7 9 0.09462499 
864 461 8 10 0.09453029 
134 496 7 9 0.09452305 
439 414 7 9 0.09451179 
352 589 9 11 0.09435103 
839 399 7 9 0.09432496 
367 440 7 9 0.0942918 
592 382 7 9 0.09411963 
361 408 6 8 0.09406004 
425 472 7 8 0.093985304 
746 495 8 11 0.0939401 
217 543 7 10 0.09389381 
501 650 13 16 0.093856156 
143 517 8 10 0.09385357 
361 439 7 10 0.09382299 
400 432 8 9 0.09375434 
133 607 8 11 0.09363853 
669 532 7 10 0.093564704 
48 637 9 12 0.09352504 
127 556 7 10 0.093511134 
910 504 7 10 0.09343142 
888 416 7 10 0.09342644 
122 551 7 10 0.09327438 
784 391 6 8 0.09295718 
503 453 8 10 0.092816174 
888 472 7 10 0.09276273 
440 533 7 9 0.09267514 
654 544 7 9 0.09234232 
680 558 7 9 0.09218119 
902 560 8 11 0.09203887 
802 431 7 10 0.09193015 
650 456 7 9 0.091850415 
177 600 8 11 0.09155247 
497 414 7 9 0.09145617 
150 607 8 11 0.09130782 
305 438 7 8 0.0912681 
504 603 9 11 0.0909907 
806 488 7 10 0.09090251 
166 471 7 9 0.090745 
257 470 8 10 0.090663224 
743 573 8 11 0.090560764 
13 544 8 10 0.09047967 
239 446 6 9 0.09023827 
98 551 9 12 0.09017895 
654 637 9 12 0.090155594 
856 455 8 9 0.090120554 
544 691 22 28 0.089938395 
385 535 8 10 0.08974227 
745 516 7 10 0.08970974 
22 573 8 11 0.08956755 
753 446 6 9 0.08946732 
29 479 8 10 0.08933819 
406 591 8 9 0.08905753 
478 416 8 10 0.088971265 
1006 636 12 15 0.08884868 
313 465 8 9 0.08841172 
446 608 8 10 0.08826855 
486 660 12 20 0.088055745 
304 391 6 9 0.08794133 
14 495 8 9 0.08783555 
343 569 8 10 0.087666884 
511 582 7 9 0.08766424 
733 604 10 13 0.08760766 
737 433 7 8 0.087513246 
929 528 8 10 0.08745515 
34 518 8 10 0.08740764 
661 575 7 10 0.08715802 
854 623 11 14 0.0871211 
134 544 7 9 0.0869956 
274 415 8 9 0.086847536 
879 729 17 22 0.08681616 
473 417 7 9 0.08679819 
824 510 8 10 0.08665825 
319 663 11 14 0.08664959 
258 466 7 8 0.08656919 
627 376 7 9 0.086377546 
126 552 8 10 0.08636647 
105 342 8 10 0.086262584 
626 407 7 9 0.0860572 
151 511 7 9 0.08598552 
520 567 7 10 0.08595054 
634 424 7 9 0.08578556 
267 510 8 11 0.08572641 
248 478 7 10 0.085559815 
721 636 9 11 0.08552401 
230 659 14 17 0.08537097 
866 407 6 9 0.08518774 
806 606 8 11 0.08508585 
768 525 8 11 0.08472871 
571 384 6 9 0.0846953 
144 608 9 10 0.08464446 
497 431 8 9 0.084359415 
901 630 11 14 0.08426332 
743 477 8 11 0.08425984 
158 439 7 9 0.08417675 
825 469 8 10 0.08412416 
425 400 8 10 0.08408412 
304 433 8 9 0.08393094 
314 719 15 22 0.08379138 
735 464 6 9 0.083687074 
544 399 8 10 0.083473265 
221 503 8 10 0.08340103 
274 462 8 9 0.08306988 
737 351 7 9 0.08298583 
287 566 10 11 0.08261946 
318 469 7 9 0.08233994 
286 627 10 13 0.08232632 
880 574 8 11 0.08226417 
704 573 7 10 0.08218273 
504 414 8 10 0.08213937 
391 590 8 10 0.08210999 
850 406 7 9 0.08204153 
553 510 7 9 0.081976704 
833 501 8 10 0.08177028 
495 464 7 10 0.081716985 
784 439 7 9 0.08155196 
664 494 7 9 0.08147929 
630 601 8 10 0.081418455 
855 430 8 10 0.081325844 
206 587 8 12 0.08127534 
191 406 7 10 0.081197895 
271 620 10 13 0.081145205 
23 566 9 11 0.08112416 
174 423 7 10 0.0806888 
520 450 7 9 0.08057781 
726 631 8 11 0.0801123 
705 583 8 10 0.0800667 
113 568 8 10 0.08003053 
222 525 7 10 0.07983885 
257 392 6 9 0.07980204 
441 609 7 9 0.07974734 
482 599 7 10 0.079713486 
553 423 8 10 0.079655915 
370 415 7 9 0.07950991 
47 527 10 12 0.07947853 
38 518 8 11 0.079463534 
770 390 6 9 0.0793666 
384 433 7 9 0.07925391 
880 688 22 24 0.07915032 
191 607 9 12 0.07912366 
439 625 9 11 0.07911727 
169 504 7 9 0.07897138 
774 526 8 10 0.07889811 
32 551 8 11 0.078861326 
825 423 8 10 0.078773655 
734 502 7 9 0.078755036 
925 607 11 14 0.078751475 
591 500 8 10 0.078701414 
896 473 7 8 0.07847181 
791 519 9 11 0.07815605 
496 597 9 12 0.078137785 
103 519 8 9 0.07806642 
537 527 7 9 0.077951826 
200 611 8 12 0.07782902 
834 553 7 9 0.0777803 
111 480 7 10 0.0776129 
415 487 8 10 0.07756401 
496 525 6 9 0.077164285 
929 447 8 9 0.07713419 
582 543 7 7 0.07708433 
463 573 8 10 0.077081256 
758 582 9 11 0.07699949 
904 448 7 9 0.076967694 
30 583 8 10 0.07693925 
488 407 7 9 0.07664029 
848 590 9 11 0.0766286 
785 447 7 8 0.076585926 
807 600 8 9 0.076401316 
460 631 10 13 0.076345146 
103 455 7 9 0.07629311 
619 577 7 10 0.07624808 
633 504 7 9 0.07610772 
687 605 8 11 0.07607602 
865 401 7 9 0.075967625 
318 464 8 10 0.07590412 
359 636 9 12 0.075791486 
656 526 8 11 0.075622745 
447 407 8 9 0.07544532 
623 549 7 9 0.07538071 
589 375 8 10 0.075355224 
274 688 13 19 0.07531309 
568 448 7 9 0.075310946 
784 607 9 11 0.07506688 
678 448 7 10 0.07499504 
629 623 9 11 0.07487993 
10 502 8 11 0.074838616 
210 376 7 8 0.07479718 
712 691 20 28 0.07472938 
990 503 8 10 0.07470708 
340 598 10 12 0.07470019 
273 536 8 10 0.07462657 
912 495 7 8 0.07455423 
71 502 9 10 0.07452452 
896 410 6 8 0.07428185 
96 374 8 10 0.07414019 
655 647 12 14 0.07409215 
320 543 7 9 0.07393694 
464 416 7 9 0.07385874 
5 464 8 11 0.07385045 
250 503 8 10 0.07377651 
313 415 7 8 0.073732786 
454 508 8 10 0.07370567 
221 691 11 13 0.073624864 
448 455 6 9 0.073420666 
430 583 7 8 0.07341719 
465 441 7 9 0.07332472 
790 415 7 10 0.073226735 
936 541 8 10 0.073114194 
357 685 15 18 0.07310233 
711 630 8 11 0.073008 
472 582 8 10 0.07290794 
668 609 10 12 0.07280475 
255 445 7 10 0.07273772 
513 376 7 9 0.07273492 
935 497 7 10 0.072645254 
874 597 9 12 0.07261155 
642 494 8 10 0.07259067 
705 606 8 11 0.07246811 
825 447 7 10 0.072411574 
695 667 14 17 0.07232025 
590 471 8 12 0.07227312 
801 726 21 30 0.07205957 
622 576 8 11 0.07200268 
510 616 9 11 0.071967006 
128 584 8 10 0.071895584 
554 488 7 10 0.071827374 
850 423 7 9 0.07180175 
565 651 11 15 0.07177635 
199 393 8 9 0.07169948 
942 542 7 10 0.07168951 
625 524 9 12 0.07167336 
504 639 11 14 0.07160787 
823 528 8 9 0.07151418 
988 583 10 12 0.0714507 
56 629 9 12 0.071270004 
222 424 7 9 0.071247585 
215 568 9 12 0.07123269 
1 487 8 12 0.071221426 
296 519 7 9 0.0711994 
854 520 7 10 0.07100488 
495 638 9 12 0.07076971 
214 375 6 9 0.070597894 
343 558 8 11 0.07053863 
567 429 7 10 0.070522025 
448 473 6 8 0.07048474 
359 391 6 8 0.07035688 
944 454 7 9 0.07022438 
55 480 7 10 0.070180625 
390 535 8 9 0.0701718 
550 573 8 10 0.07006693 
654 550 7 9 0.069780745 
392 606 8 11 0.06974627 
530 624 8 10 0.069745116 
512 439 7 9 0.06974019 
207 448 7 10 0.06973662 
263 398 7 9 0.06964703 
24 504 7 10 0.0696426 
502 551 7 10 0.06930885 
766 596 8 11 0.069300205 
197 559 9 11 0.06895513 
880 461 7 9 0.068901554 
204 606 10 11 0.068901144 
71 573 9 11 0.06889466 
560 565 9 11 0.06887876 
136 447 7 10 0.06871554 
479 399 8 9 0.068665534 
41 431 6 8 0.068455614 
631 479 7 9 0.06835232 
768 613 8 11 0.06823264 
509 668 13 16 0.06821384 
416 493 8 9 0.06816008 
392 437 7 10 0.06814617 
622 544 7 10 0.06804932 
856 449 7 8 0.06802922 
627 401 6 9 0.06797293 
654 630 10 12 0.06793284 
657 463 7 8 0.06789172 
114 574 8 10 0.06783563 
159 552 7 10 0.067693055 
537 502 7 10 0.067692794 
14 502 8 10 0.06753412 
772 651 13 19 0.06746208 
272 471 7 9 0.067395575 
28 598 10 12 0.0673041 
200 511 8 10 0.06724287 
515 704 29 40 0.067097306 
959 560 8 9 0.06708049 
934 560 9 11 0.06707486 
850 391 6 9 0.06705035 
840 393 7 9 0.06702605 
936 440 7 9 0.06684595 
107 511 7 10 0.0667277 
167 606 8 10 0.066637814 
974 423 7 10 0.06663223 
462 391 7 9 0.06658433 
21 524 9 11 0.06657346 
457 417 7 10 0.06649065 
594 568 7 10 0.06629808 
416 382 7 9 0.06628334 
927 431 6 9 0.06619966 
810 712 17 23 0.066067904 
574 448 7 9 0.06604333 
654 622 9 10 0.06600582 
554 591 9 12 0.065987974 
7 487 8 10 0.06598429 
936 602 13 19 0.06593034 
55 462 7 10 0.06587945 
430 433 8 9 0.06586906 
877 519 8 9 0.065867715 
944 558 7 10 0.065865256 
714 440 8 10 0.06584224 
151 549 8 10 0.065798506 
269 517 8 11 0.06575911 
47 463 7 9 0.06570098 
693 510 7 10 0.06568944 
861 607 8 12 0.06559373 
448 415 7 9 0.06558473 
654 520 8 10 0.06556638 
135 502 8 10 0.065543704 
158 597 8 10 0.06551244 
383 607 7 11 0.06549927 
631 588 9 11 0.065459475 
991 535 12 15 0.06539193 
671 527 7 9 0.065314025 
544 404 8 10 0.06520163 
630 381 7 9 0.06507197 
480 628 10 12 0.06506026 
1 526 8 11 0.0650338 
400 590 7 9 0.06492881 
308 636 13 17 0.06482212 
623 463 7 9 0.06480421 
478 376 7 10 0.06479962 
845 606 10 12 0.06477448 
126 568 8 10 0.0646161 
688 591 9 11 0.06458652 
774 614 9 11 0.064453304 
266 668 12 16 0.06439998 
904 430 7 9 0.0643989 
767 509 7 10 0.06436105 
15 487 7 10 0.06435599 
183 489 8 10 0.06433199 
575 454 6 9 0.06430705 
9 545 9 11 0.06422714 
41 470 7 9 0.064135656 
336 693 23 25 0.06412367 
766 503 8 11 0.06408361 
390 615 10 12 0.06403785 
954 571 12 15 0.06392716 
856 612 10 13 0.06392051 
831 591 8 9 0.06391618 
328 400 7 8 0.06391357 
184 440 7 9 0.06386101 
48 479 8 10 0.06384621 
983 636 10 12 0.06380982 
623 504 7 9 0.06376824 
201 413 7 10 0.06367702 
785 535 7 9 0.06367134 
498 383 8 9 0.06360906 
889 504 7 10 0.0635728 
70 376 7 10 0.06356686 
696 457 7 8 0.063563034 
415 472 7 9 0.06351662 
608 662 11 15 0.06349554 
200 576 9 10 0.06345598 
582 620 9 12 0.06336068 
841 464 7 10 0.0632999 
854 505 7 9 0.06327307 
42 464 6 8 0.06320355 
865 550 9 12 0.06311206 
769 484 7 10 0.06306433 
856 384 7 9 0.06302346 
296 502 8 9 0.06301494 
543 623 9 12 0.06301047 
337 592 9 10 0.06295336 
104 462 7 9 0.06289765 
984 400 7 9 0.06289244 
874 385 6 8 0.062892124 
769 521 7 9 0.06283038 
513 447 6 9 0.0627739 
824 319 8 10 0.06272031 
650 519 7 10 0.06271946 
255 478 8 10 0.06269111 
807 517 7 10 0.06268073 
327 550 8 10 0.06266668 
345 407 6 9 0.06263208 
789 607 9 11 0.06259917 
675 479 7 10 0.06257791 
0 558 7 13 0.06254836 
489 464 8 9 0.06253278 
477 621 10 13 0.06250913 
850 343 8 10 0.062462706 
846 583 9 11 0.062292837 
169 392 7 9 0.062282454 
825 729 19 29 0.062269587 
806 431 7 10 0.06223256 
471 440 7 9 0.0621623 
831 437 7 9 0.062097084 
191 400 8 9 0.06207536 
125 635 13 16 0.0620168 
654 457 7 8 0.061980914 
832 392 7 8 0.061936494 
273 456 8 11 0.061917767 
825 383 7 9 0.061815076 
358 606 7 10 0.061758235 
863 439 7 9 0.06170025 
849 486 7 9 0.061694745 
342 580 9 12 0.061566677 
871 460 8 11 0.061428547 
661 663 14 17 0.061378006 
527 576 7 9 0.061375275 
66 383 7 9 0.061256777 
134 382 7 9 0.06123433 
489 392 7 9 0.061196767 
791 511 9 10 0.061191626 
768 544 7 8 0.06118779 
104 431 7 9 0.061047804 
599 447 8 9 0.06103896 
1013 506 9 13 0.06102724 
293 628 11 14 0.06098778 
201 471 7 9 0.06096183 
633 677 22 29 0.060902975 
408 544 8 9 0.060864348 
287 481 8 9 0.060862925 
393 552 7 9 0.06074547 
375 391 7 9 0.060739763 
406 416 8 9 0.060708072 
1002 567 10 13 0.06069824 
474 375 8 10 0.060686972 
399 543 8 10 0.060670517 
744 473 7 9 0.060634576 
801 437 7 10 0.060528174 
70 430 8 10 0.06047591 
663 510 8 9 0.060421314 
816 543 8 12 0.06033949 
323 439 6 9 0.060338102 
496 647 10 13 0.060337085 
871 416 7 8 0.06032802 
327 486 6 9 0.06032515 
221 509 8 11 0.060272355 
272 547 9 11 0.060230833 
455 439 7 10 0.060170468 
348 639 11 13 0.06011609 
809 504 7 10 0.059951536 
792 526 8 10 0.05991442 
667 455 6 8 0.059882216 
344 472 8 10 0.059861306 
904 460 7 9 0.05984742 
330 500 8 10 0.059846863 
178 455 7 10 0.05984665 
608 479 8 9 0.059790164 
825 455 8 10 0.059777644 
790 464 7 10 0.059774723 
970 424 7 10 0.05956089 
353 422 7 9 0.05953055 
850 384 7 9 0.059484884 
481 470 7 9 0.059328597 
473 381 9 10 0.05930757 
560 400 7 9 0.059232328 
928 560 8 10 0.059214078 
104 600 8 11 0.05920147 
940 607 15 18 0.059175584 
807 422 7 10 0.05905756 
232 393 7 8 0.059032433 
847 535 8 10 0.05895023 
599 598 8 10 0.05889041 
70 620 9 12 0.058880318 
368 590 7 9 0.058874566 
558 366 8 10 0.058865547 
197 650 12 16 0.05876296 
600 408 8 9 0.05875917 
160 557 7 9 0.05852634 
145 454 7 9 0.05847672 
186 400 7 9 0.058461137 
254 551 8 10 0.0584287 
575 501 7 9 0.05834646 
727 612 10 13 0.05831401 
752 534 7 9 0.058301307 
775 520 7 9 0.058273964 
71 496 8 11 0.058221314 
128 589 10 11 0.058208257 
825 436 8 10 0.05818225 
495 468 7 10 0.05815677 
538 480 6 8 0.058134075 
815 621 10 13 0.05812196 
520 383 7 9 0.058114577 
520 575 8 10 0.058082078 
312 453 6 9 0.0580272 
177 462 7 10 0.058019247 
775 392 7 9 0.057953782 
143 468 9 11 0.057937887 
310 438 7 9 0.0579308 
877 696 17 21 0.05787754 
626 480 8 9 0.057747852 
319 719 21 28 0.05771369 
383 437 7 10 0.05771241 
254 565 8 11 0.057697844 
841 484 7 10 0.05769288 
697 462 6 8 0.057613518 
177 620 9 12 0.05760961 
849 431 7 9 0.05754958 
528 409 8 10 0.057493433 
744 619 9 11 0.057467755 
577 432 7 9 0.05742795 
73 454 7 9 0.057398885 
418 440 8 10 0.05734843 
639 472 7 9 0.05732058 
368 630 11 14 0.057283647 
639 510 8 9 0.057239357 
352 440 8 10 0.05723658 
778 464 8 10 0.057211354 
233 377 7 8 0.057182312 
455 486 9 10 0.05717777 
263 464 7 8 0.05713156 
135 677 14 18 0.056946237 
762 384 6 9 0.056919295 
373 626 11 15 0.05687613 
312 607 10 12 0.05686114 
401 392 7 9 0.056794677 
730 583 8 10 0.05678709 
288 535 7 10 0.056784064 
681 551 8 11 0.056778274 
465 472 7 8 0.056764103 
642 489 7 9 0.0566979 
473 544 7 9 0.05665225 
217 456 6 8 0.05661616 
407 604 9 11 0.056544002 
414 674 10 14 0.056422774 
176 440 7 8 0.05638991 
807 614 9 11 0.056275446 
455 405 7 9 0.05627014 
1009 532 10 14 0.056211676 
450 432 6 9 0.0562071 
830 425 7 9 0.056108247 
439 493 8 10 0.056091156 
734 496 8 10 0.056032456 
690 503 7 10 0.056025617 
971 446 8 10 0.055985115 
620 676 14 18 0.055958822 
296 615 9 11 0.055941734 
134 377 7 9 0.055939917 
553 431 7 9 0.055931818 
722 480 7 9 0.055906963 
498 448 7 9 0.05582657 
630 400 7 9 0.055762853 
220 682 15 19 0.05575783 
113 382 8 9 0.05574882 
833 566 8 11 0.05571039 
335 692 13 18 0.05565181 
554 455 7 9 0.05562863 
206 494 7 9 0.055571143 
694 584 7 9 0.0555645 
223 549 8 10 0.055548023 
952 558 8 9 0.055495415 
514 508 7 10 0.05548413 
446 567 7 10 0.05546397 
952 580 12 14 0.055389997 
879 458 7 9 0.055375457 
430 577 7 9 0.055223837 
799 628 11 13 0.055134937 
223 429 6 9 0.055105634 
305 479 7 8 0.0550389 
408 583 8 10 0.055007394 
410 488 7 10 0.05498866 
354 416 7 10 0.054734927 
901 479 7 9 0.05463341 
559 455 7 9 0.054588247 
448 477 7 10 0.054527648 
568 481 7 9 0.054444812 
358 590 9 10 0.05443711 
841 439 9 11 0.0544181 
71 614 10 13 0.05441028 
253 559 8 11 0.05437379 
405 697 13 17 0.05435248 
607 501 8 10 0.054346405 
996 612 12 15 0.054317106 
889 334 10 11 0.05430511 
264 492 8 11 0.054268785 
807 621 10 12 0.054266438 
881 440 7 9 0.05425166 
895 423 7 9 0.054214727 
801 424 7 8 0.054191615 
850 366 7 10 0.054147895 
65 424 7 9 0.054123867 
768 453 7 10 0.054121967 
830 480 7 9 0.05407584 
446 619 12 14 0.05404664 
578 693 27 35 0.054034904 
587 368 6 8 0.053977042 
927 512 9 11 0.053960267 
181 600 9 11 0.053944718 
364 706 13 17 0.053923305 
864 423 8 10 0.053876292 
382 583 8 10 0.053859554 
41 438 7 10 0.053830404 
240 440 6 9 0.053829957 
135 568 8 10 0.053764895 
790 470 6 8 0.05366409 
240 603 11 13 0.053640243 
630 486 7 9 0.05360195 
313 409 7 8 0.053561807 
478 551 7 9 0.053557254 
650 551 7 9 0.05348119 
414 621 9 10 0.053418368 
599 413 8 10 0.05337087 
327 591 8 10 0.05336552 
144 400 7 9 0.053302683 
834 407 6 8 0.05328097 
166 716 16 20 0.05315911 
122 464 6 7 0.05311765 
575 389 7 10 0.053105794 
10 494 8 10 0.05308544 
742 591 9 11 0.053081337 
168 559 9 11 0.0530549 
737 567 7 9 0.053012535 
1012 597 11 16 0.052970286 
933 609 14 18 0.05290008 
864 456 8 10 0.0528358 
437 634 11 15 0.052772533 
95 325 7 10 0.052705012 
135 549 7 9 0.05267194 
428 674 12 16 0.052521184 
419 416 7 9 0.052493308 
600 375 7 9 0.05248507 
30 588 9 12 0.052437488 
487 399 8 9 0.05239963 
727 479 8 9 0.05237952 
571 677 19 26 0.05236976 
506 406 8 9 0.05236069 
606 383 7 8 0.052275915 
388 693 14 17 0.05224387 
442 576 7 9 0.05222603 
495 424 7 9 0.052204333 
599 615 8 9 0.052178293 
0 613 7 11 0.05214658 
222 631 10 13 0.05209214 
609 559 9 10 0.05205311 
769 472 7 10 0.051899638 
351 628 9 11 0.05187999 
776 470 8 10 0.05186533 
802 606 7 11 0.05185833 
823 595 9 12 0.051855437 
187 406 7 10 0.051763035 
673 381 9 11 0.051760014 
199 397 8 10 0.05172906 
561 406 8 10 0.051679272 
470 627 9 12 0.051625572 
934 526 9 11 0.0515387 
799 480 7 9 0.051485352 
415 617 8 9 0.051444054 
289 416 7 9 0.051425233 
671 305 9 11 0.051410183 
577 619 9 12 0.05140357 
608 488 8 10 0.051391356 
752 579 9 12 0.05137606 
111 592 8 10 0.051343136 
823 568 8 10 0.05128522 
87 335 7 8 0.051280607 
639 504 8 9 0.05127414 
944 519 8 10 0.051225387 
438 422 8 10 0.051214322 
317 607 9 12 0.051177308 
245 632 13 16 0.051150456 
193 447 6 8 0.051140208 
418 577 7 9 0.05112223 
185 550 9 10 0.051078286 
340 684 16 19 0.051073723 
543 519 7 9 0.050958607 
446 575 8 9 0.05094475 
512 521 7 10 0.050876886 
200 409 7 9 0.050850105 
229 494 9 11 0.05079416 
185 509 7 9 0.050744284 
41 487 8 9 0.050722532 
929 534 8 10 0.05071155 
449 440 7 9 0.050703 
63 576 8 10 0.050697945 
792 454 7 9 0.050672527 
433 416 7 10 0.050649486 
774 645 12 17 0.05058991 
228 666 15 19 0.05058919 
80 534 8 10 0.050578725 
362 573 9 11 0.05049512 
85 603 9 12 0.050483245 
791 447 8 9 0.050435808 
529 423 8 10 0.050384242 
649 524 8 10 0.050364856 
89 616 10 13 0.050352972 
391 476 8 11 0.050334644 
616 623 8 11 0.050301455 
489 424 7 9 0.050133634 
833 612 10 14 0.050093923 
806 385 7 10 0.050048538 
94 532 9 11 0.050039116 
171 630 12 16 0.05003895 
626 486 7 9 0.050019957 
686 557 8 9 0.04994123 
112 432 8 9 0.04992911 
686 598 8 11 0.049902536 
376 613 8 10 0.04988233 
446 447 8 9 0.049878545 
533 583 9 10 0.049871482 
654 480 7 9 0.049809024 
43 646 13 15 0.04975104 
393 433 7 9 0.04969169 
459 393 6 8 0.0496692 
442 566 7 9 0.049609136 
71 478 8 10 0.049579293 
201 447 7 9 0.04954655 
561 440 7 9 0.04953316 
71 406 7 9 0.04944699 
346 528 8 11 0.049444716 
560 584 8 10 0.049210217 
790 543 8 10 0.049187556 
293 622 10 12 0.049158085 
767 430 7 9 0.049105156 
520 472 6 9 0.04906408 
856 462 8 11 0.049035065 
320 582 8 11 0.04901941 
639 454 7 9 0.049013674 
864 544 8 11 0.0489718 
629 406 8 10 0.048941076 
502 557 8 10 0.048922945 
863 564 9 11 0.048907723 
31 470 7 10 0.048844166 
905 615 8 11 0.048838567 
319 535 7 9 0.048837926 
531 628 9 11 0.048833054 
14 455 8 10 0.04879886 
87 589 8 11 0.048797075 
181 622 10 12 0.048783377 
310 477 8 10 0.04870073 
234 446 7 9 0.048677363 
296 488 6 9 0.048636366 
996 711 25 29 0.04863151 
176 470 7 10 0.048594423 
590 367 7 9 0.048543636 
345 623 10 13 0.04852609 
287 541 8 10 0.048510734 
678 454 7 8 0.048441317 
673 551 7 9 0.048376005 
138 470 8 10 0.048374295 
71 448 8 9 0.048314955 
575 496 8 10 0.048289083 
569 520 6 9 0.04823331 
419 446 7 9 0.048225094 
640 392 7 8 0.04820483 
216 551 8 9 0.048144396 
409 472 7 10 0.048062537 
545 472 7 10 0.048004728 
193 534 8 10 0.04798955 
841 432 7 9 0.047946043 
216 384 8 10 0.047944408 
966 263 33 39 0.047935404 
359 400 6 8 0.047934964 
943 699 26 29 0.047908608 
146 535 8 10 0.047898732 
39 568 9 11 0.04788442 
793 375 8 10 0.047881722 
185 579 8 12 0.047878318 
88 529 7 9 0.047877528 
12 616 9 12 0.047875322 
632 576 8 10 0.047845233 
433 456 7 9 0.047839187 
841 320 8 11 0.047778543 
239 376 7 8 0.047747556 
480 569 8 9 0.04773462 
352 401 6 8 0.047727935 
495 409 7 9 0.04769644 
864 359 7 9 0.047675833 
515 666 12 15 0.047665507 
150 469 7 10 0.04764858 
849 505 7 10 0.047634013 
474 400 7 8 0.04759027 
104 337 7 9 0.04758156 
808 548 8 11 0.047572594 
535 375 7 9 0.04756851 
441 440 7 9 0.047515463 
952 526 8 10 0.0474906 
681 620 10 12 0.04747224 
895 414 6 9 0.04746503 
553 478 7 9 0.047457356 
607 445 7 9 0.04744259 
925 573 9 12 0.047419302 
175 479 7 9 0.0474126 
758 368 8 9 0.04741079 
288 384 7 8 0.047400393 
787 416 7 9 0.0473246 
112 375 8 10 0.047320817 
160 607 8 11 0.047313347 
543 360 8 9 0.047276527 
873 591 8 11 0.04719528 
416 377 7 9 0.04718694 
560 447 7 9 0.04717507 
561 559 8 11 0.047167093 
857 544 8 10 0.047162123 
850 359 7 10 0.047129747 
416 581 7 9 0.047118824 
777 438 6 8 0.047108475 
184 447 6 8 0.047103234 
472 616 9 12 0.047091097 
709 611 9 12 0.04708948 
575 486 7 10 0.04703817 
250 441 7 9 0.04700283 
431 396 8 10 0.046996098 
131 633 12 16 0.046994668 
752 440 7 9 0.046993967 
951 431 6 8 0.046992317 
814 629 12 14 0.04696371 
279 597 9 12 0.04696327 
358 584 9 10 0.046955507 
54 439 7 10 0.046926208 
570 390 6 9 0.04688871 
535 423 7 10 0.046812497 
158 591 8 11 0.04675676 
569 375 7 9 0.04674992 
258 648 14 17 0.04673271 
231 550 7 9 0.046704184 
228 643 13 16 0.046700135 
585 496 7 10 0.046698492 
743 597 8 11 0.046608586 
194 519 8 10 0.046605878 
269 487 7 9 0.046600565 
469 597 8 10 0.046570428 
400 437 7 10 0.046567686 
222 390 6 9 0.04652627 
729 600 9 10 0.046525363 
370 401 6 8 0.0465097 
262 375 6 7 0.04650199 
461 584 8 10 0.046402 
206 629 13 15 0.04640121 
202 439 6 9 0.046363592 
555 696 23 29 0.046303038 
453 614 9 12 0.0462889 
837 660 16 19 0.046279784 
368 472 8 10 0.046202492 
759 545 8 9 0.046201523 
767 424 7 9 0.046173707 
462 532 8 10 0.046145685 
849 596 10 11 0.046139702 
697 536 8 10 0.046117883 
406 392 7 8 0.04610505 
841 326 7 9 0.04609316 
801 492 8 11 0.046085116 
519 621 9 12 0.046079826 
249 448 8 9 0.046058726 
833 573 8 10 0.04604659 
462 400 7 8 0.046035197 
346 401 7 8 0.046027906 
472 556 8 10 0.045993797 
624 589 9 10 0.045986753 
767 646 10 14 0.04598524 
110 342 8 11 0.045960005 
170 510 7 9 0.045912895 
206 575 9 11 0.045873497 
235 677 13 17 0.045841083 
575 519 7 9 0.045831528 
723 659 13 17 0.04579396 
389 629 12 14 0.04574923 
382 551 8 11 0.045722596 
935 536 8 11 0.045623243 
145 644 14 17 0.04562224 
471 480 7 9 0.045600705 
511 577 8 10 0.045571107 
397 693 12 18 0.04552762 
872 424 7 9 0.045520697 
598 640 8 10 0.045504615 
744 488 7 9 0.04548465 
535 383 7 9 0.04547979 
81 593 9 11 0.045470923 
510 401 8 10 0.045457006 
384 399 6 8 0.04540018 
930 454 7 9 0.04534615 
744 533 8 10 0.045339175 
66 376 7 10 0.045304332 
278 549 9 11 0.045303993 
186 504 6 9 0.045228127 
911 409 7 8 0.045179784 
137 573 7 10 0.045178458 
409 383 7 9 0.04513281 
191 644 11 13 0.04511499 
78 551 9 11 0.045021486 
175 575 7 10 0.0450071 
215 635 12 15 0.044934623 
585 639 9 12 0.04492278 
54 528 8 11 0.044913303 
502 367 7 9 0.044878833 
174 392 7 9 0.044745803 
870 407 7 8 0.044698395 
816 487 8 9 0.04466874 
242 478 8 10 0.044647362 
535 463 7 9 0.044630002 
932 565 9 11 0.044583242 
967 401 6 9 0.044562887 
353 455 7 8 0.04451208 
374 420 8 10 0.044479195 
174 559 8 12 0.044466693 
463 462 7 9 0.04444765 
359 527 8 9 0.044405606 
504 583 8 10 0.044358 
191 543 8 10 0.04434226 
177 494 8 9 0.04429493 
165 662 11 13 0.04427617 
519 377 7 8 0.04426713 
438 431 8 9 0.044266928 
451 730 24 30 0.0442501 
336 610 10 14 0.04424577 
270 527 8 10 0.04403224 
134 453 8 10 0.043990046 
690 584 8 9 0.04393351 
785 454 7 9 0.043890595 
656 423 6 8 0.043860123 
880 343 7 10 0.043842785 
920 438 7 8 0.04380537 
327 573 8 10 0.043790027 
800 448 7 8 0.04373537 
663 630 10 12 0.043701146 
528 383 7 9 0.04369702 
840 423 7 9 0.04366461 
206 623 10 12 0.043604396 
191 472 6 9 0.043562338 
511 414 7 10 0.043561663 
352 384 7 8 0.043506715 
560 431 7 9 0.04350424 
835 400 6 9 0.043444496 
289 624 9 12 0.0434121 
642 673 14 18 0.04336243 
57 623 8 11 0.043348275 
837 567 8 10 0.04333918 
56 484 7 10 0.0433198 
600 455 7 8 0.043305967 
320 382 7 9 0.04330266 
894 578 11 14 0.04326082 
493 604 10 11 0.043180663 
854 367 6 9 0.04314802 
282 494 8 10 0.04310011 
224 463 7 9 0.04301348 
298 390 7 9 0.04295856 
790 335 9 12 0.042936113 
327 596 9 11 0.042933308 
799 462 7 10 0.042930897 
584 423 7 9 0.04292263 
529 368 7 8 0.04284456 
39 456 7 9 0.04284061 
538 689 18 24 0.042818483 
74 463 8 10 0.042733196 
313 534 8 10 0.0426931 
128 610 9 12 0.04267505 
958 446 8 11 0.04265417 
256 406 7 9 0.042652458 
577 438 8 10 0.042597253 
338 441 7 9 0.042577993 
529 496 7 9 0.042560924 
64 407 7 9 0.04247601 
328 416 7 8 0.042461563 
575 463 7 10 0.042338762 
601 397 7 9 0.042319722 
356 674 13 16 0.042257562 
253 509 8 11 0.04225477 
825 495 7 9 0.04224407 
904 424 7 9 0.04219332 
518 616 9 12 0.042187434 
101 612 10 13 0.042184446 
253 725 14 17 0.042152833 
841 471 8 9 0.042144787 
311 449 6 8 0.042115822 
273 399 7 8 0.04208173 
569 453 7 10 0.042067435 
905 414 8 9 0.04204056 
795 567 9 11 0.042037804 
887 440 7 10 0.0420178 
534 592 8 9 0.041983124 
776 575 8 9 0.041952044 
718 528 8 10 0.04183242 
489 544 8 9 0.041782103 
69 509 9 11 0.04176929 
599 472 7 9 0.04175159 
278 537 8 10 0.041734695 
825 390 7 9 0.041687537 
32 688 16 18 0.04166996 
46 327 8 10 0.041631255 
423 405 7 9 0.04157229 
87 558 8 11 0.041548073 
926 618 15 20 0.041489266 
545 560 8 9 0.04148305 
720 519 7 10 0.041414846 
497 375 8 10 0.041398473 
367 446 7 9 0.041365348 
953 425 6 8 0.04134703 
390 520 8 10 0.041343648 
553 494 8 10 0.04131941 
631 511 7 9 0.04127497 
778 375 7 9 0.041272294 
223 440 7 9 0.04122652 
488 480 7 9 0.04121484 
878 652 14 18 0.04115511 
55 550 9 12 0.041134037 
639 623 9 11 0.04113302 
659 532 8 11 0.04112031 
568 367 7 9 0.041115545 
226 592 9 12 0.04110914 
542 526 7 9 0.0410939 
649 638 10 13 0.0410672 
39 543 8 10 0.041061126 
838 551 8 10 0.041029766 
409 575 8 9 0.041011233 
168 478 7 9 0.04099255 
950 519 8 11 0.040958665 
560 362 7 8 0.040915288 
735 477 8 10 0.040866718 
792 638 12 15 0.04083225 
761 567 7 9 0.04081419 
110 597 8 12 0.04076402 
586 652 9 13 0.040727664 
383 627 10 14 0.040699728 
598 645 8 11 0.040693007 
305 472 7 9 0.040683664 
688 486 6 8 0.040678345 
820 630 9 12 0.040650737 
621 697 16 21 0.040592365 
88 583 8 11 0.040575642 
909 582 10 13 0.040545 
913 400 7 8 0.040526953 
392 392 6 8 0.0405059 
806 494 8 9 0.040504824 
225 490 8 9 0.04049923 
896 510 7 9 0.040441684 
543 376 7 8 0.040394187 
96 447 8 10 0.0403924 
887 445 8 10 0.04038892 
965 690 16 20 0.0403821 
182 456 7 9 0.04038079 
650 479 8 9 0.040258612 
556 628 9 11 0.04022078 
693 591 8 10 0.040197115 
257 367 7 10 0.040176544 
624 359 7 9 0.040139925 
126 600 10 11 0.040099084 
189 550 9 10 0.040076036 
384 642 11 15 0.03999003 
786 665 14 20 0.039984494 
359 446 7 9 0.039973382 
151 433 8 9 0.039962113 
450 544 8 10 0.039927788 
576 536 7 9 0.039925616 
390 510 9 10 0.03992424 
150 382 7 9 0.03991138 
783 384 6 8 0.039907318 
358 535 8 10 0.039899897 
48 440 9 10 0.039857 
361 558 9 11 0.039794773 
94 320 7 10 0.03975627 
785 406 7 10 0.03975579 
747 500 8 11 0.03972563 
478 429 7 10 0.039716545 
239 613 11 12 0.039672535 
530 430 8 10 0.039665747 
585 463 7 9 0.039642934 
958 504 8 10 0.039642848 
264 480 7 9 0.039597604 
937 656 19 29 0.0395953 
854 342 8 10 0.039594807 
430 471 7 9 0.03957766 
630 673 15 19 0.039525326 
798 359 7 9 0.039491236 
543 433 8 9 0.03946267 
438 463 7 9 0.03945171 
178 487 7 10 0.03943121 
158 417 7 10 0.03941926 
386 526 8 10 0.039418824 
888 431 7 8 0.03941181 
223 568 9 11 0.03940765 
322 487 7 9 0.039310995 
31 503 7 10 0.039297964 
311 433 7 9 0.039288126 
344 424 7 9 0.03925264 
95 486 8 10 0.03922699 
857 481 9 10 0.039201297 
623 568 8 8 0.039191686 
416 464 8 9 0.039187215 
118 376 7 10 0.039187 
689 457 7 8 0.03916286 
930 408 7 9 0.03914332 
863 447 7 8 0.039131314 
441 480 7 9 0.039114274 
825 375 7 9 0.039101504 
289 438 7 9 0.03906678 
586 644 10 12 0.03906318 
376 587 8 11 0.039062977 
799 454 7 9 0.039053258 
831 383 6 9 0.039019644 
111 505 8 10 0.0390095 
608 457 7 8 0.038996138 
471 463 7 9 0.038995318 
328 391 7 8 0.03897721 
592 430 8 10 0.038976196 
487 376 7 9 0.038969804 
129 384 7 8 0.038936798 
343 542 7 9 0.038933083 
582 599 8 10 0.038865495 
318 509 8 10 0.038840868 
297 681 12 18 0.038805213 
287 494 7 8 0.038794857 
729 527 8 11 0.03879472 
856 494 8 9 0.038794603 
94 503 8 10 0.038766034 
594 448 8 9 0.038737297 
714 444 8 11 0.038721334 
408 518 7 10 0.03870019 
950 407 7 9 0.038651265 
288 552 9 11 0.038645815 
601 384 6 8 0.038626175 
762 503 8 10 0.038601194 
406 399 7 9 0.0385546 
716 43 10 12 0.038547616 
544 449 7 9 0.038539857 
858 438 7 10 0.03853975 
327 446 7 8 0.03853668 
230 487 7 10 0.038519595 
456 658 11 16 0.038518015 
9 587 10 13 0.038513802 
984 630 10 13 0.038509373 
38 549 8 11 0.038482446 
96 368 8 9 0.03848198 
70 582 9 11 0.03845346 
377 543 8 9 0.038441066 
534 414 7 10 0.038440134 
143 449 7 8 0.03843022 
728 589 9 11 0.038406417 
168 465 7 9 0.03839004 
479 663 16 21 0.038373083 
424 682 19 25 0.03834762 
682 592 8 11 0.038322862 
150 457 7 9 0.03831886 
867 714 18 26 0.038307916 
391 503 7 9 0.03828459 
586 400 6 9 0.038263742 
499 455 6 8 0.038191237 
136 486 7 9 0.038152006 
325 640 10 13 0.038145307 
262 470 8 10 0.038115993 
320 550 8 11 0.038115803 
182 463 8 10 0.03808027 
569 527 7 9 0.038076654 
455 607 8 10 0.038003404 
89 486 7 10 0.037935633 
856 336 8 10 0.03792817 
352 478 7 9 0.03791023 
592 416 8 8 0.037900895 
970 440 7 10 0.037864637 
24 463 7 10 0.037838433 
585 591 7 9 0.03782788 
558 509 8 10 0.0378177 
550 473 8 9 0.0377962 
521 360 8 9 0.03778051 
640 694 19 22 0.0377419 
730 503 8 10 0.03772252 
807 543 9 11 0.037714455 
569 485 7 9 0.037687764 
98 453 7 10 0.037684012 
495 542 8 10 0.037678353 
347 651 12 14 0.037670244 
889 422 6 9 0.037665457 
174 377 7 8 0.03765551 
399 552 7 8 0.037631493 
362 359 7 9 0.037624642 
871 401 7 9 0.037617695 
65 597 9 12 0.037596934 
854 406 7 9 0.037586972 
921 431 8 11 0.037579082 
113 437 8 10 0.037578512 
650 460 7 10 0.037568092 
975 574 8 10 0.037549015 
383 542 7 10 0.037538525 
94 590 8 11 0.03753253 
702 536 7 9 0.037530683 
918 683 14 17 0.037517324 
112 326 7 9 0.037472017 
761 456 8 10 0.037378874 
312 551 9 10 0.03737549 
314 377 7 8 0.037374876 
824 519 8 9 0.03735625 
396 636 11 14 0.037344635 
877 627 10 13 0.037303623 
145 687 14 19 0.037288204 
152 446 7 8 0.037272967 
440 561 8 9 0.037250374 
766 385 7 9 0.037233077 
488 445 7 10 0.03721957 
526 454 6 9 0.037219208 
223 456 6 8 0.037199546 
71 437 8 10 0.03718953 
481 439 6 9 0.037154917 
296 409 7 8 0.03715021 
440 456 8 9 0.037150033 
318 504 8 10 0.03713203 
775 366 7 9 0.037125275 
646 440 7 9 0.037115 
826 335 7 10 0.03708233 
376 407 7 8 0.03707278 
88 494 8 10 0.037070047 
201 464 7 9 0.037032712 
957 509 9 11 0.037001856 
218 463 6 8 0.036987726 
480 407 7 9 0.036981292 
289 599 9 12 0.036974974 
663 620 10 12 0.036956552 
689 566 8 10 0.03693321 
717 359 8 10 0.036926012 
521 587 9 11 0.036903914 
921 415 6 7 0.036885522 
969 509 7 10 0.03688352 
328 406 7 9 0.03687835 
870 636 11 14 0.036870286 
25 581 8 11 0.036849704 
864 376 6 9 0.03684547 
854 417 7 8 0.036788467 
505 463 7 9 0.036753915 
632 390 7 8 0.036748547 
544 393 7 9 0.036742188 
528 440 8 9 0.036739398 
1012 620 10 15 0.036701195 
185 376 7 8 0.036672022 
850 509 7 9 0.03666677 
591 398 8 9 0.036658198 
416 543 7 9 0.03664756 
201 352 7 9 0.03663975 
953 511 8 10 0.03663393 
247 543 7 9 0.036633465 
990 470 9 11 0.03662731 
566 406 8 10 0.036623813 
801 600 8 9 0.036622122 
923 671 16 21 0.036598094 
968 406 6 9 0.036595073 
838 373 8 9 0.0365769 
883 478 8 10 0.036570076 
354 598 8 10 0.036563773 
305 645 10 14 0.03656144 
13 626 9 13 0.03653766 
591 612 9 11 0.036490176 
554 366 8 10 0.036482435 
146 377 8 10 0.036473352 
696 478 8 10 0.036426704 
248 453 8 10 0.03639783 
728 542 6 8 0.03639778 
281 481 8 10 0.03639254 
987 503 7 9 0.036391743 
824 416 8 9 0.036346395 
623 471 6 8 0.036295537 
511 543 8 10 0.03628896 
48 556 8 11 0.03628044 
737 575 8 10 0.036274195 
759 440 7 9 0.036256496 
783 376 6 9 0.036173478 
26 470 7 9 0.036155537 
736 326 7 9 0.036130875 
256 497 7 8 0.036116663 
975 568 8 10 0.036105458 
441 446 8 9 0.036095805 
328 537 7 9 0.036093198 
738 438 7 9 0.036061525 
830 448 8 9 0.036015723 
552 438 7 9 0.03600817 
867 645 12 16 0.035973314 
421 598 8 10 0.035967775 
433 488 8 9 0.035955824 
789 620 9 11 0.035849236 
930 541 8 11 0.03583607 
687 519 8 9 0.035827395 
270 439 9 10 0.035821673 
761 690 16 20 0.03581113 
261 679 14 20 0.035786696 
312 392 6 7 0.035781577 
599 423 8 10 0.03575885 
207 545 8 10 0.035753865 
952 472 8 9 0.035731662 
642 711 32 44 0.035719506 
122 557 8 10 0.035717618 
473 486 7 9 0.035714556 
429 438 8 9 0.035689667 
958 527 8 10 0.03567614 
910 414 7 9 0.035668716 
853 400 8 10 0.03566823 
146 591 9 10 0.035667446 
447 520 7 10 0.035654128 
757 575 9 11 0.03564974 
687 480 7 10 0.035648838 
174 511 7 9 0.035634708 
872 503 7 9 0.035625987 
142 485 7 9 0.035602912 
472 407 7 9 0.03557501 
789 422 8 10 0.035561085 
681 463 7 8 0.035559583 
891 656 13 18 0.035483133 
673 700 18 23 0.035479147 
391 447 7 9 0.035478547 
399 585 8 10 0.03545 
121 470 7 10 0.035449922 
222 519 9 11 0.035446707 
791 503 9 11 0.03544431 
562 669 15 17 0.035439815 
880 568 7 9 0.03543147 
927 550 8 11 0.03541257 
894 504 7 9 0.03540089 
601 495 7 10 0.035396546 
967 489 7 9 0.035379082 
762 423 7 10 0.035373893 
809 417 7 9 0.035371386 
218 423 8 10 0.03530524 
648 623 8 10 0.03528522 
455 479 8 10 0.035281423 
359 385 8 9 0.035234045 
368 623 10 12 0.035219718 
504 353 7 9 0.035216138 
801 384 8 10 0.035185 
890 409 7 9 0.035171114 
177 580 8 11 0.035121895 
566 559 8 11 0.035115454 
590 608 8 11 0.035113435 
361 432 7 8 0.035110075 
200 600 8 11 0.03509881 
528 568 8 9 0.03509054 
73 470 7 9 0.03505823 
880 495 7 9 0.03501704 
710 583 8 10 0.034979954 
160 489 7 9 0.03494094 
616 615 9 12 0.034897123 
295 375 6 7 0.034866557 
437 391 7 9 0.034828685 
310 664 10 14 0.034802284 
726 485 8 10 0.034745216 
241 407 7 9 0.034735437 
812 702 22 27 0.034695894 
49 574 8 10 0.034678508 
896 478 7 10 0.034675796 
533 684 14 21 0.034671854 
841 452 7 9 0.034654822 
567 696 24 32 0.034645885 
220 726 16 21 0.03463282 
135 629 10 13 0.034611844 
33 510 8 11 0.03458832 
398 476 8 11 0.03458797 
574 670 11 14 0.03454635 
89 327 7 9 0.034540437 
400 464 7 9 0.03450079 
68 631 12 15 0.03448416 
248 367 7 9 0.034480907 
185 367 6 9 0.03446761 
1008 577 17 27 0.0344654 
150 359 8 10 0.034450818 
377 553 9 11 0.034446124 
262 393 7 9 0.034444984 
104 424 8 10 0.03444331 
130 544 7 9 0.034432497 
595 677 15 18 0.03442832 
127 463 7 9 0.034411505 
207 431 6 9 0.03439648 
79 468 7 10 0.034361772 
609 462 6 9 0.03435597 
638 423 8 10 0.034346204 
128 511 8 10 0.034338467 
593 486 6 9 0.034324415 
337 558 8 10 0.034280777 
581 536 8 9 0.03427772 
118 382 7 8 0.034273278 
241 399 7 9 0.034247927 
695 449 7 8 0.034205507 
261 663 13 17 0.034169685 
392 542 9 10 0.034152556 
409 493 7 10 0.03412733 
846 666 20 26 0.034125928 
969 416 7 8 0.034112614 
628 628 9 13 0.034102656 
513 384 7 9 0.034065463 
545 438 7 9 0.034052897 
16 462 8 10 0.03405069 
378 477 7 9 0.034030963 
967 646 13 20 0.034019705 
303 542 8 10 0.03401415 
584 629 8 10 0.034009874 
191 368 7 9 0.033992402 
184 558 9 11 0.033978555 
558 487 7 9 0.033945575 
345 487 8 10 0.03390502 
538 391 7 9 0.033888165 
590 464 7 9 0.03388589 
318 519 7 10 0.03387911 
230 470 7 9 0.033855963 
790 440 8 9 0.033845607 
1011 668 11 14 0.03384458 
423 455 8 10 0.033840667 
384 574 8 11 0.033831675 
648 503 7 10 0.033779155 
136 440 6 8 0.033765588 
663 469 7 10 0.033751234 
521 683 17 25 0.033721484 
393 598 8 10 0.033715915 
919 588 9 13 0.033714116 
879 580 9 12 0.03366739 
550 558 8 10 0.033667147 
304 351 7 9 0.03365861 
808 448 7 9 0.03364808 
81 528 7 11 0.033612426 
713 653 13 16 0.03361177 
386 510 7 10 0.033605807 
103 470 8 10 0.03357134 
489 603 10 11 0.03357021 
762 359 7 9 0.033560373 
169 571 8 11 0.033558317 
440 383 7 9 0.03355274 
144 635 12 15 0.033548873 
760 644 9 13 0.033545326 
174 398 7 9 0.0335363 
202 493 8 10 0.033517007 
114 408 7 8 0.033510003 
296 511 8 10 0.03349776 
24 440 7 10 0.033487808 
647 408 7 9 0.03348367 
452 621 10 13 0.03344443 
66 510 7 9 0.03344145 
512 422 7 10 0.033440903 
504 438 7 9 0.03343758 
401 398 8 10 0.03343062 
720 464 7 9 0.033417504 
552 607 8 9 0.033404045 
958 533 8 10 0.03339668 
710 423 7 9 0.033385143 
768 439 7 8 0.03336857 
913 438 7 9 0.033349477 
289 528 7 9 0.033342775 
831 597 9 11 0.033342756 
605 694 21 29 0.033321675 
503 544 8 10 0.03329781 
216 536 7 9 0.033275187 
606 400 7 9 0.033262476 
694 495 7 10 0.0332588 
576 407 7 9 0.0332267 
557 574 8 9 0.03321885 
845 319 8 11 0.033115212 
401 599 7 10 0.0330901 
584 405 8 9 0.033087857 
768 608 8 11 0.03308424 
170 375 6 9 0.0330836 
9 452 8 10 0.03307556 
922 558 7 10 0.033056907 
270 479 8 10 0.0330439 
218 430 7 9 0.033013403 
679 431 7 10 0.033012614 
489 593 7 10 0.03298697 
538 399 8 9 0.032986466 
880 408 7 9 0.03297571 
894 588 10 13 0.032973424 
215 472 7 9 0.032937467 
65 616 9 13 0.032930825 
424 463 7 10 0.03288545 
462 422 8 9 0.032866046 
390 573 8 10 0.032860775 
497 550 9 11 0.032834183 
383 487 7 9 0.03282726 
678 613 10 13 0.032813434 
800 534 8 9 0.03277933 
457 577 7 10 0.03277727 
512 359 7 8 0.032759555 
509 606 9 11 0.032713156 
120 598 9 11 0.03265455 
834 584 7 9 0.032646425 
693 502 8 10 0.03264347 
551 399 6 9 0.03261202 
501 641 18 22 0.032609038 
312 573 8 11 0.032574233 
798 335 7 10 0.03256648 
775 609 8 10 0.032543685 
579 680 24 29 0.03246437 
350 675 14 16 0.032460697 
314 382 6 9 0.03245582 
79 479 8 10 0.0323943 
880 559 9 11 0.03238138 
774 455 7 9 0.032323238 
361 690 13 18 0.032315705 
753 529 7 9 0.032313794 
450 504 8 10 0.032278743 
808 463 7 10 0.03227103 
847 463 8 11 0.032253105 
512 454 7 10 0.032235518 
774 510 7 10 0.032211736 
850 351 8 9 0.03220547 
423 629 9 12 0.032189704 
394 557 8 9 0.032172587 
722 485 8 11 0.032158956 
735 587 9 12 0.03213589 
896 519 7 9 0.0321156 
687 544 7 10 0.032108486 
189 690 12 15 0.032091238 
336 431 8 9 0.032090995 
353 487 7 9 0.032085888 
160 659 11 15 0.03208136 
240 416 7 9 0.032079738 
770 629 9 12 0.032061674 
142 657 13 15 0.032054354 
928 497 9 11 0.032053325 
905 410 7 8 0.032047343 
417 420 9 11 0.032041814 
128 390 8 9 0.03201757 
263 618 10 13 0.031986907 
982 406 8 9 0.031975478 
56 457 7 9 0.03191287 
473 606 8 10 0.03191039 
617 603 9 11 0.031887595 
297 384 7 9 0.03184637 
633 456 7 9 0.031835336 
732 611 9 12 0.03182402 
48 631 9 13 0.031816747 
485 630 9 13 0.03181171 
934 407 7 9 0.031811323 
519 312 7 9 0.03179585 
977 408 7 9 0.03177337 
558 495 7 10 0.031753357 
433 462 8 11 0.031753335 
607 416 7 9 0.03174809 
359 455 8 9 0.031686176 
672 332 8 10 0.031679176 
775 484 8 10 0.03167415 
481 465 7 9 0.03166295 
752 455 7 9 0.031657465 
807 471 8 10 0.031649366 
465 543 7 9 0.03164446 
398 528 7 8 0.031628504 
402 417 7 10 0.031628318 
258 398 7 9 0.0316235 
277 633 12 15 0.031615596 
897 541 8 10 0.03159473 
129 408 8 9 0.031578787 
997 536 11 13 0.03156034 
632 473 7 8 0.03155715 
481 448 7 8 0.0315412 
904 622 11 14 0.031533714 
871 564 7 10 0.03153279 
918 542 7 10 0.031503275 
29 485 8 9 0.031487674 
495 494 7 9 0.031461403 
954 658 21 28 0.031426277 
559 479 7 11 0.03142134 
544 478 7 9 0.03141167 
310 648 12 16 0.03139884 
778 543 7 10 0.03139172 
442 521 7 10 0.03139122 
431 644 10 13 0.03137291 
161 584 7 10 0.031370915 
152 504 7 9 0.0313471 
644 662 10 14 0.03132539 
605 673 14 19 0.031311113 
218 517 8 10 0.03130138 
295 423 7 9 0.031299878 
118 407 8 9 0.03129845 
930 650 15 24 0.031278264 
518 521 8 10 0.031277847 
143 582 8 10 0.03127641 
86 512 8 10 0.031229325 
567 552 8 9 0.03119227 
248 431 7 8 0.031173948 
31 542 9 11 0.031162841 
530 502 6 9 0.031160539 
514 390 7 9 0.031153662 
783 360 8 9 0.031145953 
710 399 8 11 0.031141596 
742 433 7 9 0.031135846 
767 567 7 10 0.03112381 
317 677 11 16 0.031095205 
578 542 7 8 0.03106775 
520 368 7 8 0.031057345 
266 456 7 9 0.031011304 
847 574 8 10 0.031008001 
538 521 7 9 0.031003123 
544 510 8 9 0.030992124 
503 390 8 9 0.030982945 
274 368 7 8 0.030960225 
447 631 9 12 0.030951576 
585 381 7 10 0.030939242 
527 463 8 9 0.030928776 
465 384 7 10 0.030911727 
489 431 7 9 0.030891275 
424 545 7 9 0.030870544 
303 487 7 9 0.030833133 
774 360 8 10 0.03081038 
161 527 7 10 0.030809246 
40 606 9 12 0.030793063 
402 449 5 8 0.030772112 
455 431 7 9 0.03076256 
207 383 8 9 0.030762265 
386 393 6 8 0.030761123 
552 676 11 16 0.030755844 
639 478 6 9 0.030672142 
302 616 9 11 0.030668579 
606 407 7 8 0.030651733 
129 376 8 9 0.03064893 
280 511 8 11 0.0306249 
346 385 6 8 0.030606814 
229 619 10 12 0.030601574 
636 607 9 11 0.030601336 
496 438 7 10 0.03055956 
569 464 8 9 0.030551482 
194 526 8 11 0.030548368 
786 340 9 11 0.03052979 
863 383 6 8 0.030511487 
221 642 13 16 0.03049902 
911 534 7 9 0.030491745 
770 319 8 10 0.030457938 
727 376 6 8 0.030436862 
432 596 9 11 0.030415904 
112 581 8 10 0.030396529 
272 392 7 8 0.03038684 
705 550 8 11 0.030383384 
790 318 8 10 0.030382073 
754 368 8 9 0.030359259 
526 448 8 9 0.030311702 
849 567 7 9 0.030308088 
668 664 11 15 0.03030767 
408 535 7 10 0.030286213 
753 327 8 9 0.03028307 
961 400 7 9 0.030261569 
743 320 7 9 0.030228939 
138 480 8 9 0.030209256 
246 486 8 11 0.030204322 
535 369 7 8 0.030201945 
139 516 7 10 0.03017637 
611 670 16 20 0.030153736 
496 391 7 9 0.030146673 
470 695 14 18 0.030144555 
805 568 8 9 0.030141575 
432 421 8 9 0.030135987 
849 453 7 10 0.030117923 
13 438 8 10 0.0301177 
152 479 7 9 0.030106964 
566 361 7 8 0.030093042 
561 552 7 10 0.030089432 
831 512 7 9 0.030067539 
662 592 9 12 0.030054443 
790 430 7 10 0.030036846 
386 520 8 9 0.030008705 
952 478 7 9 0.030004736 
258 374 6 8 0.029999638 
360 472 9 10 0.029991554 
495 535 8 9 0.029985758 
946 407 7 9 0.029980106 
743 528 8 10 0.029958986 
65 503 8 11 0.029941767 
732 655 10 14 0.029936565 
210 344 6 9 0.029924791 
782 487 7 9 0.02991819 
1006 542 9 12 0.029909277 
417 455 7 9 0.029895335 
519 550 8 10 0.029856376 
592 559 9 10 0.029852647 
888 341 9 10 0.029847806 
416 691 12 19 0.029845737 
94 708 15 18 0.029830022 
837 630 10 12 0.029825639 
504 470 7 9 0.02980596 
368 462 7 9 0.029803002 
217 556 9 10 0.029802937 
871 705 26 31 0.029777901 
822 673 15 21 0.029759157 
710 596 8 11 0.029741608 
668 670 20 26 0.029705893 
81 583 8 11 0.029702032 
481 455 7 8 0.029635387 
171 724 16 21 0.02961355 
296 527 7 10 0.029601026 
40 424 7 9 0.02959923 
976 416 7 9 0.029586203 
968 427 8 11 0.029576575 
358 613 9 11 0.029560825 
89 376 7 10 0.029557694 
576 399 6 9 0.029536048 
174 430 7 8 0.029531922 
957 96 47 61 0.02951681 
147 597 8 11 0.029495517 
201 504 7 8 0.02948537 
759 560 9 9 0.029467193 
320 432 6 8 0.029466983 
799 406 7 9 0.029454412 
215 367 7 8 0.029444536 
99 713 14 18 0.029437488 
945 524 8 11 0.029434104 
784 619 10 13 0.029418187 
726 655 11 13 0.029395679 
342 551 8 10 0.029393867 
841 416 7 9 0.029378906 
342 496 8 11 0.029348128 
400 455 7 8 0.029332532 
193 393 7 9 0.029329222 
240 543 8 10 0.029321874 
248 496 7 9 0.0293185 
879 401 7 8 0.02929428 
592 423 8 10 0.02929218 
110 622 8 12 0.029291345 
992 495 7 10 0.029272621 
511 533 8 10 0.029270308 
770 534 8 10 0.029268363 
522 462 7 9 0.029235002 
767 661 19 27 0.029226944 
943 551 8 9 0.029219849 
816 508 8 10 0.029172167 
183 360 7 9 0.029167233 
921 568 8 11 0.029167233 
336 683 13 17 0.02915126 
834 734 14 22 0.029143525 
601 617 17 24 0.029138811 
112 360 8 9 0.029132862 
254 574 9 12 0.02913 
717 645 13 15 0.02912214 
407 448 7 9 0.029093154 
727 517 7 10 0.029087875 
913 489 7 10 0.029073987 
1005 623 19 26 0.029071342 
79 358 7 10 0.029058745 
368 614 7 10 0.029034544 
611 584 7 10 0.029022165 
873 513 7 10 0.028995318 
169 398 7 9 0.028988602 
328 384 7 9 0.028973505 
289 433 7 9 0.028966866 
762 430 7 10 0.028942175 
14 431 8 10 0.028939772 
38 511 8 11 0.028903922 
222 557 8 10 0.028898895 
229 606 10 14 0.028851444 
322 683 13 18 0.028842151 
883 657 15 19 0.028820029 
948 588 14 17 0.028815536 
991 510 8 10 0.028810792 
888 484 8 10 0.028796311 
206 440 6 8 0.02878995 
63 542 9 11 0.028779306 
318 378 7 8 0.02877483 
886 677 16 19 0.028769236 
494 487 7 10 0.028764345 
856 468 7 10 0.028737752 
906 504 8 10 0.028725283 
168 334 7 10 0.028716518 
654 487 8 9 0.028710417 
352 512 8 10 0.028689533 
133 612 10 12 0.028682346 
193 455 7 9 0.028654395 
648 431 7 9 0.028653705 
871 439 7 9 0.028650725 
869 480 8 11 0.028621623 
475 690 21 28 0.028596822 
77 455 7 9 0.028586442 
814 721 23 33 0.028586386 
184 613 9 11 0.028575689 
934 455 7 9 0.028559862 
336 454 7 10 0.02855542 
576 551 9 11 0.028548397 
272 384 7 9 0.028544309 
261 368 7 9 0.028525146 
904 510 8 10 0.028519958 
767 560 8 10 0.028514879 
558 389 8 9 0.02850379 
390 415 7 10 0.028489593 
926 716 24 33 0.028481424 
722 615 9 12 0.028473184 
385 448 8 9 0.0284594 
897 536 8 10 0.028397672 
188 739 15 18 0.028383292 
201 544 8 10 0.02837494 
607 422 8 9 0.028368568 
1001 582 10 13 0.028337263 
270 503 8 11 0.028322732 
438 544 8 10 0.028315235 
678 326 9 11 0.028301835 
713 342 8 9 0.028297534 
70 425 8 9 0.02829335 
287 455 8 10 0.02828216 
207 471 8 10 0.028261945 
464 431 8 10 0.028237246 
705 622 8 10 0.02817075 
434 528 8 9 0.02816952 
616 501 8 10 0.028146345 
409 622 8 11 0.028108912 
710 544 9 10 0.028079238 
847 559 7 9 0.028051745 
507 695 18 28 0.028049856 
519 423 8 10 0.028047314 
304 464 7 9 0.028039405 
626 446 7 9 0.028024666 
463 585 17 24 0.027988132 
806 534 7 10 0.027974943 
543 581 8 9 0.0279682 
174 518 9 11 0.027957859 
760 495 7 10 0.027943246 
383 566 8 9 0.027937146 
229 543 8 10 0.027909093 
564 657 13 16 0.027902175 
906 529 7 8 0.027894486 
502 375 8 10 0.027891599 
533 575 9 10 0.027880039 
583 430 7 10 0.027873246 
118 533 9 11 0.027870484 
907 311 12 15 0.027866635 
126 367 9 10 0.02784925 
176 447 7 10 0.02783655 
246 577 18 23 0.027834024 
496 353 8 9 0.02782797 
186 424 8 9 0.027807184 
633 428 7 10 0.027781514 
702 478 7 10 0.02774724 
119 527 9 12 0.027734764 
623 533 8 9 0.02771975 
322 400 6 9 0.027704138 
305 634 11 15 0.02768726 
87 400 8 9 0.027656212 
281 393 6 7 0.02765607 
584 456 6 9 0.027637137 
288 446 8 9 0.027635403 
594 722 16 21 0.027603218 
567 623 9 11 0.027583683 
76 613 11 14 0.02758303 
703 542 8 10 0.02757532 
630 684 14 18 0.027568685 
575 527 8 10 0.027562931 
303 385 6 8 0.027561301 
839 652 15 17 0.027555993 
761 487 8 10 0.02755261 
864 527 7 10 0.027523143 
591 526 9 11 0.027515873 
450 637 10 13 0.027462969 
646 391 6 9 0.02746194 
1008 610 12 15 0.027444066 
270 494 7 9 0.027442792 
119 641 12 17 0.027418718 
717 445 8 11 0.027412029 
465 478 7 9 0.02740753 
713 528 8 9 0.027392225 
663 552 7 10 0.027385488 
314 503 7 10 0.027384043 
871 447 7 9 0.027383294 
903 390 7 9 0.027382158 
329 423 7 9 0.02736069 
146 549 8 10 0.027335985 
854 389 7 10 0.027327156 
552 390 8 9 0.027312292 
929 440 7 9 0.027308421 
487 414 8 10 0.02729665 
672 487 7 9 0.027289523 
995 620 12 16 0.027278192 
126 470 8 11 0.027278045 
606 376 7 8 0.027269538 
946 432 6 8 0.02726942 
535 408 8 9 0.02726706 
800 353 7 9 0.027262652 
120 518 8 10 0.027260642 
175 416 6 9 0.02725181 
775 624 10 12 0.027249916 
167 358 8 10 0.027236374 
777 384 7 8 0.027229805 
232 360 6 7 0.027222935 
768 415 7 9 0.027214464 
606 534 9 10 0.027197843 
736 345 8 10 0.02719734 
296 456 7 9 0.02717269 
497 400 7 9 0.027158495 
649 510 7 9 0.027144136 
600 551 7 10 0.027133485 
783 596 9 11 0.027117167 
942 439 8 9 0.02711082 
241 368 7 9 0.027091997 
3 447 8 11 0.027090684 
800 543 7 9 0.027042203 
440 399 7 9 0.027003173 
152 557 8 10 0.026967678 
295 430 7 10 0.026933325 
782 399 8 11 0.026926143 
505 480 7 9 0.026913477 
358 598 8 10 0.02690724 
952 552 8 10 0.02690643 
685 674 21 26 0.0268899 
784 520 7 9 0.026887177 
249 383 6 8 0.026883597 
323 700 24 29 0.026879841 
295 534 7 9 0.026863884 
614 560 8 9 0.026850123 
62 550 9 11 0.026849302 
690 496 7 9 0.026844628 
807 399 7 10 0.026837017 
220 661 15 17 0.026830906 
64 486 8 10 0.026801722 
752 461 7 9 0.026788637 
290 422 7 8 0.026777832 
8 440 8 11 0.026769435 
306 448 7 9 0.026762746 
392 584 7 10 0.026739199 
312 495 6 9 0.02673056 
727 576 8 10 0.02672514 
345 464 6 9 0.02672394 
897 440 7 9 0.02671904 
354 391 7 8 0.02670356 
898 456 7 10 0.026695283 
130 488 6 8 0.026659321 
616 591 7 10 0.02663921 
520 477 6 9 0.026638497 
816 607 18 22 0.026618484 
889 727 16 22 0.026616272 
510 463 7 8 0.02661376 
64 591 9 11 0.026611332 
477 615 10 12 0.02658753 
191 623 9 12 0.0265753 
625 391 8 9 0.026554083 
303 526 8 10 0.0265414 
377 577 8 10 0.026541203 
990 446 9 12 0.02653693 
962 407 6 8 0.026536731 
296 472 7 9 0.02653125 
377 488 7 9 0.026520599 
720 365 7 9 0.026518768 
510 431 8 10 0.026513312 
228 630 11 13 0.026504317 
489 519 8 10 0.026496224 
553 361 7 9 0.02647505 
72 551 7 10 0.026441164 
575 375 7 9 0.026408227 
-2 667 9 16 0.02638444 
144 613 10 11 0.02637883 
925 598 12 14 0.026368598 
529 706 20 26 0.026363099 
616 392 7 9 0.026345786 
970 519 7 11 0.026345529 
657 399 7 9 0.026306331 
358 538 18 23 0.02629777 
488 636 9 12 0.026297394 
281 433 7 9 0.026288182 
543 423 8 9 0.026280567 
529 599 9 11 0.026250707 
848 637 12 16 0.026246816 
78 573 8 10 0.026224714 
408 629 10 13 0.026217079 
743 569 7 9 0.026208954 
791 590 9 11 0.026198896 
592 454 8 10 0.02619788 
146 431 7 9 0.026193915 
512 589 8 10 0.02618576 
774 447 7 9 0.026174268 
494 663 21 25 0.026158728 
929 668 17 22 0.026149163 
815 438 8 10 0.026146509 
654 375 8 10 0.026144154 
551 553 8 10 0.026143305 
576 557 8 10 0.026139561 
375 384 7 8 0.026131544 
937 713 24 31 0.026127588 
968 525 8 11 0.026107084 
793 382 7 9 0.026100108 
760 389 7 9 0.02609755 
822 586 8 9 0.026078917 
160 455 7 9 0.026077803 
232 381 6 9 0.026063891 
72 401 8 10 0.026059238 
846 470 7 10 0.02604324 
369 376 7 8 0.026038092 
113 534 8 10 0.026036244 
753 384 7 9 0.026032621 
399 604 9 12 0.026031122 
576 480 7 9 0.026022624 
887 351 7 9 0.026019832 
503 566 7 9 0.026003523 
599 607 8 10 0.026001107 
685 629 11 13 0.025992451 
1010 497 9 11 0.025981957 
736 457 8 8 0.025971176 
312 526 9 11 0.025961528 
941 617 13 17 0.025947144 
647 382 8 10 0.025945025 
143 406 8 9 0.025937872 
889 329 8 10 0.025934014 
838 574 8 10 0.025927955 
591 509 8 11 0.025916375 
302 596 9 12 0.025915265 
104 592 8 10 0.025912447 
674 432 7 9 0.025904397 
185 524 8 11 0.025897408 
497 556 8 11 0.025896132 
984 541 10 13 0.025890637 
161 477 7 9 0.025888002 
808 454 7 9 0.025877038 
777 433 7 9 0.025868759 
808 405 7 10 0.025843106 
96 686 14 19 0.025839074 
550 714 28 35 0.02583501 
411 667 13 17 0.025829677 
343 518 8 10 0.025829472 
584 511 8 10 0.025823899 
105 479 8 10 0.025822597 
448 392 7 9 0.02580292 
350 472 8 10 0.025798535 
249 424 6 9 0.02579786 
359 495 8 11 0.025772534 
353 494 7 10 0.02577033 
841 519 8 9 0.02576277 
151 392 7 8 0.025742536 
199 424 7 9 0.025738752 
817 375 8 9 0.025727527 
919 596 10 13 0.025713531 
385 415 8 9 0.025701482 
327 480 7 10 0.025698615 
31 536 8 9 0.02569569 
695 487 7 9 0.02569491 
503 496 7 9 0.025670903 
1009 565 19 27 0.02566586 
154 415 7 10 0.025653906 
568 399 6 9 0.025633872 
577 470 7 10 0.025614154 
177 359 8 9 0.025611028 
808 478 7 10 0.025607517 
168 454 8 9 0.025592832 
969 493 8 10 0.02559244 
530 376 6 8 0.025588494 
383 614 8 11 0.025579428 
873 389 7 9 0.025576612 
29 565 10 12 0.025570143 
512 497 7 9 0.025554823 
399 565 8 10 0.025544124 
871 524 9 10 0.025542382 
111 517 8 10 0.025527876 
795 486 7 11 0.025520878 
351 406 7 9 0.025516484 
463 605 8 11 0.02550521 
185 383 6 8 0.025494315 
9 480 7 10 0.025482507 
264 503 9 11 0.0254584 
103 486 8 9 0.025433902 
32 465 6 9 0.025430456 
73 357 7 10 0.025400002 
806 630 11 14 0.02538466 
479 592 8 10 0.025374902 
802 511 7 10 0.025362104 
384 406 7 9 0.025358168 
64 400 7 9 0.025337638 
988 605 20 26 0.025326625 
488 655 11 15 0.025322612 
735 486 7 10 0.02529932 
859 621 11 13 0.025296504 
241 574 7 10 0.025292218 
504 520 8 10 0.025288833 
490 524 8 10 0.025268184 
814 480 8 9 0.025259243 
726 534 8 10 0.025251608 
831 544 7 9 0.025245218 
679 472 8 9 0.025205141 
128 623 9 11 0.025159637 
653 655 20 23 0.0251458 
479 392 7 9 0.025118614 
305 454 7 10 0.02510995 
617 431 8 9 0.025107512 
706 628 9 12 0.025055846 
430 651 11 15 0.025030117 
290 375 7 9 0.025026428 
424 477 7 9 0.025021778 
351 377 6 8 0.025007559 
849 628 12 14 0.025004303 
1004 548 10 13 0.024998939 
168 448 8 10 0.024994718 
89 448 7 9 0.024975734 
826 677 24 31 0.024969598 
989 654 11 15 0.02496266 
334 518 9 11 0.024949307 
88 615 18 22 0.024941528 
338 472 7 10 0.02494009 
143 527 8 10 0.024940042 
1007 557 10 13 0.024934791 
688 463 6 8 0.024919186 
393 464 6 8 0.024909543 
552 616 11 13 0.024903852 
470 455 7 10 0.024903437 
87 382 7 9 0.024898298 
207 556 8 11 0.02489743 
705 423 7 9 0.024885427 
877 616 9 12 0.024871498 
822 544 8 10 0.024861043 
661 399 8 10 0.024859395 
102 494 8 10 0.024856351 
822 503 8 10 0.024839757 
719 455 7 8 0.024838826 
893 327 8 10 0.024836699 
625 439 7 9 0.024834821 
575 592 7 9 0.024833478 
311 487 7 9 0.024833072 
253 383 20 27 0.024826208 
416 592 7 9 0.024823405 
41 680 14 16 0.02481533 
423 383 7 10 0.024805067 
992 555 10 13 0.024771007 
778 636 13 14 0.024769686 
674 558 7 9 0.02476945 
747 715 15 20 0.024762934 
46 540 8 10 0.024753934 
887 455 7 10 0.024747863 
192 488 7 9 0.024732683 
400 488 8 9 0.024719039 
794 359 8 10 0.024710683 
96 564 9 10 0.024695346 
737 550 8 11 0.024670448 
56 470 7 9 0.024663841 
991 399 7 9 0.02465455 
519 496 7 9 0.024642956 
850 336 8 10 0.024640381 
297 462 7 9 0.024637166 
737 447 7 9 0.024637125 
223 416 7 8 0.024613122 
895 687 18 22 0.024598703 
193 430 7 9 0.024580838 
795 641 13 17 0.024567394 
870 583 9 11 0.024557993 
477 581 8 11 0.024544742 
232 398 7 9 0.024538124 
9 567 8 11 0.024514882 
825 399 7 9 0.024498677 
801 471 7 9 0.024492491 
414 603 9 11 0.024479853 
642 358 7 10 0.024465594 
293 559 9 10 0.02445821 
921 511 8 10 0.024455922 
63 463 7 10 0.024440328 
875 677 14 18 0.024416147 
207 489 8 10 0.024387615 
54 590 9 12 0.0243865 
793 495 8 9 0.024351638 
506 673 24 30 0.024351496 
833 375 7 8 0.024348035 
759 550 7 9 0.024344806 
434 407 8 10 0.024336189 
897 391 7 9 0.02432234 
910 423 8 9 0.024319455 
79 351 8 11 0.024306051 
58 423 7 9 0.024302924 
997 554 11 13 0.024301179 
113 349 7 10 0.024298523 
391 568 8 10 0.024287565 
623 495 7 10 0.024287438 
288 390 6 8 0.024282502 
848 622 10 12 0.02428118 
197 725 12 18 0.024262467 
761 399 7 9 0.024248427 
265 527 7 10 0.024239788 
313 519 8 10 0.024238221 
217 397 8 9 0.024191419 
119 350 8 9 0.024188014 
701 657 20 25 0.024179975 
375 446 7 8 0.02417724 
45 519 9 11 0.024153171 
317 527 8 10 0.024148365 
47 485 8 10 0.024140358 
422 635 9 13 0.024135975 
206 409 8 9 0.024125727 
559 461 7 9 0.024110869 
879 663 13 19 0.024109444 
568 415 7 9 0.02410899 
87 464 7 9 0.02410797 
824 368 6 9 0.024107333 
259 719 14 20 0.024093406 
274 373 7 9 0.024090586 
329 518 8 11 0.024086203 
574 637 10 13 0.024081541 
569 502 8 9 0.024071256 
760 352 7 9 0.024063263 
519 397 8 10 0.02405888 
473 391 7 9 0.02404982 
806 527 8 10 0.024034644 
221 698 12 15 0.02402894 
225 406 8 10 0.024028067 
544 415 7 10 0.02402148 
415 431 9 10 0.02401273 
910 509 8 9 0.024006845 
528 528 8 10 0.02399186 
520 603 10 13 0.023962023 
463 359 7 8 0.023950633 
61 415 8 9 0.023948288 
352 541 8 10 0.02394528 
478 605 9 11 0.023918686 
192 650 12 16 0.023906047 
726 416 8 9 0.023875132 
218 439 8 9 0.023867656 
851 733 17 22 0.023850499 
232 501 8 10 0.02385045 
326 583 8 11 0.023841564 
295 439 7 10 0.023839464 
914 128 17 18 0.023833614 
448 486 8 10 0.023827096 
206 670 9 14 0.02379791 
360 501 7 9 0.023797814 
752 319 8 9 0.023796171 
255 359 7 8 0.023794731 
247 464 7 9 0.023792353 
901 472 8 9 0.023777455 
741 582 9 11 0.023751022 
335 650 12 16 0.0237478 
951 542 9 11 0.02374204 
681 606 9 12 0.023741605 
79 400 7 9 0.023729185 
199 488 8 9 0.023726612 
666 449 8 9 0.023712631 
767 494 8 10 0.023699438 
862 335 6 9 0.023675282 
756 717 14 18 0.023673056 
338 722 17 24 0.023664724 
480 573 8 10 0.02364248 
130 423 7 9 0.023633152 
498 585 7 10 0.023632921 
637 576 9 11 0.023622308 
279 407 7 9 0.023619223 
295 415 7 9 0.023594877 
913 471 7 9 0.023589505 
102 449 7 8 0.023583984 
142 496 8 9 0.023565196 
976 627 10 13 0.02355861 
375 455 6 8 0.023556933 
783 528 7 9 0.023554528 
330 456 7 8 0.023553457 
301 685 16 22 0.023542933 
390 495 8 10 0.023538206 
559 424 8 10 0.02353223 
920 502 9 11 0.023531368 
98 433 7 9 0.023515506 
280 448 7 9 0.023510985 
617 465 8 9 0.023497153 
111 455 7 10 0.023482943 
272 446 7 9 0.023482779 
353 517 7 9 0.02346488 
920 536 7 9 0.023460222 
721 318 8 10 0.023458058 
760 446 8 10 0.02345713 
142 480 8 10 0.023454366 
391 385 7 9 0.023438886 
959 440 8 10 0.023437811 
986 454 8 11 0.02342356 
478 544 8 10 0.023414688 
865 392 6 8 0.023400811 
292 715 14 19 0.023395877 
793 367 8 9 0.02336257 
296 479 7 10 0.0233591 
204 613 9 11 0.023305107 
911 566 8 10 0.023302242 
838 360 8 9 0.023301711 
801 612 9 10 0.023293639 
192 478 7 8 0.023293566 
88 480 7 9 0.023291698 
545 453 7 9 0.023255447 
625 456 7 10 0.023255289 
45 696 14 17 0.023240535 
773 318 10 11 0.023234729 
680 543 8 10 0.023232456 
606 646 8 11 0.023227304 
761 521 8 10 0.02322089 
703 456 7 9 0.023215808 
262 690 13 18 0.02320772 
126 519 8 9 0.023206903 
456 328 7 8 0.023206424 
257 485 8 11 0.02317437 
95 528 7 10 0.023167638 
407 567 9 10 0.023166344 
441 471 7 9 0.023145711 
223 384 7 9 0.023134792 
609 588 8 11 0.023131404 
753 390 7 9 0.023112591 
920 657 15 22 0.023111545 
126 527 8 11 0.023104977 
401 406 7 10 0.023096193 
200 358 7 9 0.023095364 
447 560 8 9 0.023094835 
7 400 8 10 0.0230925 
343 441 7 9 0.023091517 
30 574 9 11 0.023089996 
223 445 7 10 0.02307649 
600 489 8 9 0.023060886 
489 487 8 10 0.023050915 
543 488 8 10 0.02304219 
221 650 14 18 0.023040174 
1014 526 11 16 0.023006428 
614 477 7 10 0.022990264 
923 580 10 12 0.022983236 
356 696 16 19 0.022971949 
618 669 13 16 0.022961807 
23 456 7 9 0.022940297 
263 416 8 9 0.02293966 
820 618 11 14 0.022938991 
63 527 7 10 0.022928694 
64 454 8 9 0.022921644 
672 542 8 11 0.022913704 
489 511 7 10 0.02291335 
79 439 7 9 0.022886971 
974 589 9 13 0.022885773 
122 456 7 9 0.022881234 
710 568 7 9 0.022876186 
161 367 7 9 0.022869796 
154 495 7 9 0.022869244 
719 598 8 10 0.02285856 
290 658 14 18 0.02284997 
736 320 8 11 0.022849582 
801 518 7 10 0.022832112 
815 463 8 9 0.022831447 
231 584 9 11 0.02282112 
552 669 11 15 0.022800809 
280 437 7 9 0.022799056 
366 526 8 11 0.022798004 
450 422 8 9 0.022791449 
514 567 8 10 0.02276692 
800 400 7 9 0.022760041 
954 690 25 29 0.022757245 
29 616 18 23 0.02275539 
5 699 15 19 0.022754485 
820 688 15 20 0.022748161 
773 721 14 21 0.022738453 
637 614 8 10 0.022731226 
831 528 7 10 0.022717165 
368 455 7 9 0.022702655 
839 383 7 9 0.022674333 
881 471 9 10 0.022666872 
81 328 6 9 0.022641778 
489 469 8 10 0.02264148 
344 366 7 9 0.022625875 
712 352 8 10 0.022623548 
1005 654 19 28 0.022613354 
103 564 8 10 0.022606378 
1000 647 11 16 0.022603365 
600 652 9 13 0.022596689 
919 495 8 10 0.02257809 
218 494 8 10 0.022577124 
239 393 6 8 0.02257477 
960 424 7 9 0.022558274 
345 415 7 9 0.022539709 
601 441 7 9 0.022527564 
416 390 7 8 0.022506347 
549 637 11 14 0.02249281 
226 376 6 8 0.022475274 
240 583 10 12 0.02247327 
639 430 7 9 0.022470394 
599 593 8 10 0.022470294 
240 495 8 10 0.022443594 
255 351 7 8 0.022440605 
631 636 10 13 0.022429256 
576 415 7 9 0.02241789 
179 712 20 26 0.022416463 
34 456 7 9 0.022410847 
409 658 14 18 0.022405237 
320 571 7 10 0.022395583 
589 672 11 13 0.022369917 
624 424 7 9 0.022369716 
591 629 8 11 0.022337943 
622 614 10 12 0.02233452 
895 627 20 25 0.022307724 
817 569 8 10 0.022277528 
384 454 8 9 0.022277324 
98 519 7 9 0.02222694 
709 623 8 10 0.022219127 
440 680 20 23 0.022209829 
528 533 7 9 0.022199932 
933 643 14 22 0.02219784 
559 472 8 9 0.022184683 
752 343 8 9 0.022176677 
709 550 10 11 0.022167813 
768 573 8 10 0.022166844 
841 535 8 10 0.022163173 
95 575 7 9 0.02214711 
865 503 7 9 0.022145513 
112 527 8 10 0.022139918 
319 598 9 11 0.022134222 
432 479 7 9 0.02213004 
49 501 8 11 0.022116754 
678 634 11 14 0.02211529 
192 511 7 9 0.022111386 
903 540 7 10 0.022079017 
244 614 9 12 0.022063108 
208 351 7 9 0.022058167 
904 552 9 10 0.022041433 
544 320 7 10 0.022041125 
184 335 8 10 0.022040114 
792 327 7 9 0.022031698 
793 479 7 9 0.022022825 
169 383 7 9 0.02201999 
958 646 20 30 0.022006018 
637 588 9 11 0.02200319 
6 692 13 16 0.021996738 
0 532 8 10 0.021995984 
185 545 8 10 0.0219826 
584 417 7 9 0.0219801 
958 519 9 11 0.021979809 
185 392 7 9 0.021929428 
828 319 8 10 0.021928946 
318 415 7 8 0.021911578 
314 566 9 11 0.021896446 
838 598 10 12 0.021881543 
388 697 20 25 0.021877088 
633 566 8 10 0.021873062 
46 611 10 14 0.021859938 
619 623 19 24 0.021853536 
191 592 9 10 0.02184736 
169 432 7 8 0.021827951 
944 413 8 10 0.021825613 
470 471 7 9 0.021823961 
710 367 8 10 0.021818776 
374 576 20 26 0.021809721 
375 472 8 11 0.021803768 
215 488 8 9 0.021797527 
118 591 9 11 0.021793388 
433 637 10 13 0.021785947 
765 584 9 11 0.021778334 
789 549 8 10 0.02177552 
319 407 6 8 0.021768315 
830 485 8 9 0.021751748 
506 576 8 10 0.02175128 
872 602 10 13 0.021746116 
417 400 7 9 0.021742215 
86 628 10 14 0.021736655 
958 472 9 10 0.021723703 
24 589 9 12 0.021723427 
364 544 9 11 0.021713724 
591 623 8 10 0.02170876 
166 527 8 10 0.02170657 
401 384 8 9 0.021701949 
607 605 8 11 0.021677695 
337 567 18 24 0.021661684 
638 398 7 9 0.021654455 
198 376 7 9 0.021641737 
9 407 8 9 0.02161916 
797 374 7 10 0.021615043 
544 464 7 9 0.021607952 
513 316 7 10 0.02160404 
943 564 10 11 0.02160105 
943 448 8 10 0.0215868 
334 678 12 15 0.021583086 
526 361 6 8 0.021569328 
712 635 10 13 0.02156613 
969 503 8 11 0.021554425 
566 596 9 12 0.021551391 
181 652 10 13 0.02154201 
561 647 10 14 0.02154002 
294 646 10 12 0.02153694 
870 485 8 10 0.021529188 
901 448 19 25 0.02152866 
433 607 9 10 0.021525862 
359 477 8 10 0.021523457 
686 613 10 12 0.021513319 
725 646 10 13 0.021500198 
368 383 7 8 0.021492667 
727 319 8 10 0.021487312 
422 519 8 9 0.0214861 
705 326 9 11 0.021466978 
559 374 7 10 0.0214518 
874 367 6 9 0.021447165 
338 580 9 11 0.02143569 
471 576 7 9 0.0214351 
137 399 8 10 0.021433977 
278 368 7 8 0.02143201 
758 312 8 11 0.02139181 
239 632 12 15 0.021386154 
378 434 7 8 0.021385092 
553 376 6 8 0.021381006 
760 471 7 10 0.021370005 
56 446 7 9 0.021369785 
400 535 7 9 0.02136107 
751 606 17 23 0.021353826 
174 382 8 9 0.021341968 
250 432 19 26 0.021335153 
430 447 7 9 0.021333441 
697 572 8 10 0.021326534 
665 480 7 9 0.021316947 
567 629 10 13 0.02131627 
38 613 9 13 0.02130525 
113 390 8 9 0.021293595 
919 551 7 10 0.021291496 
831 343 7 9 0.021275572 
964 567 9 12 0.021250088 
598 559 8 9 0.021225618 
706 437 7 10 0.021222336 
161 519 6 8 0.021221947 
703 558 7 9 0.021219132 
815 416 7 9 0.021209715 
664 518 7 10 0.02120414 
895 623 10 13 0.02119662 
55 502 8 11 0.021194542 
997 519 9 11 0.021191774 
586 584 8 10 0.02119109 
819 637 11 15 0.02118675 
200 669 11 15 0.021180788 
538 486 7 9 0.021173092 
633 439 7 10 0.021171775 
799 734 14 22 0.021170385 
32 439 7 10 0.021149158 
38 627 10 12 0.021145407 
825 325 7 9 0.021141246 
854 359 7 10 0.021127889 
231 407 7 9 0.021112526 
198 532 8 11 0.021104544 
257 534 7 9 0.02110236 
696 472 7 9 0.021090811 
159 433 7 9 0.021073632 
410 375 7 9 0.021061666 
795 668 14 19 0.02104932 
96 599 9 11 0.021043254 
79 541 9 11 0.021016017 
242 566 9 11 0.02101541 
791 629 10 13 0.021007868 
924 607 20 25 0.020998225 
159 503 8 9 0.02099803 
391 454 8 9 0.020985704 
880 525 8 10 0.020981912 
273 559 8 10 0.02097986 
81 303 7 9 0.020975053 
542 504 7 10 0.020973189 
449 692 17 22 0.020970264 
679 627 12 15 0.020969326 
592 542 8 9 0.020955216 
190 504 7 9 0.020945352 
541 598 7 11 0.020939412 
826 341 7 10 0.02091262 
352 674 22 26 0.020890623 
422 650 10 15 0.02088656 
7 557 10 12 0.020871792 
829 469 8 10 0.020869343 
565 608 9 11 0.020861533 
505 503 7 9 0.020859793 
112 336 7 10 0.020858983 
216 415 8 9 0.020858878 
198 367 8 9 0.020856231 
519 576 19 25 0.020835688 
238 648 14 17 0.020830752 
205 599 9 12 0.020825442 
86 683 14 18 0.02081929 
798 560 9 11 0.020817477 
192 599 8 10 0.020810323 
349 372 378 421 0.020797422 
365 558 9 11 0.020792026 
142 457 19 24 0.020784631 
345 391 6 8 0.020764122 
815 455 8 10 0.020761497 
470 416 18 25 0.02074909 
39 525 9 11 0.020743553 
294 635 10 13 0.020738913 
872 496 7 9 0.020735769 
817 596 8 11 0.020730007 
264 535 7 10 0.020716054 
184 519 8 11 0.020712862 
852 590 9 12 0.020704864 
492 612 11 13 0.020704143 
88 722 18 21 0.020703988 
169 518 7 9 0.020696513 
675 387 11 14 0.020692261 
40 536 8 10 0.02067446 
832 350 7 9 0.020672753 
579 360 6 9 0.020667747 
396 621 11 13 0.02066612 
840 510 7 9 0.020655261 
967 470 9 12 0.020655071 
761 374 7 9 0.020647183 
480 310 7 9 0.020644283 
61 661 10 13 0.020641573 
609 471 8 10 0.02063191 
352 463 7 8 0.02062818 
709 325 9 11 0.020618448 
606 391 7 9 0.02060433 
960 487 7 10 0.020597745 
130 439 7 9 0.020594662 
128 400 7 8 0.020589354 
80 310 7 10 0.020580629 
584 714 24 31 0.020578058 
948 626 14 16 0.020569557 
327 462 8 10 0.02056501 
792 353 8 8 0.020562224 
854 350 7 10 0.020536002 
231 511 9 11 0.020533118 
1010 490 19 26 0.02053287 
498 657 13 17 0.020520648 
40 446 8 10 0.020504981 
872 627 11 15 0.020503392 
457 567 8 10 0.02049989 
504 319 7 9 0.020475892 
953 463 8 10 0.02047303 
583 671 10 14 0.020472025 
898 463 7 8 0.020459779 
241 432 7 9 0.020458795 
573 645 10 13 0.020453556 
253 682 15 18 0.020451361 
278 470 7 10 0.020446194 
697 334 7 8 0.020441 
569 470 8 10 0.020440036 
57 407 7 9 0.020435302 
233 440 7 10 0.020434594 
830 518 7 9 0.02041615 
825 407 7 8 0.020412464 
730 495 8 10 0.020410344 
714 40 9 12 0.020407131 
915 693 16 22 0.020392068 
161 464 7 9 0.020379812 
1002 636 19 26 0.020375391 
984 496 8 10 0.02036953 
382 597 9 10 0.020360563 
139 669 15 16 0.020349493 
551 518 8 9 0.020348042 
216 360 7 9 0.020338865 
61 669 12 16 0.020320037 
280 501 8 10 0.020319913 
25 446 7 9 0.020319687 
870 304 8 11 0.020311704 
758 344 7 8 0.020297315 
833 620 10 12 0.020291656 
414 630 10 13 0.020287206 
662 607 18 23 0.020284396 
679 320 9 11 0.020279922 
543 591 8 10 0.020277677 
585 392 6 8 0.020276627 
95 480 7 9 0.020270718 
857 693 25 31 0.020270482 
776 560 7 10 0.020264378 
592 519 8 10 0.020250654 
656 616 8 10 0.020245139 
314 509 8 11 0.020239111 
904 594 11 14 0.020232243 
887 696 24 28 0.020231025 
386 422 7 9 0.020214334 
207 423 8 9 0.020204676 
111 542 8 10 0.020204052 
782 565 8 11 0.020187974 
880 503 8 10 0.020185418 
42 739 17 21 0.020182382 
317 621 9 12 0.020173492 
824 351 8 10 0.020168083 
721 416 7 8 0.020167941 
679 439 7 9 0.02016468 
94 582 8 11 0.020162463 
260 670 18 22 0.020142706 
489 503 6 9 0.020112844 
921 611 12 14 0.020085875 
82 335 7 8 0.020078706 
870 680 15 20 0.020065151 
212 708 12 15 0.02004652 
662 581 8 9 0.02004322 
786 317 7 10 0.020041768 
768 408 7 9 0.02004117 
289 571 9 11 0.020040559 
816 496 8 9 0.020030374 
569 497 7 9 0.020021178 
135 623 10 11 0.020005466 
