10_People_Marching_People_Marching_2_944
85
247 512 37 42 0.99371594 
483 452 33 40 0.9932239 
607 455 44 51 0.98521096 
55 450 38 55 0.8442575 
130 483 31 34 0.68995357 
110 415 43 58 0.6069416 
235 468 26 32 0.5453506 
290 485 31 40 0.5212735 
209 538 31 44 0.37875572 
577 439 28 38 0.1490092 
171 503 18 25 0.13704683 
680 273 44 59 0.11805723 
651 445 29 38 0.07597584 
11 456 41 65 0.06847974 
72 562 27 36 0.06410902 
132 28 15 19 0.062024344 
38 459 30 43 0.061573096 
27 145 31 37 0.060780272 
65 531 18 22 0.058962636 
259 449 23 28 0.056271404 
261 421 24 31 0.050841093 
57 -47 396 503 0.05056039 
3 837 23 33 0.05002488 
650 395 17 18 0.048650123 
153 494 25 33 0.044970233 
493 394 17 23 0.04032514 
544 459 38 55 0.03978964 
259 434 27 34 0.03974881 
399 599 377 480 0.039433975 
666 642 34 32 0.03808604 
459 387 28 39 0.03721319 
714 402 18 23 0.036977038 
0 413 27 44 0.035532158 
36 6 24 27 0.035122808 
46 805 16 19 0.035016816 
611 640 76 71 0.034716375 
310 539 33 43 0.034548637 
178 507 18 24 0.034404606 
151 301 31 45 0.0342461 
790 7 237 230 0.034075756 
24 35 23 31 0.033962656 
225 542 28 39 0.033126462 
14 543 29 37 0.032511976 
495 751 212 327 0.0322386 
974 18 50 72 0.03157701 
250 455 24 31 0.03108234 
0 470 30 54 0.03069455 
168 83 14 17 0.030569497 
38 3 16 18 0.030496914 
147 202 27 33 0.02993516 
566 445 28 38 0.029465249 
236 460 18 22 0.029032685 
636 451 33 40 0.027730899 
220 530 26 39 0.0274396 
292 480 19 26 0.027438441 
185 580 32 42 0.027189238 
128 498 32 39 0.026760263 
248 583 25 31 0.026561324 
475 443 29 41 0.026442386 
299 535 31 37 0.02643206 
132 535 29 38 0.025950072 
595 365 27 31 0.025722973 
310 420 33 42 0.024805207 
185 137 27 35 0.024291782 
936 6 94 108 0.023985274 
22 536 379 526 0.023294333 
282 529 28 34 0.023271881 
103 15 25 30 0.022666749 
0 665 11 23 0.02246721 
676 801 56 65 0.02211986 
49 18 14 19 0.022029374 
23 123 47 56 0.021870503 
27 466 28 38 0.021857891 
583 392 18 23 0.021343663 
304 479 29 36 0.021215955 
23 30 12 17 0.02092663 
689 546 51 67 0.020897558 
125 23 25 31 0.020869939 
129 521 29 38 0.020750022 
112 478 28 38 0.020575209 
665 440 29 36 0.020560175 
654 460 29 36 0.020451568 
33 89 35 41 0.020317486 
699 292 32 43 0.020242516 
234 523 28 37 0.020120457 
