10_People_Marching_People_Marching_10_People_Marching_People_Marching_10_69
2647
733 416 14 18 0.996828 
236 354 14 20 0.99466234 
652 457 18 22 0.9939214 
491 546 17 21 0.99187076 
210 607 18 23 0.9909821 
841 476 16 22 0.98965096 
395 502 17 22 0.98940384 
875 648 22 28 0.9893504 
745 574 21 26 0.9886432 
476 561 15 21 0.9868954 
883 443 16 22 0.98631346 
251 406 14 18 0.98572344 
358 534 17 22 0.9854154 
869 543 18 21 0.9851187 
181 163 11 14 0.9838501 
161 513 17 22 0.9821406 
537 377 15 18 0.9819432 
5 611 22 27 0.9816867 
881 578 19 24 0.98050654 
960 630 21 28 0.9803797 
535 467 18 21 0.9795308 
426 451 14 17 0.97925603 
628 371 13 17 0.9783077 
49 593 21 26 0.97767055 
502 433 16 21 0.97744226 
181 446 19 23 0.97651666 
682 419 14 17 0.97632366 
563 535 17 23 0.97624993 
774 357 12 15 0.9761629 
794 543 18 22 0.97554636 
99 565 18 25 0.97554135 
484 269 10 13 0.97551423 
932 446 16 21 0.9751693 
358 456 18 21 0.9723201 
169 489 17 22 0.9696158 
513 565 17 21 0.96933794 
716 539 21 27 0.96933764 
876 394 14 17 0.96864945 
709 304 13 16 0.9685092 
223 519 15 19 0.96589756 
931 577 20 24 0.9656343 
164 558 19 24 0.96501863 
821 370 13 16 0.96437263 
119 619 19 23 0.9637237 
381 411 14 16 0.9637153 
424 491 17 21 0.9634017 
359 627 22 29 0.96337855 
677 252 12 15 0.96263486 
563 372 13 17 0.96245295 
995 526 18 22 0.9620143 
608 554 18 24 0.959471 
302 604 18 23 0.9585242 
691 274 13 16 0.9567913 
440 475 16 19 0.9565367 
436 294 11 14 0.9549307 
504 495 16 21 0.9535746 
366 498 18 22 0.95283794 
381 351 14 17 0.9521261 
197 188 12 15 0.9516953 
470 502 16 20 0.9505242 
885 481 19 23 0.9489324 
998 597 15 20 0.9487201 
767 444 15 20 0.948297 
622 280 13 16 0.94828653 
644 578 19 24 0.9466923 
179 654 19 24 0.94648814 
391 595 21 24 0.9463581 
143 227 13 16 0.9449882 
950 475 18 21 0.9444549 
107 251 13 18 0.9424425 
428 658 21 26 0.94123286 
232 549 18 21 0.94102275 
661 263 11 14 0.9386589 
600 659 21 25 0.93859065 
259 637 16 21 0.936093 
754 618 21 26 0.93525 
631 494 17 22 0.93315125 
467 299 13 16 0.9324277 
978 602 20 24 0.9282547 
652 346 13 17 0.92785764 
688 659 22 27 0.9236329 
595 332 12 16 0.92355007 
695 482 20 25 0.9214312 
764 651 17 21 0.9212131 
461 215 11 13 0.921118 
840 613 20 26 0.92107594 
173 135 10 13 0.92020226 
779 502 16 19 0.91742986 
220 109 12 15 0.9158224 
806 399 13 17 0.91552824 
449 271 9 13 0.9152216 
726 501 18 22 0.9151939 
295 458 17 20 0.9149131 
484 312 11 14 0.9146184 
628 328 13 16 0.9129722 
87 510 19 24 0.91116214 
686 389 13 16 0.90655077 
448 370 17 20 0.90546733 
108 218 14 16 0.90538514 
559 318 12 16 0.90516406 
218 659 17 24 0.9031841 
791 380 13 16 0.902859 
91 243 12 16 0.8994773 
300 422 14 18 0.8989085 
734 312 12 15 0.8973768 
718 357 13 17 0.8955394 
156 414 15 19 0.89460754 
600 310 11 15 0.8945156 
227 487 14 19 0.8932439 
533 611 19 25 0.89267945 
567 267 11 14 0.88878226 
403 576 18 23 0.8850402 
541 542 16 18 0.88183516 
272 566 18 21 0.8805516 
318 548 17 21 0.8788264 
759 506 16 20 0.8770733 
452 326 11 15 0.8755939 
744 393 12 17 0.8742608 
305 500 21 26 0.87164694 
584 627 18 22 0.8690368 
550 580 16 18 0.8688171 
456 466 15 18 0.86747676 
577 493 15 19 0.8622586 
588 446 14 19 0.85964185 
97 194 12 16 0.856609 
129 478 16 20 0.85066134 
817 528 15 19 0.84537005 
716 215 9 11 0.8414912 
720 386 13 16 0.84104246 
566 460 14 19 0.84011275 
404 163 12 15 0.83915955 
687 327 13 17 0.8364567 
0 658 20 29 0.8355029 
163 179 13 16 0.8322286 
439 618 21 23 0.830625 
714 181 8 11 0.82511115 
725 474 15 19 0.8244376 
292 109 9 12 0.8236504 
401 527 16 19 0.8225432 
615 265 12 14 0.82214844 
505 672 22 25 0.8181097 
785 408 14 17 0.81685966 
567 301 10 12 0.8146961 
639 311 12 15 0.8143493 
846 418 13 17 0.8075824 
320 192 11 15 0.8065514 
739 329 12 15 0.8045826 
428 314 12 15 0.8002352 
890 632 19 23 0.7961073 
298 198 12 16 0.79430115 
597 508 17 20 0.7940298 
918 545 22 26 0.79367363 
628 419 14 20 0.7932207 
53 561 14 17 0.787371 
979 335 13 17 0.78113127 
285 663 16 22 0.776773 
188 129 12 15 0.77663213 
520 166 8 11 0.7705217 
380 384 14 17 0.7590044 
462 277 11 14 0.75774974 
645 102 12 15 0.74678904 
579 349 12 15 0.7425592 
428 168 10 13 0.7346061 
132 178 14 16 0.73333985 
195 214 13 16 0.7324732 
332 611 19 24 0.72688943 
909 470 12 17 0.7263743 
660 230 8 11 0.72576183 
580 255 10 13 0.72155875 
397 111 9 12 0.7194835 
706 341 12 14 0.7161539 
75 226 13 15 0.7140561 
303 480 14 18 0.7132167 
886 327 12 15 0.7127744 
164 208 13 15 0.71146804 
659 290 11 14 0.6919099 
613 210 11 14 0.69064695 
422 120 8 11 0.6891584 
456 245 9 12 0.6887495 
314 672 23 26 0.6882282 
117 197 12 15 0.68107116 
296 175 10 12 0.67558384 
115 333 15 18 0.6730839 
718 447 14 17 0.67214125 
465 410 15 17 0.6691829 
200 134 12 15 0.666505 
311 149 10 13 0.6662732 
111 106 10 13 0.6650543 
294 159 10 12 0.657345 
485 348 12 15 0.6558193 
660 307 11 14 0.65431523 
332 128 9 11 0.6538084 
512 239 9 13 0.6441583 
686 228 9 12 0.6397626 
272 197 10 13 0.63276184 
437 129 9 11 0.6316539 
93 485 15 18 0.6263199 
638 192 10 14 0.62477076 
469 190 9 12 0.62467945 
492 188 10 13 0.6223113 
133 130 11 13 0.61974007 
271 86 10 12 0.6155788 
409 191 10 13 0.613424 
786 142 8 11 0.6091161 
584 140 8 10 0.6028464 
605 191 9 11 0.5925241 
239 53 8 10 0.5910364 
494 144 7 10 0.5905669 
374 179 11 15 0.58973086 
580 286 11 12 0.58915037 
212 163 10 14 0.585315 
527 207 9 10 0.5838291 
825 572 16 20 0.5833935 
458 180 8 11 0.5803154 
131 154 11 15 0.5757391 
680 216 9 11 0.57552874 
94 640 22 27 0.5753136 
696 244 10 11 0.57023054 
804 572 12 17 0.56884617 
951 306 13 16 0.5665897 
497 159 9 12 0.5665796 
440 251 9 12 0.5548885 
433 533 13 17 0.5518605 
703 164 9 11 0.5496611 
737 142 10 13 0.5451843 
328 358 10 14 0.54219544 
385 197 11 13 0.53846246 
549 630 16 20 0.53816766 
235 140 8 11 0.53469 
148 145 11 14 0.53263175 
244 611 16 19 0.5311289 
115 508 16 21 0.5308929 
136 193 13 16 0.5288354 
204 88 11 13 0.52489924 
578 112 8 11 0.5229022 
463 117 8 10 0.5220064 
158 112 9 12 0.5208418 
720 70 8 10 0.5187572 
632 246 11 13 0.5133499 
689 151 10 13 0.51268226 
446 190 8 10 0.5117995 
588 230 11 13 0.5113214 
312 94 9 11 0.51106715 
469 266 11 13 0.50979334 
606 243 10 12 0.5081166 
618 127 8 10 0.5017139 
267 468 13 16 0.4932884 
780 104 8 11 0.4922303 
502 635 16 18 0.4920449 
759 116 9 11 0.48448503 
647 37 8 11 0.48432252 
417 143 9 13 0.48036104 
99 148 11 15 0.47990188 
382 72 9 11 0.47963476 
135 663 23 26 0.47747225 
325 164 9 13 0.47720006 
270 112 9 12 0.47523275 
472 159 9 12 0.4733159 
727 52 9 11 0.46932137 
103 315 14 18 0.46823886 
604 80 9 12 0.46546856 
700 125 11 14 0.46512693 
592 171 10 12 0.46167648 
533 194 11 12 0.45947018 
497 221 10 12 0.45485038 
74 191 12 15 0.44636285 
300 533 13 18 0.44504824 
307 169 11 15 0.44463375 
615 133 9 11 0.44362476 
1002 202 13 16 0.44208133 
269 416 13 17 0.43888882 
327 469 13 16 0.4348244 
711 451 14 17 0.42931798 
164 150 11 13 0.42597166 
160 225 13 15 0.42580652 
472 102 7 10 0.42534086 
402 72 6 8 0.42320338 
681 191 9 12 0.42290416 
819 437 14 18 0.41364184 
346 119 9 11 0.41226086 
405 675 21 24 0.41205353 
502 388 11 14 0.41110942 
546 111 8 10 0.4107261 
424 345 12 16 0.41059515 
760 109 11 14 0.40944517 
860 361 12 16 0.40319675 
692 302 10 14 0.4005898 
345 162 11 14 0.39685383 
245 116 10 12 0.39446872 
639 143 9 11 0.39423883 
496 284 9 12 0.39363563 
701 596 17 19 0.3935365 
157 84 9 12 0.39031908 
586 95 8 10 0.39009333 
689 177 9 11 0.38641346 
939 410 15 19 0.38404298 
198 72 9 11 0.38278037 
119 235 14 17 0.38206935 
554 658 14 18 0.37983698 
680 220 9 12 0.37086517 
324 188 11 14 0.36940023 
265 128 10 12 0.36883754 
228 185 11 15 0.3687142 
230 46 8 12 0.36768594 
264 87 9 11 0.36721718 
437 224 8 11 0.36427 
145 96 8 10 0.3581553 
59 198 12 14 0.35797265 
368 126 7 10 0.35367408 
265 183 10 12 0.3516151 
530 158 8 11 0.35104364 
820 672 21 24 0.34722 
455 101 7 10 0.34718955 
749 93 9 11 0.34680244 
392 93 6 9 0.34609213 
612 357 13 16 0.34488612 
233 87 11 13 0.34342676 
551 428 15 18 0.34014702 
349 124 9 11 0.33963925 
646 133 8 10 0.33914742 
474 142 8 11 0.33899382 
597 154 10 12 0.33678237 
333 101 8 11 0.3366712 
327 183 10 13 0.3356163 
624 225 10 13 0.33405802 
716 242 11 14 0.33366266 
431 79 8 10 0.3334529 
623 175 9 11 0.33052492 
442 116 9 11 0.32963982 
287 405 11 15 0.32887995 
241 119 10 11 0.32736623 
583 9 10 11 0.32715744 
672 157 8 11 0.32496902 
703 108 8 10 0.32389277 
245 70 8 12 0.3224714 
376 102 8 11 0.32168302 
340 374 11 15 0.32071006 
386 385 14 17 0.31968078 
557 80 9 11 0.3166973 
566 581 13 17 0.31501642 
479 364 12 15 0.3123237 
121 144 9 12 0.30934983 
501 78 8 11 0.30795676 
700 640 12 14 0.3071548 
287 80 7 9 0.3062263 
817 344 10 12 0.30275947 
280 183 12 14 0.301698 
290 135 9 12 0.3016932 
215 32 6 8 0.30145383 
181 72 9 12 0.2986007 
407 97 8 10 0.29802996 
185 100 9 12 0.29790285 
348 158 10 14 0.2974433 
289 350 8 10 0.29597795 
217 7 7 9 0.29509294 
194 60 8 11 0.29472375 
108 282 13 17 0.29241824 
608 152 8 11 0.29141635 
573 597 16 19 0.28978953 
761 78 10 11 0.2855083 
647 183 9 12 0.28441852 
458 593 15 20 0.2843757 
244 181 10 13 0.28366238 
461 159 9 12 0.28160506 
137 112 8 10 0.28123447 
536 447 11 14 0.27930245 
452 198 10 12 0.27612337 
863 316 11 14 0.2755922 
263 147 10 12 0.26942098 
328 96 8 10 0.26785454 
552 263 9 11 0.2677324 
142 67 8 11 0.2654113 
713 237 10 14 0.26443008 
743 359 12 15 0.2636039 
504 120 7 9 0.26100615 
398 34 8 9 0.26089895 
615 165 8 10 0.26030642 
194 32 7 9 0.2595555 
741 75 9 11 0.25830984 
645 331 13 16 0.25632706 
578 326 12 15 0.2557583 
673 395 11 14 0.25299165 
592 207 10 12 0.25161654 
655 183 10 12 0.25131863 
845 367 9 12 0.25027037 
988 596 18 25 0.2496561 
520 113 9 10 0.24717242 
912 573 13 18 0.24691236 
957 511 15 18 0.24681205 
389 211 12 14 0.24546306 
455 95 7 10 0.24543446 
596 294 10 13 0.24483399 
525 113 8 9 0.2447408 
653 276 10 13 0.24332191 
365 56 8 10 0.24077997 
418 123 9 12 0.23918696 
393 49 7 8 0.23812824 
567 142 8 10 0.23812728 
197 115 10 12 0.2380273 
593 152 10 12 0.23750392 
151 58 8 9 0.2371362 
217 196 10 13 0.23706909 
280 155 9 12 0.23683657 
107 466 14 17 0.23591863 
777 311 11 13 0.23498647 
377 147 9 12 0.23443016 
342 585 16 19 0.23423387 
75 269 13 17 0.233916 
645 549 16 20 0.23347457 
215 71 9 11 0.23317985 
501 215 8 11 0.23315074 
395 584 20 25 0.23307559 
166 109 9 11 0.23184742 
607 117 8 11 0.22990188 
566 135 7 10 0.22965772 
360 435 14 18 0.22921737 
480 79 8 10 0.22869691 
641 31 8 11 0.22816992 
544 135 8 11 0.22758706 
505 269 10 12 0.22731085 
318 127 8 11 0.22479762 
174 627 14 18 0.224689 
412 417 14 17 0.22276379 
327 16 8 10 0.22253403 
531 333 14 16 0.22251774 
642 135 8 11 0.22205894 
406 412 13 18 0.21968243 
821 584 18 21 0.21914683 
833 332 10 13 0.21847321 
598 287 9 11 0.21410072 
128 150 10 15 0.21392277 
336 36 8 11 0.21337928 
593 297 10 13 0.21201605 
334 548 13 17 0.21199213 
486 673 18 22 0.21131405 
665 148 9 11 0.20993964 
337 380 10 13 0.20889877 
318 389 14 17 0.20581205 
239 9 7 8 0.20580363 
369 95 7 9 0.20564595 
508 254 9 11 0.20510706 
620 356 12 16 0.20378616 
753 375 10 13 0.2028038 
821 162 10 13 0.20256191 
398 128 7 9 0.20193437 
246 112 10 11 0.20125864 
749 0 12 12 0.20033431 
894 133 9 10 0.2002833 
126 81 8 11 0.19994776 
346 53 8 10 0.19842602 
613 140 9 12 0.19290024 
240 172 10 13 0.19193156 
209 16 8 10 0.19182353 
940 330 15 18 0.19175228 
224 175 9 11 0.19148408 
304 123 9 12 0.19061561 
117 191 10 13 0.1904069 
520 285 10 13 0.18925638 
713 233 8 10 0.18878427 
473 135 7 9 0.18867666 
509 283 9 12 0.18842451 
222 103 12 15 0.18760729 
217 352 10 12 0.18399793 
143 128 9 11 0.18390627 
419 146 11 14 0.18376504 
505 263 8 11 0.18157336 
958 552 15 21 0.18001328 
598 131 9 12 0.17955826 
132 321 13 19 0.17562045 
525 145 8 9 0.17520706 
236 413 10 14 0.17483856 
625 309 10 12 0.17468825 
866 134 9 12 0.17433086 
231 25 7 9 0.17362359 
208 234 12 15 0.17354026 
88 79 9 12 0.17287028 
713 48 7 11 0.17250663 
661 224 9 12 0.17230551 
351 207 10 14 0.17224537 
447 79 8 9 0.17200924 
263 46 7 10 0.1715554 
222 69 9 12 0.17085713 
550 135 8 11 0.17084357 
368 41 8 9 0.16921343 
511 118 7 9 0.16721112 
596 212 9 12 0.16652921 
615 28 8 11 0.16608663 
624 454 12 15 0.16547497 
461 182 9 11 0.16539769 
312 125 9 12 0.16498998 
318 94 8 10 0.16425465 
863 409 12 16 0.16423528 
271 216 10 12 0.16389841 
545 151 7 9 0.1628148 
316 227 14 16 0.16249491 
293 104 10 11 0.1621953 
287 47 8 9 0.1620436 
449 195 9 12 0.1618386 
264 116 10 13 0.1613014 
687 52 9 11 0.15896973 
763 389 11 14 0.15853854 
543 216 9 12 0.15832105 
649 68 10 12 0.15793712 
294 64 6 8 0.15759313 
409 56 7 9 0.15745065 
379 335 11 12 0.1573673 
272 173 8 11 0.1569198 
542 335 13 16 0.1567322 
586 235 10 12 0.15592921 
764 334 10 12 0.15427934 
241 155 9 12 0.15396802 
561 127 8 10 0.15379441 
553 174 8 10 0.15332751 
384 203 12 18 0.15309371 
636 250 10 13 0.15303986 
530 192 9 12 0.15250708 
223 458 12 14 0.15078312 
384 47 7 9 0.15000708 
208 170 11 13 0.14925191 
628 227 10 12 0.14904658 
581 292 10 13 0.14849216 
279 56 7 10 0.14800386 
672 1 12 12 0.14738075 
725 293 11 14 0.14720869 
568 15 7 9 0.14718129 
463 272 11 13 0.14672135 
513 87 7 9 0.14626221 
438 97 9 11 0.14618759 
240 150 9 12 0.14485301 
358 110 9 11 0.14483388 
511 143 8 10 0.1446908 
349 103 8 10 0.14454274 
638 55 8 10 0.14344263 
504 208 7 10 0.1432271 
96 119 9 12 0.14303158 
582 185 8 10 0.1419864 
167 81 8 10 0.14196038 
646 188 10 13 0.14140919 
614 101 9 11 0.14109524 
962 395 14 18 0.14096147 
509 382 11 15 0.14032638 
433 102 8 10 0.14026657 
647 441 15 18 0.14024599 
775 151 8 11 0.1401983 
521 145 7 10 0.14001133 
394 128 7 9 0.14000048 
96 594 13 18 0.13890223 
551 419 15 18 0.13874242 
702 396 11 14 0.1383848 
486 127 8 9 0.13809696 
510 348 10 13 0.13807535 
182 7 7 9 0.13778211 
601 111 8 10 0.13773969 
368 173 9 12 0.13738064 
952 668 22 27 0.136958 
471 111 8 10 0.13675337 
385 417 14 16 0.13675317 
119 595 15 19 0.1362663 
896 524 12 15 0.13619038 
289 62 8 10 0.1355535 
584 100 9 11 0.1353048 
513 113 7 9 0.13475397 
274 608 15 18 0.13438743 
686 124 9 11 0.13410404 
196 421 14 17 0.13368504 
185 230 12 15 0.13329783 
194 70 8 11 0.13261165 
148 223 13 16 0.13260642 
892 332 11 15 0.13223454 
308 396 11 13 0.13167271 
405 477 13 17 0.13163337 
701 264 9 11 0.1303851 
589 554 16 19 0.13020171 
553 83 9 11 0.13019021 
527 151 8 10 0.13007498 
224 95 8 11 0.12991862 
262 40 8 11 0.12987225 
247 37 7 9 0.12973948 
724 269 10 13 0.12891117 
367 167 9 11 0.12853377 
153 39 8 11 0.12821998 
543 141 8 10 0.12802993 
596 588 14 17 0.12754346 
800 317 10 12 0.1275319 
910 164 15 19 0.1271752 
923 642 12 15 0.12703876 
277 533 14 18 0.12652019 
717 174 9 12 0.1265153 
544 105 8 9 0.12641478 
854 148 11 13 0.12534323 
336 450 16 19 0.12442998 
271 81 7 9 0.12442896 
182 369 15 17 0.12438184 
360 93 7 10 0.12421427 
196 55 9 11 0.1238321 
534 89 8 10 0.1234014 
320 55 7 8 0.123341784 
712 53 8 11 0.12308618 
285 204 10 12 0.12262674 
495 413 13 16 0.12122309 
626 460 15 18 0.1212018 
255 142 10 12 0.12118095 
607 399 13 15 0.120363444 
602 195 9 12 0.12035041 
669 151 8 11 0.12002246 
304 56 7 9 0.11993361 
656 269 10 13 0.11946957 
607 283 11 14 0.11927184 
678 390 11 15 0.118868634 
273 60 8 10 0.11859059 
383 118 8 10 0.11844111 
169 31 7 9 0.11757273 
305 424 15 18 0.11754809 
407 72 7 8 0.11709756 
397 212 12 14 0.11674233 
210 587 14 17 0.116571575 
368 45 8 10 0.11649896 
762 576 15 20 0.11646854 
692 155 10 13 0.11644367 
218 64 8 10 0.114933 
255 63 8 10 0.11478655 
230 228 12 14 0.11464222 
258 39 8 10 0.11426786 
551 153 8 10 0.114009395 
707 346 13 15 0.11393692 
530 94 7 9 0.113908045 
656 161 9 11 0.113721006 
464 592 20 25 0.11346332 
249 22 7 9 0.11344841 
424 31 7 9 0.11319899 
440 436 12 17 0.1131836 
182 48 8 10 0.11303962 
698 29 9 10 0.11253086 
738 72 9 11 0.11249422 
904 356 13 18 0.11217679 
154 80 8 10 0.11197417 
881 531 15 18 0.11185295 
1008 185 12 15 0.11170419 
264 462 12 16 0.11110871 
526 285 10 14 0.11086342 
1002 563 18 21 0.11073632 
349 49 8 11 0.110531166 
690 308 10 12 0.110406525 
645 33 9 11 0.11038786 
208 38 8 9 0.11031439 
263 54 7 9 0.109841414 
440 42 7 9 0.10978789 
443 252 11 13 0.10938639 
380 143 9 12 0.109233625 
502 136 8 10 0.109201424 
296 93 9 11 0.109100774 
100 126 9 12 0.1090846 
546 115 8 11 0.10874163 
480 95 7 9 0.108545154 
486 72 8 9 0.10846123 
18 576 16 20 0.10838363 
376 118 9 11 0.10769775 
160 156 11 13 0.107419506 
649 85 9 11 0.10740424 
497 110 7 9 0.10740195 
596 302 12 15 0.10736687 
623 315 12 15 0.10733855 
320 33 6 9 0.107007764 
601 30 8 10 0.10669241 
456 163 10 11 0.10665024 
439 63 7 9 0.1064684 
480 86 7 9 0.10604724 
444 185 9 10 0.10600056 
589 134 9 12 0.10589482 
478 475 12 16 0.10556673 
413 195 9 12 0.105535306 
893 338 11 15 0.105293736 
344 112 9 10 0.1048558 
404 371 11 15 0.10483763 
561 134 8 10 0.10473325 
287 139 10 12 0.1044754 
182 23 8 10 0.10430265 
705 84 8 11 0.10363118 
576 502 14 19 0.10312044 
634 424 14 17 0.10299695 
159 41 8 9 0.1028022 
311 120 9 11 0.101381384 
566 127 8 9 0.10137856 
370 512 14 18 0.1012605 
279 61 8 10 0.10105297 
130 127 10 13 0.10095761 
759 520 14 20 0.100816354 
481 244 9 11 0.100633256 
183 186 12 15 0.100394525 
413 666 23 28 0.10002371 
757 380 12 15 0.099516176 
583 361 12 16 0.099360965 
211 436 14 18 0.09930194 
797 377 8 11 0.098708294 
402 159 11 13 0.09808742 
465 426 14 17 0.09804124 
142 79 8 10 0.09794197 
632 45 9 11 0.09752352 
272 39 8 10 0.09685647 
180 384 15 18 0.09682605 
505 277 11 15 0.09677079 
177 78 8 10 0.09674595 
730 314 11 14 0.09664591 
614 381 12 14 0.09630429 
351 95 7 10 0.09610476 
795 385 13 16 0.09608819 
696 118 9 11 0.0960019 
466 47 7 9 0.09594787 
575 292 10 14 0.0957493 
389 469 13 17 0.09571998 
399 366 13 16 0.09559493 
311 61 7 9 0.09546449 
974 521 13 16 0.095225774 
516 317 10 13 0.09521271 
393 16 7 9 0.0948874 
661 93 9 11 0.094736904 
716 233 10 11 0.09456997 
178 48 8 9 0.09441689 
589 142 8 10 0.09426153 
416 425 12 16 0.094207615 
135 203 12 16 0.09410066 
270 191 11 14 0.09407758 
234 52 8 11 0.094060704 
639 158 8 11 0.09404276 
286 23 9 10 0.09401457 
407 330 14 16 0.09383756 
725 261 10 13 0.0933676 
504 94 7 9 0.09322516 
223 150 10 13 0.093195856 
252 205 10 13 0.093117155 
404 213 9 12 0.09240052 
182 39 7 9 0.09231218 
981 328 20 24 0.09220992 
769 413 11 15 0.091831535 
606 112 9 11 0.09150276 
473 97 7 10 0.091414735 
724 275 11 13 0.09073769 
569 21 9 10 0.090463236 
151 133 8 10 0.09024994 
750 88 8 11 0.09016757 
234 8 7 9 0.09015457 
890 133 9 11 0.090126246 
177 38 8 9 0.09000865 
470 47 7 9 0.089907646 
543 437 13 16 0.08971781 
555 573 14 18 0.0895531 
679 139 10 12 0.08931708 
494 246 9 11 0.08891687 
494 149 9 10 0.088913046 
213 75 10 12 0.08883675 
465 71 6 8 0.08860574 
559 111 7 9 0.08839486 
86 646 24 28 0.08817377 
338 7 6 8 0.08800777 
277 175 9 11 0.088004515 
213 15 9 11 0.087960444 
175 119 9 11 0.08793951 
660 183 9 12 0.08789666 
478 355 12 16 0.08766698 
276 88 9 11 0.087626286 
192 426 12 15 0.08724897 
752 208 9 12 0.087140776 
122 84 9 10 0.08676578 
367 120 8 11 0.08670014 
590 24 7 10 0.0866206 
765 71 9 11 0.086148605 
263 520 14 18 0.08592787 
473 592 17 21 0.08580929 
548 334 12 14 0.08579422 
464 31 7 9 0.08565355 
313 80 8 10 0.08559501 
168 105 10 12 0.08541149 
311 350 9 11 0.08539175 
198 47 8 10 0.08534655 
120 399 13 15 0.08514925 
695 641 18 22 0.08506384 
228 103 11 14 0.08504438 
158 134 8 10 0.08492064 
249 17 7 9 0.084881306 
645 286 10 13 0.084806696 
720 48 8 10 0.08475687 
551 300 10 13 0.08455092 
397 149 9 11 0.08453668 
281 47 7 9 0.08447435 
505 191 7 11 0.084229 
613 240 10 12 0.08394187 
205 359 9 13 0.08389611 
281 141 9 12 0.08366557 
473 64 8 9 0.083081104 
406 17 7 9 0.08305428 
526 248 8 10 0.08278419 
869 108 12 15 0.08266622 
432 84 8 10 0.082180634 
529 339 11 13 0.08208925 
488 53 7 9 0.08208848 
606 184 8 11 0.081978045 
371 167 12 14 0.08190367 
245 75 9 12 0.08178885 
553 256 9 11 0.081420206 
658 300 12 16 0.08131155 
241 31 7 9 0.08086245 
742 458 13 16 0.0807053 
725 103 9 12 0.080572926 
208 75 9 12 0.08046358 
263 72 7 9 0.080097355 
160 61 8 11 0.07999989 
613 401 12 15 0.07993598 
431 208 8 10 0.07980118 
536 255 9 11 0.07978814 
497 85 9 10 0.07943849 
694 192 8 10 0.07918098 
101 247 14 18 0.07913866 
360 7 7 8 0.07893323 
366 133 8 11 0.07883861 
577 127 7 9 0.078640334 
312 33 7 8 0.07858424 
192 49 9 10 0.078492865 
397 388 11 15 0.07848821 
279 203 11 13 0.07823499 
168 62 8 11 0.07822588 
341 365 11 15 0.07816907 
610 166 8 10 0.07815309 
276 166 10 12 0.07807277 
208 47 8 9 0.078054294 
360 167 8 11 0.07795698 
831 315 9 11 0.077918306 
543 277 9 12 0.07780212 
643 562 22 28 0.07747771 
70 213 11 14 0.07739149 
415 70 7 9 0.07730078 
688 119 9 12 0.07700609 
567 160 7 10 0.07678662 
852 425 14 18 0.076778166 
654 86 9 12 0.07674459 
670 457 12 17 0.07652156 
214 38 7 9 0.07647505 
577 184 8 10 0.07635153 
222 7 7 9 0.07634783 
376 46 7 9 0.076346345 
733 47 9 12 0.07629181 
312 16 7 9 0.0762539 
375 87 8 9 0.07609647 
292 349 10 12 0.076064646 
705 302 12 15 0.076022275 
305 351 8 11 0.07593199 
434 229 10 13 0.07592983 
385 166 9 12 0.07582113 
131 470 16 20 0.07568016 
584 88 8 11 0.075528465 
608 63 8 10 0.07533894 
293 345 8 10 0.0752651 
486 48 8 10 0.07525024 
625 62 8 11 0.07504722 
140 176 12 14 0.07494513 
288 113 11 13 0.07490154 
406 567 15 17 0.074710816 
423 24 7 9 0.07468069 
280 39 7 10 0.07460048 
351 110 9 11 0.07458531 
661 235 10 12 0.07455959 
974 352 14 16 0.07444498 
342 360 9 12 0.07443743 
175 54 8 11 0.07407375 
282 24 7 9 0.073771805 
351 131 9 12 0.07368735 
244 167 11 14 0.07349418 
242 38 7 9 0.073483735 
322 15 8 10 0.073280275 
575 248 10 13 0.07323948 
415 80 7 9 0.07318933 
503 124 7 9 0.07292972 
591 284 10 13 0.072915226 
573 421 12 15 0.07288401 
236 135 9 13 0.072835006 
691 418 12 17 0.07278505 
497 137 8 9 0.07268408 
168 141 11 14 0.072580986 
858 665 13 18 0.07244534 
679 53 9 11 0.072415456 
286 40 7 9 0.072090834 
690 394 13 15 0.07204714 
96 143 9 12 0.07192493 
583 206 8 11 0.07187162 
134 210 12 15 0.071686074 
464 24 7 9 0.07163235 
764 380 12 15 0.07159279 
729 126 8 10 0.07153556 
701 120 9 12 0.07151986 
258 47 7 9 0.07146324 
702 208 8 10 0.07140627 
649 272 9 12 0.071097806 
353 7 7 8 0.07083606 
473 148 9 12 0.070783906 
153 116 9 10 0.07033574 
697 131 10 13 0.0703146 
432 62 7 9 0.07028242 
537 135 8 10 0.07027399 
238 122 11 13 0.07016671 
908 349 10 14 0.07011678 
141 116 9 11 0.07010141 
641 16 8 10 0.07006213 
265 8 7 9 0.06994252 
438 236 9 12 0.06990345 
110 378 17 21 0.06989939 
671 63 8 9 0.06986665 
179 393 15 19 0.06979399 
657 55 9 10 0.069669805 
188 94 10 12 0.06953923 
350 171 9 11 0.06948817 
488 149 9 11 0.069479674 
908 154 16 20 0.06946492 
295 88 9 11 0.069457985 
143 48 7 10 0.069387786 
712 286 9 13 0.06931545 
1011 599 13 19 0.069314875 
532 346 13 15 0.06898753 
359 118 8 10 0.06891813 
374 96 7 9 0.06888998 
635 412 15 18 0.06887436 
191 150 11 14 0.06877401 
519 48 7 9 0.06873314 
570 585 15 17 0.068720944 
529 89 7 10 0.068646334 
537 261 9 11 0.0686279 
381 104 8 10 0.0685792 
342 33 7 9 0.068552 
361 351 10 13 0.06834346 
669 268 11 15 0.06828753 
661 87 9 10 0.06819482 
257 54 7 9 0.068173096 
188 367 12 15 0.06814287 
1015 329 10 16 0.06813346 
707 102 9 11 0.06807976 
660 313 12 16 0.06797759 
602 116 8 11 0.06739737 
562 525 16 20 0.06738649 
583 223 10 11 0.06706373 
216 398 10 14 0.06704929 
614 63 9 11 0.066902906 
172 108 9 11 0.06688391 
422 136 9 11 0.06678063 
573 261 10 12 0.066732675 
436 370 13 17 0.06667855 
678 37 9 11 0.06666858 
169 56 8 10 0.06655461 
408 86 8 9 0.06649998 
288 85 8 11 0.0663578 
411 326 13 16 0.066305295 
246 52 8 11 0.06628497 
510 355 11 14 0.06623338 
813 446 16 20 0.06622065 
318 79 7 10 0.06619016 
448 468 18 23 0.06597509 
583 129 7 9 0.06585359 
165 8 7 9 0.0655608 
624 79 8 11 0.065497406 
656 79 9 10 0.06548722 
167 14 7 9 0.06544641 
562 141 8 10 0.06542534 
669 531 14 18 0.06535259 
694 223 8 11 0.065348335 
303 40 7 8 0.065316774 
508 373 12 14 0.065246955 
249 133 10 13 0.06511569 
701 238 8 12 0.06499626 
646 230 9 12 0.06492325 
210 639 16 20 0.064822756 
629 80 9 10 0.06480958 
305 60 8 10 0.06470521 
724 286 10 13 0.06470063 
236 388 10 13 0.06454012 
376 339 12 14 0.064230576 
684 215 8 10 0.06419111 
146 54 7 10 0.064189486 
254 103 9 11 0.06414362 
262 1 7 7 0.06412541 
599 103 8 10 0.06410664 
631 308 11 14 0.06403246 
611 150 10 12 0.06395184 
979 455 14 18 0.063869596 
481 72 8 10 0.06367109 
447 73 7 9 0.06361946 
196 412 14 16 0.06352719 
653 63 9 11 0.06333418 
674 442 15 18 0.063315555 
328 143 10 12 0.06331234 
525 253 9 12 0.06322936 
935 403 16 21 0.0632249 
545 617 16 21 0.06317374 
116 298 12 15 0.06291709 
569 119 7 10 0.06287867 
573 173 9 11 0.06283956 
686 246 9 12 0.062819645 
83 443 13 16 0.06277688 
312 88 9 11 0.062720165 
449 55 6 8 0.06271122 
645 22 8 9 0.06260386 
446 403 15 17 0.062525146 
227 238 16 19 0.062486615 
244 233 15 18 0.062481448 
607 30 8 10 0.062476013 
193 2 6 7 0.062446456 
894 426 13 17 0.06231123 
102 132 9 11 0.06229571 
495 175 8 10 0.062162563 
679 468 13 16 0.062141627 
376 17 6 9 0.06205071 
819 431 12 16 0.062007856 
527 435 12 15 0.061937775 
288 157 9 12 0.06192051 
264 79 8 10 0.061876986 
622 167 8 10 0.061669268 
416 48 8 9 0.061648466 
221 64 9 11 0.061636828 
433 366 12 16 0.061634805 
213 23 7 9 0.06140037 
200 8 6 8 0.061231535 
519 245 9 11 0.061205145 
303 16 7 9 0.061084263 
433 96 9 11 0.06098627 
503 317 11 14 0.060956478 
263 220 11 14 0.060915418 
642 36 9 12 0.060879383 
693 47 8 11 0.06067408 
679 72 9 11 0.060632173 
503 72 8 10 0.060592808 
448 47 7 9 0.06049769 
885 334 14 19 0.06047605 
661 79 8 10 0.060412847 
724 69 9 11 0.06036432 
325 172 11 13 0.060303804 
384 88 7 9 0.06029457 
982 564 15 20 0.06027839 
216 191 9 13 0.060267076 
623 303 11 13 0.060196538 
718 210 9 11 0.060196243 
482 549 18 26 0.060187746 
341 507 13 18 0.060161885 
164 166 12 15 0.060160868 
552 346 11 16 0.060054693 
737 136 9 12 0.06002533 
746 364 12 14 0.05995696 
265 14 7 9 0.059908465 
336 87 8 9 0.05982864 
448 86 8 10 0.05974903 
336 79 9 10 0.05965289 
410 62 7 9 0.05963836 
805 494 13 16 0.059556905 
659 347 11 16 0.059519626 
557 565 14 17 0.059286345 
502 643 21 25 0.059225366 
784 137 9 12 0.059074875 
613 120 9 11 0.05894871 
535 165 9 11 0.05891634 
477 331 11 14 0.058902413 
558 255 9 11 0.058806606 
243 625 15 20 0.05875519 
697 23 9 11 0.058745805 
593 128 8 11 0.05873626 
582 280 10 13 0.05870566 
458 31 6 8 0.05869439 
161 126 9 12 0.058670968 
319 157 10 13 0.058645483 
376 78 8 9 0.05862803 
375 22 6 9 0.058619373 
727 298 12 14 0.05859085 
188 378 12 16 0.05857768 
608 135 10 12 0.058560286 
908 148 15 17 0.058421228 
518 222 9 11 0.05839015 
425 70 7 9 0.058356293 
989 379 11 15 0.058298826 
597 372 13 18 0.0582864 
401 76 7 10 0.058177482 
721 65 8 10 0.058171522 
719 288 10 12 0.05814745 
424 64 7 9 0.058122847 
559 104 8 10 0.058038976 
726 255 11 13 0.058021355 
518 401 14 17 0.057999 
253 436 14 17 0.0579616 
275 220 14 17 0.05774331 
302 367 9 11 0.057659745 
511 232 9 11 0.05763364 
519 129 7 8 0.057602 
800 397 14 17 0.05755734 
296 22 8 9 0.057504468 
909 409 16 18 0.05746361 
596 168 10 12 0.057395786 
493 194 10 12 0.057361756 
456 55 6 9 0.057296343 
578 214 9 10 0.057273116 
512 64 7 9 0.057264082 
624 7 9 10 0.0572601 
447 265 11 13 0.057162993 
486 102 7 9 0.05716058 
345 211 13 16 0.056955088 
818 129 15 17 0.056928188 
615 220 11 13 0.05691123 
335 16 7 9 0.05674163 
203 440 16 20 0.05667292 
217 140 9 11 0.056569077 
510 310 12 14 0.056551494 
227 460 13 15 0.056506112 
686 134 9 12 0.056276448 
343 77 9 11 0.05623976 
645 213 9 11 0.056183394 
883 539 15 18 0.056181516 
94 133 10 13 0.056177534 
560 459 14 18 0.056120593 
553 182 9 11 0.056070924 
70 172 11 16 0.055929016 
537 450 15 18 0.055809654 
737 191 8 10 0.05559406 
598 94 9 11 0.055523563 
563 574 14 18 0.055486992 
225 41 7 8 0.055484693 
106 317 17 22 0.055454433 
728 1 10 9 0.055435702 
601 244 11 13 0.055377003 
850 413 15 18 0.05525452 
182 31 8 10 0.05524153 
656 233 11 13 0.055141497 
1011 301 11 17 0.055122167 
712 388 10 13 0.05491548 
542 168 8 10 0.054841667 
421 405 12 16 0.054817554 
812 570 20 23 0.054760963 
393 131 9 12 0.054667037 
293 140 9 11 0.05456751 
109 173 9 12 0.054534674 
703 213 8 11 0.054516878 
398 48 6 8 0.054507077 
527 347 12 14 0.05450437 
88 134 11 15 0.054355748 
55 525 12 16 0.054298714 
688 164 10 12 0.0542665 
919 531 24 26 0.054093678 
805 391 12 15 0.053772673 
432 57 7 8 0.05376106 
806 317 9 12 0.053732023 
220 204 12 15 0.053718578 
621 411 15 20 0.05352189 
354 658 17 21 0.053455386 
433 235 10 13 0.05341793 
758 427 11 15 0.053379424 
116 103 9 12 0.05293846 
284 151 10 13 0.05293121 
536 221 9 12 0.052919168 
313 132 10 12 0.052900795 
122 197 13 16 0.05289774 
656 254 10 12 0.05283954 
472 129 8 9 0.052815955 
535 236 9 11 0.052815918 
648 78 8 11 0.052798256 
235 229 14 16 0.05277425 
465 262 11 14 0.052762594 
260 437 13 16 0.052743938 
287 56 8 9 0.05264399 
349 71 9 11 0.05250503 
512 147 8 11 0.05245742 
319 62 8 9 0.05244191 
149 95 10 11 0.05243497 
644 410 13 16 0.05241517 
159 165 12 14 0.052396145 
761 102 12 14 0.05231156 
581 248 10 13 0.05229284 
231 417 14 17 0.052263204 
517 87 8 9 0.052255377 
706 62 7 10 0.052229274 
687 72 8 10 0.052223362 
590 244 10 12 0.052223347 
498 126 8 9 0.05212851 
854 545 11 16 0.05210596 
696 37 10 12 0.052047726 
173 61 9 11 0.051932722 
663 20 7 10 0.051889945 
513 80 7 9 0.05188682 
239 186 11 13 0.051879555 
176 33 7 9 0.051783428 
398 144 9 11 0.05177582 
590 225 10 12 0.051719364 
652 325 11 14 0.05168881 
544 285 9 13 0.05167086 
458 63 7 8 0.051635567 
778 674 17 20 0.051616184 
642 129 8 10 0.05155075 
662 157 9 12 0.051544283 
84 657 16 21 0.05150845 
481 265 17 21 0.051495817 
470 117 8 10 0.05148807 
1000 395 12 16 0.051482167 
220 366 11 15 0.05146509 
620 403 13 17 0.051416162 
622 364 14 18 0.051350296 
498 420 15 17 0.051300257 
990 455 15 20 0.051268592 
77 173 10 14 0.051254492 
638 46 8 10 0.051243085 
376 108 9 11 0.051225424 
838 386 11 15 0.051173534 
955 659 17 21 0.051087037 
262 491 11 15 0.05107921 
846 179 12 15 0.050890982 
446 266 17 22 0.05086208 
696 110 8 11 0.05080323 
317 119 10 12 0.050773736 
318 112 8 10 0.050761398 
695 79 9 11 0.05071363 
211 221 14 16 0.050687287 
998 339 14 17 0.05066817 
561 120 7 9 0.05062356 
623 252 10 12 0.05060891 
558 388 12 15 0.05053764 
701 413 11 16 0.05044414 
346 96 8 10 0.05039355 
463 209 9 11 0.050353497 
674 451 13 18 0.05028606 
219 402 13 16 0.050207835 
642 106 10 14 0.050171286 
148 101 9 11 0.050066814 
311 57 7 8 0.05002279 
566 246 9 11 0.0499875 
191 184 13 16 0.049934063 
406 183 10 13 0.049909264 
367 109 8 11 0.049781565 
713 151 8 10 0.049774837 
711 269 10 13 0.049767673 
367 382 10 14 0.04975615 
211 33 7 9 0.04969365 
744 214 7 10 0.049661797 
553 169 7 10 0.04964872 
292 221 11 14 0.04962546 
113 212 14 18 0.04959279 
168 278 12 17 0.04946526 
150 129 8 10 0.04941483 
167 361 10 15 0.049301755 
427 78 8 10 0.049260933 
656 16 8 10 0.049189966 
361 172 9 11 0.049165685 
248 65 8 10 0.04914978 
255 32 7 9 0.049072213 
545 292 8 11 0.04901102 
623 199 9 11 0.048881 
465 394 12 15 0.04867647 
157 142 11 13 0.04861372 
400 104 9 11 0.04859899 
176 86 8 11 0.04858443 
629 175 8 10 0.04857306 
662 245 10 13 0.048560314 
56 452 12 16 0.048515122 
540 197 9 12 0.04846963 
198 166 9 11 0.048403125 
740 336 12 15 0.048322886 
775 325 12 14 0.04831916 
702 600 22 28 0.04829231 
173 103 9 12 0.04827826 
395 32 7 10 0.048253864 
479 134 8 10 0.048237253 
381 135 9 11 0.04819409 
552 238 8 11 0.048079774 
702 252 8 11 0.048044674 
239 13 7 9 0.047982223 
498 120 8 10 0.047968335 
369 102 8 11 0.04794225 
335 344 9 10 0.047889195 
341 37 7 10 0.0478842 
361 40 7 8 0.0478689 
377 7 7 8 0.047847528 
309 336 8 10 0.047806323 
391 343 11 12 0.047777135 
449 320 11 14 0.04769283 
639 238 9 11 0.047637384 
457 25 6 8 0.047598623 
527 174 8 11 0.047580924 
504 141 8 11 0.04752172 
509 191 8 11 0.04744937 
342 17 7 8 0.04743912 
536 173 8 11 0.04739368 
494 62 8 10 0.047372617 
747 357 12 14 0.047205236 
669 143 9 12 0.04720366 
621 131 8 11 0.047163304 
231 78 8 10 0.047114544 
568 165 9 12 0.047001373 
637 303 13 17 0.046959873 
778 360 12 16 0.04692674 
281 30 7 9 0.046848416 
661 256 9 12 0.046814106 
694 3 11 11 0.046798892 
736 126 8 10 0.04674568 
482 587 13 17 0.046635535 
415 55 7 9 0.046596587 
277 111 9 12 0.046591084 
375 288 11 15 0.046584256 
639 290 12 14 0.04651571 
238 24 7 9 0.046500526 
259 87 7 10 0.046493277 
729 477 16 20 0.046329074 
656 47 7 10 0.04630079 
215 458 12 16 0.046250224 
371 22 7 9 0.046221282 
317 349 9 11 0.04604137 
465 78 7 9 0.045998614 
420 387 15 18 0.045960017 
721 262 9 12 0.045934953 
143 87 8 9 0.045905434 
576 7 10 11 0.045834817 
455 89 8 10 0.04583058 
432 16 7 8 0.045828898 
417 6 8 9 0.04580067 
227 26 7 8 0.04580065 
187 384 14 18 0.045763277 
236 235 16 18 0.0457497 
166 69 8 11 0.04572163 
255 17 7 8 0.045571733 
559 166 8 11 0.045551762 
245 151 9 11 0.045542717 
690 382 12 16 0.045512002 
525 30 8 10 0.045504287 
686 207 8 10 0.0454461 
233 13 7 9 0.045439456 
733 302 11 14 0.04543572 
392 143 9 12 0.045413688 
374 41 7 9 0.04539124 
432 31 6 8 0.04538802 
327 49 6 9 0.045372248 
835 548 13 18 0.04516912 
270 9 7 9 0.045057748 
333 386 12 14 0.045052048 
642 184 9 11 0.04498246 
575 69 8 10 0.044970468 
598 551 20 25 0.044917077 
868 163 10 13 0.044818256 
377 326 9 12 0.044814587 
418 23 7 9 0.0447509 
558 151 8 10 0.044745117 
504 310 10 13 0.044721246 
13 570 16 19 0.044706136 
152 551 24 27 0.044672567 
214 47 7 9 0.044651065 
714 301 12 16 0.044633307 
158 57 8 10 0.044584826 
894 308 14 16 0.04455913 
327 119 9 11 0.044550363 
322 7 7 8 0.044534694 
697 214 8 11 0.04453404 
207 659 16 20 0.044519458 
323 220 11 13 0.044486713 
385 24 7 9 0.0444403 
687 195 9 11 0.044380732 
455 670 19 26 0.04434864 
128 175 12 15 0.044298 
365 585 12 14 0.044252302 
698 418 12 17 0.044203907 
584 200 9 12 0.04410842 
646 223 9 11 0.043924496 
571 454 13 18 0.043874294 
295 16 8 10 0.043853045 
775 332 10 13 0.043780364 
64 313 15 19 0.043775253 
445 113 9 11 0.04374315 
192 111 10 13 0.043708853 
174 128 11 13 0.043684263 
460 211 17 21 0.043672137 
504 111 7 9 0.043643884 
577 342 11 14 0.043641556 
490 64 7 9 0.043612383 
207 53 8 10 0.04355668 
432 213 8 11 0.043550614 
528 79 6 8 0.043534532 
516 323 11 15 0.043500435 
468 461 12 15 0.04344708 
629 214 10 11 0.04330583 
615 256 9 12 0.043279562 
934 334 16 20 0.043197464 
755 118 8 11 0.043178692 
365 428 14 18 0.04304453 
117 477 12 15 0.043032635 
145 23 8 10 0.0429465 
373 126 9 10 0.042943694 
463 65 7 8 0.04281805 
972 609 22 28 0.042787984 
273 32 7 9 0.042778898 
76 199 13 17 0.04275509 
363 60 8 10 0.042752944 
622 206 9 11 0.042655658 
537 103 7 9 0.04263973 
631 63 8 10 0.04262429 
398 474 14 18 0.042541943 
763 83 10 12 0.04251476 
520 161 8 11 0.042503737 
532 286 11 13 0.042496555 
434 47 7 8 0.042408418 
344 62 8 9 0.042407002 
673 71 8 11 0.042378895 
513 224 8 9 0.042373057 
717 471 16 20 0.042346608 
327 342 8 11 0.042228773 
515 166 9 10 0.0421812 
646 95 10 13 0.042165693 
656 92 9 12 0.042165123 
510 332 11 14 0.042117827 
568 223 8 10 0.042103145 
353 23 6 8 0.0419905 
744 208 9 11 0.0419884 
454 229 9 11 0.04195342 
113 252 12 16 0.041952997 
535 127 7 10 0.041918535 
133 390 12 16 0.041897442 
479 342 13 18 0.04188953 
735 357 10 13 0.041836686 
512 39 8 10 0.041834194 
447 41 8 9 0.0417374 
565 264 18 22 0.041717723 
382 172 11 13 0.041565735 
166 127 9 12 0.04154623 
584 298 11 13 0.041542947 
502 54 6 9 0.041540477 
458 117 9 11 0.041533437 
151 23 8 9 0.041527513 
758 175 7 8 0.04148991 
520 53 8 9 0.04147919 
358 442 18 22 0.041442417 
766 0 11 11 0.04141534 
542 262 8 11 0.041334257 
663 62 8 10 0.041315537 
248 104 9 11 0.041305754 
737 196 9 12 0.04130063 
672 163 9 12 0.0412814 
195 379 14 17 0.04125773 
709 85 8 11 0.04124821 
635 378 12 16 0.04120408 
980 484 12 14 0.04115494 
245 8 8 8 0.04112322 
394 116 8 10 0.04101474 
368 422 12 15 0.04095381 
171 131 17 21 0.040853824 
755 349 12 15 0.040811036 
408 79 7 9 0.04080583 
982 299 10 13 0.040727377 
687 236 10 13 0.040710613 
384 41 6 8 0.040686835 
652 101 11 14 0.040662304 
634 142 9 12 0.04062001 
758 211 9 11 0.04045197 
260 229 12 14 0.040373947 
648 177 8 10 0.0403323 
434 253 8 12 0.040275194 
615 79 9 10 0.040256042 
447 247 10 12 0.04021734 
577 206 10 12 0.040198956 
382 111 8 10 0.04017674 
192 192 12 17 0.040173892 
624 246 10 13 0.040142093 
637 404 14 18 0.040114667 
863 123 12 14 0.04007856 
401 15 7 10 0.03998277 
407 32 6 9 0.03997004 
973 454 14 17 0.039957885 
848 316 9 12 0.039950904 
84 458 14 19 0.039945357 
492 356 11 15 0.03993457 
607 70 9 11 0.03990712 
269 150 9 12 0.039897934 
671 206 9 11 0.039890587 
392 53 8 9 0.039851528 
647 207 9 12 0.039795857 
774 485 12 16 0.039779864 
406 207 10 13 0.03974615 
480 118 7 9 0.039735556 
70 180 12 17 0.039710183 
255 22 6 9 0.039710037 
687 146 17 22 0.03954041 
608 101 9 12 0.039530307 
582 386 12 15 0.039475936 
398 132 8 11 0.039466172 
560 159 8 10 0.039444577 
449 95 8 10 0.03940402 
226 77 8 10 0.03932461 
510 293 11 13 0.03932129 
479 56 7 9 0.03930924 
345 171 10 12 0.039253417 
511 70 7 10 0.039201662 
357 413 10 13 0.039161738 
313 111 8 10 0.039119083 
481 128 7 10 0.03907693 
880 388 16 20 0.039037917 
765 301 10 12 0.039022766 
894 345 11 15 0.039001457 
431 179 10 13 0.038990602 
246 125 10 12 0.03893247 
638 61 9 12 0.038924113 
295 152 10 13 0.03885789 
455 204 8 11 0.038814124 
286 221 12 15 0.038803063 
457 110 8 11 0.03879426 
689 60 9 11 0.038763788 
607 252 10 12 0.03869928 
532 430 11 14 0.038649503 
572 436 12 16 0.038603716 
702 525 15 19 0.038602788 
846 359 10 14 0.03858267 
352 414 10 13 0.038533937 
382 301 11 14 0.03852139 
503 24 6 9 0.038496435 
367 159 10 13 0.03848496 
382 125 9 11 0.038484532 
606 172 9 12 0.038461022 
808 312 9 11 0.03845974 
671 21 8 10 0.038451735 
497 55 8 9 0.038449846 
589 99 9 12 0.038437184 
95 654 20 23 0.038398102 
1015 417 10 15 0.038389776 
485 303 11 14 0.038388718 
551 246 9 11 0.038384143 
217 112 11 14 0.038340855 
559 295 11 14 0.038297113 
398 436 11 16 0.03825548 
677 159 9 11 0.038232625 
566 0 9 10 0.038189247 
993 323 22 28 0.03818775 
69 532 13 16 0.038181562 
577 142 9 11 0.038157996 
764 294 11 14 0.038105834 
557 175 8 10 0.03809826 
545 530 21 26 0.038066972 
225 31 7 8 0.03801727 
428 356 12 15 0.037988573 
371 428 14 16 0.03798556 
409 50 6 8 0.0379128 
280 405 10 15 0.037885614 
714 71 8 10 0.037883244 
657 20 8 10 0.037808135 
561 246 9 11 0.037802916 
511 93 8 10 0.037778847 
265 23 6 8 0.037772883 
566 239 9 11 0.03776089 
558 182 8 10 0.037722547 
512 127 7 8 0.037673652 
972 623 21 27 0.03764146 
631 240 9 11 0.0375131 
542 270 9 12 0.037511777 
68 496 14 18 0.037511192 
495 254 8 12 0.037494544 
196 156 11 14 0.037485167 
824 316 9 11 0.03739114 
333 665 15 20 0.037375398 
539 604 15 21 0.03736955 
638 387 11 14 0.037283342 
884 148 12 16 0.037248425 
672 31 9 11 0.037233733 
776 303 10 12 0.037230898 
737 395 12 15 0.03722598 
158 90 10 12 0.0371886 
307 493 15 19 0.03712209 
201 15 8 9 0.0371143 
805 409 13 17 0.037113737 
409 142 9 12 0.037111286 
565 616 14 17 0.03709952 
687 294 11 14 0.03702431 
751 435 12 15 0.03695701 
682 183 8 10 0.03692217 
316 143 10 12 0.0368463 
459 317 12 15 0.036763113 
335 109 9 11 0.03675464 
397 380 13 16 0.03672794 
474 55 7 9 0.036717486 
450 101 7 10 0.03668847 
29 227 14 17 0.036671583 
541 347 12 15 0.036640268 
262 472 14 18 0.03663199 
149 181 10 14 0.036613107 
167 39 7 9 0.036600195 
319 343 10 12 0.03648943 
967 340 11 15 0.036488533 
589 371 13 17 0.036329918 
813 317 10 12 0.036328036 
567 8 8 11 0.03632512 
486 96 7 10 0.03632138 
860 107 22 26 0.03629302 
334 350 9 11 0.0362809 
503 29 7 10 0.036274545 
440 23 7 9 0.036213867 
490 165 8 11 0.036211632 
768 175 8 9 0.03617815 
816 92 9 11 0.03616306 
447 5 7 9 0.03613986 
205 239 17 21 0.035971086 
355 642 22 27 0.035930578 
578 105 8 9 0.035910636 
337 56 6 8 0.035881005 
642 21 7 10 0.03586272 
504 323 9 13 0.03580045 
361 135 9 11 0.03578406 
278 213 11 14 0.0357797 
257 146 10 13 0.03572767 
507 661 15 18 0.035712052 
674 54 8 11 0.035680305 
198 128 10 12 0.035648838 
478 191 8 11 0.035604518 
408 135 8 10 0.035586007 
893 356 13 17 0.035561968 
486 134 8 10 0.03553508 
255 109 8 12 0.03551164 
441 15 6 9 0.03547354 
449 204 9 12 0.03545592 
350 152 9 11 0.035442926 
862 138 10 14 0.03543143 
359 3 7 7 0.03541133 
723 350 11 14 0.035389267 
453 275 12 14 0.035388097 
178 159 11 14 0.035378758 
242 554 14 18 0.035374086 
343 86 8 10 0.035334487 
230 406 13 17 0.035296198 
337 2 8 7 0.035290655 
183 53 8 10 0.035281986 
379 374 13 14 0.035240635 
400 96 9 10 0.035206147 
404 437 11 14 0.035198536 
401 189 11 14 0.035170518 
537 62 7 9 0.035151128 
433 288 10 13 0.035147592 
564 79 8 11 0.03512252 
645 196 10 11 0.03512165 
237 460 14 16 0.035036206 
575 317 11 14 0.035026677 
158 24 7 9 0.034973297 
456 409 14 19 0.034937836 
774 62 8 9 0.034911398 
497 105 8 10 0.034884837 
574 168 9 11 0.03486114 
84 182 11 14 0.034843527 
229 175 10 13 0.034825068 
565 426 14 19 0.03477862 
560 196 11 13 0.034752473 
248 200 9 12 0.034710225 
329 108 9 11 0.0346919 
448 239 8 11 0.034648333 
297 55 7 10 0.034615733 
711 158 8 11 0.034592044 
580 318 11 14 0.034587014 
105 93 8 10 0.034579713 
767 340 10 12 0.03457913 
550 95 9 10 0.03452332 
631 109 9 12 0.034515787 
348 374 12 15 0.03444502 
576 221 9 12 0.034430902 
710 60 9 11 0.03439987 
289 16 7 9 0.034362473 
404 389 10 14 0.03435901 
549 103 9 11 0.034313772 
406 336 13 16 0.034308005 
766 64 9 10 0.034306727 
211 653 20 24 0.03430494 
431 110 8 10 0.034298457 
686 317 13 16 0.034295864 
441 70 8 10 0.034210537 
370 79 9 10 0.03417956 
300 234 14 16 0.034160487 
199 24 8 9 0.03414803 
517 310 10 13 0.03412082 
415 64 8 9 0.034109678 
397 544 14 17 0.034097504 
138 64 9 11 0.034089033 
615 96 10 12 0.034079 
732 1 11 10 0.03404355 
899 341 12 15 0.033948496 
839 413 14 20 0.033914417 
486 6 7 8 0.03391036 
560 231 8 10 0.033833053 
701 293 12 14 0.033813264 
271 408 12 15 0.033735 
55 227 11 15 0.033679955 
136 79 7 10 0.033669833 
412 158 10 12 0.033665255 
696 164 9 11 0.033628162 
236 406 13 16 0.033600852 
381 423 15 17 0.033590578 
343 114 18 23 0.03358251 
723 244 12 14 0.033564143 
796 533 15 18 0.03353061 
580 134 19 25 0.03352854 
353 3 7 8 0.033486012 
546 96 8 9 0.03346187 
788 147 8 12 0.033412427 
689 4 9 11 0.03338321 
634 195 9 12 0.033369876 
498 94 8 9 0.033337902 
396 443 11 14 0.033303924 
261 341 11 13 0.033300135 
465 194 10 13 0.03329191 
717 251 12 14 0.033255722 
145 16 7 8 0.033252258 
192 7 7 9 0.033188738 
287 104 18 22 0.03318151 
255 407 16 23 0.033176146 
658 550 14 21 0.033115335 
322 50 7 8 0.03311363 
623 238 9 12 0.03309893 
665 201 8 10 0.033088885 
656 143 8 11 0.033081535 
332 158 10 13 0.033080895 
194 75 9 12 0.03307522 
199 37 8 10 0.03307511 
112 202 14 16 0.033024225 
585 80 8 10 0.033013474 
287 633 13 17 0.032991756 
320 37 7 8 0.03293204 
473 408 13 18 0.032889165 
493 605 11 15 0.032878067 
272 157 9 12 0.032801032 
888 127 9 12 0.032725092 
191 156 11 14 0.03265181 
286 30 8 10 0.032641124 
206 110 9 11 0.032621738 
237 211 12 14 0.03258304 
368 89 8 10 0.032573406 
595 308 11 15 0.032537 
482 6 8 10 0.032485574 
954 311 14 18 0.03247643 
477 62 8 10 0.032450326 
359 31 6 9 0.032370593 
413 406 13 17 0.032316253 
614 70 10 11 0.03230481 
367 140 9 12 0.032296147 
727 199 8 10 0.032254163 
61 227 10 14 0.032241657 
644 140 11 13 0.032241628 
438 215 8 11 0.032231368 
559 239 9 11 0.03220116 
215 55 8 9 0.032169342 
258 1 7 7 0.03216547 
519 280 9 13 0.03216461 
306 31 6 9 0.03216004 
525 361 14 17 0.032159947 
769 350 11 14 0.03215062 
522 207 8 10 0.03212711 
608 207 19 22 0.032113038 
167 47 7 9 0.032110576 
256 69 8 11 0.03209763 
640 231 10 12 0.032094516 
403 218 12 14 0.03207373 
197 149 11 14 0.032054424 
739 474 13 18 0.032050874 
487 120 7 10 0.03201796 
567 148 9 11 0.031962547 
279 103 8 10 0.03194867 
328 69 8 10 0.031934805 
361 126 9 11 0.031861916 
312 38 7 9 0.031859808 
138 653 17 21 0.031799298 
717 640 17 22 0.03176973 
337 553 15 19 0.0317248 
418 32 7 9 0.031706866 
292 653 15 20 0.03170257 
460 176 10 11 0.031662203 
671 199 8 10 0.031652547 
383 193 18 23 0.031638205 
99 235 13 15 0.031631093 
101 475 15 18 0.031629063 
478 213 9 12 0.03161937 
178 23 7 9 0.031616475 
310 343 10 12 0.031589642 
406 379 9 13 0.031552605 
754 174 8 11 0.031534415 
229 155 11 15 0.0315114 
712 262 9 12 0.03148552 
370 16 6 9 0.031473912 
204 182 12 15 0.03145117 
329 427 11 16 0.031338584 
718 168 9 11 0.031326484 
231 41 7 9 0.031287707 
319 1 8 8 0.03128212 
742 466 13 18 0.031249339 
997 554 17 21 0.031227686 
752 99 11 13 0.0312167 
481 39 7 9 0.0311966 
613 108 10 12 0.03118788 
207 151 10 12 0.031146681 
899 133 11 12 0.031136477 
453 264 10 12 0.031126168 
766 324 12 15 0.031124728 
648 43 9 11 0.031118933 
82 269 13 16 0.031043347 
441 80 8 9 0.03103116 
333 143 9 12 0.031006375 
162 70 8 10 0.030996518 
662 117 10 13 0.030978767 
511 182 8 11 0.030968472 
216 362 11 14 0.030961478 
830 538 13 17 0.030935945 
123 322 17 24 0.030907776 
741 192 9 12 0.030906003 
418 113 18 24 0.030903818 
172 610 15 20 0.030855378 
214 212 12 16 0.030823033 
692 229 10 11 0.030813746 
720 0 9 9 0.03077845 
322 543 17 21 0.030775348 
641 214 8 11 0.030770883 
286 429 12 15 0.030759962 
583 149 8 12 0.030749075 
238 467 14 16 0.03072242 
318 88 8 10 0.030706042 
425 208 8 11 0.030687714 
510 206 8 11 0.030685654 
44 537 14 15 0.030672142 
488 284 10 13 0.030654065 
118 183 10 13 0.030649483 
221 441 12 17 0.030616634 
231 147 11 14 0.030588796 
722 108 9 11 0.03053457 
206 103 10 12 0.030486941 
692 653 17 19 0.030454293 
257 79 8 10 0.0304449 
334 437 14 16 0.030441392 
881 331 14 16 0.030434256 
697 207 8 10 0.03040329 
321 169 9 13 0.030330338 
551 72 8 10 0.030308299 
477 163 9 11 0.030280856 
615 277 13 15 0.030278493 
288 128 9 12 0.030262163 
469 185 10 12 0.030218067 
230 72 8 10 0.030201651 
325 445 11 15 0.030195987 
459 219 9 13 0.030153714 
712 238 20 23 0.030140677 
618 173 8 11 0.030139755 
681 381 11 15 0.030128775 
932 341 25 31 0.03011266 
655 176 9 11 0.030098023 
706 589 18 22 0.030067626 
680 209 8 11 0.0299496 
567 103 8 10 0.029947579 
325 8 7 8 0.0299461 
671 275 11 14 0.029922947 
440 663 16 21 0.029920705 
304 391 11 15 0.02991893 
869 356 12 15 0.029866017 
204 429 13 16 0.029857202 
405 112 8 11 0.029853301 
423 321 13 17 0.029825294 
224 51 9 11 0.02982439 
857 427 14 19 0.029807027 
266 195 11 14 0.029804861 
570 609 16 19 0.029796716 
385 94 7 9 0.029788667 
567 254 10 12 0.0297733 
700 1 11 10 0.029762447 
343 1 6 7 0.02975716 
626 357 11 14 0.029743839 
712 186 9 12 0.029742049 
111 234 12 16 0.029675355 
552 129 7 8 0.0296708 
494 240 10 11 0.029669391 
328 353 10 13 0.029659418 
298 39 6 9 0.029644085 
622 388 12 14 0.029626697 
268 81 18 23 0.029613866 
121 70 7 9 0.02960659 
505 340 11 16 0.029584227 
613 300 11 13 0.029575998 
609 24 8 11 0.029573249 
255 483 13 17 0.029563053 
527 442 14 18 0.029555218 
478 113 8 9 0.029553782 
487 245 9 11 0.029547274 
693 292 12 15 0.029542448 
528 221 8 11 0.029523397 
532 437 13 17 0.029519863 
344 21 6 8 0.029519675 
301 192 11 13 0.029457493 
24 515 11 13 0.029431535 
164 216 18 24 0.029413639 
454 189 9 12 0.02940935 
528 127 7 9 0.029388046 
556 346 13 17 0.029372558 
188 165 10 14 0.029367901 
196 205 14 18 0.029356072 
559 312 12 15 0.029335046 
806 323 11 16 0.029333252 
292 412 13 16 0.029332915 
541 184 9 10 0.029298523 
636 324 12 16 0.02929392 
825 530 15 18 0.029281516 
505 8 8 9 0.029277138 
819 515 16 21 0.02927108 
680 324 12 15 0.02925384 
589 87 8 10 0.029241912 
515 634 14 18 0.029231334 
797 499 14 18 0.029221034 
552 188 9 12 0.029220976 
469 206 9 11 0.029220508 
380 315 12 14 0.029211635 
475 301 11 14 0.029208023 
510 234 17 22 0.02918807 
407 350 10 14 0.02917826 
424 162 17 22 0.029172335 
704 95 10 11 0.029154954 
509 302 12 14 0.029146727 
383 157 10 13 0.02912447 
869 402 12 17 0.029113607 
513 47 7 9 0.029084962 
682 222 18 24 0.02907067 
592 118 8 10 0.029068608 
236 395 12 16 0.029041383 
551 63 9 10 0.029000964 
544 128 7 9 0.028943244 
854 332 10 13 0.028920883 
793 206 9 11 0.028917387 
305 341 9 12 0.028886912 
420 332 13 16 0.02885281 
835 327 11 14 0.028838037 
446 213 9 11 0.028831912 
469 586 15 19 0.028826127 
539 190 9 12 0.02881849 
182 88 8 11 0.02878605 
710 277 10 12 0.02877935 
353 31 7 9 0.02877843 
891 315 14 18 0.02876712 
663 135 9 12 0.02873388 
242 112 8 11 0.028722802 
340 389 12 13 0.028709153 
455 152 9 10 0.028708728 
496 23 7 9 0.028704591 
547 594 14 18 0.028691899 
120 94 9 12 0.028691342 
221 141 9 11 0.028679993 
535 56 8 9 0.028663673 
758 338 11 14 0.02857687 
396 348 12 15 0.028538296 
459 272 19 23 0.028533928 
1014 507 9 14 0.028528597 
302 2 7 8 0.028510043 
471 332 11 14 0.02849977 
354 210 12 15 0.028495876 
480 100 8 10 0.028448252 
374 373 12 14 0.02844611 
250 232 15 18 0.02844047 
394 38 7 8 0.02843947 
708 166 9 11 0.028432423 
693 16 10 10 0.02842369 
503 175 8 9 0.028416408 
70 202 13 16 0.028405296 
710 176 18 23 0.028389752 
530 187 18 23 0.02833792 
602 330 11 14 0.028331706 
674 215 8 11 0.028330049 
741 126 9 10 0.028286543 
689 16 8 11 0.02825235 
411 482 15 19 0.02824074 
836 339 11 13 0.028221304 
516 648 15 20 0.02821348 
621 212 10 12 0.028198773 
805 195 10 14 0.028186712 
111 182 10 13 0.028180469 
877 336 15 19 0.028160153 
374 157 10 13 0.028154977 
267 441 14 18 0.02811622 
329 458 19 22 0.028105615 
440 87 7 8 0.028096525 
325 595 14 19 0.028066598 
140 406 11 15 0.028060019 
592 328 12 14 0.028047336 
494 481 14 17 0.028041473 
124 388 21 29 0.028004847 
309 144 18 24 0.02800234 
673 221 8 10 0.02796994 
684 375 12 15 0.027965765 
496 261 8 11 0.027962025 
687 460 12 16 0.027956588 
728 133 9 12 0.027953299 
438 602 15 18 0.027949514 
433 315 13 16 0.02794258 
574 14 9 11 0.027853344 
795 514 14 19 0.027829621 
70 272 14 18 0.027829345 
524 199 20 24 0.027801007 
417 39 8 8 0.02776654 
838 606 13 18 0.027751833 
1005 347 11 13 0.02773713 
648 0 9 10 0.027733466 
249 139 10 14 0.027733406 
935 324 16 18 0.027696807 
166 117 9 12 0.027689189 
515 435 13 17 0.02767566 
590 80 8 10 0.027644938 
190 206 12 16 0.027639607 
272 226 12 15 0.027625665 
262 449 22 24 0.027597519 
700 285 11 14 0.027593104 
440 196 10 12 0.027584808 
599 262 11 13 0.02758418 
883 410 12 15 0.027583068 
481 368 14 17 0.027580207 
628 470 16 20 0.02756481 
721 417 12 17 0.027556289 
528 135 8 9 0.027548045 
574 279 10 12 0.027525166 
289 174 10 13 0.027521092 
225 651 15 20 0.02751026 
681 84 9 11 0.02747715 
62 193 11 14 0.027474524 
198 324 11 13 0.027442561 
357 380 11 13 0.02743498 
63 222 10 14 0.027419774 
653 360 11 15 0.027409023 
726 374 10 13 0.027407372 
542 172 9 11 0.027400266 
129 111 9 10 0.027389454 
996 538 24 30 0.027387612 
205 220 14 17 0.027370611 
757 93 13 15 0.027367895 
760 63 9 11 0.027359396 
977 345 16 19 0.027343066 
427 402 13 19 0.027326182 
799 312 10 12 0.027294636 
505 197 8 10 0.027293814 
838 423 13 18 0.02727744 
503 458 12 17 0.027266959 
63 500 12 16 0.02724231 
735 84 9 13 0.027234731 
110 240 19 22 0.02722683 
489 23 7 9 0.027224945 
406 443 11 15 0.027213454 
727 94 8 12 0.027207851 
222 230 13 15 0.02719223 
371 175 18 23 0.027173504 
420 475 14 18 0.027165437 
94 258 13 17 0.027153172 
303 6 7 9 0.02714769 
946 323 13 19 0.027143136 
520 215 9 11 0.02712922 
590 29 8 10 0.027123028 
542 255 8 10 0.027112361 
415 348 11 14 0.027078917 
646 15 8 11 0.027074326 
1011 590 13 18 0.027071778 
543 105 17 24 0.02706588 
376 406 14 17 0.02704288 
598 24 9 11 0.02702171 
448 24 7 8 0.02699091 
543 309 10 13 0.026985427 
799 321 12 16 0.02698002 
390 322 11 14 0.026903735 
333 362 13 16 0.026898483 
638 332 11 14 0.026896873 
187 436 14 17 0.026884945 
756 1 10 10 0.026871333 
232 675 16 20 0.026861483 
599 253 9 11 0.02684833 
321 358 9 13 0.026825663 
302 22 7 9 0.026814574 
357 231 13 16 0.026775083 
677 294 10 14 0.026771981 
879 438 16 20 0.026751341 
319 70 8 10 0.026687412 
400 3 7 7 0.02665375 
440 31 7 8 0.026646841 
470 40 7 8 0.026590016 
280 70 8 10 0.02658389 
349 77 8 10 0.026583575 
408 22 7 9 0.026571441 
592 511 15 18 0.026562061 
544 156 8 10 0.026557928 
392 103 8 11 0.026551688 
309 231 15 18 0.026551666 
711 79 8 11 0.026525037 
608 262 11 14 0.026523829 
676 269 12 14 0.026514957 
557 554 16 19 0.026496347 
517 160 19 25 0.026482634 
577 134 9 11 0.026482267 
687 142 9 12 0.02648095 
446 284 12 14 0.026456885 
890 436 14 19 0.026443258 
118 397 20 26 0.026371412 
295 170 17 22 0.02635894 
803 631 15 19 0.026357628 
638 269 10 12 0.026312388 
519 105 8 8 0.026305884 
108 483 13 17 0.026305012 
353 17 6 7 0.026277596 
476 625 16 18 0.026269102 
61 247 11 14 0.026254985 
385 54 7 9 0.02625421 
629 386 13 16 0.026253771 
759 422 11 14 0.026237642 
153 451 11 15 0.026203563 
422 38 7 9 0.02618378 
508 421 14 17 0.026179403 
608 95 8 10 0.026175141 
621 160 9 10 0.026174778 
127 94 8 11 0.026166262 
713 210 17 22 0.026153736 
634 466 15 20 0.026142819 
887 345 11 15 0.026123814 
576 281 17 22 0.02610275 
617 228 10 12 0.026090985 
958 541 14 19 0.026080867 
902 324 12 15 0.02607937 
55 267 14 17 0.026060272 
87 150 9 11 0.026057996 
494 299 10 14 0.026027221 
760 199 8 10 0.026010383 
110 339 23 31 0.02599518 
671 100 10 13 0.025989627 
679 99 9 12 0.025985764 
800 196 10 14 0.025969252 
486 79 7 9 0.025968902 
679 319 11 14 0.025940843 
303 372 10 12 0.025924342 
425 103 9 10 0.025917407 
585 53 8 10 0.025862055 
813 312 9 11 0.02583645 
268 142 10 13 0.025824906 
677 355 13 16 0.025765298 
448 143 8 9 0.025750304 
723 392 13 17 0.02574686 
413 334 18 22 0.025742142 
269 342 9 11 0.025715921 
471 136 18 25 0.025708953 
478 286 10 12 0.025706997 
494 292 10 14 0.025684092 
575 105 17 23 0.025681978 
245 434 14 19 0.025680037 
692 470 14 17 0.025674483 
753 91 21 26 0.025668649 
230 568 15 18 0.025663175 
592 148 17 22 0.025649402 
687 31 8 10 0.025630867 
441 8 7 8 0.025607638 
646 148 9 10 0.025573432 
263 31 7 9 0.02556908 
880 154 11 14 0.025551684 
473 79 7 10 0.025550464 
392 1 8 8 0.02554212 
393 7 8 9 0.025538215 
488 183 18 22 0.025515085 
515 382 12 15 0.025482904 
198 1 7 8 0.025477657 
543 64 7 9 0.025472745 
563 652 15 18 0.025463171 
535 214 9 12 0.025457427 
600 74 18 23 0.025445735 
536 183 9 11 0.025439814 
633 31 8 10 0.025427936 
213 135 10 13 0.025423817 
161 14 8 9 0.02536658 
415 433 14 17 0.02536174 
452 291 12 14 0.025344528 
567 230 8 10 0.025341073 
710 120 9 11 0.02533472 
532 356 14 16 0.025309458 
215 468 12 15 0.025305986 
580 495 19 24 0.025285918 
579 587 13 17 0.025255442 
1014 336 11 15 0.025253437 
295 69 8 10 0.025246972 
181 439 15 18 0.025225116 
461 333 10 14 0.025188733 
876 354 12 15 0.025183618 
531 205 10 12 0.025173979 
614 121 17 23 0.025159372 
464 135 7 10 0.025106115 
376 135 9 11 0.025085367 
456 126 9 10 0.025081066 
327 421 12 15 0.025070595 
935 317 13 16 0.02504837 
366 325 10 12 0.02504813 
357 527 16 20 0.025045015 
559 93 7 10 0.025039252 
294 227 12 14 0.024996484 
860 418 13 17 0.02497063 
368 291 11 14 0.024941377 
768 182 9 11 0.024936734 
768 361 13 15 0.02493404 
193 15 7 9 0.024915287 
252 627 19 23 0.02491339 
840 370 12 14 0.024899373 
695 251 11 12 0.02488955 
265 175 10 12 0.024888774 
640 222 8 11 0.024885138 
470 619 12 17 0.024858493 
76 279 14 17 0.024854546 
867 599 14 20 0.024842987 
77 416 17 21 0.02481538 
366 387 10 14 0.02478693 
639 164 9 11 0.024773922 
661 100 10 13 0.024744853 
218 3 7 8 0.024740877 
434 41 7 8 0.024730666 
613 291 11 15 0.024726076 
682 177 9 10 0.024710327 
728 190 8 11 0.024680592 
416 135 9 11 0.024643293 
945 308 12 16 0.024641894 
89 495 22 25 0.024636991 
262 62 8 10 0.024636835 
303 47 7 9 0.024603274 
305 729 27 28 0.024554212 
248 49 8 10 0.024550764 
66 320 17 22 0.024529263 
519 260 9 11 0.02451734 
360 327 8 11 0.024487073 
615 6 9 10 0.024478508 
295 48 8 10 0.024476204 
847 340 11 14 0.024475578 
486 240 8 11 0.024475202 
145 29 8 9 0.024464205 
948 337 12 15 0.02446213 
814 389 11 14 0.024461577 
753 167 8 11 0.024453558 
492 579 12 14 0.024441196 
103 167 11 14 0.02440093 
724 439 13 16 0.0244005 
460 240 10 11 0.02437629 
204 129 11 13 0.02437616 
759 122 9 11 0.024352496 
543 71 8 10 0.024341246 
422 7 7 8 0.024337446 
338 603 16 20 0.024334574 
115 346 14 17 0.024332661 
503 15 8 9 0.024329357 
453 241 17 22 0.024319574 
329 38 6 9 0.024318216 
763 116 10 13 0.024307527 
552 74 17 23 0.02430225 
108 102 18 23 0.024301048 
568 601 13 17 0.024268033 
155 106 18 22 0.024236122 
479 263 11 14 0.024214134 
571 676 19 22 0.02415782 
44 511 10 13 0.024122119 
394 105 18 23 0.02412033 
350 182 9 13 0.02412007 
128 212 11 14 0.024118109 
538 141 8 10 0.024066115 
528 103 8 9 0.024064863 
458 324 11 13 0.024059929 
401 412 12 17 0.024050497 
129 56 7 9 0.024040587 
359 105 9 10 0.024034368 
447 63 7 9 0.024021573 
448 150 9 11 0.024019243 
463 88 8 9 0.02401131 
578 351 18 21 0.024004936 
519 190 8 11 0.02398626 
976 367 23 29 0.023983859 
728 120 8 11 0.023978112 
177 632 16 20 0.023945598 
941 314 15 20 0.023943786 
105 214 13 16 0.023940599 
519 182 9 11 0.023940375 
798 168 9 11 0.02393836 
534 231 9 12 0.023937212 
522 395 15 18 0.02392539 
388 171 10 14 0.023905028 
877 117 10 13 0.023898039 
544 584 14 19 0.023892509 
214 151 11 12 0.023880951 
736 121 8 10 0.023864258 
598 279 10 13 0.023862313 
192 87 9 11 0.023848332 
757 640 23 27 0.023844015 
674 36 9 11 0.02381169 
545 302 9 13 0.023755444 
295 126 10 13 0.023737628 
727 204 8 11 0.023731569 
158 104 11 13 0.023711681 
246 221 11 13 0.0236843 
87 125 10 14 0.02363637 
310 180 9 12 0.023620432 
559 190 9 11 0.02360371 
87 479 12 17 0.023565229 
584 225 18 22 0.023563216 
567 642 13 17 0.02355204 
915 149 13 16 0.023549587 
662 165 9 11 0.023538783 
491 513 16 21 0.023528876 
135 86 7 10 0.023525158 
760 299 11 13 0.023506397 
151 16 7 9 0.0235049 
326 89 17 23 0.02350136 
500 163 9 12 0.02349924 
328 131 10 12 0.023494516 
435 496 13 18 0.023481866 
517 230 9 11 0.02347903 
123 253 11 14 0.023461543 
957 200 13 14 0.02344954 
478 150 8 11 0.023441147 
562 268 9 13 0.02343046 
482 48 7 9 0.023429237 
578 87 8 10 0.023426915 
330 121 17 23 0.023425182 
789 637 13 17 0.023406524 
614 452 11 16 0.023402357 
1002 591 16 19 0.023400469 
376 3 7 7 0.02338382 
175 371 14 16 0.023379942 
303 71 9 11 0.023362257 
719 264 20 24 0.02335718 
584 168 8 11 0.02335351 
741 135 9 12 0.023350716 
521 199 7 9 0.02334901 
417 17 7 9 0.023343038 
586 355 13 16 0.02331302 
377 30 7 8 0.023305872 
225 87 9 12 0.02329516 
424 56 7 8 0.023290426 
598 363 13 18 0.023285342 
216 105 11 13 0.023276828 
708 125 11 14 0.023264283 
172 181 11 15 0.023259997 
265 215 10 14 0.023258379 
234 222 13 15 0.023255577 
194 372 13 17 0.023230145 
624 56 8 11 0.023196587 
816 593 23 26 0.023181338 
335 21 7 9 0.023178833 
343 42 17 24 0.023171952 
171 148 11 14 0.023158172 
152 43 8 11 0.023144063 
848 334 9 12 0.023140872 
545 79 7 10 0.023133745 
735 137 17 23 0.023113433 
415 102 7 10 0.02310766 
600 55 8 10 0.023106461 
537 268 9 12 0.023098 
788 397 14 18 0.023095556 
652 39 9 10 0.023091298 
94 306 19 25 0.023077736 
406 150 10 12 0.023071393 
698 103 9 11 0.023068707 
621 93 10 12 0.023061782 
776 445 15 17 0.023057556 
502 104 7 9 0.0230442 
550 500 13 16 0.023039293 
721 198 9 10 0.023038696 
744 86 10 12 0.02303458 
527 280 10 12 0.023032688 
311 223 13 15 0.02301983 
195 633 14 18 0.023005128 
182 140 10 13 0.023002924 
391 157 10 12 0.022998532 
240 177 18 22 0.022967566 
252 355 12 15 0.022964323 
303 356 9 11 0.022958867 
543 207 8 10 0.022951681 
303 94 8 11 0.022946207 
640 79 8 10 0.022941248 
93 267 12 14 0.022925435 
78 181 12 16 0.022924794 
208 8 7 9 0.022915823 
446 223 8 12 0.022909172 
472 69 7 10 0.022890415 
383 31 7 8 0.022886213 
277 435 14 19 0.022885159 
281 78 8 10 0.022852873 
717 150 9 12 0.022844693 
396 342 11 13 0.022841685 
778 457 14 17 0.022835001 
490 136 18 24 0.022834973 
190 172 11 13 0.022832096 
640 547 14 20 0.022811815 
437 207 10 11 0.02280156 
573 29 9 11 0.022764914 
557 61 9 10 0.022751914 
574 199 10 12 0.022737265 
668 347 14 17 0.02272284 
456 141 9 10 0.022712307 
237 474 13 16 0.022711297 
970 370 15 17 0.022703744 
515 340 11 14 0.022689832 
541 364 14 18 0.022683155 
708 394 12 15 0.022674588 
212 482 15 19 0.022666866 
300 158 10 12 0.02266627 
456 72 7 8 0.02266031 
217 190 18 23 0.022641778 
337 657 15 20 0.022641437 
358 581 13 16 0.022641288 
985 206 9 12 0.022637669 
598 220 10 13 0.022628933 
535 46 8 9 0.022622442 
112 87 7 10 0.022614667 
139 47 8 10 0.022603247 
982 372 13 18 0.022595929 
510 197 8 10 0.022573914 
229 478 12 17 0.022547027 
614 370 13 19 0.022546707 
983 380 22 29 0.022540629 
900 460 16 20 0.02253455 
205 380 11 15 0.022530656 
352 88 8 9 0.02250941 
153 74 18 23 0.022508238 
486 41 8 9 0.022496644 
136 40 8 9 0.022490166 
511 31 8 9 0.022490004 
662 30 9 11 0.022425205 
458 110 20 25 0.022415325 
289 7 8 9 0.022393422 
415 137 17 23 0.02239073 
465 38 7 9 0.022383478 
757 169 8 10 0.022383075 
350 464 13 19 0.022375936 
814 323 12 16 0.02234559 
19 102 95 133 0.022338724 
496 208 8 10 0.022334216 
151 2 9 9 0.02233253 
644 301 13 16 0.022322943 
1011 489 13 17 0.02232214 
653 133 10 13 0.022310354 
247 198 19 25 0.022302572 
854 176 10 13 0.022297036 
939 332 23 29 0.02228891 
737 215 8 10 0.022276374 
716 64 20 24 0.02226207 
73 647 23 28 0.022256022 
138 469 14 18 0.022247382 
478 387 13 16 0.022230243 
270 13 7 10 0.022222335 
502 48 8 11 0.022210266 
264 155 9 11 0.022209482 
881 401 14 18 0.022203417 
550 277 9 12 0.022203237 
535 153 8 10 0.022199076 
291 152 20 24 0.022188561 
674 246 10 14 0.022184921 
544 247 8 10 0.022178793 
513 105 7 8 0.022165198 
371 522 14 18 0.022136614 
693 142 11 12 0.02213006 
509 363 13 17 0.022118568 
782 507 19 26 0.0220974 
685 403 14 17 0.02207199 
381 240 24 29 0.022066418 
732 275 12 16 0.022054745 
908 416 17 21 0.022045834 
606 290 12 14 0.022021357 
472 24 6 9 0.02202093 
771 453 16 20 0.022017142 
518 80 7 9 0.021981742 
495 154 16 23 0.021978997 
487 86 7 9 0.02197268 
439 152 9 11 0.02195685 
843 174 22 25 0.021937871 
535 278 9 12 0.021931728 
475 494 15 20 0.021918498 
469 154 18 23 0.02191645 
816 376 12 16 0.021916293 
720 142 8 10 0.021909345 
569 112 8 10 0.021891642 
904 383 11 14 0.021879075 
678 164 10 11 0.021810386 
335 120 8 10 0.02178787 
550 460 13 17 0.02177061 
335 578 15 19 0.021762962 
303 88 8 10 0.021755593 
632 103 10 12 0.021751171 
414 206 10 13 0.02174074 
685 472 14 18 0.021739352 
529 229 9 12 0.021729577 
429 586 14 20 0.02170151 
659 276 13 15 0.021696908 
913 472 14 18 0.021681765 
712 251 11 13 0.021663234 
945 449 14 19 0.02164717 
260 346 13 15 0.02164591 
705 56 9 10 0.02162566 
542 596 14 18 0.021625113 
639 25 18 23 0.021619543 
511 136 8 10 0.021616198 
963 520 15 17 0.021607755 
681 693 16 19 0.021602267 
240 64 18 23 0.021598278 
564 340 12 16 0.021586584 
425 112 7 9 0.021578427 
534 438 19 24 0.021557203 
151 548 15 20 0.021548988 
399 418 12 17 0.02153437 
902 346 20 26 0.021530036 
898 421 14 17 0.021529252 
360 390 11 14 0.021523183 
400 55 7 9 0.02150195 
824 441 15 19 0.02150046 
630 260 11 12 0.021487985 
133 163 11 14 0.021484325 
261 102 9 11 0.021474173 
503 356 11 15 0.021470727 
572 309 11 14 0.021467406 
748 452 12 17 0.02146062 
971 354 26 29 0.021447636 
101 351 27 33 0.0214396 
359 179 10 13 0.02143387 
639 176 9 10 0.021425439 
326 353 18 22 0.02140957 
311 356 9 11 0.021393651 
198 173 12 14 0.021387609 
242 359 13 19 0.021372462 
320 160 18 21 0.021362066 
534 247 9 11 0.021358997 
706 614 16 20 0.021356652 
845 347 13 17 0.021352697 
479 175 9 11 0.021345263 
376 318 10 12 0.021344122 
206 482 14 19 0.02133497 
951 552 15 19 0.021322945 
399 429 10 15 0.021317188 
120 154 11 14 0.021300854 
463 55 8 9 0.021299545 
176 93 9 11 0.021296374 
398 63 19 26 0.02129437 
775 56 8 10 0.02124878 
124 260 13 15 0.021248097 
378 66 19 23 0.021246174 
501 227 11 13 0.021237873 
281 399 9 14 0.021187589 
828 435 14 19 0.02117912 
679 236 10 13 0.02116783 
661 529 15 19 0.021145815 
558 261 9 13 0.02113018 
109 167 10 12 0.021124255 
493 362 11 15 0.021118114 
328 65 7 9 0.021114005 
305 530 14 19 0.021107027 
432 24 6 8 0.02110606 
292 444 16 20 0.021103706 
605 379 13 16 0.021096487 
537 71 8 9 0.021090547 
190 50 18 23 0.021086529 
407 127 8 10 0.021085184 
350 633 16 20 0.021083659 
97 112 8 12 0.021082563 
343 181 11 13 0.021075064 
590 200 8 10 0.021068873 
485 332 12 15 0.021064399 
417 391 20 25 0.021050794 
208 159 17 22 0.021032069 
269 192 19 23 0.021031665 
728 142 8 12 0.021027632 
811 455 15 19 0.021016477 
382 8 8 8 0.021008784 
577 249 17 22 0.020999702 
442 291 12 16 0.02096696 
837 356 13 17 0.020957865 
458 647 15 20 0.020957382 
513 160 8 9 0.020951258 
479 326 11 13 0.020945795 
628 403 14 18 0.02093885 
448 230 8 11 0.020935781 
182 15 9 10 0.02093319 
508 545 14 19 0.020916779 
888 143 21 25 0.020903861 
214 181 11 14 0.020892879 
746 88 20 25 0.020877207 
363 524 15 20 0.020875217 
694 71 8 11 0.020868447 
472 316 9 13 0.020856902 
114 469 13 17 0.020842982 
625 44 9 12 0.020837547 
368 373 10 13 0.020834526 
685 94 10 13 0.02081338 
424 16 7 9 0.020795923 
553 323 12 15 0.020788692 
656 119 10 11 0.020780848 
759 325 11 15 0.020780466 
372 96 19 24 0.020768322 
759 393 12 16 0.020758577 
383 15 7 9 0.020719044 
519 133 7 9 0.020718066 
340 635 14 18 0.020717815 
437 324 11 14 0.020700919 
547 439 15 18 0.02069268 
590 590 15 20 0.02068471 
391 72 7 9 0.020650325 
161 31 7 8 0.0206484 
644 178 18 23 0.020644167 
315 633 17 22 0.02062368 
536 79 8 9 0.020613253 
424 287 9 13 0.020604169 
671 14 10 12 0.020588491 
845 388 11 15 0.020573761 
92 460 11 15 0.02056917 
305 143 9 11 0.020561457 
820 325 12 15 0.020548487 
502 264 19 23 0.020538636 
519 303 9 12 0.020532764 
335 27 17 23 0.020531088 
118 385 20 25 0.020521836 
682 669 26 32 0.020519774 
633 148 8 11 0.020516526 
813 420 11 14 0.02051402 
669 261 10 13 0.020503229 
209 720 15 19 0.02048391 
222 166 9 13 0.02048004 
754 674 17 20 0.020469172 
239 112 19 22 0.020461066 
740 349 13 15 0.02046062 
266 107 18 22 0.020439822 
327 637 23 28 0.020409686 
423 230 11 13 0.020392897 
550 285 10 14 0.02038042 
642 418 14 18 0.020371933 
734 459 14 17 0.020370932 
741 120 8 10 0.020363435 
973 567 15 21 0.020357048 
136 104 7 9 0.020352047 
601 182 9 12 0.020348502 
110 550 13 16 0.020338608 
519 38 8 10 0.020336825 
89 118 9 12 0.020283239 
500 476 13 16 0.020280454 
524 387 14 17 0.020274146 
671 294 10 13 0.020270623 
788 415 13 16 0.020264504 
592 626 15 19 0.020223841 
429 331 11 14 0.020221248 
734 185 8 9 0.020207932 
548 365 11 15 0.020205976 
63 210 12 16 0.02019888 
454 176 18 23 0.020187257 
51 211 12 15 0.020153623 
890 610 16 19 0.020150172 
400 65 7 8 0.02014707 
840 166 11 14 0.020145865 
820 92 9 12 0.020110201 
588 12 9 10 0.020107076 
899 331 12 16 0.020106778 
713 209 9 11 0.020104941 
383 65 8 9 0.02010233 
807 451 13 17 0.020096118 
831 348 11 14 0.020086786 
692 52 9 11 0.02007843 
173 171 12 15 0.020078177 
351 234 15 18 0.020070316 
751 341 11 13 0.020069392 
795 505 15 20 0.020046182 
585 28 10 12 0.020040104 
437 247 18 23 0.0200255 
222 2 8 8 0.020016016 
438 429 13 17 0.02001174 
573 361 13 18 0.020006148 
