10_People_Marching_People_Marching_2_191
173
746 324 20 27 0.9725654 
515 315 16 28 0.9687396 
844 316 26 29 0.96311086 
656 317 25 28 0.9619486 
315 300 16 21 0.95542866 
336 308 17 24 0.9358126 
329 237 14 18 0.92885846 
384 320 19 21 0.9082877 
243 309 18 25 0.85796493 
82 294 16 20 0.849505 
454 322 15 22 0.841045 
189 314 18 21 0.83421105 
967 346 23 27 0.8310127 
93 315 17 21 0.81979436 
823 321 23 27 0.79107 
379 240 12 15 0.7448616 
18 297 22 26 0.6930958 
484 328 16 20 0.5998382 
988 458 21 31 0.51501954 
137 309 12 16 0.45366624 
147 299 13 18 0.3633562 
1010 473 15 30 0.30413672 
365 312 12 17 0.29491943 
644 305 29 36 0.26362976 
254 291 17 20 0.25314227 
497 330 14 18 0.25297627 
300 315 16 18 0.2061363 
137 340 11 13 0.18583609 
975 349 23 29 0.18533958 
939 455 16 23 0.15283193 
833 315 25 30 0.13715865 
459 317 15 20 0.13567519 
183 315 16 20 0.13532685 
997 462 22 35 0.13160314 
170 297 15 19 0.13110319 
734 313 16 21 0.10075923 
239 318 14 20 0.08980774 
511 309 14 20 0.088269666 
89 297 14 17 0.08325681 
57 393 13 15 0.08028321 
176 322 12 16 0.073893696 
232 308 11 16 0.066220075 
125 301 10 13 0.065848425 
463 452 39 47 0.0638111 
333 301 16 22 0.06199674 
64 291 13 19 0.061912425 
1006 310 9 12 0.057954106 
462 311 14 16 0.057587143 
633 301 27 36 0.057514627 
366 283 10 13 0.057305362 
218 356 12 15 0.0568546 
936 451 14 20 0.056298126 
566 343 12 14 0.0504493 
68 288 19 26 0.05032065 
917 408 12 17 0.04908939 
458 324 20 25 0.04732516 
16 341 9 11 0.046857357 
404 476 20 30 0.04609572 
145 296 10 15 0.0449724 
372 278 11 13 0.044713646 
362 285 9 12 0.044370726 
777 312 22 28 0.04404132 
697 371 15 18 0.043898936 
259 347 23 27 0.043160364 
13 387 10 13 0.04290992 
364 305 21 27 0.042769745 
522 478 28 39 0.042546973 
249 316 17 20 0.04242669 
19 310 16 19 0.0422289 
792 470 27 36 0.042197634 
99 311 13 18 0.041406214 
1012 205 9 15 0.041132513 
275 318 13 15 0.040821027 
34 296 13 19 0.040152144 
5 309 12 16 0.038726676 
960 478 18 28 0.038389068 
65 287 10 14 0.037424468 
1007 203 10 14 0.036895815 
161 485 12 15 0.036071327 
10 290 21 30 0.0353811 
482 455 23 34 0.035014626 
394 327 13 19 0.034610935 
899 451 15 19 0.034504134 
363 301 15 19 0.03446959 
134 298 19 26 0.03446567 
385 242 12 15 0.033802647 
41 396 11 14 0.033657905 
201 314 13 18 0.03321135 
25 292 18 22 0.033042986 
174 341 11 13 0.03278943 
500 322 19 25 0.031911433 
955 423 11 13 0.031808257 
178 297 15 19 0.031773955 
114 421 9 13 0.031462364 
491 327 15 20 0.030942447 
288 285 12 15 0.030821575 
681 30 9 11 0.030151147 
522 309 17 23 0.03010294 
237 302 14 18 0.0299666 
38 285 10 14 0.029669603 
625 295 10 13 0.0295349 
175 332 11 14 0.029515527 
231 330 11 16 0.029340804 
153 298 15 19 0.029135088 
726 372 13 17 0.029101439 
232 312 13 21 0.029070359 
480 325 14 19 0.028929172 
364 294 13 16 0.028720403 
175 286 12 15 0.028671233 
109 334 9 12 0.02847932 
80 338 11 14 0.028393287 
255 347 14 17 0.028251477 
559 341 13 16 0.028216856 
108 339 11 13 0.028145557 
361 279 10 12 0.028123986 
622 295 23 30 0.027959233 
0 332 9 15 0.02746743 
321 303 16 20 0.02731965 
832 302 41 51 0.027233178 
812 313 27 32 0.02718634 
250 300 22 26 0.02712556 
103 340 11 14 0.027106568 
139 344 12 15 0.027084703 
485 321 10 13 0.026892317 
79 305 13 18 0.026805995 
721 28 9 11 0.026393605 
80 315 12 17 0.026017493 
344 300 17 21 0.025765752 
332 292 16 22 0.025632849 
373 311 19 25 0.025628662 
126 306 12 16 0.025221162 
182 330 11 14 0.024909947 
168 324 9 14 0.024856808 
220 445 14 16 0.024726888 
514 302 16 20 0.024468463 
458 460 24 34 0.024424067 
325 305 20 27 0.024376601 
531 301 14 16 0.024248859 
387 311 15 19 0.024246218 
854 323 22 26 0.023993103 
590 369 16 19 0.023865368 
939 445 14 20 0.023561351 
308 319 12 17 0.023456376 
431 423 28 39 0.023321694 
930 518 13 16 0.023268769 
44 390 11 16 0.023262566 
5 300 22 31 0.023112636 
588 379 17 21 0.022945395 
960 341 39 47 0.022926722 
269 369 14 18 0.022806196 
180 298 22 27 0.022339636 
799 347 14 17 0.022137452 
393 317 15 20 0.02206744 
248 286 11 14 0.021992948 
14 311 14 20 0.021913601 
80 349 10 14 0.021573223 
50 355 14 18 0.021414395 
248 292 12 17 0.021284321 
5 374 16 22 0.021057865 
7 296 14 20 0.021048093 
476 309 9 13 0.021030258 
800 301 12 15 0.020927787 
1004 369 13 16 0.020799153 
985 348 26 34 0.02056748 
180 339 11 14 0.020550685 
246 493 10 12 0.02049916 
665 176 8 11 0.020237362 
819 332 18 22 0.020193962 
122 295 22 26 0.020130657 
86 356 9 12 0.02012091 
440 364 10 13 0.020077614 
518 35 11 15 0.020044005 
528 306 18 21 0.020040832 
