10_People_Marching_People_Marching_2_433
19
502 251 114 147 0.99992037 
349 233 123 149 0.9997948 
244 378 146 193 0.9994512 
617 362 155 193 0.9957931 
431 637 384 457 0.19128788 
-1 30 38 61 0.1153471 
277 1175 25 30 0.10497128 
146 1080 195 246 0.07433782 
624 926 457 447 0.057561792 
980 437 18 22 0.05435247 
106 948 342 448 0.050156813 
554 1103 60 88 0.049483947 
497 809 237 265 0.03584861 
871 442 34 34 0.035434633 
124 1196 123 120 0.033280708 
542 1058 108 142 0.02623655 
817 6 54 53 0.023197081 
971 397 25 31 0.022214057 
220 1168 33 43 0.020104613 
