10_People_Marching_People_Marching_2_591
1695
851 182 29 38 0.99935657 
755 193 27 34 0.9967463 
894 159 46 52 0.98936546 
596 185 21 27 0.9877471 
507 1122 15 18 0.98734844 
529 1275 18 24 0.9852498 
671 192 23 28 0.9850884 
155 185 19 22 0.97899115 
459 185 18 24 0.969395 
40 176 20 26 0.96834487 
538 1224 20 24 0.96136945 
611 1280 19 24 0.96117735 
277 188 16 24 0.9608631 
513 1181 20 26 0.9575007 
426 1220 18 23 0.9544617 
212 186 20 26 0.9494546 
47 1107 13 17 0.94865316 
106 1170 15 19 0.93223596 
86 177 17 24 0.92705345 
414 1132 14 19 0.9020386 
844 1243 20 28 0.900807 
621 1226 18 21 0.89506996 
875 1340 17 26 0.8824063 
694 1269 15 21 0.84248906 
338 1178 13 16 0.8320739 
292 1174 15 19 0.8171281 
668 1240 15 19 0.8164834 
910 1258 27 35 0.8115451 
163 1062 15 19 0.80437994 
363 1216 17 23 0.78712565 
458 1199 18 24 0.7705026 
805 1299 20 27 0.766731 
322 1137 15 18 0.7627963 
568 1303 19 24 0.7484064 
555 1354 20 23 0.74383897 
773 1267 17 23 0.7147062 
360 1140 14 19 0.71338934 
163 1162 15 22 0.7133021 
285 1090 14 19 0.700914 
149 1128 16 19 0.6986646 
370 201 16 22 0.6782341 
74 1155 15 20 0.6708932 
815 1161 15 19 0.66513205 
414 1281 25 39 0.6611638 
586 1191 15 20 0.65321225 
207 1152 16 21 0.65301263 
416 183 19 24 0.64868313 
78 1126 13 16 0.64554894 
131 1156 14 18 0.64050186 
420 1265 20 31 0.6268299 
640 1345 22 24 0.60357165 
219 1245 16 23 0.5995126 
668 953 45 58 0.5939941 
450 1273 16 22 0.5517522 
914 1133 15 21 0.5398623 
117 1132 16 20 0.5290517 
155 1373 23 36 0.50888056 
499 1227 16 21 0.5029131 
650 1285 14 19 0.5026047 
39 1186 18 22 0.5003861 
335 194 16 22 0.4958201 
244 1165 14 17 0.49333683 
550 504 15 18 0.46769997 
484 1267 20 27 0.4461904 
218 1187 15 19 0.44523332 
574 1252 19 25 0.44517386 
355 1258 17 21 0.44454002 
279 1167 14 18 0.44366646 
507 1271 15 21 0.43378243 
249 1222 23 27 0.4315376 
837 1101 12 16 0.42215034 
303 1151 15 21 0.41554868 
939 1088 13 18 0.41407505 
695 1327 20 28 0.39765865 
737 1268 13 19 0.3972519 
609 1367 15 19 0.39614978 
283 1170 15 19 0.38620177 
762 1242 16 25 0.37629104 
740 1162 15 19 0.37458473 
524 1328 21 26 0.36428666 
745 1192 16 20 0.36276862 
464 1315 23 31 0.35878053 
655 1212 13 18 0.34419227 
611 1139 15 19 0.33735195 
183 1073 14 17 0.33138138 
503 1232 21 26 0.3300609 
394 191 14 18 0.3279807 
879 1084 13 16 0.323184 
964 1104 14 17 0.31589016 
935 1164 14 19 0.3023208 
154 1095 15 19 0.30096903 
321 1288 18 24 0.299083 
319 1231 21 25 0.29874712 
7 1114 12 15 0.2984352 
893 1305 16 24 0.2956248 
398 1281 24 33 0.29447004 
449 1145 14 18 0.29329655 
860 1065 11 15 0.28597772 
736 1357 21 28 0.285214 
564 1235 17 20 0.28355202 
238 622 10 13 0.27176857 
149 1197 15 21 0.2688576 
718 1116 13 16 0.26071557 
81 1208 17 21 0.25770846 
477 1158 13 16 0.2552299 
814 1137 15 19 0.25135243 
630 1318 17 22 0.25090072 
820 1076 15 18 0.2501309 
245 630 10 13 0.24749994 
905 1343 23 29 0.24531978 
893 1138 17 19 0.24444549 
90 1154 14 18 0.24386741 
820 1293 21 28 0.24287076 
590 1208 16 19 0.23998249 
986 1202 15 19 0.23811598 
739 1118 13 17 0.23808864 
535 1113 14 18 0.23694585 
1006 190 18 24 0.23597823 
1005 1320 15 20 0.22918831 
383 1169 14 18 0.2279299 
906 715 15 20 0.22678067 
221 1236 18 21 0.22593525 
253 1130 13 18 0.22352007 
356 1212 18 23 0.22196862 
350 631 15 17 0.22134906 
931 1052 12 16 0.21700546 
784 686 11 13 0.21625793 
251 1195 15 18 0.21493684 
20 1132 12 17 0.2071754 
765 1069 10 12 0.20598604 
986 1087 15 18 0.20465009 
765 1125 12 17 0.20451923 
309 660 13 15 0.20239654 
240 627 11 13 0.20143713 
619 1208 16 19 0.1977555 
644 1204 14 18 0.1911808 
430 1281 24 33 0.19110687 
880 708 10 12 0.18903874 
910 1082 14 19 0.18851335 
318 1100 15 19 0.18686362 
181 1139 16 19 0.18685645 
990 1177 16 20 0.18566373 
928 699 9 11 0.18438339 
691 1296 14 19 0.17986809 
768 1084 14 17 0.17921926 
201 1217 17 21 0.1779099 
134 180 24 29 0.17558788 
627 1210 15 20 0.17388134 
249 1209 16 20 0.17333671 
972 1106 12 15 0.17248194 
572 1192 14 18 0.17145935 
258 1195 15 19 0.17058018 
261 1130 13 17 0.17056102 
598 1326 21 26 0.1690976 
1005 1165 15 19 0.16871831 
853 1108 13 16 0.16778073 
933 1048 9 11 0.16240153 
103 1177 21 26 0.16129096 
51 1159 15 20 0.1537441 
958 1101 15 17 0.15069097 
861 1129 16 20 0.14997047 
758 1130 14 17 0.1491713 
230 1210 13 17 0.14910649 
241 1169 19 24 0.1484556 
515 218 20 22 0.14763197 
180 1087 17 20 0.14590952 
445 1278 17 22 0.14439118 
384 1275 24 30 0.1442155 
1012 1120 12 18 0.14204851 
153 599 10 11 0.14047655 
734 1102 13 15 0.14030203 
405 1179 13 19 0.13880801 
212 1136 16 20 0.1386461 
631 1110 12 15 0.13563539 
768 1077 11 13 0.13518411 
924 1074 13 16 0.13481858 
43 1191 19 26 0.13477701 
817 1131 16 20 0.13439047 
433 1269 21 30 0.13384676 
934 1128 15 20 0.1332793 
820 1338 23 30 0.13287558 
174 1088 14 17 0.1323664 
939 1203 14 19 0.13182373 
163 1105 15 19 0.13147719 
397 1224 16 22 0.1311219 
568 1241 20 25 0.13021798 
573 1124 13 16 0.12877053 
245 1114 15 17 0.12866086 
521 300 13 16 0.12843768 
889 1184 20 27 0.12835947 
276 1193 15 19 0.12742402 
466 1242 15 21 0.12737684 
709 1134 14 18 0.12724021 
286 276 14 17 0.1269258 
49 1213 16 22 0.1261665 
614 1354 20 28 0.12580974 
660 1319 17 20 0.1234158 
772 1113 13 16 0.122562796 
910 1244 23 30 0.12247721 
661 1128 16 19 0.12231625 
107 1115 13 17 0.12184403 
732 1319 17 22 0.12161056 
801 1345 16 22 0.12105475 
987 1127 16 19 0.1210075 
696 551 6 8 0.12053688 
701 1227 15 17 0.120477535 
795 1107 12 16 0.12018999 
520 1336 22 30 0.119112656 
472 1125 11 15 0.11902796 
767 688 12 13 0.11902406 
679 1108 11 13 0.11661936 
883 1079 12 15 0.11653748 
600 1358 21 27 0.116478436 
540 1194 15 19 0.11426677 
908 1098 13 17 0.112585075 
631 1101 8 11 0.1124263 
792 1236 12 16 0.11137505 
282 1251 17 22 0.11119921 
196 1239 21 26 0.11042252 
659 1123 14 17 0.10975105 
735 565 9 11 0.1089518 
836 1225 17 22 0.10895016 
1007 27 17 23 0.10794448 
11 573 14 19 0.10776875 
279 629 9 11 0.10723496 
579 1165 17 21 0.10693912 
566 1194 13 17 0.106564775 
662 1296 16 21 0.1058675 
515 1239 15 21 0.10490429 
995 1237 19 23 0.10430421 
605 1102 10 14 0.10429961 
586 1198 20 23 0.10366401 
445 1125 11 14 0.10329324 
214 597 8 9 0.10253482 
860 1201 15 23 0.10253477 
93 1116 14 17 0.10223583 
669 681 14 17 0.10166493 
498 1266 19 25 0.10159615 
281 622 9 12 0.10135843 
447 654 11 13 0.10121669 
706 1217 16 19 0.10115442 
783 50 21 28 0.10109282 
165 1207 21 28 0.10033553 
717 524 8 11 0.10013161 
208 631 8 11 0.10004769 
987 1183 22 25 0.09909969 
764 1116 13 16 0.099026494 
557 1144 13 18 0.097153276 
286 568 8 10 0.09699475 
169 1066 14 19 0.096391305 
347 1203 15 18 0.09598522 
835 1207 14 20 0.09482534 
551 1145 12 18 0.094753385 
684 1106 10 13 0.09453643 
773 1164 15 20 0.09441061 
686 1124 10 14 0.09423385 
712 1123 12 16 0.09379576 
703 1096 13 17 0.09348729 
392 132 12 17 0.093468286 
964 1140 15 17 0.09340894 
852 1191 16 22 0.09303412 
747 1233 14 19 0.093023084 
885 1304 16 21 0.09253927 
372 1122 12 15 0.0921005 
843 1173 16 20 0.09164287 
306 1211 14 18 0.09154309 
223 591 9 11 0.0912664 
229 1267 24 31 0.09062216 
119 583 10 13 0.08943977 
478 1193 13 19 0.08895022 
270 615 9 10 0.0875287 
637 1208 15 19 0.08721739 
672 988 13 15 0.08711552 
292 659 13 17 0.08663784 
5 1183 16 23 0.08596585 
588 1099 11 14 0.085861936 
378 1273 18 22 0.0858546 
662 1162 15 18 0.08576974 
12 1098 12 16 0.085512556 
944 696 9 12 0.08504604 
797 1340 16 20 0.08451028 
122 1104 14 17 0.08379785 
510 1348 22 29 0.083704 
972 1169 15 21 0.082958244 
786 1142 15 18 0.08289286 
850 244 18 23 0.08204325 
322 1241 22 28 0.0816463 
384 93 10 13 0.08126345 
366 694 12 14 0.08043346 
714 1332 14 19 0.08028458 
788 677 10 12 0.07983415 
321 622 9 11 0.07972273 
962 1304 16 22 0.0795938 
894 1179 24 28 0.07954264 
624 1096 10 12 0.07932489 
481 1186 19 24 0.07905121 
286 1123 12 15 0.079039976 
403 1276 15 21 0.07892289 
596 1250 16 19 0.07878386 
365 1116 14 19 0.07873835 
388 1208 18 23 0.07850704 
454 1308 24 31 0.0781275 
860 1187 16 21 0.07811335 
782 1085 10 15 0.07769133 
302 660 13 16 0.077507146 
749 1314 12 17 0.07744098 
303 621 9 10 0.07711917 
156 633 15 20 0.07689558 
815 1069 11 12 0.07678332 
109 1124 15 18 0.07673304 
867 1184 14 19 0.076731816 
307 1105 14 20 0.07661386 
703 624 9 10 0.075774185 
241 284 11 14 0.075679876 
846 1178 21 27 0.075110026 
177 1234 17 21 0.07496762 
245 1106 16 18 0.074779816 
858 1116 13 15 0.074366294 
869 1153 16 19 0.07427413 
705 1271 15 19 0.07415139 
333 1256 24 26 0.07390259 
671 1108 10 12 0.07366226 
285 573 8 10 0.073635526 
246 1200 17 21 0.07349215 
861 1272 15 20 0.07321095 
492 1219 18 24 0.073115505 
492 1209 15 19 0.07301515 
487 1084 11 13 0.07267672 
329 469 8 10 0.07241648 
623 1349 21 28 0.07188329 
438 1340 22 29 0.07157304 
702 607 8 10 0.07153629 
965 1169 15 20 0.07150383 
707 1330 15 22 0.07132452 
121 486 7 9 0.07118418 
583 1249 19 25 0.07107621 
904 1050 11 14 0.07059635 
427 1261 15 23 0.07013953 
385 1288 25 30 0.069646 
190 1179 14 17 0.069510505 
980 1108 14 17 0.069366395 
122 1125 15 17 0.06924098 
739 1109 12 14 0.069194406 
606 1144 15 18 0.06909432 
820 1090 12 15 0.069038 
725 1109 13 15 0.06865442 
541 1103 11 14 0.068433516 
596 1311 20 25 0.06810343 
909 701 9 11 0.06793883 
281 574 8 9 0.06785204 
981 1171 19 26 0.06780731 
670 975 26 32 0.06774747 
596 1264 16 20 0.06763241 
772 687 11 13 0.06748575 
261 1165 12 16 0.067438595 
281 1097 13 19 0.06715575 
876 1295 22 27 0.06691443 
836 1233 22 28 0.06688873 
213 606 10 12 0.06688794 
205 1140 14 17 0.06677715 
726 1319 15 23 0.06675757 
246 647 10 13 0.066691466 
684 1330 22 28 0.06666057 
650 504 7 9 0.06661048 
188 1144 15 20 0.06655535 
881 1372 16 21 0.066476524 
143 1126 13 17 0.066355094 
931 1135 15 20 0.06628518 
478 1070 9 12 0.06623294 
816 1082 14 17 0.06623062 
996 1171 15 19 0.066209 
88 551 9 10 0.0660581 
43 262 27 32 0.06605714 
38 534 10 12 0.06586667 
467 1307 16 22 0.06576169 
654 1118 14 17 0.065421596 
684 1118 11 15 0.06519795 
352 566 7 9 0.06515751 
720 1230 12 16 0.064503625 
691 1194 14 17 0.06424269 
766 703 13 14 0.06410872 
335 567 9 10 0.06401323 
738 1084 13 15 0.06392753 
611 1153 17 20 0.063798025 
148 1169 15 19 0.06372398 
655 533 8 9 0.06364212 
60 1152 19 25 0.06363373 
229 1090 11 16 0.0636047 
4 1130 12 16 0.06347993 
174 1200 15 22 0.063408844 
169 1156 17 22 0.06337957 
540 201 16 21 0.063302726 
249 527 7 9 0.06288993 
540 1122 11 15 0.062806375 
819 708 10 14 0.062666304 
598 1126 13 15 0.06254335 
1007 1130 13 20 0.062458914 
469 1185 14 19 0.061979756 
81 1152 17 23 0.061925635 
915 1275 18 24 0.061759833 
190 1210 25 28 0.061683226 
245 1122 16 19 0.061675858 
629 1130 12 16 0.06157466 
350 1210 17 20 0.061516058 
316 1174 12 16 0.061472055 
977 1165 17 23 0.06143986 
928 1057 12 15 0.061304428 
988 1076 15 18 0.060928725 
556 1110 10 12 0.060653266 
997 100 23 32 0.06036888 
430 1168 16 20 0.060307227 
209 591 8 11 0.06020838 
810 1334 21 31 0.060180746 
485 1225 16 20 0.06003618 
233 526 7 10 0.059927687 
282 567 7 10 0.05976781 
581 296 14 17 0.059758008 
737 1091 14 17 0.059481256 
893 1151 15 18 0.059258875 
769 1379 18 22 0.059212327 
870 1287 21 30 0.058628585 
397 126 11 15 0.05837689 
679 557 9 11 0.05833345 
268 1195 13 19 0.05825966 
727 541 8 11 0.058166932 
991 1069 11 14 0.058049772 
830 1094 11 15 0.0579652 
846 1133 13 15 0.05790076 
242 1181 21 26 0.057720758 
981 1067 11 13 0.057662964 
646 1198 14 17 0.05753326 
0 1155 8 15 0.05742255 
703 575 8 9 0.05729169 
753 1187 13 18 0.057120528 
852 1120 15 18 0.057049293 
721 567 8 10 0.057013344 
787 1210 13 16 0.05696413 
759 1114 13 17 0.056861803 
532 206 16 22 0.05677548 
254 584 8 10 0.056658976 
973 1213 14 19 0.05656717 
420 155 11 14 0.05646135 
467 1195 15 21 0.056292843 
678 1123 13 16 0.056176953 
601 1107 11 13 0.05571035 
587 299 15 18 0.055644467 
476 1180 14 19 0.055626832 
876 1097 13 16 0.055559438 
341 1200 16 20 0.055553753 
240 598 9 10 0.055424247 
270 636 9 12 0.055321712 
669 1137 14 17 0.055285938 
998 1069 10 13 0.05525528 
688 552 7 10 0.055108532 
395 1230 23 29 0.054998744 
264 558 9 11 0.054974247 
699 502 8 10 0.054747414 
769 646 8 10 0.054672103 
552 587 10 13 0.054625176 
423 179 16 20 0.05457191 
589 493 11 13 0.05451002 
740 1315 14 20 0.05447376 
388 83 14 16 0.054421008 
753 1234 20 27 0.05427444 
551 1110 10 13 0.054041952 
774 1330 14 20 0.053984616 
516 1343 16 23 0.053849634 
685 608 8 9 0.053770788 
724 1177 12 17 0.053675096 
772 1319 16 22 0.053637676 
413 1272 18 25 0.053598452 
272 607 9 11 0.053591657 
654 503 7 10 0.053503633 
622 1314 17 21 0.05348892 
283 1103 14 18 0.053438716 
771 1124 13 18 0.05307027 
428 493 10 11 0.05304198 
669 1148 14 16 0.052924227 
189 1184 19 24 0.05288735 
0 511 9 13 0.052678697 
813 1226 16 21 0.05259684 
232 502 7 9 0.052529212 
32 540 8 10 0.052417032 
914 1126 14 17 0.05240762 
508 211 19 21 0.052329402 
713 591 9 11 0.0521711 
798 1113 11 15 0.052102044 
460 1187 15 18 0.052039154 
289 1095 15 19 0.052021727 
741 1079 11 13 0.051693924 
658 549 7 10 0.05154751 
756 1136 14 18 0.051498227 
696 568 8 9 0.0514643 
708 1196 14 17 0.051379822 
314 157 25 32 0.051292278 
597 1343 24 31 0.05126822 
580 1130 12 18 0.051208854 
239 633 11 14 0.051195186 
867 1224 23 28 0.05117831 
244 623 10 14 0.051176555 
852 1129 15 19 0.051081426 
847 1107 11 15 0.051000074 
6 1121 12 17 0.05054193 
293 1163 15 20 0.050427474 
690 526 7 10 0.050221268 
214 628 9 12 0.050122935 
530 1333 23 30 0.05005473 
244 1084 12 14 0.049881022 
718 599 9 9 0.04986559 
217 551 7 10 0.049823754 
208 611 10 12 0.04976549 
515 1270 19 25 0.049666237 
909 1356 15 20 0.049409218 
516 203 16 19 0.049376324 
832 717 11 14 0.049313188 
548 1189 14 17 0.049237538 
470 1129 14 20 0.049230568 
215 592 8 10 0.049164906 
978 1185 40 54 0.0490065 
280 560 7 9 0.048826013 
452 165 12 14 0.04871326 
165 181 22 25 0.048711468 
645 1278 16 20 0.048656143 
866 1264 16 22 0.04863055 
727 582 8 9 0.048514653 
739 1126 14 17 0.048503615 
450 1283 18 23 0.048432913 
428 1125 12 14 0.048366655 
234 1199 20 26 0.04827029 
369 1211 16 23 0.048250634 
964 1130 15 18 0.04823746 
284 1244 16 18 0.048230562 
256 544 7 8 0.048210453 
735 1079 11 13 0.048201803 
924 1137 14 20 0.048115026 
996 1375 23 36 0.048105925 
449 1258 17 20 0.048042223 
156 1087 13 16 0.048040885 
713 597 9 10 0.047831446 
437 193 13 17 0.04754292 
856 742 9 13 0.047505684 
296 615 9 12 0.04747049 
393 1204 15 19 0.047425315 
765 231 17 24 0.04736065 
718 584 8 9 0.04732546 
273 599 8 10 0.047190547 
269 560 8 9 0.047133006 
103 1139 13 17 0.04711819 
851 1172 15 19 0.04691527 
240 651 11 13 0.04688891 
882 1206 21 29 0.046883423 
981 1208 14 21 0.04686 
373 1141 10 16 0.046852566 
51 1200 16 24 0.046619847 
567 1252 15 19 0.046587173 
426 191 15 20 0.04658066 
757 1268 12 16 0.046558883 
239 1190 19 26 0.046545867 
141 1193 16 21 0.0465244 
687 1145 14 20 0.0463738 
606 655 26 35 0.046322122 
402 184 18 25 0.04626742 
188 1133 15 20 0.046222564 
686 1232 13 18 0.046213925 
783 678 12 14 0.046167262 
286 1208 14 17 0.04612294 
271 1170 13 16 0.046116605 
744 631 9 10 0.046034303 
906 1180 17 19 0.045944594 
946 1304 15 22 0.04588699 
561 574 10 11 0.045824055 
924 733 13 19 0.045810446 
69 1150 16 20 0.045635898 
428 508 10 12 0.045596648 
435 1202 14 17 0.045570426 
1013 1215 13 19 0.045512658 
872 1086 13 16 0.045498557 
816 1185 14 21 0.04549402 
194 1145 18 24 0.04540664 
712 551 9 11 0.045290653 
576 564 8 10 0.045193855 
71 1104 11 15 0.04518602 
264 576 8 10 0.04509832 
791 1102 14 17 0.04506352 
163 1091 14 18 0.045021497 
639 1330 24 28 0.044993542 
10 1079 14 18 0.044908505 
279 592 8 9 0.044870622 
625 521 8 10 0.044864316 
728 1072 9 12 0.044627815 
540 599 11 13 0.04457258 
727 566 10 11 0.044528484 
513 546 11 14 0.044379327 
300 1140 13 15 0.044291258 
331 1229 14 18 0.04424822 
363 1135 13 16 0.0441452 
963 1239 25 28 0.044136923 
92 1091 12 13 0.044128425 
693 1227 13 19 0.044089552 
446 1130 14 17 0.044079248 
278 638 9 10 0.04407047 
820 702 10 13 0.043884553 
291 1242 16 20 0.04383849 
225 596 7 10 0.043814 
258 550 7 10 0.043601632 
782 1219 14 17 0.043550596 
418 195 16 21 0.043463267 
238 567 9 11 0.043463163 
331 1250 16 21 0.043394994 
905 1105 13 17 0.043382023 
666 1156 15 19 0.043362517 
454 1248 21 26 0.043305565 
539 1210 16 19 0.04316725 
640 53 12 14 0.043150827 
654 1109 12 14 0.043020297 
921 1248 16 22 0.042926524 
108 1135 17 20 0.042908687 
615 1101 9 12 0.042773712 
805 1093 11 13 0.04272404 
382 137 14 18 0.042668544 
810 1142 20 25 0.04265912 
355 1205 15 18 0.042650275 
287 653 14 17 0.042530943 
748 1124 12 16 0.0424782 
101 1119 14 18 0.042445585 
327 1076 11 14 0.042325214 
974 1077 12 15 0.042242564 
809 1069 10 11 0.042197652 
378 1209 19 26 0.042188913 
55 537 7 9 0.042126425 
262 551 8 10 0.042125978 
248 613 8 10 0.042109765 
222 606 8 11 0.042104032 
567 1131 13 16 0.04209482 
565 1212 14 17 0.042025138 
674 1236 14 19 0.042003665 
446 181 22 27 0.041988704 
941 1414 11 14 0.04197027 
726 653 8 9 0.041939124 
360 1118 11 15 0.041928742 
157 694 12 15 0.04185884 
917 1077 13 16 0.04185327 
789 1340 15 19 0.041841965 
564 1219 14 19 0.0417072 
993 694 7 10 0.04166206 
443 192 15 18 0.0416454 
694 1252 14 16 0.041600995 
699 1261 14 19 0.041520834 
447 1151 14 20 0.0414904 
923 1081 15 18 0.04125773 
217 568 7 9 0.041248463 
370 559 6 9 0.041239735 
502 1094 8 10 0.04122588 
350 624 13 15 0.041213457 
996 192 18 24 0.04114805 
989 1098 13 15 0.041108802 
552 1224 19 25 0.041097395 
666 1303 15 20 0.041047573 
334 669 11 13 0.041042402 
892 1123 15 18 0.041006174 
610 588 13 16 0.041004278 
334 1184 14 18 0.040969998 
145 1094 11 15 0.040913694 
959 1122 14 17 0.04090912 
917 1179 15 19 0.040894426 
860 1168 15 20 0.04072423 
195 1138 16 19 0.040721666 
603 1266 16 19 0.040703136 
202 512 9 11 0.04069686 
234 616 9 11 0.04059573 
169 1220 24 30 0.040565923 
687 679 9 12 0.04050948 
853 1206 18 23 0.04049084 
964 1294 21 28 0.040468894 
455 1179 15 18 0.040348884 
963 1113 16 19 0.040330596 
1010 103 13 21 0.040302463 
739 1206 17 21 0.040295493 
812 1255 16 20 0.04026374 
368 120 14 18 0.040240973 
345 542 8 10 0.040232446 
279 1105 12 17 0.040158227 
622 1132 13 17 0.040155526 
899 1238 23 29 0.0401345 
887 1341 22 30 0.040119313 
412 663 15 18 0.04009694 
652 1287 19 27 0.040020972 
875 1149 14 20 0.04000133 
295 1153 15 20 0.040000472 
837 1191 20 28 0.039984416 
45 1118 15 18 0.03995653 
738 1349 18 22 0.039879084 
596 1147 14 19 0.039842676 
591 1132 11 15 0.039809674 
782 663 11 13 0.03980827 
379 196 15 19 0.03976454 
514 1227 15 20 0.03971712 
679 1116 11 13 0.03971462 
459 1268 15 22 0.03971041 
626 699 23 25 0.039637953 
710 1162 13 15 0.039626278 
589 1351 24 29 0.039536443 
741 566 8 10 0.03950175 
944 1161 20 25 0.039448697 
994 1122 14 21 0.03944507 
744 648 8 10 0.03935476 
815 1126 14 18 0.039258357 
15 637 8 10 0.039200053 
999 33 15 20 0.03912801 
380 655 9 12 0.03905746 
214 612 10 12 0.03901846 
157 573 10 13 0.038843937 
255 589 8 10 0.038820818 
708 1314 14 19 0.038785018 
723 1357 24 30 0.03875655 
314 666 12 14 0.038638074 
854 1248 21 28 0.038593803 
760 693 11 12 0.03859056 
557 1188 13 18 0.038463157 
756 1291 15 19 0.038456123 
196 59 10 13 0.038417898 
1004 1153 21 27 0.0384167 
859 1155 18 20 0.03841499 
190 1122 13 16 0.038340624 
899 1299 16 22 0.03831968 
737 1194 22 27 0.038255725 
229 636 11 14 0.038036678 
301 1248 16 22 0.037905134 
625 193 15 19 0.037879046 
249 583 7 10 0.037849803 
624 503 9 12 0.03776287 
88 558 10 11 0.03773505 
965 1218 14 19 0.037559465 
437 163 11 14 0.03754305 
698 605 8 11 0.037521802 
982 1202 24 32 0.037484 
830 1213 20 29 0.037437387 
270 619 9 12 0.037412792 
381 542 8 11 0.037390355 
840 1204 21 28 0.037288696 
654 1130 15 18 0.037212204 
467 207 13 16 0.0371875 
335 655 10 11 0.037182447 
877 713 11 14 0.03712867 
245 1133 14 20 0.037103582 
223 1242 24 32 0.037054047 
956 1148 20 24 0.036987606 
953 1187 15 19 0.036948096 
186 1236 21 27 0.03692673 
283 1256 25 32 0.03691911 
717 1155 13 17 0.036909584 
806 1258 13 19 0.036892835 
852 1147 14 18 0.03684407 
472 1170 14 18 0.036690492 
976 1063 11 14 0.03663683 
281 535 8 10 0.036553264 
786 669 12 15 0.03654755 
1012 1079 10 13 0.03654118 
485 499 11 14 0.036413286 
334 663 10 13 0.036357697 
413 1193 13 17 0.03631595 
877 1214 16 23 0.03628915 
682 607 7 9 0.03627841 
819 1351 18 23 0.036275774 
311 1233 16 20 0.036225684 
233 568 8 10 0.03617814 
173 641 13 17 0.036116775 
350 535 8 10 0.036115013 
389 1194 14 19 0.036063433 
231 584 7 9 0.036017943 
726 605 10 11 0.036017105 
209 1224 14 19 0.0359087 
13 1124 12 16 0.03589116 
393 549 9 11 0.035823107 
31 559 9 11 0.035804912 
252 628 9 14 0.035747066 
259 1146 14 18 0.035746682 
883 702 11 15 0.03571544 
1000 1204 23 28 0.03571274 
1007 1076 11 13 0.03564956 
174 1145 15 20 0.03563785 
313 463 8 10 0.035634086 
594 1188 14 19 0.035606634 
215 623 10 12 0.035565685 
153 534 9 11 0.03555362 
327 663 9 11 0.035521735 
619 1144 14 18 0.035487983 
383 1181 21 26 0.035462543 
901 1251 26 33 0.035455868 
702 1195 13 17 0.03544272 
264 582 9 10 0.035393566 
622 1126 12 15 0.035347365 
123 1118 14 16 0.035346936 
406 664 13 19 0.035330538 
929 1143 19 27 0.03529259 
358 658 13 15 0.03518474 
394 1178 19 25 0.035173867 
953 1318 16 22 0.035161357 
222 569 7 9 0.03512671 
779 1338 15 19 0.0350146 
152 574 10 13 0.034981683 
279 1116 12 16 0.034973063 
693 1188 13 16 0.03495945 
695 1099 11 15 0.03493627 
727 1102 12 15 0.03490507 
364 1204 14 18 0.034896262 
822 183 23 32 0.03489087 
650 508 8 10 0.034800123 
679 552 9 10 0.03479748 
854 1163 15 18 0.034768876 
735 590 9 11 0.034748375 
885 1182 14 20 0.034678727 
36 551 9 10 0.03464045 
796 1292 23 29 0.034623507 
397 184 12 16 0.034611017 
714 519 9 11 0.034541227 
114 1164 14 19 0.034519553 
951 1288 22 29 0.034500312 
140 1160 14 19 0.03450007 
605 1133 14 18 0.034490258 
479 1094 8 11 0.034359574 
186 572 9 11 0.034333307 
607 574 10 11 0.03424526 
534 506 10 13 0.034236338 
734 1167 14 19 0.034215704 
382 605 12 14 0.0342035 
307 169 27 35 0.03419491 
845 1079 10 13 0.03415243 
278 615 8 10 0.03413827 
94 1110 13 15 0.034133125 
933 1155 15 20 0.03410827 
727 1131 11 14 0.034103706 
859 1386 23 30 0.034103204 
763 1209 16 17 0.03408593 
143 1099 11 16 0.03407799 
1 1220 22 35 0.034074005 
439 620 8 10 0.03401841 
907 1331 16 20 0.03400071 
327 551 9 10 0.03398953 
981 1112 20 24 0.033970967 
397 1457 27 25 0.033948906 
8 557 9 12 0.03393623 
877 1184 14 21 0.03389373 
189 628 10 14 0.033893075 
755 1307 15 21 0.033880964 
317 479 9 11 0.033848356 
965 1227 14 17 0.033846423 
2 1214 16 23 0.033816442 
670 568 8 10 0.033734314 
807 1347 22 28 0.03373049 
667 1124 15 18 0.033711754 
300 1109 15 20 0.033650164 
735 647 8 9 0.03361422 
790 1289 14 20 0.03359769 
114 1253 28 42 0.033582658 
191 568 8 11 0.03355445 
215 535 8 9 0.033517443 
740 1240 14 18 0.033505406 
813 1099 14 15 0.03349049 
1013 1085 11 15 0.03344401 
765 1313 15 20 0.03341621 
592 1214 16 20 0.033414993 
598 221 13 18 0.033410043 
586 1169 15 19 0.033359 
648 543 8 10 0.033352435 
704 627 9 12 0.033349004 
604 1124 12 15 0.033344615 
740 1181 17 19 0.033338033 
262 652 10 12 0.033321172 
21 577 14 17 0.033313885 
368 1110 11 14 0.03330084 
829 700 9 12 0.03323264 
415 175 14 18 0.033226635 
200 636 10 11 0.03322441 
982 695 9 11 0.03317652 
663 572 9 10 0.03313134 
581 1158 15 19 0.033112988 
456 1101 9 13 0.033110164 
341 1147 14 19 0.033098046 
712 568 7 10 0.033059847 
359 1236 23 32 0.03304128 
362 694 10 14 0.032997277 
333 182 14 19 0.03298207 
735 1157 14 20 0.03291121 
637 1095 8 11 0.032898024 
900 1088 15 20 0.032887474 
914 1233 19 23 0.03288483 
697 1180 15 16 0.0328463 
589 1179 13 17 0.03282466 
231 606 9 10 0.032768846 
948 1069 10 13 0.032761894 
559 1240 13 19 0.032677803 
537 603 10 14 0.0326714 
285 98 16 20 0.032645196 
270 581 7 9 0.032592174 
407 152 11 14 0.032553997 
690 520 7 9 0.032505166 
427 1196 17 19 0.032487057 
110 588 12 16 0.03248141 
966 1221 22 27 0.0324649 
839 1082 10 14 0.032457706 
992 1047 11 13 0.032402445 
442 171 22 27 0.03234618 
930 1049 10 12 0.03231048 
414 150 12 15 0.03223342 
380 187 14 19 0.03221165 
181 54 12 15 0.03220654 
0 933 23 39 0.032194104 
413 1140 15 21 0.032132976 
337 637 11 13 0.03211711 
209 1082 16 18 0.032110576 
715 1269 12 16 0.03210942 
316 1139 19 24 0.032107938 
740 1216 14 17 0.032105353 
825 1088 19 25 0.032061663 
892 1196 16 23 0.031951275 
522 209 17 21 0.031882692 
408 455 10 13 0.031875465 
695 599 10 11 0.031855553 
675 1129 14 19 0.03183223 
333 1125 13 15 0.031825032 
428 502 10 13 0.031785004 
342 635 13 15 0.031784832 
641 1284 20 26 0.031770315 
33 518 7 9 0.031727616 
869 1114 14 18 0.031691857 
898 1309 22 26 0.031614073 
246 658 11 14 0.03161363 
862 1343 17 21 0.03157772 
93 550 8 10 0.031576175 
421 1194 15 18 0.03153243 
744 614 9 10 0.031518515 
205 742 12 15 0.031507704 
805 686 10 12 0.031497847 
819 1097 13 16 0.031488 
811 1291 17 25 0.03144598 
264 565 8 9 0.03138979 
252 1155 14 18 0.03138688 
1000 1063 10 12 0.03138538 
563 1147 13 16 0.031379394 
664 560 8 9 0.031378835 
179 182 23 28 0.031370375 
980 1159 13 16 0.031363815 
124 1144 19 23 0.031339336 
662 1108 11 14 0.03131181 
956 1168 16 19 0.03126079 
923 78 12 15 0.031246554 
749 695 10 12 0.031226669 
799 685 11 12 0.031225618 
93 1101 13 15 0.03109637 
665 1326 21 26 0.03106401 
238 606 9 11 0.03105354 
349 1251 18 24 0.031011384 
731 1106 20 23 0.0310034 
997 1291 13 17 0.030995514 
902 36 23 27 0.03097096 
671 1092 11 12 0.030966686 
320 558 8 10 0.030946247 
939 1120 13 16 0.030944344 
353 462 8 11 0.030928403 
554 512 14 16 0.030927332 
328 576 7 10 0.030921059 
87 1086 14 14 0.030906534 
602 580 22 28 0.030882798 
385 244 18 22 0.030879805 
120 566 10 12 0.030853475 
256 624 7 11 0.030835306 
156 617 12 16 0.030810658 
206 516 8 10 0.030712109 
761 1073 11 15 0.03067756 
941 1217 17 20 0.030672893 
188 1094 13 19 0.030672716 
260 1155 13 18 0.030662844 
654 1163 15 19 0.030659882 
504 1102 9 12 0.030649891 
726 1196 12 18 0.030592993 
240 1132 13 17 0.030580563 
9 1106 14 19 0.03057493 
726 1268 13 17 0.03055806 
25 535 8 10 0.030465087 
674 1336 16 22 0.030440077 
686 615 8 9 0.03042691 
6 1099 13 17 0.030423097 
949 1077 11 15 0.030409262 
0 1344 14 25 0.030396096 
375 1155 13 18 0.030395744 
585 1097 10 11 0.0303756 
639 503 8 10 0.030340787 
688 592 8 9 0.030338863 
793 652 9 11 0.03031244 
340 670 11 13 0.030307066 
699 1187 15 16 0.030306617 
914 1347 23 31 0.03022441 
695 592 8 10 0.030205647 
757 1211 15 17 0.03020441 
17 170 18 21 0.030201763 
588 1155 14 18 0.030180596 
980 1236 16 21 0.030173328 
716 1314 16 19 0.03016769 
940 1059 11 14 0.030165834 
294 568 9 10 0.030161196 
705 535 7 10 0.030124255 
830 695 9 11 0.030120179 
894 1210 23 27 0.030114159 
848 694 9 11 0.030082984 
1005 1069 11 13 0.030078398 
612 1197 15 18 0.030055989 
192 683 12 16 0.030019755 
728 576 8 9 0.029973758 
373 1108 12 15 0.029971093 
456 1276 17 24 0.02996474 
867 1068 12 15 0.029902063 
976 694 10 12 0.02989615 
92 1140 14 17 0.029880775 
916 1217 16 20 0.029815424 
313 567 7 9 0.029794563 
316 1257 16 21 0.029790234 
871 1107 13 17 0.029786808 
366 607 8 10 0.029767709 
478 1272 18 23 0.029767226 
702 1203 13 17 0.029763907 
655 607 8 10 0.029752707 
920 702 10 12 0.029739307 
171 1050 13 17 0.02972505 
866 1205 17 24 0.029721746 
14 157 23 28 0.029710772 
470 559 9 10 0.029703325 
982 1077 14 17 0.029694928 
675 1145 14 20 0.029667502 
452 1308 16 22 0.029608823 
728 695 10 12 0.029565059 
616 1096 10 12 0.029550508 
526 1124 10 15 0.02953851 
871 714 12 15 0.02951307 
777 1384 17 21 0.029510817 
125 566 11 13 0.029502088 
486 1100 11 12 0.029498091 
414 199 14 17 0.029468507 
777 1260 15 20 0.029459257 
377 205 16 21 0.029449347 
578 1116 13 17 0.029443221 
826 1282 23 31 0.029398201 
293 584 9 10 0.029392507 
873 1197 23 31 0.029355949 
151 1202 21 28 0.02934794 
657 574 8 10 0.029331693 
310 1177 14 18 0.029322978 
133 1192 15 19 0.029309444 
868 1271 22 29 0.029285705 
723 1153 13 18 0.029283935 
387 1267 17 22 0.029265797 
1001 1267 15 19 0.02925725 
864 1191 16 24 0.02925381 
675 1355 16 20 0.029233063 
988 1235 17 22 0.029228922 
769 1248 16 20 0.029192721 
1005 1145 16 18 0.029187283 
752 1130 11 15 0.029186346 
627 1308 16 20 0.029180974 
687 683 14 17 0.029173281 
1000 1229 23 33 0.029153502 
745 581 9 11 0.029138282 
670 572 7 10 0.02911857 
441 651 12 15 0.029108074 
264 536 7 8 0.029079016 
114 551 8 10 0.02906444 
306 1237 22 28 0.028988006 
720 534 8 10 0.028980596 
199 590 7 10 0.0288435 
225 1230 17 19 0.028781852 
264 509 7 10 0.028749006 
192 589 9 11 0.02874824 
289 552 7 9 0.028737245 
70 1203 15 20 0.028733639 
224 630 9 12 0.02872828 
725 599 9 12 0.028700838 
39 528 9 11 0.02869833 
988 1166 13 17 0.028675357 
627 1258 14 19 0.028663607 
528 590 9 11 0.028655471 
154 1211 27 32 0.028607806 
886 691 11 14 0.028549803 
15 517 9 11 0.02854484 
608 7 10 11 0.028525421 
453 1095 9 11 0.028523827 
381 534 8 11 0.028508652 
523 1182 21 25 0.028479679 
320 616 9 11 0.028449632 
840 1132 11 15 0.028428227 
250 1170 14 18 0.028424835 
802 1191 16 21 0.028416352 
117 591 13 17 0.028392183 
101 588 11 13 0.028374968 
446 1091 11 14 0.02833391 
916 714 14 19 0.02832767 
289 583 8 10 0.028323965 
771 1309 15 21 0.028322248 
762 1065 10 12 0.028321357 
696 616 8 9 0.028312366 
780 1124 13 16 0.028281953 
351 552 9 11 0.028250583 
264 622 9 10 0.028244575 
918 708 12 17 0.028223615 
320 599 8 9 0.02819593 
865 1159 16 20 0.02819022 
80 544 7 9 0.028122663 
303 1133 12 16 0.028092189 
319 543 8 10 0.028070364 
549 1124 11 16 0.028066222 
231 628 11 13 0.028046267 
659 1204 14 20 0.028045718 
855 1052 10 12 0.028018776 
85 1118 14 17 0.027998252 
989 1245 16 22 0.02798078 
305 1214 22 27 0.027979804 
452 1132 13 17 0.027966632 
970 1137 15 18 0.027942387 
212 1233 22 28 0.027929693 
391 1074 10 13 0.027928496 
19 184 15 20 0.027909946 
238 527 7 10 0.0278852 
108 1186 22 28 0.027884359 
270 40 154 184 0.02788217 
152 610 13 17 0.02786493 
787 1152 15 21 0.027854726 
752 1071 8 11 0.027840868 
712 533 9 10 0.027830781 
569 1353 15 22 0.02782697 
121 587 12 15 0.027817504 
40 1201 22 34 0.0277932 
779 1109 12 16 0.027770635 
629 520 8 10 0.02775461 
654 1101 11 15 0.027729595 
781 1155 14 20 0.027695427 
529 215 17 20 0.027672611 
345 599 9 11 0.027665311 
808 1139 13 19 0.027610967 
710 1291 14 18 0.027599981 
348 84 16 20 0.027596714 
874 1265 15 20 0.027592255 
376 552 8 10 0.027584866 
240 592 9 11 0.027584106 
330 275 14 15 0.027581658 
222 552 9 10 0.027569873 
913 1340 16 21 0.027540613 
113 558 10 11 0.027513027 
748 1117 12 16 0.027502825 
869 1064 9 11 0.02748055 
296 599 8 9 0.027471062 
246 1091 12 16 0.02746612 
2 1115 11 16 0.02745168 
494 1093 10 12 0.027439922 
921 1265 24 30 0.027438479 
886 725 11 15 0.027386012 
382 1134 11 14 0.027369823 
329 667 11 13 0.027363438 
77 1109 11 14 0.027328894 
641 614 9 11 0.027321374 
195 289 10 14 0.027318943 
709 644 9 12 0.027288575 
854 1296 15 21 0.027277298 
209 583 8 11 0.027249884 
670 584 9 9 0.027206425 
761 811 11 14 0.027203685 
714 584 8 10 0.027201084 
1003 1246 16 20 0.02719716 
472 552 8 10 0.027195785 
415 163 12 15 0.027170133 
822 1118 11 14 0.027164632 
816 713 11 14 0.027163919 
254 651 9 12 0.02714163 
918 1047 9 11 0.027106913 
948 1283 16 21 0.027106311 
995 1092 11 15 0.027091384 
256 574 8 10 0.027071815 
159 730 13 17 0.027064115 
672 560 8 9 0.027055467 
254 1265 14 19 0.02703339 
0 1195 11 17 0.027033322 
267 1084 13 16 0.027006695 
459 1173 13 16 0.026999874 
943 1068 11 14 0.026998568 
278 607 8 10 0.0269846 
294 1105 12 18 0.026963893 
483 1197 19 25 0.026933927 
110 674 11 14 0.0269255 
513 1304 17 20 0.026919002 
601 1278 22 27 0.02685172 
513 1117 14 19 0.026823891 
207 723 16 19 0.026820535 
702 568 8 10 0.026796946 
968 1109 21 25 0.02678674 
983 1185 15 20 0.026776174 
709 1087 11 13 0.026765138 
835 3 13 13 0.026738904 
472 1162 16 18 0.026717253 
680 584 7 9 0.026706306 
351 608 9 11 0.0266795 
316 656 11 13 0.02667467 
848 689 8 11 0.026653694 
716 1196 13 17 0.026640523 
710 1342 21 30 0.026635954 
966 1281 25 29 0.02662533 
273 592 7 10 0.026605971 
397 653 11 13 0.026605675 
200 559 7 8 0.026574722 
665 520 7 9 0.026568258 
517 1167 14 16 0.02654617 
800 666 11 15 0.02653157 
763 1290 14 18 0.026531564 
503 1109 10 14 0.026497798 
798 640 8 9 0.026446503 
130 1132 13 17 0.026436722 
943 1076 11 14 0.026366282 
177 1150 20 25 0.026351664 
673 599 8 10 0.026328837 
269 1108 14 17 0.026316311 
1014 1257 12 17 0.026274228 
467 1266 16 21 0.026273726 
762 687 10 13 0.026262453 
229 590 9 10 0.026261002 
997 1099 11 15 0.026233122 
421 1126 13 16 0.026162576 
757 709 15 18 0.026146637 
710 630 9 11 0.02610754 
614 1124 11 14 0.026084078 
752 526 7 8 0.026058555 
720 13 9 11 0.026037892 
490 1180 15 20 0.026033154 
969 1054 9 10 0.026015785 
312 574 8 10 0.026013669 
588 652 17 21 0.026009852 
179 1187 21 27 0.026007786 
654 509 8 9 0.02600316 
516 1081 11 14 0.025958681 
751 1267 11 16 0.025944412 
495 567 9 11 0.025941899 
597 1280 16 21 0.025934327 
759 560 7 10 0.025930608 
742 1228 15 20 0.025918456 
37 540 9 10 0.025895303 
389 710 44 54 0.025874935 
300 1235 15 19 0.02582844 
597 49 16 17 0.025827793 
725 1354 14 20 0.025812728 
114 85 28 33 0.025806505 
763 1253 22 27 0.025782306 
217 1153 14 19 0.025780885 
502 1352 16 23 0.025779007 
476 1115 13 17 0.025756454 
368 1278 25 33 0.02574027 
670 1342 22 28 0.025727982 
214 584 9 11 0.025727704 
398 1163 13 16 0.025722373 
862 1073 13 16 0.025610875 
685 656 8 9 0.025607832 
78 180 17 23 0.025595468 
894 1090 13 18 0.025592275 
461 557 11 13 0.025584595 
375 615 10 11 0.025530467 
877 1070 10 13 0.025529742 
477 1151 12 15 0.025522038 
303 526 8 10 0.025511945 
13 566 12 15 0.025501153 
544 1130 10 13 0.025493149 
933 700 9 12 0.025476461 
981 1100 13 16 0.025418127 
174 1072 13 17 0.025416162 
250 1099 13 18 0.025401453 
1001 1378 15 21 0.0253899 
325 556 9 10 0.025382172 
86 686 9 11 0.025355363 
253 608 9 11 0.025322713 
72 89 24 29 0.025290111 
357 1103 10 12 0.025258655 
327 1266 26 31 0.025229864 
393 582 9 10 0.025224663 
412 485 9 13 0.025220014 
268 1125 13 17 0.025175823 
86 678 11 13 0.025175733 
548 1348 18 22 0.025172558 
720 542 9 10 0.025151199 
841 1218 16 21 0.025149776 
89 747 8 10 0.025131531 
479 1226 14 19 0.02512228 
794 640 8 10 0.025093718 
671 1367 22 27 0.025070375 
345 536 8 10 0.025057813 
204 663 10 14 0.025047371 
630 552 8 11 0.02504455 
327 1282 18 25 0.025011737 
849 1115 12 15 0.024970442 
355 187 13 21 0.024953611 
323 1257 24 30 0.024937376 
590 1234 15 19 0.024930038 
832 1344 17 23 0.024924848 
673 520 7 9 0.024887571 
725 1123 12 17 0.024866046 
551 1103 10 13 0.0248638 
265 631 9 12 0.024852045 
125 486 8 10 0.024843032 
213 1126 14 17 0.024838818 
779 1313 14 21 0.024819536 
759 615 8 9 0.024816269 
873 1381 21 32 0.024808384 
351 558 8 10 0.024791708 
712 545 9 9 0.02477686 
178 1206 16 23 0.024769345 
412 158 22 28 0.024766572 
758 1284 12 15 0.024730055 
679 1258 12 17 0.024721362 
806 1099 13 15 0.024715727 
907 1283 22 28 0.024641873 
714 1296 15 18 0.024634188 
349 1172 12 17 0.024624687 
799 1354 22 29 0.024621284 
953 1174 20 25 0.024605406 
573 1136 15 17 0.024592515 
409 1136 14 19 0.024575727 
7 1085 20 27 0.024570614 
397 535 9 10 0.024563795 
351 521 7 9 0.02455878 
727 590 9 11 0.024534663 
883 1333 14 20 0.024524266 
715 1130 12 17 0.024508812 
597 1138 15 18 0.024498738 
704 1087 10 13 0.02449128 
323 1254 16 21 0.024491077 
648 1327 24 27 0.024485435 
234 617 17 22 0.024478434 
662 534 8 9 0.024461536 
291 187 15 20 0.02445606 
161 1191 21 31 0.024447007 
450 1125 13 15 0.02444559 
723 646 8 10 0.024420407 
163 640 14 19 0.024417926 
157 1114 14 17 0.024416273 
750 1292 14 20 0.024404315 
479 1086 9 13 0.024351966 
843 1101 12 16 0.024331259 
286 608 8 10 0.024324387 
223 1067 13 16 0.024297915 
699 1135 18 24 0.02428279 
462 552 10 12 0.024265682 
106 1200 17 19 0.024223631 
304 575 7 9 0.024210325 
174 690 12 15 0.024167432 
0 1170 10 18 0.0241634 
532 582 11 13 0.02415737 
766 1163 14 19 0.024131674 
240 583 8 9 0.024115825 
703 544 7 10 0.024090616 
422 139 14 14 0.024076859 
689 575 7 9 0.024074908 
102 1092 11 14 0.024074037 
381 1289 16 20 0.024057372 
781 1132 12 15 0.024047406 
189 622 10 12 0.02404093 
267 1248 40 51 0.024017002 
671 671 11 13 0.023987845 
907 1295 17 22 0.023986917 
874 164 41 49 0.0239588 
507 1220 17 21 0.023950191 
303 600 8 9 0.023942314 
335 560 9 10 0.023938354 
252 526 8 9 0.023931105 
22 528 8 9 0.023913149 
380 180 14 16 0.023889584 
773 1101 12 15 0.02384338 
271 576 8 10 0.023829427 
156 1170 19 26 0.023829143 
247 552 7 8 0.023828074 
447 159 11 12 0.023827795 
669 1231 13 17 0.023783093 
95 747 9 11 0.023778904 
154 603 12 15 0.023758207 
382 575 8 10 0.02374176 
304 1249 23 29 0.0237404 
312 1273 27 33 0.023738602 
372 696 13 15 0.023733782 
637 1100 9 13 0.023730814 
411 377 16 19 0.023704065 
224 584 9 11 0.023697428 
877 1282 24 30 0.023692587 
425 488 10 11 0.023690475 
325 627 10 11 0.023686098 
326 1193 13 16 0.023682501 
110 582 10 11 0.023646872 
184 1201 21 29 0.023632534 
279 644 9 11 0.023623534 
0 1100 11 16 0.023596063 
44 1168 17 20 0.023579426 
235 1216 15 19 0.023570921 
656 544 9 11 0.023563962 
565 1163 16 20 0.023560153 
588 1226 16 17 0.02354318 
558 1132 13 18 0.023542454 
688 599 8 10 0.0235258 
344 157 10 14 0.023521375 
543 1145 13 18 0.02349016 
117 1116 14 17 0.023489624 
157 647 14 18 0.02346841 
968 697 9 11 0.02346669 
730 1332 24 31 0.023440914 
319 592 8 9 0.02343523 
99 1236 15 21 0.023434322 
994 686 9 11 0.023425879 
728 624 8 8 0.02340925 
433 174 22 28 0.02340672 
636 1124 12 17 0.023381554 
996 33 23 32 0.023326509 
518 486 9 10 0.02332211 
651 1341 22 28 0.023295753 
48 560 8 10 0.023278693 
702 600 9 10 0.023254577 
684 1302 18 21 0.023249663 
385 1304 17 21 0.023226136 
754 558 8 10 0.023224734 
345 1263 25 31 0.023215655 
1006 1109 14 20 0.02319593 
415 88 12 14 0.02318682 
372 1267 18 22 0.02317809 
452 651 12 16 0.023174657 
189 614 9 11 0.023149615 
95 179 16 21 0.023143928 
930 1256 16 24 0.023138663 
662 997 11 15 0.023132626 
676 1093 12 15 0.023108264 
557 1104 9 11 0.02310667 
246 535 8 9 0.023096934 
698 1171 15 17 0.023091769 
271 543 8 10 0.023091575 
998 1347 20 29 0.023088189 
391 565 9 10 0.023077257 
686 557 7 10 0.023074768 
157 591 10 12 0.023059223 
201 495 8 10 0.023024391 
902 1387 13 17 0.023012513 
373 129 16 18 0.023004714 
627 1136 13 19 0.022984803 
733 1139 13 15 0.022976933 
694 679 8 10 0.022967864 
772 647 9 11 0.022956008 
828 1194 15 22 0.022952856 
739 1291 14 20 0.02293754 
787 690 12 14 0.02293509 
376 1103 9 13 0.02292928 
516 1175 15 17 0.022905448 
135 651 13 18 0.022877024 
295 574 8 9 0.02282883 
830 711 12 14 0.022827793 
501 1088 9 10 0.022806613 
551 606 10 12 0.022805154 
527 1116 11 16 0.022804685 
321 552 8 10 0.022797992 
711 575 7 9 0.022785386 
241 534 8 9 0.022743793 
646 1122 12 16 0.022743264 
280 339 17 21 0.022728475 
279 552 8 9 0.022726016 
387 207 15 19 0.022717964 
248 608 9 11 0.022700012 
910 696 9 11 0.022687929 
673 1111 21 26 0.022683673 
775 662 10 12 0.022676041 
632 1303 21 28 0.022668434 
510 1102 10 12 0.022666289 
846 1124 13 16 0.022646831 
740 1139 12 15 0.022633905 
610 1269 17 21 0.022628892 
198 666 14 18 0.022626689 
859 1142 21 24 0.022587216 
679 545 8 9 0.022577059 
834 1305 16 23 0.022550019 
406 1191 14 19 0.02253806 
426 1188 16 18 0.022533959 
595 1180 14 17 0.022519458 
95 1171 15 18 0.022511803 
678 591 8 10 0.022486622 
112 706 10 13 0.022460027 
27 1132 12 17 0.022440352 
628 746 16 19 0.022393877 
900 1289 15 21 0.02238881 
682 1370 16 23 0.022370042 
159 1157 15 21 0.02235221 
376 590 9 10 0.022344444 
356 142 22 29 0.022332046 
312 552 7 9 0.022330135 
1 1076 11 16 0.022320125 
198 652 12 14 0.022308892 
685 1201 14 19 0.022292443 
412 493 9 11 0.022286326 
806 676 10 13 0.022272551 
265 1255 26 33 0.022268748 
328 1143 18 23 0.022248613 
809 1092 22 26 0.022242047 
414 1099 10 13 0.022212274 
958 1311 23 31 0.02220078 
499 1243 18 23 0.022182481 
551 627 12 15 0.022177722 
332 1193 14 18 0.022162832 
158 579 10 12 0.02216232 
262 662 10 12 0.022152103 
771 1204 16 18 0.022144873 
664 527 7 9 0.022127239 
816 1175 20 27 0.022121577 
119 1234 26 37 0.02211696 
718 695 9 11 0.022110473 
247 1217 17 21 0.022107402 
752 520 8 9 0.022097368 
581 1177 14 20 0.022095561 
99 1153 14 19 0.022094654 
901 1351 17 22 0.022091655 
0 1200 18 23 0.022062533 
382 1101 10 12 0.022047104 
211 696 14 16 0.022039903 
520 1247 17 22 0.022022588 
728 560 9 11 0.022007242 
695 575 8 9 0.022004202 
764 1187 15 18 0.02199927 
856 1221 24 30 0.021979013 
189 606 10 12 0.021977682 
703 550 8 9 0.021920428 
351 1139 13 18 0.021917984 
410 213 13 16 0.021911763 
854 1233 23 29 0.021905435 
728 726 8 10 0.021886915 
397 487 9 12 0.021852307 
827 1164 13 17 0.02185055 
904 1219 25 28 0.021843772 
969 750 28 32 0.021837283 
228 1122 14 18 0.021825127 
977 1246 16 22 0.021823503 
410 584 8 11 0.021773199 
487 574 9 11 0.021761084 
937 1166 20 28 0.021760004 
629 503 10 13 0.021745315 
935 1041 9 10 0.021735854 
81 688 9 10 0.021734342 
693 630 9 12 0.021726336 
609 557 8 9 0.02171521 
72 551 9 11 0.021695415 
702 559 9 11 0.02168655 
808 653 10 11 0.021678094 
703 591 8 10 0.02167152 
994 1323 24 30 0.021655397 
324 685 12 14 0.021649351 
373 1188 13 17 0.021622019 
720 606 8 10 0.02162047 
312 1221 23 29 0.021618938 
263 505 7 10 0.021591974 
307 184 17 23 0.021579336 
544 505 13 18 0.021561366 
715 1323 16 20 0.021559106 
312 646 9 11 0.02154161 
558 1267 14 19 0.021523645 
239 1083 12 16 0.021500323 
638 1295 20 27 0.021498699 
107 1210 17 19 0.021481799 
286 560 8 8 0.02147697 
552 496 10 12 0.021463195 
414 110 13 15 0.02143712 
411 1172 13 18 0.021423526 
796 1228 13 20 0.02140981 
719 717 8 10 0.021407172 
906 697 8 10 0.021403296 
486 1093 12 13 0.021379486 
314 1209 16 20 0.021339286 
561 1357 26 31 0.021331852 
709 1358 23 32 0.02132089 
815 701 12 15 0.021320468 
545 206 15 19 0.021319011 
302 201 15 20 0.021280091 
535 1200 16 19 0.021279642 
247 542 8 10 0.021264862 
322 181 22 30 0.021263164 
930 1076 12 14 0.02126105 
878 693 12 16 0.021245241 
803 1330 15 22 0.021242354 
899 1170 17 20 0.021235792 
735 1236 13 17 0.021221342 
198 597 8 10 0.021193612 
367 552 8 10 0.021185612 
638 626 9 12 0.021180496 
255 536 8 9 0.021178406 
239 551 8 9 0.021175716 
883 581 33 36 0.021139367 
65 541 7 9 0.02113913 
191 510 8 10 0.021138739 
171 1098 14 19 0.021125622 
721 669 8 11 0.021108877 
638 1147 13 17 0.021107944 
81 707 11 13 0.021092815 
656 559 8 10 0.021080492 
342 568 8 9 0.021062413 
671 1114 11 15 0.02105335 
702 615 8 9 0.021031775 
1012 1355 12 18 0.021024335 
345 472 7 8 0.02101803 
629 731 28 35 0.021016272 
532 588 11 13 0.021011122 
625 533 9 10 0.021009102 
97 544 8 10 0.021000594 
989 1290 13 19 0.020993348 
296 559 8 10 0.02099171 
145 1185 21 27 0.020979365 
544 574 8 10 0.020953879 
571 1156 23 27 0.020914719 
431 624 8 10 0.020899931 
574 527 9 12 0.020895062 
971 1264 18 22 0.020893151 
71 558 10 11 0.02087891 
249 1255 25 32 0.020871352 
373 687 12 14 0.020859385 
678 1266 14 18 0.020854793 
116 1224 16 21 0.02083841 
255 662 10 13 0.02081976 
198 574 8 10 0.0208179 
537 517 11 14 0.020791903 
220 613 10 12 0.020775557 
239 574 9 10 0.020775538 
231 692 11 13 0.020770546 
454 543 8 10 0.020763816 
204 674 12 15 0.02074807 
492 1146 15 18 0.020723198 
199 1189 20 25 0.020720795 
820 1331 18 23 0.020707296 
621 740 26 31 0.020697521 
713 1210 15 18 0.020695196 
118 738 11 15 0.020690467 
87 545 8 10 0.02068627 
958 1230 22 28 0.020680273 
963 1253 18 20 0.020647012 
317 632 107 123 0.020639794 
687 583 9 10 0.020597847 
237 1250 25 32 0.020592596 
309 616 8 10 0.020584662 
139 1173 23 29 0.020580217 
413 656 11 13 0.020576164 
972 1200 21 28 0.020573152 
412 1259 16 21 0.020571198 
493 1102 10 11 0.02056626 
8 566 11 13 0.020565731 
301 1225 15 20 0.020563548 
563 1139 13 16 0.02056089 
215 1181 14 19 0.020555023 
621 1266 14 20 0.020549554 
429 1156 13 15 0.02054345 
286 1258 43 50 0.020508882 
392 590 8 10 0.020484392 
241 1275 15 20 0.020478021 
280 1225 24 28 0.020461315 
320 607 8 10 0.020457828 
390 1100 10 12 0.020439386 
600 582 11 13 0.020424731 
374 148 12 16 0.020414637 
306 658 20 24 0.020397794 
660 1197 13 17 0.020396622 
813 654 9 11 0.02037848 
723 1328 15 20 0.020377796 
332 202 18 24 0.020373007 
932 1108 13 16 0.020360515 
96 684 9 12 0.020347305 
154 1038 9 12 0.020343145 
318 574 8 11 0.020340152 
459 1131 20 24 0.02032546 
56 742 9 11 0.020300526 
996 1306 22 32 0.020299787 
478 1106 13 16 0.020284578 
711 607 8 9 0.020267218 
664 638 8 10 0.020258022 
441 709 29 34 0.020237371 
627 1179 14 18 0.020237362 
961 697 8 10 0.020237003 
797 1154 12 19 0.020235661 
288 1081 10 13 0.020183038 
424 559 8 9 0.020167809 
118 708 9 12 0.020167744 
744 1361 27 30 0.020157008 
344 463 7 10 0.0201566 
737 497 7 8 0.020151824 
821 1064 10 12 0.020136591 
750 679 9 12 0.020126577 
893 1241 16 23 0.02012385 
944 1190 20 25 0.020114733 
894 1099 13 17 0.020100199 
579 1234 15 18 0.020092836 
696 558 9 11 0.020082906 
490 1263 17 22 0.020079674 
707 1362 15 22 0.020074245 
134 1102 11 15 0.02007065 
696 669 10 12 0.020053227 
385 628 9 12 0.020051375 
712 696 9 10 0.020044971 
776 678 10 13 0.020013507 
