10_People_Marching_People_Marching_2_171
458
418 492 22 30 0.98969144 
455 77 23 28 0.9863673 
723 341 22 29 0.96798205 
323 299 17 23 0.96755165 
306 438 21 27 0.9649522 
266 492 20 28 0.9638554 
11 632 23 28 0.96335953 
976 265 23 28 0.9588995 
837 100 22 27 0.9586788 
65 362 21 26 0.95615304 
671 91 22 27 0.9543046 
215 433 22 26 0.9340147 
307 358 21 25 0.9335673 
32 433 23 27 0.9286263 
113 127 21 27 0.91461897 
245 104 19 24 0.9116254 
572 72 19 25 0.91033703 
747 274 21 27 0.8993202 
199 364 20 25 0.8986258 
561 580 20 28 0.88636404 
441 427 20 24 0.88180304 
345 112 19 24 0.8804238 
194 306 16 21 0.86838734 
5 142 20 27 0.8377372 
103 545 20 26 0.8343185 
20 161 32 43 0.8137106 
391 360 18 21 0.79722524 
453 533 20 27 0.784803 
767 68 25 33 0.7828245 
468 355 19 23 0.7434593 
550 354 21 27 0.6628263 
358 280 23 32 0.63486344 
192 458 17 21 0.59982526 
220 584 19 28 0.57157737 
902 320 37 44 0.54277086 
607 382 21 30 0.52284306 
251 435 15 19 0.4508593 
126 442 20 25 0.4327445 
281 450 21 25 0.43118367 
220 323 13 16 0.42899248 
338 340 22 28 0.39835262 
662 369 22 28 0.3973118 
581 370 14 17 0.3923741 
259 421 14 17 0.3850879 
165 427 15 18 0.37710792 
685 162 27 30 0.37202007 
564 426 23 26 0.37166315 
440 296 15 19 0.35987884 
341 619 16 25 0.35928127 
183 434 16 19 0.31416002 
426 367 17 20 0.26554704 
483 438 25 27 0.26134112 
0 615 17 20 0.2566017 
957 339 23 29 0.24689783 
549 331 11 14 0.24516574 
97 658 27 27 0.24285492 
13 470 15 18 0.22627208 
12 448 15 20 0.21107972 
286 434 17 19 0.20903523 
685 369 16 23 0.20142864 
446 364 17 22 0.18632905 
182 306 13 19 0.17452426 
364 481 14 18 0.16406435 
176 309 11 15 0.16320366 
339 443 17 21 0.16136043 
418 306 14 18 0.16123039 
254 428 15 18 0.15559272 
418 322 18 22 0.14976077 
788 114 21 25 0.14687763 
324 401 22 27 0.1460408 
94 441 17 21 0.14216393 
7 570 14 16 0.14174315 
540 599 13 17 0.13809922 
165 365 12 18 0.13682565 
-1 465 9 18 0.1252778 
287 440 22 26 0.1222995 
469 159 28 29 0.122193575 
573 368 15 19 0.11828217 
454 240 45 65 0.11618231 
674 164 28 34 0.11517622 
419 156 12 18 0.113835394 
683 125 31 33 0.11246965 
51 453 15 18 0.11059431 
455 297 14 18 0.10803736 
662 352 24 33 0.10551933 
340 375 20 25 0.105347216 
138 479 17 20 0.102746665 
360 181 29 29 0.101144135 
243 551 13 18 0.09725429 
387 509 15 18 0.09303901 
370 410 15 19 0.0923576 
818 304 20 24 0.09234909 
228 161 13 17 0.0915606 
161 323 20 25 0.09014363 
158 172 15 18 0.08939116 
523 364 14 20 0.089032374 
3 523 15 18 0.08625877 
718 321 16 21 0.0856355 
389 402 16 22 0.084612116 
581 396 22 27 0.083861955 
636 389 14 21 0.08332903 
413 158 20 28 0.083111115 
497 508 12 15 0.08285859 
213 546 14 20 0.08211645 
379 334 17 18 0.079506114 
559 359 18 21 0.07895116 
276 407 16 21 0.0779733 
302 118 10 14 0.07731471 
435 361 19 26 0.07678886 
93 484 16 20 0.0759634 
4 624 22 29 0.075773664 
168 429 20 24 0.070822164 
101 510 12 14 0.07067101 
485 493 11 16 0.06981485 
668 362 24 30 0.069754414 
603 361 16 20 0.06847679 
178 382 11 13 0.06744552 
571 283 16 19 0.06737729 
587 251 21 29 0.06710533 
209 596 24 33 0.06661606 
833 395 28 31 0.066446126 
44 580 17 19 0.064947955 
268 441 15 19 0.0631039 
476 329 12 17 0.06272644 
396 439 23 24 0.06258375 
344 100 20 24 0.062567756 
245 431 15 19 0.062541805 
84 437 13 16 0.062519364 
27 596 14 18 0.06233976 
84 409 14 18 0.062306717 
147 457 15 18 0.061958432 
544 164 19 23 0.06151391 
376 403 22 27 0.061295357 
159 532 24 31 0.060979787 
171 326 16 22 0.060913358 
674 347 16 22 0.06078799 
107 469 13 17 0.0607373 
745 96 10 14 0.060021136 
268 121 15 17 0.059962895 
1012 280 13 18 0.059828155 
276 122 14 16 0.059428383 
7 577 15 17 0.05849568 
134 445 18 24 0.058269545 
584 364 21 25 0.058111988 
535 346 12 15 0.05798939 
93 584 22 31 0.055791333 
623 382 22 29 0.05575875 
244 439 15 20 0.055681787 
476 490 16 19 0.055623148 
301 125 17 24 0.054381363 
30 403 14 17 0.054304294 
258 438 17 20 0.05409905 
75 568 15 20 0.052192785 
157 321 16 20 0.05218756 
184 517 25 29 0.05208218 
692 385 14 22 0.0517491 
187 484 17 21 0.051593013 
266 180 24 27 0.051013857 
383 512 13 16 0.05043411 
526 360 19 27 0.050300013 
7 148 28 37 0.05029756 
44 520 18 21 0.049999367 
895 296 49 56 0.049994294 
576 289 15 18 0.049561583 
497 295 16 19 0.049078967 
242 454 23 25 0.048132904 
501 377 13 17 0.04811154 
9 453 20 26 0.04803918 
591 391 21 30 0.047035206 
332 480 17 21 0.046907037 
118 443 16 22 0.04671896 
546 594 13 18 0.04662604 
164 399 15 17 0.04628089 
509 409 15 18 0.046066474 
93 162 12 16 0.045764655 
85 569 13 18 0.04551622 
540 419 24 28 0.045343272 
0 659 22 29 0.0453107 
718 325 23 31 0.0448517 
290 378 14 16 0.044697165 
40 445 21 25 0.044148274 
141 364 9 12 0.043915007 
554 249 25 31 0.043860406 
268 456 17 21 0.043597795 
484 428 16 18 0.043354068 
468 489 15 19 0.043343313 
97 469 22 25 0.042929098 
225 404 15 18 0.042227242 
590 147 28 36 0.042181257 
554 329 13 15 0.04212775 
541 359 18 24 0.04204907 
80 128 10 12 0.041976098 
218 498 16 21 0.041742794 
253 506 13 17 0.04157797 
417 449 23 27 0.041491248 
568 275 13 18 0.040934853 
188 332 12 15 0.040587835 
639 359 14 18 0.040379334 
685 380 16 22 0.040356796 
325 475 15 18 0.04000118 
592 372 22 26 0.039771326 
154 315 15 18 0.039748076 
540 348 11 16 0.039691642 
149 344 12 15 0.03937286 
469 325 15 21 0.039320216 
201 603 35 60 0.03920087 
497 441 18 22 0.038932227 
461 477 25 33 0.038828216 
165 307 11 14 0.038804326 
736 337 18 24 0.03835302 
132 488 14 19 0.038351674 
653 337 13 17 0.038090907 
425 357 16 19 0.038090035 
476 445 24 31 0.037992354 
421 374 17 20 0.037989527 
652 344 23 30 0.037755873 
316 324 11 14 0.037724312 
979 303 28 35 0.037704382 
222 380 12 15 0.03760541 
238 190 14 16 0.03746055 
698 392 14 19 0.037436787 
407 494 25 31 0.037350196 
256 495 21 27 0.037139427 
239 442 13 19 0.036323164 
596 382 22 29 0.036123984 
752 265 26 31 0.035991628 
373 443 16 18 0.035814807 
49 642 22 29 0.035749953 
241 301 12 16 0.035635803 
189 465 24 30 0.035543002 
759 77 24 30 0.03545769 
345 181 29 33 0.035246886 
310 323 11 15 0.034927696 
70 560 16 21 0.034920745 
69 436 13 16 0.03480611 
133 375 10 13 0.034770727 
692 389 23 32 0.034375325 
128 375 9 13 0.034359843 
114 384 16 18 0.033944864 
171 364 12 18 0.03378188 
222 153 21 30 0.03342667 
197 340 13 16 0.033279892 
136 365 10 13 0.033261783 
157 308 13 15 0.033257462 
190 339 12 15 0.03320072 
407 442 24 27 0.033070438 
576 586 15 19 0.032845084 
235 431 22 26 0.032834843 
155 459 13 19 0.03279858 
655 375 21 30 0.03258978 
110 523 13 16 0.032505386 
575 152 28 34 0.032402094 
72 159 8 10 0.03237631 
457 526 17 22 0.032239795 
370 127 15 17 0.032119922 
420 312 22 28 0.032091506 
115 582 25 33 0.03181414 
728 346 28 32 0.03180449 
413 547 14 16 0.031587962 
255 554 13 18 0.03155331 
326 398 16 18 0.031508625 
594 367 16 20 0.03137471 
568 290 13 17 0.0312659 
790 264 24 33 0.03125585 
367 274 18 25 0.031244822 
466 449 15 18 0.031196661 
990 318 34 39 0.031005379 
78 441 15 18 0.030546473 
0 621 36 47 0.030484263 
90 408 16 19 0.03045098 
463 537 16 20 0.029995758 
276 444 16 19 0.029843312 
205 501 12 15 0.02968746 
117 475 12 16 0.029389773 
842 109 24 30 0.029309928 
403 330 15 20 0.029101022 
181 330 12 17 0.029086392 
564 365 16 21 0.028939575 
357 441 22 27 0.02880899 
645 166 10 14 0.02873874 
543 326 20 24 0.028656244 
319 474 14 17 0.028646098 
317 160 13 19 0.0286199 
270 268 15 20 0.028245123 
844 129 13 16 0.02811501 
21 535 17 21 0.028022816 
206 441 15 18 0.027943166 
396 505 12 17 0.027849535 
437 323 13 17 0.027806181 
173 356 11 14 0.027719025 
156 483 14 20 0.027428294 
450 357 17 23 0.027418597 
84 570 23 30 0.027418463 
889 169 15 19 0.027393887 
431 652 22 27 0.027343763 
147 555 15 20 0.027247164 
5 466 14 19 0.027092848 
100 409 14 19 0.027038507 
458 338 15 18 0.026823947 
0 636 9 16 0.026777947 
148 421 13 16 0.026728317 
906 339 19 26 0.026722066 
501 515 12 17 0.026693847 
414 327 15 21 0.026667302 
877 304 52 61 0.026666267 
266 418 14 19 0.026561564 
492 399 21 25 0.026515318 
202 347 18 20 0.026509412 
160 432 13 19 0.026443219 
476 295 16 21 0.026426684 
198 355 16 23 0.026338307 
3 647 27 33 0.026311895 
611 354 15 20 0.026249804 
429 583 15 19 0.026158364 
180 323 11 16 0.025985872 
171 396 13 17 0.025914505 
575 259 25 29 0.025896097 
958 93 57 64 0.025854813 
570 271 23 28 0.025724841 
109 462 12 17 0.025711935 
279 413 22 26 0.02569383 
103 532 23 30 0.025631897 
421 470 23 30 0.025623396 
425 308 14 17 0.02561996 
402 489 16 21 0.02537056 
43 179 12 17 0.025250135 
965 317 44 54 0.025159232 
973 297 46 59 0.02512825 
874 135 22 28 0.024992568 
784 115 16 20 0.024976425 
584 252 13 18 0.024887372 
333 110 21 28 0.024738465 
636 380 14 21 0.024735656 
119 194 11 15 0.02472197 
976 435 33 43 0.02460135 
752 114 24 35 0.02459519 
975 301 11 15 0.024552558 
969 253 38 48 0.02447238 
460 438 21 26 0.024384009 
418 553 16 23 0.024356151 
80 433 10 13 0.024345497 
376 184 17 21 0.02433772 
569 401 27 30 0.024331423 
474 383 16 19 0.024320241 
396 334 16 19 0.024289953 
337 270 28 32 0.024284836 
0 597 9 13 0.024221526 
311 300 12 16 0.024157312 
6 168 26 37 0.024151647 
35 483 13 16 0.024132313 
302 570 12 17 0.024100477 
425 325 16 22 0.024094274 
359 157 29 36 0.023797324 
164 439 15 21 0.023721663 
540 431 18 22 0.023720764 
337 354 24 30 0.023686945 
305 324 10 14 0.02364411 
214 316 15 19 0.023626609 
56 363 14 19 0.023615133 
569 573 17 21 0.023605386 
341 512 23 27 0.023581803 
385 407 23 28 0.023578307 
577 162 17 21 0.023575967 
228 528 16 21 0.023559935 
455 163 33 33 0.023555033 
549 349 16 22 0.023485892 
958 281 13 19 0.023414569 
495 376 13 18 0.023381902 
84 132 11 16 0.023376426 
276 460 17 21 0.023215817 
430 297 19 25 0.023113161 
626 371 17 21 0.023087736 
99 457 17 22 0.023054436 
575 332 15 18 0.023045754 
175 388 12 13 0.023010053 
221 171 14 19 0.022996668 
283 123 12 16 0.022949569 
672 255 35 47 0.022947928 
744 269 14 20 0.022938684 
376 645 10 14 0.022936737 
165 464 16 23 0.022917232 
1005 329 15 20 0.022913212 
145 474 16 22 0.022873549 
398 497 13 19 0.022807501 
427 531 15 19 0.022724137 
522 443 24 34 0.022690512 
400 426 24 28 0.022688089 
100 157 11 14 0.0226267 
793 118 26 31 0.022558246 
130 137 14 19 0.022478636 
125 411 12 15 0.022465734 
92 169 14 19 0.02242185 
187 377 12 18 0.02241079 
770 290 15 18 0.022392672 
40 457 24 27 0.022301354 
483 331 14 17 0.02228151 
270 552 13 16 0.022280296 
658 133 26 36 0.022214897 
234 519 17 21 0.022190735 
333 386 15 18 0.022041673 
246 507 14 18 0.02201671 
262 137 13 17 0.021879982 
976 275 26 35 0.021837447 
174 317 20 26 0.021776786 
860 144 13 17 0.02166665 
35 407 13 17 0.021657696 
23 410 15 18 0.021622421 
197 347 14 18 0.021600705 
668 130 30 39 0.021592332 
419 459 24 29 0.021524822 
308 119 12 15 0.02147769 
68 518 25 27 0.02141623 
232 592 15 19 0.021366613 
787 276 22 31 0.021350786 
309 331 11 15 0.021347359 
464 331 23 27 0.021334482 
404 538 27 33 0.021319231 
883 273 29 42 0.021284163 
125 194 11 15 0.021280091 
230 532 25 30 0.021255838 
576 430 24 31 0.021092031 
38 517 16 19 0.021077136 
406 524 14 17 0.02103005 
519 509 13 15 0.020975528 
23 601 15 19 0.020915076 
44 590 17 19 0.020908281 
81 443 23 28 0.020867676 
58 458 13 17 0.020841988 
766 65 17 22 0.02083263 
558 428 18 25 0.020799207 
813 312 16 20 0.02075801 
331 387 25 30 0.020729987 
415 397 23 28 0.020691523 
694 402 26 36 0.020691091 
326 488 15 18 0.020682074 
536 610 13 18 0.020677917 
899 271 51 60 0.020618845 
676 278 27 30 0.020612387 
413 593 15 19 0.020570485 
889 328 32 45 0.020563077 
143 345 13 16 0.020534419 
325 178 24 28 0.02045104 
415 384 25 29 0.020435385 
685 125 17 19 0.020428086 
1001 59 12 15 0.020413712 
508 516 13 18 0.020371636 
267 129 15 18 0.020268582 
659 333 13 16 0.020248191 
190 347 12 16 0.02022309 
37 453 15 20 0.02020651 
144 461 21 25 0.020156233 
616 379 21 25 0.020156033 
567 291 23 28 0.020110372 
27 609 16 19 0.020109855 
678 84 20 23 0.02010294 
197 433 13 18 0.020099241 
445 246 30 41 0.020058537 
204 339 16 19 0.020002343 
