26_Soldier_Drilling_Soldiers_Drilling_26_619
99
460 213 30 39 0.99471277 
816 245 25 26 0.9757981 
648 444 54 63 0.5566284 
212 151 14 18 0.34840587 
766 298 25 27 0.31619057 
677 315 14 19 0.2948333 
375 247 26 31 0.25270277 
114 252 22 26 0.20451157 
755 306 27 29 0.20015551 
132 253 16 21 0.19586526 
56 241 24 28 0.18826254 
893 373 15 18 0.16864322 
67 242 15 21 0.13753423 
363 241 42 53 0.1161097 
5 230 22 33 0.088548645 
190 409 11 12 0.08600156 
982 101 14 16 0.07333566 
718 362 10 14 0.06660768 
260 512 10 12 0.06454774 
289 496 8 10 0.062306877 
564 102 14 17 0.05818971 
636 241 12 15 0.053671643 
755 300 19 20 0.050660603 
864 310 10 11 0.04755566 
296 496 8 11 0.046386432 
937 358 19 21 0.044743195 
724 352 24 31 0.043489385 
110 250 15 20 0.042838495 
411 335 18 22 0.04129554 
116 247 15 18 0.040681764 
999 89 12 17 0.04022822 
170 127 24 29 0.039839275 
239 505 9 10 0.03869387 
831 249 18 20 0.038448 
775 382 24 31 0.038152456 
750 315 28 35 0.0377023 
599 149 14 16 0.037525043 
505 31 11 14 0.037174214 
708 245 13 17 0.03684789 
301 500 8 9 0.03598144 
702 249 13 16 0.035426904 
771 284 15 16 0.034895293 
615 118 14 16 0.034872524 
279 521 9 10 0.034690898 
588 107 12 14 0.03452772 
215 528 10 13 0.03383008 
981 88 23 30 0.0336214 
195 123 13 15 0.033440657 
926 395 13 16 0.033197075 
25 184 184 275 0.032377787 
698 326 24 29 0.031835902 
327 510 9 11 0.031050857 
104 252 12 18 0.028898872 
111 275 11 14 0.028789986 
689 97 460 483 0.028126057 
289 501 9 10 0.028068941 
445 212 26 33 0.027903972 
328 486 8 10 0.027758848 
272 503 9 10 0.027629746 
-29 83 332 452 0.027443022 
277 502 8 10 0.027399706 
901 335 15 16 0.027123885 
141 410 13 12 0.026908634 
256 503 8 9 0.026537089 
805 247 16 19 0.025936825 
812 347 17 19 0.025522608 
971 375 30 35 0.025508992 
858 338 18 19 0.025420083 
62 199 21 27 0.025349105 
182 303 23 28 0.025340872 
848 372 11 12 0.025328344 
965 370 14 18 0.02530493 
272 484 9 11 0.025276756 
197 156 12 16 0.025242377 
202 437 9 10 0.024599766 
982 69 11 14 0.024531199 
187 148 12 17 0.024254352 
959 425 12 15 0.024115412 
111 267 13 17 0.023985712 
157 440 10 12 0.023907473 
280 495 8 10 0.023641368 
768 322 34 39 0.02339085 
206 138 23 28 0.02335547 
271 528 9 10 0.023049884 
965 370 25 32 0.022841347 
240 464 9 10 0.02261532 
294 479 7 10 0.022514746 
289 144 25 31 0.022168024 
961 356 24 30 0.02185157 
953 431 26 38 0.021442994 
417 -5 417 563 0.021345142 
494 48 14 15 0.021304617 
278 510 7 9 0.021003837 
966 319 9 12 0.020853559 
775 302 26 28 0.020808589 
233 520 8 11 0.020376751 
245 527 11 13 0.020296317 
418 333 13 17 0.020166636 
846 366 11 12 0.020090329 
