26_Soldier_Drilling_Soldiers_Drilling_26_64
30
455 179 52 64 0.9996815 
662 165 49 63 0.99929833 
586 191 27 32 0.9833872 
51 162 47 57 0.9496127 
762 182 14 20 0.1878307 
685 338 21 28 0.18626735 
265 179 16 19 0.13438247 
835 193 15 19 0.12325606 
538 166 25 30 0.1170936 
676 345 25 34 0.08532606 
334 224 46 58 0.078088015 
19 156 42 52 0.07544018 
363 410 21 29 0.0718723 
668 359 26 30 0.06534006 
800 145 12 16 0.04997106 
370 401 16 22 0.040441066 
630 365 25 36 0.037832428 
274 180 14 19 0.034791235 
616 341 43 53 0.029413104 
669 371 17 22 0.028357347 
788 199 11 13 0.027308661 
385 239 9 12 0.026192501 
315 200 17 21 0.026079834 
778 251 27 27 0.02591091 
353 181 16 17 0.024700614 
823 196 11 15 0.024149036 
261 185 23 26 0.022654569 
748 185 23 28 0.021118294 
635 364 16 19 0.020521509 
832 200 12 16 0.020107336 
