26_Soldier_Drilling_Soldiers_Drilling_26_204
375
371 260 26 31 0.9621227 
438 197 24 29 0.95672417 
451 140 17 23 0.9126482 
599 119 11 14 0.6107433 
893 356 15 21 0.5547281 
902 176 14 18 0.5483399 
943 171 12 17 0.54332876 
500 106 13 15 0.53657883 
954 275 16 23 0.5266002 
712 122 13 18 0.49700886 
912 117 11 13 0.42306823 
867 314 30 37 0.41727337 
810 371 14 17 0.369289 
659 112 13 16 0.34617215 
1014 125 8 14 0.34015837 
987 162 12 16 0.3230984 
941 115 10 13 0.3202136 
705 226 17 22 0.31133026 
904 207 16 21 0.30536968 
994 189 12 15 0.29910213 
685 172 14 19 0.2908203 
835 189 24 28 0.29043084 
893 271 16 21 0.27724877 
805 217 25 30 0.26902848 
1003 242 14 19 0.26305673 
733 305 15 17 0.24275582 
621 157 12 17 0.24028733 
742 109 13 17 0.23721339 
949 335 17 23 0.23552218 
989 122 11 14 0.2343711 
860 283 27 29 0.23290893 
967 211 10 15 0.22582646 
667 240 17 23 0.21337953 
194 80 9 12 0.21256298 
730 132 13 16 0.20794229 
923 230 17 21 0.20331663 
691 169 16 19 0.1993823 
844 282 14 19 0.1929737 
730 324 14 18 0.18992437 
637 168 13 17 0.18909748 
946 258 15 21 0.18546467 
676 171 14 19 0.18150593 
772 271 13 19 0.1783619 
984 204 16 18 0.17726089 
583 86 10 12 0.17547557 
477 135 12 16 0.16680485 
1009 179 12 15 0.16651288 
987 211 15 17 0.16612086 
774 310 21 26 0.16102539 
852 278 21 27 0.15458784 
969 198 11 13 0.14664343 
649 167 9 13 0.14589499 
858 123 10 13 0.1450736 
966 117 8 12 0.1393973 
887 150 11 15 0.13853553 
734 275 14 17 0.13646543 
628 78 9 11 0.13461557 
700 193 13 17 0.12633945 
976 112 9 12 0.12442786 
970 149 14 17 0.12433261 
853 325 26 30 0.12340941 
849 191 14 20 0.121476695 
823 303 24 30 0.11861237 
835 136 13 15 0.11603825 
686 208 14 19 0.113733485 
985 124 11 13 0.107793786 
822 137 12 15 0.10533946 
973 127 11 13 0.10387111 
927 111 9 11 0.10302548 
996 212 13 18 0.102664664 
715 127 14 19 0.10095767 
240 70 7 10 0.10016192 
1011 301 14 23 0.09431379 
923 215 21 27 0.09264015 
651 178 14 18 0.08739574 
861 119 11 14 0.086027354 
937 116 9 12 0.08580942 
672 96 9 10 0.08461932 
701 93 9 12 0.08454904 
896 198 20 28 0.08409598 
678 138 13 17 0.083908185 
732 313 16 20 0.08279632 
910 206 20 27 0.081550345 
842 331 23 29 0.08054065 
793 216 23 33 0.0781793 
983 158 12 16 0.07798846 
947 166 14 18 0.077692844 
984 118 11 13 0.07526666 
948 117 10 12 0.07465026 
732 91 9 12 0.0738038 
895 128 8 10 0.07129707 
946 175 14 17 0.07040511 
631 170 13 17 0.069650896 
752 307 11 15 0.069536954 
796 270 14 20 0.06936643 
894 185 19 26 0.068903565 
782 213 22 31 0.06884534 
853 180 12 18 0.0685147 
583 155 12 16 0.06842263 
670 170 14 18 0.06825554 
662 123 11 16 0.06690003 
648 83 10 12 0.0664683 
826 131 21 25 0.065823086 
881 148 11 15 0.06570028 
606 107 11 15 0.064489625 
734 108 12 16 0.06429372 
575 101 10 13 0.06399913 
699 164 15 19 0.062995344 
711 180 12 17 0.062984884 
836 339 22 29 0.062862284 
712 279 11 14 0.05975064 
650 170 13 18 0.059504785 
862 297 30 38 0.05892209 
723 166 18 21 0.058834538 
695 189 14 17 0.05875162 
667 115 12 15 0.058232363 
961 118 11 13 0.058026128 
685 123 12 14 0.05780187 
861 178 15 21 0.0566713 
770 109 16 19 0.056456994 
1011 148 11 15 0.055975795 
640 188 12 15 0.055206127 
702 112 9 13 0.055133734 
867 172 13 16 0.05416927 
645 186 13 16 0.05401807 
650 146 14 18 0.0539523 
988 195 16 18 0.053149257 
797 404 17 20 0.053110365 
727 301 13 16 0.052581597 
677 292 13 16 0.05125031 
588 86 9 13 0.05045353 
741 285 13 15 0.050093897 
895 117 9 11 0.04996975 
786 313 16 21 0.049189843 
830 296 23 31 0.048324093 
831 312 23 33 0.04729654 
579 83 10 13 0.047268115 
689 95 9 11 0.047119007 
790 218 36 49 0.04673331 
867 277 16 21 0.046724405 
845 134 10 14 0.046613492 
833 175 27 33 0.04629443 
750 133 14 17 0.045892168 
678 126 11 14 0.045448408 
971 204 14 18 0.0453003 
623 170 12 16 0.044718623 
695 95 10 12 0.043699328 
843 164 14 18 0.04345399 
896 131 9 12 0.043350883 
995 204 14 18 0.043017816 
878 133 9 11 0.04266967 
677 95 8 10 0.042416558 
741 391 15 20 0.042339187 
831 110 10 12 0.042302735 
493 80 9 11 0.041940544 
645 121 12 15 0.041847464 
380 263 31 32 0.041678544 
595 117 11 14 0.041485086 
915 405 18 19 0.041195266 
995 183 12 14 0.041111168 
704 88 8 10 0.040667474 
934 134 11 14 0.040654697 
854 132 11 13 0.0405166 
942 189 13 16 0.04003515 
917 111 11 13 0.039887093 
837 164 23 29 0.039777026 
836 286 22 29 0.03927444 
670 124 11 15 0.039066117 
660 170 14 19 0.03896316 
954 259 15 22 0.038865715 
888 111 8 11 0.038848527 
677 209 16 20 0.0387991 
616 160 13 17 0.03861233 
758 161 20 35 0.037780583 
894 256 23 32 0.03773663 
615 191 10 13 0.03772283 
649 158 9 13 0.03769944 
798 307 14 18 0.037601024 
704 188 19 27 0.037361223 
852 172 12 18 0.0371698 
772 263 22 32 0.037111763 
717 169 16 21 0.036808044 
583 140 15 18 0.036805622 
746 382 22 29 0.036730137 
980 111 9 12 0.036627192 
699 252 15 20 0.036400437 
753 98 22 28 0.036331438 
817 139 11 15 0.036318637 
948 342 25 31 0.036282517 
721 125 20 24 0.035881344 
1003 210 15 19 0.035871737 
683 132 14 17 0.03574908 
780 226 22 32 0.03524363 
766 313 16 19 0.03522781 
683 248 16 22 0.035188854 
830 115 10 12 0.034918707 
715 185 15 18 0.034715503 
939 202 15 18 0.03460025 
222 115 11 14 0.034525603 
820 298 17 22 0.034396634 
696 110 10 13 0.034275383 
612 148 14 17 0.03420181 
637 120 11 13 0.0340627 
866 95 8 11 0.033894982 
864 113 9 11 0.033788178 
829 192 19 22 0.033457745 
855 139 9 12 0.03328263 
694 195 21 28 0.033270698 
691 123 12 14 0.033135522 
1006 142 13 15 0.03304777 
919 382 36 43 0.033039697 
666 95 8 11 0.03301802 
895 110 9 12 0.032995123 
886 144 11 14 0.032852236 
648 142 12 15 0.032759435 
675 247 14 20 0.03234337 
844 297 13 20 0.032288343 
461 136 19 25 0.032039043 
924 204 15 19 0.0315659 
621 138 13 15 0.031333648 
629 277 11 13 0.031244518 
633 120 10 12 0.031025412 
969 113 9 13 0.03097776 
747 292 11 13 0.03093857 
587 134 13 16 0.03082769 
886 133 10 12 0.03053712 
569 120 9 12 0.030416405 
692 249 14 20 0.030244613 
613 142 12 15 0.03014585 
1007 130 12 15 0.030012405 
887 95 9 10 0.029968483 
688 321 14 19 0.029566571 
779 178 25 29 0.029223192 
695 207 22 28 0.02919083 
705 122 12 16 0.029104954 
912 150 9 12 0.029068034 
894 103 10 11 0.02893123 
884 273 24 30 0.028813465 
873 132 9 12 0.028761733 
844 178 15 20 0.028592354 
638 158 11 15 0.028576128 
968 126 10 12 0.02849305 
456 146 18 24 0.02833825 
995 124 11 13 0.028167857 
786 264 23 30 0.028119868 
901 132 10 12 0.028095648 
927 134 9 13 0.027974138 
968 159 19 25 0.027863456 
911 156 9 10 0.027605781 
897 351 22 29 0.027432311 
887 102 9 11 0.027344517 
707 171 13 19 0.027321044 
749 314 12 17 0.027251564 
754 379 23 28 0.027222274 
822 160 12 15 0.027101628 
702 112 20 24 0.02705256 
794 313 15 20 0.027021695 
851 163 14 18 0.027017117 
936 124 11 12 0.026963899 
485 101 9 13 0.02677323 
846 325 15 23 0.02664283 
970 139 16 19 0.026638752 
684 290 12 16 0.026634272 
485 108 10 12 0.026566835 
981 214 16 18 0.026445312 
672 88 8 10 0.026438132 
366 181 15 18 0.026395282 
854 153 14 16 0.026328495 
846 157 21 29 0.026307236 
664 226 24 33 0.0262928 
729 106 12 16 0.026215477 
898 245 25 31 0.02618449 
703 210 24 31 0.026112303 
599 112 11 15 0.026067235 
931 203 15 19 0.026052244 
743 106 21 26 0.025887486 
839 266 25 33 0.025681939 
880 143 10 14 0.025678812 
870 126 9 13 0.025602514 
593 123 12 14 0.025379186 
710 110 10 14 0.025199763 
764 171 22 30 0.0250772 
580 61 98 123 0.024490548 
655 104 9 11 0.024464969 
1005 377 15 17 0.024461878 
691 141 12 15 0.024415853 
483 135 11 15 0.024387332 
487 68 9 11 0.024183823 
651 77 10 13 0.024181303 
840 405 24 24 0.024156667 
861 153 13 17 0.024156015 
882 147 20 24 0.024122737 
867 156 11 14 0.024036286 
639 77 11 13 0.023995923 
604 172 12 14 0.023953604 
938 373 25 32 0.023881033 
624 81 11 14 0.023856614 
965 244 11 16 0.023809304 
728 277 11 14 0.023806011 
922 301 24 28 0.02376567 
889 116 8 10 0.023746267 
803 237 29 36 0.02349782 
579 36 12 15 0.023316702 
606 163 13 16 0.023295958 
756 311 14 19 0.0232656 
694 116 11 14 0.023176717 
630 187 11 15 0.023137512 
727 86 12 15 0.023088757 
968 194 19 23 0.02306753 
948 320 22 32 0.02303463 
917 215 16 23 0.022911394 
1011 228 12 18 0.022863694 
643 257 15 19 0.022800066 
929 115 9 12 0.022730315 
1002 281 22 32 0.022666506 
746 185 24 32 0.022617942 
852 297 14 19 0.022580065 
722 327 22 28 0.0225124 
690 89 7 9 0.022496425 
848 297 26 34 0.022478262 
884 344 24 31 0.022333164 
646 108 11 14 0.022305334 
513 62 10 12 0.022254104 
867 117 10 14 0.022234512 
973 241 16 20 0.022233259 
876 172 12 16 0.022118784 
686 199 12 14 0.022109006 
855 117 18 24 0.02208156 
719 325 12 17 0.022071742 
933 195 14 16 0.021997679 
901 168 14 16 0.021974668 
606 154 14 18 0.0219679 
654 229 24 29 0.021829698 
944 266 21 30 0.021802949 
961 147 12 16 0.021785978 
927 229 24 28 0.02175466 
574 125 9 12 0.021752518 
393 256 26 34 0.021686608 
815 307 23 33 0.021686055 
826 163 15 19 0.021596001 
813 147 11 13 0.021552274 
489 65 9 11 0.021396192 
885 194 24 32 0.021369925 
851 145 22 27 0.021342615 
717 91 10 13 0.021291733 
780 240 27 37 0.021153094 
648 151 20 24 0.021143254 
919 224 15 23 0.02113956 
611 102 14 16 0.021094939 
912 143 8 11 0.021020265 
814 297 15 20 0.020825483 
694 174 19 24 0.020812893 
926 197 12 16 0.020740498 
999 134 11 13 0.020738875 
692 290 13 17 0.020674556 
846 311 26 33 0.020647692 
248 63 9 10 0.020600282 
1004 227 15 18 0.020578893 
984 228 23 30 0.020534787 
679 120 21 24 0.020508181 
772 257 16 21 0.020481765 
677 101 9 11 0.020463152 
597 83 12 15 0.020427449 
886 358 25 32 0.02039631 
191 91 11 13 0.020278985 
835 394 42 42 0.02020695 
905 182 15 19 0.020205557 
953 170 14 17 0.020204041 
655 121 13 18 0.020140827 
899 166 26 29 0.020111559 
714 192 16 21 0.02009485 
621 164 21 27 0.020054096 
736 129 21 24 0.020033075 
716 82 12 15 0.020014424 
1009 236 14 20 0.020000344 
