26_Soldier_Drilling_Soldiers_Drilling_26_529
50
178 236 40 50 0.9984308 
751 313 50 60 0.9964025 
467 330 55 66 0.99516535 
530 127 45 53 0.9946725 
362 128 43 55 0.9935435 
441 167 40 52 0.97796667 
758 460 16 21 0.316694 
720 479 26 33 0.22486314 
726 472 16 20 0.22160079 
659 479 23 27 0.18359365 
866 475 34 36 0.1826881 
890 205 10 12 0.103222385 
933 199 10 12 0.08767024 
664 473 21 22 0.08361677 
952 227 12 14 0.06084098 
894 231 10 13 0.052787792 
995 197 12 13 0.051697288 
944 228 10 14 0.051165916 
775 470 12 14 0.046856273 
751 465 15 19 0.046336927 
956 227 15 18 0.04424883 
71 236 13 16 0.04221425 
717 228 13 15 0.04125648 
721 495 19 22 0.041015156 
917 207 11 14 0.03839152 
1013 164 10 15 0.03580535 
426 470 52 43 0.03372781 
912 221 9 13 0.030299375 
901 231 9 12 0.030226557 
835 229 12 15 0.030090831 
87 481 19 21 0.029889457 
889 231 11 13 0.029576736 
705 483 27 32 0.02931712 
729 469 24 28 0.029070226 
868 448 26 28 0.027598951 
521 475 48 50 0.0267725 
68 654 18 20 0.026654016 
718 474 16 21 0.024971243 
694 491 16 18 0.024506189 
829 685 14 16 0.024350772 
197 541 12 15 0.024097607 
58 653 54 59 0.023804631 
410 481 55 57 0.023431977 
125 534 14 16 0.023163076 
712 223 11 14 0.021838825 
903 237 9 11 0.021737954 
724 462 12 17 0.021375641 
799 229 13 16 0.020792928 
695 490 26 28 0.020245012 
944 498 14 17 0.020126428 
