26_Soldier_Drilling_Soldiers_Drilling_26_764
24
690 127 22 27 0.996682 
86 133 9 12 0.9646305 
69 140 8 11 0.38146347 
805 164 9 12 0.2713674 
741 167 9 12 0.1705403 
117 142 26 38 0.10273966 
205 130 35 42 0.074770994 
831 161 30 44 0.04930403 
186 121 39 47 0.03638691 
83 129 17 22 0.03533576 
157 128 16 22 0.032033175 
737 169 11 15 0.03202974 
69 145 11 14 0.02844748 
67 137 8 11 0.027003055 
167 134 25 34 0.026931051 
811 164 11 15 0.025922189 
802 161 9 12 0.025345359 
835 142 43 54 0.023503952 
556 644 16 17 0.023274852 
81 138 10 12 0.021700846 
221 133 30 35 0.021669602 
817 363 39 41 0.021243418 
138 139 16 18 0.020343374 
123 137 17 23 0.020280007 
