26_Soldier_Drilling_Soldiers_Drilling_26_405
60
854 265 22 29 0.9904469 
400 205 45 50 0.9894812 
143 350 23 28 0.98860836 
557 181 48 52 0.98806816 
134 461 28 30 0.15711929 
831 331 28 43 0.11937328 
678 447 16 24 0.092672385 
131 452 25 27 0.06769963 
983 69 9 13 0.061698116 
892 464 36 45 0.059979953 
158 472 13 17 0.05886314 
669 427 12 15 0.052103207 
965 69 11 14 0.0514829 
981 320 38 46 0.05064614 
882 253 10 13 0.050003666 
948 76 10 13 0.049389523 
977 163 11 14 0.04832175 
1015 65 8 14 0.041959878 
21 476 24 29 0.04129099 
252 410 16 20 0.041205358 
994 477 23 32 0.039392706 
242 396 13 15 0.035269823 
951 320 36 47 0.033841357 
846 335 27 38 0.0333222 
880 258 11 15 0.03314413 
886 255 10 12 0.03292559 
939 470 34 43 0.03250983 
948 70 10 13 0.031074548 
140 480 14 18 0.029611083 
215 378 23 31 0.028933028 
115 484 12 15 0.02874771 
937 334 30 39 0.027611943 
823 317 10 14 0.02733087 
903 481 31 40 0.026583103 
882 245 9 13 0.026502043 
120 466 29 32 0.026360897 
946 274 16 23 0.025903681 
149 467 23 28 0.025598552 
998 146 11 14 0.025252894 
680 198 27 44 0.024959754 
899 351 16 21 0.024184428 
953 155 14 17 0.024043491 
237 402 14 15 0.023928143 
31 464 55 65 0.02358144 
927 269 22 32 0.022634175 
964 327 38 40 0.02253794 
888 396 31 41 0.02220305 
167 460 12 16 0.021990076 
918 234 11 14 0.021932654 
922 271 18 22 0.0219232 
980 336 45 63 0.02171838 
912 235 10 14 0.021658642 
242 411 24 27 0.021517793 
867 499 12 13 0.02135515 
902 451 16 19 0.021347638 
990 216 13 15 0.021176014 
877 321 21 25 0.020896489 
595 245 445 520 0.020867266 
1000 54 10 13 0.020749047 
309 460 12 14 0.020395754 
