26_Soldier_Drilling_Soldiers_Drilling_26_307
44
415 357 26 27 0.97838277 
173 374 22 25 0.63406456 
260 344 24 30 0.6226042 
905 338 25 28 0.6169378 
449 172 17 21 0.28791937 
529 362 18 26 0.26494735 
81 396 19 22 0.1253263 
291 364 22 28 0.10795061 
428 187 45 65 0.10289715 
282 355 16 20 0.07563925 
221 377 16 20 0.074962676 
307 363 14 22 0.073990665 
490 157 18 23 0.06519316 
275 352 16 21 0.05831289 
435 181 32 43 0.056379568 
283 357 24 29 0.055028792 
400 317 10 13 0.05501208 
165 492 250 180 0.05385223 
731 358 12 15 0.049379423 
65 388 27 33 0.040870924 
3 256 27 45 0.040009905 
282 72 44 54 0.039894756 
229 616 53 57 0.032903813 
265 342 38 47 0.03289144 
40 336 18 25 0.032636236 
216 379 13 16 0.029647125 
252 345 19 25 0.029429818 
422 248 389 518 0.029040763 
459 242 12 16 0.027256217 
214 385 16 19 0.027219178 
261 209 401 485 0.026253546 
175 383 26 29 0.02622699 
309 363 22 32 0.024912067 
441 173 11 15 0.024383627 
178 365 18 22 0.024197023 
515 395 12 15 0.024190294 
284 353 37 46 0.024072355 
983 277 40 57 0.022957498 
182 529 145 118 0.022323532 
243 461 11 13 0.021113304 
219 390 17 20 0.02077592 
537 368 27 27 0.020751052 
3 343 33 44 0.02023274 
311 547 142 125 0.020201413 
