26_Soldier_Drilling_Soldiers_Drilling_26_689
31
327 145 87 134 0.99575835 
245 113 63 85 0.97528446 
630 207 23 30 0.9608507 
395 171 56 91 0.33716896 
128 146 22 29 0.20593698 
166 161 21 32 0.1432253 
559 411 18 21 0.06809488 
391 107 29 42 0.05831873 
259 123 85 112 0.05767851 
413 23 17 21 0.03875654 
131 162 29 34 0.035922285 
597 323 15 20 0.035740484 
627 209 38 50 0.034765366 
83 285 25 30 0.034056954 
136 147 26 31 0.032268446 
72 289 24 28 0.03176531 
-5 332 80 115 0.030907989 
-2 353 49 72 0.028301015 
239 142 60 96 0.028297668 
72 301 34 36 0.026959563 
422 204 50 75 0.026258871 
639 248 24 32 0.024974037 
132 177 30 35 0.02482374 
390 198 31 47 0.024684517 
421 4 18 19 0.024512334 
151 163 32 37 0.023676405 
418 0 29 32 0.023043223 
468 249 48 60 0.021719392 
46 310 58 53 0.021292564 
225 114 50 77 0.020586729 
364 164 62 97 0.020233694 
