26_Soldier_Drilling_Soldiers_Drilling_26_1022
23
143 318 15 19 0.3193965 
85 493 22 27 0.25600564 
619 49 395 478 0.14986023 
59 562 23 28 0.112813495 
258 416 29 39 0.067494154 
194 24 211 256 0.046573386 
230 336 10 14 0.035249516 
223 317 12 17 0.03226122 
312 352 12 15 0.031738505 
158 284 11 13 0.031041464 
924 535 14 19 0.029998435 
227 343 31 42 0.028954567 
168 321 12 16 0.028275767 
794 487 25 30 0.025459753 
708 531 15 23 0.025387507 
77 304 17 22 0.025045266 
31 454 24 31 0.024986288 
208 341 12 14 0.023609625 
720 579 14 17 0.021540696 
159 318 10 15 0.021497548 
65 554 22 26 0.020790214 
54 567 17 22 0.020630384 
704 568 24 28 0.0200909 
