26_Soldier_Drilling_Soldiers_Drilling_26_223
63
615 98 28 34 0.99903405 
719 103 34 42 0.99757177 
912 111 38 45 0.99725914 
276 111 29 34 0.9969194 
513 75 39 43 0.9908664 
383 110 26 29 0.98219544 
204 123 22 26 0.9683982 
406 93 25 33 0.96392095 
16 129 20 23 0.9508445 
128 152 16 19 0.9424153 
89 129 22 27 0.9003029 
163 140 20 22 0.8277801 
465 108 23 30 0.62524796 
396 102 27 34 0.6105048 
671 142 21 28 0.36002985 
223 240 14 19 0.27776834 
201 187 14 18 0.23989178 
343 235 12 15 0.17591384 
65 135 11 14 0.1550117 
572 235 24 32 0.146945 
135 246 10 13 0.14415425 
316 247 13 16 0.09777681 
623 181 19 22 0.09299353 
77 177 16 21 0.09000911 
469 103 17 21 0.07281865 
680 138 14 19 0.07029597 
703 132 12 17 0.06412362 
49 244 11 15 0.06269779 
623 169 28 29 0.06005581 
439 108 20 27 0.053851828 
492 111 13 18 0.053353213 
474 104 24 30 0.05086837 
111 140 11 17 0.048071943 
211 204 11 15 0.04090034 
363 128 15 19 0.040868398 
65 135 17 22 0.04031375 
85 185 11 14 0.03980253 
461 117 32 41 0.036049545 
211 173 11 14 0.03537809 
203 200 16 19 0.034635607 
422 158 26 36 0.03201857 
157 201 13 16 0.03197416 
404 151 37 50 0.030904131 
63 144 12 17 0.030807266 
451 109 20 28 0.030478526 
485 106 22 27 0.029899595 
664 142 16 21 0.029458385 
20 174 9 13 0.028146472 
576 140 11 14 0.027971143 
54 148 11 14 0.027413983 
701 125 23 29 0.026436735 
199 127 16 20 0.026365744 
323 252 11 14 0.023830308 
154 198 11 15 0.023724053 
75 192 16 17 0.022322668 
96 141 16 21 0.02169325 
210 180 12 16 0.02135764 
668 149 29 39 0.021189459 
375 112 16 22 0.021063322 
414 256 42 49 0.02088266 
155 207 16 18 0.020413244 
94 206 9 12 0.020313025 
95 212 10 13 0.020307472 
