26_Soldier_Drilling_Soldiers_Drilling_26_390
20
461 202 61 75 0.40664637 
369 420 97 118 0.382863 
460 175 47 64 0.16131015 
462 169 28 44 0.05509369 
374 397 43 45 0.05394461 
673 479 32 36 0.04132944 
625 413 10 12 0.03992234 
216 151 30 31 0.039166484 
460 220 40 47 0.02927692 
370 404 61 71 0.029149398 
402 13 28 30 0.027672559 
445 339 412 427 0.027324924 
610 485 39 37 0.026830979 
76 406 27 31 0.025859784 
410 423 98 121 0.023280008 
370 44 12 14 0.023054462 
528 76 25 39 0.022982167 
428 19 13 16 0.021855561 
617 410 246 295 0.021403197 
488 163 57 63 0.020230396 
