12_Group_Group_12_Group_Group_12_519
177
821 202 32 42 0.9996753 
902 206 29 38 0.9994535 
713 224 35 46 0.99794763 
569 199 37 49 0.9974141 
448 207 41 51 0.9903258 
796 71 24 31 0.63714606 
718 130 28 39 0.49533162 
485 76 14 17 0.37112337 
246 92 14 18 0.3221537 
1000 61 13 17 0.31430045 
523 186 23 31 0.2865354 
799 166 30 39 0.28295267 
361 87 17 20 0.22382113 
978 36 13 18 0.2178441 
925 36 15 18 0.20963658 
770 28 14 18 0.20874725 
784 155 33 39 0.20651071 
965 54 13 17 0.18929315 
890 16 13 17 0.16659293 
301 81 27 35 0.15841758 
746 44 17 20 0.15166944 
799 68 15 18 0.15024677 
685 26 21 32 0.14641255 
737 0 17 18 0.14178722 
341 6 14 17 0.13800009 
275 72 15 21 0.119937465 
757 69 13 18 0.11382341 
432 62 13 16 0.11357951 
823 93 13 17 0.10587371 
853 40 15 19 0.097039364 
406 278 28 42 0.09584564 
683 187 25 32 0.09242597 
462 186 18 19 0.09160616 
511 46 13 16 0.089540064 
826 55 21 28 0.085937195 
954 31 16 18 0.08473071 
708 49 14 16 0.083654754 
847 103 12 17 0.08273716 
683 0 19 17 0.081126146 
363 97 16 18 0.080127165 
943 111 10 14 0.073960535 
907 51 14 17 0.07221115 
862 58 16 19 0.07026878 
422 80 10 12 0.069769636 
796 123 14 19 0.06776884 
817 7 22 26 0.06644816 
498 23 16 20 0.066336244 
970 8 14 19 0.06499409 
245 69 12 15 0.06445155 
838 27 14 19 0.062062673 
659 7 24 30 0.05993347 
-12 436 254 192 0.059856113 
804 10 16 18 0.058460835 
1005 3 15 19 0.05775501 
263 47 11 13 0.056724392 
693 33 22 29 0.055017013 
468 24 14 18 0.054979715 
719 75 15 18 0.054614868 
726 28 14 18 0.05454906 
861 0 15 17 0.054499798 
294 63 13 19 0.054435585 
303 43 12 16 0.05149728 
808 0 21 23 0.05044028 
858 65 25 31 0.0495986 
762 93 23 31 0.049316615 
283 69 42 51 0.04910061 
931 19 13 16 0.048275076 
775 55 15 20 0.04730782 
287 126 23 27 0.046918444 
822 40 14 17 0.045671694 
362 -1 17 14 0.04542777 
969 93 24 31 0.044989895 
632 92 45 65 0.043304123 
997 100 13 19 0.0431863 
741 51 25 28 0.041928284 
806 63 23 32 0.04117043 
785 110 24 32 0.040924698 
454 19 15 19 0.040664203 
430 19 14 19 0.040358085 
460 23 16 19 0.04026667 
764 107 22 33 0.03992677 
860 50 15 18 0.039316252 
333 36 15 18 0.03873896 
603 245 16 20 0.038698215 
917 70 13 17 0.03822814 
397 200 15 19 0.038184166 
894 0 13 12 0.03786085 
812 53 23 31 0.037773367 
658 143 28 43 0.03670445 
438 36 13 17 0.03605788 
744 97 15 19 0.035890095 
780 8 18 21 0.03573556 
861 73 28 36 0.03546738 
846 244 17 22 0.034998402 
310 69 12 17 0.03465985 
294 66 23 32 0.034130376 
498 11 15 19 0.03372343 
381 70 15 18 0.033712335 
917 38 21 26 0.033253822 
673 11 39 50 0.033117592 
701 126 37 52 0.031823754 
1004 361 11 17 0.031627163 
212 113 14 17 0.03154997 
997 24 17 23 0.031537227 
294 29 13 16 0.03140375 
669 50 15 19 0.030099746 
834 83 22 27 0.029721476 
882 43 15 19 0.029455705 
899 57 15 19 0.029380322 
972 87 17 21 0.029151924 
361 121 18 21 0.029069485 
835 101 21 27 0.028373728 
669 59 15 18 0.02830829 
451 12 14 17 0.0281194 
280 67 20 29 0.027965369 
654 117 48 70 0.027724518 
935 2 13 16 0.027430411 
914 49 14 19 0.026881974 
500 7 12 13 0.026782243 
820 100 24 30 0.026672045 
679 0 28 32 0.026575413 
815 150 23 34 0.026417963 
489 83 14 17 0.025904942 
387 39 16 20 0.025728134 
240 71 22 28 0.025726127 
843 133 27 35 0.025380313 
443 58 14 18 0.025335304 
845 34 15 19 0.025186807 
669 114 33 40 0.025014289 
846 95 21 28 0.025000514 
842 43 22 28 0.024375461 
923 49 22 32 0.024350384 
851 81 23 33 0.024160089 
876 27 13 15 0.023966607 
785 151 21 27 0.023744456 
657 50 26 31 0.023700159 
819 39 23 29 0.023586072 
997 8 22 28 0.023282701 
652 41 25 30 0.02315327 
552 180 31 37 0.023146564 
446 6 14 17 0.023048976 
944 103 10 14 0.023045234 
443 42 12 16 0.02304307 
951 88 10 13 0.02302761 
265 51 13 16 0.023027252 
803 132 16 20 0.022807423 
665 6 16 18 0.02263317 
805 -1 17 15 0.022476181 
659 74 15 22 0.022444176 
404 35 15 18 0.022394784 
887 18 21 27 0.022337757 
818 1 17 21 0.02226666 
369 82 14 19 0.022209357 
748 64 22 28 0.022117935 
983 85 24 33 0.022108603 
708 55 17 20 0.022083119 
534 6 16 16 0.021864954 
433 51 21 27 0.0217955 
343 91 13 16 0.021731945 
933 55 17 23 0.02167039 
618 109 45 62 0.02161508 
858 36 15 18 0.021333365 
634 297 21 36 0.021248793 
706 66 24 29 0.021238692 
386 8 16 20 0.021193692 
797 10 15 19 0.02117673 
750 34 21 26 0.0210926 
960 29 20 25 0.021076271 
294 39 14 19 0.021023192 
907 60 21 28 0.02101274 
736 37 22 28 0.020919552 
827 37 13 16 0.02072217 
644 123 15 20 0.020555275 
995 87 22 30 0.020449778 
954 3 23 28 0.020253547 
869 27 14 17 0.020225417 
915 68 23 28 0.020221155 
