12_Group_Large_Group_12_Group_Large_Group_12_94
102
647 194 64 84 0.99948704 
824 106 63 75 0.999419 
404 135 72 87 0.9987362 
654 112 57 68 0.9986493 
204 112 74 90 0.99863166 
327 0 30 33 0.99681515 
375 62 60 76 0.99467385 
874 50 46 58 0.99455017 
697 54 44 57 0.9945327 
711 1 44 43 0.9936113 
361 8 45 52 0.98366517 
165 78 46 63 0.9782195 
84 43 54 68 0.74168444 
874 29 30 36 0.28439236 
676 -1 36 36 0.21455283 
888 -1 30 32 0.18448196 
292 0 29 26 0.17687723 
335 111 42 52 0.16127993 
948 0 29 26 0.14166184 
874 5 32 38 0.12524652 
759 97 34 42 0.1144564 
511 5 20 19 0.0960178 
690 4 36 39 0.09551401 
133 0 32 45 0.08089763 
655 30 40 51 0.08075143 
752 48 39 57 0.07753545 
451 62 34 45 0.07670912 
534 19 30 38 0.07634724 
946 3 41 41 0.071752094 
180 82 53 71 0.068830974 
765 0 28 24 0.06586512 
49 38 30 42 0.06333528 
693 1 20 21 0.062600106 
677 14 37 44 0.06218194 
522 2 51 52 0.05861261 
28 3 26 24 0.058430046 
580 73 27 44 0.05657161 
781 1 23 23 0.054368515 
739 0 32 28 0.052414168 
588 6 44 51 0.05232838 
175 55 53 69 0.051753778 
852 89 56 70 0.050383102 
77 18 26 30 0.04904625 
0 13 30 38 0.048484936 
460 29 31 42 0.046887703 
342 2 42 47 0.04329934 
142 73 51 68 0.043213505 
648 47 34 42 0.04280418 
798 2 25 24 0.042570837 
1 91 24 43 0.041049637 
809 1 26 25 0.0405479 
513 2 32 31 0.040533435 
17 37 37 43 0.038724612 
36 41 31 42 0.03871314 
664 -2 34 29 0.038202617 
68 20 56 61 0.037784908 
677 35 31 45 0.037637275 
34 2 15 13 0.037535653 
875 13 19 23 0.03657946 
53 38 53 62 0.036402386 
466 5 49 54 0.03609361 
4 11 53 62 0.035245735 
604 110 24 31 0.03487806 
505 109 30 42 0.034044303 
289 31 44 56 0.032652732 
175 18 50 55 0.032266848 
155 0 47 46 0.030668514 
875 72 50 68 0.029942112 
765 40 42 56 0.029792484 
870 34 15 21 0.029445328 
518 87 31 32 0.028747518 
876 3 19 21 0.028395757 
464 14 29 36 0.028032904 
596 1 16 12 0.027997093 
463 37 43 57 0.02788054 
551 1 58 54 0.027303068 
19 66 51 76 0.027277905 
753 -3 30 31 0.027123386 
293 189 49 62 0.026662776 
1 -1 19 20 0.026598068 
0 17 13 23 0.026319655 
262 0 46 45 0.026253974 
959 0 38 28 0.02619781 
36 23 17 20 0.0261734 
514 1 16 13 0.025611246 
902 0 20 22 0.025567884 
417 -1 30 36 0.025030384 
413 32 13 19 0.0247386 
52 62 14 20 0.024311189 
603 0 15 12 0.0242558 
471 1 31 31 0.023796987 
847 -2 22 25 0.023714282 
787 45 38 52 0.023112465 
2 10 17 21 0.022451608 
533 25 16 21 0.022413159 
874 22 22 29 0.021800524 
689 27 35 41 0.02094213 
631 60 38 49 0.020924665 
23 18 29 40 0.020675844 
999 176 24 46 0.020593956 
410 7 26 39 0.020499112 
992 112 36 57 0.020257141 
