12_Group_Large_Group_12_Group_Large_Group_12_736
202
571 397 33 43 0.98410505 
938 455 26 31 0.9726166 
398 390 16 20 0.8915676 
302 381 27 31 0.8870765 
630 354 22 30 0.80413765 
424 391 17 26 0.8002524 
153 335 21 32 0.7588298 
69 312 11 13 0.6827037 
733 379 27 33 0.5481109 
229 366 14 18 0.517737 
188 362 16 23 0.40294594 
770 356 14 20 0.36286846 
145 395 18 23 0.3448709 
227 395 17 25 0.25996667 
631 349 13 17 0.24020486 
895 486 13 16 0.22935176 
12 357 22 31 0.21087825 
533 462 48 73 0.20892695 
975 502 26 34 0.2075122 
112 340 11 13 0.19123934 
448 388 13 18 0.16293693 
893 285 11 13 0.15236725 
125 341 11 16 0.133251 
753 444 30 50 0.124084786 
561 444 28 46 0.12252762 
676 370 17 22 0.11961649 
662 438 12 14 0.11582514 
116 339 13 16 0.11463554 
694 371 14 19 0.10467038 
417 398 22 29 0.09895059 
14 315 13 17 0.095392495 
26 631 9 12 0.091945164 
340 701 10 12 0.09094208 
63 337 25 34 0.08874642 
229 389 11 16 0.087480366 
968 418 12 17 0.08741351 
413 410 15 19 0.08507688 
587 379 16 22 0.0788321 
5 683 26 29 0.07732603 
94 347 12 15 0.077203006 
124 377 42 53 0.074456625 
356 701 9 13 0.07437076 
1 671 9 13 0.07011456 
1 309 9 13 0.068649635 
751 389 22 35 0.06780671 
142 340 17 22 0.0673767 
954 436 14 17 0.06490649 
739 294 11 13 0.062057506 
227 373 16 21 0.05792585 
447 384 11 14 0.057041455 
339 707 11 14 0.056085095 
196 360 10 13 0.055652164 
427 404 15 19 0.054090936 
670 366 17 21 0.051889647 
206 384 14 19 0.05121784 
682 365 15 19 0.050657876 
745 390 19 27 0.049827524 
640 354 17 24 0.04689953 
445 399 15 19 0.046726204 
1 338 10 17 0.04586918 
582 391 25 34 0.044341467 
916 442 13 19 0.044044945 
714 396 16 22 0.04297969 
56 317 41 48 0.042775486 
47 341 11 15 0.04107339 
21 310 8 11 0.041060694 
716 345 17 19 0.04086472 
888 453 11 14 0.04060899 
945 442 24 29 0.040158745 
35 618 12 15 0.039863825 
449 449 16 19 0.039233163 
432 397 16 22 0.038597267 
0 303 8 12 0.03839194 
28 355 26 32 0.037507948 
398 742 14 18 0.037356477 
86 317 9 13 0.03680919 
616 356 23 31 0.036431722 
187 373 16 22 0.03642649 
405 702 9 12 0.03615339 
45 337 25 33 0.03460194 
74 315 12 14 0.03387398 
509 610 12 15 0.033728503 
909 438 14 17 0.033386376 
718 389 23 33 0.03288321 
738 372 19 21 0.032452296 
398 722 10 12 0.032312702 
482 412 14 17 0.032301348 
387 432 17 20 0.032287862 
35 341 23 31 0.0319419 
164 451 13 16 0.0318045 
154 448 16 19 0.031731937 
890 484 11 14 0.031674728 
147 383 22 30 0.031525444 
207 366 12 15 0.03137459 
697 419 15 19 0.031175788 
564 375 15 18 0.031024732 
569 372 14 16 0.031021573 
66 308 19 21 0.030425888 
661 322 17 20 0.030315602 
889 481 9 11 0.03027852 
399 383 14 17 0.029589908 
424 384 12 15 0.029426534 
445 409 13 15 0.029409612 
911 462 11 13 0.029378673 
667 683 48 78 0.029045174 
557 419 46 59 0.028694475 
355 707 12 14 0.02835824 
207 343 9 11 0.028304162 
768 352 12 16 0.02807013 
11 678 17 20 0.028065985 
43 353 17 24 0.027986038 
316 372 24 32 0.027965674 
407 416 15 20 0.027844846 
205 347 11 14 0.027684364 
166 361 12 15 0.027535824 
240 341 10 12 0.027533205 
716 407 15 20 0.027512256 
904 442 11 15 0.027275773 
766 408 14 19 0.027201016 
482 402 14 19 0.027063016 
376 700 11 12 0.027034625 
212 370 12 15 0.026831752 
888 466 9 12 0.026696913 
582 410 19 27 0.026673181 
594 386 15 23 0.026597427 
646 389 21 29 0.026471237 
350 683 10 13 0.026143115 
685 355 13 17 0.025872374 
85 344 13 20 0.025849113 
200 336 8 10 0.025629653 
87 312 9 12 0.02554944 
566 373 27 32 0.02553026 
102 384 14 19 0.025483921 
467 448 27 37 0.025393412 
645 320 22 26 0.02534828 
333 370 14 18 0.025304342 
341 694 12 16 0.025216674 
451 390 19 28 0.024881903 
73 634 13 17 0.024792844 
701 396 24 29 0.024742471 
118 344 13 18 0.024567496 
246 303 11 13 0.024437888 
126 326 9 12 0.024419535 
67 370 14 17 0.02435014 
299 379 20 23 0.024299858 
157 325 23 32 0.024290875 
158 327 14 19 0.024222922 
358 394 13 16 0.024211193 
183 396 11 14 0.024013454 
889 459 10 14 0.023869824 
102 341 11 14 0.023847481 
73 350 16 22 0.023752674 
62 316 26 28 0.02359729 
905 487 22 30 0.023498382 
25 367 19 22 0.02340097 
613 360 15 21 0.023330452 
675 339 12 16 0.023240399 
52 669 18 20 0.023222284 
5 304 9 11 0.02319036 
375 362 11 14 0.023174407 
76 341 20 29 0.023134079 
467 452 16 21 0.023061935 
34 371 15 19 0.023041815 
406 375 11 13 0.023024056 
975 442 13 18 0.022931244 
53 333 11 14 0.022923522 
149 317 10 12 0.022562081 
368 711 9 11 0.022440394 
446 432 25 34 0.02239474 
226 403 22 32 0.022336716 
545 397 25 33 0.022240877 
55 309 11 13 0.022119394 
149 372 13 17 0.022100763 
29 423 32 43 0.021929422 
307 370 18 21 0.02189117 
118 319 10 14 0.021844039 
415 395 14 19 0.021831244 
676 357 14 18 0.021710921 
902 469 10 12 0.021699352 
23 305 8 10 0.021636479 
28 634 9 13 0.021621382 
171 338 12 17 0.021609535 
132 335 20 27 0.021245774 
375 653 10 12 0.021235444 
144 309 9 12 0.021170693 
8 322 12 16 0.021152023 
264 389 11 15 0.021149382 
11 354 46 49 0.02099623 
916 459 12 17 0.02092723 
17 305 9 10 0.02091777 
189 383 13 17 0.02090681 
7 360 17 23 0.020812036 
199 385 13 19 0.02070468 
332 701 21 25 0.020694155 
348 693 13 15 0.020459784 
95 334 11 14 0.02040985 
142 304 9 11 0.020321129 
447 368 9 11 0.020237422 
468 401 22 32 0.020198066 
418 416 13 18 0.020158403 
176 363 23 31 0.020070367 
314 362 17 19 0.0200007 
