12_Group_Team_Organized_Group_12_Group_Team_Organized_Group_12_403
93
751 265 24 28 0.9957029 
436 332 24 29 0.98620343 
232 398 22 27 0.98397416 
880 211 22 28 0.9791597 
183 290 24 28 0.97794443 
602 261 21 26 0.97496074 
358 405 26 32 0.9713855 
318 336 20 22 0.8247418 
767 303 28 38 0.53578156 
204 326 15 20 0.46479765 
190 421 13 19 0.4506598 
308 372 20 31 0.2929987 
338 362 17 23 0.25467378 
368 467 14 20 0.15357193 
198 373 15 20 0.13714962 
410 415 15 20 0.12365004 
181 365 10 12 0.12019326 
364 472 20 29 0.11858735 
411 464 14 18 0.10753109 
258 422 17 21 0.08683098 
230 484 13 18 0.08564152 
745 319 22 29 0.08099107 
400 399 11 15 0.06905331 
291 459 13 17 0.06449652 
365 358 13 15 0.06420484 
514 469 10 13 0.0638877 
454 372 23 28 0.058853026 
500 463 10 12 0.05861114 
307 359 13 16 0.056150716 
260 401 16 20 0.05608921 
460 421 14 15 0.056004647 
328 353 22 26 0.052114535 
231 443 13 19 0.05077723 
334 367 24 32 0.05041918 
407 396 12 16 0.049979713 
216 347 12 15 0.045268033 
866 314 17 20 0.044556756 
332 389 24 28 0.0431248 
877 277 16 21 0.04108323 
561 267 14 17 0.039794568 
320 347 19 23 0.03950483 
455 366 13 16 0.037345212 
134 387 11 14 0.03724323 
501 468 10 13 0.036193684 
456 425 12 14 0.03591473 
872 322 17 20 0.035853375 
284 407 24 27 0.03494278 
291 396 15 18 0.034865707 
590 304 14 19 0.034604006 
229 378 14 19 0.032975014 
403 394 20 26 0.03280824 
414 315 14 18 0.032555275 
447 409 15 18 0.03248468 
219 429 14 18 0.031911254 
448 522 12 13 0.031450506 
318 368 24 33 0.0314456 
302 361 23 33 0.031259667 
576 276 12 16 0.029612275 
422 448 15 20 0.028648939 
308 390 17 22 0.02722416 
615 301 23 29 0.026950816 
371 356 14 16 0.026855 
470 454 10 11 0.026799148 
253 439 23 31 0.02546297 
309 401 16 20 0.025080936 
247 397 20 28 0.024984132 
228 445 20 29 0.024902167 
333 519 24 34 0.024823297 
214 352 13 17 0.024663031 
752 229 11 13 0.024435954 
346 464 15 19 0.024337744 
771 299 19 22 0.024250574 
179 369 13 16 0.02422432 
476 409 12 16 0.024010517 
205 367 13 15 0.02360235 
410 402 16 21 0.023228072 
290 454 24 28 0.02291418 
461 462 12 13 0.0225884 
435 379 13 18 0.022237504 
313 338 15 18 0.022190306 
228 435 14 20 0.022113215 
776 252 224 261 0.022055203 
379 354 12 15 0.02178985 
535 304 10 12 0.021620214 
258 408 20 25 0.020979233 
192 396 12 18 0.020908633 
729 38 8 11 0.020821108 
274 354 12 14 0.020672366 
545 293 10 11 0.020563051 
541 112 42 57 0.020537406 
342 396 27 31 0.020321053 
483 342 14 19 0.020218499 
430 387 14 19 0.020150036 
