12_Group_Team_Organized_Group_12_Group_Team_Organized_Group_12_60
43
417 254 53 74 0.99887925 
823 72 56 69 0.99871254 
521 232 55 77 0.9986033 
658 113 59 69 0.9985838 
298 155 36 44 0.9985806 
186 149 36 41 0.99798656 
656 180 55 79 0.9973501 
521 153 45 58 0.99709713 
195 186 50 58 0.99675035 
367 167 46 57 0.99593157 
446 169 34 47 0.995828 
17 179 51 58 0.9948431 
111 156 46 53 0.9932106 
594 149 39 50 0.9874334 
916 5 87 56 0.9573488 
757 120 45 50 0.92418355 
384 269 40 55 0.24292986 
329 477 46 47 0.17695495 
654 146 57 74 0.15148582 
188 161 45 55 0.13903718 
108 588 11 14 0.103826866 
961 136 44 59 0.10225764 
422 563 39 32 0.09970266 
355 325 13 20 0.080470264 
517 525 28 33 0.056554355 
396 546 60 51 0.053288728 
460 566 49 38 0.04018397 
77 598 14 19 0.036294967 
797 249 46 65 0.0357458 
648 512 53 48 0.030108523 
103 365 12 15 0.028990226 
8 360 46 52 0.027388094 
73 592 24 30 0.027227337 
110 361 24 28 0.02701809 
559 350 29 40 0.02576264 
934 25 77 69 0.024608737 
421 551 67 51 0.024178408 
171 572 16 22 0.02409825 
74 215 27 39 0.023001885 
976 510 8 11 0.022834245 
669 173 33 43 0.022314962 
400 572 38 35 0.021837767 
989 156 39 47 0.020161873 
