12_Group_Team_Organized_Group_12_Group_Team_Organized_Group_12_551
18
489 73 91 109 0.99912244 
272 -2 85 102 0.99855405 
196 407 17 21 0.5196577 
744 435 19 24 0.49722677 
806 434 21 26 0.29439184 
417 534 157 138 0.08898416 
831 382 28 33 0.050264943 
426 240 62 78 0.033595696 
809 343 19 22 0.028513903 
859 324 20 30 0.02843259 
847 320 37 48 0.027024018 
867 398 15 19 0.026457334 
74 311 218 252 0.025750846 
796 324 18 20 0.025727231 
84 439 59 50 0.024977295 
365 410 114 136 0.023758834 
618 -20 216 208 0.023373226 
456 507 199 220 0.020760471 
