12_Group_Team_Organized_Group_12_Group_Team_Organized_Group_12_442
76
759 182 23 29 0.99478394 
455 211 20 28 0.99176204 
810 165 23 35 0.99083775 
522 182 23 32 0.98943806 
238 194 28 39 0.95641786 
201 186 17 26 0.9284427 
26 218 24 34 0.9158357 
968 218 28 30 0.904572 
665 203 31 36 0.90306515 
605 135 26 34 0.7757544 
380 209 16 27 0.68613183 
127 197 21 30 0.44387382 
549 164 13 17 0.3130114 
679 205 26 31 0.25557438 
1012 244 11 20 0.23007783 
127 192 14 23 0.22628191 
880 266 18 23 0.14603119 
777 149 22 28 0.12946111 
161 186 27 33 0.123391695 
999 176 14 19 0.08781897 
984 215 18 25 0.08044333 
169 176 39 45 0.075386636 
980 284 15 24 0.074306384 
258 170 14 20 0.07289428 
629 165 16 22 0.07073441 
863 233 21 31 0.063728526 
869 212 12 15 0.06336215 
780 125 25 28 0.055449102 
873 280 17 22 0.05384626 
1011 177 13 20 0.05376116 
1012 284 10 16 0.053745743 
311 219 11 15 0.05221469 
31 191 10 14 0.051997356 
166 247 11 17 0.051849194 
547 172 17 26 0.04740259 
806 259 30 43 0.044318017 
148 191 17 23 0.0443142 
810 159 16 22 0.043791544 
1012 235 11 19 0.042282037 
993 216 17 24 0.04039768 
151 192 28 31 0.03925546 
27 159 19 23 0.03872236 
137 195 17 21 0.03823622 
534 177 20 29 0.03682419 
559 196 13 17 0.036720186 
553 167 15 22 0.03657411 
876 258 17 23 0.035706714 
516 128 14 16 0.0342338 
154 186 19 25 0.031616855 
870 269 24 28 0.02966064 
774 130 16 18 0.028127514 
252 172 21 31 0.027924806 
774 134 26 32 0.02759384 
393 209 16 22 0.027479846 
853 175 14 21 0.02729832 
404 208 15 21 0.026898421 
977 362 26 35 0.026501864 
869 286 16 21 0.025856242 
773 148 16 22 0.024627538 
1000 272 20 29 0.024621153 
555 183 14 20 0.024028346 
310 224 14 19 0.023616035 
867 246 26 33 0.023363426 
32 209 19 30 0.02297736 
191 191 15 21 0.022781894 
812 168 36 46 0.022621544 
473 217 14 19 0.022275632 
517 172 14 18 0.022166112 
411 202 13 20 0.021968761 
27 203 17 26 0.021941638 
993 275 16 20 0.021923415 
385 206 17 23 0.021463865 
783 138 30 34 0.021096764 
1001 174 21 30 0.0207607 
881 280 17 23 0.020508373 
556 196 23 28 0.020014012 
