12_Group_Large_Group_12_Group_Large_Group_12_607
48
372 337 21 29 0.99286497 
336 346 21 26 0.9639018 
616 354 23 27 0.89261013 
539 342 19 21 0.8729744 
574 177 16 19 0.8275899 
502 376 14 18 0.2241083 
470 420 23 28 0.0861479 
589 355 11 14 0.07421928 
452 330 16 19 0.06582259 
162 17 84 143 0.060989764 
634 587 12 13 0.057052564 
677 327 25 30 0.052227788 
493 373 16 19 0.045426566 
474 219 16 17 0.04437042 
545 349 16 20 0.042471297 
592 197 13 16 0.03960424 
500 338 13 14 0.039179772 
606 436 26 30 0.038850382 
556 213 12 14 0.03836732 
596 200 13 17 0.036817282 
460 243 15 18 0.03486314 
469 227 17 19 0.034039874 
574 222 13 13 0.032816667 
-5 458 72 170 0.031108512 
161 30 52 90 0.030016035 
438 454 9 11 0.029047878 
464 278 9 11 0.028399404 
556 375 12 15 0.027429279 
307 317 20 26 0.026632821 
613 361 17 25 0.026419777 
494 385 16 18 0.026342988 
635 484 13 15 0.026013743 
734 276 10 14 0.025039788 
627 473 30 36 0.024270197 
478 415 26 31 0.024195623 
763 468 29 43 0.023399724 
498 390 17 20 0.022982981 
627 338 16 20 0.02234132 
610 442 16 19 0.022000978 
607 420 11 12 0.021490913 
383 468 8 10 0.020999232 
359 427 14 16 0.020986065 
590 209 11 14 0.020763798 
575 215 13 14 0.020687575 
827 336 35 47 0.020581806 
507 366 12 15 0.020212742 
250 374 17 19 0.020041302 
551 379 14 17 0.020035082 
