12_Group_Team_Organized_Group_12_Group_Team_Organized_Group_12_418
421
300 368 26 33 0.99912757 
470 375 25 32 0.9977018 
404 260 23 31 0.9951751 
154 170 16 21 0.9915132 
187 186 16 21 0.98945504 
258 224 16 21 0.9884735 
316 282 22 28 0.9884058 
716 213 17 21 0.9881585 
509 210 16 21 0.9872426 
393 403 23 28 0.9868053 
563 221 16 21 0.9851533 
305 205 18 22 0.98158115 
620 215 16 20 0.97925925 
167 354 22 28 0.9785638 
634 363 22 27 0.9755612 
657 305 22 27 0.97357756 
204 205 18 21 0.97136587 
559 367 24 28 0.9693486 
514 288 20 26 0.95988065 
379 145 13 17 0.9585406 
406 163 12 17 0.95834047 
805 180 19 27 0.9578781 
600 194 14 19 0.95494974 
620 171 13 17 0.94976354 
455 218 16 20 0.9404484 
407 220 15 20 0.93338156 
148 215 19 24 0.9304625 
135 192 15 20 0.9237829 
553 186 13 17 0.9189086 
248 185 16 18 0.9132967 
283 85 15 18 0.9027692 
650 107 12 16 0.8793358 
666 212 16 19 0.87466943 
360 227 16 21 0.8695283 
207 167 13 17 0.85111463 
311 182 13 15 0.84956783 
461 139 12 16 0.8372623 
649 187 13 18 0.83297527 
237 348 23 28 0.80797046 
325 140 12 16 0.7990899 
403 191 14 18 0.781978 
268 136 13 16 0.78184754 
27 208 23 26 0.77961683 
295 35 12 14 0.74067074 
90 186 15 20 0.7201936 
102 174 15 18 0.7169946 
551 158 13 16 0.71650106 
93 227 17 20 0.7044157 
360 137 13 15 0.6840217 
499 189 13 17 0.62378794 
319 83 13 17 0.61504036 
697 189 12 16 0.6136381 
123 140 13 17 0.57110476 
305 158 14 17 0.5685072 
495 168 12 16 0.5593086 
254 162 13 16 0.51210606 
485 153 13 16 0.49228626 
750 202 13 19 0.4617009 
581 126 10 13 0.44660082 
411 74 11 15 0.43495378 
242 76 14 16 0.42792192 
532 147 11 15 0.4264469 
578 172 12 15 0.3988647 
501 142 12 15 0.37967342 
599 159 11 14 0.36425313 
429 143 10 13 0.3597449 
611 143 11 14 0.35383666 
357 189 13 17 0.3484598 
22 229 11 16 0.30317515 
221 158 12 15 0.27857846 
647 159 11 13 0.27832812 
306 141 13 16 0.24907055 
222 75 15 20 0.24069647 
266 68 10 14 0.22380714 
550 132 12 16 0.22157936 
622 130 10 13 0.21673906 
542 195 11 15 0.20837125 
522 177 14 17 0.20790042 
429 475 11 14 0.2010331 
696 273 13 15 0.19114034 
514 154 12 16 0.174706 
595 242 16 19 0.17050329 
375 80 10 14 0.16689593 
523 324 13 18 0.16665268 
342 147 12 15 0.16647963 
61 227 13 18 0.16605464 
632 240 11 16 0.14863503 
599 443 13 17 0.14786178 
342 174 12 15 0.13967906 
484 196 14 17 0.13793842 
299 52 11 13 0.13487303 
582 159 10 11 0.13201018 
450 187 14 18 0.12859216 
577 141 11 14 0.11672195 
246 289 24 28 0.11627819 
288 252 22 26 0.11356542 
423 147 12 15 0.109708525 
578 165 13 15 0.1029604 
359 172 13 15 0.094821505 
509 149 12 15 0.094706185 
189 465 14 18 0.09407425 
608 99 9 12 0.09379077 
634 90 13 17 0.09335401 
179 149 12 15 0.09329146 
591 248 13 18 0.09151754 
55 226 13 18 0.09065743 
270 154 14 19 0.089316964 
398 62 11 13 0.08633393 
308 78 11 14 0.086267345 
679 294 12 16 0.084925935 
654 164 11 16 0.082561076 
635 173 11 15 0.08251474 
450 161 13 16 0.08149848 
568 102 10 12 0.08102065 
687 149 11 13 0.07994133 
358 180 14 18 0.079664566 
444 243 16 20 0.07959703 
134 146 11 15 0.07902414 
297 264 22 28 0.07606884 
140 148 10 14 0.07558237 
628 172 12 16 0.075403035 
639 394 12 15 0.074830875 
671 166 11 15 0.07437174 
299 32 12 14 0.074290276 
581 93 9 12 0.07403189 
389 84 10 14 0.06851968 
367 119 10 13 0.06788767 
176 165 13 17 0.06712964 
304 71 10 12 0.065464266 
241 94 11 14 0.06509489 
340 194 14 20 0.06359497 
182 121 11 15 0.06356568 
423 134 10 12 0.06309632 
495 193 13 17 0.062075935 
79 182 10 13 0.061627675 
348 77 11 12 0.061499607 
278 177 11 15 0.061095145 
365 124 13 15 0.06098053 
389 165 9 12 0.06080521 
27 223 16 20 0.060527552 
333 78 10 12 0.060228042 
487 161 14 18 0.05955481 
459 272 18 21 0.059357736 
674 441 14 17 0.059309404 
316 46 9 11 0.05903484 
370 476 14 16 0.057689525 
541 172 10 12 0.057001483 
663 107 12 16 0.05687925 
345 47 10 13 0.05650649 
614 99 10 12 0.055770535 
453 50 12 15 0.055717703 
268 73 11 14 0.05529589 
592 162 11 14 0.0551877 
362 187 12 16 0.055101085 
699 184 13 16 0.052757114 
543 167 8 12 0.05204627 
696 201 11 14 0.051966567 
562 379 17 21 0.051252216 
382 378 15 22 0.05095585 
663 134 12 15 0.050944556 
577 158 10 13 0.050461728 
129 110 10 12 0.050020047 
212 75 16 21 0.049752455 
260 20 11 15 0.04906974 
136 126 9 10 0.048073232 
268 101 11 13 0.047842782 
559 94 11 15 0.04757905 
101 135 9 12 0.047525927 
471 244 13 15 0.04750999 
348 85 11 13 0.047298685 
597 277 11 15 0.047013294 
365 195 13 18 0.04699564 
302 94 11 14 0.046991806 
285 244 17 20 0.045925114 
578 131 11 14 0.045743518 
383 83 11 14 0.04534127 
324 100 11 13 0.04532286 
359 70 10 13 0.045229316 
358 166 12 14 0.045224257 
570 106 12 14 0.045084048 
493 147 13 17 0.044884834 
446 192 13 18 0.044350702 
62 278 12 15 0.044303104 
350 192 13 18 0.043688074 
204 101 10 13 0.04350184 
579 147 11 14 0.042675015 
640 159 9 12 0.041681804 
331 53 11 12 0.041556202 
535 164 11 14 0.041531026 
288 64 9 12 0.04152976 
496 217 14 19 0.041375563 
670 157 8 11 0.04129694 
79 211 13 17 0.041275967 
290 88 14 18 0.041247502 
349 141 11 14 0.04113351 
387 46 12 13 0.04112287 
422 124 12 15 0.04059723 
631 297 12 16 0.04052341 
694 142 9 11 0.04045715 
69 108 11 14 0.0404506 
775 259 10 12 0.039892506 
549 150 13 17 0.03986686 
303 272 24 30 0.039791077 
523 185 15 17 0.039462317 
633 111 9 11 0.03939821 
580 87 9 12 0.039271362 
310 38 10 13 0.0390134 
292 264 16 21 0.038767457 
302 82 11 15 0.03875644 
414 90 11 13 0.038683534 
276 37 12 13 0.038635775 
478 198 15 19 0.0384899 
481 149 12 16 0.038378987 
603 388 12 14 0.038154487 
735 294 11 13 0.038149644 
429 135 10 14 0.038016234 
591 276 11 14 0.037828654 
660 165 11 15 0.037146743 
340 225 14 17 0.03700328 
336 101 9 11 0.036997475 
600 99 10 13 0.036913067 
215 140 11 13 0.036812186 
638 164 10 13 0.036595356 
621 266 15 19 0.036560304 
207 74 13 19 0.03650553 
383 236 11 14 0.036076654 
554 51 101 128 0.035957865 
299 43 12 15 0.035430085 
354 452 14 18 0.035368115 
453 125 11 13 0.03517865 
356 106 13 16 0.03482926 
86 228 16 19 0.034785476 
777 254 10 13 0.03467357 
775 229 11 15 0.03388377 
310 82 12 16 0.03386075 
175 154 14 17 0.03379928 
636 117 11 12 0.033641428 
812 206 14 17 0.03330609 
308 134 13 17 0.033302866 
436 158 10 13 0.03304251 
616 165 14 18 0.03289284 
635 98 12 15 0.03275918 
673 461 11 13 0.032554496 
204 185 13 17 0.032537922 
308 173 15 19 0.032227665 
666 231 15 19 0.032005064 
238 375 16 20 0.03168677 
389 108 11 13 0.031646818 
467 171 14 16 0.03163492 
130 141 12 15 0.03159924 
203 268 17 21 0.03132158 
494 177 15 19 0.031302374 
615 241 12 16 0.031222701 
351 71 9 12 0.031181758 
85 182 15 19 0.03105414 
400 55 10 13 0.03099626 
370 199 14 18 0.030851308 
172 481 10 13 0.030714747 
88 142 8 10 0.030342678 
703 159 8 10 0.030308172 
642 267 15 20 0.030007316 
816 279 11 13 0.029831277 
291 80 13 15 0.029822832 
205 176 15 19 0.029690884 
374 93 10 12 0.029613638 
667 139 10 12 0.029419828 
735 274 14 19 0.029137691 
603 156 11 15 0.029013986 
615 441 13 17 0.028995844 
372 118 10 13 0.02877966 
284 262 16 21 0.028705217 
214 149 12 15 0.028616117 
632 158 11 13 0.028532472 
220 187 13 17 0.02845263 
258 26 12 15 0.028412243 
97 183 16 20 0.028401932 
437 53 11 13 0.028401801 
293 68 10 13 0.028044865 
535 195 12 16 0.027996425 
662 157 10 13 0.027920602 
437 179 13 17 0.02786325 
248 162 14 17 0.027846392 
358 126 13 16 0.027671885 
471 122 12 15 0.027620466 
420 154 11 15 0.027489716 
460 348 12 18 0.027471198 
564 94 11 14 0.02726901 
41 216 15 21 0.027188035 
304 146 18 21 0.027109079 
564 159 10 12 0.027057575 
711 196 10 14 0.026988469 
677 502 9 11 0.026832724 
650 203 14 16 0.02673627 
532 135 11 14 0.026518932 
619 79 11 14 0.026455691 
275 160 13 17 0.026359979 
498 71 109 146 0.026204038 
141 142 11 14 0.026191143 
161 251 17 19 0.02618229 
595 256 14 17 0.026142526 
412 158 12 16 0.026141884 
404 140 10 13 0.02611865 
293 62 10 12 0.026064223 
844 168 13 17 0.026011283 
384 126 9 11 0.02600014 
490 170 12 16 0.025974765 
248 61 10 14 0.025949052 
188 225 15 19 0.025902992 
110 127 9 11 0.025899325 
541 148 11 15 0.025806267 
389 103 10 12 0.02575325 
22 218 16 20 0.025689496 
177 122 10 14 0.025624903 
446 182 12 16 0.025531651 
417 150 10 13 0.025407754 
788 188 12 16 0.025376735 
85 313 18 19 0.025214002 
592 93 10 14 0.025044108 
449 127 9 12 0.025013225 
259 37 10 13 0.024951527 
400 429 17 20 0.024940178 
575 135 18 23 0.024860911 
672 453 12 14 0.0248422 
500 136 11 15 0.02483362 
696 168 8 10 0.024790907 
448 53 12 14 0.024765765 
534 346 15 20 0.024628593 
414 64 9 12 0.024617437 
421 116 11 13 0.024564492 
256 44 11 13 0.024518935 
727 292 10 14 0.024496723 
529 154 11 15 0.024415059 
628 131 11 14 0.024310345 
718 472 9 11 0.024283653 
385 92 9 13 0.024225786 
689 421 11 15 0.024203409 
442 545 22 28 0.024157682 
349 181 12 16 0.024143377 
260 157 12 17 0.024000527 
366 77 12 14 0.02395708 
577 121 18 22 0.02389984 
375 34 11 15 0.023882547 
360 86 10 12 0.023852102 
602 163 12 14 0.023843993 
328 48 10 13 0.023824358 
353 103 11 13 0.023803145 
430 164 12 14 0.023680517 
617 84 9 12 0.023604387 
167 135 11 13 0.023579173 
138 250 16 19 0.023562076 
141 127 8 10 0.023509093 
266 192 15 19 0.02338361 
243 219 14 19 0.0233083 
359 38 11 12 0.023283437 
467 179 15 18 0.023247696 
543 227 14 18 0.023167921 
518 163 12 14 0.023038162 
359 117 12 14 0.023033472 
15 228 13 17 0.023002604 
396 416 23 27 0.022944454 
688 184 11 14 0.02291719 
670 152 9 11 0.022881646 
5 284 10 11 0.02283233 
309 93 11 14 0.02278967 
366 94 10 12 0.02276665 
164 156 12 15 0.022628535 
181 143 12 14 0.02259915 
839 365 25 36 0.022592165 
692 426 10 13 0.02258597 
63 300 10 12 0.022576002 
319 7 11 13 0.022436732 
88 150 8 10 0.022436682 
638 126 10 12 0.022424469 
400 36 9 11 0.022410106 
222 463 10 12 0.022401245 
385 147 13 16 0.02234166 
286 19 11 13 0.02231221 
390 231 10 15 0.022151379 
125 152 13 15 0.02209553 
420 165 11 14 0.022049781 
5 227 15 18 0.022036605 
159 152 11 13 0.021885913 
359 92 11 13 0.021843048 
392 66 11 13 0.021836815 
335 107 11 14 0.021835284 
630 165 12 16 0.021754706 
429 169 14 16 0.021727148 
417 123 10 15 0.021547193 
463 179 11 16 0.021510536 
502 215 15 20 0.021461342 
47 225 13 18 0.0214468 
701 212 13 16 0.021286806 
447 132 12 16 0.021242065 
694 157 9 11 0.021185547 
703 456 9 11 0.02117384 
676 167 10 13 0.021130743 
440 195 12 16 0.021077098 
374 61 12 14 0.02107642 
646 153 19 25 0.021004826 
300 278 16 23 0.020996789 
388 126 10 12 0.020909144 
647 170 11 16 0.020805947 
633 148 10 13 0.02078769 
581 98 11 15 0.02069144 
244 99 10 12 0.02057296 
549 218 13 18 0.020561986 
270 56 10 13 0.020544326 
220 139 11 13 0.020534927 
574 118 13 14 0.020406686 
107 182 14 20 0.020406216 
309 232 13 16 0.02040496 
632 142 10 12 0.020379584 
198 292 14 17 0.02032043 
288 36 11 15 0.020297932 
97 139 9 11 0.020269448 
325 79 12 16 0.020263426 
335 147 11 15 0.020261997 
364 166 11 13 0.020248514 
525 165 11 13 0.020234035 
68 222 12 16 0.020150032 
342 93 11 13 0.020109113 
