12_Group_Large_Group_12_Group_Large_Group_12_286
138
89 157 44 64 0.9986089 
799 226 69 99 0.99644727 
491 242 29 36 0.99408555 
283 154 42 59 0.99330395 
412 259 52 80 0.9801895 
-1 192 31 42 0.9801578 
1002 265 20 25 0.92843616 
919 262 12 17 0.9083769 
969 256 17 21 0.70919126 
264 222 35 57 0.629795 
484 218 18 22 0.5347352 
400 213 25 28 0.49351045 
596 246 21 30 0.47677314 
726 249 14 20 0.37878817 
643 218 13 16 0.16817202 
355 158 13 17 0.16540065 
836 652 12 14 0.16353497 
410 215 14 18 0.16197617 
142 201 32 35 0.1502261 
475 213 16 20 0.13500546 
163 211 14 18 0.1335624 
147 192 12 14 0.1335382 
590 119 8 11 0.12250711 
910 211 9 12 0.11867584 
958 207 10 13 0.10788641 
567 260 10 13 0.10748175 
573 256 12 15 0.0966335 
976 226 11 13 0.09523371 
139 193 22 28 0.083607994 
976 212 10 12 0.08288675 
486 231 26 34 0.070945606 
430 251 30 50 0.068902925 
889 209 12 16 0.068605736 
1001 189 9 11 0.06853668 
501 204 10 13 0.0647378 
994 221 10 13 0.063881 
621 119 11 13 0.061861206 
902 258 12 19 0.059339862 
967 213 9 11 0.058983974 
953 229 9 12 0.058328632 
606 119 10 12 0.058213893 
264 165 30 38 0.05601181 
974 269 14 19 0.05576667 
477 221 18 21 0.05200228 
541 139 10 13 0.051263724 
412 157 11 14 0.050500445 
610 271 26 35 0.049996104 
452 207 14 16 0.04982512 
233 222 44 60 0.0493638 
592 135 8 12 0.04870549 
623 136 8 10 0.04650642 
1004 183 9 12 0.04637053 
440 224 9 12 0.045408085 
213 217 42 56 0.045301426 
495 205 11 14 0.044866808 
969 220 11 15 0.04358195 
566 143 7 10 0.0433938 
523 206 10 12 0.04297969 
641 262 43 55 0.042867936 
802 195 14 18 0.04162548 
609 112 8 10 0.03972919 
645 132 9 11 0.038119942 
965 208 9 12 0.037844997 
912 260 12 18 0.037564024 
368 31 27 29 0.037007406 
600 253 23 35 0.036540084 
989 253 10 13 0.034899946 
809 654 10 13 0.034873586 
645 120 8 10 0.034266993 
973 190 8 11 0.034159005 
991 248 11 14 0.03359164 
519 217 15 19 0.03351308 
522 211 13 17 0.03303296 
397 209 41 49 0.032925542 
730 247 40 55 0.03283113 
998 208 10 11 0.032777283 
614 117 13 15 0.032731555 
906 207 9 12 0.032585822 
644 126 10 13 0.032392293 
569 126 8 10 0.032389436 
322 193 15 19 0.032051444 
993 215 9 11 0.031942632 
997 213 10 13 0.031418353 
445 226 10 13 0.030702382 
995 226 12 14 0.030314615 
592 248 16 23 0.030087573 
518 104 9 11 0.030068977 
952 268 10 13 0.0298777 
614 274 15 20 0.02955679 
956 220 12 15 0.0294238 
441 259 30 51 0.029108675 
957 184 9 11 0.029043829 
476 287 33 46 0.02871759 
968 247 11 15 0.02863066 
953 184 8 11 0.028160837 
618 268 18 23 0.028152306 
710 247 10 12 0.028077157 
542 103 8 10 0.027830523 
514 87 7 9 0.027330386 
616 135 10 12 0.027329626 
434 242 25 34 0.026582472 
672 100 10 12 0.025631709 
599 119 10 13 0.025541306 
934 269 10 14 0.025525361 
156 206 17 21 0.025475945 
598 135 10 14 0.02513916 
529 127 7 10 0.025084052 
979 255 14 17 0.025078377 
974 234 12 13 0.024027552 
797 680 14 18 0.023936564 
916 206 8 11 0.023622286 
656 110 9 10 0.023503447 
678 112 12 14 0.023498617 
267 169 18 23 0.023392979 
727 245 29 35 0.022628639 
992 208 9 11 0.022209153 
398 214 17 19 0.022198197 
637 216 23 26 0.022163283 
623 269 32 35 0.022157773 
198 213 13 16 0.022142231 
417 216 14 20 0.022111185 
494 85 8 11 0.022095188 
459 267 46 61 0.02207448 
490 212 20 25 0.022070415 
198 219 24 32 0.022043183 
407 733 47 33 0.021743212 
396 221 20 23 0.021676304 
469 151 12 15 0.021620922 
538 103 8 10 0.021598108 
573 126 7 9 0.021401118 
630 134 8 12 0.021323215 
780 232 51 77 0.021121236 
613 112 10 11 0.021054402 
454 223 10 12 0.020940883 
190 197 12 15 0.020840097 
972 222 19 23 0.020358864 
476 242 39 54 0.020105505 
974 184 8 10 0.020081338 
