12_Group_Group_12_Group_Group_12_293
38
371 100 46 61 0.99880326 
106 140 62 54 0.99866617 
521 142 57 65 0.99636394 
6 83 30 38 0.9946672 
648 87 27 36 0.9933548 
903 132 45 59 0.99036753 
577 130 39 49 0.977457 
756 146 42 61 0.9523263 
823 155 37 47 0.9386809 
525 289 63 62 0.41523147 
660 156 27 33 0.36101502 
603 131 29 39 0.25661874 
652 115 24 30 0.119571015 
600 173 24 37 0.115019836 
350 110 24 35 0.0960337 
123 259 25 31 0.05292418 
611 136 18 24 0.052212115 
644 158 34 40 0.045935795 
576 101 12 14 0.044871558 
599 291 47 55 0.040976424 
728 86 27 33 0.03971995 
676 124 33 50 0.035102446 
558 293 58 61 0.03461336 
682 106 20 30 0.032621317 
502 132 11 17 0.030765392 
700 148 348 464 0.029271707 
346 129 26 48 0.028164588 
670 140 29 43 0.026114197 
1 252 15 22 0.025521131 
5 363 31 54 0.024640957 
565 107 45 58 0.024344377 
895 614 24 26 0.023975702 
312 138 40 49 0.022910593 
610 142 27 40 0.022082468 
422 517 15 19 0.021792509 
170 120 40 53 0.021708833 
922 586 26 29 0.020986095 
803 160 34 45 0.020624548 
