12_Group_Team_Organized_Group_12_Group_Team_Organized_Group_12_340
61
37 -1 50 54 0.9992206 
286 4 52 65 0.99919087 
531 32 49 67 0.999186 
136 2 47 60 0.9987797 
324 110 58 80 0.99871993 
611 35 50 61 0.9985329 
932 45 34 44 0.9931772 
476 0 40 48 0.98983943 
360 1 30 38 0.9720276 
383 3 40 52 0.9555281 
87 -2 36 45 0.9534118 
0 66 37 66 0.8379282 
848 76 38 46 0.7039924 
852 59 32 44 0.5106437 
24 80 30 46 0.45369032 
372 3 34 43 0.2680809 
378 60 31 35 0.1963742 
231 -1 30 28 0.17911787 
433 0 28 26 0.1602771 
846 55 25 34 0.09990131 
849 52 16 21 0.09422166 
662 52 14 19 0.07249865 
506 39 44 64 0.072090045 
413 27 25 38 0.069766484 
488 51 39 56 0.056271583 
10 189 17 22 0.053771492 
421 282 13 15 0.053227723 
532 -1 36 28 0.052668016 
962 51 34 42 0.047876492 
361 39 28 38 0.045679644 
0 119 27 49 0.044619624 
248 129 35 52 0.042252578 
178 15 19 24 0.038479473 
874 109 39 39 0.03832431 
367 53 30 35 0.03801457 
-3 13 39 55 0.037023567 
280 170 11 17 0.036607444 
357 16 30 48 0.036361773 
258 105 32 41 0.034492727 
230 6 34 43 0.033956807 
662 -1 32 26 0.03391327 
875 229 42 57 0.033046458 
530 4 46 51 0.031769615 
857 91 49 51 0.03082718 
975 27 23 38 0.030490141 
83 186 46 59 0.030460568 
191 39 30 40 0.029818935 
970 212 44 75 0.027725197 
218 151 37 51 0.027095051 
393 18 42 53 0.026796822 
427 26 12 17 0.02622146 
14 86 45 66 0.025046565 
249 -1 32 36 0.024106624 
293 175 17 21 0.02348413 
67 145 13 18 0.022193259 
51 134 23 32 0.022046583 
379 41 36 43 0.021349432 
175 0 30 38 0.021039676 
857 57 21 26 0.020998659 
978 54 18 25 0.020680107 
262 1 28 41 0.020103043 
