12_Group_Group_12_Group_Group_12_434
23
814 208 44 72 0.9993863 
161 177 48 63 0.9932054 
550 183 30 45 0.98267627 
410 179 41 46 0.9766703 
736 234 44 60 0.45489225 
153 215 38 67 0.2989766 
702 198 34 47 0.17808484 
692 250 31 52 0.10822661 
881 207 27 50 0.100327484 
768 263 47 74 0.05236287 
719 242 40 58 0.047857247 
81 167 8 11 0.0451883 
769 216 38 63 0.039170127 
574 215 35 40 0.038481046 
425 171 25 38 0.0340116 
724 209 52 69 0.032321386 
34 201 7 9 0.028290108 
232 299 115 118 0.026035462 
564 186 44 58 0.02437459 
591 196 30 45 0.024249455 
715 188 36 40 0.021497102 
1 196 8 12 0.020103626 
621 -8 102 147 0.020018294 
