12_Group_Large_Group_12_Group_Large_Group_12_120
1520
362 448 15 18 0.98078716 
350 350 11 15 0.9802224 
475 419 13 18 0.96680486 
926 385 13 18 0.9626901 
637 296 13 16 0.9612457 
669 419 12 16 0.96038175 
693 323 12 16 0.95929414 
880 357 13 16 0.9499661 
149 326 12 14 0.94836843 
76 450 14 17 0.9453933 
475 452 14 18 0.942794 
192 419 11 14 0.9385843 
590 267 10 13 0.93717325 
507 389 12 16 0.92773706 
390 349 11 14 0.92493474 
663 394 12 15 0.9220173 
277 396 11 14 0.92201686 
550 294 11 15 0.9184472 
209 325 11 15 0.91489255 
430 323 11 15 0.9140568 
468 391 13 16 0.91315687 
449 419 12 16 0.9106531 
423 414 12 16 0.8988907 
774 350 12 15 0.89727193 
720 303 9 13 0.88956594 
625 387 12 16 0.88774353 
548 323 11 14 0.8834338 
362 420 15 17 0.87842166 
367 383 13 16 0.8779344 
902 390 11 15 0.8763701 
526 345 12 15 0.8747814 
609 371 11 16 0.87445205 
692 421 13 16 0.87376326 
387 391 12 15 0.87072396 
121 452 11 14 0.8691963 
85 423 12 15 0.8685954 
413 322 10 13 0.867762 
547 390 13 16 0.8659338 
811 389 11 15 0.86531055 
347 393 12 16 0.86325884 
567 326 11 14 0.8617195 
718 446 14 17 0.8592433 
93 326 12 15 0.85919863 
425 388 13 17 0.8591015 
639 374 12 16 0.8528824 
828 447 13 18 0.85197085 
197 393 12 16 0.8502489 
692 453 12 15 0.84937847 
846 277 11 14 0.84874016 
878 332 10 12 0.8458009 
578 450 13 17 0.842192 
528 324 10 13 0.84187055 
902 347 11 14 0.8372465 
154 301 8 12 0.8342108 
395 417 12 16 0.8328776 
221 356 11 14 0.8326492 
670 326 10 13 0.83179075 
679 243 9 12 0.8300078 
450 379 12 16 0.82654494 
244 325 10 13 0.82417727 
526 378 12 17 0.8232588 
328 349 12 15 0.8223099 
218 301 9 12 0.8198405 
100 301 11 14 0.8185952 
877 420 11 14 0.81853545 
717 347 10 14 0.8178507 
167 421 12 15 0.81488645 
406 348 11 15 0.8110286 
222 421 11 15 0.8103308 
562 378 13 16 0.8072128 
325 271 9 13 0.80433345 
442 446 12 15 0.79329413 
376 322 10 13 0.79053867 
820 327 11 14 0.7878538 
111 356 11 15 0.78584504 
347 294 9 12 0.77936363 
28 388 10 14 0.7750851 
863 297 10 14 0.77225065 
140 358 11 14 0.772218 
61 270 9 13 0.77167064 
131 301 10 14 0.76910186 
794 446 14 17 0.7684064 
135 270 9 13 0.7678713 
619 419 11 15 0.7655475 
429 294 11 15 0.76522684 
175 224 7 9 0.75764304 
404 447 15 19 0.75742364 
271 295 10 12 0.7559994 
120 396 12 15 0.755642 
228 383 11 14 0.75333875 
324 293 9 11 0.75251335 
279 422 11 15 0.75168985 
411 382 12 15 0.7483944 
826 274 10 13 0.7483773 
864 356 11 15 0.74756634 
228 453 11 15 0.7452987 
734 243 9 11 0.7412757 
75 301 11 14 0.7356973 
46 362 11 14 0.7354868 
588 326 12 15 0.7328563 
596 423 10 15 0.7284928 
68 326 12 16 0.7281584 
370 350 12 16 0.7267542 
488 382 12 14 0.7257823 
111 419 12 16 0.7187279 
312 397 13 15 0.71755767 
547 451 12 15 0.7139328 
78 389 12 15 0.7137425 
608 270 9 11 0.7127378 
302 383 11 14 0.7109824 
571 295 12 16 0.7078435 
231 269 8 12 0.707086 
797 350 10 13 0.7056925 
336 222 7 10 0.7036749 
467 354 11 14 0.70022523 
488 318 10 12 0.69896996 
738 293 9 13 0.6972506 
606 345 11 15 0.69648343 
180 326 10 14 0.69440114 
715 415 13 15 0.69302255 
763 427 11 14 0.6928557 
889 280 9 11 0.69082886 
621 239 10 13 0.6901292 
157 393 13 16 0.68536514 
700 302 9 12 0.68443656 
766 295 9 12 0.6840223 
621 297 11 14 0.6821718 
671 347 11 15 0.68182445 
884 392 13 16 0.67837393 
516 295 9 12 0.67657876 
57 421 11 15 0.67624354 
356 324 10 14 0.6747256 
198 303 9 11 0.6705733 
38 328 12 14 0.67030233 
761 349 9 13 0.668078 
652 345 12 16 0.66559654 
582 347 12 15 0.66437465 
850 382 13 16 0.6643241 
122 327 9 13 0.6640169 
304 296 8 10 0.66290015 
147 456 14 17 0.6592964 
452 320 11 14 0.65836996 
269 324 10 13 0.6552917 
498 302 10 12 0.65461886 
153 279 9 12 0.65353316 
452 293 10 13 0.6534564 
428 358 11 14 0.6504712 
783 414 13 16 0.65000165 
609 324 12 15 0.6459316 
599 222 7 9 0.64518183 
538 268 10 13 0.64453185 
791 384 11 14 0.6432363 
544 418 12 17 0.64195997 
821 351 12 15 0.64023787 
658 298 11 14 0.6394476 
663 241 9 12 0.6390825 
553 345 12 17 0.6334041 
648 419 12 16 0.6312154 
596 295 10 13 0.6297805 
444 268 10 12 0.62952065 
797 323 11 14 0.6294205 
139 419 13 17 0.62582433 
675 267 11 13 0.6242097 
232 223 7 9 0.6238419 
692 348 11 14 0.623693 
502 263 9 13 0.6220633 
700 246 9 12 0.60689586 
742 350 11 14 0.6065072 
506 412 13 15 0.60623205 
495 357 11 13 0.6032291 
426 271 9 13 0.59812707 
165 358 8 12 0.59657073 
346 270 9 12 0.59582806 
334 322 11 14 0.59571546 
753 327 9 12 0.59516305 
583 391 12 15 0.59515285 
270 271 10 13 0.59150803 
565 266 10 13 0.5912669 
190 271 9 13 0.5910453 
463 268 10 13 0.59041095 
685 300 10 13 0.58837605 
251 416 11 16 0.5879486 
839 249 10 13 0.5864991 
199 244 9 12 0.5845561 
532 293 9 14 0.5834362 
86 282 10 13 0.5829638 
192 222 7 9 0.57878965 
410 271 9 12 0.5747508 
170 299 9 13 0.5745993 
716 387 10 12 0.57415885 
474 247 8 11 0.5732443 
185 459 11 14 0.57286453 
729 326 9 11 0.5641577 
643 239 11 13 0.56074274 
412 247 9 12 0.5606621 
627 323 11 15 0.5574545 
717 268 8 12 0.5552769 
363 295 8 11 0.5544902 
654 453 12 14 0.5510817 
457 240 8 11 0.5501989 
91 362 12 15 0.547414 
289 297 9 12 0.53966177 
103 280 8 12 0.53850603 
695 266 10 12 0.53761923 
885 299 9 12 0.5359993 
774 242 10 12 0.53552824 
335 425 11 15 0.53278494 
820 246 9 12 0.5262333 
27 363 11 13 0.5226313 
912 297 11 14 0.521964 
42 397 11 15 0.52160937 
763 455 10 14 0.5205068 
172 271 10 14 0.5162425 
310 247 9 12 0.511864 
184 247 9 12 0.5103221 
239 357 9 12 0.5054376 
850 419 11 14 0.5044095 
519 267 10 12 0.5043216 
853 448 13 17 0.5039 
281 357 9 11 0.5000278 
653 323 11 13 0.49898404 
957 445 12 16 0.49823037 
610 451 12 15 0.49666026 
573 241 9 12 0.4922132 
253 299 9 11 0.4919382 
917 272 8 11 0.48936713 
804 420 9 12 0.48286337 
803 294 11 14 0.48097545 
553 238 9 12 0.46957013 
394 323 9 12 0.4663586 
736 391 10 13 0.46541607 
292 447 12 15 0.4618234 
510 236 9 11 0.45935202 
121 279 9 12 0.45901915 
764 270 9 11 0.45786607 
118 245 8 11 0.4576028 
201 358 9 13 0.4574458 
593 242 10 13 0.45347467 
628 266 10 13 0.45178324 
641 220 8 10 0.45130587 
257 453 11 14 0.45073673 
390 270 8 11 0.44864157 
335 452 12 15 0.44860026 
509 453 12 16 0.447538 
864 277 9 13 0.4469466 
807 275 8 11 0.4442976 
647 269 11 14 0.44030297 
476 288 9 13 0.4384329 
381 294 10 13 0.43679413 
409 293 8 10 0.43574995 
182 358 9 12 0.43176308 
295 323 11 13 0.42986766 
49 299 10 13 0.42789048 
308 270 9 10 0.42034242 
775 389 11 15 0.41913345 
695 228 8 10 0.4189925 
533 239 8 11 0.41638502 
699 387 12 14 0.41613165 
109 382 10 12 0.41610846 
135 243 9 12 0.41381985 
737 271 9 12 0.4123217 
619 220 8 10 0.41192928 
307 421 11 14 0.4018614 
633 347 11 15 0.39809227 
466 216 7 10 0.39517158 
852 327 9 13 0.393703 
209 271 10 13 0.3907403 
303 352 10 13 0.38447043 
83 224 9 11 0.38129896 
240 396 10 13 0.37790123 
318 222 7 8 0.3778586 
292 271 8 11 0.37556732 
332 247 8 11 0.3754295 
370 272 7 11 0.374433 
866 389 10 13 0.36989376 
840 352 12 16 0.36661074 
78 242 9 12 0.36389446 
750 378 10 14 0.3638821 
903 328 9 11 0.36340228 
772 327 9 11 0.35885262 
336 381 11 14 0.3529835 
509 325 10 13 0.34722203 
713 323 10 14 0.34434348 
855 251 10 12 0.34268558 
932 419 13 16 0.3383589 
569 421 10 13 0.3345158 
385 246 8 12 0.33380646 
55 330 10 12 0.33168447 
756 245 8 11 0.33146662 
360 221 6 8 0.32781225 
739 419 10 14 0.32203504 
259 381 11 14 0.3194548 
292 248 8 10 0.31650993 
139 226 6 8 0.31504822 
469 319 10 12 0.31348798 
447 357 11 14 0.31290194 
484 263 10 13 0.31284958 
886 450 11 15 0.31068254 
234 295 9 12 0.3093359 
844 298 9 13 0.30928123 
874 254 8 11 0.30919752 
212 225 7 9 0.30802166 
506 217 8 9 0.3051991 
152 240 8 11 0.30147976 
396 348 12 15 0.29476702 
798 244 8 11 0.29286644 
105 390 11 13 0.29076093 
277 248 7 10 0.28943908 
672 464 10 13 0.28899926 
957 424 13 16 0.28691435 
825 296 10 12 0.28459075 
66 363 13 15 0.282511 
489 218 7 9 0.28013012 
283 223 7 9 0.27990037 
943 350 10 12 0.27768877 
542 218 7 9 0.27741477 
354 246 8 10 0.27727127 
437 247 9 11 0.27616066 
447 349 10 13 0.273624 
762 295 8 11 0.2721696 
721 224 8 10 0.26692054 
896 454 9 12 0.26599032 
157 225 7 9 0.26210722 
249 223 8 9 0.25735188 
493 237 8 11 0.2538025 
677 386 10 13 0.25360003 
72 387 12 15 0.25304213 
302 226 7 8 0.2523321 
364 485 15 17 0.24617793 
430 218 7 9 0.24003093 
150 420 11 15 0.23367772 
253 356 9 12 0.23162214 
824 386 11 15 0.22987117 
823 415 11 14 0.22553527 
571 221 8 9 0.22548202 
310 391 13 15 0.22206731 
720 246 8 10 0.22136965 
104 461 12 13 0.22040153 
652 415 11 14 0.21895391 
482 268 9 11 0.21249421 
95 482 12 16 0.20354894 
790 270 8 11 0.20225666 
249 270 8 10 0.2007865 
276 294 9 12 0.19823125 
624 263 10 13 0.19818045 
265 221 7 9 0.19741333 
266 352 9 12 0.19602439 
525 219 8 11 0.19411252 
661 221 9 12 0.1939833 
269 356 10 11 0.19001922 
309 356 10 12 0.1892324 
148 389 13 15 0.18871078 
376 221 8 10 0.18500264 
678 222 9 11 0.18378161 
236 299 9 12 0.1828942 
36 445 9 11 0.18019912 
117 226 8 9 0.17778662 
773 380 11 15 0.17743208 
171 416 10 13 0.17645688 
221 246 8 11 0.17142448 
743 225 8 9 0.16995722 
655 446 12 16 0.1681371 
239 246 8 10 0.16085811 
788 294 9 12 0.15993127 
213 460 9 11 0.158696 
772 375 9 11 0.15646157 
701 396 11 13 0.15589829 
170 248 8 11 0.14972833 
736 402 11 13 0.14747803 
802 413 11 15 0.14442375 
261 446 10 14 0.14437833 
44 330 12 14 0.14131233 
645 217 8 10 0.14096622 
717 320 9 12 0.14073898 
247 355 9 12 0.14050545 
448 217 6 8 0.14039527 
879 247 8 10 0.14032279 
274 251 8 11 0.13820659 
46 502 12 14 0.13452433 
586 341 12 16 0.13448504 
37 453 9 12 0.13424468 
391 275 8 10 0.13419016 
226 270 9 11 0.1334964 
765 317 11 12 0.13190624 
646 262 10 13 0.13136809 
668 388 11 15 0.12963548 
341 421 12 15 0.12954293 
394 221 8 9 0.12944612 
158 421 10 15 0.12870193 
248 247 7 10 0.12803505 
765 312 10 11 0.12788872 
473 241 8 11 0.12641986 
185 388 9 12 0.125409 
353 319 10 13 0.12442403 
585 217 7 9 0.124305576 
379 318 10 13 0.123339556 
250 295 10 13 0.12313712 
205 351 11 13 0.12302228 
585 221 7 9 0.12294242 
580 414 11 13 0.12243913 
505 285 9 11 0.122438446 
413 218 7 9 0.122123145 
688 344 10 13 0.12127008 
106 395 13 16 0.12058023 
511 321 10 12 0.11691538 
167 462 11 13 0.114573404 
243 390 10 12 0.111577146 
766 349 9 13 0.10791633 
854 228 8 10 0.107887834 
306 460 11 13 0.10751386 
286 413 10 13 0.10706186 
496 233 7 10 0.106848255 
238 404 10 12 0.10446728 
471 311 8 10 0.10388207 
786 224 7 10 0.10227525 
952 426 12 15 0.1019393 
685 214 8 10 0.10120641 
898 253 9 11 0.10106744 
770 331 10 12 0.100623414 
896 263 9 12 0.100325935 
197 400 11 14 0.09945149 
176 227 8 10 0.09875631 
757 241 8 10 0.09847179 
454 289 9 11 0.09835684 
195 461 9 11 0.09784823 
769 223 7 9 0.09776717 
611 320 12 14 0.09679911 
249 262 8 11 0.09613263 
412 292 9 11 0.09592479 
315 223 6 8 0.09528179 
261 376 9 12 0.09464656 
191 389 12 14 0.093689114 
51 364 10 14 0.09338343 
115 413 12 16 0.09334503 
673 222 9 10 0.09301479 
348 427 11 15 0.09211047 
290 252 9 10 0.09180528 
50 460 10 14 0.09179263 
571 330 10 13 0.091353565 
680 294 10 13 0.09101058 
273 420 11 15 0.090955205 
497 296 9 12 0.08978248 
42 358 10 13 0.089706995 
908 343 9 12 0.08966802 
132 296 11 13 0.089663975 
215 376 8 10 0.089659296 
38 391 11 14 0.089051254 
333 468 12 16 0.08849635 
597 414 10 13 0.08790288 
814 460 10 12 0.08762146 
494 307 10 13 0.08741191 
428 352 11 13 0.08700321 
918 370 12 14 0.086920045 
97 244 8 10 0.086123794 
670 240 9 11 0.08581535 
600 405 10 12 0.08558769 
151 394 13 16 0.08547971 
51 295 11 14 0.085347466 
95 281 9 11 0.085322075 
730 245 9 11 0.083430015 
325 312 8 10 0.08244763 
532 319 10 12 0.08223645 
325 468 11 16 0.08041557 
266 320 9 11 0.079066046 
663 217 8 10 0.07866311 
322 289 9 11 0.07829623 
265 294 9 12 0.078250356 
343 414 12 15 0.07816834 
286 441 10 12 0.07781638 
183 241 8 10 0.07742084 
399 444 13 16 0.07724137 
595 223 8 9 0.07651041 
358 240 7 10 0.076504104 
759 447 10 13 0.07626158 
320 313 8 10 0.07586832 
528 329 12 15 0.07533475 
25 384 11 13 0.075051285 
276 458 12 14 0.07503765 
883 420 10 13 0.074821316 
174 248 9 12 0.0747328 
879 225 8 9 0.07456627 
345 265 8 10 0.07449882 
610 342 12 14 0.07313165 
741 289 9 11 0.07288648 
895 268 9 11 0.07286182 
725 225 7 9 0.07282269 
738 349 9 13 0.0722298 
673 310 9 11 0.07184364 
382 289 9 10 0.07178207 
681 209 7 9 0.0713696 
115 228 9 10 0.07111978 
101 244 8 10 0.070121 
216 265 7 9 0.07001203 
918 453 11 15 0.06957043 
413 377 11 13 0.06954823 
699 264 11 12 0.06942428 
157 296 8 11 0.06926827 
646 395 9 13 0.069145545 
102 229 7 10 0.06896922 
231 356 9 13 0.067999065 
37 440 10 12 0.067717545 
573 218 8 9 0.06766767 
867 295 10 13 0.06689117 
390 452 11 14 0.06669607 
191 244 9 13 0.066597536 
792 318 11 13 0.06655422 
742 264 8 10 0.0664283 
434 250 9 12 0.06595818 
220 296 10 12 0.06594399 
535 404 11 13 0.0658986 
366 288 9 12 0.06538076 
937 230 7 9 0.06525898 
295 311 8 10 0.06505786 
935 351 11 13 0.06499857 
928 349 9 12 0.06480308 
348 274 9 11 0.064751774 
826 225 8 10 0.064227045 
826 382 12 15 0.06391384 
285 352 9 11 0.06343867 
790 288 8 10 0.06319384 
864 383 10 14 0.063125744 
342 374 11 14 0.06280333 
641 230 9 10 0.06269809 
575 414 9 13 0.062314108 
474 388 12 16 0.06205962 
894 485 16 17 0.062048983 
953 272 9 12 0.061886728 
738 454 9 11 0.06170159 
633 299 12 14 0.06158371 
765 265 8 11 0.061485305 
385 241 7 10 0.061395664 
392 443 11 15 0.061144765 
598 263 9 12 0.06109663 
920 231 9 11 0.061043255 
191 296 9 11 0.060849734 
674 383 10 13 0.060834285 
350 312 9 10 0.060712244 
780 244 9 11 0.06056398 
613 441 10 12 0.060468487 
327 317 9 12 0.06041368 
465 319 9 13 0.060198575 
490 312 9 12 0.059932414 
848 252 8 11 0.059501797 
470 220 7 10 0.05931063 
507 486 12 14 0.05924923 
184 309 8 10 0.05916347 
249 254 9 11 0.05911478 
494 246 8 9 0.059090383 
445 276 9 11 0.05883868 
213 227 8 11 0.05854905 
713 265 9 12 0.05848601 
230 352 9 11 0.05847143 
406 440 12 16 0.058417115 
886 415 10 12 0.058176205 
518 398 11 15 0.057918686 
386 276 8 10 0.05772022 
689 448 11 13 0.057705805 
781 389 10 13 0.05762491 
55 348 10 13 0.05760663 
398 332 9 12 0.057016145 
303 289 7 9 0.056728106 
689 413 12 14 0.05661997 
496 256 8 9 0.056543827 
189 383 10 12 0.05641902 
527 288 10 12 0.05620826 
282 443 10 13 0.056158178 
677 343 10 13 0.056098323 
504 452 12 16 0.05605751 
372 276 9 11 0.055882156 
815 414 9 12 0.055833995 
784 300 10 12 0.055821408 
101 225 7 9 0.055706732 
144 393 13 15 0.055624302 
232 394 11 14 0.055527546 
448 221 7 10 0.055502664 
400 370 11 15 0.055273164 
350 289 8 10 0.055125922 
213 320 9 12 0.05496495 
861 247 8 11 0.054895524 
157 283 9 12 0.054783136 
770 240 8 11 0.054772206 
950 292 10 12 0.05462742 
558 221 7 9 0.05454792 
360 290 8 10 0.05443654 
953 329 8 10 0.054208294 
303 454 10 13 0.053912967 
572 425 11 14 0.05369582 
726 228 8 10 0.05368124 
901 248 8 11 0.05341551 
529 298 11 13 0.05330755 
295 329 10 14 0.053296246 
671 320 9 11 0.053281154 
868 351 11 13 0.053263232 
636 343 11 14 0.05320863 
435 319 10 13 0.053106453 
517 319 10 12 0.05297291 
354 241 8 10 0.052762784 
901 435 10 14 0.05275051 
29 405 8 11 0.052548505 
29 290 14 18 0.052521642 
441 266 9 11 0.052488774 
215 351 11 14 0.0521492 
40 478 10 13 0.05206476 
558 217 7 9 0.0518953 
830 224 7 10 0.051789545 
122 391 13 15 0.05177729 
448 287 9 11 0.051728006 
904 300 8 11 0.051709313 
510 263 9 11 0.05169953 
944 344 9 11 0.051476814 
606 265 9 11 0.051238824 
368 245 8 10 0.051223323 
756 330 10 13 0.05121168 
621 454 10 14 0.05107506 
222 241 9 10 0.05096372 
956 275 10 13 0.05067169 
182 320 9 12 0.05049614 
571 264 10 12 0.050493453 
553 365 12 14 0.050388638 
913 421 11 14 0.050356258 
699 457 11 14 0.05002947 
74 245 8 11 0.04995483 
730 240 8 11 0.04992827 
803 230 7 9 0.04988084 
199 297 8 10 0.049802583 
791 265 8 9 0.049753513 
328 421 12 15 0.049744666 
646 286 11 14 0.049641795 
477 252 9 11 0.049483545 
296 351 9 11 0.049401596 
519 403 12 16 0.04938659 
156 241 9 11 0.049354527 
900 230 10 11 0.049277905 
858 300 9 12 0.04915069 
79 358 10 13 0.048740715 
671 293 10 13 0.048691243 
542 455 15 17 0.04854573 
801 270 9 11 0.04834231 
158 307 9 12 0.04833488 
589 373 9 13 0.04824867 
369 240 7 10 0.04823245 
592 416 10 12 0.0482204 
790 275 9 12 0.048158605 
267 277 9 11 0.048130605 
554 217 7 9 0.048087157 
64 369 11 14 0.04805726 
771 244 9 11 0.048050053 
346 420 12 16 0.048037842 
575 231 8 9 0.048028745 
339 470 12 16 0.047975175 
557 233 9 11 0.047959402 
686 209 8 10 0.047940798 
720 241 8 9 0.04789392 
303 377 11 13 0.047804695 
660 439 10 12 0.04778796 
311 312 8 10 0.047724225 
557 311 10 12 0.04768053 
400 312 9 10 0.047652464 
663 285 9 11 0.047559805 
235 246 8 10 0.047557745 
326 299 8 10 0.047307357 
488 376 11 14 0.047249533 
584 371 11 14 0.047171444 
247 459 10 12 0.047152095 
663 347 10 13 0.047151048 
740 274 9 12 0.046980087 
249 218 7 8 0.046686098 
125 277 9 13 0.046622057 
702 241 9 11 0.046574157 
665 326 10 13 0.046535783 
760 318 9 12 0.046382803 
48 498 9 11 0.046281565 
64 328 12 15 0.045996368 
231 318 9 11 0.045920145 
873 230 8 9 0.045904707 
896 419 9 13 0.045804985 
678 287 9 11 0.045797087 
678 228 9 11 0.04568498 
737 355 10 13 0.04556282 
304 415 11 14 0.04549464 
332 405 12 14 0.045468315 
145 330 12 15 0.045465846 
753 242 9 10 0.04540672 
333 413 12 13 0.04540023 
300 318 10 12 0.04531494 
524 263 9 12 0.04531409 
240 242 7 9 0.04525611 
851 224 7 10 0.04523976 
627 393 12 14 0.04517803 
209 456 10 12 0.04501037 
598 288 10 12 0.044989884 
427 217 7 8 0.04498261 
727 322 9 11 0.04496583 
83 280 10 12 0.044911694 
310 264 9 11 0.044645734 
782 278 9 12 0.04459591 
894 296 8 11 0.044463053 
155 459 12 15 0.044461187 
488 233 8 10 0.044457108 
216 305 9 12 0.044319388 
607 238 9 11 0.04425047 
662 230 8 10 0.044160914 
783 372 9 12 0.04413823 
329 240 9 11 0.044104792 
720 252 8 10 0.044040147 
478 239 8 11 0.04401805 
652 276 11 13 0.044007972 
238 413 11 13 0.04390794 
565 323 17 21 0.043793153 
789 311 10 11 0.043563347 
200 351 11 14 0.04354715 
81 446 15 18 0.0435098 
106 467 12 14 0.04345219 
672 243 10 12 0.043428764 
78 402 11 15 0.04341872 
636 453 12 14 0.04341724 
213 342 10 11 0.043244768 
58 274 10 12 0.043242864 
99 479 14 17 0.043163568 
786 270 8 11 0.043092698 
465 340 10 12 0.042899054 
141 228 8 10 0.04283318 
586 263 10 14 0.04267 
658 228 8 10 0.04246339 
98 306 10 13 0.042446353 
440 240 8 10 0.04237801 
567 288 10 13 0.042198043 
78 296 9 12 0.042187452 
271 415 11 14 0.042163398 
161 361 12 15 0.04203545 
534 311 9 11 0.042032953 
808 475 10 14 0.042009745 
345 289 8 11 0.042009167 
671 216 8 10 0.04194792 
823 408 9 11 0.041935656 
761 311 9 12 0.041919876 
344 311 9 11 0.041766115 
967 373 10 12 0.041705195 
30 284 12 14 0.041526433 
845 497 14 16 0.041508332 
623 231 8 10 0.04146142 
766 289 9 10 0.041435182 
115 350 12 15 0.04138136 
649 458 11 14 0.04133591 
530 373 13 16 0.041328665 
304 425 11 13 0.041273933 
753 321 8 11 0.041253548 
37 383 10 12 0.04124332 
835 252 9 11 0.04121785 
606 265 18 23 0.041155692 
535 256 8 10 0.04101812 
493 322 9 12 0.04083997 
544 329 11 15 0.04080415 
533 288 11 13 0.040726695 
310 344 10 11 0.04072362 
960 301 9 11 0.04066995 
727 343 9 12 0.040470704 
945 311 10 12 0.040468317 
384 266 9 10 0.040440146 
917 420 13 17 0.040371038 
519 274 10 12 0.040276684 
25 393 11 14 0.040246505 
479 334 10 12 0.04010024 
399 240 8 10 0.039920308 
191 266 8 9 0.039798394 
702 297 9 12 0.039766535 
229 412 10 12 0.039702076 
582 239 9 11 0.03962687 
75 325 11 15 0.03958293 
505 234 8 10 0.03955864 
192 241 9 10 0.039557733 
882 445 11 14 0.03945515 
609 231 8 10 0.039437696 
176 321 9 12 0.039389223 
367 342 12 15 0.039250802 
274 392 10 13 0.039226446 
327 414 10 12 0.039096024 
555 222 7 8 0.03904788 
471 232 8 9 0.038969696 
798 263 9 10 0.038864344 
901 268 8 11 0.038855165 
296 241 7 9 0.038819272 
206 308 8 11 0.038798586 
855 408 10 12 0.038760614 
248 227 8 10 0.038461115 
873 415 11 14 0.038417898 
786 264 6 9 0.038307015 
697 251 10 12 0.038284615 
1015 238 8 12 0.038223732 
438 492 13 15 0.038129225 
671 366 10 13 0.038108975 
419 486 11 13 0.038082 
926 416 14 17 0.038068186 
848 319 9 12 0.038040765 
143 262 9 11 0.037916977 
645 231 9 11 0.03789731 
592 235 16 22 0.037850812 
645 255 11 13 0.03773275 
685 239 9 11 0.03765412 
914 254 8 9 0.037606116 
840 240 7 9 0.03759119 
552 371 11 14 0.03759067 
454 364 9 13 0.037551843 
201 390 12 15 0.03750973 
728 403 9 13 0.03750434 
375 264 8 9 0.03737441 
883 333 10 12 0.037331212 
478 310 9 11 0.037227128 
660 457 12 15 0.03715817 
765 275 9 11 0.03710898 
232 407 10 12 0.03702477 
805 408 10 11 0.036897488 
713 343 11 14 0.03687613 
339 325 11 13 0.03681639 
439 286 9 11 0.036814228 
240 321 10 12 0.03677391 
647 470 13 15 0.036603373 
679 366 9 12 0.036566168 
928 224 7 9 0.036481116 
233 310 8 10 0.036452055 
943 270 8 11 0.036317717 
742 346 10 11 0.036118176 
673 466 13 16 0.036028817 
154 228 7 9 0.035900936 
592 463 10 13 0.0358496 
956 285 10 13 0.03581724 
962 422 12 15 0.035787135 
784 409 10 12 0.03576708 
796 441 12 14 0.035756133 
107 283 10 13 0.03570018 
169 326 10 12 0.035644524 
739 224 7 9 0.035541147 
60 416 10 13 0.03548573 
975 341 12 15 0.035484537 
472 283 16 22 0.035461694 
557 243 9 12 0.035443902 
699 319 10 12 0.035417825 
948 343 10 11 0.035348356 
858 446 11 15 0.03531666 
223 265 8 10 0.035310414 
247 289 8 9 0.035215866 
583 255 9 11 0.0351874 
956 295 9 11 0.035136417 
238 270 8 11 0.035118375 
136 266 8 11 0.035075124 
303 311 9 11 0.035053436 
173 455 11 14 0.03501289 
205 362 10 12 0.03498945 
824 267 17 23 0.034974724 
40 472 9 12 0.03495395 
175 352 10 12 0.034921855 
176 219 7 9 0.034896865 
763 448 11 14 0.03479423 
396 439 13 15 0.034722093 
246 383 10 12 0.034685854 
97 297 10 12 0.03460939 
72 253 8 11 0.034455832 
161 388 12 16 0.034423146 
592 217 8 9 0.034295794 
384 342 11 14 0.034192108 
493 217 7 8 0.03415946 
352 251 8 11 0.03413786 
743 363 10 12 0.034012504 
879 240 9 10 0.034010984 
596 467 11 15 0.03397816 
935 208 8 9 0.033973593 
917 255 9 10 0.033942357 
745 332 8 11 0.033750307 
374 241 8 9 0.033679347 
912 288 9 10 0.03363929 
365 311 10 12 0.033611592 
349 434 13 16 0.033555932 
502 256 8 10 0.033483174 
469 384 13 16 0.033427913 
326 265 9 10 0.033389505 
430 265 9 10 0.033320587 
897 237 9 11 0.0332723 
295 288 8 10 0.033247408 
264 287 8 10 0.033178836 
850 229 8 10 0.033151567 
686 367 9 12 0.033119757 
582 401 12 14 0.03310215 
557 397 10 14 0.033093013 
149 492 15 17 0.03306731 
43 391 11 15 0.03304289 
752 367 9 12 0.03301874 
356 222 7 8 0.032982513 
308 464 13 16 0.03290873 
408 265 8 9 0.03290156 
174 406 10 13 0.03284849 
972 293 11 14 0.03274061 
757 344 20 24 0.032678787 
72 296 11 15 0.032643564 
105 357 10 14 0.032630563 
519 255 8 10 0.03262095 
406 309 9 11 0.03258076 
414 311 9 11 0.032572318 
519 289 9 11 0.032571834 
914 265 8 9 0.032547075 
85 352 11 13 0.03253232 
83 393 11 15 0.03249848 
270 343 9 11 0.03237903 
737 265 8 10 0.03237251 
720 297 9 12 0.032358263 
681 215 9 11 0.03234955 
783 317 10 13 0.03234586 
553 233 8 11 0.032333873 
248 275 9 10 0.032330897 
673 209 7 8 0.03226876 
749 349 9 12 0.032212317 
576 406 9 12 0.032082416 
279 288 9 11 0.03208049 
136 353 10 12 0.03207858 
414 240 8 10 0.03205839 
529 310 9 11 0.032020558 
34 326 11 15 0.032006674 
596 307 12 14 0.03195434 
791 345 10 12 0.031847753 
38 430 9 11 0.031829208 
668 321 17 23 0.031802505 
40 351 10 12 0.031794216 
221 251 9 11 0.03172047 
771 387 10 14 0.031648125 
640 395 10 13 0.03163594 
785 309 9 12 0.03162914 
671 288 9 11 0.031620815 
653 328 12 16 0.031596858 
736 230 8 9 0.031577874 
469 264 8 11 0.031457327 
821 416 18 22 0.031415787 
519 247 8 9 0.03140398 
125 283 9 12 0.031400353 
557 318 10 12 0.03138153 
545 319 11 14 0.03130269 
972 299 11 13 0.031293873 
439 404 11 14 0.031289585 
936 292 10 13 0.031265736 
108 301 9 13 0.031243378 
745 380 11 14 0.031228336 
13 398 9 12 0.031223394 
269 444 9 12 0.03122319 
309 275 9 12 0.03120183 
943 335 9 10 0.031191316 
801 225 7 9 0.031174717 
24 285 12 14 0.031123796 
334 328 12 14 0.031064166 
46 467 11 14 0.03105328 
238 458 10 13 0.031023057 
68 271 9 11 0.030966256 
208 217 17 25 0.030937653 
335 262 8 10 0.030858258 
360 289 17 23 0.030757748 
143 493 13 15 0.030707791 
586 263 19 23 0.030694287 
153 274 9 11 0.030691655 
617 253 10 12 0.030605229 
271 456 9 11 0.030543583 
831 241 8 8 0.030489612 
166 353 10 13 0.030433634 
293 342 9 12 0.030431306 
233 -3 412 472 0.030412892 
696 240 8 10 0.03040538 
109 454 11 15 0.03034421 
5 375 12 14 0.030321471 
713 373 9 12 0.030295677 
512 255 8 10 0.030279996 
253 223 7 9 0.030205121 
167 331 11 13 0.030176684 
927 286 9 11 0.030176187 
238 309 8 10 0.030139145 
445 474 13 15 0.030116409 
702 375 9 11 0.030112334 
559 326 10 12 0.030052867 
702 403 11 14 0.030010642 
5 365 11 13 0.029985758 
593 230 7 8 0.029896481 
774 223 7 9 0.029893026 
308 295 8 11 0.029892458 
406 373 12 14 0.029860754 
640 234 16 22 0.029860549 
822 242 9 10 0.029845769 
662 234 17 23 0.029804721 
287 291 16 22 0.029730737 
821 320 11 13 0.029722262 
145 383 11 14 0.029721214 
339 222 8 10 0.029678926 
402 292 8 11 0.029625762 
926 230 8 10 0.029625315 
517 258 18 24 0.029552415 
119 338 12 14 0.029473009 
641 262 9 13 0.029456768 
333 241 9 11 0.02943412 
687 407 10 13 0.029427284 
490 243 9 12 0.029417051 
120 321 17 22 0.029345531 
306 275 8 10 0.029339235 
708 437 13 15 0.029314902 
136 417 11 14 0.029311048 
423 266 17 22 0.029296756 
375 289 9 10 0.029294763 
22 438 9 12 0.029284883 
308 375 10 13 0.029278819 
190 318 9 11 0.029271914 
264 365 9 10 0.029268006 
344 265 16 23 0.029238116 
425 265 8 10 0.029231483 
155 330 11 15 0.029217916 
615 262 10 12 0.029170517 
701 223 7 10 0.029165909 
762 289 18 24 0.029156331 
973 285 11 12 0.029020892 
725 439 11 14 0.028975537 
936 336 8 10 0.028931182 
839 291 17 22 0.028924495 
490 356 11 14 0.02885788 
240 328 11 14 0.028856056 
409 300 9 11 0.028844245 
409 319 18 22 0.02883443 
746 375 11 13 0.028830243 
875 327 18 23 0.028792175 
802 350 11 14 0.02872845 
773 345 11 13 0.028713552 
816 419 10 13 0.028695032 
566 322 10 11 0.02868811 
358 264 8 9 0.02864176 
830 440 12 17 0.028609293 
657 216 8 11 0.02857953 
873 249 8 11 0.028575934 
339 318 11 13 0.028574107 
230 378 10 11 0.028556291 
794 241 8 10 0.028541744 
70 423 10 13 0.028535305 
184 294 9 12 0.028533485 
469 342 9 12 0.02853308 
841 231 7 9 0.028521508 
37 298 12 15 0.028477024 
911 249 8 9 0.028456116 
727 320 17 24 0.028422982 
509 286 10 12 0.028381197 
717 298 17 22 0.0283635 
231 289 9 10 0.028330674 
775 301 9 11 0.028304696 
132 266 18 22 0.028194243 
149 273 18 23 0.028167864 
279 415 12 15 0.028157307 
773 320 9 11 0.028152244 
693 287 10 11 0.028149212 
509 220 7 10 0.028142944 
606 287 11 13 0.02814074 
803 426 12 13 0.02811947 
142 337 12 15 0.028098986 
802 276 9 11 0.028085943 
822 375 10 12 0.028067306 
678 310 10 12 0.028050981 
817 241 8 9 0.028022945 
69 319 10 13 0.028007952 
377 246 7 10 0.027958324 
710 214 8 10 0.027946895 
806 230 8 10 0.027909227 
98 328 12 16 0.02789079 
938 413 12 15 0.027855434 
300 444 11 14 0.02785318 
517 309 11 13 0.027812313 
280 264 8 10 0.027664836 
543 382 11 14 0.027642233 
923 453 12 16 0.027630458 
662 279 9 12 0.02762665 
382 311 10 12 0.027616164 
886 439 11 14 0.027594749 
89 479 10 14 0.027588405 
855 438 12 14 0.027582271 
755 372 11 15 0.02756497 
729 208 7 9 0.027525624 
743 317 8 11 0.027492534 
239 289 8 9 0.02747264 
723 306 10 14 0.027462382 
448 239 9 11 0.027453136 
548 383 13 16 0.027415685 
816 373 10 13 0.027312132 
101 362 11 14 0.027311716 
308 442 12 15 0.027304718 
254 318 9 12 0.02728956 
104 378 19 21 0.027273592 
62 468 10 12 0.02720016 
255 364 9 11 0.027195213 
287 264 8 10 0.02716408 
294 264 8 10 0.027155 
529 243 9 11 0.027142122 
434 294 11 13 0.027119733 
304 265 9 10 0.027088221 
710 407 10 12 0.027072717 
567 453 10 15 0.027058806 
286 408 10 12 0.027040396 
943 427 10 14 0.027025485 
373 316 18 22 0.027012698 
158 372 12 14 0.027010327 
694 295 11 13 0.026996402 
885 401 11 14 0.026992561 
289 240 7 9 0.02698958 
645 265 18 22 0.026971566 
273 404 11 13 0.026948577 
592 288 9 11 0.026929867 
292 412 11 13 0.026897665 
675 239 19 23 0.026887989 
672 259 18 22 0.026884008 
345 256 7 9 0.02682915 
487 257 8 9 0.026828844 
900 421 10 14 0.026825452 
454 406 11 14 0.026817929 
944 300 11 13 0.026802817 
452 342 10 13 0.026782086 
862 261 8 11 0.026773466 
694 407 11 13 0.026761949 
784 287 8 10 0.026698746 
494 222 7 9 0.026678002 
231 342 9 12 0.026488842 
536 259 17 23 0.026486691 
253 408 10 11 0.026483078 
713 448 13 17 0.026458958 
156 414 11 14 0.026426027 
739 346 19 22 0.0263855 
269 289 17 23 0.026382763 
789 407 10 12 0.026377173 
343 289 17 23 0.026376378 
470 302 10 12 0.026358778 
514 268 8 11 0.02634092 
557 255 9 10 0.026318032 
439 386 11 14 0.026298556 
280 342 9 11 0.02628637 
278 375 9 11 0.026252178 
424 309 10 12 0.02621772 
735 344 9 11 0.026206788 
288 341 9 11 0.026190687 
817 251 9 11 0.026174262 
604 292 12 14 0.026156645 
168 319 9 11 0.026103407 
384 383 10 13 0.026078904 
852 376 13 15 0.026077824 
713 230 8 10 0.02607733 
304 363 10 13 0.02605896 
343 367 11 13 0.026026709 
856 296 10 12 0.026024789 
481 233 8 10 0.026014473 
612 274 10 13 0.025975801 
886 491 12 14 0.025873998 
718 395 9 12 0.025859185 
936 255 8 9 0.025773354 
1001 223 9 11 0.025769787 
193 404 12 14 0.025766056 
614 287 10 12 0.025753042 
589 320 11 14 0.025731064 
224 446 12 14 0.025705412 
198 383 11 13 0.025702221 
191 358 8 12 0.025638834 
816 230 8 9 0.025620788 
424 289 8 10 0.025579082 
471 241 17 23 0.025565261 
359 313 9 10 0.025512734 
513 290 16 21 0.025478655 
885 246 8 10 0.025467489 
622 439 9 12 0.025395693 
465 310 9 11 0.025390299 
857 259 9 12 0.025385315 
79 315 11 14 0.025379473 
837 242 17 23 0.025375916 
391 314 17 22 0.025354868 
573 288 10 13 0.025351409 
273 240 8 10 0.02534338 
688 222 8 10 0.025309224 
752 444 10 13 0.025298072 
846 248 8 11 0.025245657 
54 465 11 13 0.025213439 
199 376 8 10 0.025168346 
599 399 9 12 0.025151474 
843 272 19 24 0.025151249 
145 320 9 11 0.025143815 
545 238 8 10 0.025066203 
246 404 9 12 0.02504272 
912 232 8 10 0.025038457 
71 447 14 17 0.025015157 
160 263 8 11 0.02498066 
232 226 8 11 0.024945915 
957 327 10 11 0.024905363 
503 384 12 15 0.024893379 
741 240 8 10 0.024875479 
159 351 11 14 0.024868667 
106 483 13 16 0.024842096 
624 328 12 15 0.024839787 
32 484 9 11 0.024839446 
800 408 9 11 0.024834076 
862 411 10 13 0.02480576 
396 217 7 10 0.024804283 
576 356 10 13 0.024781846 
293 440 11 13 0.024775714 
268 266 18 23 0.024769666 
566 403 12 14 0.02476622 
873 327 10 12 0.024748884 
488 304 9 11 0.024718452 
278 241 8 10 0.02469251 
830 317 9 12 0.02468754 
936 247 8 10 0.0246758 
371 427 13 15 0.024673976 
779 395 11 13 0.02466661 
545 294 11 14 0.024652964 
411 221 7 9 0.024649333 
628 420 10 14 0.024647087 
6 333 11 16 0.024642821 
52 328 19 21 0.0246377 
232 241 8 10 0.02463204 
142 276 9 12 0.024602797 
479 340 11 14 0.024601458 
168 266 17 22 0.024591368 
611 378 12 14 0.024578722 
167 241 8 9 0.02455499 
853 242 19 23 0.024551613 
583 382 12 14 0.02449002 
148 356 11 15 0.024482662 
391 313 9 10 0.024480697 
804 452 10 14 0.024463559 
438 363 11 14 0.024461465 
120 321 10 11 0.024456998 
540 466 13 15 0.024448002 
878 337 10 14 0.024436733 
853 321 9 11 0.024430115 
196 455 9 13 0.024422472 
689 263 9 11 0.024413282 
374 328 13 14 0.02439001 
503 280 10 12 0.02434603 
868 272 10 12 0.024331233 
1002 229 9 12 0.024330867 
447 312 10 12 0.024324322 
457 233 8 9 0.024316775 
354 354 11 14 0.024300728 
523 398 13 16 0.024271239 
382 333 11 13 0.024267035 
928 261 9 10 0.024258189 
872 258 9 12 0.024258133 
563 259 17 22 0.024253761 
816 240 18 23 0.024253698 
874 225 8 10 0.024218166 
46 350 11 14 0.024206698 
253 247 8 10 0.024172027 
973 308 10 11 0.024156181 
716 332 10 12 0.024129985 
389 458 13 15 0.024070438 
594 290 16 22 0.024055328 
919 448 10 13 0.024053194 
659 244 8 11 0.024037505 
911 487 10 12 0.024020374 
934 342 9 12 0.02401363 
191 227 9 10 0.023959992 
621 306 12 14 0.02395344 
552 255 9 11 0.023941614 
974 278 12 14 0.023933014 
794 346 18 22 0.023930728 
378 298 9 12 0.023904633 
321 266 16 22 0.023901213 
740 459 10 13 0.023893446 
750 406 10 12 0.02388785 
679 372 9 12 0.023873515 
175 265 8 10 0.023832612 
519 323 10 12 0.02381866 
240 420 10 13 0.023799159 
570 235 17 22 0.023797533 
181 353 10 12 0.023794213 
516 484 12 13 0.02377362 
312 241 8 10 0.023765886 
496 451 12 14 0.023757061 
703 436 12 15 0.02371967 
713 344 18 21 0.023715831 
214 296 17 23 0.02370581 
597 316 11 13 0.023626031 
282 218 7 10 0.023618959 
592 254 10 11 0.023606032 
813 271 9 11 0.023593483 
207 436 10 13 0.023587843 
383 459 12 15 0.023586916 
540 275 11 13 0.023582302 
608 209 8 9 0.023572996 
172 217 18 24 0.023569383 
933 451 11 15 0.023566056 
501 350 10 14 0.02356276 
499 267 9 11 0.02352751 
773 295 8 11 0.023521507 
214 288 8 10 0.023493957 
262 344 9 11 0.023451941 
935 225 7 9 0.023425255 
353 329 11 14 0.023416929 
399 263 8 10 0.023412302 
186 266 18 23 0.023408115 
423 237 8 10 0.023406075 
328 446 12 15 0.023368608 
115 422 13 17 0.023358775 
822 393 12 15 0.02334816 
481 259 16 21 0.023333998 
31 342 10 13 0.023328936 
413 264 8 10 0.02328636 
118 263 9 11 0.023284921 
505 330 10 13 0.023284191 
799 289 18 22 0.023278514 
881 492 10 11 0.023278145 
903 215 8 9 0.02327405 
671 300 9 13 0.02325006 
888 230 7 9 0.023238035 
190 325 9 13 0.023220593 
240 253 8 10 0.02321711 
760 230 9 10 0.023211267 
624 259 18 23 0.023205299 
193 309 9 11 0.023186965 
192 376 9 10 0.023168 
406 266 17 22 0.023158357 
712 366 10 13 0.023155201 
275 270 10 12 0.023114784 
649 320 10 13 0.023105273 
277 318 10 12 0.023054354 
66 387 10 14 0.023026073 
917 263 9 11 0.023005892 
555 352 13 16 0.023004822 
826 355 11 13 0.023002407 
760 289 8 10 0.02300114 
735 288 16 23 0.022972101 
397 389 12 15 0.022957284 
11 405 10 12 0.022899024 
441 381 11 14 0.02287196 
822 470 10 13 0.022827793 
687 254 9 11 0.022777595 
630 287 10 12 0.022739694 
816 405 9 12 0.022734584 
894 448 18 23 0.02272862 
299 229 9 10 0.02271929 
653 285 11 12 0.022718271 
288 335 10 12 0.022716139 
733 331 9 12 0.022696668 
502 210 18 24 0.022693802 
631 208 8 10 0.022682393 
766 343 9 11 0.022675166 
897 225 8 9 0.022674434 
482 483 12 17 0.02267081 
751 439 10 12 0.02265254 
371 477 13 18 0.02264588 
320 287 16 23 0.02263493 
390 252 8 10 0.0225529 
61 484 11 14 0.022551073 
344 240 8 10 0.022503192 
228 426 10 13 0.022501491 
198 271 9 11 0.02249543 
327 461 12 17 0.022465749 
557 286 12 14 0.022455744 
910 450 20 25 0.022453029 
820 361 13 16 0.022432232 
713 246 8 10 0.022377769 
631 232 8 9 0.022367738 
408 232 7 8 0.022361139 
638 469 11 15 0.022323865 
957 251 11 15 0.022321112 
594 215 19 24 0.022303179 
751 322 16 22 0.022289356 
207 294 8 11 0.022278497 
487 350 10 13 0.022277419 
463 245 8 10 0.022261826 
430 290 10 11 0.02226151 
307 251 9 11 0.022253646 
808 254 7 10 0.022251934 
532 387 12 14 0.022233205 
901 224 9 10 0.022211293 
583 231 8 9 0.022205561 
208 265 17 23 0.022188626 
653 263 9 12 0.022185955 
727 287 9 11 0.022159293 
388 402 12 15 0.022158058 
598 254 9 12 0.022120146 
701 348 9 13 0.02211713 
753 302 8 11 0.022113297 
581 439 12 14 0.022093628 
815 319 11 13 0.022087757 
588 367 10 12 0.02208082 
96 263 9 11 0.022072082 
499 258 18 23 0.02207009 
675 413 12 16 0.02206074 
332 343 11 13 0.022042695 
638 405 10 13 0.022038573 
895 393 11 15 0.022034504 
487 313 17 22 0.02202872 
298 386 11 14 0.022016529 
458 270 8 10 0.022015223 
328 380 12 15 0.02201174 
943 265 8 10 0.022006812 
440 348 10 13 0.02200139 
655 208 7 9 0.022000983 
261 396 11 13 0.021950314 
320 473 12 16 0.021908185 
184 288 8 10 0.021904364 
730 239 19 23 0.021899559 
317 413 10 13 0.021876093 
449 288 17 22 0.021868126 
600 343 11 13 0.021844042 
352 232 8 8 0.021823075 
742 425 10 13 0.021814965 
288 241 17 23 0.021814115 
735 215 8 9 0.02181219 
100 275 18 22 0.0217874 
149 261 10 12 0.021771561 
235 252 8 10 0.021766268 
608 315 18 23 0.021756861 
799 415 18 22 0.021756815 
218 351 18 23 0.021744192 
511 243 9 11 0.021727616 
696 240 18 23 0.02171044 
700 342 11 13 0.021694351 
816 224 8 10 0.021692684 
974 216 9 10 0.021689437 
776 285 9 10 0.021677984 
740 299 10 12 0.021664603 
376 312 9 11 0.021656405 
926 278 8 11 0.021638839 
751 421 9 13 0.02162689 
847 239 8 9 0.021624373 
754 454 10 12 0.021619862 
968 368 9 12 0.021611135 
297 427 9 12 0.021592036 
303 452 20 22 0.02153656 
860 294 18 23 0.021530708 
560 274 11 14 0.021510934 
639 288 11 14 0.021503288 
74 14 394 467 0.021481473 
857 355 10 13 0.021460319 
751 309 8 12 0.02140773 
799 252 9 11 0.021403877 
689 320 10 13 0.021402877 
478 474 13 16 0.02136084 
643 268 9 13 0.02135533 
87 264 8 11 0.021346059 
516 387 12 15 0.021342937 
150 234 17 23 0.021306114 
677 275 10 13 0.02129998 
52 455 12 15 0.021286292 
253 277 9 10 0.021279791 
237 352 19 24 0.021266835 
712 262 18 24 0.021259727 
200 276 8 11 0.021255368 
620 444 11 14 0.021211872 
511 279 9 11 0.0212087 
442 277 9 12 0.021196403 
783 288 17 23 0.02117 
638 368 11 15 0.021156393 
639 477 10 12 0.021149533 
1 339 10 14 0.021142019 
438 440 13 16 0.021141438 
264 440 10 12 0.021136742 
39 458 10 13 0.021113677 
454 233 17 24 0.021105638 
856 240 8 10 0.021105532 
245 216 19 25 0.021090062 
735 411 18 22 0.021084437 
249 310 8 11 0.021050137 
79 218 17 23 0.020985033 
743 311 9 11 0.020968216 
891 284 10 12 0.02096062 
550 232 18 23 0.020947555 
784 474 12 15 0.020944657 
526 277 9 11 0.020934567 
791 206 8 9 0.020928841 
217 241 8 10 0.020923927 
88 268 9 11 0.020916427 
152 218 18 23 0.02091047 
263 263 8 9 0.020877248 
822 344 11 13 0.020866014 
851 277 11 14 0.020836597 
760 264 17 22 0.020806821 
167 295 17 22 0.02078741 
495 286 9 11 0.020778898 
293 315 18 22 0.02076455 
550 261 10 12 0.020756233 
338 446 13 16 0.020736096 
54 382 9 13 0.020709578 
758 252 8 11 0.020688916 
831 263 9 11 0.020670723 
269 217 7 10 0.020668142 
886 274 18 22 0.020650474 
178 362 10 12 0.020645015 
551 278 9 11 0.020633662 
303 439 11 14 0.020627128 
164 373 11 12 0.02060075 
689 354 11 13 0.020595586 
606 254 10 12 0.02059021 
255 376 17 23 0.020571716 
440 263 18 22 0.02054237 
512 309 9 12 0.020540226 
928 292 9 12 0.020538652 
798 310 10 11 0.020536063 
952 288 10 12 0.020535067 
806 285 9 13 0.020525929 
114 240 9 11 0.020525154 
237 438 11 14 0.020488018 
752 287 8 11 0.020474134 
204 245 9 12 0.020466162 
350 264 8 10 0.020344568 
510 371 12 13 0.020335078 
975 222 8 10 0.020329816 
687 287 9 11 0.020324651 
85 244 9 11 0.02031718 
791 375 9 12 0.020309888 
829 284 10 12 0.02024436 
158 271 9 11 0.020242346 
727 263 8 10 0.02024105 
143 463 14 17 0.020230236 
461 373 12 14 0.020195428 
150 297 17 22 0.020185374 
527 232 18 25 0.020136671 
682 296 17 22 0.020124232 
409 240 8 10 0.020121533 
710 294 9 12 0.020098427 
589 403 10 13 0.02009657 
847 217 18 24 0.020088887 
449 256 8 9 0.020088855 
647 330 12 15 0.020087825 
250 290 17 23 0.020071408 
332 216 19 24 0.020055996 
303 347 17 22 0.020030363 
425 324 10 13 0.020004515 
