12_Group_Team_Organized_Group_12_Group_Team_Organized_Group_12_707
308
387 270 32 42 0.999749 
490 281 35 44 0.99914336 
280 257 34 45 0.9988771 
298 160 33 43 0.99886835 
604 140 32 40 0.99871445 
600 273 40 49 0.9986389 
210 154 34 45 0.99863416 
179 271 40 48 0.99860877 
720 299 36 47 0.9985275 
501 137 34 43 0.9971813 
389 163 34 42 0.9949654 
684 148 36 47 0.9882981 
795 123 37 48 0.9857749 
527 32 11 13 0.3469063 
485 46 8 11 0.21310905 
466 30 6 9 0.19572283 
29 196 13 17 0.19453996 
38 143 9 10 0.19090968 
628 107 16 23 0.18882434 
49 110 8 10 0.18268692 
0 118 8 12 0.18195175 
255 103 8 11 0.16735627 
410 54 7 10 0.1545556 
511 24 8 11 0.15086505 
656 87 10 13 0.14841901 
470 30 8 10 0.13960579 
540 85 10 13 0.13679047 
136 88 7 9 0.13228035 
120 162 8 11 0.124598324 
292 119 9 11 0.122947 
300 131 12 14 0.12233439 
549 136 13 19 0.113728404 
237 104 8 10 0.11135138 
624 78 9 13 0.11091671 
53 189 9 13 0.10320755 
9 135 8 11 0.10114074 
532 31 10 12 0.097106576 
525 51 9 13 0.08871118 
458 57 8 11 0.0857697 
506 24 8 10 0.08301941 
697 85 11 14 0.082307845 
784 39 9 11 0.081123725 
39 147 8 12 0.07969205 
367 23 7 10 0.07930819 
237 108 9 12 0.07906173 
726 80 8 11 0.07789439 
71 78 8 9 0.07766845 
413 55 8 11 0.07393105 
621 82 13 17 0.07174208 
25 135 8 10 0.06706643 
521 53 9 11 0.066281885 
23 109 7 9 0.06509546 
57 126 7 9 0.06452603 
486 54 8 10 0.0638455 
497 56 8 11 0.06039087 
463 86 7 10 0.060116716 
612 104 23 29 0.060111374 
87 158 6 9 0.0595795 
486 39 10 13 0.058056608 
71 151 9 11 0.05613126 
233 106 9 13 0.055816356 
47 199 10 13 0.055532444 
80 71 7 9 0.055524528 
119 120 7 9 0.054440785 
352 54 8 9 0.054309174 
35 197 13 16 0.053576328 
446 47 7 10 0.053325556 
34 142 8 10 0.05300181 
568 40 8 10 0.05291353 
111 148 8 10 0.05260589 
633 48 8 11 0.051535796 
65 152 7 10 0.051469013 
618 111 25 30 0.051368974 
50 105 8 10 0.049333632 
550 75 10 12 0.048583187 
615 85 12 15 0.048564784 
24 104 7 9 0.048534457 
401 24 7 10 0.048126176 
329 47 8 11 0.048000727 
642 171 16 19 0.04777231 
201 126 8 10 0.04723825 
465 25 7 10 0.047205556 
295 103 7 9 0.046157606 
26 128 7 9 0.045984592 
659 91 10 13 0.045659136 
102 151 8 10 0.04564457 
382 26 8 9 0.04497657 
101 134 9 11 0.044862773 
86 65 7 9 0.04442958 
287 88 6 8 0.043596413 
142 113 8 9 0.04336277 
17 109 7 9 0.04307595 
190 157 9 13 0.042941537 
78 151 7 10 0.042903066 
553 47 9 11 0.04262635 
406 23 7 10 0.042542387 
478 23 8 9 0.042169183 
638 48 9 11 0.041344684 
439 16 6 9 0.04127636 
516 23 9 11 0.040858645 
87 70 7 9 0.040640198 
456 23 7 9 0.04043709 
697 80 9 12 0.04040663 
13 136 8 10 0.04040306 
635 138 14 19 0.03992112 
14 142 9 11 0.039632253 
606 106 15 20 0.039323315 
41 119 7 9 0.03930189 
606 8 9 10 0.03912377 
98 134 7 10 0.039081737 
31 135 8 10 0.038968585 
22 141 9 11 0.03845025 
721 79 9 13 0.038438246 
456 40 7 9 0.0383448 
65 72 7 10 0.03805489 
522 36 9 12 0.037988327 
617 23 7 10 0.037880685 
512 80 8 10 0.037825275 
737 38 8 10 0.03749114 
495 40 8 11 0.03726749 
711 108 12 14 0.03716373 
471 39 8 10 0.03710697 
611 127 30 38 0.03665446 
471 24 9 11 0.03658455 
175 124 8 10 0.036580805 
119 123 9 11 0.036500927 
71 157 8 11 0.036383517 
288 122 8 12 0.03590986 
30 127 7 10 0.035801075 
519 30 10 13 0.035751984 
407 29 8 10 0.035646584 
742 37 9 10 0.035350267 
57 121 7 9 0.03520023 
113 55 7 9 0.034803115 
42 112 7 9 0.03459378 
648 85 11 15 0.03446102 
504 80 8 9 0.034150373 
0 111 8 13 0.03323332 
186 134 9 10 0.033197105 
742 32 8 10 0.03283192 
481 40 9 11 0.03279457 
480 17 7 9 0.032626025 
62 121 8 9 0.032600783 
362 24 7 9 0.032565642 
413 131 11 13 0.031688835 
548 303 17 23 0.03161223 
542 79 11 14 0.031507805 
367 16 7 10 0.03119542 
999 72 7 10 0.031084808 
290 105 8 9 0.030887425 
282 87 7 8 0.030816438 
111 85 7 9 0.030752474 
617 88 16 18 0.030706683 
88 110 8 10 0.030344091 
224 56 8 9 0.030168178 
472 45 8 10 0.030086406 
137 33 8 9 0.030014329 
67 77 7 10 0.029989626 
581 16 9 11 0.029962381 
549 129 12 16 0.029821686 
594 20 9 10 0.02951068 
551 161 14 18 0.029477175 
82 64 8 10 0.029400464 
96 71 7 9 0.029076591 
80 110 8 10 0.028965887 
226 109 8 11 0.028962411 
23 61 8 10 0.028922478 
367 88 8 10 0.028718255 
9 139 11 14 0.028664166 
85 152 7 10 0.028639894 
501 60 9 11 0.028604845 
114 161 8 10 0.028251309 
514 84 8 10 0.028239895 
718 38 8 11 0.028120626 
478 30 7 9 0.028092867 
49 96 7 9 0.028073994 
614 78 10 13 0.027746571 
136 92 7 10 0.027600536 
497 80 7 9 0.027578976 
358 49 8 10 0.027387049 
487 61 8 11 0.027335316 
487 22 8 9 0.027196305 
671 79 9 10 0.027094033 
71 165 8 9 0.026977558 
402 28 7 11 0.026899176 
250 103 8 11 0.026867721 
376 24 8 10 0.02685132 
101 159 8 10 0.026849667 
560 40 8 11 0.026739221 
247 62 7 9 0.026679933 
558 45 8 11 0.026628107 
295 125 11 15 0.02661854 
590 115 11 16 0.026512712 
96 129 7 8 0.02646207 
104 85 8 9 0.026402643 
57 156 8 11 0.026398603 
31 55 7 10 0.026232367 
312 134 10 12 0.02618949 
512 37 8 11 0.026109304 
6 54 8 10 0.026096959 
362 88 8 11 0.02609548 
38 137 9 11 0.026038665 
407 0 8 9 0.026023574 
281 127 8 10 0.025977606 
168 196 10 12 0.025950031 
119 86 6 8 0.0258585 
502 40 9 11 0.025846096 
111 80 7 10 0.025467169 
3 166 12 14 0.025397902 
497 110 8 9 0.02532795 
89 128 7 9 0.02518223 
145 218 402 422 0.02518114 
487 16 7 9 0.025164064 
256 98 7 9 0.025127344 
383 448 18 20 0.025125077 
752 71 8 10 0.02485327 
738 32 8 10 0.02471796 
96 79 8 11 0.024593724 
210 77 8 10 0.02443051 
399 65 8 9 0.024378655 
48 49 7 9 0.024235526 
266 117 7 9 0.02423468 
47 54 7 8 0.024233572 
543 23 8 10 0.02419126 
52 194 11 16 0.02418355 
95 109 8 10 0.024100607 
645 89 11 14 0.024054248 
399 48 7 9 0.024051448 
72 144 8 9 0.02403545 
993 78 9 11 0.02403339 
392 41 7 8 0.023904705 
119 81 7 9 0.0238479 
104 80 8 10 0.023809899 
47 117 8 10 0.023764659 
433 16 7 9 0.023714785 
0 103 8 12 0.023702653 
997 78 9 12 0.023663547 
136 112 8 10 0.0235149 
866 301 10 14 0.023430362 
15 147 9 11 0.023419099 
302 137 12 14 0.02329533 
25 95 7 9 0.023261419 
312 118 9 10 0.023161799 
502 45 8 10 0.023115048 
486 128 9 11 0.023093829 
31 102 7 9 0.022900807 
270 29 8 10 0.02288505 
713 51 10 12 0.022852883 
601 7 9 10 0.022667624 
1 351 11 19 0.02265006 
238 87 7 9 0.022516191 
111 62 7 10 0.022447588 
665 45 9 12 0.022440273 
25 183 10 13 0.022384139 
142 32 7 10 0.02235751 
150 72 7 9 0.022345662 
575 70 7 10 0.022331184 
464 80 8 11 0.022272106 
458 30 7 9 0.022200627 
49 126 7 9 0.022158276 
442 54 7 10 0.022148121 
313 81 7 9 0.02214702 
599 15 8 11 0.022043452 
105 64 7 9 0.022041457 
345 22 7 9 0.022037376 
559 23 8 10 0.021997953 
263 97 8 9 0.021898745 
433 80 7 9 0.021806026 
656 63 7 10 0.021678511 
261 151 9 12 0.021629632 
394 24 7 10 0.021625059 
205 127 8 9 0.021612266 
487 31 8 10 0.021494424 
447 54 7 11 0.021490693 
191 128 8 10 0.021465879 
113 111 8 9 0.021455534 
454 108 8 10 0.021431249 
449 23 7 9 0.0213789 
670 63 8 11 0.02127158 
97 158 8 10 0.02126008 
282 120 8 10 0.021129668 
655 81 9 12 0.021119175 
392 8 8 9 0.021105284 
184 128 8 9 0.021052219 
247 76 8 11 0.020972189 
497 45 8 10 0.02094717 
266 29 8 11 0.020902721 
305 79 7 10 0.020897003 
520 61 8 10 0.02083982 
57 87 7 9 0.020665754 
619 99 17 22 0.020664547 
449 109 9 10 0.020653963 
241 39 8 9 0.020625683 
538 80 9 12 0.020595277 
103 166 8 9 0.020576417 
208 48 8 10 0.020539569 
151 159 7 10 0.020528136 
25 86 7 10 0.020499745 
88 79 8 9 0.020373996 
767 29 10 13 0.0203735 
536 24 8 10 0.020360392 
7 147 12 14 0.020265982 
30 189 21 29 0.02018954 
453 449 24 30 0.020183772 
56 94 8 10 0.02012516 
663 79 9 11 0.0201112 
72 86 8 10 0.020047331 
384 95 9 11 0.02002901 
