12_Group_Team_Organized_Group_12_Group_Team_Organized_Group_12_313
39
644 127 38 56 0.73513746 
360 527 21 28 0.14544742 
22 207 154 204 0.071148895 
728 162 24 36 0.06297699 
226 194 32 38 0.050967533 
301 674 43 48 0.04741299 
371 524 15 18 0.04548452 
89 103 8 11 0.043784335 
90 681 72 62 0.037132658 
135 101 10 11 0.035741538 
218 587 94 146 0.035212975 
119 375 51 62 0.03416947 
105 719 39 33 0.03289475 
73 633 100 122 0.029234407 
727 162 14 20 0.028664185 
48 109 9 11 0.027567113 
488 114 40 43 0.02678663 
988 213 14 16 0.026393691 
95 104 8 10 0.026010571 
366 516 27 32 0.025507214 
592 113 30 48 0.025063585 
939 182 53 48 0.024989268 
955 166 16 16 0.024166565 
54 110 8 10 0.02409127 
177 592 218 224 0.0239285 
719 171 23 32 0.023674563 
596 122 40 59 0.02353186 
288 263 34 38 0.022955537 
165 182 9 10 0.022717094 
-1 202 85 134 0.022209905 
215 107 15 17 0.02193225 
274 15 111 128 0.021683626 
308 682 20 23 0.021653494 
351 533 24 30 0.020840038 
167 78 11 12 0.020369371 
297 707 35 45 0.020162046 
111 86 9 10 0.020137474 
77 125 10 11 0.020084603 
948 192 15 19 0.020074658 
