12_Group_Large_Group_12_Group_Large_Group_12_228
78
483 397 17 21 0.9925363 
203 408 15 21 0.9915159 
698 415 17 21 0.99035174 
293 406 16 21 0.98981524 
429 414 16 21 0.9883837 
525 408 16 21 0.9878501 
827 406 17 22 0.9876439 
906 412 17 23 0.98665684 
249 410 15 20 0.98617744 
564 404 17 22 0.9855993 
781 410 18 23 0.9851816 
155 415 15 19 0.98424834 
653 417 18 24 0.9792956 
336 409 18 22 0.9788179 
869 420 18 21 0.9691975 
110 410 17 21 0.9335303 
742 406 19 24 0.9235996 
393 410 15 20 0.92304295 
605 411 18 22 0.9152891 
303 474 19 21 0.66378844 
242 466 21 25 0.44927922 
467 479 10 12 0.31204307 
196 462 23 26 0.2555034 
107 455 17 20 0.21789706 
339 470 22 26 0.18902814 
463 500 14 17 0.13919845 
156 465 20 24 0.11693775 
861 378 17 21 0.09341357 
516 501 11 13 0.09178426 
260 393 13 17 0.087491974 
377 445 27 33 0.06312893 
180 436 16 22 0.061291136 
727 514 10 13 0.060192764 
405 501 12 16 0.056989163 
920 142 12 15 0.05472038 
255 391 12 14 0.047508873 
671 379 14 18 0.04078866 
405 432 13 18 0.03481268 
144 403 12 15 0.034627225 
901 100 12 16 0.03440693 
167 394 11 15 0.033084262 
149 398 12 15 0.031212924 
109 423 17 19 0.029660603 
93 422 11 12 0.029347852 
878 70 9 10 0.029334677 
101 404 15 18 0.028604914 
157 476 17 21 0.028444622 
102 463 17 18 0.028188849 
885 141 12 14 0.028095745 
692 390 17 21 0.027955953 
104 411 16 18 0.0274015 
870 62 9 11 0.027059698 
546 408 15 19 0.026694821 
598 499 11 13 0.026178269 
914 455 15 19 0.025733693 
916 514 11 14 0.025675157 
893 386 15 19 0.025008464 
278 36 182 252 0.025001206 
835 369 15 19 0.024866862 
950 412 13 17 0.024768703 
78 421 8 11 0.024550086 
924 156 12 14 0.02431632 
293 398 15 20 0.024219032 
101 399 12 15 0.023974862 
873 14 10 11 0.02347764 
378 436 17 20 0.023227457 
195 450 17 18 0.023105027 
221 401 15 19 0.022227162 
181 375 10 12 0.022170382 
155 439 15 20 0.022119014 
874 70 9 10 0.021984428 
185 442 25 32 0.021972429 
465 493 14 17 0.021858638 
558 386 14 17 0.02078104 
885 61 11 13 0.02068206 
942 412 13 18 0.020574378 
403 416 13 19 0.020505907 
880 62 10 13 0.0203846 
