12_Group_Team_Organized_Group_12_Group_Team_Organized_Group_12_126
24
94 158 9 13 0.50843424 
782 396 50 58 0.15266117 
710 348 26 30 0.070373505 
692 390 102 113 0.06003284 
472 371 21 28 0.056954727 
560 345 51 67 0.052215256 
717 358 14 18 0.04996844 
664 340 107 101 0.04854573 
498 450 43 55 0.041836992 
470 382 17 22 0.039471634 
710 348 62 65 0.037635084 
986 408 7 11 0.03526093 
985 413 8 11 0.03202231 
802 417 40 41 0.028731871 
1006 536 7 9 0.027284333 
635 333 24 35 0.027060287 
535 328 83 108 0.026488906 
919 374 7 9 0.02382583 
760 383 56 64 0.022840852 
558 358 11 16 0.021623667 
13 446 8 10 0.021470467 
658 346 55 73 0.021165283 
365 276 10 14 0.020943318 
356 299 12 14 0.020091323 
