12_Group_Team_Organized_Group_12_Group_Team_Organized_Group_12_500
36
584 152 110 146 0.9998847 
223 162 102 124 0.99952614 
879 154 122 173 0.9992749 
943 71 88 122 0.9963648 
387 117 147 186 0.9899726 
914 103 112 183 0.55699575 
93 244 26 31 0.32065457 
724 223 36 48 0.1830313 
134 221 50 71 0.09698381 
366 0 27 25 0.08494992 
33 272 17 21 0.0798256 
124 243 32 51 0.060808875 
70 155 15 19 0.047366485 
162 205 52 76 0.044600688 
983 418 41 75 0.044061292 
51 255 14 20 0.041969385 
85 233 42 52 0.039558172 
731 114 15 21 0.037396457 
724 201 83 112 0.03732109 
103 233 44 58 0.036428254 
399 -4 56 57 0.035718784 
103 162 23 28 0.034737423 
751 175 95 133 0.031788237 
356 0 50 52 0.031135539 
83 250 27 31 0.030583734 
78 378 105 114 0.030569032 
113 188 83 117 0.030037126 
82 478 17 22 0.029473195 
106 206 18 21 0.027497262 
343 87 56 79 0.027026864 
704 228 55 73 0.026088707 
351 0 34 35 0.023590328 
29 272 26 35 0.02190986 
58 255 15 20 0.02124876 
327 40 82 117 0.021169689 
99 203 28 35 0.020444665 
