12_Group_Group_12_Group_Group_12_935
959
300 156 17 21 0.99253345 
461 530 24 29 0.9899254 
635 191 18 24 0.98964345 
570 220 17 23 0.9872802 
69 319 20 26 0.98594797 
21 605 20 27 0.9852739 
298 191 17 23 0.9846907 
500 65 19 23 0.98440176 
628 4 18 21 0.9827397 
561 423 19 23 0.9823056 
1003 88 17 23 0.9821885 
464 560 22 29 0.9819134 
941 375 21 27 0.9810854 
629 603 23 28 0.98052925 
364 1 19 22 0.98020226 
771 128 17 24 0.97968423 
398 381 20 27 0.97906655 
742 -1 17 20 0.97866255 
219 570 17 23 0.9785164 
443 407 18 26 0.97751665 
942 421 23 31 0.977372 
92 86 18 25 0.9767998 
903 560 20 26 0.9758429 
404 559 20 27 0.97552675 
356 278 17 24 0.9748341 
524 608 18 23 0.9747551 
222 159 16 22 0.97424906 
243 452 18 24 0.9737594 
697 595 22 29 0.9735778 
74 602 19 23 0.97324705 
523 391 18 24 0.9731621 
752 664 21 27 0.9728589 
821 92 19 26 0.97242516 
51 191 19 25 0.9724213 
870 461 20 26 0.9718189 
649 160 18 21 0.97177446 
653 312 21 25 0.9713188 
881 117 18 24 0.9711038 
648 562 21 26 0.97096133 
329 60 17 22 0.9707827 
391 58 20 28 0.9693701 
204 602 20 26 0.96866816 
18 562 19 26 0.9684231 
50 526 18 22 0.96790487 
894 635 21 27 0.96770555 
260 110 17 21 0.96760803 
441 59 18 24 0.9674791 
701 390 19 25 0.9658632 
614 493 20 27 0.96533036 
204 287 20 26 0.96488446 
279 386 20 25 0.9644863 
144 83 21 28 0.964477 
411 350 19 25 0.9638977 
261 411 21 27 0.96286863 
123 631 19 26 0.9621376 
800 230 18 22 0.96212244 
718 557 21 26 0.96210647 
222 525 21 26 0.961988 
83 573 19 23 0.9613602 
434 491 20 25 0.9609096 
773 322 17 21 0.9600566 
598 530 20 24 0.95937234 
514 185 19 24 0.9592893 
903 60 19 26 0.95886856 
112 534 19 25 0.9587899 
619 426 20 25 0.95877737 
532 527 20 26 0.95736575 
61 636 21 27 0.95620286 
134 278 20 27 0.9558297 
951 319 19 24 0.9557892 
576 393 19 24 0.9552302 
294 493 20 26 0.9549779 
363 119 19 24 0.9545278 
689 187 18 23 0.9533673 
556 287 19 24 0.9530669 
97 356 20 25 0.95202714 
917 500 23 29 0.95200604 
913 26 17 22 0.95192003 
173 663 22 27 0.9515765 
357 151 18 24 0.9514204 
251 632 20 25 0.95046014 
943 112 20 26 0.9490461 
1004 463 18 28 0.9486907 
912 532 19 24 0.9475154 
979 150 17 24 0.94743407 
685 452 21 25 0.9457444 
18 108 18 25 0.9456638 
616 255 18 20 0.94557 
226 347 20 25 0.94543976 
740 257 21 26 0.9447224 
114 315 19 24 0.94439375 
412 166 18 23 0.9438367 
764 421 19 26 0.9438117 
960 349 21 27 0.9433619 
304 286 19 24 0.9429843 
176 314 20 26 0.94280106 
759 379 22 25 0.9425218 
653 116 19 24 0.94201726 
553 258 20 23 0.9418433 
724 510 21 27 0.94177336 
677 489 22 27 0.9417093 
683 6 17 21 0.94110256 
469 159 20 26 0.94101524 
111 186 20 23 0.94075966 
705 286 19 25 0.9407475 
456 2 19 23 0.9404496 
544 320 19 24 0.9404381 
483 114 19 24 0.94028103 
477 322 16 20 0.93980813 
785 287 18 22 0.9396625 
923 243 20 26 0.9394384 
543 489 20 24 0.9379618 
846 529 20 26 0.9369269 
765 640 19 24 0.93674356 
235 320 18 23 0.9349717 
157 351 19 25 0.93496364 
960 565 21 26 0.9348209 
614 286 19 24 0.934443 
719 349 18 25 0.9328167 
216 63 17 22 0.93057656 
564 461 19 24 0.92897975 
755 178 19 24 0.9287188 
808 664 20 25 0.92785984 
808 456 20 27 0.9271642 
717 130 19 24 0.9269349 
193 637 19 27 0.9266954 
889 88 19 25 0.92654246 
37 218 17 22 0.9265397 
506 456 21 27 0.9255078 
793 491 19 24 0.92513376 
40 391 19 26 0.92499954 
280 563 19 25 0.923715 
32 88 19 25 0.9237013 
206 92 17 24 0.9232375 
669 92 16 21 0.9232124 
386 641 18 24 0.92314404 
977 493 20 23 0.9230962 
413 524 18 24 0.9230917 
357 351 18 26 0.9220654 
534 123 20 23 0.92202586 
829 353 19 23 0.9219677 
735 232 17 22 0.921302 
853 23 19 24 0.92046016 
739 455 18 24 0.9202781 
663 63 17 23 0.9202687 
550 65 18 22 0.9199898 
949 611 20 26 0.9177237 
984 245 20 26 0.91485995 
988 192 21 26 0.9147658 
586 563 21 26 0.9146566 
831 607 18 23 0.9140257 
37 354 20 24 0.9132734 
9 159 17 24 0.9130546 
616 219 20 26 0.9127451 
0 48 17 24 0.912278 
326 254 14 18 0.91216534 
21 455 20 25 0.909882 
188 -2 20 22 0.9085524 
374 654 22 31 0.90845126 
975 525 19 26 0.9040261 
429 291 19 22 0.9026024 
419 96 19 24 0.9025698 
830 384 19 25 0.9008563 
511 627 20 25 0.90080047 
457 190 20 26 0.9006407 
508 -1 21 24 0.89478296 
892 321 19 23 0.8946357 
319 425 19 23 0.8939714 
920 217 19 25 0.8937741 
804 0 19 21 0.89167297 
782 562 20 26 0.8914223 
686 217 19 25 0.8901394 
696 149 17 24 0.88990647 
595 348 19 25 0.8883029 
875 425 20 27 0.8880055 
357 192 18 22 0.8861283 
151 564 21 26 0.8857784 
230 197 16 23 0.88573635 
241 661 20 28 0.8857207 
861 488 19 23 0.8854597 
65 155 18 25 0.88392067 
217 384 20 28 0.88352966 
614 62 19 26 0.88332707 
440 645 21 28 0.8825628 
746 494 19 25 0.87873286 
55 30 20 25 0.8782431 
0 637 16 29 0.8781755 
888 663 21 29 0.87464595 
340 384 19 25 0.8744476 
143 600 21 25 0.8725201 
339 561 21 29 0.8714287 
247 136 14 17 0.87138283 
828 641 21 26 0.87077516 
400 20 18 23 0.8705432 
362 484 19 24 0.86863655 
947 92 19 22 0.8685996 
114 485 17 22 0.86859936 
686 669 19 26 0.86311793 
426 115 20 26 0.86172634 
379 419 20 27 0.8615767 
772 605 19 23 0.8613947 
169 537 18 23 0.8611356 
581 608 18 24 0.85990536 
297 322 17 21 0.85754305 
285 29 19 26 0.85754025 
847 219 22 25 0.85469425 
843 554 21 28 0.8533867 
510 425 21 24 0.8523528 
937 468 21 27 0.84878546 
382 611 21 24 0.84578514 
787 24 20 24 0.8455674 
629 640 21 29 0.8419322 
284 349 18 22 0.84177184 
815 428 22 27 0.8406284 
719 31 18 23 0.8354024 
430 457 22 24 0.83460873 
356 322 20 23 0.83262485 
182 174 18 26 0.83176476 
340 25 20 26 0.8289685 
624 662 22 29 0.8278356 
0 488 14 24 0.81464 
958 65 18 21 0.8124838 
37 266 18 23 0.80693877 
148 387 21 25 0.80683875 
263 252 15 19 0.80442166 
74 292 19 21 0.8028235 
833 315 20 26 0.80227727 
778 529 19 22 0.80114156 
966 31 19 25 0.79638046 
325 598 18 23 0.7916853 
121 154 20 26 0.790876 
215 0 16 18 0.79073477 
614 456 20 26 0.78973204 
135 119 22 26 0.78598976 
123 14 18 25 0.78530675 
432 591 23 30 0.78510493 
1010 389 14 26 0.78416395 
76 493 16 19 0.7757349 
552 668 20 22 0.7637821 
476 347 21 27 0.7621895 
842 288 16 19 0.76023555 
421 330 16 19 0.7595667 
591 161 18 21 0.75172234 
820 178 22 26 0.74403787 
244 532 15 18 0.74182177 
929 0 16 16 0.72760576 
368 92 18 22 0.7201704 
662 541 16 19 0.7196332 
462 386 20 27 0.70844966 
933 151 18 20 0.7063534 
43 425 17 22 0.7026366 
1007 122 17 23 0.6991233 
531 165 19 23 0.696682 
695 645 21 25 0.69579273 
534 356 20 25 0.6940154 
861 -1 17 15 0.69379437 
316 537 20 25 0.6875514 
303 92 19 25 0.6867471 
629 379 21 24 0.6857225 
570 645 17 21 0.68457216 
307 128 16 18 0.6816984 
114 671 19 25 0.679437 
995 60 18 21 0.6789265 
606 94 15 19 0.6669915 
236 489 18 22 0.6642726 
1000 677 17 21 0.66204154 
899 363 18 26 0.65743876 
507 140 17 21 0.6527731 
491 291 19 21 0.6449774 
690 427 19 22 0.62906307 
278 599 16 21 0.62394786 
901 290 18 22 0.61792994 
303 473 15 19 0.6103582 
668 354 22 27 0.5742406 
482 89 16 20 0.5721436 
459 249 14 18 0.5663411 
499 496 17 22 0.55041593 
827 70 17 20 0.54623204 
372 459 17 21 0.5383368 
973 225 19 23 0.5360204 
10 0 15 16 0.52962965 
460 52 15 21 0.5191653 
489 263 15 19 0.5166438 
596 315 18 23 0.5149311 
166 23 16 19 0.5012183 
549 91 17 23 0.5008219 
676 271 14 19 0.4803886 
50 674 21 26 0.47418836 
782 88 13 18 0.46631804 
595 132 16 19 0.46404806 
808 615 17 21 0.45955378 
387 207 17 21 0.4545358 
567 201 20 22 0.44858488 
61 0 16 14 0.41734478 
173 121 13 19 0.41436577 
336 481 15 19 0.41272858 
274 497 17 21 0.40857962 
222 261 14 17 0.4061846 
746 65 15 20 0.3977541 
212 186 17 21 0.39674333 
561 637 17 20 0.39046392 
404 132 15 18 0.38582274 
972 293 18 22 0.3723873 
654 223 16 21 0.37196308 
778 351 18 22 0.34974572 
345 554 17 20 0.3473409 
15 230 12 15 0.34690195 
324 626 16 22 0.34568357 
438 260 14 18 0.34482467 
779 63 15 18 0.34333894 
190 446 16 19 0.3394294 
1013 328 11 18 0.3358666 
894 609 19 24 0.3355247 
527 329 13 18 0.33447856 
999 20 14 17 0.33382082 
27 295 14 18 0.32661888 
269 94 13 16 0.32283482 
222 498 15 21 0.31443495 
0 25 10 18 0.31368387 
853 165 17 24 0.30203182 
161 81 22 26 0.2991303 
142 509 15 18 0.2959785 
1011 51 12 20 0.28514117 
742 144 15 18 0.27779853 
315 457 18 23 0.27524272 
39 123 13 15 0.268761 
188 428 17 20 0.26578864 
403 203 15 20 0.2601384 
595 123 15 18 0.25959176 
514 267 15 18 0.25811955 
216 28 12 16 0.25139308 
134 -2 16 16 0.25014657 
171 186 15 20 0.24726841 
520 570 23 26 0.24492608 
875 378 16 19 0.23926547 
291 2 15 18 0.21967359 
632 483 12 17 0.21943851 
399 230 13 16 0.21567018 
729 83 16 20 0.20788138 
814 296 13 18 0.20575681 
220 189 19 25 0.20545816 
360 594 14 18 0.19915874 
511 573 23 26 0.19545966 
273 58 15 22 0.19024901 
991 121 16 21 0.1840318 
162 0 14 13 0.18099062 
509 662 15 20 0.17645031 
892 0 15 19 0.1705864 
539 14 15 21 0.1703049 
488 492 20 25 0.16904709 
252 188 13 18 0.16750741 
325 148 13 19 0.16332553 
0 252 9 15 0.16292283 
556 154 14 19 0.1620012 
1012 5 11 18 0.16004026 
390 321 16 19 0.15675543 
125 81 16 21 0.15370607 
559 563 14 19 0.15260127 
203 552 16 22 0.15024267 
0 191 9 18 0.14993556 
499 249 14 18 0.14968322 
895 215 15 19 0.14703698 
132 78 22 28 0.14373697 
811 59 20 26 0.14197767 
260 89 15 17 0.1405817 
0 322 11 18 0.13839413 
266 200 15 18 0.1366955 
538 347 14 18 0.13515751 
478 341 14 18 0.13498154 
192 252 12 15 0.13162704 
846 670 13 17 0.12972142 
943 229 13 18 0.12737904 
284 491 21 26 0.12647599 
603 133 14 17 0.12478647 
499 390 15 20 0.12221003 
803 63 15 21 0.122052275 
624 67 15 18 0.1219505 
351 632 15 19 0.12093929 
926 307 13 17 0.12039178 
894 604 15 19 0.11890946 
222 628 15 18 0.117558636 
455 331 15 20 0.11710391 
851 391 15 19 0.116156146 
643 443 14 19 0.11445129 
996 120 21 26 0.11256496 
491 14 12 15 0.11130505 
703 64 13 18 0.11125294 
949 252 16 21 0.10911067 
818 489 16 22 0.106799915 
307 675 17 19 0.10345539 
575 153 13 19 0.103209265 
998 51 16 21 0.10317527 
818 171 18 21 0.10229969 
276 21 14 18 0.102185346 
431 0 13 12 0.10166772 
855 267 14 17 0.10157709 
413 210 13 18 0.100625716 
90 35 14 16 0.09728973 
66 420 15 19 0.09698173 
1 284 11 16 0.09622438 
541 564 16 20 0.095905274 
332 460 13 17 0.0956902 
349 262 12 14 0.095157064 
299 8 13 17 0.094747126 
306 84 16 21 0.09428522 
178 644 24 29 0.09321362 
787 348 16 21 0.093041785 
471 120 15 18 0.0909666 
451 51 18 24 0.0895179 
1008 277 12 17 0.08893478 
317 191 15 21 0.088610984 
260 188 15 19 0.08825259 
841 267 11 14 0.087024145 
691 60 13 18 0.08667586 
152 81 19 24 0.08553469 
117 574 12 17 0.08402246 
760 585 17 19 0.0838539 
261 9 15 18 0.08380771 
171 634 16 19 0.082851365 
259 0 17 18 0.08224059 
255 84 15 18 0.0820679 
715 212 16 20 0.08184143 
232 163 14 18 0.080969594 
51 155 17 23 0.08093052 
17 288 19 26 0.080245726 
299 0 12 12 0.078837916 
638 448 16 22 0.078504294 
438 205 12 15 0.07838271 
768 353 21 25 0.07812355 
262 179 13 16 0.0779307 
687 438 24 30 0.077334955 
246 172 11 16 0.076894306 
726 532 16 21 0.07656733 
207 187 13 18 0.07592528 
318 51 15 18 0.0755844 
856 -1 14 13 0.07532094 
93 0 13 11 0.07465828 
487 294 15 20 0.07440362 
368 619 11 14 0.07426091 
516 47 13 18 0.07322704 
843 386 15 20 0.07267138 
418 212 14 19 0.072434604 
189 211 14 17 0.071682975 
314 124 14 18 0.07165369 
324 492 14 18 0.07133173 
211 42 16 19 0.07105566 
450 315 15 19 0.070949405 
163 145 15 19 0.070141815 
157 528 20 26 0.06984606 
3 250 13 18 0.06897308 
648 386 14 18 0.06864499 
147 522 16 23 0.06758398 
565 349 12 17 0.067265764 
476 73 13 16 0.06631161 
517 615 20 25 0.06630966 
318 526 14 17 0.06624634 
995 30 16 21 0.065658994 
269 475 14 18 0.06519912 
638 97 15 19 0.0650682 
555 612 15 20 0.064931184 
1008 171 12 16 0.06452903 
696 43 13 18 0.06448374 
307 265 16 19 0.063677005 
131 592 15 22 0.0635211 
202 26 15 18 0.06348942 
286 59 14 18 0.063453086 
788 13 12 16 0.06337834 
174 597 13 17 0.062590696 
110 617 14 17 0.061912786 
261 477 13 18 0.061061867 
906 285 16 20 0.060460076 
4 278 10 15 0.06030171 
984 329 11 16 0.060006272 
482 557 20 26 0.059909403 
835 161 15 21 0.059776325 
827 489 16 22 0.059624504 
520 176 19 25 0.0595322 
655 553 19 25 0.059373897 
325 386 13 20 0.058956865 
147 638 17 20 0.05843144 
899 124 14 18 0.05839459 
702 559 15 21 0.05835412 
236 0 15 16 0.058126427 
182 433 15 19 0.057747673 
862 155 14 17 0.057358947 
268 86 12 16 0.057098936 
469 267 14 18 0.05707959 
189 110 12 15 0.056834802 
657 231 15 20 0.056338422 
599 95 15 20 0.05603223 
176 631 23 27 0.056020215 
556 39 14 17 0.05549809 
158 309 21 28 0.055433813 
177 480 15 18 0.05539041 
764 466 15 20 0.05534103 
364 242 16 20 0.055244926 
870 248 20 25 0.055210143 
50 421 14 19 0.055023808 
506 122 13 16 0.05434658 
968 146 19 28 0.054276757 
682 521 15 20 0.05413808 
291 358 15 20 0.053993553 
1013 560 11 17 0.0537207 
708 207 16 22 0.053688623 
396 214 16 19 0.05354789 
341 260 13 17 0.052948356 
471 328 15 20 0.052915324 
194 245 14 16 0.052765146 
974 2 13 15 0.052621923 
353 556 14 17 0.052404266 
529 452 15 18 0.052366275 
866 144 15 19 0.052326865 
1007 9 13 19 0.05230899 
971 19 16 18 0.051542513 
325 9 14 18 0.051516786 
369 419 14 19 0.05148815 
0 311 17 27 0.051253855 
845 106 14 18 0.05123582 
493 443 14 18 0.050812315 
307 492 14 19 0.050733466 
515 455 21 26 0.050455127 
559 642 22 27 0.050442595 
156 308 15 19 0.050356258 
967 293 14 20 0.050272908 
594 140 17 23 0.05016436 
174 178 16 22 0.049893565 
491 194 18 22 0.049458392 
717 667 16 23 0.049370255 
633 524 16 20 0.048681404 
56 115 15 19 0.04848165 
970 67 13 17 0.04845429 
823 250 14 18 0.048400078 
247 186 13 18 0.0483921 
404 232 13 16 0.048249677 
452 632 20 27 0.047918994 
533 320 20 25 0.0476079 
813 419 16 21 0.04716482 
99 0 12 12 0.047050223 
91 422 13 16 0.046981473 
244 178 13 17 0.046653964 
380 214 17 20 0.046627756 
328 152 16 19 0.04651277 
170 652 23 27 0.04650979 
846 160 19 26 0.04639676 
380 307 17 21 0.04608085 
436 207 19 27 0.045981225 
286 6 16 21 0.045876477 
668 307 15 19 0.045804948 
782 274 15 20 0.045731883 
703 522 15 20 0.045688145 
973 74 13 17 0.04530714 
153 122 15 20 0.04506332 
875 413 19 23 0.044894997 
686 576 16 20 0.044702996 
299 481 15 20 0.04402635 
607 200 15 20 0.0439534 
669 484 16 21 0.043911673 
358 226 12 15 0.04390818 
477 93 16 20 0.043878905 
41 131 14 16 0.04340116 
936 0 15 18 0.04339581 
900 148 16 23 0.04338795 
11 54 14 20 0.04334001 
297 458 15 19 0.043280836 
275 93 14 18 0.042974178 
132 632 19 26 0.042922102 
171 0 17 18 0.0428814 
1012 498 11 16 0.042610276 
546 17 14 18 0.04257604 
801 265 16 18 0.042486448 
587 20 11 14 0.04208175 
580 153 18 23 0.04207074 
266 480 22 28 0.04189405 
254 10 14 17 0.0414934 
429 586 18 23 0.041450873 
131 505 15 19 0.041299712 
984 630 9 13 0.041074555 
996 330 15 19 0.040709335 
296 464 19 24 0.04066941 
420 267 11 15 0.040385783 
663 54 13 18 0.04027335 
691 660 20 28 0.04020729 
573 167 15 19 0.040097136 
315 658 14 16 0.040040355 
724 675 15 19 0.039604045 
229 190 14 18 0.039242122 
29 187 13 18 0.039118636 
55 319 15 21 0.039103158 
690 248 14 19 0.03908338 
336 129 13 17 0.03903702 
317 491 13 18 0.038877655 
892 356 16 21 0.03882502 
978 83 12 15 0.03876172 
477 267 14 17 0.038662557 
828 121 12 15 0.038401097 
784 6 12 14 0.038378548 
377 91 16 20 0.038311705 
524 266 13 17 0.038115904 
611 0 16 17 0.03774863 
225 0 16 17 0.037711374 
968 251 11 16 0.037676744 
511 216 13 17 0.037654024 
824 161 22 26 0.03759842 
134 196 12 17 0.037584808 
5 9 14 17 0.037454937 
531 22 17 23 0.036948025 
908 152 14 20 0.03694425 
695 287 16 22 0.036895495 
980 480 22 27 0.036713503 
790 249 14 18 0.036663774 
813 156 14 16 0.03654633 
881 192 15 21 0.036380343 
561 572 17 22 0.03631484 
575 325 15 18 0.036019184 
235 188 14 18 0.036018603 
261 101 15 18 0.035926018 
942 74 15 18 0.03585296 
471 337 14 20 0.035807528 
537 4 21 25 0.03578181 
199 186 11 16 0.03566684 
5 377 13 18 0.035662774 
870 420 17 21 0.035492487 
323 53 16 20 0.035381068 
214 563 16 21 0.035335522 
885 367 19 25 0.035294864 
604 450 15 22 0.03518126 
143 567 17 22 0.03509228 
86 -1 15 12 0.034882825 
286 338 22 26 0.034846637 
428 580 14 17 0.034797788 
127 126 16 20 0.034748867 
196 578 15 19 0.03470959 
358 618 12 14 0.03450771 
184 217 13 18 0.034500025 
950 0 16 18 0.03434613 
741 401 16 21 0.03418285 
4 305 13 20 0.03409267 
736 0 15 18 0.034086727 
816 164 14 18 0.034063295 
425 103 16 22 0.034025572 
10 149 15 19 0.03394469 
167 212 14 17 0.03394094 
116 477 16 20 0.033930507 
15 286 12 17 0.033745117 
235 529 20 24 0.033698212 
915 493 18 20 0.033404734 
423 -1 14 12 0.03338591 
495 437 14 17 0.03333329 
150 154 11 17 0.03325836 
285 82 14 19 0.0332237 
91 123 12 17 0.03297789 
958 32 16 22 0.0328277 
718 510 18 22 0.032826018 
489 355 14 19 0.03282461 
846 136 14 18 0.032716654 
1007 600 15 23 0.032699127 
442 253 14 19 0.03265412 
1014 28 9 15 0.032647748 
936 245 19 25 0.03263644 
660 1 15 19 0.032604985 
166 318 17 22 0.032499198 
784 11 22 27 0.032345206 
208 64 16 20 0.032191783 
332 11 14 18 0.032191407 
1013 372 10 16 0.032172993 
127 381 13 17 0.03214215 
504 426 15 19 0.032132696 
613 53 14 18 0.03208915 
286 15 22 29 0.03196529 
10 299 20 28 0.031713266 
844 515 15 18 0.03164003 
332 622 14 19 0.031554118 
251 172 12 15 0.03154519 
556 385 13 17 0.031503644 
896 137 20 25 0.031441975 
550 42 12 16 0.031433232 
635 1 21 24 0.031410325 
917 321 15 19 0.031312928 
333 487 14 21 0.031268355 
73 0 16 17 0.031223975 
652 434 14 18 0.031160424 
6 394 14 19 0.031142779 
219 23 13 17 0.031090884 
7 130 12 17 0.0310006 
219 239 16 19 0.030998068 
607 186 14 17 0.03080402 
538 210 15 20 0.030800855 
677 442 14 18 0.030751364 
164 435 12 17 0.030729258 
431 264 16 20 0.030704338 
255 272 14 18 0.030699959 
373 219 14 17 0.030694108 
247 14 12 15 0.03064222 
783 21 16 22 0.030641096 
183 165 14 17 0.030607289 
950 33 16 21 0.030595 
920 0 14 14 0.030486926 
485 271 16 20 0.030430924 
155 151 15 19 0.030419566 
488 95 17 20 0.030354967 
699 276 17 20 0.030354649 
668 2 16 19 0.030306317 
329 261 18 20 0.030275527 
0 61 13 21 0.030169219 
949 24 15 20 0.030141769 
921 311 18 24 0.030038424 
163 489 13 17 0.029836692 
444 296 13 18 0.029805219 
65 354 15 22 0.029767657 
341 412 17 23 0.029762372 
762 591 22 27 0.02976021 
827 242 14 19 0.02974601 
132 237 16 21 0.029670537 
1003 32 14 19 0.029593004 
162 5 24 25 0.029553263 
855 76 13 16 0.029309448 
256 482 13 18 0.02921453 
405 106 13 19 0.029105628 
396 0 14 19 0.02908082 
697 456 16 20 0.029049138 
0 230 10 16 0.02901092 
532 263 13 18 0.028981704 
123 494 16 21 0.028976489 
533 341 14 17 0.028953932 
266 172 13 15 0.028918434 
502 663 16 21 0.028873004 
809 121 15 20 0.028867008 
867 312 15 20 0.02874462 
229 486 17 20 0.028713739 
979 236 23 27 0.028595472 
274 418 14 19 0.028580515 
553 599 20 26 0.028572347 
987 425 16 21 0.028529393 
455 552 13 19 0.028405918 
799 318 13 16 0.028363837 
411 250 14 18 0.028336203 
0 308 11 17 0.02831995 
170 29 17 19 0.028318731 
997 43 15 20 0.028257273 
66 59 14 19 0.02825598 
370 487 20 25 0.028197888 
128 -2 15 14 0.02819376 
987 468 23 29 0.028123166 
515 499 13 17 0.028096838 
372 548 12 18 0.028066449 
143 660 14 18 0.028034909 
686 255 14 20 0.027951343 
350 0 13 14 0.027864559 
426 212 19 26 0.027639283 
828 309 17 21 0.027342785 
427 -5 21 21 0.027223894 
515 90 14 17 0.027183166 
655 91 15 19 0.027138675 
941 82 16 19 0.027038274 
941 685 25 26 0.027037023 
661 482 15 20 0.027014688 
940 628 13 16 0.026996644 
311 530 15 20 0.026927242 
199 558 15 21 0.026880791 
317 225 13 16 0.026859308 
1013 318 12 17 0.026799709 
333 20 16 22 0.026759775 
555 595 15 19 0.026716992 
155 339 23 28 0.026702615 
358 91 16 21 0.026696438 
429 603 18 24 0.026664564 
505 500 17 21 0.026582563 
698 50 14 18 0.026578296 
367 86 14 18 0.026499463 
998 393 15 20 0.02649789 
813 411 15 19 0.026466632 
453 489 14 21 0.02642985 
547 158 19 25 0.026423458 
306 11 12 16 0.02634736 
445 194 21 30 0.02634654 
508 393 14 19 0.026340477 
422 458 16 20 0.026336381 
3 288 13 18 0.026289605 
287 329 15 19 0.02622393 
318 595 17 23 0.026180346 
664 532 19 22 0.026143305 
1012 36 12 17 0.026140926 
119 191 18 20 0.026033582 
84 398 15 20 0.026017295 
230 315 17 22 0.02592171 
537 173 17 22 0.025819972 
1 161 13 20 0.025809588 
431 8 14 18 0.025794914 
715 221 15 20 0.025574291 
341 253 11 16 0.0255481 
722 428 15 19 0.025479617 
789 49 14 18 0.025404627 
733 497 21 26 0.025367372 
414 101 17 22 0.025340194 
20 303 16 22 0.025334409 
194 234 15 18 0.025202423 
601 123 16 21 0.025175806 
493 255 19 23 0.025162403 
0 537 11 19 0.025083221 
659 475 15 19 0.025055315 
485 284 15 18 0.025021942 
967 498 14 19 0.025007294 
253 -1 16 14 0.024946786 
478 109 17 22 0.024924753 
779 538 23 26 0.02490125 
814 484 14 20 0.02489744 
976 12 16 18 0.024877142 
421 626 13 18 0.024846694 
3 629 14 19 0.02479825 
646 264 13 17 0.024776928 
677 0 14 16 0.024767123 
372 615 17 21 0.024678295 
57 421 19 24 0.024635332 
87 14 12 15 0.024592707 
0 670 11 22 0.024537949 
218 30 15 21 0.024537636 
569 129 16 19 0.024499968 
650 151 16 19 0.024452664 
160 21 15 19 0.024423225 
-1 346 9 16 0.02424033 
559 353 14 20 0.024228524 
516 36 14 18 0.024155661 
798 464 16 20 0.024147432 
483 379 14 18 0.024084544 
775 85 15 19 0.0239994 
1010 676 13 18 0.023987163 
321 465 20 25 0.023982087 
442 590 14 19 0.023948984 
458 284 14 17 0.023945745 
907 210 15 21 0.023941167 
50 147 16 20 0.023937568 
267 163 14 18 0.02390459 
207 50 13 18 0.023897653 
24 117 17 21 0.02385158 
687 63 13 18 0.023813669 
413 458 14 20 0.02375576 
31 223 16 19 0.023752116 
348 88 15 20 0.023718746 
252 489 13 18 0.023703549 
305 277 18 20 0.02364106 
490 3 15 17 0.023626164 
311 541 17 22 0.023619981 
156 322 24 29 0.023487372 
21 386 15 22 0.023484243 
570 564 21 28 0.023424804 
470 68 13 18 0.023398394 
296 353 15 20 0.023321515 
908 138 14 19 0.023203645 
243 0 16 17 0.023173664 
43 435 17 22 0.023165332 
587 183 15 19 0.023058351 
542 -1 15 14 0.023052368 
325 225 12 16 0.023021756 
672 65 14 18 0.02288698 
1013 633 12 19 0.022852954 
119 120 14 19 0.022798218 
604 399 14 18 0.022754382 
343 520 15 20 0.022698276 
886 607 16 21 0.022685407 
685 563 15 19 0.022677192 
832 286 22 26 0.022654038 
592 116 15 18 0.02260992 
766 318 16 20 0.022586714 
321 365 11 16 0.022490203 
327 538 16 21 0.022477575 
501 234 13 18 0.022458656 
324 81 14 19 0.022411196 
563 606 22 29 0.022403821 
70 287 15 19 0.022327023 
605 34 14 18 0.022317627 
341 89 14 19 0.022300692 
848 284 15 18 0.022290736 
293 -5 20 22 0.022263115 
874 -2 13 15 0.022199873 
107 623 16 23 0.022174709 
265 61 20 27 0.022119148 
94 348 18 21 0.02211096 
359 51 13 17 0.022013124 
388 418 20 27 0.021993538 
518 604 18 22 0.021987928 
659 468 15 16 0.02182419 
1005 380 15 20 0.021820728 
20 220 13 17 0.02180971 
229 309 14 18 0.021800473 
526 26 14 19 0.021753995 
123 116 14 19 0.021719636 
787 266 21 24 0.021696458 
718 419 14 18 0.02167581 
300 410 15 19 0.021670496 
329 564 23 28 0.02161516 
792 351 16 21 0.021591721 
476 26 14 18 0.02155459 
455 313 21 27 0.02152228 
542 50 12 17 0.021469167 
661 291 14 17 0.02146108 
326 569 15 19 0.021449817 
296 32 15 20 0.021403898 
806 118 13 17 0.021392154 
1002 418 20 32 0.021390751 
388 585 13 17 0.021372467 
1007 265 20 28 0.021318113 
283 90 15 20 0.021296514 
117 469 15 18 0.021262161 
17 0 15 14 0.021193277 
784 57 16 20 0.021135706 
-1 182 9 16 0.021126326 
644 51 15 20 0.021118913 
744 235 15 18 0.021063814 
276 545 15 18 0.021038672 
824 320 14 19 0.021025741 
840 257 19 24 0.021013582 
937 633 12 16 0.02097631 
417 218 20 27 0.020939969 
436 609 24 28 0.020899354 
750 172 17 23 0.020896818 
684 536 15 20 0.020894457 
161 67 24 29 0.020854425 
314 666 16 19 0.020831598 
1002 173 20 26 0.020751387 
397 197 16 21 0.020750888 
331 246 14 19 0.0207348 
668 350 16 20 0.020666251 
776 25 13 19 0.020661142 
398 13 16 22 0.020650918 
726 223 18 24 0.020648114 
174 436 12 17 0.020636061 
227 20 12 16 0.020597136 
856 558 17 21 0.020588083 
501 355 12 17 0.020537985 
367 467 22 27 0.020517776 
964 95 14 19 0.020472134 
814 177 19 24 0.020455452 
1006 555 14 17 0.020451928 
526 361 15 20 0.020415742 
31 111 20 26 0.02040636 
172 109 14 18 0.02040412 
188 225 16 19 0.02036064 
23 193 14 20 0.020337828 
561 158 20 26 0.020320147 
17 52 14 19 0.020292249 
814 403 15 18 0.020289082 
506 45 21 25 0.020269167 
934 462 16 20 0.020258997 
726 521 21 27 0.020249099 
609 130 14 19 0.020248573 
865 169 16 21 0.020238955 
295 474 16 21 0.02022963 
414 258 13 18 0.020194352 
55 635 16 24 0.020185191 
805 425 18 23 0.020162955 
244 127 16 19 0.020147339 
316 235 15 18 0.020143865 
965 3 14 16 0.020119563 
963 275 11 16 0.02011494 
939 56 15 20 0.020077782 
485 255 14 17 0.02006909 
467 258 15 17 0.020066798 
996 380 15 18 0.020049572 
622 178 14 18 0.0200474 
