12_Group_Team_Organized_Group_12_Group_Team_Organized_Group_12_21
65
262 324 41 42 0.9993716 
562 303 24 27 0.9937058 
355 298 27 33 0.99091727 
470 275 20 25 0.8267897 
427 296 15 17 0.8052809 
519 320 20 23 0.75571996 
555 359 24 32 0.56504613 
481 376 15 20 0.5131964 
433 341 23 29 0.42476317 
383 289 14 21 0.37509444 
435 300 13 16 0.36400303 
449 408 26 27 0.1787489 
438 355 16 23 0.16207393 
421 313 15 16 0.14011236 
429 312 14 17 0.10387542 
508 369 18 21 0.096733406 
501 291 17 22 0.08610762 
390 301 407 512 0.08389418 
615 349 13 17 0.08098028 
462 330 16 21 0.06914736 
410 341 16 20 0.06437212 
510 324 15 19 0.054384474 
413 315 14 17 0.051675823 
514 400 16 21 0.051420484 
248 331 28 38 0.05071924 
492 371 14 19 0.05067078 
461 313 14 19 0.05060758 
503 405 13 16 0.04943519 
396 304 13 18 0.046985403 
462 334 24 32 0.041616455 
582 342 17 23 0.03992712 
372 286 23 30 0.038506743 
387 295 13 18 0.037505284 
506 354 24 30 0.034261856 
444 406 18 21 0.0306245 
564 350 26 35 0.029755048 
543 306 11 17 0.029135505 
511 377 21 30 0.02910032 
243 339 22 37 0.02895045 
470 377 15 19 0.028541772 
492 312 15 21 0.027852256 
625 372 13 16 0.027828531 
412 333 17 20 0.027126042 
470 297 15 19 0.025782984 
415 337 23 28 0.02568738 
465 323 18 22 0.024572665 
348 278 31 38 0.024500443 
456 332 12 18 0.023396509 
405 309 13 17 0.023215745 
549 307 13 19 0.022975016 
461 487 410 515 0.022335654 
455 398 26 31 0.022226691 
383 305 13 18 0.02177138 
500 314 13 18 0.021550234 
562 399 29 33 0.021547873 
501 322 16 22 0.02113214 
411 387 22 29 0.02107332 
377 298 22 29 0.021039933 
242 334 51 55 0.020880815 
462 411 18 20 0.020683073 
390 306 12 16 0.02060587 
579 320 16 21 0.0204176 
510 312 21 26 0.020388696 
410 320 23 27 0.020295452 
504 400 21 26 0.020215677 
