12_Group_Group_12_Group_Group_12_794
28
556 38 60 64 0.8003033 
367 154 42 54 0.6714432 
451 169 33 45 0.41533092 
471 148 25 41 0.23561722 
387 159 30 47 0.19375016 
653 132 30 38 0.14355391 
502 74 41 47 0.090749055 
506 119 119 185 0.059741933 
658 128 47 49 0.05787772 
525 47 60 70 0.049153782 
394 96 31 34 0.0479671 
1 291 10 20 0.045246933 
689 68 30 28 0.038791187 
277 59 432 407 0.034377027 
578 65 56 70 0.033657726 
497 48 63 70 0.032955207 
432 158 38 58 0.031307153 
580 48 48 45 0.029379206 
452 137 45 61 0.02829587 
393 176 19 28 0.027198682 
-53 345 365 436 0.026768686 
0 284 18 37 0.026210068 
399 154 38 57 0.026063928 
515 96 176 285 0.025744755 
498 450 14 16 0.025148086 
400 510 123 148 0.023449764 
478 139 30 42 0.023038805 
597 88 38 42 0.0201457 
