12_Group_Group_12_Group_Group_12_478
19
438 279 65 78 0.99462163 
162 242 64 78 0.99343044 
330 286 73 93 0.99117833 
562 234 59 71 0.9859759 
795 246 70 93 0.41301236 
792 147 156 129 0.16608551 
84 479 32 40 0.14679338 
651 342 80 108 0.09846955 
66 501 12 15 0.08303792 
797 183 108 146 0.073138535 
-4 651 106 138 0.033231176 
830 192 86 85 0.026061408 
212 247 53 61 0.024466494 
416 -33 370 450 0.023658048 
73 488 29 33 0.022589553 
970 380 31 45 0.022354867 
203 255 33 45 0.021632168 
424 270 32 38 0.020305255 
57 542 10 14 0.020136897 
