12_Group_Team_Organized_Group_12_Group_Team_Organized_Group_12_850
37
468 155 135 172 0.99986637 
283 214 133 161 0.9995221 
671 263 33 50 0.9933342 
927 274 13 17 0.41354525 
92 248 17 20 0.1301086 
972 290 14 16 0.1015218 
1010 243 13 22 0.08991652 
965 291 13 16 0.07785371 
60 254 17 22 0.07308576 
974 310 13 15 0.072260134 
-5 181 48 102 0.0642102 
332 172 133 201 0.050595902 
28 233 22 30 0.047006972 
1007 515 13 23 0.046476837 
-2 248 23 53 0.040826913 
909 276 11 13 0.040722255 
678 270 43 56 0.039009936 
142 246 15 19 0.03892327 
986 287 14 19 0.035572883 
980 288 14 17 0.035293497 
1012 268 10 15 0.029450987 
117 268 15 17 0.028926523 
959 272 14 17 0.028779918 
3 261 28 51 0.028352728 
137 247 25 28 0.026953043 
1007 272 11 16 0.026860418 
920 276 13 16 0.025622044 
-3 75 76 176 0.025597278 
42 241 23 30 0.025174301 
80 481 27 39 0.024884682 
53 249 17 22 0.024446454 
709 275 30 43 0.023823114 
694 287 35 42 0.023099616 
18 252 28 37 0.02221037 
119 260 13 15 0.0220279 
908 282 12 15 0.021180777 
124 257 14 17 0.020832514 
