12_Group_Team_Organized_Group_12_Group_Team_Organized_Group_12_617
147
196 192 45 60 0.9978661 
561 154 43 56 0.99475276 
845 128 22 33 0.99153167 
908 192 45 51 0.9891851 
653 155 18 23 0.9845056 
756 167 18 22 0.97518444 
275 178 16 19 0.95606154 
66 202 23 27 0.9402314 
803 161 18 26 0.9296721 
980 157 16 22 0.9085943 
356 228 22 28 0.8491563 
271 226 20 30 0.728672 
352 172 12 16 0.7262678 
692 174 10 12 0.6655233 
384 159 12 15 0.64025164 
636 166 10 13 0.6106776 
256 216 25 35 0.6006918 
714 154 14 19 0.52370983 
294 167 17 20 0.51383156 
400 196 10 13 0.44194645 
440 199 10 14 0.375915 
738 159 14 20 0.3674211 
784 199 12 15 0.33620173 
971 164 22 29 0.31802937 
308 224 11 17 0.20810261 
137 201 27 46 0.17064913 
347 188 14 17 0.16969025 
252 202 24 31 0.14104472 
11 249 21 31 0.13782129 
301 224 13 20 0.10966326 
334 259 13 18 0.10668169 
310 158 10 12 0.085094295 
723 161 14 17 0.084044464 
716 166 14 20 0.082718 
106 206 24 29 0.08078503 
847 139 27 35 0.077412784 
281 229 18 24 0.07696949 
631 168 13 16 0.076310866 
814 190 15 20 0.07395189 
279 168 21 25 0.07301747 
793 221 11 14 0.06891718 
368 189 11 14 0.06767676 
292 157 15 18 0.06190015 
701 238 9 10 0.061368413 
797 230 13 16 0.05943752 
719 121 12 14 0.057557717 
501 199 8 10 0.056722607 
812 150 13 16 0.05624609 
439 192 10 12 0.05581275 
731 582 26 43 0.054469917 
291 224 17 24 0.054202344 
964 170 23 32 0.054086983 
410 214 8 11 0.053439885 
510 189 7 9 0.052199498 
505 191 8 10 0.051833574 
382 198 8 12 0.051748905 
142 188 34 49 0.046910968 
48 285 13 18 0.045597356 
275 232 27 33 0.045537855 
395 174 14 18 0.04390702 
984 162 18 23 0.04244009 
-4 247 79 113 0.038670175 
249 189 24 30 0.037260104 
346 198 17 19 0.03665914 
423 246 9 11 0.035632074 
3 266 29 37 0.034825806 
395 187 18 25 0.03463221 
717 143 12 17 0.03393859 
356 189 11 15 0.033910807 
246 168 10 11 0.033498205 
101 215 16 20 0.032375388 
344 179 13 15 0.031870242 
705 187 11 15 0.03182798 
430 212 9 12 0.031690314 
622 181 13 17 0.03137134 
307 162 12 17 0.030668203 
365 201 13 17 0.030635571 
802 233 13 15 0.030626813 
395 158 11 13 0.030019604 
689 169 17 22 0.029772013 
367 183 10 15 0.029528562 
393 203 10 14 0.029484864 
43 281 22 29 0.0292778 
735 215 10 13 0.028929872 
4 249 18 23 0.028526803 
12 270 53 65 0.028416384 
497 192 9 11 0.028313583 
445 191 9 12 0.028123256 
431 205 11 15 0.028106486 
432 192 9 12 0.0277815 
357 195 13 16 0.027720649 
348 225 17 22 0.027526783 
423 239 8 11 0.026716355 
347 218 15 20 0.026392443 
740 220 11 12 0.025979562 
487 236 11 16 0.025865419 
394 195 12 15 0.025667634 
780 236 13 16 0.025374424 
614 582 9 13 0.025236247 
839 196 11 15 0.02491982 
319 151 9 11 0.024861174 
90 1 14 15 0.02456214 
259 190 13 18 0.024539335 
433 196 10 14 0.024460236 
425 207 9 13 0.024364652 
952 190 27 39 0.024253389 
708 179 12 15 0.023888048 
73 195 26 32 0.023687892 
934 137 12 16 0.023468556 
90 205 23 27 0.023355884 
271 182 15 20 0.023236468 
48 184 10 12 0.022937572 
767 152 11 13 0.022901138 
281 184 13 17 0.022768792 
852 156 16 22 0.02260781 
105 221 18 23 0.022501513 
501 203 9 12 0.02232618 
733 167 13 18 0.022325838 
94 216 14 18 0.022250762 
288 166 14 16 0.022141589 
244 212 25 36 0.022100795 
382 203 11 15 0.022094509 
856 131 18 24 0.022081872 
718 131 11 14 0.021969065 
438 196 17 22 0.02196595 
388 212 11 14 0.021633824 
397 237 10 12 0.021580303 
808 152 11 15 0.021468451 
301 159 13 16 0.021319343 
734 151 13 18 0.021174481 
670 457 50 54 0.021026997 
418 238 8 11 0.021026812 
819 148 12 17 0.020988507 
743 594 47 53 0.020811262 
395 164 13 14 0.020767283 
448 238 10 14 0.02076356 
117 207 27 35 0.020717496 
94 205 11 15 0.020716362 
343 223 14 21 0.020607127 
418 245 8 12 0.020543102 
789 213 12 16 0.020522764 
492 230 13 18 0.020479633 
726 556 55 64 0.020307152 
86 232 26 34 0.020268317 
699 122 11 14 0.020213775 
567 406 10 12 0.020207474 
740 464 14 18 0.020134112 
