12_Group_Team_Organized_Group_12_Group_Team_Organized_Group_12_778
125
585 298 24 32 0.9995604 
108 281 25 32 0.99947685 
931 149 30 37 0.9994191 
817 140 24 29 0.9993512 
226 278 25 32 0.99926823 
903 138 24 31 0.99924976 
60 282 24 30 0.99921834 
344 289 24 31 0.9990669 
709 303 25 32 0.99902666 
518 294 24 32 0.99901927 
170 284 23 30 0.99898845 
848 130 22 29 0.9987186 
891 166 25 31 0.9982002 
467 295 23 30 0.99804085 
646 299 24 31 0.9980027 
782 303 24 30 0.99799335 
581 98 22 29 0.9978696 
287 291 23 29 0.9978132 
406 307 23 31 0.9977114 
849 189 25 31 0.99767655 
766 116 23 29 0.9976579 
877 132 22 28 0.9964551 
830 100 21 26 0.9964045 
276 227 20 28 0.99626464 
720 120 21 28 0.99438715 
653 229 21 26 0.9922848 
234 221 20 27 0.9918732 
383 226 21 28 0.99167836 
664 91 21 25 0.9909898 
178 213 20 26 0.990638 
715 88 21 26 0.9902111 
435 83 20 27 0.9899166 
555 229 19 25 0.98978746 
706 53 21 26 0.98952055 
807 76 20 27 0.98951364 
346 54 19 24 0.9882234 
579 59 20 23 0.9880464 
498 90 22 26 0.9876381 
164 93 19 25 0.9860248 
283 62 19 24 0.98568475 
294 101 20 26 0.984757 
612 230 19 25 0.984669 
494 225 20 26 0.9844283 
370 81 20 28 0.98360187 
412 57 21 24 0.9818402 
440 226 20 27 0.9804668 
747 92 21 26 0.979287 
689 75 19 25 0.97923183 
317 74 20 26 0.9788569 
742 68 21 25 0.9786047 
465 66 20 25 0.9777079 
329 227 21 27 0.973813 
210 50 19 26 0.9721324 
511 59 21 27 0.9719462 
788 93 20 23 0.9690814 
539 67 21 24 0.96183145 
642 78 18 26 0.95901567 
250 77 20 24 0.95721126 
693 121 22 27 0.9551166 
623 91 19 25 0.95059586 
390 68 17 24 0.9297949 
805 116 19 25 0.92929447 
231 98 18 24 0.9247079 
661 70 14 17 0.70794356 
599 77 15 20 0.64891875 
633 84 21 28 0.40353075 
470 211 13 19 0.3161616 
732 212 19 22 0.28937894 
259 200 15 20 0.21305706 
533 211 15 19 0.20674202 
580 77 16 20 0.152476 
549 304 18 20 0.123159386 
14 240 9 12 0.115872025 
836 133 22 30 0.109482296 
785 231 9 12 0.10063126 
865 113 15 19 0.095776334 
153 65 16 19 0.0796133 
889 137 21 30 0.0731981 
277 186 15 18 0.06764407 
18 258 14 17 0.065912835 
281 387 10 11 0.064242855 
522 378 16 18 0.059807453 
23 383 8 10 0.05412806 
262 190 21 27 0.05306768 
94 430 8 10 0.052919365 
0 240 7 12 0.04527481 
0 345 11 19 0.043289486 
312 194 21 25 0.042913597 
519 458 11 13 0.04270617 
673 304 23 27 0.042335298 
86 267 15 19 0.04216223 
38 241 11 12 0.041392777 
466 247 15 19 0.04006847 
102 378 13 16 0.03883917 
398 207 12 15 0.03803443 
227 365 16 18 0.036075052 
503 320 15 20 0.034881894 
661 23 14 18 0.034803487 
468 217 19 28 0.034088474 
847 447 9 11 0.031507287 
334 206 16 21 0.030651229 
84 272 20 26 0.029571058 
746 124 21 28 0.027333641 
126 132 13 17 0.026272204 
101 444 13 16 0.026193928 
332 8 23 29 0.024795497 
317 189 15 18 0.024614569 
592 409 16 19 0.023949726 
22 223 9 11 0.023604773 
582 67 20 26 0.023273837 
854 116 16 20 0.022826383 
540 453 11 14 0.022755561 
527 219 21 28 0.022365052 
414 78 14 18 0.022141341 
690 103 17 21 0.021916995 
33 240 9 11 0.021867502 
686 98 15 20 0.0217988 
502 195 13 19 0.021730654 
0 254 7 13 0.02168948 
24 445 11 13 0.021678792 
234 369 14 15 0.021660617 
923 302 38 30 0.021508867 
0 214 7 14 0.021198142 
316 300 12 17 0.02090615 
10 238 9 11 0.020781891 
