12_Group_Group_12_Group_Group_12_218
25
221 62 52 62 0.99912375 
77 33 60 79 0.99680424 
463 89 44 49 0.9318004 
711 63 38 49 0.9317903 
843 126 64 98 0.85930794 
856 57 34 61 0.7790804 
678 178 47 79 0.1661252 
863 59 56 78 0.13928595 
845 77 80 122 0.08263718 
821 116 59 84 0.08243482 
898 54 48 66 0.06393458 
961 101 54 85 0.05158137 
808 152 57 72 0.04520424 
991 131 30 52 0.041251387 
153 200 51 69 0.03977205 
815 142 79 111 0.03373075 
680 171 89 115 0.032746546 
128 219 59 59 0.030378005 
726 48 40 55 0.030085944 
95 231 57 52 0.029358204 
807 102 54 69 0.02582744 
916 40 43 69 0.025663974 
840 78 52 80 0.024695864 
703 81 41 48 0.024364572 
676 175 29 59 0.02371931 
