12_Group_Team_Organized_Group_12_Group_Team_Organized_Group_12_583
98
814 292 60 77 0.9936672 
571 221 25 33 0.9918452 
922 249 37 45 0.9750669 
525 275 42 56 0.96026665 
143 44 34 38 0.9448056 
252 226 57 58 0.9253042 
828 226 29 34 0.89552957 
994 156 24 29 0.6817666 
701 144 22 25 0.67030716 
832 177 20 21 0.5950574 
434 217 24 30 0.43646976 
394 179 18 22 0.35394466 
364 76 14 20 0.32175598 
666 193 25 30 0.23989837 
534 137 25 31 0.20745653 
990 229 23 34 0.20214939 
246 54 47 58 0.12939462 
544 222 29 36 0.1255226 
853 202 17 20 0.10885946 
491 102 25 32 0.09919296 
591 299 35 40 0.0753404 
554 217 43 50 0.0730567 
890 219 16 19 0.0664082 
674 302 68 58 0.064077 
462 225 27 32 0.062579975 
758 139 14 18 0.05518203 
924 216 18 23 0.05443313 
371 117 46 53 0.051475186 
819 198 17 22 0.049960528 
490 86 28 35 0.047447592 
876 208 14 19 0.044875506 
601 105 41 48 0.042450454 
826 187 21 28 0.04134462 
354 66 45 61 0.041059874 
548 56 52 69 0.040680975 
835 191 16 21 0.040015284 
361 74 25 34 0.03918251 
291 78 54 69 0.038752943 
700 156 19 21 0.037196413 
271 67 51 63 0.036872286 
476 29 33 48 0.03591007 
259 67 18 21 0.03442535 
116 78 11 15 0.03302349 
772 140 13 18 0.031355783 
227 37 75 96 0.03134685 
492 79 44 54 0.029927285 
992 213 30 39 0.029421508 
366 86 14 19 0.02854858 
329 50 80 110 0.02820467 
839 182 17 21 0.027799333 
762 144 17 22 0.027691606 
996 171 18 23 0.027238395 
370 71 25 31 0.027183648 
756 170 17 20 0.026594527 
621 291 13 18 0.026471503 
564 248 29 33 0.026018696 
584 174 31 34 0.025707861 
930 209 16 20 0.025703847 
876 164 14 18 0.025631225 
407 92 15 18 0.02522464 
920 223 26 33 0.025036203 
747 155 14 18 0.024551861 
524 131 40 50 0.024153344 
931 203 14 17 0.024133807 
933 172 12 15 0.02355985 
242 232 86 86 0.0235188 
989 153 37 50 0.023399288 
303 95 57 73 0.02305489 
705 195 17 20 0.023036314 
508 27 12 14 0.022658443 
411 104 13 17 0.021842673 
711 155 23 27 0.021655427 
377 139 45 52 0.021586986 
701 170 16 18 0.021568952 
361 71 12 16 0.021559112 
650 93 114 131 0.021520704 
901 153 15 17 0.021508405 
360 86 53 69 0.02147817 
688 294 38 34 0.021332093 
740 171 16 18 0.021226924 
855 70 11 14 0.021077452 
779 145 16 20 0.020999687 
821 138 13 15 0.020870749 
902 148 24 27 0.02082097 
908 198 22 27 0.020794254 
483 67 30 37 0.020773223 
609 137 32 34 0.020766554 
764 134 14 16 0.020697774 
771 314 50 63 0.020638773 
782 116 13 16 0.0205449 
85 60 32 38 0.020497225 
807 118 10 13 0.02040108 
480 56 46 63 0.020388858 
565 72 56 69 0.020343648 
822 200 24 29 0.02025861 
822 113 14 17 0.020169655 
885 212 14 18 0.020130774 
105 25 15 18 0.020012623 
