12_Group_Large_Group_12_Group_Large_Group_12_1007
57
7 160 28 33 0.99916196 
447 199 34 42 0.9985286 
370 232 36 49 0.9949556 
111 142 27 34 0.99472046 
260 152 31 35 0.9941825 
345 167 30 37 0.989242 
531 198 40 47 0.98856944 
635 212 40 47 0.9885429 
976 198 23 26 0.969808 
226 201 38 50 0.9404613 
678 239 41 56 0.6468503 
159 156 14 18 0.28596228 
644 329 29 33 0.1961962 
604 219 21 28 0.12516229 
386 177 28 30 0.10318782 
696 250 36 49 0.08409921 
772 242 15 22 0.06508507 
419 172 10 14 0.0592145 
659 225 42 54 0.05697847 
774 194 11 15 0.053751104 
991 342 31 36 0.052585047 
965 352 13 16 0.04797134 
109 174 25 28 0.0470681 
756 180 14 18 0.04588156 
594 223 17 22 0.038438246 
499 228 16 19 0.038050476 
945 218 14 17 0.035874963 
103 187 34 34 0.032313753 
292 204 40 47 0.031186087 
376 183 33 39 0.029798191 
646 128 396 449 0.029219734 
749 94 10 11 0.02791413 
413 167 11 14 0.026749635 
867 213 42 58 0.026049891 
525 160 9 12 0.025685214 
709 598 109 101 0.02546312 
114 185 16 19 0.024873734 
505 228 21 26 0.024502235 
600 211 14 16 0.024375308 
752 101 9 11 0.023904355 
7 21 8 10 0.023371788 
678 278 34 40 0.023089442 
758 175 12 14 0.022493742 
796 229 53 59 0.022425646 
770 236 27 39 0.02236793 
510 173 8 12 0.022089297 
790 191 9 11 0.021677922 
775 597 119 107 0.021452777 
734 168 9 10 0.021447636 
512 47 8 11 0.021238053 
858 221 33 44 0.021196106 
965 200 16 21 0.021130526 
754 243 32 36 0.021060456 
962 347 22 27 0.020976646 
816 16 8 10 0.020584546 
171 156 12 17 0.020435506 
693 1 9 10 0.020420695 
