12_Group_Team_Organized_Group_12_Group_Team_Organized_Group_12_55
77
289 169 36 36 0.99843544 
184 134 36 37 0.995096 
429 96 34 41 0.86625725 
228 133 26 34 0.34734023 
62 115 33 38 0.23129156 
83 84 26 33 0.2089333 
223 255 12 16 0.14206031 
66 97 39 46 0.14136325 
413 99 36 36 0.11658999 
518 172 10 13 0.108288504 
120 153 14 20 0.09998498 
438 81 29 42 0.09409611 
183 294 13 16 0.0715669 
203 124 41 51 0.06855333 
218 231 15 17 0.061243378 
52 123 30 33 0.060486466 
549 164 16 19 0.057663642 
125 186 16 21 0.05530631 
369 157 37 40 0.05340234 
457 190 16 19 0.053124946 
227 148 18 24 0.051855437 
1012 429 12 22 0.050404314 
507 176 22 27 0.048900846 
528 157 12 17 0.0468889 
477 319 11 13 0.04600861 
97 85 19 23 0.045545444 
138 132 11 14 0.044919644 
201 179 30 33 0.042248927 
532 161 12 16 0.04069915 
240 141 18 24 0.037518173 
575 151 9 12 0.03626137 
123 147 15 19 0.035585254 
286 341 10 14 0.03438708 
443 175 35 35 0.033881582 
248 144 24 32 0.03308952 
269 270 9 14 0.03291689 
121 296 17 24 0.03145709 
543 164 13 17 0.031422395 
257 149 23 31 0.031048637 
80 112 30 36 0.030696198 
99 152 25 33 0.029237466 
273 312 10 12 0.028496003 
159 187 11 13 0.028447958 
127 178 27 30 0.027945258 
88 79 38 52 0.027655592 
220 238 21 25 0.027223011 
93 226 15 21 0.026786119 
90 99 17 24 0.026600843 
420 144 48 47 0.026579257 
75 121 18 23 0.026440209 
446 101 26 38 0.026193757 
501 184 24 31 0.025862867 
459 315 12 14 0.025849888 
252 344 12 17 0.025225922 
78 172 12 16 0.025128791 
217 249 21 26 0.024859596 
517 165 19 27 0.024697874 
217 258 13 16 0.02465031 
412 221 44 39 0.024091624 
420 164 33 36 0.02370564 
913 132 25 30 0.02351822 
199 149 34 36 0.023487415 
341 188 16 20 0.023216574 
82 127 15 21 0.02280637 
435 155 44 44 0.022806004 
539 160 24 29 0.022567648 
55 104 31 38 0.022109414 
529 157 21 26 0.02198188 
153 209 23 28 0.021900931 
256 311 9 12 0.021579126 
93 118 27 34 0.0213068 
131 126 15 19 0.021168128 
106 246 13 16 0.021085992 
124 130 17 21 0.020890975 
7 110 461 508 0.020800984 
512 173 12 14 0.020530717 
298 327 16 20 0.020000549 
