9_Press_Conference_Press_Conference_9_655
89
305 203 24 31 0.99940646 
499 224 35 42 0.9984835 
792 240 48 59 0.99814296 
365 226 30 43 0.9981384 
846 189 26 32 0.99791855 
161 205 27 31 0.99749315 
941 182 30 40 0.9970566 
197 189 26 33 0.9970541 
658 215 45 62 0.9968579 
886 212 29 39 0.9955712 
579 214 29 34 0.9953896 
758 205 29 43 0.995076 
954 212 34 45 0.994728 
420 192 21 29 0.994216 
63 208 22 27 0.9912252 
133 222 25 32 0.9872198 
651 202 23 31 0.9828189 
466 191 18 23 0.9536162 
392 196 22 28 0.91040844 
231 216 24 30 0.89058197 
546 187 22 26 0.8491771 
342 212 22 28 0.81248224 
1005 205 20 40 0.7513736 
137 200 21 26 0.6842436 
729 189 22 28 0.67554855 
117 218 17 22 0.5786203 
707 190 16 23 0.5375285 
644 225 13 21 0.21160714 
59 287 13 17 0.19966306 
111 193 18 21 0.19616534 
768 190 29 33 0.16771321 
644 195 40 53 0.16249993 
221 255 25 37 0.10080177 
485 194 15 21 0.08782894 
941 192 38 51 0.08742214 
168 187 13 14 0.085712224 
742 217 30 40 0.07845253 
260 238 29 32 0.07454304 
648 190 24 30 0.068792574 
422 226 15 20 0.06491753 
347 216 27 33 0.056741517 
105 284 17 19 0.05252713 
246 287 36 41 0.05243838 
494 209 28 39 0.04843202 
359 205 24 28 0.0479203 
163 179 15 19 0.04663703 
506 210 30 39 0.0453254 
381 199 24 29 0.043553937 
717 186 35 47 0.042753763 
491 198 25 33 0.041617624 
851 219 24 33 0.039721914 
117 223 23 31 0.039686136 
703 191 27 39 0.037468642 
713 197 17 23 0.037404332 
725 196 17 25 0.0361705 
372 208 16 20 0.034879092 
512 201 27 31 0.034529865 
724 207 15 21 0.033092797 
1005 496 15 23 0.0323956 
91 265 15 19 0.03157527 
224 227 29 42 0.031286623 
518 190 41 51 0.030751845 
345 204 18 21 0.030558053 
644 218 31 41 0.029839417 
827 199 42 53 0.02711119 
164 184 21 26 0.026296305 
420 210 23 30 0.02601825 
692 189 27 32 0.025620889 
111 221 16 21 0.025028555 
566 240 23 31 0.024722291 
349 195 26 30 0.023758043 
414 198 16 23 0.02356327 
93 260 24 28 0.023514483 
422 183 13 20 0.023440031 
343 187 27 30 0.023066355 
381 196 13 17 0.023060689 
161 174 12 16 0.022726292 
864 216 26 36 0.022635665 
522 196 16 20 0.022149479 
783 193 18 23 0.021852536 
773 223 46 60 0.021509623 
229 296 39 45 0.021303957 
774 202 30 37 0.021252286 
1012 206 11 19 0.020764621 
746 235 19 24 0.020660011 
553 182 17 22 0.020339707 
985 317 13 15 0.02028483 
353 211 18 22 0.020276263 
48 286 11 15 0.020095253 
