9_Press_Conference_Press_Conference_9_31
214
46 286 14 17 0.99285114 
81 481 21 36 0.93365663 
18 307 15 18 0.9045797 
443 205 15 21 0.88389397 
587 210 14 18 0.845943 
806 444 28 32 0.7823876 
859 431 22 29 0.7801106 
338 386 21 27 0.7357755 
186 377 22 28 0.71456254 
56 421 28 32 0.6947672 
259 373 26 31 0.63272995 
150 426 30 37 0.58265585 
339 492 29 36 0.5773021 
905 400 26 35 0.5225156 
117 374 17 23 0.51752317 
958 437 24 29 0.48232883 
279 579 54 51 0.42221498 
614 433 28 34 0.35055357 
745 379 24 29 0.3492932 
969 493 28 36 0.3387878 
192 436 32 38 0.3372696 
70 377 22 28 0.33157203 
818 373 22 27 0.32468957 
663 389 18 20 0.32322258 
396 432 26 30 0.30585617 
403 381 22 26 0.28010455 
878 389 21 26 0.27540708 
83 378 15 22 0.26197934 
980 354 17 21 0.25296864 
11 423 17 23 0.23662125 
19 359 17 19 0.21859662 
28 439 17 21 0.20196457 
67 485 34 49 0.18471512 
867 427 24 30 0.17718387 
969 434 26 30 0.17396109 
298 442 30 34 0.1719931 
66 428 26 31 0.16697314 
929 364 17 20 0.14227751 
887 494 32 38 0.14063442 
336 508 42 58 0.1363397 
72 360 25 29 0.120403185 
938 365 18 20 0.11652285 
870 518 22 34 0.11581186 
29 619 25 29 0.114351586 
589 454 31 38 0.11186088 
786 491 30 36 0.10670998 
804 431 26 30 0.10291982 
599 438 42 54 0.1028593 
876 516 38 46 0.10193647 
224 516 30 39 0.09871829 
825 449 15 21 0.09734946 
680 533 19 31 0.09644548 
721 612 68 54 0.09563024 
315 434 16 19 0.09527665 
63 413 25 29 0.0940944 
394 452 27 31 0.08606188 
429 210 11 15 0.08589401 
722 432 24 29 0.08028955 
25 306 13 18 0.08023316 
300 586 59 58 0.078044325 
595 386 16 19 0.07621097 
332 458 14 18 0.07512916 
139 529 16 21 0.072095625 
64 386 23 27 0.07002163 
885 392 24 30 0.06995191 
279 597 31 38 0.06797792 
972 490 18 24 0.06739428 
152 508 39 48 0.06601004 
661 382 15 18 0.064273864 
75 596 25 37 0.06184364 
404 393 22 26 0.061277624 
0 309 10 17 0.060953766 
915 395 14 19 0.060924787 
928 370 21 26 0.060079515 
1004 370 16 20 0.059660748 
874 497 30 36 0.05783218 
82 338 14 16 0.057487927 
9 409 19 26 0.05590835 
869 385 21 27 0.055570018 
657 387 12 20 0.05530884 
883 381 18 21 0.055277403 
958 221 12 14 0.05356425 
310 580 32 43 0.05097687 
856 522 27 41 0.050872188 
104 563 44 63 0.05047249 
304 430 24 28 0.050050806 
326 456 15 19 0.05000891 
741 390 16 21 0.049708955 
298 440 20 22 0.04960053 
814 361 24 30 0.048753798 
20 426 19 27 0.046859946 
317 334 23 30 0.04593115 
408 461 26 32 0.045755938 
797 443 19 24 0.045699663 
308 639 53 49 0.044308424 
814 376 16 21 0.043881085 
852 371 21 25 0.0438706 
334 453 23 28 0.042137355 
171 518 25 36 0.04082388 
76 344 22 26 0.04073944 
343 527 48 60 0.040697604 
901 436 17 20 0.040611308 
908 395 16 22 0.04044706 
1014 312 10 18 0.039778374 
19 394 24 26 0.03950842 
980 365 17 21 0.0389497 
160 417 25 33 0.038914993 
345 379 16 26 0.038405895 
782 393 15 20 0.038139284 
110 382 26 32 0.03718317 
656 381 12 16 0.0367765 
18 415 17 27 0.036666486 
461 639 16 21 0.036492795 
320 449 25 30 0.036462195 
436 187 11 15 0.035265636 
679 601 120 91 0.03480552 
430 202 19 26 0.034757968 
732 530 14 18 0.034289706 
591 393 16 20 0.034017514 
299 361 18 23 0.03375843 
43 346 16 21 0.033733305 
720 519 29 34 0.033697743 
868 366 15 16 0.033338346 
467 632 15 23 0.033297107 
44 341 14 16 0.03284741 
60 364 23 28 0.03236877 
839 515 34 47 0.032331586 
56 591 45 55 0.032205902 
110 371 18 22 0.03204171 
857 383 20 26 0.031398524 
873 406 24 29 0.03131258 
345 484 42 52 0.03123692 
344 455 26 31 0.03061003 
877 625 51 57 0.030261332 
748 374 16 19 0.02991681 
795 455 36 39 0.02975429 
133 524 47 53 0.02951094 
314 448 17 21 0.02938633 
393 452 43 51 0.029334225 
820 383 24 28 0.029209351 
970 429 19 22 0.02899878 
660 602 16 19 0.028751703 
867 379 16 21 0.028627161 
668 513 34 51 0.028193785 
436 196 15 19 0.02817565 
776 493 26 37 0.027809568 
976 481 27 33 0.027413815 
853 364 17 18 0.02733893 
419 471 17 21 0.02684403 
833 450 15 21 0.026496893 
845 436 21 29 0.026314674 
85 572 42 60 0.02621763 
825 367 23 28 0.026141703 
138 517 27 34 0.026088765 
639 197 12 16 0.025999589 
162 427 37 47 0.025979478 
976 426 28 33 0.025540702 
4 308 13 17 0.02550064 
579 184 23 28 0.025178649 
600 457 18 21 0.024809934 
931 381 17 22 0.024808068 
994 276 26 38 0.024709754 
973 356 18 24 0.024638502 
814 364 15 18 0.024525015 
83 365 22 30 0.024441496 
925 356 16 21 0.024423016 
417 384 15 22 0.024385761 
257 385 33 39 0.024275633 
99 440 23 28 0.024131507 
762 490 26 35 0.024085475 
391 191 10 14 0.023962134 
869 517 14 20 0.023848357 
752 470 31 42 0.02380246 
373 397 12 16 0.023756007 
80 437 16 24 0.023564907 
880 434 16 21 0.023530599 
298 385 18 24 0.023485897 
403 475 44 54 0.023324294 
920 231 11 14 0.023233257 
950 439 17 24 0.02322209 
430 195 13 16 0.023208078 
11 591 23 32 0.023181083 
352 498 18 26 0.023142304 
677 523 17 26 0.023120318 
667 397 17 19 0.023013301 
721 503 34 38 0.022939106 
950 446 25 34 0.022869287 
901 350 15 17 0.022826938 
883 478 34 38 0.022680245 
43 352 22 28 0.022331985 
304 612 55 55 0.022316163 
376 464 45 56 0.02226932 
54 429 18 22 0.022140259 
829 573 39 59 0.022062555 
171 515 47 58 0.02204843 
333 380 19 22 0.021877527 
408 434 18 22 0.021838637 
269 593 29 36 0.02161944 
732 393 16 19 0.021565195 
683 450 18 20 0.021516353 
881 460 27 31 0.021491224 
710 435 21 34 0.021240033 
729 460 41 49 0.021201804 
795 499 30 35 0.021150667 
1 414 23 33 0.02112207 
857 588 42 59 0.020966677 
761 378 16 21 0.02054572 
55 435 30 34 0.020511217 
359 464 42 50 0.020238515 
354 548 46 62 0.020233102 
951 505 37 49 0.020142466 
790 474 36 39 0.020124678 
655 602 27 31 0.020113444 
838 443 23 30 0.02011054 
