9_Press_Conference_Press_Conference_9_278
17
593 114 78 113 0.99884295 
518 253 40 48 0.091460444 
537 253 25 37 0.05192925 
978 484 12 14 0.04738171 
474 260 27 31 0.046851773 
327 218 388 467 0.039780304 
449 271 36 41 0.03326405 
979 501 12 15 0.029953528 
390 234 41 54 0.029809713 
466 245 32 40 0.029640643 
989 548 37 61 0.027769618 
457 255 32 39 0.026767714 
464 266 34 40 0.026357017 
541 250 17 21 0.026025936 
979 491 13 16 0.022792574 
412 253 52 59 0.021609046 
486 239 28 31 0.020534698 
