9_Press_Conference_Press_Conference_9_397
19
87 91 45 59 0.9988721 
871 141 49 60 0.9981944 
356 104 44 57 0.99730945 
481 117 44 57 0.9967109 
627 115 41 54 0.99483925 
207 130 42 52 0.99410653 
715 156 38 47 0.9904523 
787 163 40 48 0.97325957 
679 292 19 23 0.5466661 
292 99 25 32 0.45624775 
758 163 14 19 0.08249402 
761 185 29 45 0.073929936 
788 182 42 54 0.061409567 
801 211 27 32 0.05646875 
747 157 25 32 0.032185633 
613 136 13 19 0.02862134 
775 173 34 41 0.023486065 
738 126 26 32 0.023050753 
241 133 31 39 0.022605656 
