9_Press_Conference_Press_Conference_9_325
22
333 191 61 77 0.9986958 
686 119 59 101 0.9907488 
757 59 20 26 0.5129767 
479 138 21 29 0.079364285 
600 240 17 22 0.07319134 
598 374 15 18 0.06851371 
722 0 16 15 0.06398047 
482 260 13 18 0.062050954 
674 84 17 24 0.051862765 
846 32 22 27 0.040388633 
536 122 22 29 0.04032653 
435 155 12 18 0.038611 
409 79 81 124 0.034199636 
769 62 16 23 0.034104746 
798 0 16 18 0.03196098 
411 94 47 82 0.03022809 
431 269 13 18 0.02761909 
750 62 17 22 0.02754479 
874 519 43 51 0.027234554 
770 331 116 188 0.025971357 
748 58 40 46 0.025791107 
533 248 22 28 0.025305422 
