9_Press_Conference_Press_Conference_9_710
17
270 294 423 560 0.9999881 
474 1341 34 35 0.5184878 
940 1366 44 65 0.48546845 
899 183 49 72 0.23562597 
846 335 65 84 0.14503433 
947 975 37 50 0.13791698 
963 1425 47 69 0.12535793 
770 159 32 41 0.061242126 
831 497 54 73 0.05524985 
217 564 499 593 0.047601216 
956 1387 51 78 0.046528112 
211 124 407 455 0.033700127 
-2 495 35 61 0.027976317 
466 1325 34 37 0.027476283 
828 599 49 68 0.026541648 
699 1340 38 44 0.021947244 
839 295 52 72 0.021257231 
