9_Press_Conference_Press_Conference_9_748
23
296 217 411 560 0.9999716 
309 445 559 581 0.24053487 
333 1076 444 544 0.14819993 
-67 466 369 499 0.10338053 
236 866 418 572 0.100058995 
436 701 429 518 0.08905867 
744 551 337 478 0.06952934 
203 88 399 489 0.064498104 
625 7 347 468 0.06263409 
279 1187 201 332 0.061297487 
621 61 198 269 0.052049115 
56 983 374 494 0.051826097 
32 514 215 343 0.046532918 
713 17 217 293 0.043692593 
-28 404 239 330 0.04098628 
581 568 365 498 0.031961247 
419 983 486 460 0.030859163 
840 577 178 269 0.028206127 
-33 -50 465 439 0.025065573 
648 773 433 531 0.024070024 
70 645 217 344 0.022531494 
3 624 116 175 0.022038143 
59 418 131 155 0.021178529 
