15_Stock_Market_Stock_Market_15_313
28
286 120 40 45 0.9714366 
891 481 28 41 0.3083702 
957 170 47 69 0.15923075 
138 240 29 34 0.11004066 
617 148 37 42 0.09021682 
269 100 46 60 0.08877912 
800 360 52 74 0.074964784 
846 322 46 73 0.06276099 
867 313 52 77 0.0581289 
864 103 9 11 0.057380076 
879 465 50 62 0.05112013 
260 108 29 39 0.043082662 
906 90 12 15 0.042685743 
938 93 10 12 0.041024562 
825 354 49 70 0.040430404 
892 336 51 73 0.039133318 
205 181 31 32 0.036962196 
603 149 33 38 0.03689363 
10 350 102 150 0.032070424 
596 185 39 48 0.030519042 
781 367 52 78 0.027915113 
55 171 23 30 0.026786081 
65 303 53 61 0.026723998 
60 66 16 19 0.02428144 
811 352 32 43 0.022999115 
835 315 81 115 0.021781685 
837 111 24 31 0.02083336 
987 252 39 79 0.020274699 
