15_Stock_Market_Stock_Market_15_102
62
283 399 76 108 0.9845106 
912 117 21 27 0.26802126 
202 -24 420 544 0.16832939 
986 76 22 28 0.16306509 
304 365 103 133 0.10857757 
377 491 30 38 0.096597716 
859 436 17 21 0.094662614 
886 253 23 31 0.07609294 
877 298 16 21 0.07306033 
275 434 59 90 0.059456587 
126 79 14 18 0.058890566 
47 114 32 35 0.056678116 
960 14 26 32 0.05537745 
882 341 14 17 0.054485008 
989 260 25 32 0.05420756 
947 295 24 31 0.053319193 
380 149 20 26 0.05253352 
47 139 38 41 0.05203015 
884 253 16 20 0.04880119 
921 119 18 22 0.047543716 
119 158 31 37 0.046391305 
223 199 206 297 0.04572248 
930 122 15 19 0.04567428 
876 335 23 31 0.044503074 
37 190 28 32 0.0415969 
135 500 38 43 0.03588388 
33 80 396 548 0.035867643 
8 394 29 35 0.03569644 
339 351 109 129 0.035420857 
867 430 13 15 0.03531366 
879 297 26 31 0.034713455 
0 457 38 61 0.03450541 
890 304 13 17 0.032962404 
102 284 29 32 0.03195424 
77 490 34 42 0.031949136 
861 429 24 33 0.031702604 
865 423 9 11 0.03153731 
617 182 15 19 0.030224342 
135 158 29 35 0.029860893 
853 627 11 14 0.0296039 
43 151 27 32 0.028366517 
109 204 25 30 0.02792446 
577 443 13 15 0.027869115 
1 610 16 24 0.02721214 
541 571 13 16 0.026834888 
700 191 14 18 0.026459515 
654 274 14 19 0.026151892 
37 617 38 40 0.025409136 
879 335 12 15 0.025073469 
318 211 359 470 0.024826238 
932 393 15 19 0.02327838 
831 642 12 14 0.023209687 
123 120 26 30 0.022181828 
684 192 13 17 0.022045491 
31 272 24 29 0.021900812 
123 247 26 29 0.021672325 
898 301 26 35 0.021103865 
603 182 13 17 0.021088615 
969 19 15 20 0.020941831 
913 67 26 34 0.020906698 
823 651 27 34 0.020601444 
539 174 15 19 0.02008083 
