47_Matador_Bullfighter_matadorbullfighting_47_777
17
585 79 218 272 0.9999261 
232 550 94 133 0.08285601 
498 176 19 22 0.08230082 
58 -7 374 474 0.053239327 
791 408 248 252 0.040409997 
808 115 100 154 0.036117427 
905 485 128 169 0.034338348 
471 117 94 120 0.034002963 
790 97 199 252 0.031624623 
756 318 398 412 0.031599537 
21 360 175 220 0.028736401 
472 185 29 32 0.025283739 
518 152 31 41 0.0240383 
270 529 102 134 0.023597527 
427 281 106 135 0.021561481 
355 484 50 65 0.020576136 
-2 467 89 156 0.020009013 
