47_Matador_Bullfighter_matadorbullfighting_47_42
32
221 96 44 59 0.99531084 
159 95 35 45 0.39738116 
527 0 25 22 0.33613816 
270 101 32 42 0.2524516 
97 -1 18 15 0.115677014 
637 -1 19 14 0.07370997 
805 -1 26 19 0.07267177 
791 28 24 26 0.0707876 
419 0 53 51 0.06592966 
942 1 41 34 0.05854448 
424 53 12 14 0.05011732 
84 0 26 22 0.048407108 
250 149 23 31 0.046130467 
530 12 18 21 0.045352288 
661 678 10 12 0.04273554 
707 -1 20 14 0.038780563 
741 48 17 18 0.034560975 
350 19 12 12 0.03445439 
124 0 16 13 0.03227247 
272 75 42 58 0.030712036 
373 52 11 14 0.03043468 
317 13 14 14 0.030370984 
129 0 17 18 0.02948659 
423 91 14 17 0.029292742 
153 -1 28 23 0.029098304 
795 511 49 47 0.026109673 
220 6 16 21 0.02449931 
852 341 117 138 0.02381989 
964 525 30 38 0.022450102 
198 4 27 33 0.022380471 
172 42 47 62 0.022294631 
426 57 15 16 0.020303365 
