47_Matador_Bullfighter_matadorbullfighting_47_443
135
821 205 14 17 0.5987971 
973 195 13 20 0.55507123 
859 166 13 16 0.5216875 
350 198 13 17 0.50239956 
315 204 12 16 0.40629232 
902 203 14 18 0.30132517 
583 202 12 15 0.28840634 
460 327 26 30 0.24829169 
827 208 14 17 0.21420479 
195 251 18 23 0.19250558 
779 228 18 22 0.18748726 
836 205 11 14 0.17834453 
832 265 14 17 0.14746392 
670 265 14 17 0.1338161 
422 219 14 17 0.12701388 
828 259 23 29 0.12668405 
952 258 13 16 0.12317342 
538 254 25 32 0.10935443 
491 296 18 22 0.100766525 
538 252 17 22 0.09824651 
765 222 10 13 0.08954765 
816 204 12 17 0.08237821 
806 202 11 14 0.08087296 
74 179 27 30 0.076738425 
190 249 28 38 0.07366322 
780 207 10 12 0.07339255 
896 211 13 16 0.07102204 
687 261 11 14 0.07054184 
863 198 11 12 0.06711159 
313 199 11 16 0.06549207 
797 202 13 15 0.06532709 
507 247 19 23 0.06302206 
905 198 13 16 0.061075095 
563 310 10 14 0.060916238 
468 250 14 16 0.060196146 
510 338 24 31 0.05924283 
462 260 13 16 0.05850152 
371 214 12 15 0.05841259 
408 190 10 12 0.057840385 
579 226 15 17 0.05675887 
359 221 12 16 0.054966882 
385 228 12 15 0.05420643 
757 226 12 15 0.054194912 
792 204 12 14 0.05312268 
555 313 15 19 0.052468367 
749 225 12 16 0.052353185 
931 253 11 14 0.052111275 
428 174 11 11 0.051825594 
766 227 12 17 0.048466284 
21 309 434 328 0.047873955 
294 204 10 14 0.047532413 
872 252 13 19 0.044412035 
581 206 15 19 0.043230414 
495 286 13 17 0.043202985 
790 223 11 14 0.043100473 
427 215 13 16 0.042636454 
614 214 14 17 0.04108045 
313 209 10 14 0.040780474 
423 187 12 14 0.04023623 
781 224 13 17 0.039406937 
757 259 13 18 0.039313193 
388 224 11 13 0.039121065 
408 196 11 14 0.038447443 
345 197 11 15 0.03770883 
765 224 21 26 0.037493758 
820 242 39 49 0.037156582 
373 194 12 14 0.036715847 
294 211 9 11 0.03642222 
545 306 25 31 0.035355266 
516 243 23 30 0.034496147 
775 211 11 14 0.03423946 
412 188 11 14 0.03417453 
500 273 13 16 0.03392721 
844 206 10 13 0.03306706 
473 243 16 19 0.033030406 
392 308 12 15 0.032601442 
794 195 21 24 0.032109138 
390 244 15 19 0.03184116 
862 202 14 16 0.031627968 
674 257 20 27 0.031075064 
572 225 25 29 0.031040229 
467 256 15 18 0.03094009 
476 256 14 17 0.03047258 
774 222 13 16 0.03017666 
552 259 19 22 0.030167507 
884 214 12 14 0.029754646 
451 221 13 17 0.029100146 
881 220 11 13 0.028360743 
567 228 12 15 0.028199254 
427 181 14 17 0.028033637 
52 198 15 18 0.02780303 
933 199 10 13 0.027630085 
536 267 29 34 0.027319796 
421 196 10 13 0.027241174 
750 253 14 18 0.027227003 
918 203 12 15 0.027160015 
574 232 15 18 0.02712866 
532 243 16 23 0.026702916 
499 241 19 24 0.026446044 
926 197 11 14 0.02616102 
501 236 15 18 0.026159944 
861 210 16 18 0.02607967 
358 190 10 13 0.0258656 
943 242 11 14 0.025833832 
595 312 15 17 0.02556341 
494 290 25 34 0.02544914 
565 174 10 12 0.025269948 
935 203 11 13 0.024968771 
814 199 10 14 0.024444584 
454 237 11 14 0.02426651 
766 213 12 15 0.024185978 
437 283 14 17 0.023673503 
663 264 14 17 0.023563173 
745 222 21 25 0.023502056 
483 243 14 18 0.023434317 
892 181 12 15 0.023406237 
343 191 9 12 0.023166204 
575 212 11 15 0.023061305 
190 165 16 19 0.022874651 
787 237 14 19 0.022819914 
805 209 12 16 0.022527426 
757 232 15 19 0.022465054 
321 203 13 16 0.022284139 
324 243 13 16 0.021183733 
304 213 9 11 0.020995807 
862 232 13 17 0.020947823 
478 291 27 30 0.020868454 
357 212 12 16 0.020813001 
179 235 51 67 0.020479526 
706 353 15 19 0.020441392 
90 161 42 54 0.02033489 
797 235 12 15 0.020202689 
589 315 15 17 0.020167459 
990 182 14 17 0.020088077 
592 224 23 28 0.020059196 
