47_Matador_Bullfighter_matadorbullfighting_47_572
18
233 28 26 29 0.98997784 
890 97 23 31 0.9781697 
195 190 45 51 0.9551398 
77 2 31 37 0.91441876 
649 105 22 28 0.19478075 
97 62 33 54 0.10128351 
75 43 24 32 0.056492653 
414 43 241 246 0.04212681 
355 512 83 64 0.041716713 
349 575 38 50 0.037688505 
57 37 24 33 0.03625476 
174 182 33 46 0.032394875 
338 82 13 17 0.025854897 
208 53 24 31 0.02514082 
56 32 42 56 0.021396033 
330 535 55 51 0.021278301 
304 292 11 14 0.020230878 
177 301 12 13 0.02001514 
