47_Matador_Bullfighter_matadorbullfighting_47_207
110
923 480 15 20 0.94697964 
884 484 18 21 0.9459371 
375 418 20 25 0.8387053 
744 424 17 23 0.83101475 
576 398 20 28 0.72273034 
61 340 16 20 0.47672564 
468 429 16 22 0.3080486 
601 470 17 21 0.23954882 
818 481 17 21 0.22856104 
458 429 20 26 0.18621014 
401 495 17 24 0.1858778 
642 542 17 23 0.17959514 
914 540 11 14 0.17474285 
871 524 9 10 0.16085605 
413 433 14 17 0.15216203 
718 490 17 20 0.14755039 
442 433 14 18 0.14003344 
418 509 25 34 0.12736203 
411 500 23 32 0.10713626 
777 481 19 27 0.08248474 
409 441 22 27 0.072565876 
871 470 12 14 0.07239162 
597 780 16 22 0.07227158 
529 527 9 12 0.06796925 
781 474 13 19 0.061173346 
383 419 23 29 0.058651954 
590 469 23 31 0.05762423 
787 483 16 20 0.05669632 
78 358 13 15 0.05305974 
827 491 13 16 0.052826796 
404 430 23 28 0.050414756 
837 542 13 14 0.04722708 
238 421 21 27 0.04625537 
627 528 37 49 0.045391753 
403 449 17 21 0.043880764 
631 532 24 29 0.041969385 
536 476 12 16 0.0410387 
590 477 13 17 0.039602824 
862 494 12 15 0.039030753 
229 426 15 21 0.037811715 
511 458 14 15 0.037761364 
890 480 13 16 0.036092963 
231 520 13 14 0.036069583 
166 345 441 497 0.035918355 
786 469 13 15 0.035678647 
650 570 26 30 0.03556971 
386 483 28 34 0.035267513 
771 451 11 16 0.03523497 
831 534 27 29 0.034025665 
1001 471 21 29 0.033786237 
636 500 11 13 0.03347046 
794 484 17 19 0.033282384 
235 430 16 21 0.033257548 
508 477 13 16 0.032781195 
786 444 14 17 0.03251268 
324 440 22 29 0.032294385 
721 481 24 31 0.03221644 
85 373 12 14 0.032172006 
876 525 9 10 0.031613264 
903 469 13 14 0.03140386 
584 484 10 13 0.0311542 
633 495 9 13 0.03109248 
501 480 12 17 0.030444413 
637 549 28 35 0.03027551 
781 487 26 31 0.029361922 
392 500 26 34 0.029321633 
65 341 21 28 0.028923292 
723 477 14 15 0.028918821 
615 511 9 11 0.028766114 
611 676 372 433 0.028667511 
420 526 17 21 0.028388772 
341 443 11 16 0.028362181 
348 462 27 40 0.028327072 
368 419 15 20 0.027866183 
576 467 42 54 0.027755199 
776 475 11 16 0.027727306 
244 413 17 21 0.027436161 
537 365 419 452 0.02723332 
213 454 37 49 0.027099334 
392 458 27 36 0.026723564 
83 362 11 15 0.026697768 
610 473 12 17 0.026408039 
720 479 10 13 0.02627468 
79 372 12 14 0.025643528 
526 477 11 14 0.025496783 
393 438 25 29 0.025452403 
719 483 44 49 0.025307529 
645 501 10 13 0.025248948 
622 478 11 14 0.025078513 
394 423 15 21 0.024891006 
403 483 16 21 0.024874862 
629 518 11 14 0.024691889 
419 465 13 19 0.024560506 
382 441 25 31 0.024542212 
454 414 11 13 0.02440552 
656 485 12 15 0.02439115 
568 386 34 46 0.024285767 
737 466 42 48 0.023795387 
453 437 15 20 0.023554187 
556 417 13 15 0.023461608 
364 425 22 29 0.02345365 
576 372 10 12 0.023394175 
359 444 12 15 0.023374712 
868 491 12 16 0.022922738 
368 444 25 32 0.022407217 
409 490 15 23 0.021977616 
359 457 37 49 0.021135403 
435 453 11 14 0.02094603 
742 468 13 15 0.02054666 
364 444 12 16 0.020388763 
