47_Matador_Bullfighter_matadorbullfighting_47_152
110
192 216 31 42 0.9979056 
779 275 28 45 0.9895717 
118 10 16 19 0.85057485 
467 0 21 21 0.7272503 
678 52 13 17 0.47335166 
426 2 20 18 0.40665498 
174 20 14 17 0.38721636 
658 73 16 20 0.3494855 
147 28 13 16 0.31764284 
972 52 28 29 0.20183156 
628 11 13 17 0.15324688 
312 8 17 20 0.13011648 
695 58 13 18 0.12977934 
622 60 13 16 0.11730867 
919 22 12 15 0.10659092 
683 57 14 17 0.093888454 
468 38 15 18 0.09033561 
467 46 18 19 0.08299465 
685 46 10 13 0.081252724 
671 100 11 14 0.075969376 
971 17 19 20 0.07502575 
452 30 11 13 0.072664715 
1013 6 9 12 0.0699286 
480 3 14 14 0.063376665 
419 5 22 21 0.060455993 
517 386 54 78 0.05953459 
477 421 95 130 0.059177533 
173 3 15 17 0.058265008 
703 43 10 12 0.05483612 
530 439 29 36 0.05383157 
967 20 14 17 0.052788194 
284 0 17 14 0.05257763 
624 7 21 27 0.051442783 
174 1 11 11 0.0481853 
613 53 12 14 0.04377781 
468 29 12 14 0.04335854 
338 517 46 33 0.04145746 
985 53 17 20 0.04105409 
681 40 9 11 0.039359428 
175 11 18 22 0.033363692 
187 47 13 14 0.031987343 
653 46 10 13 0.031522308 
673 58 10 14 0.031104002 
155 28 12 16 0.031009726 
381 29 14 15 0.030859796 
679 65 10 14 0.030567763 
463 49 13 16 0.029662315 
686 64 13 15 0.02937069 
381 0 12 12 0.028721226 
608 68 12 16 0.028413026 
462 22 12 14 0.028212879 
652 53 12 14 0.028057072 
758 103 21 27 0.02804753 
462 28 13 14 0.028026424 
974 16 29 30 0.027647955 
153 516 32 33 0.027644174 
694 76 12 15 0.027454961 
168 21 13 16 0.027382217 
515 421 52 78 0.027273312 
700 53 21 28 0.026929798 
305 96 29 36 0.026339866 
678 45 21 26 0.025974322 
915 46 13 15 0.025875585 
145 24 11 14 0.025865141 
491 22 15 17 0.025860788 
707 42 13 14 0.025524607 
166 48 10 12 0.02539301 
271 27 22 28 0.025153112 
136 516 33 27 0.025118666 
507 451 55 81 0.024855027 
649 60 11 14 0.024664167 
303 104 44 51 0.024069957 
438 38 12 16 0.024005916 
117 53 12 14 0.023990223 
464 36 13 15 0.023973232 
258 105 15 19 0.023950376 
447 23 22 25 0.023928666 
626 54 11 15 0.023047052 
531 401 17 20 0.022732636 
508 358 55 77 0.02265895 
614 55 19 24 0.022618508 
873 14 11 16 0.022606505 
566 4 13 13 0.022546869 
433 0 18 15 0.022545772 
694 40 10 11 0.022482473 
420 16 17 19 0.022373596 
307 40 26 31 0.02229233 
512 100 13 16 0.022269908 
467 7 26 28 0.022206336 
144 4 12 15 0.022028001 
167 0 12 11 0.021951776 
110 228 154 202 0.021831412 
416 3 14 16 0.021766748 
290 -1 25 24 0.021636404 
468 19 14 15 0.02137062 
278 0 14 12 0.021254662 
984 62 18 21 0.021154646 
211 214 26 38 0.021013059 
959 39 45 52 0.02085774 
506 544 15 18 0.020839183 
748 67 17 21 0.020804737 
876 13 101 121 0.020770323 
417 29 11 14 0.02068396 
483 60 13 14 0.020646332 
255 25 15 19 0.020624952 
265 106 25 32 0.020619243 
686 40 9 11 0.020525252 
165 26 14 17 0.020396372 
998 59 13 18 0.02020157 
106 87 23 25 0.02009468 
