47_Matador_Bullfighter_Matador_Bullfighter_47_912
590
774 4 30 36 0.9977857 
776 124 29 34 0.9958295 
731 62 25 33 0.99277496 
917 0 34 38 0.98348886 
840 55 32 43 0.9822152 
845 119 32 40 0.9819918 
630 113 22 30 0.97465706 
602 101 21 27 0.95641077 
739 10 18 27 0.9519797 
629 19 17 22 0.9441984 
378 39 18 20 0.92982495 
514 17 17 22 0.92981964 
235 22 16 18 0.9216569 
683 55 22 27 0.9203719 
434 27 18 22 0.9064106 
946 293 63 76 0.88246983 
565 3 18 21 0.8738246 
689 26 18 20 0.87226826 
326 95 21 24 0.8658067 
483 18 16 20 0.85732955 
121 18 14 18 0.81836855 
181 44 18 20 0.8132696 
99 307 28 54 0.79146117 
93 35 15 17 0.7848907 
715 119 25 33 0.7645772 
598 45 20 26 0.72430974 
347 52 13 16 0.7171514 
439 58 19 22 0.6909514 
676 8 16 18 0.6813602 
657 5 15 20 0.67806304 
817 0 23 23 0.67758363 
548 58 16 19 0.67695767 
246 175 24 34 0.6027173 
732 302 43 61 0.5939626 
752 119 21 29 0.56616473 
874 117 34 40 0.5467191 
591 166 24 30 0.54093426 
363 187 32 44 0.45569882 
35 20 14 16 0.43567774 
489 82 13 18 0.3841791 
310 16 14 20 0.38354075 
703 119 23 32 0.37734154 
857 14 24 28 0.35807782 
47 26 11 15 0.3466248 
443 4 14 15 0.33421153 
364 1 13 13 0.32508996 
385 161 25 32 0.31904876 
62 16 14 17 0.3095697 
0 91 12 17 0.28426316 
43 77 12 17 0.28254735 
207 12 12 15 0.2743467 
823 61 31 39 0.2546765 
561 30 12 16 0.23637773 
0 23 9 13 0.2309652 
175 20 14 17 0.22813469 
14 38 13 16 0.22445008 
94 0 12 11 0.2170595 
596 128 17 20 0.21110673 
221 46 14 16 0.20615983 
473 132 16 19 0.20612855 
533 40 15 21 0.2049973 
343 3 13 14 0.20231394 
694 113 23 30 0.20110859 
188 36 16 19 0.20059259 
348 14 10 12 0.19666457 
384 16 13 17 0.1834279 
734 124 27 32 0.1824834 
37 4 11 13 0.17316142 
371 99 19 23 0.17306334 
454 145 13 17 0.16722667 
-1 559 56 73 0.16400911 
84 45 12 14 0.16139947 
340 141 26 31 0.16041832 
693 127 16 22 0.15504622 
721 323 35 48 0.15404904 
254 3 14 15 0.14848462 
406 24 9 12 0.14747168 
633 91 25 31 0.14213812 
606 16 13 18 0.1401404 
157 22 13 16 0.13989504 
477 40 16 21 0.13685496 
717 6 16 21 0.13441277 
500 106 19 23 0.13290663 
617 358 33 35 0.13230428 
275 1 13 15 0.1321107 
68 19 13 16 0.13153645 
664 4 21 24 0.13060057 
415 5 12 16 0.1295195 
857 117 42 51 0.1285888 
242 24 14 18 0.12696946 
652 59 17 20 0.1261341 
369 386 30 50 0.124831624 
255 12 12 14 0.11770028 
479 113 17 20 0.117333174 
576 41 15 21 0.114635184 
211 52 14 18 0.11409053 
98 38 14 18 0.113813095 
1000 6 24 31 0.1128492 
6 22 10 13 0.11181757 
553 108 23 25 0.1061157 
681 5 18 20 0.10562484 
195 35 12 14 0.103230566 
647 222 31 36 0.102542564 
707 56 21 27 0.10152786 
322 481 105 142 0.10033646 
32 25 12 15 0.09904052 
349 1 13 12 0.09884961 
205 8 12 14 0.09478457 
254 20 11 14 0.09259263 
151 19 12 16 0.09022363 
158 82 14 17 0.08960055 
980 261 45 68 0.08860072 
168 7 10 12 0.08798688 
397 60 12 16 0.08778739 
253 52 15 20 0.0873521 
967 60 32 40 0.08382368 
138 35 14 17 0.08267228 
406 10 11 14 0.082006074 
636 83 19 23 0.08194585 
54 20 12 15 0.08130199 
182 -1 11 11 0.080616064 
251 26 13 16 0.08036806 
317 60 15 18 0.08034013 
342 47 15 17 0.08020385 
761 117 17 23 0.07959532 
12 22 11 12 0.07907135 
332 99 22 27 0.07881173 
87 0 12 12 0.07869785 
71 1 11 11 0.07868907 
210 18 13 15 0.07838005 
240 115 16 19 0.07761327 
1 116 18 21 0.07761078 
769 76 25 28 0.07751476 
212 29 11 13 0.07751233 
222 38 12 15 0.07697884 
311 102 12 17 0.076690756 
61 4 12 13 0.07576016 
858 27 20 23 0.075188994 
86 18 12 15 0.07475263 
609 48 15 22 0.07447493 
436 6 22 24 0.07389179 
51 34 12 14 0.07381569 
364 103 17 22 0.07347575 
399 12 11 14 0.072240196 
392 113 22 27 0.071402915 
711 43 14 17 0.07131823 
955 432 41 65 0.07131121 
538 37 15 18 0.0712137 
276 28 13 17 0.07068116 
22 20 10 13 0.070649974 
400 209 51 57 0.07059455 
492 10 14 22 0.0701145 
11 30 13 15 0.06974821 
39 72 11 15 0.06930587 
712 63 24 32 0.06889692 
641 412 31 35 0.06842782 
383 309 64 61 0.0683771 
76 1 13 16 0.067292064 
252 393 67 59 0.06702715 
55 12 14 17 0.066848665 
764 111 26 36 0.06682907 
907 58 27 38 0.06637647 
100 0 12 11 0.066267364 
470 18 14 20 0.06516138 
815 0 16 16 0.064396605 
689 10 16 19 0.06407598 
461 137 19 25 0.063831694 
8 536 91 108 0.063264266 
262 1 11 12 0.06262638 
371 188 42 52 0.06260476 
752 333 35 42 0.06179983 
356 26 15 20 0.061684836 
679 93 13 18 0.06168298 
586 419 16 20 0.06161717 
80 49 12 16 0.06160311 
474 123 17 20 0.061583124 
420 66 13 17 0.060819305 
63 52 11 14 0.060352918 
292 43 16 21 0.059610177 
4 52 13 18 0.05953838 
841 459 43 63 0.05922614 
582 174 25 31 0.05875983 
339 92 14 19 0.058645904 
439 1 12 13 0.05803961 
534 9 13 19 0.05794726 
295 1 12 16 0.057663433 
624 110 20 26 0.05729407 
685 21 17 20 0.057083968 
196 161 23 31 0.056693364 
133 -1 13 12 0.056351237 
597 0 14 17 0.056331705 
630 55 15 20 0.05504364 
424 23 11 14 0.054840337 
248 3 12 15 0.054716494 
173 14 13 16 0.054394048 
725 121 21 24 0.05409818 
118 0 10 10 0.053457785 
287 19 10 13 0.053231366 
817 -3 42 42 0.052888583 
75 61 14 17 0.052797396 
425 27 13 18 0.052637115 
110 0 12 11 0.052508716 
745 130 26 34 0.052395012 
342 56 14 18 0.052103817 
364 33 14 20 0.05205528 
379 64 14 20 0.051672075 
957 252 74 111 0.051514488 
183 4 12 14 0.05150027 
762 47 25 27 0.050406273 
245 50 15 20 0.05015143 
453 7 11 14 0.0500642 
491 108 20 25 0.049943 
152 50 13 18 0.04959073 
815 63 25 30 0.04957483 
371 0 11 13 0.048693046 
326 3 14 16 0.048689827 
722 129 28 34 0.048581798 
192 70 20 25 0.048571702 
630 87 17 21 0.048496373 
882 125 19 24 0.048281427 
332 10 12 15 0.04825739 
165 64 15 19 0.048055355 
709 -1 12 11 0.04800794 
335 61 13 17 0.0479975 
185 55 15 19 0.047912784 
158 67 14 16 0.04739682 
868 125 54 69 0.047302622 
316 52 14 16 0.0469181 
88 29 13 15 0.046889834 
540 53 15 19 0.04663986 
100 30 13 17 0.045709543 
348 111 16 21 0.045601424 
592 48 15 21 0.045566052 
132 67 14 20 0.045530166 
405 50 14 19 0.045195103 
213 34 13 15 0.04500885 
468 31 20 27 0.044766147 
334 4 11 15 0.044443488 
127 0 12 11 0.044384684 
686 109 22 28 0.04433347 
241 66 17 19 0.044262983 
316 22 15 18 0.04423851 
430 63 17 22 0.04418487 
860 0 14 13 0.044162918 
159 0 10 9 0.04399918 
682 102 19 28 0.04386076 
827 99 30 40 0.043830995 
639 78 14 17 0.043737743 
21 28 12 15 0.04363897 
430 3 13 15 0.043527674 
395 109 15 20 0.04324401 
377 198 18 27 0.043238424 
855 1 24 26 0.04312327 
516 52 13 21 0.043118615 
535 57 13 18 0.04308123 
114 54 14 18 0.042953435 
43 205 429 432 0.04292802 
469 141 17 20 0.042910017 
381 175 29 41 0.042842973 
542 88 14 17 0.042748883 
454 32 13 20 0.042425625 
835 112 29 40 0.042389397 
718 0 13 14 0.041948568 
405 150 14 19 0.041880563 
429 23 14 19 0.041842226 
179 25 13 17 0.04171976 
200 6 11 14 0.041684583 
787 92 26 29 0.04143903 
566 67 15 20 0.04136564 
508 50 16 22 0.04129085 
31 14 13 16 0.04094885 
320 125 22 32 0.04086847 
390 74 14 18 0.040411677 
407 296 56 62 0.04035312 
125 4 13 14 0.040146872 
567 36 19 27 0.039942488 
868 168 50 71 0.039829914 
238 0 10 9 0.039555676 
45 14 10 14 0.039432116 
750 231 29 32 0.039377466 
382 198 49 56 0.039034 
222 13 11 15 0.038850293 
459 30 19 27 0.038836088 
362 73 15 18 0.03865297 
261 20 11 14 0.03863078 
316 97 16 21 0.038594346 
355 44 14 17 0.03803128 
506 2 23 25 0.037935335 
282 68 14 16 0.037766267 
189 4 10 14 0.037697617 
654 15 14 20 0.03760037 
142 19 12 17 0.037581634 
815 231 29 33 0.03753201 
285 209 32 43 0.037529927 
332 124 23 32 0.037418816 
413 58 14 18 0.03723092 
301 38 13 17 0.037122656 
412 36 13 18 0.03705178 
364 20 13 17 0.037004225 
341 66 13 16 0.03693012 
670 44 14 20 0.036845114 
697 107 19 23 0.03677651 
774 103 27 35 0.03677286 
163 25 13 18 0.036705464 
795 90 17 20 0.036126263 
542 62 15 19 0.035987224 
76 19 12 16 0.035950534 
379 29 17 22 0.035931025 
503 13 21 27 0.0358363 
463 19 14 19 0.035324335 
333 26 12 16 0.03506805 
166 0 10 10 0.035056684 
373 14 10 13 0.035014335 
173 6 11 14 0.03496679 
576 4 15 17 0.034884132 
306 125 23 32 0.034833226 
623 428 53 56 0.0347325 
734 5 14 20 0.034681074 
352 50 15 18 0.034626648 
412 51 13 18 0.03459512 
540 29 13 15 0.034570962 
404 34 13 17 0.03450897 
493 200 15 21 0.034428228 
717 37 13 18 0.03437909 
269 21 13 15 0.034322143 
896 9 31 35 0.034315098 
297 221 41 45 0.0342274 
591 102 23 29 0.03414051 
36 320 45 63 0.03414018 
330 84 18 22 0.033960313 
15 62 12 16 0.03395572 
352 104 20 27 0.033846036 
476 179 13 16 0.03377411 
553 52 16 21 0.033488724 
43 556 73 72 0.033434417 
9 35 11 14 0.033372622 
498 50 22 29 0.033213478 
521 14 16 21 0.033081792 
201 70 17 23 0.03297124 
400 20 10 15 0.032952443 
404 44 13 16 0.032930184 
21 15 10 13 0.032824866 
150 25 13 18 0.03274371 
278 11 11 15 0.032620937 
419 9 12 15 0.03253192 
283 26 15 18 0.03246307 
499 170 15 19 0.032399386 
417 36 22 29 0.032270093 
421 198 13 15 0.031927098 
971 195 55 106 0.031753838 
713 50 16 21 0.031730488 
958 69 26 36 0.031726606 
678 61 16 21 0.03161572 
213 44 15 18 0.031453475 
111 19 13 16 0.03122622 
509 0 12 11 0.030828018 
162 75 16 20 0.030782538 
609 14 19 25 0.030762507 
32 1 12 13 0.030745126 
200 175 13 18 0.030722471 
583 85 21 27 0.030722033 
63 24 13 16 0.030495299 
959 79 34 43 0.030490203 
565 17 14 18 0.03040658 
835 4 28 30 0.030393342 
482 138 14 16 0.03024752 
419 61 21 26 0.030238725 
894 50 27 37 0.030209884 
366 12 12 14 0.030203115 
282 74 16 21 0.030182391 
402 114 17 22 0.030114887 
972 20 49 66 0.030073272 
271 13 12 15 0.030010788 
435 204 48 60 0.030003639 
291 20 12 15 0.02994717 
260 174 28 36 0.029919311 
494 5 14 18 0.029895287 
180 11 12 15 0.029860904 
482 48 13 18 0.029835595 
555 144 15 18 0.029805975 
564 219 29 36 0.02970274 
396 153 24 28 0.029618543 
158 57 15 20 0.029513 
517 61 15 22 0.02945606 
28 79 16 20 0.029367406 
491 96 22 26 0.02927066 
309 44 13 16 0.029253323 
140 27 14 19 0.029178508 
671 496 58 46 0.029156648 
84 60 13 17 0.02912823 
396 269 60 72 0.029101599 
795 394 61 76 0.029099781 
987 1 40 53 0.029075116 
600 18 11 15 0.02865652 
499 3 14 17 0.028597273 
37 126 23 33 0.028593238 
291 27 15 18 0.028550962 
293 11 12 15 0.028435174 
953 327 69 83 0.028431712 
33 376 65 66 0.028309926 
725 298 31 49 0.028292501 
202 11 11 14 0.028252032 
768 30 29 33 0.02824136 
570 106 15 22 0.028216217 
231 0 11 10 0.027998772 
656 2 12 13 0.027993303 
343 19 12 15 0.027896186 
7 44 12 15 0.027814934 
263 354 84 69 0.027813928 
572 149 14 18 0.027598882 
398 0 10 11 0.027527709 
617 276 14 20 0.027517647 
827 77 18 23 0.027467962 
346 191 31 41 0.02718418 
599 1 19 25 0.027037222 
398 193 27 35 0.027016113 
582 171 13 18 0.027011432 
508 30 16 19 0.026992766 
402 5 19 24 0.026938425 
323 64 15 18 0.026928354 
565 148 14 18 0.026734848 
270 30 14 19 0.026703198 
110 43 12 15 0.02657107 
736 0 26 30 0.026516095 
324 26 14 18 0.026475694 
168 106 397 403 0.026467653 
372 71 15 20 0.026407216 
207 0 9 10 0.026311627 
230 15 13 17 0.0262856 
399 5 11 14 0.026281208 
823 201 27 34 0.026130147 
533 108 12 15 0.02608919 
657 50 19 27 0.026088996 
800 253 56 54 0.026064279 
487 60 11 17 0.025949286 
499 11 14 19 0.025903609 
836 453 73 96 0.025862096 
394 55 20 26 0.025785211 
22 5 10 13 0.025702175 
715 -4 21 22 0.025632866 
755 55 23 29 0.025533445 
826 70 40 49 0.025462389 
620 52 19 25 0.025386538 
15 16 10 11 0.025384018 
30 45 11 15 0.025298785 
983 32 30 37 0.025258277 
743 154 28 35 0.025116805 
669 65 14 19 0.025074607 
671 97 21 26 0.025056578 
666 47 20 29 0.025043625 
867 5 26 30 0.025004225 
762 13 28 35 0.024978733 
227 50 14 17 0.024855413 
21 0 11 11 0.024837501 
730 411 25 42 0.024821071 
950 318 41 46 0.02477375 
90 60 14 18 0.024765592 
326 10 13 19 0.024748463 
490 188 16 20 0.024743922 
202 149 14 17 0.02466601 
394 219 30 36 0.024660474 
485 205 28 44 0.024634928 
412 201 17 21 0.02459662 
15 403 74 70 0.024565889 
348 31 21 25 0.02445408 
419 530 114 99 0.024433292 
478 583 39 40 0.024419352 
367 82 26 32 0.024373267 
189 0 10 11 0.024340548 
852 31 29 34 0.024317518 
680 491 36 34 0.024309777 
566 179 13 19 0.024267752 
141 0 10 10 0.02404488 
150 0 11 11 0.024002964 
647 51 13 19 0.023982441 
548 28 13 17 0.023906892 
386 205 87 90 0.023884295 
678 28 13 16 0.023861904 
345 17 20 25 0.023841586 
460 11 13 17 0.023806471 
686 122 17 22 0.02375075 
311 236 44 46 0.023720814 
260 44 13 18 0.02367646 
382 146 27 31 0.02363236 
277 21 11 14 0.023575632 
3 120 25 34 0.023539158 
758 126 26 33 0.023522684 
764 63 26 28 0.023521267 
187 66 15 19 0.023497928 
357 67 15 20 0.023464276 
867 454 59 66 0.023432523 
808 4 27 33 0.023369147 
429 9 21 26 0.023363812 
506 101 17 22 0.023315882 
540 96 16 21 0.023260055 
176 0 11 10 0.023192745 
139 58 13 18 0.023188414 
739 120 17 23 0.023161447 
411 26 11 16 0.023154426 
171 172 11 15 0.023151075 
56 1 12 12 0.023100173 
603 462 51 62 0.023093672 
917 7 19 23 0.022992158 
238 183 16 21 0.022967042 
661 74 14 16 0.02290748 
469 2 14 17 0.022806715 
296 129 24 33 0.022737425 
386 492 105 116 0.02267954 
139 49 15 20 0.022673985 
236 51 15 19 0.022668814 
150 45 12 16 0.02265842 
432 73 27 33 0.02256748 
941 58 46 58 0.022493627 
346 70 20 27 0.022468923 
408 1 11 12 0.022430377 
389 64 20 25 0.022354705 
531 16 13 18 0.022330675 
89 -6 21 21 0.022329874 
281 190 31 38 0.022265866 
612 64 15 22 0.02224177 
5 7 10 12 0.02217615 
93 15 11 14 0.022173628 
904 30 45 55 0.022111928 
329 527 75 79 0.02207242 
14 93 11 14 0.022024386 
486 186 14 17 0.02200657 
634 366 29 36 0.021973176 
725 9 21 28 0.021897046 
309 38 12 14 0.021895885 
345 155 19 23 0.021892117 
535 11 21 26 0.021853969 
371 166 28 32 0.021845758 
747 60 24 31 0.021780476 
302 13 13 16 0.021766331 
497 206 27 35 0.021711573 
79 327 36 46 0.021680653 
36 51 12 16 0.021671645 
346 326 75 55 0.021670774 
6 16 20 24 0.021669533 
395 80 16 21 0.021621726 
541 113 16 20 0.021621615 
538 4 15 20 0.021616481 
695 516 38 42 0.021595962 
322 249 49 58 0.021581223 
663 84 14 15 0.021557977 
401 207 29 37 0.02154963 
399 50 13 18 0.02152737 
491 47 20 28 0.021474503 
968 37 33 45 0.021421732 
583 435 29 32 0.021415215 
357 10 12 14 0.021398015 
292 337 84 62 0.021382507 
285 389 32 46 0.021324823 
43 5 12 13 0.021278312 
440 21 18 22 0.021273144 
377 105 24 28 0.021226628 
842 18 29 32 0.02103382 
566 419 48 45 0.02100513 
887 2 32 32 0.02098912 
269 51 14 19 0.020960236 
947 427 32 52 0.02095303 
163 53 15 19 0.020942807 
572 179 23 28 0.020910867 
810 35 40 49 0.020889696 
198 173 25 31 0.020790983 
540 138 14 19 0.020785779 
110 115 13 18 0.020704085 
801 97 16 21 0.020588584 
472 168 22 26 0.020588359 
150 91 12 15 0.020588335 
810 139 22 29 0.020548848 
341 72 14 19 0.02054229 
828 354 37 42 0.020509642 
721 335 18 25 0.020452531 
564 60 14 19 0.020448517 
631 422 36 37 0.020413961 
246 13 12 15 0.020400919 
522 43 20 28 0.020391196 
103 19 11 15 0.020296525 
114 457 31 50 0.02029475 
519 3 23 24 0.02029003 
215 0 10 10 0.020222045 
426 306 34 40 0.020211486 
487 62 21 27 0.020208497 
614 373 44 50 0.020200128 
681 40 25 30 0.020166885 
733 0 12 14 0.020165727 
829 228 30 36 0.020095406 
643 94 16 21 0.020052787 
698 22 15 20 0.020008398 
