47_Matador_Bullfighter_Matador_Bullfighter_47_583
35
379 155 256 334 0.99992204 
127 651 25 31 0.2368618 
804 828 17 21 0.17967805 
902 604 13 17 0.1585681 
118 608 16 18 0.13744734 
223 789 20 21 0.121718906 
325 501 25 31 0.11725669 
283 843 26 39 0.094431266 
212 588 13 16 0.08012953 
98 623 24 36 0.07140317 
100 711 41 60 0.064100295 
392 673 44 40 0.05769058 
326 648 14 17 0.05539777 
892 609 12 16 0.05328319 
651 501 27 40 0.046878524 
787 906 13 16 0.041642096 
382 686 59 59 0.035435427 
384 862 35 43 0.03467659 
673 512 27 33 0.03436498 
141 664 12 17 0.033949032 
332 510 30 37 0.032897457 
760 570 31 38 0.031147454 
290 853 405 523 0.02860629 
267 823 31 41 0.028258909 
334 530 12 15 0.027267527 
173 751 11 14 0.02712515 
293 560 12 15 0.025589148 
125 629 28 40 0.025073016 
287 553 13 16 0.022897959 
222 542 10 11 0.02173109 
341 501 30 37 0.021671388 
308 575 10 13 0.021051817 
772 925 9 12 0.020693028 
134 621 29 39 0.0206382 
109 630 30 36 0.020039171 
