47_Matador_Bullfighter_Matador_Bullfighter_47_631
48
732 83 38 61 0.98598206 
92 48 15 20 0.66918004 
982 66 20 27 0.22072607 
368 46 47 65 0.14223714 
944 0 28 32 0.09751359 
150 54 15 20 0.088732034 
765 3 24 26 0.07467258 
124 -2 17 15 0.0741164 
881 15 17 20 0.07144076 
557 56 18 23 0.067918 
390 342 232 268 0.06381244 
618 456 119 129 0.052910786 
644 56 15 18 0.0450093 
564 221 373 493 0.043867398 
456 397 142 151 0.040736165 
246 290 56 71 0.0407299 
75 111 17 21 0.040595256 
249 -1 18 19 0.037865125 
156 116 14 18 0.032776605 
725 16 16 22 0.032157633 
782 164 32 33 0.032124404 
69 83 17 22 0.031912275 
383 180 367 417 0.031169321 
516 377 113 143 0.030758023 
125 140 16 22 0.030406294 
974 108 24 28 0.030249692 
649 476 63 74 0.030148437 
358 69 64 68 0.028961562 
571 1 17 20 0.028748963 
165 254 433 479 0.028557418 
581 435 92 132 0.02785225 
496 1 19 21 0.027645016 
693 518 16 21 0.025917636 
368 134 48 42 0.025736235 
518 353 186 254 0.025138086 
84 164 14 18 0.02509909 
611 0 16 20 0.025050292 
234 262 90 117 0.02499373 
661 131 14 18 0.024855299 
29 49 14 19 0.023806946 
201 57 20 22 0.022941235 
342 126 115 123 0.022570105 
802 188 14 16 0.022419007 
179 0 17 18 0.022036966 
251 317 34 43 0.021201165 
289 0 21 18 0.020726426 
792 180 26 27 0.020567559 
689 86 17 22 0.020256877 
