47_Matador_Bullfighter_matadorbullfighting_47_236
235
388 276 93 107 0.9987801 
67 196 17 21 0.96334404 
35 191 16 22 0.90584946 
828 126 25 28 0.89032656 
750 48 14 19 0.8636679 
155 140 16 19 0.8499004 
112 195 17 21 0.8359901 
388 188 25 31 0.8267991 
717 108 19 22 0.81713647 
124 180 15 17 0.75441706 
351 195 20 26 0.7518226 
160 179 16 19 0.69066334 
387 138 17 21 0.63588935 
681 42 13 18 0.619612 
265 206 19 23 0.6124509 
87 108 15 20 0.5991756 
603 191 17 20 0.57204884 
591 126 19 22 0.49586114 
795 117 15 19 0.49516532 
54 210 15 19 0.47375458 
993 97 18 22 0.47229233 
436 128 16 19 0.42501977 
365 178 21 28 0.42457443 
94 185 13 16 0.40925384 
417 122 15 20 0.40681887 
414 974 244 298 0.3828442 
945 48 15 19 0.35232133 
548 204 15 20 0.34791586 
160 175 12 14 0.3439491 
279 119 18 21 0.34246856 
357 189 21 26 0.29848757 
729 184 15 18 0.23997484 
225 256 9 12 0.21290642 
777 100 14 17 0.20996998 
854 156 13 17 0.20110966 
232 204 17 19 0.20084985 
156 257 11 15 0.17534661 
638 171 11 15 0.15031275 
638 185 12 16 0.14855476 
101 212 12 16 0.1385105 
85 148 10 12 0.13076092 
517 109 23 27 0.12515609 
645 169 13 16 0.124531455 
376 181 22 29 0.11708611 
80 147 10 13 0.1084879 
384 144 15 20 0.107048005 
97 157 10 13 0.10627031 
414 192 15 19 0.09524102 
121 175 13 14 0.09211498 
59 170 13 15 0.08953449 
795 127 16 19 0.088371344 
296 806 399 462 0.08613317 
929 86 10 13 0.08452456 
216 207 11 13 0.0839545 
129 185 13 16 0.08198395 
713 209 12 15 0.08150872 
706 178 13 16 0.081141144 
118 159 9 12 0.08018384 
424 122 20 25 0.07788968 
839 129 18 20 0.07267127 
263 182 40 47 0.07189841 
991 79 27 33 0.06808757 
238 118 12 16 0.06549084 
186 238 8 10 0.062075783 
164 203 14 18 0.061232854 
621 178 15 19 0.05826711 
443 126 12 17 0.055232257 
72 142 10 14 0.055227417 
342 198 16 22 0.052837767 
597 177 38 46 0.05199064 
876 92 40 53 0.051647637 
963 82 12 16 0.05084358 
419 189 12 16 0.050646085 
102 150 10 12 0.049716152 
437 150 12 16 0.048268296 
70 171 12 15 0.047833983 
322 200 17 20 0.047123086 
454 185 23 28 0.047110755 
815 165 13 17 0.046791308 
62 201 16 20 0.046657145 
400 193 17 22 0.04642821 
289 198 24 30 0.046388373 
682 69 12 16 0.046208248 
455 162 13 17 0.04615398 
384 132 16 20 0.046124533 
181 184 9 12 0.045747973 
152 188 10 14 0.04504803 
610 175 22 28 0.04490687 
112 156 11 14 0.044366874 
64 149 9 11 0.044219047 
629 194 12 14 0.042643443 
153 133 13 17 0.042272437 
283 179 27 29 0.042007085 
89 185 12 16 0.04160454 
414 138 15 19 0.041525085 
628 171 14 19 0.041287746 
95 150 10 12 0.041105594 
392 143 16 20 0.040585034 
125 157 11 14 0.039695147 
109 148 11 14 0.039111655 
436 160 16 21 0.039084997 
113 163 11 13 0.039038327 
120 194 16 19 0.038650118 
155 186 23 26 0.037816588 
458 181 16 19 0.036897585 
824 130 16 19 0.036815796 
583 123 14 20 0.03648178 
562 141 15 19 0.036308866 
0 189 8 13 0.03570895 
515 118 17 23 0.035477977 
153 119 8 10 0.035327077 
542 105 14 19 0.035312966 
86 157 10 14 0.034693085 
444 147 13 16 0.0346382 
740 90 17 19 0.034244332 
227 182 22 25 0.033799853 
230 191 22 26 0.033771526 
386 204 18 24 0.03350985 
307 108 15 17 0.033248357 
162 131 14 18 0.03315498 
582 138 23 28 0.032746006 
173 187 11 15 0.03255134 
748 210 13 14 0.032418452 
753 90 15 18 0.032206554 
157 128 14 17 0.03204008 
80 157 10 13 0.031845253 
143 133 10 12 0.031624842 
381 186 43 49 0.031255636 
775 123 13 16 0.031201134 
529 119 17 21 0.031182729 
682 188 13 17 0.03108712 
87 165 9 11 0.03104056 
326 169 13 17 0.030765403 
94 163 11 13 0.030734599 
4 265 12 15 0.030296156 
219 211 11 13 0.030162144 
612 186 25 28 0.03011704 
191 129 11 15 0.02971755 
108 141 12 15 0.029635707 
76 171 12 15 0.029319929 
487 284 12 16 0.029257698 
701 173 20 25 0.029247897 
190 110 9 12 0.029216196 
639 175 19 25 0.029174231 
608 497 27 32 0.029165503 
974 42 12 15 0.029124703 
438 132 21 26 0.029093958 
652 216 13 16 0.02903736 
980 94 25 33 0.02884386 
94 175 13 15 0.028742477 
724 205 15 17 0.028631827 
484 160 12 15 0.028467627 
702 203 10 15 0.02837957 
65 143 9 12 0.028218424 
580 148 15 18 0.028066464 
903 140 24 28 0.028006345 
751 205 10 12 0.027897805 
995 85 17 19 0.0277396 
152 126 10 13 0.027601525 
698 180 10 14 0.027392028 
223 126 12 14 0.027391741 
667 492 27 34 0.027250819 
372 216 15 18 0.027215308 
905 146 14 16 0.026946176 
779 128 13 16 0.026769362 
601 130 14 19 0.026476849 
119 150 10 13 0.026452057 
670 506 14 17 0.026389088 
433 882 379 472 0.026295742 
375 146 14 19 0.026273496 
764 162 13 17 0.026065439 
631 477 26 32 0.025966214 
635 167 19 24 0.025950544 
480 162 12 15 0.025770536 
725 194 15 17 0.025599137 
683 183 11 14 0.02498806 
152 251 19 24 0.024906298 
347 174 21 29 0.024859183 
802 92 14 16 0.024847012 
216 133 12 14 0.024299545 
781 117 21 26 0.02411367 
731 209 13 15 0.024099674 
226 130 15 18 0.024012037 
522 299 10 13 0.023991333 
77 178 12 16 0.023956336 
825 119 39 48 0.023461148 
290 123 13 17 0.02333718 
110 172 11 13 0.02329482 
670 481 24 28 0.02317116 
392 133 15 18 0.02311255 
124 163 14 15 0.023032296 
251 180 15 19 0.02287453 
434 144 21 28 0.022833683 
1000 99 17 23 0.022827085 
956 78 21 26 0.022620805 
381 209 14 19 0.022393977 
268 73 14 17 0.02229496 
143 139 12 15 0.022109734 
171 201 14 19 0.022072585 
718 76 12 14 0.022044051 
773 200 9 12 0.022015717 
228 122 14 17 0.021932114 
106 201 21 24 0.02171222 
358 363 53 72 0.021605441 
616 164 24 30 0.021575294 
654 99 12 15 0.021538805 
938 124 29 33 0.021518646 
143 187 11 15 0.021478506 
0 195 9 15 0.021444477 
741 182 12 15 0.02142511 
589 182 24 29 0.021393301 
453 162 22 27 0.021337729 
356 201 22 28 0.021312602 
157 168 12 14 0.02125651 
943 76 43 49 0.021222336 
171 570 17 17 0.021173336 
587 185 15 19 0.021112503 
599 246 14 18 0.021062845 
483 197 14 19 0.02105903 
625 181 20 26 0.021011425 
173 131 11 15 0.021001028 
158 119 9 11 0.0209327 
341 171 14 18 0.020928891 
349 171 13 19 0.020794777 
1006 131 16 20 0.020752793 
99 207 20 26 0.020741578 
192 161 12 16 0.020717932 
489 75 12 14 0.020716432 
957 46 11 15 0.020625072 
682 174 8 11 0.02058017 
655 482 15 19 0.020459091 
214 173 12 15 0.020262921 
616 489 28 32 0.020072654 
128 595 36 43 0.020065991 
139 147 14 16 0.020058868 
