47_Matador_Bullfighter_matadorbullfighting_47_491
84
746 190 19 24 0.9244579 
317 197 13 16 0.9211695 
347 196 11 14 0.5792886 
894 139 10 13 0.5089192 
949 64 10 12 0.36839807 
4 153 12 17 0.2985064 
869 139 11 14 0.26592922 
285 238 12 15 0.26583484 
342 239 9 12 0.26057175 
467 217 45 43 0.20263286 
100 193 14 17 0.18919152 
86 134 12 15 0.18239684 
187 157 12 15 0.16774021 
198 202 12 15 0.16283125 
804 216 15 19 0.13290483 
918 138 11 15 0.08557135 
217 203 13 17 0.08074631 
35 191 13 16 0.079149686 
822 211 12 15 0.06793014 
752 188 25 28 0.06354686 
918 131 13 15 0.060869657 
280 235 20 24 0.060649212 
125 190 9 12 0.058791347 
983 197 13 16 0.055972535 
912 139 11 15 0.05578278 
361 185 12 15 0.05574064 
444 255 30 31 0.0516617 
342 191 18 23 0.051207025 
404 192 15 18 0.050351374 
910 116 25 30 0.047573864 
716 115 12 13 0.04493011 
770 184 26 28 0.043963082 
876 140 10 13 0.04351758 
310 222 10 13 0.043121185 
230 187 11 14 0.040793926 
56 192 9 12 0.03877675 
199 195 21 27 0.038132075 
458 215 35 34 0.03667305 
205 198 11 14 0.036636196 
328 185 22 26 0.0360793 
246 186 13 16 0.033760536 
896 145 10 13 0.03111194 
740 253 28 29 0.031057563 
866 135 19 24 0.030945431 
135 206 8 10 0.030941654 
229 202 12 15 0.030736271 
363 168 13 15 0.030196972 
119 204 9 12 0.0298669 
459 202 413 495 0.029114766 
303 204 10 15 0.02885512 
823 186 10 12 0.028459636 
333 195 13 17 0.028110813 
197 191 12 14 0.028047698 
899 135 10 13 0.028019251 
363 138 26 32 0.02801301 
496 109 10 13 0.027294263 
889 134 11 16 0.025836647 
119 216 9 11 0.025374897 
45 190 10 13 0.024887895 
958 83 11 14 0.023633407 
28 188 22 27 0.0235796 
211 194 23 29 0.023223193 
890 134 19 24 0.023196485 
84 188 11 13 0.023120204 
118 194 12 14 0.023038568 
813 198 9 12 0.02268013 
807 184 9 11 0.022664864 
932 191 13 16 0.022535803 
49 228 10 11 0.021934941 
932 158 10 11 0.021623705 
197 182 39 45 0.02136331 
887 148 8 11 0.021352358 
500 165 11 13 0.021124521 
786 188 14 16 0.021105967 
913 132 11 15 0.021015996 
332 183 12 15 0.02083443 
106 195 12 14 0.020717787 
815 184 8 11 0.020372381 
82 137 12 16 0.020323174 
96 203 10 12 0.020301806 
912 123 13 16 0.020275386 
61 196 9 11 0.020232372 
691 197 26 31 0.020139335 
217 186 23 28 0.020009516 
