47_Matador_Bullfighter_Matador_Bullfighter_47_636
17
81 114 114 68 0.88288033 
612 89 435 430 0.090890095 
322 173 357 453 0.07662167 
152 141 179 214 0.070409454 
109 116 70 41 0.06495077 
60 110 207 168 0.054130577 
197 242 134 119 0.047328863 
249 178 141 148 0.04423898 
379 22 448 528 0.041671235 
901 145 130 185 0.04104307 
72 123 45 39 0.034478065 
127 107 46 35 0.032385807 
93 123 60 41 0.03145144 
337 506 138 94 0.02915504 
108 158 54 40 0.028737418 
208 165 223 245 0.02726604 
761 493 30 37 0.02652406 
