47_Matador_Bullfighter_matadorbullfighting_47_779
38
783 254 39 50 0.98443145 
803 117 35 48 0.98070896 
784 388 37 48 0.97272485 
976 731 15 19 0.1771899 
47 306 21 32 0.13736326 
987 150 15 19 0.13114655 
941 146 11 17 0.11018129 
1012 287 11 18 0.054423813 
925 546 11 16 0.047730345 
0 49 13 23 0.039163783 
942 583 10 13 0.039039873 
981 489 12 15 0.037884858 
885 677 10 12 0.036264606 
954 142 21 26 0.036078997 
1007 148 13 19 0.034620132 
945 141 19 27 0.03408841 
949 153 13 18 0.03258821 
412 662 25 34 0.03149727 
978 744 14 18 0.030830355 
995 148 14 19 0.03036167 
0 316 39 66 0.029824164 
116 562 26 37 0.029781416 
981 669 11 14 0.029601226 
913 133 17 20 0.029172903 
974 148 12 15 0.027594501 
135 537 28 32 0.025438113 
2 405 23 35 0.025210308 
405 671 25 32 0.024064409 
981 533 24 35 0.023515034 
987 712 14 17 0.02323482 
962 145 16 20 0.022615137 
54 380 13 19 0.022595325 
982 547 11 16 0.021790307 
1013 143 10 15 0.021421053 
949 162 14 18 0.02140444 
976 547 11 15 0.02113025 
931 547 12 18 0.020716837 
967 740 13 17 0.020472204 
