14_Traffic_Traffic_14_443
156
660 154 13 17 0.96564263 
510 130 13 16 0.78102314 
459 159 10 12 0.2372178 
473 168 10 12 0.22701079 
497 143 8 11 0.18938252 
802 147 11 15 0.16206405 
643 170 12 15 0.11412504 
732 192 11 13 0.110900186 
299 206 15 18 0.08913075 
56 309 8 11 0.08739697 
421 150 8 11 0.07801634 
455 161 12 15 0.0754828 
429 224 16 18 0.07536025 
497 147 10 13 0.07216483 
1006 267 13 21 0.06656572 
603 124 11 14 0.06625114 
749 189 9 11 0.06557687 
501 140 12 14 0.062341347 
1 176 12 22 0.061005875 
690 150 11 15 0.0609163 
478 159 9 12 0.060892638 
449 156 10 13 0.060236666 
500 148 13 14 0.060177438 
40 311 8 10 0.059419215 
478 143 7 10 0.059353475 
22 310 7 10 0.058838025 
565 156 10 14 0.05874235 
735 223 10 12 0.058014583 
819 228 15 19 0.056886923 
590 150 11 14 0.055578277 
89 139 12 16 0.052635644 
742 230 12 15 0.051733643 
612 140 12 13 0.051614728 
449 174 9 13 0.050825443 
557 161 15 19 0.05051822 
21 334 8 11 0.050408863 
634 244 12 15 0.05005883 
671 287 9 12 0.049826406 
572 170 14 16 0.049649037 
582 150 11 13 0.049204707 
640 166 11 16 0.04906816 
381 140 14 16 0.04854912 
472 160 9 11 0.04808211 
597 108 8 11 0.046588197 
421 155 9 13 0.04653587 
88 311 10 12 0.04608804 
742 197 12 16 0.045046557 
748 196 13 16 0.04471106 
595 150 12 15 0.043962903 
704 179 9 12 0.043731663 
478 150 8 10 0.04360026 
18 305 7 10 0.04354087 
476 176 11 15 0.04160419 
509 145 14 16 0.041236304 
632 157 9 14 0.04103885 
825 152 9 11 0.041001376 
509 157 12 15 0.040786706 
798 141 19 25 0.04009925 
125 377 9 10 0.03945048 
685 131 9 12 0.038838837 
506 132 11 15 0.03858039 
576 149 11 13 0.037037097 
848 266 12 15 0.035852354 
661 110 10 12 0.034444585 
1006 258 13 19 0.034433443 
380 146 18 19 0.034242254 
744 190 9 11 0.033958152 
62 312 8 10 0.033768807 
875 216 17 21 0.033724636 
567 153 10 12 0.03349651 
384 135 11 14 0.03340346 
542 172 11 17 0.033012137 
525 133 10 13 0.03284901 
495 134 9 13 0.03173733 
82 312 7 10 0.031387858 
729 232 8 11 0.031200064 
454 156 20 24 0.030838048 
509 102 209 227 0.030348307 
495 155 11 14 0.030143619 
992 240 9 13 0.03008973 
80 317 8 11 0.029879615 
514 135 15 19 0.029788896 
663 221 11 13 0.029553577 
658 143 10 12 0.029497039 
548 169 15 19 0.029155513 
56 140 9 12 0.028540906 
64 334 7 9 0.028412363 
447 153 9 11 0.028262332 
1002 252 20 34 0.028189668 
485 163 11 15 0.027824681 
575 142 12 14 0.027808148 
472 160 18 24 0.027382178 
469 170 21 26 0.026972063 
93 312 8 10 0.02696444 
95 315 8 11 0.026490377 
734 200 12 16 0.026452767 
128 320 7 8 0.025817212 
79 336 7 8 0.02572571 
568 169 11 16 0.02567785 
104 384 7 9 0.025417093 
121 376 8 11 0.025266381 
184 222 9 11 0.025265377 
509 179 25 30 0.025220782 
502 154 14 16 0.025189506 
515 156 13 16 0.025169328 
16 328 8 10 0.025079375 
70 327 7 9 0.025006823 
136 384 8 10 0.024934247 
852 172 16 20 0.024490884 
23 329 8 10 0.024452284 
40 305 8 10 0.024420092 
606 131 11 14 0.024176408 
668 163 11 14 0.024123354 
520 160 24 31 0.024067873 
632 191 8 12 0.024020225 
822 156 158 218 0.023845635 
573 154 13 15 0.023731861 
730 223 8 11 0.023658615 
502 133 19 24 0.023539227 
892 34 31 33 0.023517594 
637 158 9 12 0.023482101 
736 229 11 15 0.023420598 
72 310 7 10 0.023123113 
858 179 12 17 0.022800054 
294 211 15 17 0.022458902 
532 142 11 13 0.022249779 
179 243 13 15 0.02199104 
966 275 10 12 0.021859763 
676 173 10 14 0.02184317 
104 345 8 10 0.021789312 
871 164 13 16 0.021770466 
40 334 7 9 0.021767972 
64 317 7 10 0.021743843 
631 151 9 12 0.0214318 
746 184 9 12 0.02141627 
22 305 8 11 0.021395443 
448 165 11 15 0.021288106 
740 224 12 14 0.021160198 
561 125 9 11 0.021044347 
55 327 8 11 0.020996373 
830 152 9 12 0.020862961 
120 319 6 8 0.020805402 
496 128 9 11 0.020767502 
959 274 11 13 0.020760445 
574 128 10 13 0.020698275 
670 195 10 13 0.020596702 
644 101 9 13 0.020439912 
531 147 13 16 0.020437153 
999 264 24 40 0.020419672 
48 310 8 11 0.02039774 
929 562 13 13 0.020387819 
801 231 10 13 0.020351939 
145 319 7 9 0.020325288 
104 318 7 9 0.020236803 
709 176 9 12 0.020158706 
534 170 14 19 0.020144807 
