14_Traffic_Traffic_14_644
64
523 159 15 19 0.99388736 
652 97 15 20 0.99026453 
642 164 17 21 0.9784732 
587 387 21 25 0.9779398 
336 105 16 19 0.9478942 
406 155 17 21 0.93268925 
439 32 16 18 0.6997683 
804 151 16 18 0.6677481 
353 26 13 17 0.595098 
472 84 15 16 0.42271596 
787 146 11 15 0.33629957 
482 198 12 14 0.097482614 
483 157 14 16 0.09605687 
494 174 11 12 0.08504434 
505 155 14 16 0.079271324 
364 175 9 12 0.07062013 
452 73 12 16 0.067067206 
237 513 36 41 0.06378015 
684 161 11 15 0.061253738 
783 142 20 24 0.059753478 
95 269 9 10 0.055276193 
485 148 14 16 0.050414864 
813 143 11 13 0.047947805 
381 71 10 15 0.040511657 
806 145 13 16 0.039418697 
319 139 22 30 0.03868704 
462 85 12 16 0.038181547 
448 93 8 11 0.037690617 
447 157 12 15 0.036969572 
783 152 13 17 0.034343228 
448 67 20 26 0.034250274 
123 304 11 13 0.03392044 
412 69 11 15 0.03276835 
462 157 14 17 0.031466514 
189 143 25 31 0.030847743 
452 155 13 16 0.029821398 
625 238 9 11 0.028984882 
408 27 9 12 0.028967576 
448 84 10 13 0.028862612 
459 75 13 17 0.027992714 
475 178 14 17 0.027062897 
276 44 11 15 0.026561935 
502 162 12 14 0.026559277 
86 24 13 17 0.026201082 
389 223 7 10 0.025339583 
358 0 13 18 0.025306754 
398 238 8 10 0.02502986 
322 172 10 13 0.024544861 
319 139 13 19 0.024416601 
266 116 10 13 0.024059081 
243 443 27 33 0.023663057 
372 102 10 13 0.022751587 
344 75 28 31 0.02205768 
441 161 11 15 0.02202929 
335 76 23 29 0.021763368 
333 81 13 18 0.021685934 
276 38 10 14 0.02166955 
365 17 10 14 0.021658761 
358 99 13 14 0.021515371 
542 237 9 11 0.021432573 
349 40 13 15 0.020836733 
270 36 12 15 0.020836351 
454 83 12 15 0.020612516 
818 148 12 15 0.020393135 
