14_Traffic_Traffic_14_170
876
329 278 10 12 0.73869085 
830 491 14 17 0.66407734 
949 613 11 13 0.6174098 
213 353 11 14 0.60855263 
852 605 9 11 0.51755774 
956 645 15 17 0.47820187 
442 317 10 13 0.4090036 
400 279 9 11 0.40514776 
598 382 11 13 0.35238543 
928 630 11 14 0.33533725 
319 160 8 11 0.3170556 
985 228 18 20 0.31456202 
951 564 10 12 0.31139025 
331 205 8 10 0.28918722 
349 605 9 11 0.2699454 
579 416 7 10 0.2694424 
253 415 9 12 0.26717654 
473 357 10 12 0.26141596 
476 334 10 12 0.2597061 
921 587 9 11 0.25589937 
746 569 8 11 0.2519657 
967 594 11 13 0.2431433 
908 634 13 17 0.22728623 
192 367 8 11 0.22579448 
879 578 12 15 0.2192938 
448 348 8 11 0.21853209 
503 276 9 12 0.20418993 
536 382 6 9 0.20230033 
627 186 13 16 0.20187816 
428 303 10 13 0.19924371 
511 331 10 11 0.19704722 
526 360 8 11 0.19157211 
384 340 10 12 0.1871305 
384 255 8 10 0.18493056 
359 214 7 9 0.1842099 
856 565 7 11 0.18230674 
892 651 9 13 0.18210042 
987 699 10 12 0.17918156 
344 223 8 10 0.17879054 
541 430 9 11 0.17201026 
320 164 9 11 0.17117183 
554 375 8 9 0.16777019 
638 482 14 17 0.16688034 
119 414 13 17 0.16650356 
1008 590 9 10 0.16548212 
426 307 9 12 0.15329356 
897 605 10 12 0.15321034 
985 580 10 13 0.15097815 
492 254 10 13 0.14615034 
913 510 8 10 0.14577828 
879 490 8 10 0.13766426 
319 216 8 10 0.13744164 
437 261 9 10 0.13639042 
175 334 11 14 0.13457057 
831 585 10 12 0.1312144 
888 520 8 12 0.13075313 
462 301 8 10 0.12720026 
278 144 7 9 0.12711744 
550 415 8 11 0.12516533 
302 240 9 11 0.1250745 
862 557 10 13 0.12348096 
444 312 10 12 0.12343815 
576 389 8 9 0.123204686 
864 620 9 11 0.12242941 
326 223 8 10 0.121848114 
245 165 8 11 0.12129187 
172 140 9 11 0.11736471 
406 284 9 11 0.11561426 
645 430 10 13 0.115596995 
748 611 12 13 0.11346883 
173 693 13 18 0.10982713 
311 270 9 10 0.10760975 
846 625 10 14 0.10597169 
958 581 9 12 0.10447268 
330 201 8 10 0.10292358 
519 344 9 11 0.102691025 
431 366 9 11 0.10146291 
494 351 10 13 0.10031357 
438 279 8 10 0.100304544 
359 209 7 9 0.1001518 
499 636 12 15 0.10002776 
342 180 9 12 0.09659287 
464 311 8 11 0.09651601 
581 419 8 11 0.0964595 
574 446 7 10 0.09516531 
285 189 8 11 0.09515288 
863 491 9 12 0.09407363 
928 558 9 11 0.09355116 
508 407 9 12 0.09331643 
998 550 9 13 0.092860036 
415 407 10 13 0.09174999 
474 340 9 12 0.091613784 
516 327 9 11 0.091582954 
975 558 9 11 0.09101342 
417 296 8 10 0.09064041 
605 388 9 10 0.09039707 
934 565 9 10 0.090224825 
989 576 9 12 0.08975195 
957 630 10 11 0.089749955 
285 184 7 10 0.08898337 
1008 559 9 11 0.08893188 
383 374 10 11 0.088799916 
1014 571 9 13 0.088213034 
920 527 9 12 0.087813064 
407 341 9 12 0.08733412 
278 368 11 14 0.08667152 
279 263 8 9 0.08626437 
985 588 10 13 0.086105324 
473 350 10 13 0.085582875 
867 470 11 12 0.08533199 
713 348 47 56 0.083414845 
432 261 8 10 0.08269536 
183 366 8 10 0.08230137 
784 597 10 12 0.08189384 
575 384 9 11 0.081580736 
784 591 9 11 0.0814834 
157 748 15 17 0.080949694 
898 677 11 12 0.08072901 
993 550 9 12 0.0806679 
639 489 14 18 0.08062364 
133 695 11 13 0.080523945 
253 236 13 16 0.08048749 
961 590 9 13 0.08035891 
182 358 8 11 0.07947601 
489 294 8 11 0.07923669 
984 535 10 12 0.07880745 
679 479 8 11 0.07807837 
321 221 8 10 0.07762722 
1007 629 9 10 0.0773953 
153 382 9 12 0.0772722 
374 581 12 15 0.07660808 
302 600 7 10 0.07649452 
905 651 14 16 0.0761755 
490 356 9 11 0.075955115 
910 517 10 12 0.075854294 
350 247 8 10 0.07517908 
952 571 10 13 0.07510254 
983 559 8 10 0.074411884 
337 174 9 12 0.07312948 
597 377 9 10 0.07285443 
862 549 9 13 0.072777145 
224 205 11 14 0.072510585 
832 654 9 12 0.072361305 
392 216 7 11 0.071791574 
945 558 10 13 0.07174569 
902 630 13 17 0.071682006 
129 683 10 12 0.071406595 
514 248 17 20 0.0712614 
957 699 14 17 0.070390165 
546 391 7 8 0.07027475 
522 359 9 11 0.069863275 
632 403 10 12 0.06974024 
248 439 11 14 0.06777129 
376 312 8 10 0.06761927 
552 383 8 10 0.066936955 
925 527 8 11 0.066818416 
367 479 9 12 0.06680073 
559 368 9 12 0.06641501 
361 221 7 9 0.0662184 
73 743 26 24 0.065899774 
325 166 8 11 0.06585018 
476 328 10 12 0.06523563 
575 375 8 9 0.064971305 
970 590 11 13 0.064963214 
203 701 13 17 0.0646972 
914 505 7 10 0.06464703 
368 589 11 16 0.06385062 
279 380 12 16 0.06356282 
509 271 8 11 0.0631459 
1013 566 9 13 0.06264443 
296 164 7 10 0.062586516 
286 270 8 11 0.06255763 
431 350 9 11 0.062423013 
425 263 8 9 0.06240931 
422 296 8 9 0.061923523 
433 279 8 10 0.061613195 
422 413 9 12 0.06124637 
362 272 8 10 0.060911436 
399 255 7 9 0.060764976 
246 161 8 10 0.060209636 
493 296 8 10 0.059892647 
1007 584 10 12 0.059748936 
305 134 7 8 0.059166495 
508 277 8 11 0.058201395 
796 286 16 20 0.05810626 
382 319 7 10 0.05791819 
429 296 9 11 0.0578366 
741 576 14 16 0.05776739 
305 207 9 11 0.057739835 
98 678 10 13 0.05748129 
361 240 6 8 0.057134733 
888 647 11 13 0.057124205 
367 263 8 10 0.056832608 
550 389 7 9 0.056739874 
329 273 9 11 0.056698207 
281 176 6 9 0.056645013 
837 610 13 18 0.056623712 
521 364 8 11 0.05639034 
454 345 9 10 0.05627062 
983 615 9 12 0.05623489 
485 384 8 10 0.05605877 
433 256 8 11 0.055654064 
326 228 9 11 0.055424437 
493 624 26 29 0.05539845 
309 460 10 13 0.05529456 
178 356 9 12 0.055166863 
296 160 7 9 0.05513434 
989 596 9 11 0.05509192 
189 242 9 12 0.055077333 
799 613 9 11 0.054730415 
837 661 9 11 0.0547024 
361 294 8 11 0.0544583 
487 403 9 12 0.054451343 
1000 556 9 11 0.05445052 
847 648 9 11 0.05442969 
983 564 9 12 0.05397191 
153 704 9 11 0.05382076 
1007 613 9 12 0.0535763 
297 239 8 10 0.05350372 
574 361 8 10 0.05347051 
430 359 9 12 0.053367857 
594 381 9 12 0.053360213 
608 399 8 11 0.053099774 
903 598 11 12 0.053055342 
407 655 8 11 0.05302883 
645 647 8 10 0.05299402 
559 415 7 9 0.052914523 
353 214 7 10 0.052819245 
417 358 8 11 0.052688107 
196 610 17 21 0.052224305 
438 374 8 10 0.05221495 
929 563 10 12 0.051441986 
430 420 8 11 0.05132315 
281 127 7 8 0.051309563 
910 523 12 15 0.051290542 
965 695 11 14 0.050854165 
641 475 14 17 0.050794702 
405 205 10 11 0.050748207 
861 544 8 11 0.05072105 
345 227 8 11 0.05064567 
285 197 9 10 0.050617162 
433 370 9 12 0.050468434 
368 224 6 8 0.05046363 
673 479 9 11 0.050390325 
241 334 8 10 0.050332934 
1008 564 9 12 0.050128512 
366 277 7 10 0.050037295 
966 477 8 9 0.0498992 
965 510 10 12 0.049892347 
985 540 9 12 0.04981365 
523 251 14 16 0.04948247 
576 399 10 11 0.04925458 
857 559 9 14 0.049238607 
205 383 8 10 0.04921212 
501 351 9 12 0.049122144 
524 208 11 14 0.048954614 
880 518 10 14 0.048752494 
385 260 9 10 0.048697572 
502 311 7 10 0.04851155 
279 167 7 9 0.048453994 
924 585 10 12 0.04843329 
454 272 10 12 0.048309233 
148 613 11 14 0.048249986 
134 122 12 14 0.04797732 
321 172 9 11 0.047911778 
432 284 9 11 0.04787898 
871 489 9 10 0.047370087 
248 211 10 12 0.04729725 
150 619 11 14 0.047273096 
610 184 14 17 0.047209408 
305 127 8 10 0.046966262 
365 294 8 10 0.04694003 
190 360 9 11 0.046804953 
641 422 10 13 0.046641834 
272 150 8 10 0.046539 
652 429 12 15 0.04622899 
631 358 9 11 0.04601033 
897 631 10 14 0.045874227 
402 339 9 11 0.04579882 
851 608 12 16 0.045732398 
783 584 9 10 0.045667086 
909 560 9 11 0.04503661 
505 411 9 11 0.04499733 
1012 559 9 12 0.04486723 
225 150 6 8 0.04483576 
197 374 8 9 0.04481103 
377 317 9 10 0.044796064 
542 343 7 9 0.044701472 
233 324 9 11 0.044567637 
975 562 10 14 0.044553753 
691 486 12 14 0.04454117 
366 270 7 10 0.04449798 
548 298 11 14 0.044496655 
374 230 8 9 0.04422949 
360 246 8 10 0.04416325 
908 623 10 13 0.04413167 
323 143 7 8 0.04405753 
485 389 9 11 0.0440028 
369 231 8 9 0.043890588 
244 595 17 22 0.0438481 
350 229 8 10 0.043780144 
208 324 9 11 0.043643944 
399 247 8 9 0.043587115 
392 247 7 9 0.04357759 
695 327 10 11 0.043486945 
89 460 16 20 0.043217026 
504 283 9 11 0.043144934 
350 311 9 11 0.04312405 
991 556 9 12 0.043103665 
328 213 8 11 0.043051913 
192 312 9 11 0.042953294 
376 303 7 9 0.042836938 
216 384 8 9 0.042657264 
384 380 10 13 0.042648103 
511 295 10 12 0.04257636 
962 508 9 13 0.042444445 
332 282 10 13 0.04210228 
482 311 8 10 0.041928336 
567 360 9 11 0.041867603 
911 564 8 12 0.041721802 
482 383 7 9 0.041643366 
933 624 9 11 0.04161925 
391 254 8 10 0.04141089 
576 407 9 10 0.041410178 
469 396 10 12 0.041361768 
193 286 10 12 0.041316163 
849 424 8 11 0.041249786 
504 251 11 14 0.041205455 
471 382 8 10 0.041181214 
414 622 8 10 0.04114036 
311 175 7 10 0.041070234 
162 742 14 16 0.041040875 
303 159 6 9 0.04100355 
490 270 8 10 0.040973697 
553 487 8 11 0.040874608 
631 365 10 12 0.040666983 
274 144 7 9 0.040647425 
248 197 9 11 0.040503215 
245 587 15 18 0.040320348 
469 390 8 10 0.040303018 
207 318 10 12 0.04018744 
208 431 9 11 0.040118262 
326 190 7 10 0.039809268 
384 248 8 9 0.039808225 
359 231 8 10 0.039709225 
538 343 8 10 0.0396457 
989 566 9 11 0.03957784 
178 366 9 10 0.039558392 
639 471 13 15 0.039539013 
359 184 7 10 0.039446644 
180 338 9 12 0.039441653 
241 136 8 9 0.039187446 
114 412 10 14 0.039050877 
311 214 8 10 0.03904436 
440 343 8 10 0.038955085 
543 422 12 12 0.038913507 
1012 590 9 12 0.03868032 
473 376 8 10 0.038476814 
425 419 10 13 0.03841846 
944 654 9 11 0.038365386 
368 359 9 11 0.037851367 
273 228 8 11 0.037839457 
575 366 8 10 0.037725084 
438 284 7 10 0.037548583 
789 596 8 11 0.037361756 
326 560 8 11 0.037175987 
975 645 10 13 0.037172265 
569 384 8 9 0.036999565 
304 559 7 10 0.03695635 
406 239 8 9 0.03688287 
448 276 9 11 0.03687894 
846 311 28 33 0.03677802 
550 343 8 10 0.036653914 
513 381 10 12 0.03662733 
956 559 9 12 0.036576036 
884 576 10 12 0.03655796 
240 319 8 11 0.03647265 
168 690 22 27 0.0363716 
537 348 9 11 0.03630486 
256 339 9 11 0.03626554 
311 265 8 10 0.036237005 
776 598 9 13 0.03623219 
561 408 8 10 0.036206815 
200 709 14 18 0.03616377 
581 383 8 10 0.03611386 
419 381 10 13 0.035946287 
1001 622 11 15 0.03591312 
334 262 9 11 0.035887193 
471 293 9 11 0.03559247 
107 467 13 18 0.035449065 
541 435 11 12 0.035421837 
848 600 12 14 0.03539165 
224 128 7 8 0.035333056 
158 692 9 12 0.035327904 
613 483 8 12 0.035244826 
398 295 8 10 0.03521692 
509 206 11 13 0.035216678 
584 524 10 14 0.03509705 
709 341 9 11 0.03502702 
511 388 9 10 0.034929007 
704 333 10 12 0.03485223 
327 594 11 13 0.034828737 
320 263 9 11 0.03477529 
287 127 6 8 0.03467655 
439 348 9 12 0.03458566 
191 381 8 11 0.03455577 
326 273 17 22 0.034294 
241 171 9 11 0.0341725 
169 697 12 16 0.034088317 
265 159 6 9 0.034015276 
344 216 8 10 0.0339499 
918 519 8 10 0.033932116 
287 208 8 10 0.033927906 
201 166 10 12 0.033869073 
318 270 9 10 0.03382001 
1007 636 12 14 0.03342686 
373 436 9 10 0.033413842 
198 292 10 11 0.03340376 
975 516 9 12 0.033315003 
502 228 9 12 0.03327543 
98 404 12 17 0.03324545 
350 433 9 11 0.033235125 
686 479 9 11 0.03315021 
198 692 11 15 0.033115476 
215 169 8 11 0.033067808 
918 503 7 10 0.03304753 
493 326 8 10 0.032929398 
360 595 11 13 0.032913715 
313 535 7 9 0.032842033 
903 644 13 16 0.032773912 
327 172 7 10 0.032736626 
286 287 10 13 0.032708313 
776 508 104 120 0.032684296 
302 263 8 11 0.032672115 
373 360 9 11 0.032627787 
954 579 9 13 0.032602556 
189 223 9 10 0.03253097 
789 591 8 11 0.032522082 
485 132 10 12 0.032441646 
423 358 9 11 0.032402225 
264 176 7 9 0.032366555 
309 127 8 10 0.032346 
857 491 9 13 0.032313008 
350 251 9 12 0.032303225 
767 605 11 14 0.032186076 
984 550 8 11 0.032167073 
840 359 8 9 0.03213787 
960 532 9 12 0.03213606 
701 328 10 12 0.032111213 
367 327 8 10 0.032108605 
488 247 10 14 0.032068092 
513 350 9 11 0.031990163 
900 702 17 22 0.03196759 
389 383 9 11 0.031922262 
976 552 8 11 0.031845223 
492 208 8 11 0.031818375 
449 246 8 11 0.031804997 
567 364 8 11 0.031784028 
423 351 8 10 0.031733517 
184 224 8 10 0.031719517 
319 296 8 10 0.031696945 
594 375 8 11 0.031668097 
886 531 10 12 0.031662893 
898 684 13 17 0.03160845 
405 661 9 12 0.031538438 
535 335 9 11 0.0315161 
354 209 7 9 0.03141267 
494 300 8 10 0.031282347 
263 111 7 9 0.03128121 
934 549 9 12 0.031240722 
473 363 10 13 0.03123224 
440 321 10 13 0.031203931 
1013 619 11 15 0.0311929 
512 367 8 10 0.031180514 
532 253 10 13 0.03117194 
298 604 10 12 0.031067656 
377 604 12 15 0.031034958 
439 380 8 11 0.031015936 
421 408 8 11 0.030933872 
329 677 10 12 0.030819956 
893 518 7 11 0.030789802 
295 151 7 9 0.03078908 
480 232 9 10 0.030720238 
488 325 10 11 0.030643236 
566 245 12 15 0.030583166 
302 183 8 9 0.030503571 
901 611 11 13 0.03049674 
904 658 12 15 0.030480796 
512 375 9 10 0.030393558 
436 367 8 11 0.030371124 
835 610 22 28 0.03019573 
312 222 7 10 0.030180626 
348 611 11 12 0.030143619 
361 501 10 12 0.030117646 
509 246 15 18 0.030113358 
175 605 13 16 0.029912181 
394 279 8 10 0.029906884 
458 295 8 11 0.029638387 
768 612 11 14 0.029632095 
630 463 8 11 0.02962951 
274 261 8 11 0.029582078 
520 408 8 10 0.029568337 
52 529 13 16 0.029531894 
345 485 9 11 0.029499877 
208 219 10 12 0.029488426 
934 572 10 13 0.029483186 
953 638 11 14 0.029474372 
387 78 10 13 0.029447345 
405 336 10 12 0.029369187 
353 189 8 10 0.029305877 
826 590 11 12 0.029267684 
429 703 12 15 0.029264202 
387 182 7 10 0.029192641 
943 646 9 13 0.02917439 
706 405 19 20 0.029165713 
281 268 9 12 0.029093556 
1014 581 9 13 0.02905274 
327 316 9 12 0.029048268 
367 255 8 9 0.02903353 
501 460 14 15 0.029003577 
624 447 9 11 0.028991876 
287 275 9 12 0.028888306 
249 417 10 14 0.02887999 
923 714 16 18 0.028870853 
424 248 9 10 0.028858034 
424 254 9 11 0.028854065 
1014 668 9 13 0.028847132 
469 278 9 10 0.028840289 
943 551 9 13 0.028799158 
646 198 12 16 0.028761907 
448 413 9 12 0.02874928 
589 525 9 11 0.028741442 
927 551 10 12 0.02869859 
359 189 8 10 0.028668573 
414 279 8 11 0.028617596 
247 335 8 11 0.028611518 
101 696 11 13 0.028579755 
344 206 7 9 0.028567808 
974 528 9 10 0.028527245 
246 136 7 9 0.028525176 
479 318 9 10 0.02850538 
918 568 9 11 0.028500324 
301 453 13 16 0.028411223 
306 212 9 11 0.028392538 
326 151 7 9 0.028388869 
525 439 11 11 0.028381348 
636 341 9 12 0.028316762 
206 172 9 11 0.028309694 
361 264 9 11 0.028291177 
359 508 9 11 0.028285619 
304 268 9 12 0.02827562 
566 408 7 10 0.028219268 
384 324 9 10 0.028148146 
968 516 9 11 0.028068004 
506 334 9 11 0.027960321 
366 247 7 9 0.027923074 
849 451 10 14 0.027920121 
253 408 9 13 0.027870005 
488 301 9 11 0.027851198 
165 366 9 12 0.027832504 
193 317 10 11 0.027818773 
944 503 8 11 0.027773181 
961 528 8 9 0.027749602 
295 284 9 13 0.027749496 
383 198 8 11 0.027671034 
584 438 7 10 0.027641175 
652 478 9 12 0.027571183 
557 278 9 11 0.027456675 
511 623 10 12 0.027416829 
244 318 9 11 0.027397566 
628 90 11 13 0.027374044 
431 404 9 11 0.027301416 
622 499 10 14 0.027231093 
879 501 9 12 0.027151668 
201 255 8 11 0.027123746 
478 375 8 10 0.027063595 
231 167 8 11 0.027029946 
416 263 8 9 0.027012227 
857 487 7 10 0.026984937 
176 270 9 12 0.026976086 
708 335 10 13 0.026915096 
241 160 9 11 0.02690883 
840 535 8 11 0.026890928 
273 136 6 8 0.026871063 
967 528 8 10 0.026842598 
945 608 9 13 0.026831497 
744 606 12 16 0.026825782 
976 606 9 11 0.026776636 
181 353 9 11 0.02677571 
569 268 10 12 0.026773222 
517 376 8 10 0.026735907 
649 592 9 10 0.026691826 
848 447 9 11 0.026683223 
250 527 9 11 0.026661836 
278 332 9 11 0.026658282 
642 436 11 13 0.026582764 
447 408 9 11 0.026575511 
850 428 9 12 0.026559185 
310 288 9 11 0.026535276 
909 596 8 12 0.026442265 
309 293 9 11 0.02643305 
867 615 10 12 0.026377246 
389 336 9 11 0.026328154 
737 580 10 13 0.026287954 
263 119 7 8 0.026254263 
390 262 7 10 0.02623983 
1007 594 10 13 0.026218668 
399 273 9 11 0.026183711 
273 167 7 10 0.02618156 
407 262 7 10 0.02615395 
952 704 13 16 0.026095988 
615 389 8 10 0.026038762 
703 287 9 11 0.02597114 
1013 527 9 12 0.025963914 
1006 227 14 17 0.025933342 
321 228 10 12 0.025927208 
877 541 9 10 0.02587531 
324 159 8 11 0.025832038 
894 660 10 13 0.025814556 
524 237 10 13 0.025785629 
390 309 9 11 0.025781488 
789 604 10 14 0.025729463 
510 401 9 10 0.025695793 
228 342 10 12 0.025631104 
681 94 8 11 0.02561104 
228 196 12 15 0.025593216 
344 239 8 9 0.025519397 
957 575 10 12 0.025515607 
54 250 13 15 0.025464142 
505 391 8 9 0.025462013 
390 349 8 11 0.025450474 
351 317 9 11 0.025401726 
904 501 8 11 0.025387825 
279 161 7 9 0.025328984 
414 286 8 10 0.025259748 
622 296 9 10 0.025211 
198 318 8 11 0.025187118 
552 368 10 13 0.02512243 
272 175 8 10 0.025098981 
135 160 10 12 0.025090624 
289 239 8 11 0.025070574 
926 688 9 11 0.024986349 
494 270 9 11 0.024934862 
392 296 8 9 0.024857825 
94 533 12 15 0.02482181 
863 473 12 14 0.024811076 
655 583 8 10 0.024797508 
528 302 8 10 0.024758141 
287 135 6 7 0.024729446 
601 429 8 10 0.024709586 
189 335 9 11 0.024696805 
287 244 10 11 0.024668923 
614 566 8 12 0.024665268 
157 708 10 14 0.024649618 
326 312 9 10 0.024555227 
872 581 10 13 0.024554614 
465 391 8 10 0.024548154 
376 365 9 12 0.024545133 
208 421 11 12 0.024531068 
113 688 8 10 0.02453008 
454 375 8 10 0.024433699 
424 278 7 10 0.02442301 
966 532 9 12 0.024394192 
210 347 18 22 0.024357505 
285 176 8 10 0.024339937 
486 343 10 11 0.024335265 
295 198 8 9 0.024329681 
545 397 9 10 0.024299828 
185 173 8 11 0.024278387 
905 563 10 12 0.024269162 
359 159 8 9 0.024237571 
224 145 7 9 0.02419939 
328 135 8 10 0.024178633 
612 614 9 11 0.024164345 
648 189 10 13 0.024100164 
518 235 13 13 0.024056459 
168 662 11 15 0.024044555 
416 389 10 10 0.02401058 
256 175 8 10 0.023910252 
350 621 10 12 0.023870768 
192 325 9 10 0.023842214 
393 286 7 9 0.023826972 
550 408 8 10 0.023820996 
247 431 9 11 0.023792336 
544 384 7 9 0.023773288 
280 287 10 12 0.023762356 
302 190 8 10 0.023751518 
807 678 10 12 0.023679659 
174 254 10 12 0.023653744 
108 150 13 18 0.023637109 
504 400 10 11 0.023608463 
296 119 7 9 0.023551228 
303 287 9 12 0.02353837 
401 261 8 10 0.023518652 
503 340 8 11 0.023500476 
1009 527 9 10 0.023498617 
350 224 8 10 0.023480954 
188 175 9 11 0.02343462 
370 430 9 12 0.023370013 
238 406 8 10 0.023338495 
349 303 9 11 0.023299951 
945 661 9 12 0.023282098 
577 429 7 10 0.023241648 
359 349 8 11 0.023216872 
516 621 11 13 0.023206294 
343 285 8 10 0.023189323 
326 262 9 12 0.023154307 
377 255 7 9 0.023111507 
863 628 11 13 0.023105726 
440 414 8 11 0.023071297 
263 135 7 9 0.023069633 
1013 612 11 15 0.023068557 
628 630 8 11 0.023061907 
399 382 9 12 0.023058243 
645 498 11 14 0.023039745 
670 95 9 11 0.023029132 
429 443 11 15 0.023011971 
567 414 7 9 0.023003729 
295 279 8 11 0.02297227 
278 310 10 12 0.022966443 
318 624 7 10 0.02292812 
878 663 8 10 0.022925017 
623 467 9 12 0.022920832 
956 564 9 13 0.022914836 
304 86 8 10 0.02291241 
975 512 9 11 0.022884317 
549 430 9 11 0.022879967 
550 358 9 11 0.022862906 
114 747 12 15 0.02286084 
827 653 8 11 0.022822343 
203 695 12 15 0.02280603 
440 335 9 11 0.022793053 
311 199 8 10 0.02277545 
154 694 8 11 0.022712179 
239 324 8 11 0.022691177 
320 183 9 11 0.022654032 
1015 651 10 14 0.022608118 
348 478 9 12 0.022597278 
420 374 11 12 0.022578537 
898 687 22 30 0.022576755 
241 141 8 10 0.022572361 
974 693 11 16 0.022567937 
107 739 23 28 0.022537742 
248 192 8 11 0.022507308 
510 285 8 11 0.022487814 
905 518 8 11 0.02246585 
61 437 15 17 0.022459371 
831 610 13 17 0.02241361 
57 441 22 27 0.02234943 
239 119 7 9 0.022324309 
1012 642 11 15 0.02231256 
448 375 8 10 0.022305904 
430 247 8 10 0.02229992 
902 529 13 17 0.022273535 
503 261 11 12 0.022267178 
155 620 11 15 0.022266274 
490 259 10 13 0.022199169 
230 172 9 12 0.022185976 
951 650 13 16 0.02217667 
482 405 9 12 0.022080166 
498 277 9 11 0.022052616 
824 671 7 9 0.022046907 
511 430 10 12 0.022041384 
518 271 10 11 0.022036416 
636 332 11 13 0.022035336 
157 376 9 11 0.022026615 
192 716 12 16 0.022023583 
286 464 10 12 0.022004958 
351 239 7 9 0.021952692 
103 148 23 30 0.021897895 
342 200 7 9 0.021882521 
965 582 12 15 0.021876369 
439 312 18 23 0.021813065 
525 350 8 11 0.021798491 
421 624 8 11 0.021724692 
924 701 14 15 0.021677518 
246 141 7 9 0.021675639 
297 191 8 10 0.021665035 
432 344 8 10 0.021642577 
245 324 9 11 0.02163435 
599 525 9 11 0.021630403 
1004 472 10 13 0.021604111 
414 311 9 11 0.021550734 
622 437 8 10 0.021532645 
493 247 10 14 0.021522732 
263 204 9 11 0.021521406 
831 619 12 16 0.021521347 
575 440 8 11 0.021516789 
280 136 7 8 0.021488475 
976 533 9 11 0.021479521 
257 135 7 9 0.021475386 
303 143 8 9 0.021459982 
583 530 11 14 0.02143356 
839 624 14 17 0.021431608 
297 182 8 10 0.021400759 
490 212 10 12 0.021390922 
272 255 9 12 0.02135405 
989 615 8 11 0.021328054 
496 380 217 230 0.02131838 
173 657 14 17 0.021305868 
262 127 7 8 0.021299046 
886 623 9 11 0.021203624 
809 662 9 11 0.021159483 
258 111 7 10 0.021147696 
314 159 8 10 0.02113034 
998 544 10 12 0.021120211 
157 127 10 12 0.021104269 
151 434 10 14 0.021073624 
601 357 9 10 0.021068873 
742 562 18 24 0.021068465 
560 398 7 10 0.02106722 
447 253 9 10 0.021038929 
312 341 9 11 0.021023424 
956 622 11 13 0.0210071 
334 213 9 10 0.021005498 
975 663 10 12 0.020984499 
361 485 11 14 0.020981325 
919 629 10 13 0.02096792 
318 153 18 23 0.020949014 
151 599 8 10 0.02092423 
296 176 8 10 0.020921951 
634 477 10 14 0.020900484 
254 208 8 10 0.020877803 
144 597 8 11 0.02085442 
904 295 11 14 0.020843128 
321 199 7 9 0.020816121 
535 377 8 10 0.020812063 
1009 559 18 26 0.020779558 
9 117 9 12 0.020754585 
68 436 13 16 0.020751178 
437 432 23 32 0.020699237 
230 127 7 9 0.02067236 
632 371 9 11 0.020665366 
754 389 25 30 0.02064517 
878 509 10 13 0.020637803 
908 698 12 18 0.020622293 
447 391 8 11 0.020611085 
207 159 9 10 0.020596046 
288 213 8 9 0.020590989 
142 630 10 12 0.020570237 
835 597 12 15 0.02054793 
216 143 7 9 0.020540869 
136 631 9 12 0.02050208 
360 287 8 11 0.020497646 
286 351 10 12 0.020477839 
183 168 8 10 0.020461924 
358 459 11 13 0.02045642 
304 291 11 14 0.02044696 
401 325 9 11 0.020433228 
967 562 11 14 0.02035355 
290 150 7 9 0.020349618 
230 262 10 12 0.020336911 
271 119 7 9 0.020321064 
888 646 18 24 0.020310786 
42 521 26 31 0.020295568 
220 356 10 13 0.020293586 
303 111 6 9 0.02029188 
305 81 7 9 0.020290524 
481 304 8 9 0.020289179 
415 269 9 11 0.020234166 
1004 551 12 15 0.020233657 
635 181 12 15 0.0202322 
617 436 9 11 0.0202179 
641 424 19 23 0.020205114 
16 94 11 15 0.020201433 
369 310 8 11 0.020188529 
297 262 9 12 0.020187587 
461 253 9 12 0.020174414 
544 367 8 10 0.020165656 
303 152 8 9 0.020142093 
424 298 18 23 0.02013026 
190 340 9 11 0.020117713 
829 592 14 17 0.020089082 
439 303 8 10 0.02008603 
534 359 8 10 0.020030564 
127 746 11 14 0.020012815 
