14_Traffic_Traffic_14_505
57
615 552 81 119 0.98781306 
648 263 19 23 0.9524307 
115 188 18 24 0.9342192 
165 237 16 21 0.20943505 
624 213 9 11 0.09677556 
646 213 10 13 0.08827043 
666 211 16 19 0.077714615 
213 221 15 20 0.06572818 
158 346 35 54 0.059521023 
326 347 29 33 0.05704192 
703 197 10 12 0.051473822 
77 265 16 20 0.051375896 
57 362 40 61 0.049995247 
0 256 21 31 0.048778176 
656 197 9 12 0.048213392 
616 197 10 13 0.038118225 
657 189 10 13 0.035185654 
218 233 15 21 0.034130525 
132 354 37 53 0.033781722 
35 261 26 30 0.033484004 
659 301 16 19 0.03293554 
98 242 15 19 0.03214028 
598 239 12 14 0.032082994 
792 126 7 9 0.031260006 
84 250 13 17 0.02900717 
985 181 10 12 0.028885832 
556 146 10 15 0.028313719 
214 215 12 15 0.028244235 
653 204 11 14 0.027852297 
778 392 119 149 0.027811097 
315 196 15 17 0.02748031 
262 238 12 15 0.027284143 
380 286 14 18 0.027059434 
219 373 29 41 0.024566716 
104 189 12 16 0.02452453 
114 297 16 20 0.023878912 
700 259 14 18 0.023314063 
170 230 15 19 0.023026207 
170 322 47 70 0.022798037 
694 128 8 10 0.022617126 
157 100 40 53 0.022452386 
121 183 22 29 0.02236071 
986 307 15 17 0.022242881 
104 283 43 57 0.022082737 
407 168 9 10 0.021807393 
828 221 13 16 0.021739494 
243 83 39 49 0.021524068 
791 190 8 11 0.02145047 
207 225 23 31 0.02129048 
651 211 12 15 0.021216257 
617 213 9 12 0.021088308 
228 239 14 18 0.021061888 
645 216 14 19 0.02106136 
704 191 11 13 0.02100003 
117 365 43 55 0.020473247 
861 270 11 14 0.020402068 
658 183 9 12 0.020216037 
