14_Traffic_Traffic_14_361
131
914 292 13 15 0.29185638 
848 291 17 20 0.28423458 
517 301 11 13 0.22370955 
673 319 9 12 0.19075616 
485 308 10 12 0.18263085 
721 310 9 12 0.14108472 
886 289 13 17 0.1335006 
657 320 8 10 0.098822646 
927 292 11 15 0.091286525 
720 317 10 12 0.09119888 
839 287 21 26 0.08990916 
912 287 12 15 0.08850416 
725 310 10 13 0.08709204 
725 317 10 11 0.0797868 
550 278 9 10 0.07403977 
693 290 11 14 0.073634624 
832 281 13 18 0.067200616 
430 305 9 11 0.06249997 
421 333 10 12 0.062195316 
406 334 8 10 0.061538797 
671 312 9 11 0.05745479 
359 321 8 10 0.056748044 
645 334 12 13 0.054196086 
560 272 8 10 0.05202884 
581 247 9 11 0.051931113 
1 236 12 16 0.051438488 
637 238 10 12 0.051330637 
607 315 9 11 0.050410464 
469 315 12 13 0.050101936 
719 286 9 13 0.0461852 
606 270 8 11 0.04573195 
512 283 10 12 0.04470758 
661 323 10 11 0.04456589 
481 309 10 13 0.04220097 
494 324 10 11 0.041673362 
837 150 9 11 0.04082394 
401 335 8 10 0.040280845 
858 289 14 18 0.040215194 
513 278 9 11 0.039916515 
367 321 8 10 0.03940727 
590 270 7 10 0.03922577 
401 246 9 10 0.038462047 
890 285 14 17 0.038429376 
416 333 10 12 0.03836172 
352 320 9 12 0.03734035 
478 283 10 12 0.03700791 
567 327 8 10 0.036106206 
408 246 9 10 0.03583453 
496 302 10 13 0.03580942 
816 267 10 13 0.035794426 
384 215 8 11 0.035531834 
513 273 8 10 0.035453167 
414 304 10 12 0.035321344 
501 301 10 13 0.0352327 
591 248 8 10 0.035019957 
456 286 8 10 0.03484123 
577 280 8 9 0.034757223 
592 230 11 13 0.034528274 
462 316 13 14 0.034276247 
932 297 13 17 0.033844095 
485 279 9 10 0.03367164 
951 298 12 16 0.032968033 
583 264 9 10 0.032410704 
731 308 11 14 0.03219682 
598 255 8 10 0.03217601 
519 366 9 11 0.031916182 
607 294 8 10 0.03177789 
522 300 11 13 0.031525835 
733 318 10 12 0.031183364 
455 318 10 12 0.031138802 
901 286 11 14 0.030886171 
915 280 11 13 0.030690763 
435 222 8 11 0.03032723 
529 274 10 13 0.030320019 
599 262 8 10 0.02940693 
359 342 9 11 0.029353831 
869 286 11 16 0.029259792 
584 269 9 10 0.028798347 
428 263 9 11 0.028773237 
485 271 9 10 0.027507149 
639 242 11 13 0.027203547 
880 288 13 19 0.027100563 
-6 187 283 253 0.026680155 
513 305 11 14 0.026666144 
854 328 22 24 0.026591865 
376 341 11 13 0.026530476 
726 322 11 13 0.02579525 
584 285 9 11 0.025484765 
671 238 28 32 0.02536423 
499 318 10 12 0.02508373 
657 279 9 12 0.024933552 
407 329 9 12 0.02475323 
413 351 9 11 0.024454376 
577 264 8 10 0.02443005 
583 280 8 10 0.024285948 
455 223 10 12 0.024226326 
413 221 10 12 0.024187287 
446 295 10 12 0.02408008 
590 287 8 10 0.02403028 
408 -40 436 518 0.023992985 
732 324 12 14 0.023748573 
590 264 9 10 0.02338591 
425 303 9 12 0.023372527 
677 299 10 13 0.02282094 
714 317 9 12 0.022661766 
585 310 9 11 0.022613438 
556 343 10 12 0.022330225 
460 178 11 12 0.02216663 
356 174 11 14 0.02194655 
380 243 12 15 0.021936977 
662 279 10 14 0.021655442 
337 277 10 13 0.021518253 
444 300 12 14 0.021473365 
675 288 13 17 0.021396047 
468 338 12 14 0.02131434 
552 272 9 11 0.021265633 
652 334 10 12 0.021047821 
441 269 8 11 0.020851998 
640 328 10 11 0.020741478 
644 328 12 13 0.020684177 
358 381 12 16 0.020671755 
601 270 9 11 0.02065791 
590 280 8 9 0.020597951 
818 373 17 18 0.020562451 
903 279 9 11 0.020405026 
608 304 9 10 0.020329408 
664 303 9 11 0.02031442 
671 302 9 12 0.020216063 
452 333 14 16 0.020115927 
662 344 10 11 0.02010031 
631 327 8 9 0.020022778 
