14_Traffic_Traffic_14_55
18
210 461 18 21 0.04386426 
610 148 10 14 0.041154712 
978 541 13 16 0.035970375 
879 5 10 11 0.032155063 
5 354 113 220 0.0319419 
261 186 8 11 0.031545825 
123 40 29 35 0.02958684 
476 175 11 14 0.029120946 
25 219 404 431 0.028516859 
781 102 155 194 0.024728661 
779 97 17 20 0.024616819 
645 -2 54 50 0.02445702 
882 84 10 13 0.024316315 
934 264 11 13 0.022829438 
87 166 9 11 0.02195733 
830 114 177 223 0.021785103 
34 110 9 12 0.020990575 
499 75 11 15 0.020600997 
