14_Traffic_Traffic_14_722
27
535 43 13 16 0.2868875 
543 87 12 18 0.20294015 
208 73 12 16 0.18278445 
518 45 12 15 0.057385594 
526 77 9 11 0.054119844 
247 79 16 19 0.05053202 
589 42 25 31 0.045103036 
523 43 13 17 0.04326141 
189 77 8 10 0.04077463 
437 148 14 18 0.03893785 
550 54 10 13 0.03433681 
742 29 48 67 0.032491315 
247 64 9 11 0.032023918 
353 214 193 274 0.031705465 
185 72 9 11 0.031344358 
519 40 11 13 0.031103266 
587 17 29 34 0.029484518 
125 265 18 20 0.0252412 
765 35 30 41 0.023540163 
536 85 12 16 0.020779831 
538 109 10 14 0.02024951 
438 143 12 14 0.020202909 
592 34 19 22 0.020161986 
213 79 12 16 0.020144388 
129 456 43 38 0.020131119 
278 157 388 452 0.02009445 
565 22 130 153 0.020008173 
