14_Traffic_Traffic_14_380
146
651 199 32 37 0.99102074 
299 241 85 79 0.98470277 
718 224 48 60 0.9839342 
45 165 27 31 0.96996313 
541 191 33 43 0.962495 
923 274 84 105 0.8454833 
765 117 19 25 0.78153723 
190 162 21 24 0.7398738 
1 154 16 19 0.69730693 
995 147 17 19 0.6124251 
495 187 23 29 0.40340248 
224 163 24 28 0.3376412 
799 209 46 73 0.32529888 
606 449 29 32 0.22792143 
408 181 24 29 0.18809044 
451 154 20 27 0.17907327 
457 176 23 29 0.17896959 
116 166 23 28 0.15346162 
441 185 17 23 0.12134783 
628 347 16 20 0.117595635 
899 295 59 81 0.11546108 
923 126 23 28 0.10599101 
127 144 12 15 0.10119242 
401 187 25 33 0.101109594 
890 211 38 39 0.09809232 
398 169 25 35 0.08429199 
173 181 14 16 0.07969043 
0 179 10 16 0.0777185 
445 160 16 22 0.06822615 
391 147 12 13 0.068138674 
385 199 28 43 0.06658667 
379 161 15 18 0.06087365 
988 122 11 14 0.060780667 
884 269 59 85 0.0596798 
985 119 11 13 0.058056667 
20 261 15 21 0.057838622 
763 148 12 16 0.057246037 
1012 98 11 17 0.05493239 
598 405 11 12 0.054720204 
424 183 25 29 0.053098112 
382 164 24 36 0.052411016 
258 124 9 12 0.05085646 
775 119 16 20 0.049217362 
988 222 38 63 0.04849113 
894 221 54 59 0.046609987 
420 140 12 14 0.045903347 
734 140 12 16 0.045508534 
37 352 12 15 0.04446789 
793 173 27 37 0.043635335 
471 213 13 18 0.043354165 
438 179 15 21 0.0429046 
0 224 16 20 0.042598743 
724 117 9 13 0.041745674 
829 214 60 74 0.03990207 
740 123 11 14 0.039180517 
691 158 24 30 0.03902028 
484 161 13 16 0.038252585 
387 162 12 16 0.037731107 
190 175 13 17 0.037418537 
652 449 14 16 0.03623448 
442 166 22 32 0.03622532 
378 306 15 20 0.03505213 
533 167 16 21 0.034950797 
821 191 54 75 0.033923786 
228 159 14 17 0.03324487 
260 163 12 15 0.032941226 
878 242 54 66 0.0325518 
126 136 13 15 0.03245507 
497 180 18 23 0.03222591 
244 169 14 19 0.03218693 
191 186 11 15 0.032009147 
178 186 12 15 0.03153306 
1009 147 13 20 0.031506825 
397 208 16 24 0.030941954 
1002 143 16 21 0.030814415 
108 142 20 27 0.030698113 
556 153 15 19 0.030596614 
388 155 14 18 0.030230325 
901 251 63 77 0.030107327 
288 142 9 11 0.028621221 
640 171 12 13 0.028574247 
257 142 8 10 0.028488785 
117 138 14 19 0.027938059 
418 189 18 21 0.02775429 
171 180 24 27 0.026674168 
460 217 21 34 0.026627716 
280 136 7 10 0.026588073 
487 253 13 17 0.025822153 
810 224 53 74 0.025701798 
447 182 23 30 0.025452146 
725 124 9 12 0.02544165 
451 225 26 38 0.02524544 
337 141 9 12 0.0251335 
510 216 27 40 0.025098046 
211 162 25 31 0.025027452 
279 159 10 13 0.024899794 
110 141 12 18 0.024876265 
125 154 13 16 0.02471728 
642 348 12 15 0.024625713 
536 179 27 41 0.024622481 
922 117 46 57 0.02460534 
468 232 12 18 0.024542656 
218 176 27 29 0.024521805 
402 197 29 39 0.02450766 
479 163 12 16 0.024400188 
783 223 38 56 0.024335645 
617 453 35 32 0.024314778 
759 141 21 28 0.024191737 
429 148 9 13 0.023922369 
439 148 12 15 0.023874689 
371 162 27 32 0.02359 
491 222 12 15 0.023562724 
622 466 36 39 0.023527257 
109 158 24 30 0.02332499 
184 209 24 34 0.023282565 
13 317 12 14 0.023240952 
801 248 33 49 0.023034193 
644 167 12 15 0.023016462 
438 170 15 21 0.02294958 
395 143 13 14 0.02294113 
413 145 16 17 0.022901457 
502 181 26 32 0.022364786 
777 164 28 34 0.021945802 
104 194 27 32 0.021814587 
338 247 62 59 0.021752438 
656 154 12 16 0.02157901 
540 201 20 28 0.021576397 
630 448 30 29 0.021514425 
475 180 12 17 0.02141543 
734 205 53 74 0.021297462 
803 176 30 42 0.021163678 
384 150 11 13 0.021153213 
459 159 21 30 0.02111516 
194 168 24 27 0.021074932 
807 194 31 46 0.020984124 
123 141 21 24 0.020875052 
486 232 13 16 0.020865552 
939 131 13 16 0.020590968 
904 266 31 44 0.020589786 
405 161 15 21 0.020454839 
266 237 57 72 0.020419898 
432 219 48 56 0.02038551 
469 221 21 28 0.020332089 
278 118 8 10 0.02029212 
787 160 29 35 0.020187743 
111 184 26 31 0.020112993 
