14_Traffic_Traffic_14_840
516
145 279 31 36 0.99894136 
704 277 29 34 0.998885 
92 257 27 29 0.9979236 
923 272 31 35 0.99789053 
53 253 31 34 0.9973519 
19 284 35 38 0.99733365 
607 287 31 35 0.9970457 
808 284 29 32 0.9951645 
276 274 33 37 0.99327457 
489 271 35 40 0.9929899 
578 258 26 31 0.98961496 
186 256 33 40 0.9853548 
315 254 21 27 0.9817426 
133 238 26 29 0.9813415 
960 257 28 33 0.98073304 
259 238 26 29 0.97616845 
773 266 25 29 0.97508436 
627 211 14 16 0.96344805 
52 199 14 19 0.9602572 
861 265 26 29 0.9599826 
382 297 29 33 0.95243347 
667 263 31 34 0.9230578 
610 241 17 20 0.92289776 
630 242 22 25 0.91934925 
517 211 14 18 0.91701317 
706 240 27 31 0.9023003 
708 213 13 16 0.888502 
209 252 28 35 0.88263285 
574 207 15 17 0.8816562 
755 147 12 15 0.8804413 
743 224 17 22 0.871517 
749 256 24 29 0.86218923 
27 209 16 19 0.8437819 
863 196 10 14 0.83476555 
413 228 22 26 0.8216812 
935 167 12 16 0.8083116 
891 172 12 18 0.7726087 
791 216 16 18 0.76648754 
633 191 12 15 0.755242 
598 225 15 19 0.7237337 
343 233 24 30 0.7174308 
531 224 15 19 0.7100958 
885 240 19 21 0.67061085 
323 200 14 17 0.66638327 
0 195 14 19 0.6547971 
494 185 12 15 0.6475161 
264 196 17 19 0.6303335 
836 193 13 17 0.6178083 
650 217 17 20 0.6151882 
978 189 9 11 0.604478 
102 166 13 17 0.59731585 
226 204 14 18 0.5959514 
559 239 24 29 0.5730711 
391 267 28 30 0.554203 
662 184 14 16 0.50729555 
306 201 12 16 0.48799363 
695 195 12 15 0.45516947 
878 198 11 14 0.4519743 
199 228 27 29 0.3746131 
468 242 25 31 0.34757382 
728 489 15 20 0.3470539 
192 182 10 13 0.33667633 
535 173 12 15 0.33168513 
867 196 12 15 0.3267875 
611 159 9 11 0.3154292 
604 233 18 23 0.31348473 
980 231 23 27 0.29908997 
838 263 20 25 0.29049087 
900 175 12 16 0.28081304 
745 205 22 27 0.278194 
993 199 11 15 0.26206023 
594 152 9 11 0.26081404 
287 211 15 18 0.25598755 
1011 220 11 19 0.2506882 
536 151 9 11 0.23534128 
629 150 8 12 0.2254968 
525 156 10 12 0.21334262 
367 211 12 15 0.2133424 
799 183 12 15 0.21172404 
224 500 29 34 0.21124156 
772 187 11 14 0.20810786 
831 188 14 19 0.20801839 
706 258 33 40 0.20332566 
432 158 10 14 0.18003182 
978 213 15 19 0.17880356 
502 156 10 12 0.17807594 
613 200 13 17 0.17643371 
773 234 22 27 0.17585924 
561 182 12 15 0.17491852 
978 386 17 20 0.17452905 
615 241 24 27 0.17286934 
890 168 10 13 0.17141797 
661 240 21 25 0.16996478 
401 230 27 31 0.1664807 
526 151 9 12 0.16512685 
445 249 22 27 0.16063589 
542 151 8 10 0.16035976 
964 242 28 37 0.15902635 
797 206 15 17 0.15895909 
839 210 13 17 0.14478348 
651 516 15 23 0.14349732 
562 248 26 33 0.14298466 
53 157 9 12 0.13988627 
736 174 12 17 0.1354377 
409 187 11 13 0.13276874 
389 237 23 27 0.13249126 
456 190 10 13 0.1276978 
494 225 17 20 0.12638247 
569 150 8 10 0.12580521 
107 419 26 33 0.1236058 
863 229 15 17 0.121297866 
676 217 16 18 0.11803186 
614 180 11 13 0.11331496 
223 197 15 19 0.11092366 
1005 205 14 16 0.10939047 
197 390 24 27 0.10369138 
988 277 25 27 0.10237512 
592 226 14 19 0.10073078 
523 215 18 24 0.0989343 
137 198 22 26 0.09756644 
214 208 22 24 0.0974835 
474 254 27 32 0.097424775 
584 188 13 15 0.096697554 
346 149 8 10 0.095034145 
76 469 22 29 0.094441615 
574 157 9 12 0.09393487 
599 172 11 13 0.09264153 
732 462 10 13 0.09027782 
384 203 9 13 0.08972545 
95 166 12 15 0.08940594 
832 185 11 13 0.089152 
389 278 31 38 0.08575632 
384 199 10 11 0.08448025 
507 347 30 45 0.08420241 
121 220 16 21 0.08416807 
132 463 26 30 0.08345284 
327 178 9 12 0.083115876 
542 188 13 15 0.0828312 
411 222 18 21 0.08243223 
135 195 14 18 0.08212277 
873 244 26 30 0.08153548 
383 242 14 17 0.08048806 
550 151 7 10 0.080306806 
455 248 22 29 0.07885705 
381 375 23 33 0.078541316 
205 215 26 30 0.078017876 
498 151 8 11 0.07675888 
813 184 11 12 0.07673936 
695 219 12 14 0.07672869 
720 198 12 14 0.0766282 
122 414 25 30 0.07584329 
442 330 25 35 0.07443433 
545 196 12 15 0.07272216 
562 144 8 10 0.07196839 
465 218 16 18 0.07182516 
353 243 19 24 0.07161444 
881 211 12 14 0.0707012 
609 164 10 12 0.07030165 
659 494 17 19 0.07019904 
506 270 27 34 0.06987999 
634 221 22 27 0.069472 
291 206 15 18 0.06856815 
621 181 9 12 0.06764264 
559 226 24 29 0.06761264 
836 201 15 19 0.06741281 
573 151 8 11 0.066244386 
908 174 10 13 0.06595187 
470 156 7 10 0.06590327 
768 183 12 15 0.06508664 
234 203 13 17 0.06429638 
486 210 12 15 0.06390134 
718 241 17 20 0.06222003 
939 444 33 38 0.062134545 
527 280 14 19 0.0621127 
310 186 13 15 0.061999746 
409 148 8 10 0.061509553 
446 214 11 13 0.061259404 
479 232 26 30 0.061247848 
416 145 9 10 0.061196998 
74 203 27 32 0.060888596 
165 249 16 20 0.06030486 
391 206 9 12 0.06026728 
599 167 10 12 0.05988727 
256 240 17 22 0.05953875 
125 226 26 32 0.05930188 
170 455 26 32 0.0587597 
825 268 24 30 0.058551364 
651 237 22 26 0.05829848 
432 152 8 10 0.05810626 
670 203 12 14 0.05798384 
422 143 8 11 0.057953868 
668 466 15 19 0.057908513 
1003 283 15 20 0.05643608 
676 203 15 17 0.05532559 
501 163 12 15 0.054700896 
317 182 11 12 0.054448444 
358 209 14 17 0.0543631 
934 253 40 51 0.054218482 
422 149 8 9 0.05367119 
452 298 26 35 0.053410146 
279 503 18 22 0.052812707 
848 256 26 31 0.052591443 
445 243 17 21 0.052519824 
462 166 10 14 0.052444845 
485 158 8 9 0.0524379 
271 234 20 22 0.052418925 
515 226 23 30 0.051544223 
258 290 25 33 0.051376734 
71 246 37 42 0.051269002 
699 513 18 22 0.050745867 
90 166 9 13 0.050715137 
283 458 18 21 0.050646495 
700 205 16 17 0.050438546 
724 203 14 17 0.05009723 
566 145 8 10 0.04974472 
550 157 9 11 0.049208555 
389 190 9 14 0.04908374 
196 226 18 21 0.048201505 
755 198 13 16 0.048175022 
903 259 13 18 0.047707703 
656 134 8 11 0.047656126 
333 222 24 28 0.04752364 
993 201 20 24 0.04703458 
431 210 13 17 0.046561424 
683 202 14 17 0.046051364 
838 481 13 18 0.04581085 
363 246 15 21 0.045653064 
911 167 9 11 0.045265004 
707 226 21 25 0.045015246 
918 172 9 11 0.044814438 
992 224 23 29 0.04475306 
452 302 43 50 0.04448799 
626 221 17 21 0.044174742 
587 195 12 16 0.044121128 
916 166 10 12 0.043931246 
509 234 13 19 0.04350357 
14 196 12 16 0.043377183 
539 180 12 15 0.04333909 
657 142 8 11 0.043074384 
396 212 10 12 0.04301124 
609 153 8 9 0.042971 
1002 210 18 26 0.042549156 
462 198 12 14 0.042140346 
709 179 12 14 0.041934658 
989 210 13 17 0.04169369 
59 384 28 34 0.041547798 
842 252 16 21 0.041460432 
462 210 15 19 0.04137871 
588 183 12 14 0.041271128 
635 217 15 18 0.041192003 
349 209 14 16 0.04093175 
222 256 18 23 0.04059415 
580 196 15 19 0.040526953 
718 202 14 17 0.040234305 
594 350 29 40 0.039555144 
636 233 22 28 0.039538812 
353 276 23 32 0.039491817 
868 221 13 15 0.0394373 
29 191 13 16 0.039315164 
540 166 10 13 0.039305817 
464 203 16 19 0.039276652 
688 197 12 15 0.039132923 
420 219 21 26 0.03905041 
667 196 13 16 0.038557626 
936 205 11 14 0.03811765 
683 214 13 17 0.037731174 
613 187 14 16 0.03768679 
525 162 12 14 0.037407458 
849 268 30 34 0.03738576 
280 221 22 27 0.037316505 
362 432 14 17 0.037122462 
658 213 14 18 0.03698734 
613 150 9 11 0.03685884 
724 358 23 30 0.036816876 
415 399 24 29 0.036700945 
623 145 9 11 0.03640763 
167 250 24 31 0.036384445 
735 225 16 21 0.036011692 
34 195 14 17 0.035972722 
465 158 9 11 0.035961058 
615 144 9 12 0.035913695 
671 210 15 19 0.035845675 
546 456 35 48 0.03574094 
475 323 45 58 0.035452254 
952 419 11 15 0.03544385 
145 196 17 19 0.035270657 
407 213 13 15 0.03518352 
7 191 18 26 0.03504091 
310 236 14 17 0.03502692 
481 157 8 10 0.03472951 
34 203 17 22 0.034575332 
384 192 10 13 0.034574747 
625 153 11 15 0.034501053 
589 204 10 13 0.034273114 
23 190 10 15 0.03424911 
780 228 17 21 0.034119613 
606 248 456 532 0.034105588 
569 155 10 12 0.03404171 
438 249 16 21 0.033859137 
437 208 9 12 0.033848263 
229 249 23 31 0.033774734 
46 229 24 28 0.033452787 
896 212 10 13 0.033389736 
850 209 13 15 0.033327222 
507 148 11 14 0.033288483 
246 521 15 20 0.03326316 
525 228 17 21 0.033255663 
753 199 21 29 0.032936886 
607 172 10 13 0.032912396 
334 144 10 13 0.032400735 
496 165 11 14 0.03226476 
275 201 13 17 0.03218544 
376 197 11 13 0.031815484 
661 202 13 15 0.031732664 
219 466 17 21 0.031642705 
272 255 31 39 0.031633247 
474 237 19 22 0.03159016 
775 173 10 14 0.03146394 
919 183 10 12 0.03146268 
373 204 13 16 0.031460278 
148 452 36 44 0.03135496 
561 213 12 15 0.031322215 
757 382 16 19 0.031308662 
669 482 14 18 0.031119006 
333 236 24 30 0.03091682 
455 163 12 15 0.030845882 
126 239 16 21 0.030817607 
494 214 11 15 0.03078 
194 147 16 20 0.030775335 
824 188 10 14 0.030740371 
534 186 13 15 0.030388182 
703 243 18 19 0.030384881 
452 212 12 15 0.030376725 
612 207 17 20 0.030277649 
732 210 13 18 0.030198341 
979 217 23 27 0.030196259 
315 234 15 17 0.03018672 
661 148 9 11 0.030162178 
147 242 27 30 0.030158652 
648 205 23 27 0.030101227 
45 202 19 24 0.03009211 
387 266 20 23 0.030024573 
583 225 13 18 0.029809438 
657 187 13 15 0.029764142 
640 143 9 12 0.029700024 
573 161 12 15 0.029666968 
797 196 16 17 0.029580094 
438 189 11 14 0.02955885 
434 162 13 17 0.02939467 
1012 476 10 18 0.029361134 
1000 218 12 16 0.029348258 
99 385 25 29 0.02922451 
844 204 13 18 0.029223021 
419 302 26 34 0.02899122 
568 163 11 13 0.02895623 
565 212 21 24 0.028847694 
598 177 12 15 0.028842723 
44 228 15 20 0.028727192 
784 216 15 19 0.028718198 
494 347 31 41 0.028639248 
464 150 8 11 0.028448595 
376 190 9 12 0.028438855 
1003 225 20 30 0.028437901 
840 269 24 32 0.028406085 
495 232 24 29 0.028304866 
276 165 10 14 0.028138718 
565 263 18 22 0.028071083 
991 192 12 14 0.028057404 
712 215 17 20 0.02801592 
331 220 14 18 0.027995903 
559 219 14 18 0.027776739 
145 205 19 22 0.027647456 
667 225 22 27 0.027365431 
900 213 12 14 0.02734706 
406 220 16 19 0.027287804 
477 171 10 13 0.027236331 
902 168 10 11 0.027152034 
190 237 43 51 0.027099082 
486 218 14 18 0.026997387 
409 298 25 33 0.026971221 
389 172 12 18 0.026955104 
15 503 16 23 0.026702102 
881 203 12 16 0.026639577 
543 157 9 10 0.026630854 
416 410 27 32 0.026524046 
294 202 21 24 0.0263755 
3 286 22 35 0.026344722 
381 210 10 14 0.02632423 
916 203 14 18 0.026244916 
469 224 25 29 0.026203306 
272 170 12 15 0.026177276 
456 149 8 10 0.026125973 
439 172 11 15 0.026108121 
421 204 13 15 0.0260731 
976 191 12 17 0.025996882 
624 499 13 16 0.025992852 
26 194 20 26 0.02597873 
132 211 27 33 0.025930347 
370 247 15 20 0.025847673 
612 369 26 38 0.025735456 
752 224 15 19 0.025675066 
757 173 11 14 0.025505934 
379 271 30 37 0.025453322 
622 145 19 24 0.025359835 
794 182 12 15 0.025275614 
649 503 24 29 0.02514905 
752 257 35 45 0.025147056 
304 262 24 33 0.025139371 
830 259 18 21 0.02510799 
872 258 25 32 0.025047414 
117 459 39 51 0.025026524 
499 155 8 11 0.024986226 
399 149 7 10 0.024946237 
859 240 17 19 0.024714258 
699 192 11 13 0.024537355 
1 308 11 18 0.024331518 
821 183 10 13 0.024280027 
798 183 20 23 0.024124647 
1005 480 14 21 0.02405306 
679 134 8 11 0.024000652 
894 194 13 16 0.023988388 
716 227 22 27 0.02392055 
767 165 10 12 0.023876967 
343 444 10 14 0.023862258 
494 172 12 15 0.023850288 
542 293 29 33 0.023807574 
924 204 11 15 0.02371952 
774 192 12 16 0.023711827 
49 152 10 13 0.023704339 
346 210 23 28 0.02359194 
116 226 23 28 0.023457255 
0 426 19 29 0.023397831 
321 174 11 13 0.023393616 
980 205 13 17 0.02332199 
758 177 13 17 0.023297781 
459 287 30 37 0.023205511 
662 476 25 30 0.02319975 
364 206 20 25 0.023157597 
445 259 27 35 0.023105703 
848 244 24 29 0.023085622 
559 175 12 14 0.022769475 
309 245 35 43 0.022741865 
521 152 19 23 0.02257408 
13 469 26 32 0.022558322 
773 167 9 12 0.022541134 
477 212 13 16 0.02248513 
611 251 18 22 0.022457771 
894 247 22 25 0.022435691 
998 193 11 13 0.022402968 
656 224 17 19 0.022393476 
447 158 9 12 0.022199932 
340 465 14 17 0.02217945 
901 254 22 29 0.02217339 
574 144 8 10 0.022162128 
606 152 18 23 0.022152396 
694 520 19 22 0.022133054 
956 445 13 16 0.022131134 
507 226 15 19 0.022104157 
549 245 23 30 0.022055037 
253 217 15 17 0.02196131 
547 488 51 61 0.02189444 
654 520 19 26 0.021844946 
453 220 11 15 0.021828512 
190 176 17 23 0.02177701 
683 408 17 21 0.021763485 
1008 239 15 22 0.021688454 
550 484 32 41 0.021660117 
623 187 11 15 0.021655126 
814 232 24 29 0.021624496 
447 149 8 11 0.021608809 
865 238 25 29 0.021601802 
381 242 23 27 0.021589583 
686 141 9 12 0.021562586 
504 143 10 14 0.021552196 
465 289 45 49 0.021529714 
394 172 19 27 0.021522978 
197 375 27 31 0.021407917 
447 189 9 13 0.021406114 
414 357 12 16 0.02138624 
306 185 21 24 0.02132958 
412 195 11 13 0.021259492 
253 226 16 20 0.02125228 
774 459 13 16 0.021223616 
683 393 17 22 0.021208525 
65 376 26 29 0.021057239 
592 246 25 31 0.0210345 
896 240 16 20 0.021016914 
521 165 11 13 0.021008728 
496 158 20 24 0.020987306 
690 501 27 31 0.020934122 
710 155 12 16 0.020909602 
438 149 9 12 0.020814078 
1004 200 13 14 0.02079536 
824 281 26 35 0.020762566 
551 145 8 10 0.02072934 
421 151 22 25 0.020682784 
761 148 12 15 0.020655759 
441 302 28 36 0.020578466 
243 200 12 17 0.02057506 
145 401 29 31 0.02056164 
458 408 23 32 0.020519737 
389 468 10 12 0.02051411 
86 323 28 37 0.020513821 
423 157 11 14 0.020504849 
356 290 21 32 0.020416606 
870 215 12 15 0.02039542 
734 179 22 27 0.020338543 
766 95 11 13 0.02031272 
425 253 25 29 0.020277554 
645 142 10 13 0.020253142 
673 462 13 15 0.02022416 
95 412 28 35 0.020110775 
761 96 10 12 0.020087045 
774 96 10 13 0.02006887 
724 216 15 20 0.02006161 
50 509 48 49 0.020039514 
