38_Tennis_Tennis_38_232
253
806 329 14 20 0.9828486 
733 252 9 12 0.8956249 
165 222 10 12 0.57602996 
648 70 7 11 0.5000325 
686 63 8 11 0.45717758 
630 38 9 11 0.44937515 
943 13 10 12 0.39845985 
990 59 11 14 0.37932116 
612 63 9 11 0.31903347 
724 70 8 10 0.31336427 
638 19 8 11 0.29542032 
728 37 9 10 0.293601 
899 38 8 11 0.2851311 
909 16 9 11 0.26505142 
999 36 11 14 0.23824275 
693 37 9 11 0.2342151 
870 37 8 10 0.21713756 
44 414 9 11 0.21027192 
673 22 7 9 0.1862591 
591 0 13 12 0.18372452 
704 21 9 11 0.17722452 
965 22 9 12 0.17372441 
733 38 8 10 0.1727237 
726 33 8 11 0.16909596 
1008 60 8 11 0.16210836 
943 39 9 11 0.15036094 
980 44 9 11 0.14088683 
893 63 8 10 0.13988417 
981 7 13 14 0.13332902 
709 29 8 11 0.12705925 
750 54 12 15 0.12247935 
853 62 9 13 0.11930359 
106 0 16 15 0.118320666 
658 55 8 10 0.11592247 
966 34 11 15 0.112013236 
1014 257 9 15 0.11166124 
736 90 13 19 0.10911226 
742 12 10 12 0.10872023 
704 37 9 11 0.09967698 
672 28 10 13 0.099471234 
935 47 9 12 0.09696143 
647 65 8 11 0.09661881 
918 35 11 14 0.09543571 
1008 6 9 12 0.09529794 
670 95 11 13 0.0922794 
708 85 11 14 0.09091142 
976 38 9 13 0.088295795 
965 42 11 13 0.083640955 
662 40 8 11 0.08211461 
985 60 10 13 0.08076555 
963 62 12 14 0.07837684 
702 95 11 14 0.07835414 
938 11 9 12 0.07806527 
964 68 9 12 0.07529763 
677 47 9 12 0.075189345 
889 40 7 9 0.0740494 
0 301 8 13 0.072128095 
906 19 9 12 0.07147372 
669 69 9 12 0.07056754 
775 15 8 11 0.06962612 
977 6 11 13 0.06909986 
935 7 9 13 0.06726394 
751 45 10 12 0.06662795 
703 16 9 12 0.06576315 
1 360 9 13 0.06553589 
709 38 8 10 0.06477566 
610 67 9 11 0.06280787 
15 318 9 12 0.060880892 
39 271 10 13 0.06060628 
672 54 9 11 0.05999038 
1015 38 9 12 0.058338556 
629 60 11 13 0.0572307 
942 44 10 12 0.056081444 
888 45 8 10 0.055692095 
678 36 9 12 0.05442094 
682 66 9 12 0.054209035 
776 19 9 12 0.053846724 
768 40 8 10 0.05352212 
657 46 8 10 0.053209115 
661 61 10 13 0.053202026 
721 62 9 12 0.053157732 
873 8 9 11 0.05300065 
968 77 9 11 0.052479986 
623 56 10 12 0.052307904 
17 267 9 12 0.051446825 
63 -1 17 15 0.05110089 
912 29 9 12 0.045970973 
61 436 10 11 0.045709714 
966 17 8 11 0.045451242 
670 62 9 12 0.045317598 
21 267 10 13 0.045024388 
958 1 10 11 0.044690162 
721 36 9 11 0.044512145 
752 38 10 13 0.0438742 
947 38 10 12 0.043866444 
719 0 8 8 0.042973198 
897 15 7 11 0.04284002 
984 93 11 14 0.042294584 
657 60 9 12 0.041794058 
741 30 9 12 0.041198976 
961 16 9 11 0.04042161 
987 6 12 13 0.04023802 
0 326 10 14 0.039881244 
1000 23 9 11 0.03931276 
865 33 9 11 0.03910277 
672 35 10 12 0.0383584 
782 58 10 12 0.038190953 
687 56 10 11 0.037836995 
982 67 10 13 0.03781575 
636 37 8 10 0.037083164 
616 57 9 11 0.0369071 
1012 60 9 12 0.036747906 
929 52 10 13 0.036550194 
737 7 11 13 0.036409054 
929 46 9 13 0.036263317 
918 43 10 13 0.03607391 
708 79 11 13 0.035880513 
743 2 9 8 0.03574395 
46 431 9 12 0.035646077 
606 79 8 11 0.035406735 
897 33 8 11 0.035333287 
671 88 8 11 0.035040364 
928 7 9 11 0.034688592 
666 93 10 13 0.03425463 
935 30 8 11 0.0342149 
984 54 10 13 0.034042016 
32 268 11 13 0.033611726 
685 0 8 8 0.033512384 
702 6 9 10 0.033024557 
992 65 10 14 0.032784585 
626 44 9 11 0.032556742 
901 31 10 12 0.032481752 
632 33 9 12 0.032177772 
985 85 10 13 0.03216419 
733 43 9 10 0.031544026 
854 56 9 13 0.03129346 
677 54 9 10 0.031257827 
654 78 8 10 0.031106291 
664 88 8 10 0.030975146 
639 86 9 13 0.030870104 
689 32 9 11 0.03078465 
999 77 8 11 0.030632215 
399 272 8 10 0.030314157 
623 81 10 12 0.030161403 
697 21 8 11 0.030120136 
702 1 10 9 0.030092752 
57 431 9 12 0.03004152 
161 224 13 17 0.029818129 
717 55 8 11 0.029589264 
767 54 10 13 0.029569216 
736 32 9 12 0.02948114 
927 1 8 9 0.029471388 
855 78 11 15 0.029399574 
0 278 8 12 0.029237458 
1000 92 9 13 0.029125193 
919 14 8 11 0.029115822 
755 53 11 13 0.029060842 
681 0 10 9 0.028512143 
654 4 13 16 0.028087022 
949 6 10 13 0.028055947 
639 55 8 11 0.02805423 
46 437 9 11 0.027954638 
655 21 10 12 0.027586926 
749 1 9 9 0.027500395 
712 0 8 9 0.027429266 
937 39 8 11 0.027427943 
658 41 8 11 0.027423928 
925 31 10 12 0.027131932 
825 443 25 32 0.026922356 
639 61 10 13 0.02691018 
795 378 23 36 0.026843771 
758 69 10 11 0.026825266 
852 89 15 18 0.026538305 
14 332 13 16 0.026504159 
973 79 9 10 0.026390113 
3 327 13 17 0.026301041 
729 248 17 22 0.026228178 
1000 86 10 13 0.026047897 
641 78 8 11 0.026031619 
712 47 8 10 0.02589751 
24 485 11 13 0.02584692 
725 75 9 12 0.025839148 
12 322 12 16 0.025740046 
630 93 11 15 0.02572743 
952 94 10 14 0.025539916 
966 55 10 13 0.025465965 
663 22 8 11 0.025451887 
45 409 9 12 0.025386093 
695 44 9 11 0.025155544 
848 65 10 15 0.025010224 
911 1 9 9 0.02496748 
111 440 14 17 0.024940995 
896 41 11 14 0.02491409 
963 28 10 13 0.02490993 
993 45 10 13 0.024907492 
792 10 14 16 0.02473809 
222 8 135 119 0.02462734 
784 31 8 9 0.024397291 
669 76 9 11 0.02437015 
56 437 9 11 0.02425161 
949 31 8 10 0.023675378 
941 50 13 14 0.023622181 
1001 312 9 12 0.023608146 
751 308 10 13 0.023536844 
712 54 9 11 0.0234951 
877 12 7 10 0.023450328 
759 343 9 13 0.023324676 
860 1 11 12 0.023304544 
746 59 11 15 0.023206942 
661 12 9 12 0.02318596 
888 31 8 10 0.023055546 
951 0 10 10 0.02303061 
709 70 10 12 0.022946345 
866 45 8 10 0.022891216 
647 55 8 10 0.02288514 
911 8 9 10 0.022816554 
820 349 12 16 0.022803528 
649 0 23 28 0.022679787 
719 75 10 12 0.022487463 
997 71 10 11 0.022393422 
602 80 9 11 0.022295648 
605 85 9 13 0.022001022 
870 94 11 15 0.0219877 
944 33 9 10 0.021924892 
653 70 9 12 0.021823892 
776 59 10 12 0.021787867 
868 55 12 13 0.021626314 
996 61 10 12 0.021496719 
1006 17 11 14 0.021320965 
663 76 10 12 0.021316709 
685 5 9 11 0.021297904 
703 55 10 12 0.021159673 
736 1 9 10 0.020834977 
719 14 10 12 0.020817965 
993 36 10 13 0.02081444 
863 59 12 16 0.02074289 
983 80 10 12 0.020726738 
656 86 8 11 0.02067987 
962 37 11 14 0.020628015 
831 372 10 14 0.020592282 
703 59 11 15 0.020543816 
894 31 18 24 0.020468548 
52 156 196 233 0.020405432 
73 446 9 11 0.020399012 
974 61 11 13 0.020358253 
630 85 10 14 0.020352984 
903 0 10 9 0.020327777 
400 278 8 10 0.02027332 
1005 37 9 13 0.020231105 
698 15 9 12 0.02013539 
19 315 11 15 0.020108525 
15 311 11 13 0.020104107 
949 20 9 11 0.02004722 
