38_Tennis_Tennis_38_371
59
568 288 29 36 0.9994572 
785 198 27 33 0.9994093 
764 282 29 39 0.99934524 
343 296 29 36 0.9992816 
172 192 28 33 0.9987477 
665 277 29 37 0.9986082 
443 215 26 32 0.998314 
438 302 29 34 0.99812275 
129 202 25 29 0.99802196 
380 209 27 36 0.9979231 
475 367 33 42 0.9976548 
490 203 24 28 0.9973884 
549 372 33 40 0.9973097 
277 203 26 30 0.9973016 
232 200 24 29 0.9967547 
325 206 21 27 0.9961456 
528 214 23 29 0.99455833 
730 189 21 26 0.9943146 
567 196 22 28 0.9937763 
654 197 23 29 0.9932736 
697 192 25 29 0.9927511 
878 188 25 31 0.9907154 
816 192 21 26 0.9897782 
413 206 23 28 0.98942053 
612 220 23 27 0.9886847 
701 290 23 29 0.25780052 
688 264 27 32 0.10373694 
461 273 21 25 0.09482496 
368 449 28 35 0.08663396 
415 300 14 17 0.085474215 
469 317 21 27 0.07804887 
439 372 15 18 0.06569835 
612 309 24 27 0.06339444 
723 296 25 33 0.0585918 
154 202 16 21 0.05734718 
798 295 21 25 0.057325713 
573 243 23 26 0.050817687 
775 380 14 16 0.04672999 
785 265 24 29 0.04604382 
711 294 27 33 0.04246438 
666 471 24 25 0.041963503 
401 313 16 20 0.041706346 
676 273 26 34 0.041083645 
426 360 14 18 0.039980628 
369 358 16 18 0.03623658 
871 470 9 10 0.035468042 
412 451 33 38 0.03336231 
776 271 27 33 0.032663282 
731 289 22 30 0.0315681 
467 364 28 37 0.031242898 
682 452 12 14 0.031096397 
584 379 14 16 0.03029452 
522 280 22 24 0.02946334 
801 191 23 30 0.026864111 
903 470 10 12 0.025228234 
813 207 24 28 0.022980185 
419 306 12 17 0.021682585 
444 362 22 30 0.020818936 
738 233 24 27 0.020230178 
