38_Tennis_Tennis_38_535
210
505 471 23 29 0.9904546 
514 422 22 29 0.98887956 
862 324 22 27 0.986527 
431 446 24 33 0.9862325 
579 304 22 29 0.9758755 
243 287 18 23 0.9709989 
134 456 21 26 0.95712256 
206 433 21 26 0.95522094 
356 308 22 29 0.9515814 
173 277 18 23 0.9481343 
713 318 20 26 0.9476123 
762 426 22 28 0.94107985 
460 421 23 31 0.9370697 
397 321 19 22 0.93684345 
480 316 19 23 0.92732704 
641 312 21 26 0.9221711 
778 308 22 27 0.9220892 
465 265 21 25 0.921604 
657 463 19 26 0.91853607 
232 319 20 26 0.9159146 
46 448 23 31 0.91510665 
369 407 21 25 0.9112408 
322 383 20 26 0.8843659 
193 341 19 23 0.8813399 
707 418 17 22 0.8783741 
596 424 21 25 0.87485147 
375 450 23 27 0.8519494 
142 413 21 27 0.85186255 
289 291 15 22 0.83688885 
421 315 20 28 0.83405364 
146 306 18 24 0.81609803 
551 469 20 25 0.8071901 
613 395 15 17 0.80289483 
508 307 21 27 0.7956378 
897 490 21 25 0.7283695 
434 415 20 27 0.72616446 
647 423 19 25 0.72568697 
288 455 23 30 0.7218784 
163 252 12 14 0.6607653 
677 411 11 14 0.59874773 
330 452 16 21 0.5527659 
408 317 22 28 0.5200213 
230 275 11 14 0.49490926 
170 455 15 18 0.34709993 
790 251 14 16 0.325189 
256 316 17 22 0.32462612 
906 268 13 18 0.30300733 
344 430 11 15 0.25844163 
197 278 12 18 0.25526586 
820 479 17 20 0.23347864 
304 304 13 18 0.23139213 
71 217 13 20 0.2158183 
132 269 11 13 0.21015275 
532 396 14 18 0.20870933 
363 294 10 13 0.1929459 
184 310 13 16 0.16599427 
453 416 21 27 0.16468915 
160 248 11 15 0.16089442 
650 414 13 16 0.15702525 
109 221 11 17 0.15264633 
551 242 11 15 0.15245609 
336 358 12 15 0.14568505 
565 415 20 25 0.1360698 
75 212 13 18 0.13506962 
640 257 13 16 0.13278487 
650 388 13 16 0.124103285 
812 464 28 32 0.12016527 
271 581 27 29 0.117198475 
549 369 13 17 0.11649299 
896 477 29 32 0.10587499 
301 408 14 18 0.10503955 
665 259 11 13 0.10270801 
594 411 16 19 0.10083872 
272 240 11 13 0.097055756 
96 159 9 11 0.09098947 
709 408 15 19 0.0900702 
379 292 12 15 0.08826588 
374 501 13 17 0.08652512 
273 387 23 31 0.08581157 
527 399 16 21 0.084564835 
686 468 14 20 0.07636272 
244 411 22 29 0.07518797 
600 284 14 16 0.074582785 
449 282 13 16 0.0744043 
415 201 10 12 0.07002417 
591 417 21 26 0.06954035 
366 514 24 29 0.067963034 
506 200 9 11 0.06608267 
357 299 15 19 0.062454358 
647 536 12 18 0.062137812 
196 324 15 19 0.061718464 
764 247 12 16 0.05843415 
838 263 12 17 0.058414582 
133 414 19 24 0.05811776 
237 276 12 15 0.057948064 
630 249 11 14 0.053524803 
54 127 9 11 0.05282242 
351 307 16 23 0.051430594 
680 276 15 18 0.0513368 
265 388 18 23 0.05091902 
294 273 13 16 0.05052238 
443 301 12 16 0.05045894 
245 279 12 15 0.049825154 
191 325 25 31 0.049426615 
839 570 32 31 0.04587352 
363 504 15 21 0.0451564 
184 411 13 16 0.04512098 
469 380 14 18 0.043651797 
330 249 13 16 0.043520615 
671 165 10 13 0.041840263 
368 311 17 25 0.04148449 
319 434 13 19 0.040935587 
338 449 15 20 0.04092296 
862 510 11 14 0.0406584 
334 435 14 18 0.040406972 
577 412 21 26 0.040217903 
235 312 15 19 0.03929331 
601 548 16 18 0.038250964 
699 529 29 29 0.03814147 
164 314 14 19 0.03773346 
324 443 14 17 0.03709452 
296 296 19 25 0.0368748 
152 249 13 17 0.036568217 
373 398 13 16 0.036327448 
77 397 12 14 0.03573375 
869 311 12 13 0.03552409 
680 366 13 17 0.035087988 
290 446 18 21 0.03460313 
496 419 14 19 0.03453074 
677 448 14 17 0.034174096 
63 159 8 10 0.034087036 
360 290 21 27 0.033675183 
374 444 15 19 0.033132493 
57 158 8 10 0.032770645 
453 561 26 32 0.032374192 
128 164 9 11 0.031704422 
373 289 22 30 0.031440374 
392 308 35 44 0.0313673 
601 288 17 22 0.031142011 
420 310 16 19 0.030947518 
33 149 9 12 0.03050558 
279 293 16 22 0.030435959 
645 404 15 18 0.030235218 
773 403 30 32 0.030009646 
184 278 17 24 0.029957531 
205 292 12 17 0.029947488 
317 247 8 11 0.029288618 
658 425 13 19 0.028905064 
515 415 15 18 0.028643603 
763 410 29 36 0.02864021 
589 548 30 29 0.028079327 
666 426 15 18 0.028011804 
170 253 10 13 0.027837943 
252 417 24 30 0.027836729 
557 417 16 21 0.02760911 
155 302 13 16 0.02752907 
211 293 13 17 0.02730093 
142 406 12 17 0.027109757 
48 141 8 10 0.027054029 
894 582 36 37 0.026729718 
289 395 20 28 0.02658383 
772 294 35 44 0.026491053 
281 506 27 29 0.026439514 
662 269 21 29 0.026294058 
602 410 16 20 0.025954943 
380 322 14 20 0.025947616 
700 292 39 48 0.025506396 
334 358 20 25 0.025503628 
34 142 9 12 0.025325708 
604 400 20 24 0.02531751 
589 296 21 28 0.025266664 
50 133 8 11 0.02526088 
812 460 18 19 0.025021197 
62 143 9 11 0.024962028 
269 426 13 16 0.024612434 
227 272 19 25 0.024209635 
216 387 12 16 0.024094153 
415 128 9 10 0.02384919 
455 245 11 14 0.023834607 
536 400 16 21 0.023663368 
893 483 17 22 0.023607569 
372 505 22 28 0.023598032 
56 143 8 10 0.023504265 
470 423 18 25 0.02340934 
125 417 23 30 0.02314514 
714 530 16 19 0.022923565 
626 428 14 20 0.022784038 
265 321 14 19 0.022229237 
466 414 16 19 0.02210496 
788 493 11 13 0.021994188 
131 443 17 20 0.021649737 
903 264 11 16 0.021593813 
550 461 16 22 0.021553975 
112 244 10 15 0.021494748 
646 151 8 10 0.02127342 
501 418 23 29 0.021243114 
454 431 16 21 0.021148002 
792 255 16 19 0.021116413 
434 301 20 26 0.021088896 
113 164 9 10 0.020917555 
739 263 15 22 0.020860195 
519 399 12 16 0.020838615 
159 282 13 17 0.020749465 
624 251 14 19 0.020583408 
431 319 16 23 0.020500509 
758 246 20 25 0.020340271 
548 424 14 20 0.020302668 
407 379 13 19 0.020194642 
203 421 14 17 0.020160414 
325 581 35 34 0.020002035 
