0_Parade_marchingband_1_147
103
306 131 54 61 0.9988097 
504 88 76 84 0.9965738 
88 152 30 35 0.98998904 
215 159 44 49 0.98905087 
164 125 40 42 0.96453077 
613 148 36 42 0.8875555 
867 158 38 43 0.83686656 
405 178 57 58 0.59018767 
752 99 15 19 0.45091984 
244 0 15 17 0.32321972 
315 34 19 22 0.28507745 
779 16 14 17 0.23302035 
422 41 55 71 0.21305887 
712 9 12 16 0.18289132 
0 43 10 16 0.17793544 
778 82 16 19 0.15591894 
297 2 17 17 0.13143072 
0 11 17 30 0.12837282 
17 160 26 33 0.11552501 
281 102 15 20 0.10998431 
808 12 14 18 0.10898222 
896 75 14 18 0.10564411 
201 2 15 16 0.098763846 
848 28 12 15 0.09444674 
637 161 37 42 0.09389608 
385 37 24 30 0.08726273 
410 2 20 19 0.07409994 
413 56 16 22 0.07341337 
854 53 11 15 0.07103184 
250 59 14 18 0.070913374 
555 7 30 36 0.06720022 
306 0 17 18 0.06290833 
215 -1 14 12 0.059476666 
350 540 11 14 0.05086962 
355 61 16 18 0.050845016 
29 55 21 27 0.05020861 
549 495 62 56 0.04932394 
964 311 55 55 0.048364602 
368 -2 23 16 0.0455676 
829 15 15 19 0.04295275 
885 5 12 14 0.04068253 
824 81 12 15 0.04049406 
928 4 13 16 0.03927195 
418 61 26 35 0.03911936 
264 6 24 28 0.038922988 
393 48 51 68 0.037097964 
714 108 18 21 0.0367758 
591 142 53 64 0.036504786 
965 22 12 16 0.035719365 
749 52 15 20 0.03566392 
27 66 24 30 0.035534278 
123 13 45 56 0.034323458 
314 0 18 19 0.03359789 
181 116 32 45 0.033229508 
884 34 13 17 0.03211081 
955 52 12 15 0.031289842 
700 74 13 16 0.03092909 
609 50 14 18 0.030680485 
798 34 13 14 0.029974526 
268 93 42 54 0.02972299 
401 54 30 34 0.029483683 
938 51 13 17 0.028972914 
373 30 89 107 0.028836485 
846 51 14 18 0.028495008 
163 142 32 40 0.027879018 
425 1 18 20 0.027588679 
320 28 23 30 0.02757968 
419 54 11 17 0.027306877 
24 80 25 34 0.025921533 
699 139 13 16 0.025871098 
393 43 29 36 0.025632074 
797 57 13 16 0.025544256 
442 64 41 47 0.025538346 
912 36 12 16 0.025319802 
276 99 26 32 0.02516621 
952 39 10 12 0.02493202 
476 52 81 100 0.024887871 
649 74 14 18 0.024622189 
380 29 47 57 0.023322066 
926 32 13 18 0.023283886 
338 101 50 67 0.023204576 
836 46 13 16 0.022921376 
0 23 19 33 0.022885978 
198 41 15 18 0.022742255 
952 45 11 15 0.022447644 
716 89 14 16 0.022388339 
629 149 37 41 0.02228978 
50 31 25 29 0.022231525 
260 68 12 15 0.022218613 
650 173 20 26 0.022115689 
828 119 17 19 0.021947568 
906 55 14 19 0.021462845 
744 44 10 13 0.021451099 
41 57 15 20 0.021353576 
386 184 37 44 0.021195112 
211 59 14 17 0.021179207 
386 20 26 33 0.021101592 
246 65 14 17 0.020901773 
816 44 12 14 0.020518105 
421 70 17 21 0.020509217 
851 33 12 14 0.020505138 
957 37 11 13 0.020302322 
400 198 46 51 0.02024138 
