0_Parade_Parade_0_29
100
543 166 59 68 0.9992539 
316 231 32 40 0.9990945 
980 186 34 40 0.9990356 
239 235 22 27 0.99180436 
802 166 40 49 0.98949534 
161 249 17 20 0.9849145 
141 251 13 16 0.96413356 
193 241 21 22 0.9507409 
421 249 21 24 0.8978248 
486 234 17 20 0.83490825 
706 245 16 19 0.79800063 
747 244 15 20 0.7615221 
293 243 14 17 0.6791171 
509 243 14 16 0.67678547 
120 245 12 14 0.621532 
670 239 9 11 0.5916185 
689 253 10 12 0.40880927 
358 242 13 18 0.3367628 
-58 282 515 338 0.2473653 
864 230 45 47 0.24011666 
461 252 10 11 0.19012657 
717 222 11 14 0.17810327 
406 242 13 16 0.17555037 
421 223 11 13 0.15498728 
375 252 10 13 0.14105587 
677 238 8 11 0.13222635 
220 252 12 14 0.131213 
859 231 30 31 0.12549719 
725 219 12 14 0.115321815 
349 237 24 30 0.11189265 
80 229 9 12 0.110580266 
104 253 9 10 0.087932505 
68 240 10 12 0.08243297 
150 229 9 12 0.08124058 
756 239 10 14 0.08120598 
64 244 9 11 0.07071027 
1012 12 10 16 0.070232786 
124 248 10 15 0.069074586 
472 251 9 12 0.06366592 
181 258 11 14 0.06361502 
380 251 9 11 0.06141608 
693 247 11 15 0.061403673 
146 247 12 15 0.05740848 
131 229 10 12 0.05291384 
170 252 11 16 0.051670298 
507 251 18 22 0.05005779 
54 232 8 10 0.046450514 
590 371 153 186 0.046269413 
458 248 9 11 0.045658503 
81 235 9 12 0.04530578 
714 244 10 14 0.04497148 
34 222 17 21 0.044968084 
415 255 24 31 0.043718074 
512 246 17 21 0.039283678 
725 267 8 11 0.036099896 
406 248 14 20 0.035826683 
214 227 13 17 0.03524841 
110 252 10 11 0.034981154 
365 248 13 18 0.034965 
652 246 10 12 0.034116637 
697 223 8 10 0.034115694 
57 238 8 11 0.03409014 
326 289 23 30 0.03335862 
120 190 9 10 0.032974612 
431 250 14 18 0.03207135 
113 246 9 12 0.031432055 
149 235 12 15 0.031057572 
501 237 18 24 0.030274529 
117 286 11 12 0.02946161 
731 220 10 12 0.029102677 
476 250 11 15 0.029089 
149 295 12 13 0.027739856 
86 238 10 12 0.027392332 
789 175 30 36 0.026420182 
128 221 9 13 0.026264122 
648 239 9 11 0.025861545 
926 435 93 163 0.025799341 
97 246 9 11 0.025675485 
16 244 9 13 0.025443714 
71 251 9 11 0.025427375 
91 228 13 15 0.025141543 
30 219 15 20 0.024243902 
46 228 9 14 0.024206556 
445 237 10 12 0.023968972 
736 250 13 17 0.023889527 
679 243 11 14 0.023697456 
78 255 8 10 0.023652289 
126 215 9 11 0.023346767 
736 245 23 27 0.023098052 
718 237 10 14 0.022728242 
104 260 10 13 0.022661969 
595 242 18 20 0.022481123 
263 252 12 16 0.021931874 
417 227 11 13 0.02189654 
587 238 31 33 0.021733908 
402 244 11 14 0.02164906 
96 252 9 11 0.021595031 
288 250 12 17 0.021465952 
730 240 48 52 0.020889113 
64 232 8 10 0.020467635 
