0_Parade_marchingband_1_379
228
956 314 13 16 0.87655044 
900 313 13 17 0.8564095 
425 304 33 39 0.83383405 
660 325 14 19 0.78224754 
850 316 13 18 0.7736397 
787 322 12 16 0.7413262 
537 313 21 28 0.7169183 
767 322 11 14 0.6991971 
600 321 13 16 0.64181954 
989 327 10 14 0.6125384 
189 323 21 27 0.5546444 
813 318 16 17 0.5380042 
696 285 23 28 0.48817322 
508 309 9 13 0.27242333 
878 323 10 14 0.24073242 
220 336 15 19 0.19920045 
285 318 28 31 0.18970637 
932 323 10 14 0.1842519 
878 317 10 13 0.17850699 
294 307 29 33 0.17344823 
61 3 14 16 0.16240145 
791 392 12 15 0.15581502 
265 328 17 21 0.15401103 
91 331 17 19 0.15268333 
280 305 28 32 0.14462973 
906 315 12 16 0.13766105 
283 303 17 21 0.13678116 
952 368 9 11 0.12952599 
875 294 12 15 0.1229792 
886 364 9 11 0.121842675 
99 332 16 19 0.11658247 
327 0 15 16 0.11126155 
765 365 11 14 0.110760726 
307 319 17 23 0.10935943 
815 328 14 17 0.108114146 
88 322 17 19 0.103242576 
382 319 23 27 0.102875255 
873 327 9 12 0.09895026 
381 302 24 26 0.09838539 
577 302 10 12 0.09129362 
742 356 14 17 0.084712476 
903 304 10 13 0.08213592 
228 331 14 19 0.08077865 
476 321 13 19 0.08068237 
639 391 13 17 0.078904256 
741 311 9 11 0.07853403 
828 315 12 16 0.07793916 
556 328 14 18 0.07742918 
393 325 15 18 0.07338803 
508 312 13 18 0.07165864 
911 343 9 11 0.071338125 
457 310 26 32 0.070852935 
954 359 8 10 0.07082198 
929 321 9 11 0.070536554 
373 320 13 19 0.0684681 
505 304 10 14 0.06846564 
547 321 21 26 0.06735809 
740 345 22 29 0.06377086 
829 363 11 13 0.060272384 
946 318 10 13 0.057299275 
1014 325 8 11 0.0554431 
819 310 14 17 0.055238217 
946 342 8 10 0.055076666 
823 364 12 14 0.054611634 
517 339 13 16 0.05298168 
380 314 17 20 0.052684214 
916 317 9 13 0.05238978 
819 312 20 25 0.052088384 
106 337 13 15 0.05103186 
298 321 20 23 0.050481837 
273 320 24 29 0.05007423 
996 326 9 12 0.049865957 
236 329 14 21 0.049407884 
310 11 12 13 0.047534887 
318 3 13 15 0.047526706 
99 322 19 22 0.047432274 
699 295 25 29 0.046993576 
536 325 16 21 0.046066087 
861 325 10 13 0.0458539 
230 406 12 15 0.04491092 
741 315 12 14 0.044907503 
798 376 10 11 0.04464215 
333 9 14 16 0.04368307 
856 348 8 11 0.043601714 
788 310 11 14 0.043575555 
752 317 11 15 0.043428954 
758 316 13 17 0.04318171 
663 397 13 15 0.042792007 
984 378 10 12 0.04258686 
919 343 11 13 0.041930713 
664 403 16 19 0.041745927 
841 365 10 13 0.04162333 
955 372 10 14 0.04113705 
198 327 25 30 0.040359788 
554 314 16 20 0.040188946 
439 311 34 38 0.039413862 
749 122 14 20 0.039383125 
392 303 16 20 0.039232 
810 321 12 16 0.039196428 
716 305 15 18 0.03915795 
85 334 17 20 0.03895921 
999 356 9 12 0.038540784 
824 294 9 12 0.038172793 
999 350 10 12 0.037520774 
848 295 10 13 0.036871284 
219 354 16 19 0.036390137 
776 339 9 12 0.03578084 
468 318 16 22 0.03567839 
308 357 25 33 0.03500927 
339 5 11 14 0.03482191 
844 370 10 14 0.034726378 
418 313 28 35 0.034708787 
838 316 11 14 0.034609646 
636 401 13 18 0.034573995 
853 273 14 18 0.034233864 
242 330 15 20 0.03408023 
1005 342 9 12 0.034016624 
747 349 14 18 0.03360775 
770 317 12 16 0.033562586 
228 354 13 17 0.03295703 
999 344 10 11 0.032541085 
509 346 12 15 0.032489724 
952 319 13 16 0.032328695 
994 357 8 10 0.031961117 
870 203 12 15 0.031868223 
902 215 13 17 0.031059792 
881 383 9 10 0.030914173 
227 345 14 19 0.030802201 
943 350 8 10 0.030379234 
753 263 24 32 0.030360097 
820 301 11 14 0.030240627 
321 0 27 29 0.02943589 
791 355 10 13 0.02942317 
447 317 21 24 0.029316735 
67 1 13 12 0.029252652 
958 380 8 10 0.029227769 
793 381 11 13 0.02913993 
317 115 13 15 0.02905738 
756 286 17 21 0.028938271 
103 358 24 30 0.028570395 
510 333 12 16 0.02854223 
943 373 10 12 0.028088884 
304 324 25 32 0.028073816 
250 326 21 27 0.027916655 
213 332 16 20 0.027643528 
503 338 14 18 0.027623937 
861 357 9 12 0.02727425 
860 343 10 12 0.026978662 
896 376 10 11 0.02679353 
143 354 11 17 0.026488822 
944 367 9 11 0.026488516 
853 301 10 12 0.026474912 
1015 342 8 12 0.026270177 
525 331 12 16 0.026036322 
522 322 24 30 0.025940143 
956 366 10 13 0.025728913 
950 334 9 13 0.025681907 
830 332 12 14 0.02567376 
984 320 9 11 0.025640955 
874 319 18 23 0.025526436 
829 288 11 13 0.025415057 
819 336 14 16 0.024972877 
957 304 10 13 0.024953304 
895 283 11 13 0.024835201 
859 267 13 17 0.024814067 
977 356 9 11 0.024810258 
772 372 11 16 0.024801474 
410 323 16 20 0.024786642 
309 5 28 32 0.024785547 
1007 326 9 10 0.024719678 
965 359 8 11 0.024686184 
563 338 13 16 0.02465674 
372 320 23 30 0.024471683 
782 329 13 16 0.02444812 
622 318 12 15 0.02442735 
353 387 14 17 0.024273409 
714 288 16 22 0.024240961 
930 261 93 114 0.024097726 
334 56 12 16 0.024044583 
654 320 13 16 0.023864713 
211 413 13 14 0.023789238 
926 318 20 24 0.023725 
749 350 21 27 0.023540698 
927 331 10 13 0.023501584 
1008 320 8 10 0.023468776 
572 312 15 20 0.023164691 
888 350 9 12 0.02303248 
294 20 10 11 0.022911564 
885 314 11 16 0.02289803 
927 391 8 10 0.022872739 
880 375 9 11 0.022704463 
99 339 25 30 0.02264429 
836 311 11 14 0.022537524 
894 236 14 15 0.022352487 
400 322 23 28 0.022276899 
976 341 9 12 0.022266032 
924 348 9 11 0.022187829 
679 289 210 226 0.02214498 
680 314 12 16 0.022097029 
896 320 12 15 0.021786558 
758 341 10 12 0.021746032 
976 350 10 11 0.021694412 
515 310 11 15 0.021660374 
839 348 10 13 0.021495009 
854 263 12 15 0.021463454 
1005 333 10 12 0.02142154 
581 296 10 13 0.021420548 
743 342 12 16 0.021396214 
608 349 11 13 0.02138826 
124 415 10 12 0.0213181 
294 15 9 11 0.021218006 
989 374 11 14 0.021145377 
803 259 24 32 0.021133883 
668 319 21 26 0.021113304 
229 334 23 31 0.021068038 
976 269 27 33 0.021067703 
885 334 11 14 0.020965962 
861 348 10 12 0.020962572 
507 321 14 17 0.02092885 
881 360 9 11 0.020611972 
427 297 21 26 0.020586738 
563 322 13 19 0.020569535 
613 320 12 17 0.020436738 
982 358 7 10 0.020214977 
675 338 13 18 0.02019429 
772 308 11 14 0.020088425 
781 203 21 26 0.020061122 
316 362 16 21 0.020041073 
