0_Parade_marchingband_1_653
728
123 148 16 18 0.9879023 
323 136 16 20 0.98487616 
510 131 15 19 0.97544235 
960 180 18 21 0.9721986 
603 138 14 18 0.9694381 
226 140 15 18 0.96783274 
870 193 16 20 0.9656821 
738 132 14 19 0.9615729 
874 116 16 21 0.9575078 
69 98 12 16 0.93938494 
47 46 10 13 0.90534997 
537 194 14 18 0.8969423 
533 95 13 17 0.8936265 
26 139 16 22 0.89003354 
77 143 16 20 0.8877233 
649 128 15 19 0.88738775 
418 141 15 18 0.8854194 
556 36 10 12 0.8676436 
599 185 16 19 0.86697257 
508 33 12 15 0.8643428 
848 91 13 17 0.85239357 
374 144 14 19 0.8520862 
675 93 13 16 0.8489379 
396 88 14 17 0.8477808 
932 94 12 16 0.84427214 
559 128 15 18 0.84302926 
763 191 16 21 0.8429278 
173 133 16 24 0.8387758 
460 147 14 18 0.8301335 
959 38 12 16 0.8128416 
480 205 13 17 0.81282 
364 45 13 16 0.8075468 
166 95 13 16 0.80478984 
603 39 12 15 0.80317676 
925 116 15 17 0.78840107 
302 96 13 16 0.7857444 
807 92 12 16 0.7637769 
890 97 13 17 0.7584519 
45 197 15 20 0.7575469 
320 43 11 14 0.7472037 
351 94 14 18 0.73862934 
488 84 12 15 0.73739576 
211 96 14 16 0.73459107 
396 199 14 18 0.72795314 
759 88 13 16 0.70056593 
980 129 15 18 0.69951594 
222 205 13 17 0.68587565 
743 43 10 13 0.6813796 
678 192 15 22 0.67866004 
443 94 12 15 0.6697226 
780 134 16 19 0.6534105 
828 32 10 13 0.64023095 
273 154 15 17 0.6332098 
188 44 10 13 0.6250554 
700 27 10 14 0.62093174 
259 109 13 16 0.61503214 
913 31 10 14 0.61361897 
114 89 13 16 0.6133756 
630 90 12 15 0.60641253 
101 53 9 11 0.58460367 
151 58 11 12 0.5831454 
645 103 14 16 0.5629514 
987 92 17 20 0.54632664 
571 148 16 19 0.5408106 
522 153 15 17 0.53851026 
129 202 13 18 0.52203965 
691 121 17 20 0.5204707 
641 75 10 13 0.51990235 
22 96 15 19 0.5143777 
476 55 14 17 0.5113994 
411 38 10 12 0.5030859 
753 63 9 13 0.4827598 
184 156 19 22 0.4794148 
466 38 11 13 0.47055206 
784 35 10 13 0.4689605 
864 40 11 13 0.4330233 
665 42 11 14 0.42226243 
712 45 10 12 0.41187602 
716 84 12 15 0.39695856 
322 197 13 16 0.3793296 
798 53 11 13 0.373315 
159 74 10 12 0.36671007 
274 55 11 13 0.36281455 
774 103 13 17 0.35494688 
310 208 15 20 0.35046417 
839 145 15 18 0.34862685 
521 52 10 12 0.34234276 
330 60 14 15 0.33983052 
407 104 13 17 0.32929155 
862 109 12 15 0.32383913 
584 90 12 15 0.3137127 
231 47 11 15 0.31182995 
78 115 16 19 0.31105575 
511 199 12 15 0.30457905 
455 111 12 16 0.2985713 
652 23 13 16 0.29719535 
200 62 10 12 0.2870908 
395 239 18 22 0.2845142 
174 112 15 17 0.28424016 
840 48 10 12 0.26830006 
973 59 9 12 0.2627342 
873 60 9 12 0.2536662 
318 111 13 17 0.22970831 
547 219 12 16 0.2183318 
375 64 14 16 0.21338281 
465 211 12 16 0.21103904 
89 162 18 20 0.20529936 
879 59 10 12 0.20330785 
710 140 14 18 0.20169309 
823 127 14 17 0.19920307 
821 54 11 13 0.19475542 
796 150 14 18 0.19381085 
334 157 16 19 0.18863058 
943 109 13 17 0.18759108 
136 168 14 17 0.18551666 
508 76 11 14 0.18489838 
284 68 12 13 0.18392086 
905 88 10 13 0.18283047 
926 51 11 13 0.18250501 
901 45 10 12 0.1802863 
716 91 13 17 0.17742062 
470 165 15 18 0.17447694 
539 92 12 17 0.17309394 
154 37 8 12 0.16914587 
568 54 10 12 0.16891639 
804 54 9 12 0.16673586 
944 34 10 14 0.1563778 
884 56 10 13 0.15284458 
755 67 10 14 0.14891647 
439 59 10 12 0.14572741 
558 218 10 14 0.14516705 
755 150 15 18 0.14182678 
816 113 14 17 0.1400998 
126 110 14 16 0.13969259 
503 102 11 14 0.13878164 
53 63 11 13 0.13703357 
549 110 12 16 0.13693444 
628 98 15 19 0.13686858 
689 216 16 20 0.13643402 
101 31 8 11 0.13631007 
969 20 10 12 0.13581604 
980 77 13 17 0.13570017 
586 100 14 17 0.13451213 
875 226 16 19 0.13417679 
903 115 12 14 0.13396206 
240 69 10 13 0.13392165 
735 104 12 15 0.13361877 
364 112 12 16 0.13341819 
598 21 7 10 0.13319667 
421 54 11 14 0.1331912 
152 98 10 14 0.13124032 
113 97 15 17 0.13096002 
63 145 13 17 0.13019861 
545 87 10 13 0.12864994 
135 63 9 11 0.12712853 
159 211 9 13 0.126308 
375 206 11 14 0.12496704 
598 110 12 16 0.12408186 
941 100 13 16 0.12352765 
744 24 7 11 0.12264966 
895 76 8 11 0.12236013 
316 202 17 21 0.12031465 
602 258 22 25 0.11891225 
244 63 13 15 0.11567311 
97 48 10 13 0.11382179 
671 88 13 16 0.11052446 
947 103 11 14 0.11002515 
775 52 9 11 0.10867971 
491 223 12 17 0.10808103 
216 112 14 17 0.106822096 
752 24 8 11 0.10577347 
823 48 9 11 0.104366936 
621 104 15 18 0.10322483 
592 15 8 11 0.10298376 
967 138 14 17 0.10195933 
112 69 8 10 0.0991098 
183 59 9 11 0.09807768 
950 52 10 11 0.09740985 
317 83 12 17 0.09711012 
308 225 29 35 0.09700097 
285 171 14 17 0.09691251 
797 138 14 17 0.09549377 
408 41 11 14 0.09534753 
976 35 10 12 0.0945803 
431 107 13 15 0.09406571 
156 55 11 14 0.09141152 
972 145 14 15 0.08933313 
893 140 14 18 0.089305334 
677 249 17 20 0.08735111 
614 57 11 14 0.0865891 
949 32 9 12 0.0863843 
483 58 11 14 0.086330585 
544 112 13 16 0.08499873 
966 87 10 13 0.084649384 
926 158 13 16 0.08206308 
128 77 9 12 0.081343144 
247 214 9 12 0.081055135 
239 160 15 18 0.08048167 
459 108 12 16 0.080468334 
310 207 25 34 0.07987358 
536 60 9 12 0.07943037 
357 30 9 12 0.07894558 
48 61 11 12 0.078469664 
942 25 9 11 0.07779926 
115 104 15 17 0.07753563 
854 56 10 11 0.07517022 
803 151 15 18 0.07516961 
184 53 10 13 0.07446374 
216 234 27 32 0.07363057 
646 19 14 19 0.07318932 
867 108 16 19 0.07311662 
870 54 10 13 0.072813906 
991 152 15 17 0.07252114 
939 94 12 14 0.072291486 
356 84 16 21 0.07202065 
639 105 12 16 0.07047465 
436 161 12 16 0.07043764 
184 235 10 14 0.07024761 
931 110 16 19 0.06952394 
600 218 25 27 0.069322616 
462 101 11 14 0.069148585 
654 67 11 13 0.06851214 
912 43 10 13 0.068378836 
382 168 14 17 0.068034835 
188 51 10 12 0.06752339 
119 63 8 11 0.06603127 
103 70 8 10 0.06578712 
216 209 12 16 0.06560616 
357 62 9 12 0.065206 
207 86 10 13 0.0651667 
757 24 8 9 0.06326999 
696 36 11 14 0.062197868 
494 119 11 15 0.062109675 
677 201 23 30 0.062081214 
552 44 11 14 0.06176464 
430 163 13 15 0.06167451 
653 145 15 18 0.061142907 
974 205 16 18 0.060627893 
515 36 10 12 0.06012983 
687 109 11 14 0.06003857 
644 72 11 13 0.059839636 
206 136 15 19 0.059608784 
645 2 10 13 0.05949755 
967 55 12 14 0.05949006 
928 87 12 16 0.05918816 
1009 55 9 11 0.059088502 
222 62 9 11 0.059081573 
917 45 10 12 0.058964156 
573 196 11 13 0.058739148 
797 20 9 12 0.058534466 
661 146 14 19 0.05837286 
912 8 8 9 0.05786603 
456 162 13 16 0.057498243 
725 100 12 15 0.056852166 
803 101 16 18 0.05656022 
473 124 15 18 0.056379225 
127 72 9 11 0.056094512 
935 26 11 14 0.055613693 
110 159 11 15 0.055574074 
857 92 14 16 0.05536636 
862 102 12 15 0.05515891 
453 93 11 14 0.054479457 
95 68 9 11 0.054168627 
971 93 13 15 0.054138713 
502 16 10 13 0.05390154 
83 112 12 15 0.053886313 
921 51 11 14 0.053771175 
312 114 14 16 0.053025596 
943 45 10 13 0.052613053 
694 43 11 11 0.052489866 
553 32 10 13 0.052304197 
951 36 13 15 0.05189673 
132 171 21 26 0.05171754 
188 23 9 12 0.05145469 
975 125 15 18 0.051379323 
25 104 18 19 0.051163934 
622 156 13 16 0.050990693 
310 61 10 12 0.05080162 
29 112 15 18 0.050677493 
983 71 11 15 0.050657094 
829 47 10 11 0.05030548 
96 61 10 12 0.050302237 
1007 35 10 12 0.050277796 
934 46 10 12 0.04994832 
748 137 13 17 0.049486 
281 153 15 18 0.04885751 
73 130 21 27 0.048701074 
110 140 12 15 0.04849161 
846 52 9 11 0.04847799 
111 47 7 10 0.04788822 
103 95 10 13 0.0478589 
766 101 13 17 0.04765239 
952 45 11 14 0.047540043 
854 23 9 11 0.047109246 
464 33 10 13 0.046925735 
97 35 10 12 0.046859194 
102 60 8 10 0.04678899 
759 56 10 12 0.04643102 
133 233 17 23 0.04636052 
828 116 14 17 0.046140205 
551 50 10 12 0.0457208 
703 44 9 12 0.045523517 
119 262 10 13 0.045441724 
595 216 18 22 0.04471088 
927 27 10 12 0.04421521 
975 83 11 13 0.044097874 
864 52 10 11 0.04409368 
1012 173 11 17 0.044044424 
886 137 15 17 0.04398449 
1012 60 9 12 0.043893248 
906 110 13 16 0.043513726 
37 29 9 12 0.04332297 
302 60 10 13 0.04329066 
547 89 12 16 0.043007817 
401 84 15 19 0.042498946 
834 14 8 11 0.04247967 
113 65 8 10 0.042455964 
910 13 9 11 0.04237643 
439 87 12 15 0.042120684 
325 54 13 15 0.042011973 
15 96 14 19 0.041959282 
888 68 9 12 0.041877743 
757 30 8 10 0.041824166 
682 184 23 29 0.041803453 
40 50 12 14 0.041444242 
580 79 11 14 0.04137687 
408 32 11 15 0.041295163 
461 93 12 15 0.041218527 
780 52 10 12 0.041050877 
38 37 12 15 0.040999122 
879 90 12 16 0.040928997 
974 21 10 12 0.040764596 
419 209 14 15 0.040722635 
495 100 12 14 0.04067743 
269 129 13 18 0.040606316 
817 58 12 14 0.04056133 
357 107 15 19 0.040535584 
787 30 11 13 0.04033379 
613 156 14 16 0.04023415 
527 110 11 14 0.040173132 
389 67 10 13 0.040065616 
395 229 17 21 0.039819565 
896 41 9 11 0.039590176 
680 46 8 11 0.039530523 
483 83 11 15 0.039476972 
466 218 14 16 0.03936424 
990 62 9 13 0.03930728 
522 47 13 15 0.03919145 
191 212 11 13 0.039089967 
893 61 9 12 0.03908131 
952 16 7 9 0.039074965 
197 44 10 13 0.039038934 
793 16 10 11 0.038938526 
767 52 10 12 0.03893294 
165 59 11 13 0.038842034 
758 78 11 14 0.038827036 
671 105 13 17 0.038563963 
470 130 13 16 0.0385078 
1000 39 10 11 0.038308956 
235 49 12 15 0.0380593 
742 92 11 13 0.038012818 
470 109 12 16 0.03799278 
777 59 10 13 0.03796338 
858 41 10 11 0.03793243 
982 23 8 10 0.03768169 
17 79 9 12 0.03733098 
254 236 12 15 0.03726293 
102 76 10 13 0.037210174 
151 69 11 13 0.03718068 
646 93 13 18 0.03701848 
646 37 10 12 0.037008826 
474 112 15 18 0.03688293 
957 49 13 15 0.03685932 
564 38 9 11 0.036761664 
293 61 13 14 0.036604874 
510 15 9 12 0.03640422 
750 56 9 11 0.03638331 
558 52 11 12 0.036326397 
172 121 18 23 0.036160976 
549 195 12 15 0.035850007 
748 39 10 12 0.035536274 
160 44 9 12 0.035414495 
220 202 22 27 0.035404053 
657 25 13 16 0.035372313 
912 25 9 12 0.035244014 
22 111 15 18 0.03519973 
19 84 15 18 0.035025872 
743 51 10 12 0.035013158 
593 19 9 13 0.034988098 
770 215 17 20 0.03485757 
226 114 14 16 0.034733698 
360 50 11 14 0.034702465 
455 99 11 14 0.03465148 
97 101 10 13 0.034624368 
702 171 13 16 0.03446413 
995 84 23 28 0.03440054 
74 94 12 16 0.03426607 
753 92 10 13 0.034155257 
775 21 8 10 0.034131356 
79 83 10 14 0.034039553 
828 52 10 13 0.0339074 
680 52 10 13 0.033878617 
328 132 15 20 0.033868477 
617 107 12 15 0.03377972 
686 46 10 11 0.0336476 
934 75 12 14 0.033146698 
847 62 10 11 0.032963064 
386 220 13 17 0.032926206 
532 103 14 18 0.032923594 
151 44 10 12 0.032820877 
190 60 11 13 0.032817546 
656 129 15 19 0.03280092 
387 227 16 21 0.032678887 
265 107 14 18 0.03266853 
337 58 12 15 0.03262616 
596 101 12 15 0.032481674 
108 52 9 12 0.032399982 
24 87 23 28 0.0323427 
412 161 15 16 0.032312497 
216 62 9 11 0.03220794 
645 83 12 16 0.032171782 
740 75 11 13 0.03216218 
271 66 12 14 0.032079604 
762 221 24 28 0.031913664 
504 44 10 13 0.031865902 
166 155 14 18 0.03180956 
639 46 10 12 0.031797234 
961 91 11 13 0.031794123 
894 86 11 15 0.031752426 
843 198 11 15 0.03168055 
937 38 9 12 0.03153929 
448 113 12 16 0.031497315 
234 69 9 12 0.031472053 
153 33 8 11 0.031467903 
219 235 16 19 0.03131225 
849 23 9 11 0.031304505 
499 115 13 16 0.03126737 
553 31 17 22 0.031224074 
150 117 11 14 0.03106257 
290 65 13 16 0.031001262 
309 83 16 20 0.030959174 
981 119 14 18 0.03083937 
276 35 11 14 0.030773675 
211 133 19 24 0.030664358 
782 44 10 13 0.030574156 
127 62 9 12 0.030429177 
910 50 11 12 0.030387636 
172 147 21 25 0.030386046 
226 44 18 24 0.030222941 
877 136 14 17 0.030153083 
225 51 11 15 0.030142304 
420 37 10 12 0.030124847 
183 39 18 22 0.03004405 
278 169 15 18 0.029983439 
798 76 11 14 0.02992064 
735 94 10 14 0.029874476 
143 71 10 11 0.029863559 
508 43 11 13 0.029792741 
217 92 15 18 0.029781468 
710 77 13 17 0.029704534 
455 53 11 13 0.029692993 
900 87 18 23 0.02966582 
244 53 16 19 0.029641287 
223 221 25 31 0.029622346 
349 104 15 18 0.029609898 
4 93 15 22 0.02948814 
680 245 24 29 0.029484428 
917 220 10 14 0.029428389 
164 68 11 14 0.029398123 
903 40 9 12 0.029396111 
824 26 18 22 0.029345583 
159 97 13 16 0.029336099 
463 83 13 15 0.029295031 
251 212 12 15 0.029167823 
121 223 10 14 0.029138109 
381 225 14 20 0.029112961 
276 62 20 23 0.029102204 
686 164 16 19 0.029101655 
126 84 11 15 0.02896908 
1013 45 9 13 0.02882672 
380 15 13 15 0.028806575 
32 64 9 10 0.028794426 
889 75 9 12 0.028738165 
993 46 10 13 0.028688086 
138 181 17 22 0.028596977 
353 35 11 13 0.028486894 
501 248 9 11 0.02846553 
206 210 40 51 0.028421605 
358 38 11 15 0.028316475 
920 60 11 13 0.028201358 
261 120 14 18 0.028188517 
769 47 10 13 0.028112404 
945 51 9 12 0.028021751 
640 120 20 25 0.028017817 
119 68 9 11 0.02800289 
311 54 11 14 0.027797638 
311 240 28 31 0.0277971 
158 143 15 20 0.02766875 
695 22 18 23 0.027586037 
571 131 13 16 0.027552387 
771 93 13 16 0.027533794 
902 79 9 11 0.027512424 
275 45 13 16 0.027330084 
587 244 15 18 0.027232094 
637 51 11 15 0.027167838 
825 24 9 11 0.027166301 
603 82 13 15 0.02715067 
420 161 14 16 0.027143382 
509 22 10 12 0.02695393 
841 62 9 12 0.026940113 
830 24 9 12 0.026913233 
965 201 14 17 0.026885157 
502 94 11 14 0.026817331 
380 212 13 16 0.026714748 
684 101 11 15 0.02663732 
735 59 10 12 0.02663719 
424 144 15 18 0.026623959 
319 1 11 10 0.026514236 
624 87 14 17 0.02648153 
145 54 10 13 0.026331343 
599 32 10 13 0.026209025 
838 200 14 18 0.026200743 
76 156 22 25 0.026178326 
836 30 9 12 0.0261361 
2 163 12 17 0.026131297 
942 132 13 17 0.026120879 
950 22 8 10 0.026116814 
21 78 10 13 0.026085809 
599 0 12 11 0.026076216 
203 55 13 15 0.026045725 
373 51 11 13 0.025987236 
50 50 13 15 0.025868656 
265 22 8 10 0.025867425 
590 0 12 11 0.025858195 
454 266 13 17 0.025820414 
740 116 15 19 0.025813723 
744 60 9 11 0.025759067 
823 14 8 10 0.025727956 
920 119 13 17 0.0256384 
230 59 10 12 0.025634844 
879 45 10 12 0.02556055 
120 55 9 12 0.025546765 
585 14 10 12 0.02554136 
70 114 16 19 0.025480712 
207 78 11 14 0.025459517 
947 211 11 14 0.025438247 
839 38 8 11 0.025384022 
468 92 12 15 0.025337404 
736 216 12 15 0.025308087 
980 29 10 14 0.025231132 
391 98 13 17 0.025215238 
319 60 10 13 0.02517939 
398 18 11 14 0.02510656 
683 177 19 22 0.025032258 
20 162 14 17 0.02503134 
500 155 13 15 0.025021315 
550 203 12 16 0.02501658 
977 145 15 18 0.025002576 
861 220 23 30 0.024866033 
507 105 11 15 0.024790954 
24 115 23 30 0.02478572 
676 256 25 29 0.024767172 
466 155 14 17 0.024756541 
653 87 11 14 0.024737589 
966 28 12 15 0.024725161 
444 55 11 14 0.024637371 
16 83 10 15 0.024613006 
818 47 9 11 0.024489198 
309 254 26 27 0.024446532 
96 47 18 23 0.024444992 
919 24 10 12 0.024439134 
982 52 10 13 0.024356782 
269 54 19 23 0.024329599 
997 51 11 14 0.024317933 
71 79 9 12 0.024241388 
462 52 10 13 0.024240848 
276 126 14 19 0.024177378 
310 323 16 20 0.024115732 
511 0 10 10 0.024110235 
528 86 11 14 0.024023226 
688 39 10 13 0.024001164 
899 98 13 16 0.023886427 
116 164 13 16 0.023879101 
31 68 9 12 0.023867568 
111 79 9 12 0.023857415 
361 90 13 17 0.023809366 
237 73 11 14 0.023801813 
78 77 10 14 0.023711119 
983 44 10 14 0.023696668 
927 38 9 13 0.023680517 
348 237 11 15 0.0236152 
711 96 14 17 0.023461806 
596 241 15 18 0.023414992 
233 227 14 18 0.023332004 
500 83 12 14 0.02326366 
309 66 13 15 0.023240548 
949 131 13 17 0.023211846 
926 76 11 14 0.023208184 
815 130 12 16 0.023157284 
792 21 10 12 0.023140103 
561 135 16 18 0.023118408 
757 37 10 12 0.023116585 
777 36 10 13 0.023110341 
816 31 10 13 0.023066446 
39 60 9 12 0.023045423 
762 153 15 18 0.023021149 
879 39 9 11 0.023005947 
956 122 14 17 0.022966964 
652 119 13 17 0.022963008 
646 144 16 19 0.022915583 
517 262 8 10 0.022906452 
751 57 17 23 0.02290025 
827 216 15 19 0.022888495 
772 84 12 16 0.022821557 
78 71 9 12 0.022800757 
598 51 11 13 0.022794945 
486 115 12 17 0.02275143 
476 48 13 16 0.022725794 
518 58 11 14 0.022683507 
604 52 13 14 0.022538457 
652 35 11 13 0.022507584 
741 70 10 12 0.022476196 
162 75 12 14 0.022438532 
99 156 16 20 0.022420935 
365 59 13 15 0.022419212 
738 44 10 13 0.022411771 
151 50 18 24 0.022390785 
263 70 11 13 0.022304365 
82 318 23 29 0.022293199 
263 59 12 14 0.022254258 
166 112 15 17 0.022251543 
664 86 10 14 0.022214092 
612 210 16 20 0.022207005 
164 52 13 15 0.022171179 
303 68 10 13 0.02214029 
59 61 11 14 0.022101877 
752 74 11 14 0.022098994 
504 72 12 14 0.022087473 
465 138 17 21 0.022070846 
188 107 12 14 0.022061123 
34 109 14 16 0.022060167 
768 38 10 12 0.02197905 
300 228 14 21 0.021953307 
533 77 10 12 0.021948522 
308 108 15 17 0.021904815 
109 237 10 12 0.021853974 
421 48 12 13 0.02171426 
227 122 16 19 0.021704901 
161 134 21 28 0.021687487 
351 54 11 14 0.021667926 
366 21 10 13 0.021650724 
874 54 19 24 0.02154362 
444 162 13 15 0.021528382 
870 32 9 11 0.021512715 
807 21 9 10 0.021509793 
48 58 19 23 0.021499768 
298 224 26 34 0.021481382 
637 114 12 15 0.02145634 
641 37 11 14 0.021446295 
662 38 19 22 0.021440906 
927 17 9 10 0.021440662 
998 106 12 15 0.021418372 
260 237 12 15 0.021355504 
3 154 12 18 0.021336015 
170 159 17 19 0.021287063 
250 60 13 15 0.021273516 
968 51 19 23 0.02125665 
479 99 11 14 0.021243444 
435 112 14 17 0.021210413 
380 55 13 15 0.021184642 
960 21 9 11 0.021160856 
759 199 25 30 0.02115386 
116 141 17 21 0.021151133 
157 80 13 18 0.021127686 
144 47 8 10 0.02111435 
554 107 12 17 0.021108465 
638 1 14 17 0.02109835 
605 98 12 16 0.021077469 
790 318 26 31 0.021029752 
462 16 9 12 0.020971993 
673 236 24 28 0.020970492 
1012 88 12 17 0.020958379 
643 172 15 18 0.020946976 
592 52 9 12 0.02094132 
144 60 9 12 0.020921826 
959 16 8 9 0.02092086 
819 163 15 19 0.020909213 
809 86 14 17 0.0208939 
132 77 11 14 0.020876372 
583 60 9 12 0.020851035 
398 104 15 18 0.020832008 
484 98 13 15 0.020765392 
930 130 15 17 0.020764621 
959 222 10 12 0.02075223 
395 95 16 19 0.020748943 
118 111 14 18 0.020717978 
564 260 12 15 0.020706344 
308 0 13 11 0.020691104 
426 52 12 15 0.020689199 
204 66 12 14 0.020671256 
367 202 15 18 0.020661432 
706 28 12 15 0.02065845 
134 67 10 13 0.020649035 
557 92 12 16 0.020604014 
549 324 13 17 0.020562775 
894 54 10 12 0.020543616 
764 79 12 16 0.02048388 
722 84 12 15 0.02047409 
886 39 8 10 0.020461919 
594 228 24 27 0.020432651 
495 52 10 13 0.02042988 
163 202 15 18 0.020399751 
510 93 11 14 0.020374523 
339 150 14 18 0.020356294 
893 122 14 17 0.02031384 
974 67 12 15 0.020274492 
199 236 10 13 0.020266678 
956 131 14 18 0.020231135 
176 59 10 13 0.020214476 
776 182 21 27 0.020205438 
740 40 18 22 0.020180684 
883 104 15 19 0.020175787 
909 122 13 16 0.020151174 
269 22 9 11 0.020139776 
380 132 13 16 0.020132642 
33 98 14 17 0.020130632 
816 54 21 23 0.020126116 
540 59 11 14 0.020116288 
