0_Parade_marchingband_1_932
75
851 356 31 37 0.9993674 
434 336 32 37 0.9992455 
47 331 31 40 0.99913955 
721 344 32 35 0.997898 
482 339 23 28 0.4214776 
642 375 18 22 0.40635827 
541 344 17 20 0.31974134 
712 299 12 16 0.20371099 
114 358 13 16 0.11150582 
727 222 12 15 0.11034044 
106 354 23 27 0.08976935 
498 347 13 16 0.08047327 
847 274 10 13 0.07950404 
485 87 9 10 0.07778802 
855 276 10 12 0.0771492 
163 364 11 13 0.07621911 
78 365 14 18 0.0715912 
648 366 11 14 0.06370422 
83 433 13 16 0.061519362 
679 368 11 14 0.060535762 
745 282 22 32 0.05764628 
729 226 13 17 0.055769052 
692 371 14 18 0.048504032 
410 96 8 10 0.046601333 
566 135 8 9 0.042232763 
541 333 16 19 0.041952338 
641 302 10 11 0.04150918 
684 366 12 16 0.04126167 
875 505 13 14 0.04093359 
455 121 8 10 0.039470904 
122 379 16 19 0.03922874 
499 355 13 18 0.03913988 
84 357 15 18 0.037333842 
661 329 10 14 0.0359584 
517 359 11 13 0.03526551 
526 351 11 14 0.034887213 
106 367 16 21 0.03413761 
88 431 25 29 0.03385002 
653 364 12 14 0.03337733 
705 279 15 19 0.032401808 
406 115 10 12 0.03239006 
509 356 11 15 0.03238864 
757 286 11 15 0.03184941 
437 245 10 12 0.031438217 
82 370 15 17 0.031345155 
859 270 11 14 0.03125873 
660 378 12 16 0.03067066 
160 371 12 14 0.030589573 
859 276 12 14 0.03052173 
110 352 13 16 0.030495089 
732 198 10 13 0.030432051 
659 369 14 18 0.027932482 
648 383 15 19 0.027198361 
852 222 11 12 0.02702078 
170 417 14 18 0.026738651 
85 378 13 16 0.026673272 
161 359 11 13 0.025783591 
893 437 15 17 0.025704887 
819 304 14 19 0.02516886 
991 350 11 14 0.024895623 
422 111 9 11 0.024779255 
1008 332 10 14 0.023918474 
95 440 14 17 0.02345143 
542 337 27 33 0.023276638 
436 250 14 15 0.022764802 
518 364 13 15 0.022648403 
808 306 10 14 0.022583773 
679 377 22 27 0.02184655 
869 276 11 14 0.021633593 
446 142 9 11 0.021628808 
471 354 12 17 0.021557504 
500 85 10 14 0.021091055 
460 276 12 16 0.021072786 
528 313 11 13 0.020572638 
91 364 12 15 0.020274982 
