0_Parade_marchingband_1_695
371
571 89 60 74 0.99759406 
311 170 48 59 0.992819 
752 265 29 34 0.9856124 
845 197 39 45 0.9845031 
186 208 35 52 0.95429456 
140 250 26 31 0.9320222 
516 242 23 27 0.89122057 
79 272 21 28 0.8649262 
508 333 26 30 0.58963203 
280 166 17 25 0.55149275 
957 226 28 34 0.54623795 
429 172 14 17 0.5356954 
939 95 9 12 0.43531358 
478 179 12 17 0.43287104 
519 224 9 11 0.40950534 
259 177 14 20 0.38313568 
519 173 10 14 0.35396463 
23 294 13 16 0.32219198 
375 192 27 37 0.27861217 
780 266 27 33 0.27096057 
969 87 7 9 0.26863575 
14 233 10 12 0.23619552 
263 174 21 28 0.22882307 
804 341 24 28 0.22810285 
940 20 11 13 0.21987608 
508 311 29 32 0.21551451 
507 166 12 14 0.2138921 
893 105 8 10 0.20980087 
48 271 8 12 0.1975963 
21 293 24 26 0.18658854 
880 112 7 8 0.18452577 
909 109 7 10 0.17164215 
1014 69 7 11 0.16898066 
208 157 11 14 0.16675505 
504 170 12 15 0.16409284 
992 75 9 11 0.15532501 
1000 78 9 10 0.14630933 
829 145 7 10 0.13873422 
1007 115 9 12 0.13736834 
134 255 18 22 0.13691427 
421 173 13 15 0.13662718 
927 102 7 9 0.13552023 
417 174 11 14 0.13062866 
183 189 11 13 0.12727498 
175 190 10 12 0.122472115 
745 151 7 8 0.12194448 
943 114 9 10 0.118679695 
962 72 8 10 0.11737346 
1013 62 8 11 0.11622856 
782 141 8 10 0.11346755 
729 151 7 10 0.11229089 
557 148 13 17 0.11054021 
677 301 26 29 0.10956223 
54 220 9 10 0.109340705 
944 80 7 10 0.105474964 
142 235 11 13 0.1034307 
779 144 7 9 0.1032731 
967 78 8 11 0.102943815 
1000 141 9 11 0.10269423 
852 177 15 17 0.10072981 
895 157 12 14 0.10070951 
473 175 9 11 0.097074844 
405 186 10 15 0.09677467 
32 238 9 10 0.0952835 
984 65 8 10 0.09481439 
1008 101 9 10 0.09360673 
784 136 6 9 0.0932688 
725 173 9 12 0.09257057 
905 105 9 11 0.092216484 
766 166 9 12 0.091877 
475 364 15 22 0.09093652 
536 175 12 14 0.088231295 
761 167 9 12 0.08772363 
909 104 8 11 0.08634612 
61 246 11 13 0.08619174 
351 177 42 56 0.084728345 
746 144 8 10 0.084680654 
921 149 9 12 0.08413929 
63 251 11 13 0.083578855 
905 136 8 11 0.082142964 
1000 115 9 12 0.08157929 
77 270 14 19 0.07838413 
953 125 9 12 0.07673976 
825 147 9 11 0.07501066 
17 300 27 34 0.0747215 
800 129 7 8 0.07435415 
937 150 10 14 0.07346828 
718 142 7 9 0.07293952 
485 184 11 15 0.07262524 
920 102 8 10 0.07259972 
941 86 8 11 0.07243192 
150 192 8 9 0.070920706 
1009 61 8 11 0.07044425 
109 242 10 13 0.07043674 
1013 116 8 12 0.07036319 
768 160 8 9 0.06899344 
760 141 8 9 0.06827535 
95 254 10 12 0.06773791 
549 142 23 29 0.067725144 
10 232 9 11 0.06770392 
953 120 9 10 0.06745312 
776 162 7 9 0.06736395 
313 143 15 20 0.06708474 
49 215 8 10 0.06705782 
37 199 8 9 0.06672273 
895 137 7 10 0.0664743 
889 109 7 10 0.06429478 
929 125 8 12 0.06425104 
73 267 9 13 0.06372188 
1015 76 8 11 0.063209035 
846 148 8 11 0.06315321 
152 206 10 14 0.062572405 
1004 84 10 12 0.06158595 
888 142 10 12 0.059657276 
1008 56 8 11 0.05897305 
104 244 12 15 0.05855502 
755 256 12 13 0.05817322 
113 185 7 9 0.05771089 
52 269 10 13 0.056712747 
26 287 15 17 0.056142226 
398 186 14 18 0.055394873 
242 345 14 18 0.055222366 
969 127 9 11 0.054883666 
102 252 11 13 0.054655768 
388 181 26 35 0.054390777 
921 321 33 32 0.054199353 
1013 95 9 12 0.052697662 
1013 56 8 12 0.05212716 
434 165 13 16 0.051896542 
496 214 11 14 0.05148846 
257 175 11 16 0.050781228 
118 273 16 22 0.050163206 
760 258 37 44 0.049978804 
815 151 7 10 0.049427092 
430 161 11 11 0.049002882 
137 236 11 13 0.04841465 
57 244 10 13 0.04679067 
920 97 7 9 0.04657888 
911 140 8 11 0.046365198 
973 86 8 10 0.046271127 
998 71 9 12 0.045954958 
85 255 10 12 0.045682576 
56 200 7 10 0.04557891 
422 250 25 42 0.045353424 
213 162 10 13 0.04471548 
276 211 39 46 0.04446792 
13 215 9 10 0.04395683 
1007 133 9 11 0.043557342 
1008 69 8 11 0.04346185 
809 157 8 10 0.043016106 
762 137 7 10 0.04294186 
74 239 8 11 0.042816393 
823 165 9 11 0.042382978 
128 192 8 11 0.04236003 
793 492 14 18 0.042258885 
21 232 8 11 0.04222115 
31 262 8 11 0.041696317 
12 314 29 36 0.04159483 
508 174 15 18 0.041321203 
842 149 8 11 0.040798053 
984 69 9 11 0.040790875 
910 137 7 10 0.040243197 
767 151 7 10 0.040109474 
928 120 8 11 0.039388165 
78 245 8 11 0.039196923 
463 187 10 14 0.039141834 
1013 102 9 12 0.03910426 
150 251 29 35 0.03905017 
216 172 11 13 0.03885562 
889 136 9 11 0.03866513 
920 143 8 10 0.03849599 
444 180 13 16 0.03844803 
104 229 10 12 0.038264286 
524 188 12 15 0.037967995 
782 165 8 11 0.03777729 
32 232 8 10 0.037682116 
905 87 7 8 0.037306774 
881 89 7 8 0.0372026 
994 140 9 12 0.037154876 
437 176 13 16 0.037044037 
127 258 13 17 0.0368566 
1 260 8 11 0.036771324 
694 151 10 12 0.03646155 
146 192 7 10 0.03642495 
15 252 7 10 0.036231242 
104 237 12 15 0.036187645 
981 119 8 11 0.03583901 
801 150 8 10 0.03573184 
72 215 7 10 0.03560041 
749 141 8 10 0.035466347 
181 192 14 18 0.035121925 
86 216 8 9 0.03496471 
937 80 8 9 0.034621213 
891 201 29 35 0.034567673 
63 260 10 13 0.034444414 
155 210 12 14 0.0341577 
208 214 29 38 0.03410983 
1007 126 10 12 0.03410928 
72 280 14 17 0.033846047 
78 262 11 15 0.033682656 
104 224 9 10 0.03355595 
138 233 23 30 0.03353199 
825 129 7 9 0.033456642 
90 268 17 24 0.03318867 
169 184 23 29 0.03311661 
976 119 9 12 0.03296007 
762 149 7 10 0.032906037 
247 186 12 16 0.032847166 
93 259 13 17 0.03281087 
935 15 20 23 0.032548856 
91 348 14 16 0.032519937 
974 126 8 10 0.032229643 
148 229 12 16 0.031888027 
452 180 12 14 0.031816993 
150 199 10 11 0.031771485 
1002 55 8 10 0.0316437 
973 135 9 10 0.0316209 
904 80 7 8 0.03161989 
791 267 26 36 0.03143032 
1012 124 10 14 0.031134272 
52 277 11 15 0.031080758 
37 239 8 10 0.030803358 
485 164 9 12 0.030745368 
126 242 11 14 0.030725747 
519 168 19 23 0.030582093 
786 260 21 24 0.030432092 
1002 63 8 10 0.030408984 
744 155 10 12 0.030326523 
72 244 9 12 0.030250952 
919 79 7 9 0.030005194 
702 155 9 11 0.029958237 
395 192 16 21 0.029720789 
766 135 7 10 0.029631155 
267 160 35 47 0.029099237 
525 180 10 14 0.02896507 
9 248 8 10 0.028883971 
959 95 8 10 0.028728412 
34 190 8 10 0.028531976 
463 175 8 10 0.028389659 
31 292 17 18 0.028325541 
961 220 20 22 0.02831883 
906 117 9 11 0.028267505 
924 142 9 11 0.028255537 
937 143 8 10 0.028246334 
119 198 7 10 0.028079797 
84 259 14 17 0.028032662 
472 169 8 10 0.028032623 
951 71 7 9 0.02778542 
145 243 20 25 0.027670622 
913 80 6 8 0.027638657 
39 206 8 10 0.027487 
761 161 8 8 0.027441407 
752 174 8 10 0.027284665 
63 268 10 13 0.027108455 
689 150 10 13 0.027009394 
15 248 8 10 0.026847247 
484 175 11 15 0.026740376 
750 137 8 10 0.026543027 
462 181 10 13 0.026452892 
10 285 9 11 0.026375076 
510 205 11 13 0.0263129 
862 111 7 9 0.026280595 
871 117 9 11 0.026210267 
938 112 9 11 0.026172336 
953 144 9 11 0.026044762 
911 96 8 10 0.026035728 
68 253 9 13 0.02593155 
887 88 7 8 0.025849203 
949 112 8 10 0.025804872 
969 134 9 10 0.025654605 
1011 61 18 27 0.025519833 
937 117 9 11 0.025358934 
974 94 9 11 0.025338363 
514 225 24 30 0.025309496 
26 261 8 11 0.025295382 
927 97 8 10 0.025207145 
782 160 8 10 0.025084574 
72 231 8 10 0.025064029 
840 125 7 9 0.025048254 
862 127 9 11 0.024820725 
989 64 9 10 0.024596345 
38 245 8 10 0.024564333 
17 292 11 15 0.024562351 
50 199 8 9 0.024522139 
796 219 12 14 0.024520464 
956 239 18 21 0.024399282 
924 24 99 141 0.024286004 
120 223 8 9 0.024226902 
123 265 15 21 0.024175933 
871 104 8 9 0.024150457 
872 126 9 11 0.02407846 
72 207 8 9 0.02407521 
455 176 10 12 0.024038233 
714 143 9 10 0.02396987 
961 87 7 10 0.023938937 
809 144 8 9 0.023926502 
952 95 8 10 0.023817854 
775 128 6 9 0.02372458 
55 240 9 11 0.023589242 
6 270 8 10 0.023576286 
3 481 15 21 0.023421688 
96 185 7 9 0.023384668 
119 243 9 13 0.023370083 
865 89 7 9 0.023327194 
952 202 42 47 0.023326324 
889 98 17 23 0.02331718 
983 125 8 11 0.023305872 
33 204 8 10 0.023185533 
443 174 12 15 0.023118634 
54 263 11 14 0.023099305 
840 111 7 9 0.023092987 
7 222 8 10 0.022969611 
478 205 11 14 0.022915214 
1013 133 8 12 0.022872396 
7 254 8 11 0.022865037 
949 79 8 10 0.02283755 
886 146 10 12 0.02276387 
439 186 12 15 0.022662286 
524 174 19 24 0.02258466 
521 227 13 15 0.022541907 
219 223 16 22 0.022413513 
713 149 9 11 0.022387108 
97 274 13 21 0.022338282 
952 101 9 11 0.02231385 
823 137 19 24 0.022237264 
95 246 10 13 0.022204634 
804 283 12 16 0.022144867 
73 222 8 10 0.022138875 
479 166 11 12 0.02203043 
976 71 8 10 0.022028975 
170 190 10 11 0.021981096 
767 143 7 9 0.021970734 
542 166 10 14 0.021852572 
860 134 9 10 0.02185066 
180 184 23 28 0.02181412 
936 90 16 22 0.021797745 
57 251 11 13 0.021765003 
508 307 18 22 0.021711435 
472 183 12 17 0.021700567 
311 141 26 32 0.02164184 
798 355 23 27 0.021525616 
817 166 8 12 0.021354713 
928 80 7 9 0.021338744 
146 196 8 11 0.021314686 
136 216 8 10 0.021307895 
938 212 42 45 0.021302456 
905 127 7 9 0.021264454 
147 203 20 24 0.02122839 
48 239 7 9 0.021132883 
14 286 10 14 0.021111373 
941 143 9 10 0.021073049 
857 129 7 10 0.021070397 
841 120 7 10 0.020990143 
15 183 7 8 0.02090258 
873 111 8 10 0.020854175 
207 152 18 24 0.020846725 
62 240 10 12 0.020841261 
745 129 7 8 0.020805994 
974 79 8 10 0.020781491 
947 73 7 9 0.020638729 
80 200 7 8 0.02059599 
969 140 9 11 0.020496193 
749 181 8 12 0.020495618 
793 129 6 8 0.0204226 
48 207 8 9 0.020259924 
78 232 8 9 0.020190153 
86 206 8 9 0.020176498 
748 150 8 10 0.020161383 
23 255 7 9 0.020137064 
800 368 16 18 0.02005776 
919 136 9 11 0.020017019 
