0_Parade_Parade_0_194
45
115 422 116 133 0.99978966 
364 253 92 132 0.9992926 
703 237 89 146 0.99888283 
207 346 74 106 0.9921514 
561 280 80 101 0.8737783 
1005 885 17 22 0.22931884 
173 372 90 125 0.20858692 
781 246 110 161 0.17081085 
591 752 14 19 0.064374804 
903 765 10 14 0.057326507 
1009 1047 10 13 0.04579798 
561 751 27 29 0.044640403 
573 748 23 28 0.042425025 
993 1043 11 14 0.04077187 
586 740 21 28 0.04067343 
906 1036 16 21 0.0368428 
1000 885 14 19 0.035185143 
1005 764 8 11 0.03444133 
979 1068 12 16 0.03361368 
927 755 14 16 0.033148848 
1006 966 13 17 0.031475633 
859 948 15 20 0.030521518 
621 740 11 16 0.03030448 
997 1054 9 11 0.029576655 
144 1188 191 262 0.027955733 
1001 759 9 11 0.027887492 
499 278 200 227 0.026795536 
200 348 422 543 0.025842752 
546 902 32 48 0.02531137 
53 671 10 13 0.024978738 
936 782 10 14 0.024663026 
125 672 17 20 0.024632966 
998 681 19 30 0.024398947 
939 884 15 18 0.023229197 
584 740 13 17 0.023136912 
1011 1050 11 16 0.02284364 
994 1038 12 14 0.02256034 
1012 1020 9 12 0.02223259 
445 634 398 476 0.022102026 
975 913 14 20 0.02193532 
-13 589 398 459 0.02167689 
998 1062 9 10 0.02114562 
12 42 26 35 0.021096991 
993 1061 8 11 0.020909237 
654 758 47 58 0.020516017 
