0_Parade_Parade_0_470
53
934 271 58 70 0.99971265 
298 239 63 82 0.99953365 
620 136 58 75 0.9995011 
464 146 55 65 0.99941075 
901 173 58 72 0.99917775 
537 184 64 86 0.99905914 
417 203 64 85 0.99879944 
313 368 84 111 0.9986298 
472 330 70 97 0.99839205 
326 161 58 77 0.99835855 
123 469 81 109 0.998007 
703 233 63 82 0.9977088 
599 247 73 93 0.99766624 
149 172 71 98 0.99766314 
776 226 65 79 0.99746156 
219 174 65 82 0.9972938 
37 164 82 103 0.9962443 
837 230 53 67 0.99548537 
852 176 45 59 0.9889516 
761 172 18 24 0.94203764 
0 151 30 46 0.89765555 
789 176 28 31 0.7570024 
810 229 59 66 0.7400065 
275 175 27 35 0.46805838 
920 393 46 30 0.11644895 
107 161 87 110 0.09805491 
803 177 25 30 0.08975957 
839 198 57 71 0.08949246 
271 170 45 57 0.07527852 
576 222 73 97 0.06877805 
967 39 6 9 0.066004954 
40 91 35 40 0.06110034 
817 177 15 21 0.05837971 
1 104 32 40 0.05408474 
269 191 35 49 0.051742718 
288 182 19 23 0.04979032 
974 57 8 9 0.042825386 
986 83 10 13 0.042396024 
1 61 26 39 0.040785458 
998 71 7 10 0.034887806 
523 608 63 47 0.031109894 
788 170 18 23 0.030988503 
993 71 7 10 0.030305468 
838 198 12 15 0.028985003 
780 185 32 32 0.02845363 
964 78 11 14 0.027523914 
518 132 14 19 0.026136834 
589 589 27 40 0.025522994 
990 80 10 13 0.025232255 
297 183 16 22 0.022894511 
993 56 7 8 0.020992467 
836 189 25 33 0.020163259 
975 31 6 8 0.020022046 
