0_Parade_Parade_0_164
1197
998 358 12 17 0.90267897 
654 281 12 17 0.8383946 
85 419 15 19 0.82875186 
909 362 13 15 0.77975136 
283 324 11 13 0.7583802 
388 467 24 30 0.722203 
679 269 11 14 0.71990436 
688 326 13 16 0.7191406 
795 427 12 17 0.6965973 
943 388 12 16 0.66402364 
513 340 11 13 0.6134449 
250 304 8 10 0.60354924 
108 402 13 15 0.54008365 
943 421 10 12 0.5340924 
141 387 13 16 0.49715248 
551 306 12 15 0.4847385 
621 270 13 16 0.47043237 
893 318 10 12 0.46386155 
44 396 12 16 0.4503943 
694 259 9 12 0.434854 
644 260 9 13 0.4284609 
60 427 12 15 0.4249019 
942 349 12 15 0.42305294 
903 336 11 12 0.40817288 
940 326 10 13 0.39199436 
847 365 10 12 0.38467297 
655 248 8 11 0.3832388 
974 515 15 19 0.37307703 
841 271 8 10 0.36222735 
637 302 9 12 0.3441947 
996 300 10 13 0.33822677 
259 282 374 494 0.3375595 
648 316 10 13 0.33652666 
296 244 11 14 0.33043566 
285 304 9 11 0.32966045 
899 500 15 17 0.3209807 
988 422 11 14 0.30401823 
985 324 9 12 0.30339438 
899 562 13 15 0.2987108 
952 272 8 10 0.29133135 
841 348 11 13 0.288854 
913 309 9 11 0.2855565 
173 354 17 21 0.2827142 
713 300 12 16 0.2792226 
839 387 11 14 0.27911815 
930 537 14 18 0.27758962 
913 286 10 12 0.27362117 
712 246 10 12 0.27225444 
845 269 8 11 0.27063033 
966 311 9 12 0.26918232 
314 311 8 10 0.26698798 
998 558 13 18 0.2630678 
742 255 11 15 0.2563361 
830 518 14 22 0.25073153 
856 264 9 11 0.24954867 
886 630 15 19 0.24821077 
972 337 10 11 0.24745089 
995 647 23 30 0.245716 
926 339 11 14 0.24563178 
396 268 10 12 0.24557343 
719 277 9 12 0.24355803 
947 302 10 12 0.24303675 
365 303 11 12 0.24084716 
996 640 18 21 0.23824267 
670 247 8 11 0.23354395 
226 342 11 13 0.22934613 
926 406 12 13 0.22762185 
864 396 10 12 0.22202457 
388 300 9 13 0.22166882 
964 386 12 15 0.22161148 
978 456 14 18 0.2146856 
864 292 9 11 0.21120344 
888 333 8 11 0.20785233 
934 291 9 12 0.20685765 
958 319 9 11 0.1983069 
1013 342 9 13 0.19826359 
834 589 13 16 0.19646221 
338 294 8 10 0.19491984 
134 369 12 14 0.19443728 
1008 334 9 11 0.19221787 
895 389 11 14 0.19205062 
973 294 8 10 0.18943024 
193 372 11 13 0.18849353 
235 317 12 15 0.18617965 
312 331 11 13 0.18519188 
886 255 7 10 0.18174334 
680 231 9 11 0.18147776 
622 231 8 10 0.18123317 
592 294 9 12 0.18003905 
917 316 10 12 0.17776935 
997 440 10 12 0.1758722 
606 327 11 15 0.17384635 
123 348 13 16 0.1736003 
821 375 8 10 0.17278594 
860 478 13 16 0.17270395 
731 270 10 13 0.17216457 
968 609 18 21 0.17206736 
996 596 27 34 0.17188883 
575 358 12 14 0.1718125 
1004 191 11 12 0.17091851 
360 296 8 10 0.16765451 
806 382 9 13 0.16542444 
834 412 14 17 0.16404307 
471 264 8 10 0.16363123 
880 453 13 18 0.1629456 
860 318 10 12 0.16109289 
395 495 24 28 0.16071475 
924 410 12 14 0.15563788 
881 301 9 11 0.15527838 
973 366 9 12 0.15340592 
876 349 11 13 0.15191785 
1006 326 8 11 0.14912663 
1014 301 8 11 0.14853851 
873 270 8 10 0.14809321 
856 269 9 12 0.14794426 
301 376 10 13 0.14758949 
308 525 15 20 0.14680454 
223 357 10 13 0.14677256 
327 308 8 10 0.14528522 
432 246 7 10 0.14523958 
872 351 10 12 0.14505635 
944 295 8 11 0.14381048 
953 319 9 11 0.14342928 
446 270 8 11 0.14144212 
931 394 12 16 0.14130546 
832 437 12 14 0.1395561 
19 435 12 17 0.13844363 
862 324 10 13 0.13801874 
856 277 8 11 0.13491184 
823 398 12 14 0.13483366 
767 230 9 12 0.1343608 
639 200 7 10 0.13384941 
925 272 8 10 0.13119203 
726 262 9 11 0.13111515 
665 245 8 11 0.1306607 
895 422 10 13 0.13032994 
125 411 10 12 0.12916747 
855 476 12 16 0.1264352 
996 591 17 22 0.12568472 
887 398 10 13 0.12518893 
830 383 12 13 0.12481812 
298 379 10 12 0.12454006 
894 324 9 11 0.12395377 
897 270 8 10 0.122577116 
990 538 12 15 0.12214228 
921 271 8 9 0.122021444 
618 208 6 9 0.12198311 
455 378 12 16 0.12189757 
936 333 10 13 0.12178548 
941 447 10 13 0.12112103 
690 254 10 13 0.12006949 
362 332 24 28 0.12004998 
863 468 12 15 0.11972759 
918 246 7 9 0.11919554 
796 338 14 19 0.11916008 
894 452 11 15 0.118467286 
273 399 11 13 0.11770215 
847 265 8 10 0.1176378 
532 333 15 17 0.115993425 
903 279 7 10 0.114386655 
952 341 10 13 0.11370989 
726 235 10 12 0.113226205 
844 344 10 11 0.11279127 
469 421 11 14 0.110587984 
180 374 12 14 0.110513516 
987 507 16 19 0.110095955 
933 309 9 11 0.11008872 
865 374 9 12 0.108640194 
983 276 9 12 0.10825454 
330 437 24 31 0.1080454 
894 396 11 13 0.107239276 
1005 320 9 11 0.10616234 
408 322 253 334 0.10573176 
957 333 11 13 0.1050871 
461 421 15 17 0.10505062 
54 422 14 18 0.10466172 
727 257 9 10 0.10449455 
637 297 9 11 0.10415431 
384 294 12 15 0.10398784 
908 334 9 12 0.10368847 
686 277 10 13 0.10367567 
487 356 12 16 0.10362187 
841 355 11 14 0.10339321 
717 271 10 12 0.103063874 
948 349 10 13 0.10280365 
491 353 12 15 0.10243874 
704 271 8 10 0.101673946 
985 484 23 27 0.10111215 
675 348 12 14 0.10085661 
986 496 17 20 0.10024596 
881 254 8 11 0.10018943 
496 237 8 10 0.10015172 
45 407 15 19 0.100147985 
671 251 9 11 0.09988376 
406 251 8 11 0.09984783 
950 308 8 11 0.09962019 
239 387 11 13 0.0987745 
943 279 8 10 0.09813278 
973 664 15 17 0.09758187 
934 389 12 15 0.095811665 
109 409 10 12 0.09580704 
450 254 7 10 0.09573797 
983 348 11 14 0.095612876 
598 295 10 13 0.09507584 
836 556 15 17 0.09506451 
622 208 7 9 0.095016494 
895 295 7 10 0.09447158 
925 471 12 16 0.09444258 
251 307 11 13 0.093356684 
902 264 7 10 0.09332003 
688 284 9 11 0.09329628 
426 244 8 11 0.09326646 
930 402 12 15 0.09270209 
424 288 10 12 0.0923574 
919 453 12 16 0.091528624 
981 510 14 19 0.09136003 
926 348 10 13 0.09100931 
335 343 8 10 0.08953474 
929 390 11 13 0.08926871 
802 422 13 17 0.089167215 
857 313 8 11 0.08851692 
840 295 8 10 0.08825828 
936 246 8 10 0.08822183 
959 605 23 27 0.08783798 
919 435 11 14 0.0877134 
887 295 8 10 0.08722898 
831 406 12 14 0.08699194 
452 424 15 18 0.086299464 
913 316 9 11 0.086198926 
821 380 10 12 0.085497424 
862 450 13 15 0.08542622 
449 422 10 15 0.08536903 
897 196 7 10 0.08526086 
918 222 8 9 0.0851253 
992 295 10 13 0.084954366 
974 358 8 10 0.08477095 
224 336 11 14 0.0847631 
278 357 13 18 0.08453433 
959 325 10 11 0.08431654 
464 271 8 10 0.08430667 
360 319 10 12 0.08428518 
486 390 12 16 0.08423431 
408 337 10 12 0.083637856 
947 393 12 15 0.08360831 
869 287 9 13 0.08342058 
538 240 8 10 0.082821555 
118 405 10 14 0.08260901 
285 357 13 17 0.08248584 
649 322 11 14 0.08233396 
271 218 11 13 0.082303904 
881 296 8 10 0.082195476 
958 348 10 13 0.08158533 
888 327 9 12 0.081214555 
623 265 11 13 0.081180006 
844 358 12 15 0.08106914 
108 392 16 19 0.080545455 
712 271 9 11 0.080202416 
665 240 8 11 0.08014561 
448 249 6 8 0.080022074 
733 276 9 11 0.079493284 
686 230 8 11 0.07927462 
979 560 16 20 0.078720845 
897 264 8 10 0.07840803 
415 288 9 10 0.078252 
401 251 10 12 0.07795044 
867 392 11 14 0.077610366 
721 236 9 12 0.07738032 
925 207 8 9 0.07688856 
854 332 10 12 0.07684676 
285 259 9 11 0.07678683 
896 413 11 14 0.076763175 
896 256 7 9 0.076219656 
897 278 8 10 0.07613593 
256 374 11 14 0.07609875 
511 346 13 17 0.07598244 
809 456 15 19 0.07589049 
944 425 11 14 0.075748436 
670 301 10 12 0.075429015 
855 256 9 9 0.07523037 
894 405 11 13 0.075222164 
284 332 11 13 0.07518254 
417 270 8 10 0.07489367 
334 318 8 11 0.07458684 
864 301 9 11 0.07443817 
872 264 8 9 0.0743261 
398 473 17 21 0.074074104 
861 311 10 12 0.07399547 
673 357 12 15 0.073883615 
881 308 9 12 0.0735833 
815 381 10 13 0.0733585 
898 569 16 18 0.07222884 
604 296 11 12 0.072221816 
912 263 7 9 0.07195724 
832 279 8 10 0.071882874 
472 239 8 10 0.07178092 
793 388 9 13 0.071676515 
280 279 8 13 0.071394145 
470 268 7 10 0.070975885 
989 321 8 10 0.07074357 
721 262 9 11 0.07045341 
989 459 11 15 0.0700051 
947 383 12 15 0.06977428 
968 358 9 11 0.06949335 
417 264 7 10 0.06866834 
896 374 9 12 0.0685652 
937 272 8 9 0.06825429 
845 566 13 15 0.068092205 
841 301 8 10 0.06795022 
893 312 10 12 0.06792628 
861 264 8 10 0.06778758 
895 238 9 11 0.06755532 
234 476 25 33 0.06751035 
973 371 10 13 0.067132995 
807 387 11 13 0.066720426 
937 224 7 9 0.06650725 
856 326 10 13 0.06639237 
652 166 7 11 0.06594666 
988 348 11 14 0.0654136 
897 340 10 13 0.06524117 
916 290 10 12 0.06502395 
921 349 10 12 0.06500992 
919 216 8 10 0.06487004 
645 256 10 12 0.06429879 
696 216 8 10 0.064246915 
942 321 10 12 0.06391843 
989 556 18 24 0.0638301 
641 256 9 13 0.063563146 
734 287 9 10 0.06352261 
479 238 8 11 0.06332592 
961 382 11 13 0.06302408 
985 333 9 11 0.06299173 
335 348 9 11 0.06269086 
966 392 12 15 0.0625464 
877 342 9 11 0.062300272 
904 209 7 9 0.062060505 
641 241 8 10 0.061553203 
633 215 7 9 0.061197538 
555 342 11 15 0.061156478 
950 614 10 14 0.061012845 
831 374 9 11 0.060963444 
949 296 9 11 0.060872275 
737 253 11 14 0.06071615 
577 216 7 10 0.06066041 
974 436 11 13 0.060410053 
918 324 10 12 0.060298238 
797 387 11 14 0.05985159 
940 343 12 14 0.05950343 
803 339 13 18 0.05949062 
924 435 11 13 0.059450667 
839 276 8 10 0.059256624 
754 246 9 11 0.059245616 
742 249 9 11 0.059113275 
360 307 13 14 0.059090782 
997 721 18 21 0.058637034 
431 208 7 10 0.05819001 
957 594 14 17 0.057661768 
941 287 8 10 0.057447538 
875 567 11 13 0.05741318 
337 477 26 35 0.057391528 
806 409 14 18 0.057091564 
812 407 13 15 0.056983907 
463 255 8 10 0.056610547 
902 225 7 9 0.056290526 
41 392 11 14 0.0561437 
470 247 8 10 0.05603295 
606 338 14 18 0.055986635 
215 390 12 14 0.05598107 
958 271 8 11 0.055887878 
505 247 7 10 0.055858914 
424 239 9 12 0.05546433 
896 382 11 13 0.05542842 
272 357 12 16 0.055418536 
831 286 8 10 0.055380866 
825 287 7 10 0.054884505 
947 415 11 13 0.05487045 
633 185 7 8 0.05464244 
334 397 15 19 0.054336093 
432 263 8 11 0.05431951 
984 343 9 11 0.053925216 
812 388 10 12 0.05383327 
994 362 10 14 0.05378343 
998 308 9 10 0.0534298 
628 275 11 15 0.053317796 
913 215 7 9 0.053100757 
841 362 11 14 0.052956212 
65 398 10 12 0.052825183 
728 277 9 11 0.052731927 
121 343 11 14 0.05269901 
887 261 7 10 0.052186202 
887 279 8 10 0.052165058 
845 302 8 10 0.052070685 
922 164 8 10 0.05197751 
363 316 12 14 0.05194587 
511 336 18 23 0.051934905 
719 283 10 12 0.051807553 
501 214 7 10 0.05154497 
902 294 9 11 0.051530633 
519 190 8 11 0.05141699 
455 256 8 10 0.051367752 
903 285 8 11 0.05109407 
916 442 12 15 0.05107021 
403 488 19 24 0.050713602 
898 224 7 9 0.050604627 
928 303 9 11 0.050483655 
678 249 8 10 0.050476927 
687 319 11 14 0.050466135 
44 417 14 17 0.050439347 
878 271 8 11 0.050406486 
975 351 10 12 0.050358936 
848 327 9 12 0.050329596 
915 303 11 12 0.050125215 
728 286 8 10 0.050015155 
681 225 8 10 0.04989079 
974 396 9 13 0.049806274 
887 413 11 14 0.049780045 
382 309 11 12 0.049595624 
774 227 9 13 0.049322005 
713 295 10 13 0.04923123 
526 336 13 16 0.049165443 
898 510 17 20 0.049165037 
687 190 7 10 0.049126312 
968 515 13 16 0.049106535 
221 452 13 17 0.049058586 
593 200 8 11 0.048999388 
441 271 8 10 0.048938565 
568 223 8 11 0.048915777 
930 264 7 9 0.048876308 
397 286 9 11 0.048815228 
217 357 9 12 0.04879303 
568 228 9 12 0.04875324 
958 604 14 18 0.048653103 
874 256 7 9 0.048628185 
287 339 9 11 0.04862238 
822 294 8 11 0.0485389 
581 214 8 10 0.048528027 
990 333 9 12 0.048484467 
833 273 9 10 0.048325874 
915 358 12 14 0.04790929 
377 315 10 13 0.04789449 
487 254 7 9 0.04765894 
822 469 11 13 0.047634672 
282 307 10 13 0.04762733 
967 268 8 10 0.04762346 
693 279 9 11 0.04749973 
617 237 9 10 0.047296755 
600 261 8 10 0.04728808 
993 287 8 10 0.04725391 
637 278 10 14 0.047245674 
895 459 12 16 0.04718152 
898 592 18 22 0.0471396 
671 294 9 12 0.047087576 
994 239 7 10 0.046989266 
935 340 10 14 0.04693015 
206 432 13 16 0.046801288 
934 264 7 8 0.046760425 
902 238 8 10 0.04673831 
836 167 8 10 0.046618108 
688 224 7 9 0.046463378 
854 494 10 13 0.046444092 
904 256 7 9 0.046300635 
897 232 8 10 0.046240292 
734 261 11 13 0.04612294 
830 150 7 10 0.04579038 
937 231 8 8 0.045662936 
421 270 8 10 0.045609433 
488 264 7 9 0.045422066 
830 580 14 17 0.04536881 
390 499 16 20 0.045349672 
926 544 15 20 0.04520027 
912 239 8 9 0.045190156 
879 380 11 14 0.045039296 
1014 429 9 14 0.045012742 
1005 181 11 13 0.04498036 
673 343 11 14 0.044916358 
294 334 9 12 0.044857096 
494 232 9 11 0.044804223 
898 450 13 15 0.044713095 
911 256 8 9 0.04466093 
812 464 14 16 0.044565685 
270 349 10 13 0.044555668 
611 326 10 13 0.04429298 
988 343 11 12 0.04426759 
695 248 8 11 0.04424986 
720 255 8 10 0.044138353 
879 373 12 14 0.044048287 
472 233 8 9 0.04335344 
88 396 11 13 0.043344717 
950 467 14 17 0.043256458 
411 386 12 17 0.04323219 
973 430 11 14 0.043171935 
518 35 37 46 0.043137863 
976 263 8 10 0.043111764 
959 547 14 17 0.043044783 
888 174 8 10 0.043030262 
942 224 7 8 0.042967986 
480 254 8 10 0.04292038 
520 197 8 10 0.042688034 
441 294 8 11 0.04262377 
861 534 11 14 0.042586915 
974 289 8 11 0.042576782 
591 289 8 11 0.042572856 
695 231 8 10 0.042482518 
885 374 10 13 0.04247319 
796 395 12 16 0.04242451 
818 295 8 10 0.042420242 
519 238 7 9 0.042223 
662 185 7 9 0.042210314 
896 245 7 10 0.04219667 
831 303 8 10 0.042142928 
921 407 11 14 0.042023923 
510 390 11 12 0.042021398 
738 248 7 9 0.041982032 
912 281 8 10 0.041976005 
861 330 11 13 0.041958746 
969 289 8 10 0.041871008 
639 368 8 10 0.041856915 
417 292 8 10 0.04183722 
888 271 7 10 0.041771606 
466 246 8 10 0.04173171 
814 348 11 15 0.041726705 
568 272 9 12 0.041714653 
953 336 9 10 0.041660167 
985 301 9 11 0.04165888 
908 565 10 13 0.041651204 
888 337 10 13 0.041586027 
990 279 7 10 0.041548908 
857 286 9 12 0.04153852 
638 222 8 10 0.041478932 
982 271 9 12 0.04136423 
887 310 9 12 0.041328005 
823 368 9 11 0.041254632 
269 342 9 12 0.04117813 
902 348 10 13 0.04113128 
629 332 12 13 0.041068304 
251 315 14 16 0.04104811 
622 236 8 10 0.0409116 
1013 190 8 11 0.04080305 
870 429 11 13 0.040794708 
569 201 7 10 0.04076724 
868 476 12 15 0.040739737 
1015 435 9 12 0.040652916 
658 184 7 10 0.04020788 
862 279 9 10 0.04019546 
768 224 10 14 0.040190917 
616 212 8 10 0.04003834 
902 231 8 10 0.03981342 
817 302 10 12 0.039797895 
472 33 42 56 0.039792106 
696 222 7 10 0.039770033 
880 278 8 10 0.039759144 
944 273 7 9 0.03972664 
864 510 10 13 0.03963223 
979 656 21 28 0.039602697 
903 193 7 9 0.039556094 
432 461 11 15 0.03922109 
247 359 10 12 0.03910378 
848 332 10 12 0.039027646 
311 526 26 34 0.038924698 
1000 194 11 13 0.038839236 
495 263 8 9 0.038706962 
951 323 9 12 0.038698357 
264 348 10 13 0.03868683 
464 263 8 10 0.038667683 
1015 355 9 13 0.038653914 
246 314 12 16 0.038579646 
131 363 21 24 0.03845657 
537 245 8 10 0.038336862 
310 518 14 17 0.038296655 
656 273 9 12 0.03827625 
448 263 9 10 0.038262133 
919 278 9 11 0.03817078 
266 419 22 29 0.03805545 
997 262 9 11 0.038038235 
898 150 8 10 0.037959643 
373 309 11 14 0.037916653 
868 459 13 18 0.037808742 
926 354 10 13 0.037730966 
593 222 8 9 0.037690304 
409 305 8 10 0.037626088 
394 264 9 12 0.037362088 
480 393 14 17 0.037333023 
930 475 13 16 0.037191164 
939 277 9 10 0.0371796 
721 142 9 12 0.037105832 
933 303 10 11 0.037094757 
433 268 8 10 0.03708531 
903 213 7 9 0.036961664 
914 270 8 9 0.036914412 
447 294 8 11 0.036884885 
968 373 10 12 0.036847588 
617 365 10 11 0.03683554 
991 648 17 23 0.03682095 
801 376 10 12 0.036604043 
539 346 11 15 0.03659058 
208 416 10 11 0.036554426 
481 302 7 10 0.036542352 
937 217 7 9 0.036475256 
365 297 10 12 0.03646353 
600 256 8 10 0.03645571 
880 327 9 11 0.036425024 
703 222 8 10 0.036418717 
389 480 27 32 0.036378752 
647 331 11 12 0.036305837 
327 342 10 11 0.03628925 
344 489 24 31 0.03625227 
408 279 8 10 0.036131017 
872 334 9 11 0.036034446 
102 445 8 10 0.03601732 
960 232 8 8 0.03595961 
742 617 23 29 0.035899322 
830 342 9 11 0.035898894 
614 299 10 12 0.03589033 
1013 347 11 14 0.035880595 
649 191 6 9 0.03585119 
606 320 11 14 0.03576619 
948 585 15 20 0.035746075 
245 473 27 34 0.0356998 
614 252 10 12 0.035663106 
837 569 13 16 0.035607547 
904 328 9 11 0.035604764 
935 383 10 13 0.0353992 
966 254 8 9 0.035375614 
598 200 8 10 0.035356514 
837 372 10 13 0.035351433 
878 474 12 15 0.035294916 
961 311 10 12 0.03523006 
422 264 8 10 0.035203617 
1005 551 13 17 0.035203427 
568 248 8 10 0.035185322 
688 259 10 13 0.03514192 
560 231 8 10 0.035111494 
423 231 9 11 0.03509337 
826 279 9 11 0.035014085 
913 159 7 8 0.034960553 
981 527 11 17 0.034884512 
364 499 13 17 0.034791842 
156 467 12 16 0.03474374 
474 280 7 10 0.034730114 
244 381 11 15 0.03471267 
474 191 8 10 0.034685574 
865 403 10 13 0.034508787 
832 546 13 17 0.034487955 
583 206 8 10 0.03443761 
861 269 9 11 0.034384526 
991 589 15 19 0.034344673 
687 197 8 10 0.03433204 
583 191 7 9 0.03427789 
503 238 6 9 0.034260653 
879 399 10 12 0.034088742 
328 246 10 12 0.034024823 
79 413 16 21 0.033998515 
971 389 11 14 0.033968437 
830 367 8 10 0.033941347 
861 547 11 15 0.03391728 
903 148 8 11 0.033859327 
486 248 8 10 0.033711843 
933 372 10 13 0.03370952 
618 231 8 11 0.033697076 
119 421 10 11 0.033667423 
294 317 7 11 0.033636022 
966 509 12 16 0.03362804 
316 315 10 12 0.033559915 
853 341 10 12 0.033516414 
902 372 10 13 0.033496987 
858 291 9 12 0.033458292 
950 207 8 10 0.03341424 
488 236 8 11 0.033228874 
510 248 7 9 0.033160042 
917 370 11 14 0.033068225 
264 335 8 11 0.033040233 
491 379 13 17 0.033038843 
897 286 7 10 0.03303273 
889 390 10 13 0.033032276 
864 430 11 13 0.032979436 
132 479 11 13 0.032934636 
985 716 25 29 0.032927018 
321 305 8 11 0.032844875 
886 357 9 11 0.032844484 
749 253 12 14 0.032843664 
921 335 9 12 0.03272624 
985 639 38 53 0.032702927 
490 386 15 18 0.032696005 
481 319 8 11 0.03267924 
404 474 21 31 0.03257437 
945 200 8 10 0.0324968 
910 232 8 9 0.03248923 
747 258 12 14 0.03246504 
359 271 8 10 0.03243428 
681 190 7 9 0.032392967 
102 455 9 12 0.03233013 
630 230 7 10 0.03228661 
478 190 8 10 0.032284513 
581 352 10 12 0.032232173 
639 184 7 8 0.032221697 
456 262 8 10 0.032190517 
623 330 12 15 0.0321381 
520 459 14 18 0.03212646 
655 207 7 9 0.032112118 
598 157 9 11 0.032090887 
464 240 8 9 0.032037906 
423 279 8 10 0.0320259 
927 232 7 8 0.031888705 
946 205 9 10 0.03179325 
460 412 15 18 0.03178684 
918 240 9 10 0.031786706 
453 522 16 21 0.031780314 
994 514 12 14 0.03170255 
92 347 398 409 0.031639636 
746 612 17 20 0.03162257 
397 294 9 11 0.03161197 
899 395 12 13 0.031603202 
554 305 19 26 0.031564668 
879 367 11 12 0.031528763 
183 478 13 14 0.031527586 
584 238 7 9 0.031468417 
116 390 12 15 0.031458877 
1 399 9 14 0.03141152 
914 222 7 10 0.03138621 
910 326 9 12 0.031320225 
713 275 9 12 0.031315748 
884 446 14 19 0.031304203 
410 339 11 15 0.031262755 
871 277 9 10 0.031256985 
948 355 10 13 0.031206395 
592 191 7 9 0.03119175 
661 272 10 12 0.031190164 
318 340 11 14 0.031186203 
976 406 10 13 0.031155705 
973 312 9 12 0.031147663 
651 310 10 13 0.03110053 
440 277 8 10 0.03108288 
941 245 8 11 0.030995207 
413 415 18 23 0.030966194 
439 206 7 9 0.030889856 
899 407 11 14 0.030880885 
633 167 7 10 0.030849054 
666 232 8 10 0.030846916 
236 328 13 16 0.030829659 
742 287 9 10 0.030821702 
854 372 10 13 0.030815141 
735 248 19 24 0.0307447 
494 314 12 14 0.03070773 
824 389 12 15 0.030655066 
599 216 8 10 0.03063534 
584 248 7 9 0.030634357 
847 495 12 14 0.030622674 
672 185 7 9 0.030460551 
988 476 14 19 0.030292988 
489 232 9 11 0.030265503 
875 429 12 14 0.03025069 
553 232 7 9 0.030217493 
363 324 12 14 0.030194739 
497 208 7 10 0.030129278 
983 286 9 10 0.030114427 
638 374 8 10 0.029973982 
656 189 8 11 0.029937653 
633 222 8 10 0.02990456 
1009 336 18 25 0.029897623 
878 389 10 12 0.029770687 
712 288 9 11 0.029742813 
211 421 11 13 0.02973212 
830 540 12 15 0.02972008 
712 263 8 10 0.029682538 
887 286 8 10 0.029659102 
927 381 11 15 0.029642668 
415 277 8 10 0.029616522 
488 181 10 12 0.02961022 
700 35 11 14 0.02959618 
438 247 8 11 0.029544633 
607 216 8 10 0.0295272 
913 437 11 14 0.02946549 
615 246 10 12 0.029435525 
816 367 9 13 0.029430296 
1009 301 9 12 0.02941328 
514 239 7 9 0.029242301 
921 473 12 17 0.029218342 
256 482 18 22 0.02919023 
870 326 9 11 0.029184567 
552 157 24 29 0.029099101 
204 453 10 13 0.029090783 
927 239 7 9 0.029088696 
851 565 12 14 0.029083902 
574 230 7 9 0.029053379 
472 255 8 10 0.029046055 
377 338 14 17 0.02897755 
865 350 10 13 0.028948074 
737 224 8 9 0.028904615 
1007 348 12 14 0.028818944 
372 301 9 12 0.028812658 
459 385 12 16 0.028803376 
488 310 9 12 0.028778253 
975 244 9 11 0.02875887 
583 200 9 11 0.02871048 
927 161 7 10 0.028694179 
705 276 8 10 0.028620252 
848 276 8 11 0.028578848 
613 345 12 16 0.028507482 
950 366 9 11 0.028454956 
568 217 8 10 0.028347192 
567 319 13 18 0.028283358 
512 345 23 28 0.02825413 
879 334 9 12 0.028223433 
669 239 8 10 0.028092386 
541 239 7 9 0.028076427 
116 404 21 25 0.02799098 
881 191 8 11 0.027951753 
478 183 8 11 0.027945006 
379 456 42 52 0.027914118 
585 263 8 9 0.027908852 
967 301 9 11 0.027893532 
703 294 9 11 0.027889132 
937 240 9 10 0.027763646 
414 247 8 11 0.02775824 
198 467 10 13 0.027748397 
870 167 8 10 0.027740011 
746 161 6 8 0.027691195 
1013 388 10 17 0.027621299 
967 350 10 14 0.02761825 
848 254 9 12 0.027612066 
480 324 10 12 0.027568128 
593 215 8 11 0.027565014 
481 362 12 15 0.027550064 
1000 379 10 13 0.027486918 
937 421 10 13 0.027461914 
805 498 14 18 0.027440647 
380 253 11 13 0.027439853 
958 293 8 11 0.027418718 
426 209 8 10 0.027258193 
804 595 14 16 0.027250083 
255 322 10 13 0.027222227 
393 276 9 11 0.02721009 
895 334 9 12 0.027160272 
656 223 8 10 0.027129069 
664 252 8 11 0.027096849 
360 277 9 10 0.026998099 
587 294 10 13 0.026969261 
610 331 12 16 0.02695446 
618 274 11 14 0.026893245 
841 265 10 11 0.026883174 
967 502 10 14 0.026851691 
248 458 25 33 0.02682473 
576 200 8 10 0.026815994 
223 343 19 22 0.026806172 
607 255 9 11 0.026778344 
495 429 12 14 0.026772218 
935 318 10 11 0.02674947 
885 366 10 13 0.02667194 
674 190 6 8 0.02665952 
985 295 8 10 0.026576696 
911 197 8 11 0.02655249 
743 229 8 11 0.026543146 
649 215 7 9 0.026518593 
514 191 8 10 0.0265134 
436 334 10 13 0.026508728 
818 453 12 15 0.026482267 
924 459 11 14 0.026457189 
390 333 9 11 0.02643874 
1008 429 11 12 0.026426684 
871 365 9 13 0.026421253 
1015 306 9 12 0.026415767 
926 214 8 9 0.026393812 
481 223 7 9 0.026374936 
974 526 14 19 0.026301995 
111 455 9 11 0.026301188 
537 338 14 17 0.026300468 
824 595 10 14 0.026288005 
974 445 12 15 0.026256697 
430 231 8 10 0.026206363 
280 294 8 11 0.02619562 
-1 426 8 15 0.026170077 
95 372 11 16 0.026137682 
479 279 7 10 0.026129711 
608 201 7 9 0.026128063 
102 439 8 11 0.02607331 
943 230 7 8 0.02604948 
358 343 23 29 0.026013114 
482 271 7 9 0.025997436 
930 247 7 10 0.025995582 
863 379 11 15 0.025985016 
519 362 14 18 0.025940869 
868 378 12 14 0.025924489 
464 295 8 10 0.025907783 
711 230 8 10 0.025891105 
821 301 9 11 0.025881464 
945 612 11 15 0.025863579 
409 286 9 10 0.025845086 
634 200 8 9 0.025776574 
880 249 8 10 0.025744084 
284 279 9 12 0.025715522 
582 182 7 10 0.0257093 
574 271 9 12 0.025709135 
856 388 10 13 0.025703404 
822 424 13 17 0.025692206 
919 264 7 9 0.025655653 
176 473 124 190 0.025599958 
903 302 9 11 0.025594266 
888 419 12 14 0.025588587 
870 435 11 14 0.025581066 
564 308 15 20 0.025576392 
367 278 9 11 0.025510972 
965 327 9 11 0.025479032 
588 376 17 23 0.02546009 
993 245 8 11 0.02545923 
689 249 7 10 0.025403697 
927 372 11 14 0.025342546 
936 367 10 12 0.025339471 
633 208 7 9 0.025324788 
930 288 8 10 0.02531501 
1009 248 8 10 0.025241954 
247 352 9 11 0.025239797 
990 599 14 19 0.025203455 
662 189 7 10 0.025203368 
326 441 15 23 0.02519843 
941 239 9 11 0.025192833 
736 230 9 11 0.025139734 
506 340 10 13 0.02513694 
936 538 15 19 0.025071377 
474 197 7 10 0.025013307 
392 286 9 11 0.025004238 
909 208 7 9 0.025003213 
456 335 11 13 0.025001291 
672 232 8 10 0.024992889 
813 397 13 15 0.02497814 
946 451 12 17 0.024940602 
878 615 26 33 0.024910968 
440 300 8 10 0.024897646 
665 303 9 11 0.024878835 
943 437 10 14 0.024866138 
894 300 9 11 0.024853239 
830 308 8 11 0.02479186 
375 294 10 13 0.02478991 
888 192 7 10 0.024727432 
439 397 10 13 0.024722673 
123 388 12 15 0.024701945 
721 161 7 8 0.024693515 
881 287 8 10 0.024688302 
242 473 105 134 0.02466146 
337 289 8 11 0.024623776 
410 504 14 20 0.024600694 
938 349 10 14 0.024556002 
198 394 9 12 0.024549302 
872 571 12 15 0.02452803 
697 238 8 9 0.024506662 
632 247 9 11 0.02450197 
997 352 11 15 0.024496421 
827 469 11 14 0.024490071 
639 216 7 10 0.024468089 
495 304 9 10 0.024420228 
585 253 7 10 0.024417706 
981 247 8 10 0.024404664 
1010 253 8 11 0.024373854 
526 256 8 10 0.024363661 
358 522 12 16 0.024302771 
246 297 18 24 0.024242816 
513 232 7 9 0.024234433 
951 265 7 9 0.024168372 
46 427 13 16 0.024157198 
616 201 6 8 0.024123713 
898 579 17 20 0.024115395 
885 350 10 12 0.024109371 
448 200 7 8 0.024098655 
834 563 11 15 0.024091631 
1006 327 20 24 0.02408423 
126 336 10 13 0.024035022 
998 340 9 12 0.024017133 
199 413 8 10 0.023971215 
416 224 8 10 0.023968983 
430 213 8 10 0.023949536 
433 253 8 10 0.023931507 
819 348 12 16 0.023854746 
631 262 9 12 0.023852186 
907 358 11 14 0.023831278 
752 241 9 11 0.023807906 
533 387 12 13 0.023804992 
129 347 15 17 0.023760356 
985 518 16 20 0.023747882 
569 357 12 15 0.023747027 
440 215 8 10 0.023735298 
982 354 11 13 0.023714695 
857 539 11 16 0.023644483 
455 206 7 10 0.023643423 
624 201 7 8 0.023642063 
81 424 15 17 0.023632808 
1009 287 8 11 0.023617616 
690 216 8 10 0.023617068 
995 460 12 15 0.023596305 
356 496 15 20 0.023570327 
879 317 10 12 0.023569336 
811 340 11 16 0.023527022 
457 199 7 9 0.023506409 
347 467 16 21 0.023444878 
976 269 9 11 0.02343691 
872 249 8 10 0.023398371 
969 183 8 10 0.023372943 
1010 606 15 22 0.02336258 
473 168 8 10 0.023313977 
50 397 12 17 0.0233014 
485 270 9 10 0.023292268 
971 380 11 14 0.02329135 
553 224 7 9 0.02327505 
704 230 7 9 0.023246117 
101 499 11 13 0.02321885 
928 327 9 11 0.023216449 
958 288 8 10 0.023178013 
502 278 8 10 0.023173252 
972 568 16 19 0.02316775 
499 310 12 14 0.023158513 
981 413 11 15 0.023142057 
862 555 10 13 0.02310664 
941 416 18 22 0.0230778 
446 318 9 12 0.02306 
260 237 9 11 0.023013167 
657 242 8 9 0.02299399 
933 254 9 9 0.02295215 
639 245 9 10 0.022933487 
231 481 15 21 0.022926947 
962 593 18 22 0.02288805 
484 421 11 15 0.022874093 
632 306 11 13 0.022838704 
806 365 11 12 0.022823418 
480 247 8 10 0.022793565 
991 489 26 31 0.02276992 
483 396 16 20 0.022748034 
398 450 13 17 0.022700233 
136 393 12 15 0.022690596 
458 270 8 10 0.022621911 
959 396 11 14 0.022603707 
447 278 8 10 0.022599278 
649 247 10 11 0.022591412 
37 426 13 16 0.022581581 
253 457 16 21 0.02257878 
526 232 7 9 0.022563757 
742 224 8 10 0.022519402 
607 230 7 10 0.022519054 
353 271 9 10 0.02250611 
29 428 11 16 0.022480072 
929 286 20 23 0.022471834 
843 419 13 16 0.0224337 
607 222 8 10 0.022433564 
521 205 7 9 0.022421604 
1012 548 13 18 0.022410518 
39 400 15 19 0.022397552 
476 420 12 16 0.022379378 
849 177 7 9 0.022378486 
844 295 9 11 0.022377655 
585 299 10 13 0.02236048 
68 420 12 17 0.022347338 
704 159 7 9 0.022342412 
577 183 8 10 0.022333015 
943 580 13 18 0.022312298 
450 286 8 11 0.0223034 
583 176 8 10 0.022298709 
729 225 7 8 0.022278478 
600 245 7 10 0.022277901 
898 207 8 10 0.022274042 
637 166 7 10 0.02227111 
896 505 14 19 0.02226994 
908 570 13 16 0.022252526 
312 305 8 12 0.022249248 
798 402 12 15 0.022241091 
814 418 12 17 0.02222702 
862 527 11 14 0.022182737 
187 367 19 23 0.022164103 
120 335 10 12 0.022159183 
342 288 9 11 0.022137977 
791 342 13 19 0.0221107 
488 207 7 10 0.022067882 
602 330 12 17 0.022031227 
374 218 12 14 0.022013152 
898 418 12 15 0.022011327 
445 222 9 10 0.022010894 
624 225 7 9 0.021966964 
411 420 25 34 0.021946965 
736 293 8 10 0.02190154 
887 621 15 19 0.021894313 
601 318 9 12 0.021858063 
989 390 10 14 0.021850273 
945 306 11 13 0.021843042 
517 352 24 30 0.021816185 
968 248 8 10 0.021807592 
461 473 14 19 0.021805367 
263 353 12 16 0.021798348 
459 403 14 16 0.021790562 
437 340 11 13 0.021776436 
233 313 9 11 0.021759693 
127 365 15 18 0.021690134 
322 294 8 11 0.021688089 
480 297 7 10 0.021657173 
868 451 13 16 0.021646818 
457 191 7 9 0.021644067 
646 240 8 10 0.021642743 
486 372 13 17 0.021629523 
759 284 11 14 0.021627473 
454 285 9 11 0.021618994 
952 287 8 9 0.021611601 
521 271 8 10 0.021580499 
924 419 13 16 0.021566106 
511 324 13 16 0.021547012 
589 350 10 12 0.02151808 
457 239 7 10 0.021510907 
407 317 10 12 0.021510294 
575 247 7 11 0.021504994 
982 254 7 9 0.021459688 
785 388 10 13 0.021458922 
831 359 10 12 0.02142782 
501 387 13 17 0.021422287 
471 213 8 10 0.0214156 
361 298 19 22 0.021374615 
877 434 12 16 0.021371234 
397 276 10 12 0.021370474 
515 436 13 18 0.021363853 
733 236 9 11 0.021353696 
921 200 8 10 0.021338375 
724 249 21 25 0.021328608 
926 479 15 19 0.02132084 
290 362 13 16 0.021315606 
481 355 21 24 0.021276183 
551 298 10 11 0.021272058 
326 249 14 16 0.021271901 
701 262 9 12 0.021258296 
884 466 14 18 0.021242103 
416 229 9 12 0.02123113 
538 351 126 165 0.02122997 
358 333 16 19 0.021210505 
637 333 10 13 0.021200977 
519 233 9 10 0.021165593 
993 191 9 11 0.02115437 
623 213 7 9 0.021145355 
238 372 13 16 0.02113662 
847 484 12 14 0.02112504 
735 617 15 21 0.021103378 
835 427 14 18 0.021102188 
498 270 8 10 0.021083035 
838 286 8 11 0.021070046 
429 240 8 11 0.02106698 
891 239 8 10 0.021057831 
656 198 7 9 0.020997804 
791 335 12 17 0.020993486 
446 347 10 13 0.020991819 
253 334 11 13 0.020991202 
1000 332 10 12 0.020954797 
868 445 12 15 0.020954153 
334 336 9 12 0.02087293 
890 197 8 10 0.020856924 
405 393 13 18 0.020845328 
887 248 8 10 0.020841103 
234 384 19 24 0.020836683 
578 190 9 10 0.02082269 
590 270 8 11 0.02081749 
881 183 7 10 0.020798216 
176 366 20 24 0.020792663 
974 419 11 15 0.02078708 
933 413 11 13 0.02078475 
633 366 10 12 0.02073585 
458 515 15 20 0.020728782 
669 286 10 13 0.020709462 
827 484 12 16 0.020707445 
103 492 12 14 0.02069863 
953 596 43 51 0.020664979 
413 304 9 11 0.02066403 
168 327 8 10 0.020627547 
862 256 7 9 0.020607946 
553 181 10 12 0.020606207 
703 239 9 11 0.02059419 
682 176 7 8 0.020574389 
429 287 9 11 0.02052264 
943 456 12 16 0.020520959 
542 213 8 10 0.02050079 
760 237 10 12 0.020495139 
902 246 8 9 0.0204807 
135 376 19 23 0.020447694 
965 573 15 18 0.020412147 
254 385 11 16 0.020375427 
768 153 6 9 0.020370094 
961 254 7 10 0.020359658 
988 659 17 24 0.02034552 
454 393 13 16 0.020339385 
922 609 15 17 0.02031531 
1002 632 21 31 0.020294491 
101 420 10 12 0.020293837 
467 415 22 27 0.020276649 
527 338 21 27 0.02025207 
911 151 6 8 0.020245608 
936 158 7 10 0.020243961 
987 532 20 25 0.020241888 
127 293 221 234 0.020220218 
930 254 8 10 0.020201731 
879 261 9 11 0.020188926 
502 271 8 10 0.02011305 
385 500 12 16 0.020109318 
4 409 13 19 0.020099381 
727 160 8 9 0.020037463 
696 267 9 12 0.020030217 
382 471 16 22 0.0200285 
900 331 19 22 0.020020315 
793 136 7 10 0.02001826 
812 595 12 14 0.020013668 
