0_Parade_Parade_0_628
220
448 200 26 37 0.9992811 
308 240 20 26 0.9724449 
576 235 22 30 0.96994936 
624 223 21 28 0.9666149 
691 263 20 25 0.96332765 
902 275 17 23 0.88103896 
981 259 20 22 0.8544086 
24 301 9 12 0.7121992 
756 294 11 13 0.58231825 
786 290 13 15 0.5204301 
36 381 12 16 0.4068978 
784 339 15 17 0.352093 
87 342 8 10 0.27149308 
956 306 15 20 0.18765838 
503 235 26 35 0.18732068 
742 317 9 12 0.18588103 
78 329 7 9 0.17846213 
143 352 8 11 0.16999854 
20 370 10 13 0.16268642 
813 273 14 18 0.1558215 
358 286 10 11 0.15448867 
158 343 8 9 0.15197882 
72 334 8 9 0.1477551 
150 352 8 9 0.14720641 
106 335 9 10 0.14638658 
6 292 9 12 0.13966168 
81 343 9 10 0.1384932 
5 318 8 12 0.13349152 
727 328 12 14 0.12936442 
138 351 8 10 0.12894064 
744 323 10 15 0.123681806 
116 351 10 12 0.106003515 
44 389 10 12 0.10217174 
800 295 10 14 0.09962754 
742 312 9 11 0.09803055 
74 366 9 12 0.095812574 
104 339 10 11 0.09564222 
73 328 8 10 0.093494 
22 328 8 10 0.09022622 
77 365 9 11 0.08690971 
54 360 8 11 0.086493656 
21 348 10 13 0.085012764 
105 375 9 12 0.08309812 
3 382 11 13 0.08095996 
6 394 13 17 0.08095224 
501 240 16 24 0.079629235 
53 341 8 10 0.078262076 
65 383 9 12 0.07743648 
31 333 9 12 0.072543874 
154 344 8 9 0.07209533 
37 376 12 14 0.07170993 
88 336 9 10 0.070994854 
31 296 8 11 0.07088532 
353 283 11 14 0.07051871 
16 368 10 13 0.069251195 
743 293 10 13 0.0691801 
105 381 10 11 0.06727215 
68 381 10 12 0.06697966 
854 297 13 17 0.06597827 
95 328 8 9 0.06482932 
143 379 9 11 0.06446229 
104 329 8 10 0.06385791 
53 336 8 10 0.06327502 
73 360 8 10 0.06239627 
78 333 9 10 0.062268574 
22 391 10 13 0.061337143 
1 324 9 15 0.061328944 
135 375 10 14 0.061028354 
806 350 9 12 0.060753547 
942 294 11 14 0.06043261 
703 299 13 18 0.05859143 
521 238 27 31 0.058407277 
896 278 14 21 0.054910213 
65 311 7 9 0.053535916 
0 348 8 13 0.05280026 
46 327 7 10 0.052660413 
42 327 7 10 0.052402847 
40 350 7 10 0.051787157 
119 341 7 10 0.05145175 
788 295 15 17 0.051433384 
731 324 12 16 0.049844194 
840 283 12 14 0.04955887 
135 342 8 9 0.04897373 
0 394 12 18 0.04883901 
118 375 8 12 0.048658192 
21 356 9 11 0.048248813 
149 356 9 10 0.0466275 
830 275 11 14 0.04653644 
836 270 10 12 0.04577671 
93 343 8 10 0.044956453 
64 388 11 14 0.04480562 
94 333 8 11 0.044635158 
911 274 15 20 0.044117436 
347 333 9 11 0.0438236 
41 364 11 13 0.043813374 
72 372 10 12 0.043303188 
12 390 11 15 0.043224405 
111 376 9 12 0.042329602 
40 359 9 10 0.041192908 
859 296 14 18 0.04096636 
743 300 11 13 0.040946025 
48 334 9 11 0.040332925 
358 291 11 13 0.040220987 
1 343 8 13 0.040163472 
868 334 10 12 0.03994589 
71 341 9 12 0.039153777 
0 356 8 13 0.039026916 
64 349 8 11 0.03864247 
53 395 13 16 0.03776192 
47 360 9 11 0.037721075 
38 295 8 10 0.03727427 
112 356 9 11 0.037240632 
259 348 14 17 0.037063032 
725 337 13 15 0.03679635 
707 294 11 13 0.036449075 
0 363 8 13 0.03614184 
38 333 9 11 0.034858357 
60 393 14 18 0.034734562 
819 270 11 15 0.03467244 
963 253 13 15 0.033818815 
67 334 7 10 0.03357408 
47 374 8 10 0.033559225 
892 266 22 29 0.033460405 
49 303 7 9 0.033410557 
798 342 10 12 0.033284586 
846 292 13 15 0.0332638 
72 319 8 10 0.03325108 
110 339 8 10 0.03301746 
96 319 8 9 0.033015743 
832 260 12 15 0.032817207 
207 378 11 12 0.032588363 
5 343 9 12 0.032222074 
671 322 14 15 0.03154263 
129 375 9 13 0.031255916 
838 276 13 14 0.030849816 
43 382 10 12 0.030828163 
505 251 28 37 0.030636875 
951 312 13 17 0.030503055 
16 344 10 13 0.030216876 
48 394 12 16 0.030203229 
752 297 12 14 0.030009884 
6 374 9 12 0.029876048 
774 310 10 13 0.029850379 
887 341 10 14 0.029819561 
47 347 8 11 0.02936094 
192 335 9 11 0.028992305 
1006 247 14 22 0.028987365 
143 296 9 12 0.028874168 
104 366 10 13 0.028719634 
886 308 11 14 0.028378718 
88 329 7 9 0.02824727 
65 343 8 11 0.028090807 
881 318 10 12 0.028019192 
158 348 8 10 0.027955033 
18 326 9 12 0.027711242 
149 376 8 10 0.027373524 
893 269 13 17 0.027216509 
244 316 11 14 0.026908526 
767 402 10 13 0.026796525 
883 324 9 12 0.026746755 
723 327 19 24 0.026723064 
173 309 8 10 0.02669836 
86 359 8 11 0.026362406 
105 359 9 11 0.0261147 
56 320 8 9 0.025987284 
64 366 8 10 0.025976375 
42 311 7 10 0.025702914 
284 327 10 12 0.025625823 
788 278 11 14 0.025602313 
950 294 10 15 0.025598425 
239 226 14 18 0.025536478 
46 311 8 10 0.025474934 
212 353 12 15 0.025172405 
493 225 23 38 0.025013607 
47 317 8 10 0.024915362 
19 303 9 10 0.024809692 
887 301 11 15 0.024632767 
78 319 8 9 0.024498917 
65 318 7 10 0.024384083 
56 350 8 10 0.024376221 
846 278 11 13 0.024366178 
680 266 14 19 0.024286693 
96 383 9 11 0.02413177 
569 247 27 30 0.024052244 
990 256 17 21 0.023946704 
193 340 9 11 0.023904065 
221 271 9 11 0.02351522 
5 331 9 12 0.023324331 
4 286 9 12 0.023286773 
200 376 10 12 0.02320277 
54 374 9 11 0.0231827 
950 292 25 34 0.022901328 
686 407 11 12 0.022803582 
110 386 10 13 0.022742858 
97 313 7 9 0.022488637 
95 348 9 11 0.022390855 
532 223 25 39 0.022370836 
885 292 14 17 0.022305263 
767 343 10 12 0.02220305 
741 274 12 16 0.022166839 
747 317 10 14 0.02188111 
30 350 9 11 0.021686222 
86 384 8 10 0.02166055 
765 324 10 13 0.021655247 
848 297 13 16 0.021441549 
101 319 8 8 0.02134231 
79 382 10 12 0.021260282 
6 298 10 12 0.021092067 
296 349 11 13 0.021086277 
129 326 8 10 0.021082832 
760 414 10 13 0.021080531 
628 215 15 20 0.020852374 
229 195 14 18 0.02072827 
135 326 8 9 0.020511862 
885 269 11 14 0.020405512 
118 337 8 9 0.020304196 
506 218 44 54 0.02017665 
885 281 15 18 0.020070681 
782 316 12 14 0.020065075 
980 213 10 13 0.020047026 
