0_Parade_marchingband_1_765
1077
316 305 16 19 0.9963993 
606 243 13 17 0.9962373 
452 341 17 22 0.9951167 
501 314 16 20 0.9929905 
492 367 18 22 0.9914848 
458 291 13 17 0.99003977 
307 371 19 23 0.9900068 
194 373 17 20 0.98886687 
845 372 17 22 0.98585004 
405 310 15 19 0.9852105 
248 370 18 22 0.9849076 
893 268 13 18 0.98378146 
340 266 13 17 0.98345023 
611 382 17 21 0.9828198 
397 245 12 15 0.98275536 
806 324 15 18 0.9814176 
368 369 18 22 0.9802752 
650 316 15 19 0.97971857 
538 348 16 20 0.9778217 
553 376 18 23 0.9772519 
905 382 18 23 0.97686905 
420 270 14 16 0.97542036 
113 299 17 21 0.97369486 
833 298 14 17 0.97299623 
664 210 12 16 0.9728124 
350 343 16 20 0.9727552 
428 373 17 22 0.97266686 
858 355 13 17 0.97065735 
615 295 13 18 0.9667458 
253 269 12 16 0.96638006 
286 290 13 17 0.96579283 
691 352 15 19 0.96376824 
500 264 13 17 0.963345 
368 291 14 18 0.9615441 
226 319 14 18 0.96103716 
503 233 13 16 0.960825 
648 267 13 17 0.96036875 
726 381 17 22 0.95946246 
802 253 11 15 0.9591421 
704 230 12 16 0.95762473 
621 348 15 18 0.9555556 
727 313 14 17 0.9530224 
639 234 13 16 0.95128274 
311 248 13 17 0.9508363 
583 314 14 17 0.9441633 
88 323 19 24 0.9388877 
662 377 19 21 0.9377979 
767 353 13 17 0.9366352 
769 293 15 18 0.93368554 
152 381 17 19 0.931774 
569 235 12 15 0.91869676 
783 382 17 20 0.9137156 
688 296 13 17 0.9126607 
542 297 13 16 0.9061965 
487 190 11 13 0.90320766 
285 234 10 13 0.90272015 
541 209 12 15 0.8981086 
441 233 13 17 0.8968644 
413 214 12 14 0.89596236 
536 253 13 17 0.8900993 
655 189 10 13 0.89006823 
714 272 13 17 0.8853673 
567 201 10 14 0.8838485 
244 185 12 16 0.88340855 
630 200 11 14 0.8799194 
510 169 12 15 0.8720749 
464 249 13 16 0.8720655 
351 184 12 14 0.8691509 
759 190 8 11 0.86843634 
913 289 14 19 0.86741436 
786 274 13 16 0.8660434 
763 231 11 14 0.8629073 
549 165 9 12 0.8614859 
598 165 9 11 0.8557825 
256 344 16 19 0.8532521 
397 172 12 14 0.85016906 
203 222 12 15 0.84623694 
505 204 10 14 0.84406835 
457 173 11 14 0.840276 
576 269 12 16 0.83019143 
780 222 10 13 0.8244962 
448 202 11 14 0.8209132 
384 204 10 14 0.8188396 
140 276 13 17 0.81600755 
362 229 12 16 0.8160052 
476 215 11 13 0.8130223 
521 117 19 21 0.8102409 
746 204 9 11 0.80740905 
746 252 11 15 0.798277 
420 191 9 12 0.79510206 
848 225 11 15 0.7774063 
674 246 12 16 0.76686645 
845 259 14 16 0.76290137 
331 217 11 15 0.7615087 
705 167 9 11 0.75778013 
311 204 9 12 0.748946 
232 199 13 17 0.74802387 
259 174 11 14 0.73956114 
488 161 11 14 0.7349333 
329 173 9 12 0.7327489 
628 177 11 15 0.7250718 
601 188 11 14 0.69954187 
433 161 11 14 0.6783001 
568 172 11 14 0.6687765 
717 154 9 12 0.66169 
345 151 9 12 0.6588063 
283 149 10 14 0.64908475 
824 181 10 14 0.62332535 
691 199 11 14 0.6049721 
173 258 13 16 0.60184896 
834 205 11 13 0.58592683 
578 132 17 19 0.5851027 
873 248 11 15 0.5653673 
541 186 12 15 0.56445783 
271 160 11 15 0.558176 
628 150 13 15 0.53860897 
658 166 8 10 0.53636515 
681 128 16 18 0.5263232 
606 209 11 15 0.52170914 
464 146 9 12 0.51580966 
589 294 11 15 0.5071831 
725 215 10 13 0.4998121 
624 129 18 20 0.4953316 
309 129 11 14 0.47086474 
733 182 9 12 0.46487525 
528 293 13 16 0.44076014 
681 182 9 12 0.43062115 
679 154 10 13 0.38173726 
237 275 11 14 0.34322104 
187 244 11 14 0.34188956 
738 160 10 12 0.34037143 
688 233 11 14 0.3386745 
482 338 14 18 0.33548754 
596 129 11 15 0.3317588 
438 189 10 13 0.3070944 
712 192 10 12 0.30037087 
367 162 10 13 0.29624408 
349 297 13 16 0.28982604 
492 217 13 16 0.2798788 
135 308 15 19 0.2795713 
409 151 8 11 0.2769977 
463 114 13 15 0.27302113 
639 167 9 11 0.27216443 
464 200 11 14 0.26468715 
478 285 13 18 0.2637717 
727 252 11 14 0.26286775 
782 318 12 15 0.26099044 
472 179 9 12 0.25814193 
721 217 11 15 0.25528067 
763 270 14 17 0.25212514 
717 192 9 11 0.24532224 
739 341 13 18 0.2411449 
749 314 15 17 0.2346466 
360 167 10 12 0.22710887 
437 309 14 18 0.22403693 
804 158 10 13 0.22139335 
818 353 13 19 0.22108212 
613 214 11 13 0.22010116 
433 197 11 13 0.21583258 
811 359 13 19 0.21490103 
677 197 10 14 0.21301018 
523 146 13 16 0.21299383 
428 135 11 13 0.21268283 
790 150 9 11 0.20751318 
931 348 11 15 0.20629863 
804 361 16 21 0.20424551 
772 126 11 13 0.20217623 
834 210 12 15 0.2001526 
372 159 10 13 0.1980572 
300 143 9 12 0.19528244 
623 324 13 17 0.18981153 
487 250 13 15 0.1889868 
388 290 14 18 0.18848492 
616 192 11 12 0.1848181 
469 199 11 14 0.18183053 
781 141 9 10 0.18055724 
469 148 12 15 0.17871584 
572 149 12 15 0.17830534 
121 379 12 17 0.17791982 
452 199 11 15 0.1772659 
588 129 14 18 0.1672274 
526 226 11 14 0.16361475 
150 334 12 14 0.16253647 
863 229 10 13 0.15786465 
415 250 12 14 0.1568186 
581 167 11 13 0.15430363 
749 236 11 13 0.15393881 
587 227 12 15 0.15241382 
525 204 11 15 0.1500191 
573 297 13 18 0.14961839 
367 190 9 13 0.1485889 
864 293 11 14 0.145113 
281 231 10 14 0.14429529 
597 291 13 17 0.14420165 
461 176 11 14 0.14330702 
320 231 12 13 0.14212577 
164 348 14 17 0.14128868 
204 272 12 14 0.1403829 
778 209 8 9 0.13952877 
255 221 10 13 0.1365937 
545 211 13 16 0.13637067 
693 137 13 15 0.13617879 
831 235 10 12 0.13562754 
398 204 10 14 0.13401358 
168 326 11 15 0.13373968 
584 202 12 15 0.13227913 
733 269 12 15 0.13167806 
683 134 18 19 0.13141118 
323 235 11 13 0.13003276 
200 255 10 12 0.12979904 
571 197 11 15 0.12912196 
477 126 12 15 0.12898083 
389 330 15 19 0.12545507 
689 173 11 13 0.12468788 
719 260 12 15 0.124636635 
594 165 9 12 0.12430935 
775 133 10 12 0.12304631 
635 199 11 13 0.12134331 
933 313 17 20 0.12113948 
633 131 15 18 0.12045823 
416 196 10 12 0.120199405 
233 271 9 13 0.11993133 
455 235 10 14 0.11835673 
295 220 10 13 0.11753276 
217 301 9 12 0.11750259 
878 270 10 13 0.11387145 
257 245 9 12 0.11373802 
286 205 8 11 0.11338291 
477 175 11 15 0.11273646 
283 333 12 16 0.11098072 
367 269 12 16 0.110808834 
822 255 10 14 0.10969846 
733 288 16 18 0.10918204 
462 229 12 14 0.10886032 
263 240 8 12 0.1085604 
375 268 12 16 0.10620027 
703 200 8 10 0.10572683 
389 187 11 13 0.1055777 
760 145 9 11 0.10548743 
286 276 11 14 0.10466478 
365 181 9 11 0.104283184 
853 361 15 18 0.10369583 
423 174 10 12 0.1033286 
796 306 13 15 0.10316358 
334 180 10 12 0.10297684 
568 331 13 17 0.10277645 
717 251 13 16 0.10254572 
318 151 10 12 0.10207681 
421 157 10 13 0.10204807 
703 205 9 11 0.102022596 
173 282 12 14 0.10135904 
303 189 9 13 0.10065705 
740 182 10 13 0.0999614 
481 190 10 13 0.0996689 
829 253 11 14 0.09905924 
222 267 10 13 0.09897407 
446 268 12 16 0.09832152 
837 348 15 21 0.09819209 
415 157 11 11 0.09613075 
677 188 11 14 0.09521928 
174 316 12 15 0.09480071 
807 182 9 12 0.094621316 
769 158 10 12 0.094320334 
530 128 17 19 0.09428973 
536 206 13 15 0.09343028 
817 258 11 14 0.092994645 
781 215 9 12 0.092865795 
304 164 8 11 0.092566796 
366 137 11 15 0.09250592 
414 124 13 15 0.09236971 
270 275 11 14 0.0920321 
301 452 13 17 0.091881715 
645 213 11 14 0.09131066 
534 158 10 12 0.09088383 
472 158 10 11 0.09011015 
422 316 13 16 0.089289315 
302 159 9 12 0.08914675 
262 165 12 15 0.0886542 
610 206 13 15 0.08854228 
443 187 12 14 0.087959684 
537 181 11 14 0.087645784 
637 173 11 14 0.08684615 
487 214 11 13 0.08678706 
704 191 9 11 0.08647188 
468 289 13 19 0.086442806 
407 202 11 13 0.086327314 
412 152 11 13 0.08630844 
347 110 13 15 0.08558821 
655 349 13 16 0.084841706 
356 132 14 17 0.08467208 
279 188 9 11 0.08465911 
718 173 10 13 0.08411107 
695 283 13 14 0.083203435 
383 187 11 13 0.08311437 
302 290 13 16 0.08281329 
477 207 11 13 0.08273352 
455 168 10 13 0.082646206 
588 232 12 18 0.082472265 
380 260 15 19 0.082251854 
205 260 10 12 0.08174234 
196 294 10 13 0.08128605 
476 149 13 15 0.0811303 
863 325 11 16 0.08013406 
732 216 10 11 0.07988641 
726 208 9 11 0.07945798 
438 270 11 15 0.07928255 
839 251 14 19 0.077816054 
431 292 12 15 0.07715886 
455 141 10 13 0.07689918 
364 222 12 15 0.0766277 
533 296 13 16 0.07506088 
725 230 9 12 0.07505615 
745 235 10 14 0.075032204 
831 247 10 13 0.07502869 
398 158 9 12 0.07478892 
392 182 10 13 0.074784 
751 290 12 15 0.07472042 
720 209 8 10 0.074617885 
294 215 9 12 0.07445185 
523 236 12 17 0.0740332 
382 253 13 15 0.07389267 
261 198 9 13 0.07319021 
429 179 11 14 0.07317898 
272 221 9 13 0.07308638 
694 277 12 14 0.07297685 
294 174 8 11 0.07290411 
804 300 13 16 0.072352625 
696 180 11 14 0.0720602 
305 199 9 11 0.07147095 
838 247 11 14 0.07134139 
735 199 8 11 0.07106369 
735 187 8 11 0.07045619 
430 299 12 15 0.06939376 
599 207 12 14 0.068877965 
735 175 10 12 0.06887384 
279 274 12 14 0.06885323 
334 167 9 11 0.06883155 
532 226 12 15 0.068796545 
750 299 12 15 0.06819736 
372 329 14 19 0.06816807 
642 130 13 18 0.06789172 
786 148 9 12 0.06756031 
271 245 9 13 0.067420244 
621 215 9 12 0.06724288 
715 324 12 14 0.06721002 
628 286 11 14 0.06701233 
755 285 13 17 0.06630885 
791 154 10 12 0.06617811 
811 317 14 19 0.065603085 
318 183 8 11 0.06538393 
355 126 12 15 0.06531612 
431 214 11 13 0.06524965 
622 266 12 15 0.064883575 
342 168 9 11 0.06487317 
421 182 11 12 0.06475053 
291 230 11 14 0.06424643 
535 174 11 14 0.064029604 
506 209 13 16 0.063557856 
544 159 11 13 0.06320988 
582 295 13 18 0.06291503 
887 300 9 13 0.0628932 
713 214 9 12 0.06256726 
375 190 10 13 0.0625617 
467 109 14 16 0.062393747 
713 331 15 16 0.06188205 
391 168 11 13 0.061754566 
475 104 16 18 0.0613322 
706 336 16 19 0.061280597 
222 245 10 12 0.06124437 
318 188 9 12 0.061187234 
633 233 11 16 0.061133765 
462 120 14 18 0.06091189 
673 151 9 12 0.06086974 
636 156 13 15 0.06076309 
427 453 13 16 0.060710337 
443 273 13 17 0.06062077 
869 277 11 14 0.060619723 
406 283 13 16 0.06048065 
279 199 10 12 0.060440972 
413 118 11 13 0.060428843 
413 206 12 14 0.060236253 
334 362 14 19 0.059662335 
774 330 13 17 0.059474457 
831 377 12 17 0.059102736 
766 288 14 17 0.058722958 
249 222 9 12 0.058671918 
590 200 11 14 0.058528077 
217 245 10 11 0.058198176 
345 183 10 13 0.058123894 
689 168 9 12 0.05810688 
814 310 12 15 0.058029845 
351 311 13 18 0.057263702 
787 315 13 17 0.057113927 
731 246 11 14 0.05705818 
236 341 13 18 0.05699358 
574 167 12 15 0.056848172 
420 151 11 13 0.05670498 
557 290 13 17 0.05656992 
240 230 10 12 0.05647408 
354 296 16 18 0.056330666 
646 206 9 11 0.05626915 
420 218 11 13 0.055899866 
472 163 10 13 0.055665113 
589 259 13 17 0.055585984 
815 207 9 11 0.05543562 
180 316 12 15 0.05540047 
591 361 12 17 0.055345092 
510 356 14 19 0.05531505 
150 349 12 17 0.055219345 
300 221 10 13 0.05465271 
384 167 10 12 0.054433003 
209 347 12 18 0.054273598 
431 191 11 13 0.054264642 
167 318 11 14 0.054232858 
276 223 9 11 0.054115523 
408 356 13 18 0.053952903 
687 269 12 16 0.053946428 
781 252 12 16 0.053924825 
652 253 13 14 0.05386898 
647 181 11 13 0.053847726 
795 460 12 14 0.053489774 
437 215 10 13 0.053257056 
662 263 11 14 0.053024232 
239 222 8 10 0.05298979 
732 374 14 18 0.05289574 
593 255 10 13 0.05278445 
485 124 13 15 0.052708592 
246 238 8 11 0.052657716 
157 347 15 19 0.05264084 
446 164 9 13 0.052554596 
624 197 12 15 0.052543174 
606 291 14 18 0.052495718 
831 276 11 14 0.052281108 
510 301 11 14 0.05223859 
774 237 10 12 0.052029382 
342 213 10 13 0.0519685 
760 224 11 12 0.051586803 
556 284 12 15 0.051439352 
697 348 14 20 0.05135039 
162 466 16 18 0.05131041 
381 291 13 17 0.051116306 
423 137 13 16 0.0511127 
374 249 13 15 0.05104644 
148 445 16 17 0.05094902 
462 221 11 13 0.050915882 
692 267 14 17 0.050876755 
774 269 10 15 0.0507979 
485 235 12 15 0.050797522 
614 171 13 15 0.05076098 
678 215 10 12 0.05075299 
798 222 8 10 0.05070084 
430 173 10 13 0.050598133 
255 251 10 13 0.050478138 
383 173 10 12 0.050443344 
448 138 12 15 0.050427698 
542 173 11 13 0.050002776 
493 300 12 16 0.049962256 
540 194 14 17 0.04982259 
191 269 10 14 0.049705673 
792 237 10 12 0.049055904 
700 318 11 14 0.049000006 
289 214 9 12 0.048659064 
344 298 12 18 0.048579946 
517 315 11 15 0.04853386 
311 183 8 11 0.048463665 
615 328 14 17 0.04845342 
364 474 15 19 0.048380136 
735 204 8 11 0.048190262 
685 245 11 14 0.048176214 
372 218 11 14 0.048150495 
469 121 14 18 0.04813946 
532 150 12 14 0.048121884 
384 234 12 16 0.048001014 
661 172 10 12 0.047981467 
342 205 10 13 0.047878247 
487 228 11 14 0.047436815 
582 178 10 13 0.047423545 
334 198 11 14 0.047398534 
708 223 11 14 0.047320854 
182 322 11 14 0.047273986 
597 226 12 17 0.04725075 
515 251 13 16 0.047018755 
864 276 11 15 0.046970587 
914 381 14 18 0.04696669 
635 390 12 15 0.046864633 
597 357 11 16 0.04685354 
360 160 10 11 0.046491932 
621 230 13 16 0.04643993 
406 178 10 13 0.046421163 
363 172 11 15 0.04611242 
798 214 8 10 0.04610583 
388 199 11 14 0.046098437 
286 200 9 11 0.046063434 
240 236 9 11 0.045993064 
777 227 11 13 0.04594574 
749 200 9 11 0.04560779 
491 193 12 15 0.04544032 
237 282 12 14 0.04541538 
213 389 14 18 0.045399304 
726 270 11 15 0.04532148 
703 213 11 13 0.045275975 
719 236 11 13 0.045171104 
790 300 13 16 0.04517057 
492 183 13 15 0.04511738 
710 171 10 14 0.0451015 
263 302 11 14 0.045071363 
603 183 12 14 0.04502454 
695 230 11 14 0.044913903 
189 249 12 16 0.04490078 
222 287 9 12 0.044800386 
683 156 12 14 0.044758145 
864 286 12 14 0.044573974 
528 155 11 13 0.044573892 
533 164 10 12 0.044356868 
271 238 9 13 0.044342503 
217 295 9 12 0.04410445 
308 286 13 17 0.043998707 
509 477 11 16 0.043964785 
725 258 11 14 0.04380676 
487 464 12 17 0.043789785 
775 193 9 10 0.043780025 
528 165 11 13 0.04374189 
602 363 15 18 0.04368082 
398 477 10 14 0.043599486 
774 165 8 11 0.04344861 
790 307 12 16 0.043331612 
424 235 11 13 0.043241926 
690 302 14 18 0.043133114 
767 150 10 12 0.043095246 
230 247 9 12 0.04309312 
413 261 15 18 0.042962376 
180 310 11 14 0.042867906 
367 453 13 16 0.0428521 
572 242 12 16 0.042783838 
741 188 9 11 0.042606585 
417 186 16 21 0.042269945 
653 229 11 15 0.042236544 
328 198 11 15 0.042176247 
677 229 13 15 0.042175863 
326 155 10 12 0.04217313 
430 247 11 14 0.04202951 
769 358 15 19 0.04200497 
765 191 8 11 0.04189173 
533 196 13 16 0.04168188 
289 220 11 14 0.041665424 
679 176 11 13 0.04151362 
450 266 14 16 0.041407537 
662 183 10 12 0.041114356 
259 273 12 17 0.04092645 
565 292 14 20 0.040771294 
546 185 14 17 0.040660426 
309 165 9 11 0.04030916 
712 250 12 15 0.040046312 
490 121 15 17 0.040019672 
739 284 14 18 0.039884992 
368 214 11 14 0.039838813 
-27 268 421 420 0.03973286 
215 287 10 11 0.03970482 
431 202 12 14 0.03956621 
245 229 9 11 0.03951504 
575 191 10 13 0.03950495 
211 352 15 18 0.039466444 
630 388 12 16 0.03946296 
315 198 11 14 0.039294966 
420 119 11 11 0.03925659 
575 125 16 18 0.039190102 
777 175 8 11 0.03918591 
595 159 17 23 0.039125856 
207 340 12 15 0.03910006 
783 175 8 10 0.039071865 
309 138 11 14 0.038998403 
629 250 12 15 0.038688373 
821 485 16 15 0.038666 
300 330 15 18 0.03862224 
239 245 9 12 0.03860989 
192 260 10 13 0.03847434 
818 316 13 17 0.03829125 
479 244 10 14 0.038174964 
519 222 11 14 0.038111888 
716 244 13 17 0.03799462 
272 229 9 12 0.03791565 
337 188 10 13 0.037784085 
428 313 14 19 0.037683655 
548 218 13 15 0.037634447 
256 168 18 23 0.03754328 
408 116 10 11 0.03749014 
417 165 10 12 0.03747805 
320 350 10 14 0.03742319 
273 205 9 11 0.03741891 
287 353 13 16 0.037396945 
180 251 12 17 0.037374485 
734 154 19 23 0.037297156 
276 156 11 15 0.037286796 
822 224 9 11 0.03728292 
669 173 12 14 0.03725143 
676 236 12 15 0.037163436 
271 251 12 15 0.03711612 
813 234 12 15 0.037075035 
423 298 12 17 0.03698811 
645 174 10 13 0.03673903 
905 332 9 12 0.036711346 
326 169 18 22 0.03667083 
613 376 14 17 0.036343522 
700 277 11 14 0.036316328 
265 158 13 15 0.036282875 
790 176 9 10 0.036047377 
609 239 14 17 0.036003515 
716 164 12 14 0.035989273 
278 214 9 12 0.035977334 
143 332 13 17 0.035757054 
388 208 11 15 0.03569658 
580 246 12 15 0.035673235 
653 184 17 22 0.035649016 
692 245 12 13 0.035646975 
566 168 18 23 0.035576213 
349 247 13 14 0.035468824 
527 172 11 14 0.035455335 
293 444 15 20 0.035325427 
311 174 8 10 0.03530633 
696 189 9 13 0.035282325 
823 195 9 11 0.035244618 
717 182 10 11 0.035227776 
905 357 11 14 0.03516945 
797 367 15 21 0.035116512 
458 147 9 11 0.0350923 
808 235 11 13 0.035067767 
305 455 14 19 0.034976233 
221 292 11 14 0.03491675 
302 236 11 13 0.034832537 
862 270 11 14 0.034810297 
493 308 15 19 0.03477197 
207 303 9 11 0.034728438 
816 224 10 11 0.034403846 
165 72 25 29 0.03427309 
891 298 12 15 0.034215346 
711 208 9 10 0.03419652 
687 252 10 14 0.034187432 
366 323 15 20 0.03416779 
261 214 11 14 0.034156777 
324 354 13 17 0.03412877 
669 166 11 13 0.03412668 
675 315 14 17 0.03412662 
232 284 10 13 0.034054063 
728 176 9 12 0.03403512 
868 331 11 16 0.034029145 
501 460 14 18 0.033880774 
645 219 12 14 0.033868663 
219 299 12 16 0.03377371 
656 170 10 13 0.033598196 
844 298 11 15 0.033317503 
518 242 13 16 0.03322242 
714 338 16 20 0.033212945 
545 159 17 23 0.033190712 
374 149 9 12 0.033180658 
790 221 9 11 0.03317847 
570 346 16 21 0.0331278 
327 253 11 15 0.03311888 
786 376 17 19 0.03307299 
728 199 9 10 0.0330266 
258 335 14 18 0.03300395 
183 239 18 23 0.032993842 
627 317 13 18 0.03296603 
773 151 10 12 0.032912288 
730 319 14 18 0.032879416 
599 298 12 17 0.03276997 
816 229 11 14 0.03270531 
399 199 9 13 0.032630462 
515 461 18 21 0.032607503 
175 355 11 15 0.03258781 
335 158 9 11 0.032578878 
171 349 11 15 0.032562546 
506 198 13 16 0.032463446 
332 251 13 16 0.03243627 
815 274 11 14 0.03242086 
574 177 11 14 0.032272205 
278 144 18 23 0.03224544 
248 453 11 13 0.03217693 
341 197 10 13 0.03216289 
517 156 11 13 0.03199595 
579 264 15 18 0.031976875 
326 268 13 15 0.031953283 
192 339 12 15 0.031951815 
542 322 13 18 0.031942435 
207 308 10 13 0.031924047 
783 168 7 9 0.03191264 
772 336 14 20 0.03182149 
614 227 14 17 0.031706057 
566 275 11 14 0.03167634 
673 193 9 11 0.031646013 
357 480 16 18 0.031631373 
925 373 9 12 0.031613424 
918 334 9 11 0.031573918 
908 376 14 18 0.031491883 
342 304 13 19 0.03139753 
205 282 11 14 0.03139712 
190 322 11 15 0.031190854 
454 160 9 11 0.031161232 
738 363 14 19 0.03115835 
838 235 9 11 0.031148523 
629 330 13 16 0.031043874 
486 206 11 13 0.031038774 
215 262 10 12 0.030997507 
518 268 12 14 0.03089739 
756 386 16 22 0.030786103 
838 221 10 13 0.030742673 
291 275 12 17 0.030734925 
567 153 11 15 0.030704312 
620 283 15 18 0.03064294 
775 259 12 15 0.030608458 
701 266 14 18 0.030584348 
298 156 9 13 0.030580224 
347 154 11 13 0.030579295 
437 285 12 16 0.030516375 
492 246 12 15 0.030453922 
268 138 15 16 0.030386008 
286 187 10 12 0.030361414 
456 108 11 14 0.030341556 
636 338 12 16 0.030289184 
294 268 11 15 0.030249914 
743 199 17 22 0.030231869 
662 233 12 17 0.030174479 
343 235 11 13 0.030119795 
460 523 12 15 0.03009047 
768 119 22 24 0.030083185 
345 261 13 17 0.030080672 
603 164 12 14 0.030039031 
415 174 10 12 0.029997034 
510 160 11 13 0.02999155 
647 371 14 19 0.029858127 
851 265 12 16 0.02983975 
877 333 12 15 0.02981308 
658 315 13 18 0.02981216 
523 313 15 18 0.029725451 
837 340 13 17 0.02967644 
854 309 10 14 0.029567948 
670 231 11 14 0.029548045 
878 293 12 16 0.029465748 
847 317 13 16 0.029370043 
191 226 11 15 0.029030604 
686 330 13 17 0.02901664 
374 196 10 13 0.029014787 
825 245 10 12 0.028941019 
886 319 10 13 0.028883303 
852 320 13 17 0.028882032 
580 190 10 12 0.028841374 
629 264 13 17 0.028840508 
262 226 10 13 0.028727613 
815 200 8 10 0.028653141 
426 262 14 18 0.02857927 
672 180 11 13 0.028538289 
557 186 13 16 0.02849197 
799 197 8 10 0.028474338 
401 150 8 11 0.028447287 
864 262 9 12 0.02832407 
350 379 12 16 0.0283146 
879 340 11 13 0.028250359 
461 214 11 13 0.02818863 
703 332 13 18 0.028175632 
661 161 10 11 0.028151225 
728 187 9 12 0.028089846 
199 285 10 13 0.028010998 
662 196 10 13 0.027947221 
455 251 12 15 0.027900042 
656 211 12 16 0.027836138 
487 306 14 18 0.027812662 
764 341 15 19 0.027807426 
381 330 14 19 0.02778516 
413 426 24 27 0.027693396 
398 229 12 14 0.027671779 
419 354 15 18 0.027641103 
352 175 11 13 0.027640495 
694 322 13 16 0.027612045 
310 188 10 13 0.027604079 
929 330 11 14 0.027596042 
196 323 10 14 0.02758915 
257 203 11 13 0.027586823 
394 336 16 20 0.027584124 
806 388 12 16 0.027545849 
222 239 8 11 0.027527709 
465 156 9 12 0.027527425 
222 250 10 14 0.02748737 
652 361 14 19 0.027486669 
559 228 12 16 0.027480233 
542 330 13 19 0.027446942 
645 395 14 17 0.02744349 
599 221 11 14 0.027395563 
416 182 9 12 0.027369289 
518 210 12 15 0.027320528 
273 188 11 13 0.027315104 
783 311 12 15 0.027299682 
266 398 17 19 0.0272711 
801 192 8 9 0.027264029 
654 291 12 14 0.027251247 
295 330 12 17 0.02723732 
357 196 11 14 0.027222877 
543 226 232 226 0.027162496 
691 125 13 17 0.02709636 
695 167 9 11 0.02708277 
808 206 10 12 0.027073987 
753 148 9 12 0.027001407 
836 284 13 16 0.026923532 
461 167 11 15 0.026921315 
775 244 11 13 0.026901297 
779 123 14 16 0.026892306 
571 362 15 20 0.02689057 
216 253 9 12 0.02686893 
916 308 11 14 0.026857013 
234 317 14 17 0.026791925 
551 226 12 15 0.026741274 
402 250 13 16 0.026690533 
171 331 11 14 0.026679661 
527 179 11 14 0.026650175 
409 125 11 13 0.02664855 
228 353 14 18 0.026619911 
477 195 11 14 0.026579367 
698 135 10 13 0.026539296 
148 446 25 27 0.026536731 
908 362 13 15 0.026513461 
475 115 15 17 0.026386756 
699 290 13 17 0.026343554 
517 339 14 17 0.026329773 
352 168 10 11 0.02628449 
806 152 9 11 0.026133154 
234 220 9 11 0.026096402 
559 277 12 15 0.026076134 
231 298 12 15 0.02606579 
759 261 12 15 0.026024703 
754 318 15 19 0.025951697 
780 236 12 13 0.025927655 
939 452 14 14 0.025926463 
154 451 27 31 0.025856303 
231 346 14 17 0.025817858 
807 230 10 13 0.025756441 
710 317 13 16 0.02575613 
599 308 11 15 0.025721908 
667 290 14 17 0.025624093 
420 246 13 15 0.0256028 
390 535 12 14 0.025602028 
634 149 12 15 0.025596982 
676 339 14 18 0.02559114 
844 248 11 13 0.02556169 
461 142 18 23 0.025517503 
749 211 10 13 0.025505612 
782 279 13 17 0.02548982 
431 29 57 66 0.025430063 
261 189 10 14 0.02542186 
429 228 12 16 0.025398014 
248 256 8 10 0.025392048 
468 324 12 17 0.02538722 
733 235 13 15 0.025371674 
477 342 17 23 0.025364667 
659 352 13 18 0.025358863 
295 207 9 11 0.025250804 
548 331 14 18 0.025232278 
445 221 11 14 0.02520366 
270 182 11 13 0.02513953 
478 162 12 16 0.025075682 
499 187 13 16 0.025065212 
389 237 12 15 0.025043234 
479 237 11 15 0.02504121 
446 207 13 16 0.025021821 
849 254 14 16 0.0249771 
307 199 19 23 0.024962245 
194 431 19 21 0.024945516 
819 323 12 16 0.02488319 
777 217 16 22 0.024859328 
865 252 10 13 0.024855558 
234 271 20 23 0.024854379 
227 312 14 17 0.02484927 
417 151 19 23 0.024808852 
272 214 9 12 0.024785144 
756 183 18 25 0.024762692 
392 157 11 14 0.024757221 
699 299 12 16 0.02474115 
296 197 8 12 0.024696104 
795 276 11 13 0.02469459 
422 309 12 16 0.024652107 
486 157 19 22 0.02462222 
368 154 18 22 0.024603039 
467 227 13 16 0.024557898 
178 292 12 15 0.024543764 
480 146 21 23 0.024517685 
216 206 10 12 0.024483763 
269 259 10 13 0.024435978 
254 307 12 15 0.024420647 
134 331 12 15 0.02441565 
605 285 13 17 0.024393702 
341 252 14 16 0.02439151 
591 210 11 14 0.024367096 
455 221 12 14 0.024291253 
576 250 12 14 0.024274196 
404 229 12 15 0.024251014 
580 362 14 18 0.024231872 
323 274 14 15 0.024205863 
828 347 14 20 0.024204805 
519 199 11 13 0.024185885 
774 133 22 24 0.024183717 
257 167 11 14 0.024166582 
405 166 11 14 0.024157671 
507 459 15 19 0.024090417 
538 247 15 18 0.024076723 
791 261 12 15 0.024050362 
312 101 13 16 0.024044318 
399 117 10 12 0.024003377 
870 258 11 14 0.023938179 
719 316 12 16 0.023936544 
477 266 12 14 0.02387409 
670 339 13 17 0.023865921 
194 299 10 13 0.023848489 
768 195 8 11 0.02383352 
578 144 15 18 0.023832705 
768 460 12 14 0.023820875 
926 301 12 15 0.023817034 
590 181 10 12 0.02379467 
606 216 13 15 0.023783743 
435 301 14 17 0.02377953 
342 144 18 23 0.023741947 
387 260 12 16 0.023728957 
684 121 13 14 0.023714181 
837 278 11 12 0.023681179 
410 122 23 24 0.023648083 
735 458 14 18 0.023530206 
821 269 13 15 0.02351774 
669 316 12 16 0.023497425 
159 326 10 14 0.023479773 
301 315 12 15 0.023474095 
433 184 19 23 0.02341108 
303 213 9 12 0.023402248 
615 180 12 14 0.02339947 
305 126 19 23 0.023390358 
405 45 94 113 0.023325754 
821 228 12 15 0.023315247 
358 204 12 14 0.02328668 
285 79 30 31 0.023283161 
175 235 11 15 0.023283063 
248 263 10 13 0.023282541 
391 251 11 14 0.023247285 
550 236 12 16 0.023183458 
708 344 16 20 0.023162482 
168 277 13 17 0.02314626 
562 203 11 15 0.02314597 
549 276 13 15 0.023118129 
858 224 19 24 0.023108365 
348 62 119 145 0.023086682 
471 128 14 17 0.023073621 
824 235 11 15 0.023062533 
683 148 13 15 0.023057781 
479 226 11 16 0.023052381 
736 321 212 233 0.022983128 
174 362 14 18 0.0229801 
747 385 15 22 0.022941789 
871 270 10 13 0.022913529 
596 261 11 14 0.022910252 
186 419 23 27 0.0228492 
691 250 13 16 0.022848625 
829 330 13 15 0.022814253 
346 539 11 14 0.022771694 
490 459 17 21 0.022758074 
335 108 12 15 0.02275503 
743 314 13 17 0.022742033 
563 284 12 16 0.022741277 
683 337 15 20 0.022704411 
396 284 14 18 0.022683354 
765 143 10 11 0.02262555 
251 188 12 16 0.0226252 
516 346 15 19 0.022553748 
454 189 11 13 0.022502413 
325 364 15 20 0.022485001 
676 342 20 25 0.022483274 
627 342 14 18 0.022451323 
216 269 9 12 0.022429602 
380 314 13 16 0.022402758 
534 342 16 21 0.02239688 
822 207 9 13 0.022381242 
928 338 18 25 0.022336086 
797 151 11 13 0.022308195 
895 310 10 12 0.02228497 
686 261 12 15 0.022275534 
340 219 11 14 0.02215014 
599 237 13 17 0.022137785 
947 384 17 18 0.022087567 
313 157 10 13 0.02208564 
828 270 10 14 0.022078715 
821 176 17 24 0.022037031 
744 210 10 13 0.02193829 
752 268 13 16 0.021934485 
248 272 12 17 0.021931328 
782 197 8 10 0.021925766 
470 277 14 17 0.021854248 
558 167 10 13 0.021823322 
143 435 25 29 0.021821117 
493 292 12 15 0.021756714 
661 290 14 16 0.021748926 
403 289 16 19 0.021729933 
172 341 10 14 0.02169062 
247 244 9 12 0.021687249 
167 79 14 18 0.021583702 
879 348 10 13 0.021576967 
527 188 10 13 0.021571279 
371 139 10 15 0.02156103 
93 412 14 16 0.021560527 
972 364 29 31 0.021546217 
221 354 13 18 0.02154299 
533 315 12 17 0.021466378 
437 459 15 19 0.021453211 
742 220 10 12 0.021445015 
342 244 13 17 0.021433702 
571 337 13 18 0.021415263 
166 291 14 18 0.021401292 
678 285 12 15 0.021357702 
797 293 14 16 0.021339808 
764 261 14 16 0.021316735 
559 156 12 15 0.021311516 
317 130 11 14 0.021307606 
441 107 15 17 0.021278333 
316 212 11 13 0.021277877 
653 299 15 18 0.021262709 
244 340 15 18 0.021233749 
379 204 10 14 0.021219406 
411 369 23 25 0.021218449 
797 356 17 22 0.021196067 
740 174 9 12 0.02115412 
546 340 15 20 0.021153785 
212 276 11 14 0.021138407 
365 203 12 15 0.021119198 
589 171 12 15 0.021109844 
461 128 14 18 0.021106947 
728 139 13 16 0.021096101 
493 227 13 17 0.02109177 
604 194 14 15 0.021070566 
796 316 14 18 0.021062812 
595 314 13 17 0.021048665 
499 219 13 16 0.021046668 
451 409 17 20 0.021004496 
469 234 12 16 0.020922763 
917 342 11 14 0.020898571 
510 219 12 16 0.02089345 
738 380 13 20 0.020864831 
796 268 11 14 0.02083531 
768 175 9 11 0.020779576 
675 150 19 22 0.020757599 
834 431 19 21 0.020717917 
784 141 21 25 0.020687802 
304 183 9 13 0.020671893 
380 242 15 18 0.020649126 
364 534 14 16 0.020648621 
915 356 11 14 0.020593874 
197 247 10 12 0.020527048 
255 177 12 16 0.0205061 
473 190 10 14 0.02050367 
654 160 18 23 0.02050137 
694 340 13 18 0.020478662 
273 198 9 13 0.02044948 
349 139 13 16 0.020435017 
349 204 11 14 0.020371579 
155 339 14 18 0.020370075 
726 291 14 16 0.020354334 
581 120 13 16 0.020336658 
174 377 12 16 0.020313649 
561 171 10 13 0.020287212 
180 299 11 14 0.020280255 
844 353 15 18 0.020264307 
654 285 11 14 0.020203114 
250 458 13 18 0.02019138 
732 298 16 19 0.020174045 
654 369 19 25 0.020159256 
532 232 13 17 0.020153139 
684 190 12 14 0.020152295 
409 217 12 15 0.02014243 
246 474 13 20 0.020131718 
313 124 13 17 0.020124236 
482 101 13 16 0.020122478 
484 278 13 16 0.020109627 
918 374 12 16 0.02008286 
878 323 12 14 0.02004906 
297 166 9 11 0.020033095 
248 215 9 12 0.020011 
