0_Parade_marchingband_1_355
74
563 83 29 46 0.99888366 
455 109 26 37 0.9969194 
689 102 42 54 0.9960532 
885 106 29 39 0.9956791 
815 176 31 41 0.99418604 
537 112 17 22 0.57149273 
352 106 25 30 0.5706697 
342 111 28 34 0.28818095 
814 125 23 28 0.16607702 
963 109 11 16 0.13365361 
907 83 24 28 0.12978293 
139 53 13 16 0.11561074 
696 55 10 14 0.09475218 
983 164 13 15 0.09020705 
326 12 28 36 0.08836856 
533 86 9 11 0.074381396 
584 163 37 50 0.071924694 
205 61 13 18 0.071390115 
333 119 30 35 0.071153425 
331 113 48 58 0.067620404 
988 184 16 20 0.06201745 
464 167 38 48 0.054897863 
898 88 41 49 0.054586135 
513 153 15 19 0.054007422 
772 237 12 15 0.048984464 
429 126 8 11 0.048365686 
542 100 26 34 0.047800973 
959 102 19 27 0.047466192 
789 108 14 17 0.04277295 
338 128 18 21 0.042553674 
111 324 9 12 0.039613344 
810 81 13 17 0.037449434 
658 111 13 16 0.037033442 
422 119 10 13 0.036682192 
750 127 31 35 0.03651074 
965 62 13 18 0.03636413 
660 112 24 32 0.03631969 
161 37 11 14 0.035830587 
928 130 17 22 0.03576772 
379 124 12 15 0.03569396 
196 57 23 28 0.035263356 
120 301 8 9 0.03390854 
922 103 27 36 0.03384756 
125 84 15 19 0.033639375 
191 2 31 33 0.033153255 
423 124 11 15 0.029891308 
867 135 14 19 0.02984909 
549 88 29 37 0.029697176 
563 42 13 19 0.0288751 
106 303 7 9 0.028696617 
124 77 25 31 0.028570047 
981 160 20 26 0.027997596 
333 125 14 18 0.02794125 
408 162 12 17 0.027441846 
436 51 10 12 0.027347732 
136 47 12 15 0.026895618 
594 112 16 21 0.02627421 
590 105 29 33 0.025735926 
389 120 15 18 0.025284631 
196 77 15 20 0.024733005 
201 8 17 21 0.024490958 
336 136 12 16 0.02437963 
367 103 26 31 0.02310903 
126 301 8 9 0.022422284 
73 303 7 10 0.022219807 
530 97 23 30 0.02218909 
179 0 17 15 0.02186982 
429 120 10 11 0.02112755 
178 1 31 31 0.020805402 
777 104 25 31 0.020787477 
147 46 11 14 0.020286264 
117 51 11 14 0.020169986 
415 116 11 16 0.02012567 
327 129 13 16 0.02002214 
