0_Parade_marchingband_1_172
731
245 167 31 40 0.9985964 
747 124 24 31 0.9980222 
852 181 31 36 0.996445 
569 240 40 50 0.9962535 
113 83 24 30 0.9895403 
509 144 24 30 0.98695683 
375 107 22 28 0.9811513 
872 103 18 21 0.96616155 
68 32 15 18 0.9609315 
605 47 15 18 0.9576429 
988 130 18 22 0.9512223 
651 104 19 24 0.94432354 
930 86 16 21 0.94142216 
925 36 13 16 0.9397761 
713 100 18 22 0.93354267 
524 94 19 23 0.93326557 
305 76 18 23 0.9298978 
653 41 13 17 0.9208273 
674 181 24 29 0.9122416 
494 109 20 25 0.91194546 
542 68 15 19 0.90675056 
406 63 15 20 0.90290874 
563 131 22 28 0.8943108 
280 94 19 24 0.893336 
250 47 16 20 0.89243394 
697 138 23 27 0.89002866 
811 78 16 20 0.88851285 
253 93 20 26 0.88732857 
73 81 18 24 0.8851071 
204 115 18 21 0.8832217 
229 84 18 24 0.88187 
589 77 15 18 0.8803765 
945 127 20 24 0.8782382 
372 82 18 22 0.86831355 
842 99 18 23 0.8594998 
201 36 14 17 0.8465586 
865 602 119 140 0.84619623 
439 106 21 23 0.84282154 
489 68 17 21 0.8287396 
787 45 13 16 0.8277785 
779 101 21 27 0.8273539 
278 171 23 32 0.8272594 
560 48 16 22 0.8270051 
172 81 18 22 0.8139336 
466 38 14 17 0.8124119 
197 95 18 22 0.80890495 
442 70 18 22 0.8041723 
0 32 12 21 0.80056757 
840 27 11 14 0.7967424 
330 88 17 23 0.7966226 
997 33 14 18 0.79621994 
113 27 14 17 0.7387326 
1005 74 17 21 0.7258048 
902 36 12 16 0.72237384 
951 55 13 16 0.7214262 
382 13 11 15 0.7009282 
331 119 20 27 0.70080626 
696 74 14 19 0.6934103 
675 53 14 18 0.6825085 
565 18 12 16 0.6800549 
780 187 29 34 0.6718161 
742 46 13 15 0.66618913 
647 75 15 19 0.655011 
882 166 23 31 0.6531518 
823 22 10 13 0.6471454 
892 141 18 22 0.6324455 
0 3 11 17 0.6155387 
872 75 11 15 0.6109593 
956 85 15 18 0.59800816 
728 34 11 15 0.59534395 
486 4 14 17 0.59468764 
630 46 12 14 0.5921196 
17 5 12 14 0.5900351 
71 2 14 18 0.58684224 
47 9 15 19 0.58382434 
0 107 21 31 0.57798874 
315 20 13 17 0.5757222 
376 42 13 16 0.57450885 
428 12 13 17 0.573176 
579 32 13 17 0.52831304 
146 0 15 18 0.5257425 
631 25 13 15 0.50725573 
277 155 24 33 0.50681037 
461 8 15 18 0.50504893 
907 99 15 19 0.5046643 
797 20 11 15 0.5035358 
286 39 14 16 0.50272715 
579 5 11 13 0.49743232 
594 111 20 25 0.49431747 
49 72 15 18 0.49068287 
968 117 17 22 0.48373067 
317 11 13 16 0.48230565 
127 20 13 16 0.45797494 
87 15 12 14 0.45694143 
607 149 20 25 0.45232195 
511 67 14 20 0.4486802 
114 63 18 19 0.4439153 
812 34 10 14 0.42697674 
402 10 13 17 0.42498732 
505 48 15 18 0.40628964 
210 66 13 16 0.3970551 
263 69 15 18 0.38996658 
166 45 15 18 0.38866115 
920 18 14 17 0.38838503 
773 27 12 14 0.37824705 
295 2 14 17 0.3760798 
666 146 23 27 0.36547786 
102 1 14 17 0.35955063 
443 25 14 16 0.35557312 
94 61 14 17 0.34507823 
337 5 12 13 0.34479612 
751 29 10 12 0.3290976 
376 11 12 15 0.32276574 
536 137 18 22 0.3187219 
241 2 9 10 0.31762505 
355 14 11 13 0.31473485 
289 64 14 18 0.30930066 
140 66 12 16 0.30375132 
487 33 13 17 0.3019248 
675 13 11 15 0.2988932 
348 0 10 11 0.291881 
398 100 20 25 0.28707522 
552 107 18 21 0.28681526 
334 20 11 14 0.27952003 
647 8 10 12 0.2788988 
604 20 12 16 0.2786723 
9 116 21 29 0.278491 
335 13 10 12 0.27637544 
846 65 12 15 0.27596977 
608 26 11 14 0.27308553 
911 73 14 17 0.27260387 
246 1 10 12 0.271846 
340 27 12 15 0.26884946 
879 27 9 13 0.2654741 
869 20 12 14 0.26250696 
517 19 15 20 0.25971723 
858 29 9 11 0.25826567 
711 70 12 15 0.25632545 
309 60 15 19 0.25342003 
884 30 10 13 0.2487241 
215 12 11 13 0.23534872 
229 0 10 11 0.2318529 
886 36 9 12 0.23138951 
597 14 14 17 0.2311938 
695 30 11 14 0.22902302 
15 59 14 17 0.22761214 
369 66 16 19 0.22484006 
706 191 19 24 0.22312684 
20 43 16 19 0.22282733 
741 21 10 12 0.22021371 
814 162 26 28 0.22003065 
804 57 15 17 0.21963607 
284 6 12 15 0.21539398 
200 104 20 25 0.20677155 
545 28 11 14 0.20259257 
262 92 20 27 0.20197742 
551 19 13 17 0.19559078 
903 104 16 21 0.1944004 
1001 173 19 30 0.19262381 
653 19 11 13 0.18979444 
878 23 9 12 0.18825844 
859 146 15 19 0.18738689 
519 9 15 19 0.18682387 
907 41 11 16 0.18653631 
558 18 13 17 0.18482013 
522 40 15 18 0.17916797 
737 17 10 12 0.17764045 
852 150 21 27 0.17702469 
397 208 382 440 0.17373504 
253 0 10 12 0.17295657 
628 13 11 12 0.17145531 
269 6 12 15 0.17102015 
556 113 22 26 0.1667428 
619 152 15 20 0.16667415 
197 1 11 11 0.16570574 
280 140 18 21 0.16536984 
335 1 11 11 0.16207424 
476 311 227 280 0.15362278 
970 62 13 15 0.15260883 
715 21 11 15 0.15013164 
694 15 9 12 0.14874229 
388 151 26 33 0.14740643 
575 86 12 17 0.14706574 
213 137 23 31 0.14471668 
319 41 15 17 0.14446722 
1013 32 11 18 0.1435378 
894 172 22 30 0.14264071 
445 37 13 16 0.13603756 
856 23 10 13 0.13459617 
782 1 9 11 0.13442622 
490 8 16 19 0.13298829 
838 7 10 12 0.13233076 
221 5 11 13 0.13041191 
669 83 13 16 0.12985992 
498 19 14 18 0.12907481 
967 66 13 17 0.12900646 
300 11 12 18 0.12897696 
270 25 13 17 0.12813073 
843 23 10 13 0.12632248 
182 1 11 12 0.12596565 
612 28 10 14 0.12539414 
766 21 12 14 0.124509044 
79 77 19 24 0.1234734 
414 80 14 18 0.12306576 
163 22 15 17 0.12053386 
692 21 11 13 0.118035555 
416 42 13 17 0.11780668 
17 124 18 22 0.11699662 
34 -1 17 14 0.116074465 
763 16 11 11 0.1137232 
867 16 12 14 0.11311867 
839 12 10 13 0.11189871 
243 87 19 25 0.11180421 
629 8 9 11 0.11163974 
919 27 13 17 0.11105894 
190 19 11 14 0.107925065 
687 28 10 14 0.106554285 
817 1 10 10 0.10635655 
277 0 10 11 0.1060927 
811 56 14 18 0.10604992 
946 184 18 21 0.105630234 
778 2 8 9 0.10557679 
816 4 10 12 0.1040078 
255 241 39 42 0.103608415 
408 29 11 13 0.1030321 
459 15 16 18 0.10276918 
743 151 16 20 0.10033911 
455 43 12 16 0.09993154 
830 74 13 17 0.09974603 
165 66 14 16 0.099539265 
424 16 12 16 0.09940788 
575 10 11 15 0.09864642 
732 31 11 14 0.09333053 
314 117 23 29 0.09317974 
582 24 12 14 0.09189848 
213 180 22 30 0.0909585 
823 108 14 19 0.089843296 
322 6 12 14 0.08931887 
625 46 10 14 0.08797311 
224 2 11 10 0.08718558 
977 241 24 29 0.086617336 
95 0 14 12 0.08658427 
861 33 11 14 0.086039655 
846 8 9 11 0.08407292 
861 19 13 15 0.08372615 
718 13 9 11 0.083164476 
491 26 14 17 0.08297702 
135 2 13 14 0.082205296 
539 337 53 65 0.08152217 
126 0 10 10 0.0807664 
181 66 13 16 0.07905576 
90 18 13 17 0.07888484 
977 122 20 24 0.07869352 
206 4 12 15 0.07832248 
614 3 11 12 0.07814938 
582 80 15 19 0.07756676 
824 157 23 29 0.077525266 
745 28 10 13 0.075869575 
851 65 13 16 0.07576801 
823 16 10 13 0.07548905 
522 24 16 19 0.07527731 
315 113 15 20 0.07518129 
854 13 11 13 0.07482218 
481 20 13 17 0.074507624 
926 129 13 17 0.07447081 
871 27 11 13 0.07446446 
958 4 11 12 0.074371606 
603 113 20 25 0.07293004 
284 19 14 16 0.07284446 
198 187 25 33 0.07206557 
404 16 14 16 0.071727216 
270 49 12 16 0.07147975 
445 135 22 26 0.07130204 
828 83 13 17 0.0707722 
963 87 15 19 0.069888845 
219 44 12 16 0.06964034 
306 125 18 24 0.06949552 
1007 115 13 17 0.069296084 
849 50 11 14 0.06922707 
756 29 10 12 0.06862652 
835 68 13 16 0.06853268 
2 187 19 25 0.06763939 
773 85 15 19 0.065830715 
845 13 9 12 0.06580175 
869 211 41 52 0.06563338 
368 4 12 14 0.065625645 
214 30 10 12 0.06539869 
509 58 15 20 0.06507438 
897 34 12 16 0.065050386 
232 19 12 15 0.06496662 
452 20 13 17 0.06469572 
214 0 10 10 0.06360042 
216 18 12 16 0.06300404 
250 112 16 21 0.062737346 
587 123 21 28 0.06248307 
891 131 17 22 0.062322248 
308 53 14 18 0.062129606 
779 26 10 14 0.06199085 
702 47 10 14 0.061811674 
373 0 10 11 0.06171847 
773 73 14 17 0.06121463 
639 81 14 18 0.060975287 
343 1 11 11 0.06086025 
688 14 10 12 0.06046304 
900 25 12 14 0.060436662 
478 72 15 20 0.060138393 
440 42 12 16 0.059542492 
265 10 13 15 0.058982573 
854 7 10 10 0.058739137 
803 19 10 13 0.058704894 
834 155 15 19 0.058253955 
413 0 9 9 0.058187056 
623 6 11 13 0.05809185 
909 30 11 14 0.05745098 
19 0 14 15 0.057413355 
348 50 11 15 0.05731133 
321 2 11 12 0.057270125 
811 175 27 32 0.05698508 
264 162 31 43 0.056792747 
216 262 42 48 0.05655302 
972 89 15 18 0.056287996 
420 76 13 17 0.056166634 
458 132 15 18 0.05521698 
131 125 25 32 0.054732736 
199 32 13 16 0.054318115 
94 73 15 21 0.053995132 
703 185 17 21 0.053943496 
84 149 16 19 0.053607117 
661 83 14 18 0.053541288 
759 21 11 14 0.05324951 
434 4 15 19 0.05322783 
640 6 10 12 0.053052418 
614 82 13 18 0.052883048 
433 164 17 22 0.052748926 
834 82 15 18 0.052697346 
29 0 15 16 0.052693658 
767 73 12 17 0.052638937 
1005 31 13 16 0.052614722 
130 13 14 18 0.052556213 
909 129 14 19 0.052170552 
369 90 23 29 0.052074812 
814 44 10 12 0.052052457 
991 68 11 15 0.051671587 
398 94 15 18 0.051497214 
63 144 402 502 0.051196426 
543 33 14 18 0.050962057 
182 154 16 20 0.050717134 
285 73 16 21 0.050165784 
576 2 11 12 0.04972631 
16 66 16 19 0.049640995 
213 50 14 17 0.049634688 
239 29 12 15 0.04959319 
679 29 11 13 0.049273897 
591 20 11 14 0.049247313 
278 43 13 17 0.049210057 
171 66 15 18 0.04862925 
245 252 40 47 0.0486186 
845 35 9 12 0.048587482 
367 1 11 10 0.048258107 
196 145 15 20 0.04821349 
176 111 14 18 0.048210237 
573 55 14 20 0.048127484 
608 0 11 10 0.04792623 
205 0 11 10 0.047921114 
575 130 19 27 0.047840778 
799 53 10 15 0.04779648 
659 39 11 16 0.047763113 
797 136 17 23 0.0471307 
839 46 9 12 0.04712841 
546 130 21 29 0.047061715 
395 147 17 21 0.04699649 
963 159 22 27 0.046870254 
62 86 15 21 0.046834994 
14 49 20 25 0.04661555 
388 61 12 17 0.046479095 
187 89 18 24 0.045894988 
804 67 16 21 0.04578338 
882 145 25 31 0.04571589 
806 15 9 12 0.045636177 
188 65 12 16 0.04542723 
284 84 15 18 0.045079634 
10 69 16 21 0.045010734 
623 28 12 15 0.044747245 
42 0 16 15 0.044413805 
892 6 11 14 0.044364184 
177 3 12 14 0.044307273 
1002 119 19 25 0.044292226 
602 98 15 18 0.043997526 
764 84 14 19 0.0436962 
212 36 11 14 0.043562636 
994 126 21 26 0.043452945 
220 156 22 29 0.043328967 
642 85 17 21 0.043084506 
76 8 14 17 0.043067582 
669 184 19 22 0.04305946 
1005 164 16 21 0.042790312 
841 152 23 30 0.04233037 
700 14 9 11 0.0422663 
626 149 17 21 0.04196346 
888 11 11 13 0.041933354 
542 230 17 24 0.04153332 
571 19 13 15 0.04145835 
759 39 9 12 0.041426126 
430 0 12 12 0.04134337 
85 5 14 17 0.041330487 
275 26 13 17 0.0403889 
608 251 28 38 0.040224604 
924 8 10 12 0.040058874 
28 73 15 17 0.03999689 
599 9 11 12 0.039872773 
368 11 10 14 0.039749883 
128 3 12 14 0.039661117 
606 5 12 13 0.039521053 
773 120 16 21 0.039440818 
118 0 11 10 0.039431483 
294 17 13 16 0.039338302 
597 0 11 10 0.039259184 
273 0 10 10 0.039166268 
945 51 12 17 0.038953453 
459 75 14 18 0.038836177 
898 182 24 33 0.038832225 
760 85 11 16 0.03864779 
275 5 20 23 0.038477022 
310 104 15 21 0.03826154 
86 0 12 11 0.03820514 
701 21 9 12 0.038032632 
367 88 16 20 0.037866797 
352 17 11 15 0.037484035 
887 0 11 11 0.03747432 
864 170 27 37 0.03734267 
436 142 24 30 0.03728757 
431 75 13 18 0.037192784 
929 40 13 17 0.03718375 
749 35 11 13 0.037161566 
111 39 14 17 0.037128583 
136 -3 20 21 0.037088733 
681 143 23 27 0.03698629 
85 65 14 17 0.036793694 
829 102 19 26 0.036780596 
184 13 11 15 0.036680583 
696 45 11 15 0.03665628 
177 91 16 23 0.036602516 
830 37 9 12 0.03650277 
605 36 15 18 0.03636549 
191 1 14 15 0.0363087 
282 26 16 18 0.03601438 
131 166 22 25 0.035998285 
367 74 17 20 0.035923842 
698 89 13 19 0.035909202 
778 44 12 16 0.035711467 
325 19 12 15 0.03569964 
105 9 14 16 0.035690166 
575 0 17 23 0.03558064 
907 80 17 18 0.035502035 
4 1 11 13 0.03547354 
766 35 11 14 0.03541226 
678 37 12 14 0.035364684 
881 34 11 14 0.0351789 
991 75 13 18 0.035165712 
652 28 13 15 0.03509532 
170 26 15 17 0.03503463 
411 72 14 19 0.03477851 
680 57 14 17 0.03471311 
794 45 10 14 0.034687415 
436 118 17 22 0.034670863 
209 10 11 13 0.034668498 
808 45 11 12 0.034615446 
255 79 21 26 0.03445808 
212 279 30 37 0.034386173 
479 10 14 18 0.03429379 
509 174 16 19 0.03428744 
773 109 18 23 0.034208693 
853 143 13 16 0.03407807 
611 34 14 17 0.034019474 
234 242 33 35 0.033866033 
765 5 11 11 0.033830453 
942 177 18 21 0.033602774 
115 419 42 49 0.03340921 
917 90 18 25 0.03336449 
312 167 21 31 0.033358872 
506 157 27 32 0.03311555 
661 151 17 20 0.03303342 
863 68 12 16 0.032732867 
539 363 102 125 0.032646388 
599 155 22 27 0.032639556 
902 95 14 19 0.03256387 
570 122 16 21 0.03251271 
418 68 13 17 0.032478124 
711 7 10 12 0.032352995 
607 206 23 27 0.03220268 
775 13 10 12 0.032173015 
744 40 12 14 0.0320877 
562 359 51 67 0.032037698 
671 45 13 18 0.031841036 
460 30 15 17 0.031801734 
231 105 15 21 0.03179867 
437 76 17 21 0.031750955 
748 182 18 21 0.031435315 
406 34 12 15 0.03138414 
904 68 13 17 0.031290315 
51 79 16 20 0.031222643 
771 90 22 29 0.03116846 
820 16 19 24 0.031074382 
323 48 16 19 0.030909004 
701 71 18 23 0.030839197 
389 7 11 14 0.030759335 
212 246 27 35 0.030758727 
326 0 11 11 0.030695966 
37 9 16 18 0.03021464 
280 36 13 17 0.030202558 
413 19 11 15 0.03018158 
222 38 10 14 0.030089624 
246 117 16 20 0.030047622 
385 99 22 28 0.03003076 
706 132 17 22 0.02997551 
622 248 11 14 0.029955544 
970 110 15 18 0.029786816 
313 84 20 26 0.02970922 
711 178 22 27 0.029677287 
834 6 9 12 0.029646084 
958 10 13 15 0.029623494 
664 27 10 14 0.029587578 
793 187 27 31 0.029577289 
898 23 9 12 0.029571531 
530 85 15 18 0.029486876 
294 78 19 25 0.029452551 
845 120 14 18 0.029344223 
396 108 16 24 0.029265542 
726 15 8 11 0.029220335 
933 78 15 19 0.02921139 
788 0 12 12 0.029057214 
779 93 16 18 0.029005276 
208 97 15 18 0.028953658 
181 162 15 21 0.02894702 
491 152 16 19 0.028865146 
727 21 9 13 0.028819978 
979 83 14 19 0.02871174 
7 33 20 24 0.028668147 
991 41 13 17 0.028658338 
956 68 16 17 0.02861347 
309 44 13 16 0.02860864 
621 0 11 11 0.028490214 
232 165 26 33 0.028410131 
377 76 15 20 0.028249314 
863 101 19 25 0.028227301 
235 111 14 20 0.028154904 
382 61 12 16 0.028021263 
141 21 11 15 0.0280072 
693 7 11 13 0.027938478 
619 209 15 19 0.027879553 
663 21 10 14 0.027729146 
15 27 12 16 0.027624609 
682 222 28 33 0.027561722 
492 41 14 17 0.027502079 
-1 77 9 15 0.027472703 
950 167 23 28 0.027442602 
997 69 15 19 0.027399167 
364 0 20 23 0.027396683 
874 80 14 17 0.027385226 
894 93 12 16 0.027316205 
683 44 13 16 0.027281608 
638 0 9 10 0.02720419 
98 52 15 19 0.02716729 
130 44 13 16 0.027130263 
287 170 28 36 0.027120046 
266 6 20 24 0.027019586 
25 37 16 19 0.026940852 
940 142 17 21 0.02691949 
2 125 17 21 0.02687852 
179 -4 22 23 0.02678665 
475 41 12 16 0.026717303 
795 111 15 21 0.026673166 
948 189 22 27 0.026622884 
767 1 10 10 0.026619518 
195 21 12 14 0.026526326 
519 199 25 30 0.02652081 
800 75 15 20 0.026449868 
46 88 14 17 0.026435876 
808 7 9 11 0.026414083 
323 99 23 28 0.026390934 
684 34 12 14 0.026381267 
750 169 24 28 0.026324926 
545 57 18 24 0.02625998 
586 34 13 18 0.02624719 
412 48 15 18 0.026247099 
810 203 26 32 0.026209781 
49 60 19 25 0.026168315 
156 89 14 19 0.026146706 
285 1 12 13 0.026145374 
203 264 491 499 0.026061723 
460 46 14 18 0.02603327 
676 7 11 13 0.02602846 
518 202 15 19 0.02595219 
998 77 16 20 0.025940977 
119 22 19 21 0.025931833 
670 38 11 14 0.025911901 
211 71 15 19 0.02590802 
497 55 19 24 0.025826735 
240 51 12 17 0.025591604 
276 112 17 21 0.025536506 
728 74 12 17 0.025426079 
220 27 11 14 0.025384238 
529 220 34 48 0.025312033 
313 48 20 23 0.025310459 
914 119 19 24 0.025269236 
165 76 17 21 0.025227575 
815 11 9 12 0.025180496 
758 1 10 10 0.025175985 
899 137 18 25 0.025130356 
537 101 20 26 0.02509308 
647 29 12 14 0.025087357 
591 7 10 12 0.025065318 
531 19 13 18 0.024980709 
892 193 24 31 0.02481818 
517 0 14 16 0.02472737 
645 3 18 22 0.024716137 
915 115 13 17 0.024709098 
515 49 15 18 0.024695009 
225 166 21 29 0.02457356 
160 49 13 17 0.024498718 
317 92 22 28 0.024427533 
324 26 12 15 0.024393069 
324 117 19 25 0.024265436 
968 148 24 29 0.024219519 
963 73 15 19 0.02413142 
125 135 16 21 0.024082175 
861 6 10 12 0.024001002 
856 186 40 48 0.023988703 
556 153 16 20 0.023877418 
512 23 13 17 0.023803629 
456 11 14 17 0.023745904 
420 46 13 18 0.023740524 
720 37 11 14 0.023703266 
122 145 16 22 0.023650816 
669 25 13 16 0.023611201 
468 119 16 20 0.023607919 
864 158 25 30 0.023529682 
204 138 21 29 0.023479488 
782 162 16 19 0.02347575 
142 100 15 18 0.023455711 
284 681 23 29 0.023435982 
902 48 13 17 0.023421904 
893 0 10 11 0.02337359 
823 35 10 13 0.023363117 
190 150 20 26 0.023325413 
820 188 27 32 0.023321226 
343 45 13 17 0.023158677 
957 204 25 33 0.02312585 
912 22 11 14 0.023114936 
169 37 16 19 0.02307274 
897 98 13 19 0.023057384 
753 1 9 10 0.023029925 
469 74 14 19 0.023024475 
960 121 19 26 0.022996817 
190 28 13 17 0.02292537 
193 35 12 17 0.02282271 
703 0 11 11 0.022808874 
848 147 14 19 0.022747269 
783 41 12 15 0.022721125 
735 44 11 16 0.022696614 
598 212 25 29 0.022645041 
196 195 16 21 0.022574361 
124 50 15 18 0.02251997 
658 76 13 18 0.022505622 
586 28 12 16 0.02249727 
742 154 25 30 0.022461409 
358 0 12 10 0.022380369 
31 10 13 16 0.02237646 
248 -5 20 22 0.022365429 
461 122 15 19 0.022338195 
533 0 10 10 0.022291454 
149 151 15 19 0.022270614 
782 154 16 19 0.022179615 
219 67 14 17 0.022152567 
494 141 22 29 0.022108464 
399 61 15 21 0.022086145 
1011 111 11 16 0.02206393 
1014 24 9 14 0.022056257 
942 46 12 17 0.02205305 
839 194 13 18 0.02199381 
649 89 22 28 0.021964712 
629 37 13 16 0.021958359 
726 6 9 12 0.021933474 
261 0 12 12 0.02178507 
564 37 14 17 0.02173622 
828 194 15 19 0.021722546 
951 3 14 15 0.021716634 
798 67 13 19 0.021694021 
996 211 26 31 0.021655867 
499 5 13 17 0.021598065 
65 3 14 18 0.021573503 
580 87 14 19 0.021573422 
838 63 12 15 0.021440296 
817 191 19 22 0.021425566 
492 137 15 22 0.021336531 
444 90 16 19 0.021294545 
884 23 9 13 0.02125492 
463 1 13 14 0.021239776 
491 166 14 19 0.021215664 
476 119 14 20 0.021181371 
525 144 23 28 0.021118654 
741 74 13 18 0.021060327 
991 232 27 34 0.021049423 
759 5 9 11 0.021046855 
836 188 24 31 0.021005183 
648 2 9 10 0.020857375 
237 -3 19 20 0.02078148 
794 17 9 12 0.020742726 
224 -5 21 22 0.020677974 
815 115 13 18 0.020675242 
831 28 9 12 0.02064181 
886 42 11 16 0.020639235 
860 279 33 46 0.020560632 
665 106 15 21 0.02052637 
933 121 22 28 0.020510202 
662 51 12 16 0.020506162 
285 49 16 19 0.020504158 
60 60 14 18 0.020504003 
509 83 13 18 0.020491764 
124 35 14 18 0.020407861 
787 137 22 26 0.02039581 
205 50 14 18 0.020332744 
557 38 13 15 0.020258967 
819 54 11 14 0.020256985 
828 169 24 31 0.020200588 
272 16 20 24 0.02011932 
301 69 18 24 0.020083891 
444 62 15 18 0.020059735 
599 367 52 65 0.020056486 
662 480 8 9 0.020050062 
922 27 18 21 0.020041961 
