0_Parade_Parade_0_664
650
938 335 26 32 0.9890955 
465 340 23 29 0.9736213 
619 339 19 28 0.9664698 
211 314 22 27 0.96099883 
413 334 16 24 0.9558189 
658 320 16 23 0.94703364 
843 325 17 22 0.9442815 
490 325 18 23 0.9285178 
124 324 21 25 0.925427 
17 338 32 38 0.9127976 
361 323 16 21 0.8882692 
515 313 13 17 0.8872397 
196 294 12 15 0.87364906 
581 329 15 20 0.83978593 
60 310 16 20 0.7624341 
424 309 9 13 0.7363436 
37 309 14 18 0.70158505 
534 309 12 16 0.69007146 
108 301 14 17 0.6755272 
312 284 10 14 0.59337366 
576 309 10 13 0.54402226 
487 302 14 18 0.53020597 
863 341 11 14 0.49685904 
127 277 10 12 0.47664183 
810 348 16 22 0.45013866 
784 328 10 12 0.42955637 
46 271 7 10 0.42271262 
71 286 9 11 0.4216378 
892 319 10 13 0.4184991 
89 288 9 11 0.40349412 
675 315 11 15 0.38871086 
554 294 8 11 0.37556714 
658 301 9 11 0.3717973 
977 347 15 18 0.35113204 
464 300 12 17 0.34312338 
355 301 14 18 0.33093745 
231 296 9 12 0.31002703 
60 302 11 13 0.29731843 
980 307 10 12 0.29620063 
697 303 10 12 0.29520592 
342 308 10 14 0.2907085 
40 287 9 10 0.2876678 
120 277 8 11 0.27309352 
518 329 14 18 0.26128408 
42 271 7 10 0.24943514 
178 354 14 18 0.24615109 
956 311 10 13 0.23906806 
259 311 15 21 0.229815 
329 288 11 15 0.22662194 
111 270 8 11 0.22561277 
133 303 10 13 0.22405902 
437 300 11 14 0.21601279 
391 296 9 12 0.2139156 
547 352 18 21 0.21259056 
114 305 13 15 0.21164963 
271 280 8 10 0.20823875 
534 303 10 13 0.20738138 
269 307 12 18 0.20645806 
575 303 9 12 0.20275491 
895 310 9 11 0.19840164 
381 293 9 12 0.19679576 
777 287 7 10 0.19301073 
921 308 9 11 0.19213742 
739 332 14 17 0.19197863 
158 306 11 14 0.18928893 
1000 303 9 11 0.18506287 
793 287 7 9 0.18288837 
345 357 19 22 0.18278514 
153 301 11 14 0.17530607 
381 286 9 11 0.17008904 
247 309 13 18 0.17007738 
412 287 11 12 0.16836105 
166 326 12 15 0.16614264 
469 279 8 11 0.16608845 
872 327 9 12 0.1610746 
863 302 8 10 0.15940465 
620 288 9 11 0.1578279 
935 295 8 10 0.15333031 
212 296 8 11 0.15298031 
634 311 9 12 0.1523507 
680 301 10 12 0.15061451 
638 314 10 14 0.15045485 
577 281 7 9 0.14671777 
977 318 10 13 0.14663176 
333 271 9 11 0.14524835 
373 302 10 13 0.14378898 
259 357 27 27 0.14315613 
761 321 9 11 0.14048462 
368 302 10 14 0.13917434 
286 302 12 17 0.13560529 
824 295 8 10 0.13463233 
207 296 10 13 0.13388199 
745 302 9 11 0.1326279 
503 286 7 10 0.13113065 
335 276 9 11 0.12973428 
181 288 8 11 0.12856385 
943 302 9 11 0.12779178 
842 295 8 9 0.12745269 
1013 317 9 14 0.12725487 
897 304 7 10 0.12680912 
104 332 13 17 0.12453892 
503 279 7 9 0.12424984 
440 280 7 10 0.123906866 
438 307 11 14 0.12316879 
943 309 9 12 0.11882272 
407 288 12 14 0.11880043 
503 301 9 12 0.117802165 
291 304 14 22 0.11661583 
617 291 9 12 0.11313746 
248 304 12 13 0.11118074 
368 279 8 10 0.110851124 
979 323 11 13 0.109738104 
901 302 9 10 0.109099396 
576 285 7 10 0.10895505 
128 305 12 14 0.108522825 
371 272 8 10 0.107968636 
207 315 15 20 0.107348226 
252 308 15 21 0.107275665 
925 304 10 11 0.10712866 
39 277 8 11 0.106429085 
831 332 13 17 0.1048219 
552 278 6 9 0.10478605 
777 292 8 10 0.10367809 
273 300 20 26 0.103601515 
515 321 15 20 0.10271812 
503 296 8 10 0.10076972 
316 280 10 12 0.1007663 
858 303 8 10 0.10040382 
774 304 8 11 0.09709358 
593 280 8 10 0.096438915 
281 268 9 11 0.096111596 
383 279 9 10 0.09598385 
320 308 11 15 0.09432471 
896 340 11 14 0.09396976 
374 272 8 9 0.09375619 
33 345 18 24 0.093259856 
686 288 8 10 0.09291313 
528 302 8 11 0.09248353 
468 284 9 12 0.090928145 
285 270 8 10 0.09022015 
822 300 8 10 0.08951408 
857 308 8 10 0.08860244 
61 295 9 12 0.088588886 
685 294 8 11 0.08683441 
22 309 10 13 0.086124845 
452 268 11 15 0.08537123 
401 280 8 9 0.08423654 
449 263 9 11 0.08389945 
384 317 10 14 0.0834485 
598 319 12 16 0.083098285 
606 295 8 11 0.08282098 
71 280 10 11 0.08222155 
649 287 7 10 0.08183966 
357 296 10 12 0.08146964 
139 324 14 17 0.08143976 
559 318 8 11 0.080993846 
255 277 9 11 0.080209054 
663 316 17 23 0.07978101 
789 315 10 12 0.07873568 
67 322 15 19 0.07851557 
784 319 10 12 0.07797439 
497 278 8 10 0.07796415 
845 320 12 14 0.07763177 
709 333 10 13 0.07748016 
912 295 7 9 0.07733476 
726 295 8 11 0.0772203 
699 318 11 14 0.07691546 
382 271 8 8 0.07552663 
55 255 7 9 0.07538225 
936 316 11 14 0.07531471 
995 340 12 15 0.074674375 
709 288 7 9 0.07434677 
241 314 11 17 0.0742065 
888 301 8 11 0.074065074 
0 327 9 13 0.074001625 
700 324 12 15 0.073955014 
30 302 12 14 0.07390121 
869 303 8 10 0.07333647 
597 279 9 10 0.073005445 
14 286 7 9 0.07290152 
936 300 9 11 0.07267134 
537 313 13 16 0.07253314 
633 280 7 9 0.072514996 
287 276 9 12 0.07238301 
862 308 8 11 0.071480095 
569 296 8 11 0.070891164 
601 296 9 10 0.07062242 
942 296 8 10 0.069289014 
1 263 8 11 0.06922109 
337 314 11 15 0.06921018 
703 329 12 16 0.06866929 
840 301 8 10 0.06821573 
847 288 7 9 0.067474514 
177 291 11 14 0.06732202 
633 284 8 10 0.06729455 
79 307 9 12 0.067069 
634 302 7 10 0.06687824 
570 301 9 11 0.06674157 
918 344 14 17 0.0666926 
793 292 8 11 0.06563931 
64 280 8 10 0.065445855 
57 279 7 10 0.065180525 
377 288 8 11 0.06492612 
862 297 7 9 0.064875394 
599 286 9 10 0.06475973 
380 299 11 14 0.064506896 
552 288 8 10 0.064395055 
351 271 8 10 0.064277664 
64 285 9 13 0.063880116 
930 295 8 10 0.06365075 
768 304 9 11 0.06353642 
131 278 9 12 0.063331574 
368 284 8 11 0.06284477 
1010 324 10 14 0.0621947 
1005 295 8 10 0.06152418 
113 275 9 12 0.06143788 
486 296 9 11 0.061348155 
767 352 13 17 0.061182298 
574 296 8 9 0.060730845 
552 298 10 14 0.060490597 
873 293 8 10 0.060152892 
745 297 7 9 0.059893712 
1005 302 9 11 0.059874877 
8 279 8 10 0.059792947 
591 297 8 9 0.059596583 
105 278 8 11 0.059509926 
284 264 8 10 0.05936434 
882 358 17 19 0.05903036 
349 328 15 18 0.058931917 
818 302 9 10 0.058702856 
527 297 8 10 0.058351997 
80 271 8 10 0.0582639 
153 296 9 12 0.05823996 
1011 338 11 16 0.057556707 
904 286 8 10 0.057424974 
878 293 8 10 0.05712278 
41 346 16 21 0.056427065 
858 296 8 10 0.056254573 
758 302 9 12 0.056172024 
880 288 7 9 0.05605951 
481 272 7 9 0.055881683 
58 286 8 10 0.05563651 
644 311 9 12 0.055552885 
405 280 9 12 0.05548963 
582 280 8 9 0.055265922 
590 301 8 11 0.054998398 
554 349 12 16 0.054904494 
23 316 11 15 0.054647464 
430 322 11 16 0.053898986 
133 284 9 11 0.053218942 
467 294 10 14 0.05315811 
342 333 10 13 0.052783333 
877 328 9 11 0.052739717 
226 295 9 11 0.052738924 
521 303 9 12 0.052601703 
581 303 10 11 0.052201007 
249 276 9 11 0.052123077 
330 265 8 11 0.051813927 
895 332 13 16 0.051622957 
522 313 14 18 0.05158167 
662 297 9 12 0.051579483 
269 263 8 10 0.050945442 
887 297 8 9 0.05087594 
13 279 8 10 0.050729536 
308 332 12 17 0.050685886 
560 279 7 8 0.050624587 
221 277 8 11 0.05049455 
8 296 9 12 0.050433848 
878 333 9 11 0.050183877 
685 302 9 10 0.04983477 
900 325 11 12 0.049632855 
978 332 13 16 0.04944268 
735 288 7 9 0.049109586 
75 320 13 20 0.049057752 
753 288 6 9 0.0486123 
536 285 8 10 0.04855257 
422 277 8 9 0.04840784 
609 273 7 9 0.04834726 
0 284 9 12 0.048327405 
78 278 8 10 0.04821505 
402 283 10 14 0.048102185 
966 331 12 15 0.04801914 
262 284 10 11 0.04800486 
22 332 17 17 0.04788583 
694 280 6 9 0.047699384 
934 288 9 11 0.047465764 
671 296 7 9 0.046804775 
615 278 7 9 0.04676335 
537 280 7 9 0.04671739 
481 295 9 11 0.046650294 
455 340 16 23 0.046531342 
220 343 13 15 0.046388943 
591 310 9 11 0.045866024 
580 315 11 13 0.04575859 
407 331 16 23 0.045138314 
751 295 7 10 0.0449486 
520 295 9 11 0.04468904 
381 265 9 10 0.044645894 
24 302 11 13 0.04461127 
382 310 10 13 0.04428886 
758 296 7 9 0.044207495 
569 279 7 9 0.043723505 
728 287 7 8 0.043612495 
644 316 11 15 0.04360187 
341 321 12 18 0.043588668 
653 287 8 9 0.04345373 
545 279 6 8 0.043433048 
743 287 7 9 0.043304298 
965 303 9 11 0.04224468 
552 274 7 9 0.04209413 
782 293 7 10 0.042007904 
417 304 10 13 0.04199948 
829 295 8 9 0.041818388 
6 263 7 10 0.041695766 
375 278 8 10 0.041667417 
92 292 9 12 0.041649684 
428 314 11 16 0.041634917 
602 353 16 20 0.041301146 
353 277 8 10 0.04117646 
413 328 14 19 0.041111596 
31 295 9 12 0.040987257 
590 316 11 15 0.040753603 
584 297 8 10 0.04071816 
807 342 14 17 0.04068965 
874 270 7 10 0.04033036 
103 284 9 13 0.040210254 
964 309 10 12 0.040194415 
303 279 8 11 0.039927963 
25 263 7 10 0.03988406 
909 288 8 10 0.0398628 
80 248 8 11 0.039827157 
912 332 13 16 0.03980605 
255 249 7 9 0.03971653 
871 245 7 9 0.039362203 
421 324 12 18 0.03917368 
582 285 7 9 0.038797285 
108 311 14 18 0.03875678 
197 356 15 19 0.038298067 
221 271 8 11 0.038290832 
433 302 10 13 0.038254805 
340 305 20 27 0.038210887 
434 296 10 12 0.038162015 
352 318 20 27 0.038093276 
567 316 10 13 0.03779779 
751 306 9 12 0.03766625 
238 264 8 10 0.037619352 
398 293 10 13 0.03758424 
54 272 7 9 0.037536446 
481 300 11 15 0.037398674 
256 282 11 14 0.037363745 
118 272 9 11 0.03732212 
540 301 10 12 0.03729718 
776 282 7 9 0.03724535 
370 328 11 16 0.03720777 
683 316 9 14 0.037165936 
278 286 9 12 0.036958847 
1007 308 11 13 0.036751945 
542 296 8 10 0.036740124 
340 278 8 11 0.036704883 
108 324 13 19 0.036675062 
329 275 10 13 0.036656477 
511 294 8 11 0.036417358 
106 263 7 10 0.036383215 
24 270 7 8 0.036324754 
483 328 19 27 0.03626627 
929 287 9 10 0.036240682 
1002 288 7 10 0.03622065 
919 270 9 11 0.036214974 
359 287 8 11 0.03621017 
854 316 10 14 0.03618835 
92 314 13 18 0.03593355 
296 278 9 11 0.035828225 
782 288 7 9 0.035745688 
8 284 8 11 0.035594516 
254 254 8 10 0.035544913 
950 304 10 12 0.035534345 
271 270 7 10 0.035479013 
576 262 9 10 0.035477404 
498 285 9 11 0.035388976 
137 232 7 9 0.035291098 
34 271 7 9 0.035172682 
223 319 15 20 0.03516709 
15 256 7 9 0.035118286 
840 288 9 11 0.034936696 
48 264 7 9 0.03471931 
97 356 17 18 0.03469053 
44 288 9 11 0.034668848 
571 309 9 12 0.034487575 
728 281 7 8 0.034431625 
105 294 10 14 0.034416385 
836 360 16 18 0.03440763 
41 265 7 9 0.03435116 
886 281 7 8 0.034312826 
527 279 8 9 0.034291122 
734 294 8 10 0.034267917 
264 268 8 11 0.03417728 
399 272 8 10 0.034015045 
749 325 11 14 0.033973977 
992 303 9 11 0.033945583 
648 293 8 11 0.033913147 
279 294 10 13 0.033707302 
880 340 11 13 0.033518422 
793 282 7 9 0.03346401 
662 311 11 15 0.033401344 
391 279 8 10 0.033366345 
396 301 10 13 0.03331163 
497 295 8 11 0.033192508 
443 306 12 17 0.03291581 
558 311 9 11 0.03290628 
632 296 9 11 0.032760553 
248 272 9 11 0.032481395 
296 285 9 11 0.032447018 
387 315 13 17 0.032442816 
616 299 10 12 0.03220426 
575 327 12 17 0.03214936 
633 352 17 21 0.031931356 
607 288 8 11 0.031877767 
937 311 9 12 0.031852435 
433 279 8 10 0.03181244 
487 288 8 10 0.031709388 
7 270 8 10 0.03159264 
31 255 8 10 0.031557932 
86 299 12 15 0.031502593 
709 292 8 11 0.03142957 
544 272 7 9 0.031427145 
300 300 12 16 0.03138129 
159 311 12 17 0.031134438 
784 311 9 11 0.031057876 
29 230 8 11 0.03093009 
528 286 8 10 0.030871047 
405 281 19 24 0.030839035 
32 313 15 17 0.030787952 
823 288 7 9 0.030780518 
899 309 10 12 0.030683335 
886 332 11 13 0.030620363 
30 263 8 10 0.030493328 
51 256 7 9 0.030479474 
889 315 17 22 0.030433964 
272 294 10 13 0.030371588 
690 280 7 8 0.03022511 
311 279 17 22 0.0301955 
294 294 11 14 0.03009268 
672 288 7 9 0.02992565 
417 278 8 11 0.029908795 
16 309 11 13 0.029733293 
597 310 10 12 0.029676117 
25 230 8 11 0.029591313 
40 248 8 9 0.029540608 
622 301 8 10 0.0295283 
192 288 10 12 0.02946299 
64 272 8 9 0.02943829 
903 296 8 10 0.029273609 
157 297 9 11 0.029258823 
452 291 12 17 0.02921216 
951 295 8 10 0.029125275 
63 329 15 17 0.028986992 
335 300 13 16 0.028935522 
823 279 6 9 0.028817702 
86 265 7 9 0.028650526 
236 300 11 14 0.028643275 
69 301 11 14 0.028535537 
305 284 10 12 0.028469382 
744 317 11 13 0.028447503 
201 315 11 16 0.028306898 
115 294 13 15 0.028293246 
502 307 11 14 0.028292239 
259 301 21 26 0.02810616 
118 281 12 14 0.02801407 
317 288 12 16 0.02794274 
675 341 11 15 0.027921448 
143 278 9 11 0.027845765 
861 335 12 15 0.027809996 
523 278 7 9 0.027784897 
911 327 11 13 0.027755814 
164 301 10 13 0.027522331 
733 346 16 19 0.027411427 
187 354 15 19 0.027385782 
965 354 15 18 0.027341682 
13 317 11 14 0.02726862 
694 319 18 25 0.027177015 
877 269 9 10 0.027156405 
899 319 10 13 0.027152099 
904 281 7 9 0.027114533 
420 286 9 12 0.027011445 
13 237 9 12 0.026934015 
420 305 18 22 0.026873432 
758 307 10 12 0.026845949 
649 324 11 16 0.026804982 
245 314 15 24 0.02674864 
443 271 8 10 0.026723975 
233 261 8 10 0.026543347 
28 324 15 17 0.0264222 
337 338 16 19 0.026383584 
5 357 13 17 0.026346423 
1006 289 7 9 0.026306674 
695 297 9 11 0.02624193 
767 334 9 13 0.026177257 
792 301 8 10 0.026126975 
536 297 9 11 0.02597807 
743 282 6 8 0.025951352 
168 330 15 17 0.025867652 
383 332 10 15 0.025792927 
222 286 8 12 0.025502604 
374 287 19 24 0.025395822 
613 273 8 10 0.025308957 
850 248 7 9 0.025185945 
81 265 8 10 0.025178675 
277 278 9 11 0.02509628 
479 287 8 10 0.025039217 
497 272 7 9 0.025021106 
361 299 17 23 0.024986178 
25 255 8 10 0.024903521 
781 327 19 22 0.024814729 
813 315 10 14 0.024786545 
724 356 15 17 0.024729226 
797 287 6 9 0.024631055 
991 295 7 9 0.024612833 
593 328 14 20 0.024597736 
164 317 13 16 0.024595417 
704 294 9 11 0.024561992 
232 256 7 9 0.02438161 
436 315 11 16 0.024369782 
434 285 9 12 0.024193184 
640 214 213 207 0.024161022 
455 295 18 25 0.02407752 
180 342 14 17 0.024002774 
903 270 7 10 0.023926096 
34 285 9 12 0.023848988 
828 356 17 18 0.023820741 
85 282 19 23 0.023737684 
510 328 14 20 0.023700723 
511 288 7 9 0.023658138 
639 294 8 10 0.023655219 
36 317 14 19 0.023649018 
359 280 8 10 0.023635734 
146 325 11 14 0.023585118 
638 286 8 10 0.023582378 
574 305 18 23 0.023548 
389 308 12 17 0.023528408 
343 271 8 11 0.023490034 
47 241 7 9 0.023443798 
866 346 13 15 0.023418387 
417 273 9 10 0.023376534 
223 264 7 10 0.023361912 
808 333 10 12 0.023311503 
913 301 8 10 0.023295548 
253 294 11 13 0.02327895 
285 294 12 14 0.023245454 
958 294 8 10 0.023165049 
74 247 7 10 0.023145813 
822 341 11 15 0.023078533 
237 287 9 12 0.023027327 
81 224 7 9 0.023004897 
39 253 8 10 0.023000056 
816 288 7 8 0.022989629 
810 288 6 8 0.022856014 
175 298 10 14 0.022853872 
737 301 9 10 0.022832777 
984 295 8 10 0.022832302 
656 307 12 14 0.02275186 
958 320 13 16 0.022706633 
255 262 9 10 0.022701977 
41 264 19 25 0.022683898 
797 331 11 14 0.022671752 
105 330 20 27 0.022632228 
13 294 9 12 0.02258857 
406 326 13 18 0.02258455 
372 317 12 17 0.022515986 
446 263 19 24 0.02243972 
736 281 7 8 0.022432655 
392 272 7 9 0.022373164 
14 224 8 10 0.022246184 
638 280 7 9 0.02218686 
15 229 9 11 0.022153353 
302 292 11 15 0.022142136 
240 269 8 10 0.022133524 
110 265 8 10 0.022113297 
798 316 9 12 0.022101471 
521 271 7 9 0.022072379 
809 294 7 10 0.022025174 
520 288 7 9 0.021983832 
415 313 14 17 0.021939576 
950 304 18 23 0.021921666 
772 340 11 15 0.02190792 
479 276 7 10 0.021899175 
142 269 9 12 0.021884365 
885 340 12 14 0.021786585 
123 272 19 23 0.021773856 
325 298 12 16 0.021770833 
77 292 10 12 0.021749465 
898 286 8 9 0.021644674 
96 255 8 10 0.021620858 
57 249 7 8 0.02160535 
896 297 9 10 0.021601709 
797 294 8 10 0.02154378 
15 272 7 10 0.021542339 
550 288 19 24 0.021532325 
775 333 11 13 0.02152602 
471 330 24 32 0.021515202 
8 257 8 9 0.02148974 
301 271 9 11 0.021376051 
685 324 10 14 0.021373471 
870 308 8 11 0.021325264 
823 309 9 12 0.02128864 
503 272 7 9 0.021285504 
139 308 12 15 0.021226559 
25 248 7 10 0.02121695 
862 317 9 12 0.021215227 
976 299 18 22 0.021188699 
948 323 14 17 0.021163987 
1013 304 9 13 0.021156423 
871 320 9 11 0.021108553 
312 261 9 11 0.020955326 
919 296 7 10 0.020953184 
528 271 7 9 0.020861609 
975 296 9 10 0.020858297 
688 272 7 9 0.020828865 
337 344 22 25 0.020809993 
93 322 15 20 0.020790346 
615 317 11 14 0.020757278 
817 295 8 10 0.020749718 
917 303 20 24 0.020742044 
552 308 10 12 0.020734789 
649 280 7 9 0.020725839 
822 270 8 10 0.020719944 
325 312 14 18 0.020697344 
14 244 8 10 0.020660087 
87 315 11 17 0.020656077 
798 347 14 18 0.020635646 
879 309 10 13 0.020615613 
486 272 7 8 0.020605184 
991 336 12 15 0.0204882 
984 288 7 9 0.020484632 
368 294 11 14 0.020441258 
72 272 8 11 0.020433888 
959 304 10 13 0.020411624 
368 296 18 24 0.020408973 
720 279 7 9 0.020335706 
671 301 9 11 0.020334182 
559 273 7 9 0.02033161 
890 357 15 17 0.020323655 
512 262 8 10 0.020275723 
446 277 9 12 0.020227205 
750 318 9 12 0.020226484 
454 257 8 10 0.02020314 
798 326 10 13 0.020171816 
890 310 9 12 0.020126956 
758 288 7 9 0.020104848 
596 314 21 27 0.020042382 
830 316 10 13 0.020006727 
