0_Parade_Parade_0_377
532
255 503 71 95 0.9912907 
851 359 74 80 0.9829701 
976 339 21 26 0.95978236 
87 366 57 63 0.9525245 
575 308 26 28 0.9407777 
730 308 22 25 0.9068586 
548 297 18 24 0.8899896 
10 264 49 71 0.87671304 
248 404 25 31 0.87316746 
346 335 23 35 0.8628193 
427 307 18 26 0.76578486 
764 314 19 21 0.75177294 
245 343 30 30 0.73738873 
944 320 17 22 0.73588616 
452 275 21 25 0.7156431 
146 317 43 50 0.53760654 
419 255 17 21 0.5270034 
468 314 15 20 0.52576315 
810 309 14 17 0.5031108 
314 384 23 33 0.4948568 
397 274 16 19 0.45845112 
897 309 14 18 0.4357106 
365 379 25 30 0.40124205 
357 273 24 29 0.36986712 
325 336 25 31 0.36615062 
846 311 12 16 0.3467337 
189 282 17 22 0.34447658 
649 315 14 16 0.33473572 
487 294 13 17 0.31618157 
100 235 26 28 0.29560953 
711 316 12 15 0.28864473 
655 334 9 11 0.282273 
635 312 11 14 0.2706886 
831 318 12 14 0.26360843 
614 315 16 20 0.2622038 
0 238 32 38 0.24591276 
192 411 24 32 0.224299 
111 456 36 42 0.22267774 
516 314 14 18 0.22017823 
68 386 52 57 0.21757182 
73 254 44 53 0.21608466 
466 296 21 28 0.21483868 
427 296 21 27 0.21460049 
544 256 10 13 0.21178365 
176 221 12 16 0.21151374 
374 232 12 15 0.21004066 
698 292 11 15 0.20382039 
264 253 12 14 0.2009808 
608 348 15 19 0.20087847 
612 301 14 18 0.18864314 
822 495 33 42 0.18608621 
48 413 45 53 0.18588917 
25 239 29 36 0.18167494 
929 315 24 30 0.18155159 
595 314 14 20 0.18042563 
180 223 13 15 0.17914772 
68 353 50 58 0.1782308 
583 279 11 13 0.17674775 
680 287 10 12 0.17661671 
691 315 13 17 0.16956139 
480 244 10 12 0.16865376 
47 349 43 51 0.16637386 
575 260 10 14 0.1618242 
316 274 26 33 0.15850927 
79 198 9 12 0.15452869 
995 299 14 17 0.14817727 
358 377 21 30 0.14703424 
345 274 23 31 0.1465178 
36 238 14 18 0.14613913 
189 223 12 15 0.14480308 
680 334 12 14 0.13968082 
175 215 11 13 0.13933364 
792 300 20 26 0.13918753 
477 347 17 21 0.13699049 
576 278 10 13 0.13438141 
597 330 13 18 0.13068332 
579 325 16 20 0.13049573 
634 392 14 18 0.12900192 
328 274 26 34 0.12779483 
768 286 8 11 0.12678424 
230 276 16 23 0.12625894 
854 324 12 15 0.124976285 
364 401 15 20 0.122160174 
349 385 13 20 0.122118086 
684 332 12 14 0.11767874 
719 286 11 14 0.11725953 
536 254 9 13 0.116233975 
589 277 12 15 0.111273505 
260 443 29 33 0.10993733 
16 483 43 53 0.10990467 
951 241 27 31 0.10906207 
172 279 26 30 0.107420236 
664 273 8 12 0.10723122 
534 307 13 18 0.106786795 
533 293 11 16 0.10631263 
687 323 13 17 0.105951115 
681 292 10 12 0.10062903 
124 215 10 14 0.100448325 
700 287 11 14 0.09996359 
388 352 22 33 0.09947405 
369 280 16 21 0.09932056 
491 339 15 22 0.0988898 
463 255 14 17 0.09846359 
650 322 13 16 0.09604941 
53 494 50 49 0.095969334 
379 235 11 15 0.09397291 
257 406 29 32 0.09357777 
670 333 10 14 0.09162873 
852 316 12 16 0.091109715 
103 189 11 13 0.090710826 
180 328 13 19 0.09065487 
156 221 10 12 0.09034453 
94 248 32 36 0.08949986 
502 421 39 52 0.08877465 
615 246 8 10 0.08763526 
38 211 11 12 0.08573542 
54 219 11 14 0.0851055 
367 228 15 18 0.08479541 
790 295 12 14 0.08232939 
269 291 14 16 0.081575036 
1004 261 11 14 0.08126919 
60 213 10 13 0.08096352 
682 271 9 10 0.079028346 
57 229 12 14 0.07777641 
734 330 13 17 0.07772779 
30 260 31 50 0.07591311 
662 333 10 14 0.07543979 
320 251 13 16 0.07529663 
270 237 12 16 0.07482532 
510 289 24 31 0.07397154 
89 434 87 98 0.07006169 
614 296 10 13 0.06964552 
364 267 17 23 0.068751656 
188 466 29 40 0.06790475 
656 284 10 11 0.067809656 
554 293 15 19 0.06769313 
678 386 11 14 0.06761475 
76 277 30 36 0.066037625 
932 320 14 19 0.065579295 
547 259 11 13 0.064831644 
477 312 20 26 0.064149775 
168 320 27 37 0.064022824 
446 280 18 21 0.06252171 
815 355 13 16 0.062367443 
208 244 12 16 0.062260173 
500 322 14 19 0.061676476 
269 285 25 27 0.061465673 
604 314 12 18 0.061331574 
387 293 15 20 0.0610659 
390 307 24 29 0.061031226 
630 293 9 11 0.060818948 
408 416 14 17 0.060300183 
279 444 23 30 0.05929215 
206 213 8 9 0.058609188 
492 283 14 18 0.058488153 
371 368 31 36 0.058052015 
479 240 9 12 0.058038723 
59 233 13 15 0.058038276 
558 320 14 20 0.057821535 
212 250 11 13 0.057282858 
265 256 17 18 0.05726174 
651 301 12 15 0.056897335 
178 275 19 22 0.056630522 
776 321 14 18 0.056026418 
630 270 8 11 0.05572858 
795 312 14 18 0.055621292 
476 294 15 19 0.05535873 
676 317 12 15 0.05530659 
295 440 23 29 0.055248573 
669 323 13 15 0.054976936 
332 421 27 37 0.05412113 
197 228 11 14 0.05329783 
392 238 10 14 0.052924953 
30 347 41 56 0.052657165 
434 293 16 19 0.052575447 
661 284 9 12 0.052541062 
207 238 11 14 0.05248365 
63 344 37 43 0.05196789 
527 249 10 12 0.051351327 
387 275 22 29 0.050959196 
806 332 14 17 0.050914444 
982 321 15 18 0.050786193 
535 284 10 15 0.05063566 
200 213 10 12 0.050487816 
1001 339 20 26 0.050422985 
54 524 69 64 0.050112087 
527 298 14 17 0.04982588 
96 200 9 10 0.04949438 
773 288 9 11 0.04941399 
545 269 10 13 0.0489758 
373 276 24 30 0.0480535 
32 488 48 53 0.04794019 
858 319 18 20 0.047725793 
261 396 15 20 0.047704145 
213 214 8 10 0.047550526 
684 299 11 14 0.04754033 
103 397 52 67 0.046610642 
188 421 18 25 0.046495795 
303 296 12 17 0.04617159 
605 304 18 25 0.046155423 
425 250 16 22 0.046067752 
140 236 14 19 0.046035137 
460 395 13 16 0.04591714 
488 274 13 17 0.045700617 
264 387 25 27 0.045057155 
323 320 25 34 0.044545226 
129 460 31 38 0.043702748 
462 304 17 23 0.043555982 
457 286 16 22 0.04354728 
972 320 13 17 0.04342824 
45 214 11 13 0.043338794 
51 397 34 42 0.04312017 
1000 382 10 13 0.04309046 
319 347 27 36 0.042958055 
204 221 10 12 0.042879872 
356 265 18 22 0.04280216 
408 326 30 37 0.042478807 
563 308 22 27 0.04172881 
270 274 22 25 0.041703258 
158 277 28 32 0.041538663 
563 291 12 15 0.041336548 
267 265 18 21 0.041310534 
511 275 12 17 0.041205663 
119 435 51 62 0.040860076 
50 485 36 40 0.04074697 
334 419 15 20 0.040562406 
25 363 29 33 0.04052351 
1005 301 12 15 0.040470447 
230 222 10 12 0.040407714 
52 264 43 58 0.040384356 
535 250 7 10 0.04027952 
214 299 28 40 0.040270984 
632 325 11 15 0.040257927 
388 262 23 28 0.04012762 
499 291 20 28 0.04001727 
70 487 33 38 0.03973821 
625 270 9 11 0.03973045 
196 221 13 14 0.039652005 
393 224 10 12 0.039103832 
368 657 46 60 0.039069563 
332 281 15 20 0.038986795 
463 294 15 23 0.038937118 
655 387 9 13 0.038391024 
664 325 9 13 0.03829299 
356 342 28 33 0.03826475 
314 362 27 35 0.038255706 
350 305 16 20 0.038071554 
152 215 10 13 0.037967682 
286 268 14 18 0.037907608 
585 320 21 26 0.037867956 
75 198 9 12 0.037800126 
542 304 14 20 0.037610073 
235 284 15 21 0.037599195 
232 450 21 29 0.03758705 
83 198 11 12 0.037503168 
519 307 19 26 0.037334956 
45 412 27 32 0.0371051 
669 277 10 12 0.036712747 
999 266 13 16 0.03668284 
308 436 22 31 0.036662765 
759 285 10 13 0.036322538 
427 262 15 19 0.03630175 
158 216 9 12 0.035962567 
654 292 12 15 0.035714433 
295 333 42 51 0.03569887 
455 430 12 15 0.035675254 
458 268 18 22 0.035668608 
679 278 10 12 0.03561727 
522 432 15 22 0.035566647 
677 323 14 17 0.035373725 
290 299 16 18 0.03491879 
147 243 13 19 0.034908764 
33 206 10 14 0.034639083 
207 293 28 34 0.03463702 
492 325 20 27 0.03446129 
965 321 14 18 0.03380688 
266 416 25 28 0.03370111 
389 347 16 23 0.033516906 
834 312 18 24 0.033511937 
624 287 8 10 0.03350557 
227 269 16 21 0.03348012 
281 290 17 20 0.03336289 
254 260 11 14 0.033199336 
185 221 21 23 0.033125907 
392 229 11 14 0.033094388 
1012 307 11 17 0.033041276 
56 208 9 11 0.033020254 
340 323 15 18 0.032979183 
516 281 15 21 0.0329724 
214 231 9 10 0.032871068 
343 323 25 32 0.032408733 
503 323 19 27 0.03238975 
331 430 37 46 0.03237548 
539 166 417 480 0.03235153 
472 246 9 11 0.032265 
647 284 10 11 0.032158107 
714 309 13 17 0.032121424 
188 287 25 28 0.032071386 
376 264 25 30 0.031934172 
259 423 30 36 0.031918574 
616 306 15 18 0.031751987 
805 323 14 17 0.03164975 
437 280 24 32 0.031576112 
663 261 8 10 0.031572226 
474 238 9 12 0.03154397 
350 268 15 20 0.031503934 
91 458 50 55 0.031285126 
475 260 12 15 0.031201946 
544 291 14 20 0.03093718 
1010 340 13 20 0.030899188 
452 394 14 18 0.030887414 
679 325 21 24 0.03087815 
47 218 12 14 0.030848855 
628 301 12 16 0.03081065 
421 318 24 36 0.030809691 
919 310 26 32 0.03067691 
453 238 10 14 0.030385101 
820 307 11 15 0.030350061 
361 360 29 35 0.030340353 
599 240 8 9 0.030084679 
244 228 13 16 0.030074976 
0 281 47 78 0.030001849 
117 302 61 62 0.029893275 
523 321 15 21 0.029687082 
311 286 25 31 0.029605549 
872 523 13 17 0.02958051 
264 400 19 25 0.029509969 
260 243 21 25 0.029355431 
279 340 31 40 0.029185018 
327 322 14 19 0.029130453 
945 348 22 29 0.029112251 
809 337 16 16 0.029054267 
204 498 44 60 0.029050164 
486 286 14 18 0.029011026 
993 292 15 17 0.029008562 
662 256 9 11 0.0290067 
168 213 11 14 0.028930753 
671 350 8 11 0.028878137 
558 288 12 15 0.028771657 
990 337 21 27 0.028613392 
63 376 37 48 0.028586887 
244 281 13 19 0.02856648 
247 260 10 14 0.028538996 
758 302 11 14 0.028499452 
30 400 82 95 0.028182985 
508 402 12 16 0.028148541 
725 289 11 15 0.02811865 
371 391 27 32 0.02806952 
605 339 15 20 0.028059619 
239 347 39 48 0.028025135 
668 272 10 11 0.028024128 
137 238 23 31 0.02797928 
4 230 44 56 0.027942376 
581 275 20 23 0.027920058 
510 304 16 22 0.02774444 
623 293 10 12 0.027694374 
373 225 10 13 0.027678259 
390 428 10 12 0.027360387 
257 346 35 38 0.027310139 
71 204 9 12 0.027281234 
984 321 22 27 0.027229408 
594 277 12 14 0.027164677 
0 323 27 51 0.027154485 
656 375 8 12 0.027033495 
695 285 20 24 0.02699581 
1011 350 13 20 0.026899757 
359 235 13 16 0.026876925 
555 310 15 21 0.02667072 
200 234 10 14 0.02664207 
85 283 34 38 0.026638297 
992 306 14 17 0.02644082 
696 310 19 24 0.026415566 
201 283 15 18 0.02630257 
469 349 17 22 0.026273767 
748 382 14 15 0.026220854 
670 262 9 10 0.026198827 
415 261 14 19 0.026156794 
694 349 9 11 0.026070185 
649 295 11 13 0.026066119 
401 361 14 20 0.026039079 
681 264 8 10 0.0259633 
365 239 14 17 0.025853153 
95 295 56 58 0.025789775 
445 350 13 16 0.025786566 
84 427 47 58 0.025721692 
63 209 9 12 0.025716543 
735 295 11 13 0.025642324 
667 329 18 23 0.025605436 
757 309 14 17 0.025558064 
686 265 8 10 0.025539562 
514 334 17 22 0.025511293 
140 211 11 15 0.025506375 
931 301 14 16 0.025393182 
996 316 14 17 0.025264708 
749 309 12 16 0.025241747 
1014 314 11 15 0.025204439 
678 347 11 13 0.02517056 
156 227 12 13 0.025127746 
429 258 23 30 0.025107173 
758 290 11 15 0.02510165 
172 269 17 21 0.025037043 
805 336 23 30 0.02495843 
519 234 11 13 0.02495778 
477 357 16 20 0.024818761 
324 390 24 30 0.024753617 
146 272 46 54 0.02475131 
592 245 8 10 0.024735102 
701 332 11 13 0.024729853 
232 324 45 52 0.024694737 
695 279 9 11 0.024653094 
785 295 10 12 0.024517596 
434 268 25 30 0.024490371 
318 337 15 20 0.024482848 
229 505 49 62 0.024404487 
209 307 48 58 0.024363326 
403 270 21 27 0.024289321 
291 456 27 34 0.02426987 
664 388 10 14 0.024082817 
263 236 14 17 0.02400837 
272 449 17 22 0.024003778 
351 291 22 30 0.023938145 
411 308 26 34 0.023801988 
319 297 25 33 0.023781192 
215 274 12 16 0.023766352 
855 367 41 49 0.023764513 
830 311 10 13 0.023693515 
322 376 17 26 0.023684045 
491 314 15 22 0.023658229 
421 244 16 20 0.023651157 
326 414 25 33 0.023624923 
256 448 45 51 0.023561692 
259 276 25 29 0.023561362 
482 576 9 11 0.02354863 
147 245 25 31 0.023435945 
956 328 13 18 0.023389667 
240 451 43 51 0.023383705 
255 252 12 15 0.02337489 
237 226 14 18 0.023323191 
562 326 15 20 0.023298329 
212 293 15 19 0.023295296 
399 338 29 42 0.02308324 
970 318 22 27 0.023069747 
230 356 12 16 0.0228967 
306 294 17 21 0.022824809 
470 425 13 15 0.022795813 
435 403 15 18 0.022749908 
446 242 12 17 0.022735931 
336 285 25 33 0.02260492 
1013 398 10 16 0.022603005 
158 264 26 30 0.022581384 
173 212 19 23 0.02257751 
418 335 28 36 0.022513183 
246 252 11 14 0.022506991 
631 288 8 11 0.0224765 
526 259 11 15 0.022340318 
45 228 13 17 0.022261087 
296 240 10 11 0.022257922 
466 264 16 20 0.022224998 
341 375 22 32 0.022201663 
282 273 16 21 0.022184579 
198 237 24 30 0.02217733 
336 312 24 31 0.022154974 
381 310 16 23 0.022139577 
662 382 10 13 0.022082653 
329 330 37 50 0.022067882 
436 245 13 19 0.022060938 
504 269 11 15 0.022046488 
1011 301 11 15 0.02200727 
925 308 16 19 0.022005456 
589 254 9 11 0.021995278 
114 235 24 32 0.021976065 
794 294 16 16 0.021945108 
673 383 10 13 0.021907168 
978 408 30 34 0.02185013 
248 275 22 28 0.021849658 
135 203 12 15 0.021826133 
435 300 22 29 0.021781227 
168 440 45 60 0.021724714 
662 317 12 15 0.021705482 
714 320 12 17 0.021698263 
232 226 11 15 0.02168749 
170 302 44 55 0.021639138 
736 303 17 19 0.021605698 
439 235 11 14 0.02160135 
4 491 33 50 0.021584218 
29 506 66 70 0.021550424 
89 287 18 23 0.02146749 
294 410 16 22 0.02146165 
217 321 27 38 0.021392426 
206 299 15 19 0.021383803 
405 252 12 16 0.021251557 
107 329 62 70 0.021188026 
155 267 16 19 0.021158475 
238 234 11 15 0.021145731 
-2 275 27 46 0.021128263 
232 216 9 12 0.021085711 
624 264 9 11 0.021049812 
696 269 9 11 0.021034785 
254 214 11 13 0.021008424 
531 331 13 17 0.020981032 
436 274 14 18 0.020979954 
299 319 26 37 0.02094812 
146 266 28 34 0.020927478 
93 266 33 42 0.020925956 
226 308 18 26 0.020786721 
411 281 14 18 0.020724809 
277 227 13 16 0.020705491 
276 430 25 32 0.02068273 
383 384 18 22 0.020679241 
576 240 8 10 0.020633139 
325 368 15 21 0.020632843 
362 261 16 20 0.020607565 
414 314 15 21 0.020594403 
195 296 14 17 0.02059353 
780 304 20 26 0.020505724 
40 226 21 28 0.020473234 
452 294 15 21 0.020424737 
400 316 27 32 0.02040505 
265 345 18 21 0.020387152 
205 229 11 15 0.020372797 
281 394 15 20 0.020372199 
217 268 11 15 0.020286623 
19 218 15 19 0.020260451 
986 316 16 19 0.020230168 
404 245 24 29 0.020196442 
638 286 11 12 0.020138947 
389 404 12 16 0.020119404 
519 280 22 31 0.020102495 
503 275 12 18 0.02009168 
678 281 19 23 0.02006035 
477 250 12 15 0.020052034 
403 370 12 17 0.020010851 
