0_Parade_marchingband_1_476
369
744 178 49 63 0.998743 
590 169 27 34 0.99854386 
676 162 32 36 0.9971052 
518 174 23 31 0.9966158 
857 101 36 42 0.99660146 
282 255 24 37 0.9960372 
452 221 30 34 0.995109 
794 126 47 55 0.9936051 
612 200 37 50 0.9915911 
430 190 21 27 0.97888076 
421 275 37 51 0.9711978 
352 225 20 27 0.9677128 
204 249 22 32 0.9605269 
335 264 26 44 0.9577533 
314 217 18 25 0.9339668 
385 221 20 28 0.9273448 
325 143 13 18 0.9250143 
400 200 23 29 0.90649337 
264 178 11 15 0.89884543 
644 58 12 16 0.88129073 
489 192 24 30 0.8801611 
222 190 14 17 0.8263336 
242 257 20 31 0.81874466 
575 160 16 23 0.79003644 
73 254 22 27 0.76792073 
406 136 13 16 0.74816936 
711 52 12 15 0.7343095 
58 231 15 22 0.7229793 
175 185 13 17 0.7136833 
582 93 12 15 0.6293732 
199 178 13 18 0.5725193 
477 118 13 15 0.49665007 
736 37 12 16 0.44054046 
612 19 9 12 0.42820674 
696 69 9 12 0.41421494 
155 199 17 19 0.40562662 
351 151 12 14 0.39516592 
374 142 9 13 0.36914948 
392 136 10 12 0.33246332 
528 102 8 10 0.33219734 
566 103 10 13 0.31721094 
861 1 17 17 0.295329 
503 117 10 13 0.29377285 
486 191 13 15 0.2898022 
581 161 26 33 0.28688425 
693 63 12 14 0.28669098 
612 70 12 15 0.28318974 
246 188 11 14 0.27618498 
247 181 11 15 0.25553206 
761 14 11 12 0.25072315 
312 164 12 14 0.24868159 
537 89 8 10 0.24300686 
562 87 8 10 0.21790688 
367 141 10 14 0.21026714 
679 43 11 13 0.20878546 
485 119 10 13 0.20729974 
745 94 13 18 0.20422982 
876 33 32 40 0.2032183 
850 27 16 19 0.19742027 
585 67 9 12 0.18673085 
303 165 10 12 0.18653755 
575 131 12 18 0.18437362 
53 236 15 20 0.18258332 
197 192 13 15 0.18010369 
751 39 10 14 0.17872415 
861 57 13 16 0.17294009 
327 261 24 36 0.15788393 
686 114 12 15 0.15748152 
816 37 12 14 0.15672313 
741 41 12 15 0.1559109 
296 168 10 12 0.15528548 
422 121 9 11 0.14735022 
716 56 12 15 0.144498 
543 70 8 10 0.14426006 
541 88 7 10 0.140511 
593 76 10 13 0.13877018 
590 70 9 11 0.13855584 
202 182 15 20 0.13648203 
784 5 11 13 0.13130683 
566 107 12 16 0.124647155 
66 233 15 19 0.122216396 
651 60 9 14 0.1199405 
680 70 8 11 0.11754707 
774 46 11 13 0.11754391 
892 4 17 16 0.116444014 
637 91 10 13 0.11607966 
21 231 18 24 0.11566544 
703 99 14 19 0.11456176 
76 226 15 18 0.1131592 
528 109 8 10 0.109488435 
496 117 8 11 0.10218449 
492 279 36 50 0.095962554 
561 92 8 12 0.09395646 
890 37 24 29 0.09386869 
258 249 25 35 0.09196455 
619 75 12 15 0.0917633 
497 102 8 10 0.091251776 
528 96 9 11 0.091068536 
607 72 11 14 0.0907818 
501 103 7 10 0.08927336 
240 324 22 30 0.086951025 
696 39 8 12 0.0865218 
878 41 13 19 0.0829891 
693 55 10 12 0.08232791 
672 39 9 11 0.08134144 
510 112 8 11 0.07491459 
268 255 27 35 0.07202059 
565 94 9 12 0.07171595 
508 116 9 12 0.071228765 
702 39 8 12 0.07068193 
756 39 9 13 0.0706576 
612 64 11 13 0.06983344 
396 134 13 15 0.06895285 
499 191 17 22 0.06865195 
788 12 11 12 0.0679787 
550 70 8 10 0.06793029 
599 72 9 12 0.06759755 
762 19 12 14 0.06678688 
622 45 8 11 0.066181265 
153 309 54 54 0.06571073 
688 70 9 11 0.06567106 
538 69 9 11 0.06498263 
509 237 24 29 0.064910695 
800 28 12 14 0.063752376 
742 52 9 12 0.06320251 
624 15 9 11 0.06309692 
1 314 15 18 0.06168602 
307 260 25 34 0.06116496 
689 54 9 12 0.061080784 
679 31 9 11 0.06053911 
780 44 12 16 0.060441133 
690 62 9 11 0.06040058 
521 111 8 10 0.059514675 
340 206 23 27 0.059109237 
883 3 29 28 0.059076045 
262 241 17 20 0.058830682 
542 65 7 9 0.0586618 
770 45 8 12 0.05861002 
248 177 10 12 0.05839414 
363 220 23 29 0.058191016 
785 21 10 12 0.057838265 
818 27 13 17 0.057347357 
560 4 12 12 0.057046838 
17 271 27 29 0.05684502 
566 329 22 30 0.0563351 
186 242 12 15 0.05617892 
617 54 10 12 0.05609191 
784 29 10 13 0.05534283 
382 140 10 14 0.054909382 
683 333 16 23 0.054641046 
633 61 10 14 0.053781115 
639 40 9 11 0.053639624 
419 201 13 20 0.053153556 
737 53 9 12 0.053147797 
139 237 12 13 0.052645348 
700 61 12 14 0.05262727 
798 4 13 13 0.051950835 
165 323 12 14 0.051888157 
551 96 8 10 0.051812377 
538 64 8 10 0.051727254 
605 44 10 12 0.050856203 
741 34 10 12 0.05076764 
639 46 10 11 0.049151283 
703 45 8 11 0.048631564 
69 242 23 31 0.04836552 
473 280 28 42 0.048305813 
784 2 10 9 0.04823659 
552 234 29 36 0.047670126 
360 141 12 15 0.047155544 
496 109 10 14 0.04692588 
211 247 15 21 0.046595782 
522 103 8 10 0.044967018 
352 213 23 28 0.044818997 
729 44 11 14 0.044773612 
783 34 12 15 0.04473563 
830 15 43 51 0.04469123 
625 118 10 14 0.044265293 
574 100 11 13 0.044079226 
287 158 8 10 0.043931626 
629 67 11 14 0.043672994 
599 43 10 13 0.043335684 
710 37 10 12 0.0431073 
189 332 14 15 0.043084715 
299 205 14 18 0.042787697 
254 180 10 13 0.04267149 
686 38 11 14 0.042493857 
866 44 23 30 0.042438403 
709 85 11 15 0.041937992 
191 189 13 17 0.041621823 
705 52 11 13 0.04153818 
737 60 10 12 0.04137228 
193 186 21 25 0.040668126 
589 285 31 36 0.040411275 
598 99 9 11 0.040273797 
714 48 12 15 0.039910525 
568 29 9 12 0.039631363 
550 100 9 11 0.039443318 
563 101 9 12 0.039408993 
109 299 11 14 0.039387096 
736 32 10 13 0.038661525 
587 96 12 15 0.038603265 
541 92 9 10 0.03828756 
532 110 9 10 0.0382692 
460 126 12 15 0.03825892 
488 111 9 12 0.03824821 
137 224 9 13 0.038115304 
316 156 13 15 0.037493035 
775 38 11 14 0.03737441 
4 300 15 18 0.037270315 
238 180 13 15 0.037163973 
814 30 19 26 0.036931343 
83 222 13 17 0.03689476 
806 36 11 13 0.03662368 
691 107 13 18 0.036147866 
472 112 10 12 0.03593286 
375 270 23 33 0.035756104 
209 181 12 15 0.035678696 
442 181 17 21 0.035302073 
692 123 12 16 0.035129443 
777 82 15 18 0.03508037 
87 257 17 19 0.034654442 
591 82 12 15 0.034628574 
856 52 24 26 0.03461 
557 254 14 17 0.03447089 
653 55 10 13 0.03437453 
673 43 11 13 0.03427243 
859 68 47 60 0.034205336 
603 213 31 37 0.033586625 
374 371 43 60 0.03353264 
290 244 26 33 0.032942794 
781 69 15 19 0.03273098 
36 242 14 17 0.03261187 
590 302 27 30 0.032499123 
302 214 22 27 0.03245221 
490 102 8 11 0.03234942 
439 190 23 28 0.031990793 
691 63 20 24 0.03169621 
768 39 9 13 0.031366765 
706 92 13 17 0.03134444 
158 318 25 28 0.03097228 
173 300 14 17 0.03050196 
588 63 9 12 0.030410053 
92 246 14 16 0.030089563 
322 213 23 29 0.030079283 
117 218 11 14 0.030055355 
519 115 10 12 0.030038824 
527 115 10 12 0.02990889 
364 136 18 24 0.029638896 
162 187 20 26 0.02952868 
539 162 16 21 0.029489681 
567 23 9 13 0.02937552 
717 37 10 12 0.029273149 
609 357 23 29 0.029226676 
152 242 12 13 0.029191703 
568 36 11 13 0.029121755 
333 209 16 21 0.029044367 
315 167 14 17 0.028945507 
702 21 9 11 0.02886435 
866 51 32 38 0.028851166 
508 181 23 29 0.028533945 
188 308 30 32 0.028291637 
563 1 12 10 0.028225226 
567 230 27 33 0.027938375 
45 240 23 28 0.027842266 
347 147 20 22 0.027685823 
174 261 13 15 0.027641246 
686 31 9 12 0.027540952 
417 123 12 15 0.027177276 
679 63 9 11 0.027142804 
455 127 11 13 0.027051276 
688 75 9 11 0.027019113 
511 87 8 10 0.026913079 
387 212 22 27 0.026326712 
693 131 14 17 0.026052196 
531 102 10 12 0.02566562 
390 144 12 15 0.025643094 
655 38 9 11 0.025579935 
111 213 13 18 0.025418181 
759 27 12 14 0.02535766 
782 2 20 23 0.025299417 
804 24 12 13 0.025044573 
225 243 16 20 0.02486292 
401 213 18 25 0.0248413 
622 40 8 11 0.024815584 
693 30 10 12 0.02453465 
8 283 26 28 0.024460701 
685 119 15 19 0.024376739 
712 33 8 10 0.02433353 
409 198 17 22 0.024311526 
202 309 17 22 0.024240341 
850 19 42 49 0.024232255 
43 256 18 22 0.02418203 
710 79 10 13 0.024049243 
436 273 37 42 0.023961367 
776 31 10 12 0.023957886 
599 231 14 18 0.023938028 
194 180 11 15 0.023917431 
846 33 26 31 0.02383992 
621 61 12 15 0.02371116 
3 324 16 20 0.023635998 
936 155 28 43 0.023584422 
0 292 24 30 0.023542035 
482 291 17 24 0.023500353 
530 88 8 11 0.023438143 
12 224 21 31 0.02301336 
757 8 19 24 0.022975376 
172 243 14 16 0.022960227 
777 69 24 32 0.022938116 
363 213 17 21 0.022936536 
30 267 25 31 0.022915768 
628 19 11 13 0.022897579 
301 160 19 23 0.022872612 
751 12 11 14 0.02286314 
312 150 9 13 0.022833874 
434 221 25 32 0.022832552 
622 7 10 11 0.022827832 
30 236 23 27 0.02281133 
570 317 31 35 0.022779988 
609 156 16 20 0.02277089 
279 176 9 11 0.022621697 
877 82 30 34 0.02252413 
673 68 9 12 0.022513375 
255 167 9 12 0.022488037 
166 305 34 37 0.022442758 
673 30 9 12 0.022382228 
473 120 12 16 0.022381578 
635 99 14 19 0.022293305 
851 3 25 27 0.0222843 
578 62 8 11 0.022275222 
703 17 7 9 0.022244086 
139 228 11 13 0.022158444 
728 24 8 10 0.022137368 
559 114 13 16 0.022117425 
720 281 36 38 0.02197228 
59 254 39 47 0.02188885 
157 191 14 17 0.021780083 
768 50 10 13 0.021676406 
795 11 12 14 0.021656794 
677 145 26 33 0.021649297 
45 225 24 27 0.021568224 
8 207 10 14 0.021517832 
175 322 33 35 0.021477269 
695 22 10 12 0.021471657 
359 421 11 15 0.02145688 
772 45 23 28 0.021380078 
904 40 16 21 0.021343207 
615 79 14 16 0.0213075 
201 232 42 52 0.021259127 
881 35 19 25 0.02114945 
213 242 25 33 0.02106051 
113 246 8 10 0.02098926 
615 6 9 12 0.020791182 
289 166 9 11 0.02071719 
764 26 13 14 0.020672288 
262 227 14 16 0.020554874 
813 15 24 28 0.02055066 
798 34 13 15 0.020540725 
676 38 20 24 0.020496901 
543 75 8 11 0.020430392 
850 14 23 29 0.020423636 
221 251 26 32 0.02031737 
287 173 10 13 0.02026528 
585 75 11 13 0.020222398 
717 341 13 16 0.020188574 
270 166 11 13 0.020169023 
725 52 10 13 0.020138308 
324 248 15 20 0.020110607 
776 4 13 15 0.020073412 
576 233 14 18 0.020070747 
