0_Parade_Parade_0_465
54
513 122 101 125 0.9998578 
409 113 93 125 0.9996526 
1004 122 16 21 0.9583143 
106 86 21 32 0.9506761 
946 119 15 20 0.8833402 
903 101 12 13 0.41982636 
501 233 345 487 0.20031413 
678 84 12 17 0.16705415 
914 130 16 21 0.13232976 
76 97 24 30 0.10258315 
931 133 12 15 0.10143652 
925 132 13 20 0.098119915 
341 196 388 472 0.07773122 
877 77 10 12 0.07483229 
1004 143 15 20 0.06905231 
846 75 11 15 0.067641556 
863 116 15 19 0.06165241 
444 382 22 23 0.060067922 
910 126 13 18 0.049510133 
928 101 10 12 0.04696621 
848 138 17 21 0.04643937 
853 101 13 16 0.046435285 
894 99 13 16 0.045562733 
888 99 12 15 0.041446775 
1009 69 8 11 0.04001994 
899 97 20 22 0.036926683 
889 143 11 14 0.036529765 
896 107 13 15 0.03545868 
902 123 13 16 0.034687486 
847 107 12 16 0.03279093 
892 108 23 28 0.032610796 
902 111 22 28 0.03062824 
92 86 27 33 0.029215325 
84 92 40 43 0.028508171 
269 91 61 52 0.028420059 
87 435 29 43 0.027305057 
895 110 38 49 0.026142709 
906 106 13 16 0.025848346 
989 93 10 11 0.025001356 
933 94 10 12 0.024996255 
852 123 26 33 0.024532832 
-1 74 21 35 0.024279574 
715 136 22 31 0.024254138 
933 119 21 27 0.023582323 
867 112 24 33 0.022991044 
713 223 11 14 0.022969985 
766 214 8 11 0.022875767 
860 109 14 18 0.021975424 
692 157 27 43 0.021816282 
724 104 13 19 0.02167364 
717 96 22 30 0.021480877 
893 122 15 18 0.020856703 
910 115 24 30 0.020293431 
671 90 12 15 0.020176794 
