0_Parade_Parade_0_873
637
818 503 64 81 0.998705 
319 461 48 61 0.99842024 
402 324 25 33 0.9977278 
298 354 25 30 0.99740416 
149 411 34 38 0.9970521 
612 488 51 73 0.9962205 
745 355 24 31 0.99613804 
772 358 24 32 0.9944886 
450 395 32 44 0.9939547 
627 364 24 31 0.9921079 
716 406 34 45 0.9911317 
727 485 45 64 0.9897098 
453 521 66 84 0.98881197 
957 343 31 36 0.9868019 
95 585 77 105 0.9844318 
853 328 21 27 0.98373204 
29 432 31 44 0.9815553 
867 579 104 122 0.9766948 
902 376 24 35 0.97401625 
964 296 15 20 0.97218704 
211 308 19 23 0.971422 
370 322 20 23 0.9696185 
23 299 13 16 0.9646805 
131 386 27 33 0.962766 
932 297 22 28 0.9619504 
60 336 14 17 0.9573714 
277 373 23 29 0.9540391 
927 404 46 50 0.9539993 
702 290 14 18 0.95151675 
743 314 20 25 0.94959193 
668 363 22 28 0.9485241 
665 393 26 36 0.94837284 
480 310 17 22 0.9467301 
808 352 20 27 0.9462063 
818 319 22 27 0.9323941 
189 358 17 22 0.9234364 
467 349 16 21 0.9224107 
317 403 33 45 0.9222476 
426 307 16 20 0.9137651 
901 350 28 36 0.886807 
318 322 14 18 0.88233715 
14 362 22 29 0.8773842 
587 322 14 17 0.87500346 
991 308 22 28 0.871754 
974 458 50 74 0.8702253 
78 461 47 59 0.86696583 
907 307 16 19 0.8647606 
572 309 13 16 0.8567346 
0 390 22 32 0.84217036 
980 294 15 20 0.83988816 
32 338 15 17 0.83280677 
856 380 26 35 0.8258299 
631 310 17 22 0.8139705 
624 333 18 28 0.7990032 
735 300 15 18 0.7843019 
663 312 13 19 0.782082 
79 371 22 27 0.77163935 
657 616 64 65 0.7594746 
446 371 25 32 0.7527352 
934 271 16 18 0.74853784 
995 363 25 37 0.74599767 
501 322 16 20 0.71111387 
553 424 38 55 0.7087416 
511 372 20 28 0.6926731 
982 283 17 21 0.6853113 
777 416 36 42 0.6643205 
459 317 14 18 0.6423192 
178 336 15 18 0.61901355 
721 366 20 28 0.6160375 
810 438 42 50 0.61013025 
534 359 24 30 0.5926273 
247 323 14 16 0.59249765 
523 345 17 22 0.5531959 
336 369 26 30 0.54759234 
691 389 28 35 0.53718996 
140 481 31 55 0.5335518 
794 315 15 20 0.531688 
293 331 14 18 0.5228868 
96 465 47 64 0.4905671 
246 344 15 18 0.45916897 
77 355 13 15 0.45326707 
969 423 37 54 0.4510367 
811 296 13 17 0.45011887 
807 265 12 15 0.4334576 
151 333 12 14 0.4090077 
99 342 12 13 0.4073741 
275 318 16 18 0.40425047 
161 346 14 17 0.40357605 
533 300 11 13 0.40078866 
586 369 25 29 0.39165744 
350 345 16 20 0.38504192 
534 317 14 17 0.38477013 
785 300 15 18 0.38436195 
528 351 22 29 0.38382465 
238 370 23 26 0.38083407 
154 327 11 13 0.37813434 
873 267 10 13 0.37283644 
501 359 17 22 0.3708742 
254 351 16 22 0.36683738 
920 275 12 15 0.34816977 
678 388 28 40 0.33433986 
15 546 28 39 0.3132335 
831 301 12 13 0.30046675 
710 307 15 19 0.3002931 
59 364 13 18 0.2964862 
691 358 15 19 0.29333925 
78 392 22 27 0.28103617 
322 326 16 19 0.2791777 
202 399 21 26 0.27124888 
905 358 33 48 0.27085012 
708 270 9 11 0.26422086 
773 328 16 19 0.25680205 
4 326 14 19 0.25524914 
726 336 14 19 0.25514007 
1011 320 13 23 0.25091606 
785 344 22 27 0.24882622 
320 352 20 26 0.24835101 
230 342 12 16 0.23588276 
744 268 10 13 0.22908928 
560 311 10 13 0.22132689 
143 392 18 21 0.21226883 
342 328 15 18 0.20996961 
252 327 16 18 0.20409915 
593 325 12 15 0.19868201 
864 341 24 29 0.19673263 
956 384 34 40 0.1905401 
789 424 42 54 0.18831211 
1001 310 18 31 0.18722999 
299 326 12 15 0.18698835 
796 346 23 27 0.18643613 
172 382 22 26 0.18620862 
791 409 33 37 0.18596654 
258 351 22 27 0.18398604 
603 377 22 27 0.17538606 
761 394 30 39 0.17367409 
502 342 13 17 0.17310995 
35 372 13 17 0.17195348 
65 443 30 34 0.17128897 
472 303 12 16 0.17037481 
861 284 13 16 0.1697653 
870 305 17 21 0.16623446 
1003 293 14 19 0.16593984 
436 327 13 18 0.16422167 
771 402 31 42 0.15999159 
913 412 42 51 0.15821126 
12 317 10 13 0.157929 
214 353 15 19 0.15784161 
158 363 13 19 0.15702553 
324 378 29 37 0.15567142 
17 345 15 18 0.15559098 
665 341 17 22 0.15102972 
708 353 17 21 0.15092283 
876 319 17 22 0.150858 
237 326 12 15 0.15058506 
-1 372 8 15 0.14571226 
567 330 12 16 0.143552 
681 311 11 14 0.14344692 
519 367 23 30 0.14141752 
967 393 33 43 0.14032674 
779 351 22 28 0.13952857 
150 368 14 18 0.13726975 
327 358 20 27 0.13560236 
573 395 24 29 0.12959014 
948 383 26 34 0.12864248 
582 316 14 18 0.12597331 
10 329 13 16 0.12534493 
835 308 15 18 0.12512797 
598 389 24 29 0.123839416 
247 307 14 16 0.121345885 
535 309 13 16 0.11960605 
130 378 19 25 0.11954192 
758 300 13 15 0.11797395 
81 350 13 15 0.11696162 
812 263 10 14 0.116801344 
773 374 28 37 0.11337826 
700 397 32 40 0.11262373 
24 367 18 22 0.109127425 
679 361 19 27 0.10761223 
642 428 27 39 0.10748568 
201 339 12 14 0.10699943 
185 374 23 26 0.10578493 
126 342 11 13 0.103983365 
548 331 11 14 0.10126528 
739 308 14 18 0.10123484 
908 316 21 28 0.101176575 
135 350 12 14 0.10011558 
697 353 17 21 0.09996123 
857 280 10 13 0.099890664 
766 330 14 20 0.097346224 
761 285 11 13 0.096771225 
348 349 24 28 0.096416704 
898 336 16 20 0.09637133 
44 416 15 19 0.09598588 
954 440 55 67 0.095596865 
530 349 39 48 0.094133146 
539 320 15 18 0.09372851 
111 440 35 41 0.09366347 
378 308 14 18 0.09304622 
592 398 22 26 0.09205904 
226 416 30 33 0.0914981 
118 323 11 13 0.09107786 
654 430 30 43 0.09046943 
39 316 10 12 0.09040779 
101 335 12 13 0.09018118 
857 349 24 31 0.089255854 
802 400 28 32 0.08894908 
936 313 24 28 0.08870999 
163 319 12 13 0.08825019 
758 256 8 10 0.08793955 
779 339 21 24 0.086908504 
750 245 8 9 0.08683992 
743 275 11 14 0.086198755 
61 432 26 34 0.084394984 
18 356 17 22 0.08411077 
322 319 14 16 0.08400272 
199 352 20 25 0.08362596 
235 341 13 18 0.08314165 
784 255 8 10 0.08161244 
99 353 15 18 0.0812213 
529 342 16 18 0.0811664 
282 322 14 19 0.08114277 
449 343 16 21 0.08114136 
894 346 22 31 0.08035103 
166 384 17 21 0.080102846 
650 355 16 20 0.07963754 
71 361 13 17 0.07874749 
526 337 10 14 0.077926844 
204 388 22 27 0.07729782 
584 347 18 21 0.07715941 
727 307 15 19 0.07596017 
801 322 14 17 0.07506889 
54 357 12 15 0.07442826 
460 329 15 20 0.074102335 
345 361 19 24 0.07342775 
775 388 30 37 0.07212921 
123 478 36 55 0.071701765 
198 409 22 30 0.0716086 
334 353 23 29 0.071594134 
956 404 45 54 0.07120924 
822 279 8 11 0.07058355 
351 454 41 62 0.069932655 
685 325 14 19 0.06977233 
706 299 15 18 0.06941436 
21 413 22 26 0.06918985 
146 341 10 12 0.069075145 
789 295 12 14 0.06768186 
224 341 12 14 0.067512855 
100 361 21 26 0.06750361 
120 342 11 13 0.067291975 
578 374 26 32 0.0670092 
95 446 40 51 0.06683955 
30 395 14 17 0.066661075 
48 356 10 14 0.06545348 
856 365 25 36 0.06529076 
212 369 15 21 0.06262324 
31 317 10 12 0.062501326 
287 361 22 32 0.06242573 
537 437 45 62 0.062150367 
904 437 31 42 0.062098432 
109 334 8 11 0.06192086 
729 362 17 25 0.061750177 
8 547 45 59 0.061619997 
567 312 13 17 0.06061671 
483 335 16 20 0.060450878 
23 323 10 13 0.060072754 
44 340 11 14 0.059669144 
667 386 18 25 0.058930404 
149 389 23 27 0.05878242 
534 372 26 36 0.058544107 
507 451 44 60 0.058542904 
981 375 30 37 0.058442138 
862 322 21 27 0.058284383 
1016 270 8 13 0.058041353 
10 312 10 13 0.05773097 
942 393 39 43 0.05762771 
87 363 23 28 0.05728683 
159 378 13 20 0.056639522 
564 436 43 61 0.056365605 
760 292 12 14 0.056147076 
64 474 36 40 0.056108173 
45 348 11 15 0.055874456 
274 325 18 21 0.055745922 
328 313 10 11 0.0555093 
217 360 16 21 0.05523461 
8 372 12 16 0.055225924 
72 361 22 28 0.05409037 
429 328 13 19 0.05380266 
37 312 10 12 0.053719934 
911 300 18 22 0.053561144 
162 368 14 17 0.053304214 
988 302 35 48 0.053077 
29 467 21 30 0.052611608 
844 380 25 32 0.05240429 
880 326 19 25 0.05231542 
830 311 20 27 0.052014425 
257 284 14 16 0.052010704 
925 271 18 21 0.051914822 
321 419 40 46 0.051875196 
218 410 25 32 0.051610805 
915 343 29 34 0.051519886 
229 364 24 28 0.051256347 
864 223 8 11 0.050730474 
249 375 16 22 0.050612576 
82 539 29 43 0.05046911 
106 372 15 20 0.050320055 
968 346 39 50 0.05026722 
748 263 10 12 0.05025505 
158 353 14 20 0.050249234 
713 347 17 22 0.05010695 
198 325 10 13 0.04981726 
22 402 21 26 0.049796227 
233 330 12 15 0.049726445 
132 370 16 21 0.049707275 
792 298 19 24 0.049496915 
644 359 23 30 0.049380958 
4 370 24 33 0.049230278 
542 380 26 32 0.049138576 
574 338 13 16 0.04909345 
470 310 19 25 0.048884366 
65 453 39 42 0.048761807 
1001 237 9 11 0.048480842 
997 297 22 28 0.04847565 
582 390 26 31 0.048055097 
202 374 21 26 0.04789222 
582 327 15 19 0.04785301 
745 241 8 10 0.047678765 
361 394 24 28 0.04741775 
1 474 15 22 0.047153402 
214 397 23 30 0.046659227 
17 299 12 16 0.046308093 
455 404 43 52 0.046155803 
712 468 44 63 0.04583275 
914 327 18 22 0.045810778 
761 280 10 12 0.045780044 
513 323 13 16 0.04577799 
760 354 24 30 0.045704987 
688 365 22 27 0.04561561 
128 337 8 11 0.045587912 
94 371 21 27 0.045544654 
829 353 14 19 0.04536377 
266 340 22 27 0.045300722 
609 370 16 22 0.044804867 
902 336 23 31 0.044634577 
701 339 15 17 0.044497054 
928 336 24 30 0.044436168 
87 305 9 10 0.044412203 
677 330 14 21 0.04439525 
329 326 19 23 0.044340488 
787 277 10 12 0.043785814 
373 449 38 60 0.04375981 
963 270 11 13 0.04314026 
18 423 26 34 0.043116104 
7 397 23 32 0.042776447 
803 304 15 19 0.042673387 
7 434 26 34 0.04244976 
44 326 11 13 0.04221676 
56 424 25 30 0.041907102 
900 322 15 21 0.04178918 
715 338 18 20 0.04158463 
774 302 11 14 0.041385796 
78 342 12 13 0.04109324 
837 295 10 13 0.040877856 
692 330 15 20 0.04075552 
37 516 27 32 0.04055445 
139 364 20 24 0.04042195 
49 413 21 26 0.040399976 
763 383 19 25 0.040394247 
171 340 20 24 0.040169057 
533 428 35 41 0.040162124 
752 255 9 11 0.040037572 
150 358 13 17 0.039879404 
161 395 31 36 0.039394464 
530 317 11 15 0.039287124 
864 269 10 12 0.03914521 
341 345 20 26 0.039124336 
45 428 28 38 0.039109517 
984 317 23 30 0.039007943 
564 389 23 30 0.03894386 
318 392 25 36 0.038938407 
327 349 18 22 0.03877578 
306 360 23 34 0.038702212 
931 281 16 20 0.038364343 
632 512 51 71 0.03831563 
31 417 19 27 0.038139004 
538 347 14 18 0.03808403 
763 365 27 36 0.038067084 
314 376 16 24 0.038003877 
921 392 35 42 0.037946425 
985 359 27 33 0.037826773 
356 344 21 25 0.037679013 
444 349 16 22 0.037543587 
824 387 25 29 0.037419897 
790 392 31 37 0.03740455 
284 348 14 21 0.03730579 
949 359 44 53 0.037267193 
1005 354 16 21 0.0372567 
658 351 17 23 0.037170276 
911 381 34 40 0.037121117 
683 336 14 20 0.03706241 
355 362 16 21 0.036932286 
269 361 22 28 0.03667787 
947 341 24 33 0.036542203 
667 355 17 22 0.036513127 
555 340 14 16 0.03641535 
952 377 20 25 0.036350295 
232 325 20 23 0.036337722 
134 333 10 12 0.036230724 
651 321 14 21 0.036002282 
747 347 20 24 0.0359701 
224 400 27 30 0.0358841 
570 324 14 17 0.035166163 
220 347 14 19 0.034979325 
644 321 15 21 0.034915753 
704 373 24 29 0.03490282 
78 335 11 12 0.03476687 
952 425 39 56 0.034545716 
732 315 14 18 0.034521554 
888 252 9 11 0.03445461 
888 247 8 11 0.03434863 
253 339 20 24 0.034307323 
816 255 10 11 0.034287 
745 257 9 10 0.03419913 
337 360 41 48 0.033986993 
938 326 18 24 0.033972777 
824 238 8 10 0.03393082 
58 373 15 20 0.033575762 
47 334 10 14 0.03355138 
312 353 18 24 0.033551216 
105 395 14 20 0.03346477 
111 327 10 12 0.033364158 
252 672 15 16 0.033182546 
476 338 15 20 0.03315272 
15 372 25 31 0.033020698 
35 399 14 18 0.03286744 
955 281 15 20 0.03276703 
774 320 12 15 0.032653403 
367 358 25 31 0.03257108 
372 342 15 19 0.03247447 
980 328 16 20 0.032330543 
580 361 24 31 0.03228749 
454 358 23 29 0.032169648 
910 243 8 11 0.03202388 
321 371 22 32 0.031855315 
30 307 10 14 0.03182666 
7 353 22 31 0.03179856 
93 394 22 28 0.031776275 
645 307 13 17 0.031690173 
911 332 25 32 0.031586614 
292 344 24 31 0.031517614 
549 318 12 15 0.03126623 
226 387 17 20 0.031087685 
579 341 15 17 0.030912358 
589 310 14 17 0.030910574 
574 345 15 19 0.030834245 
926 284 13 17 0.030828733 
682 373 17 25 0.030808989 
1006 232 9 12 0.030623231 
912 269 10 12 0.030566907 
489 333 18 25 0.030482087 
-1 465 13 23 0.030451301 
11 471 22 32 0.03037137 
889 215 8 11 0.030319236 
504 341 20 27 0.029997272 
726 322 14 19 0.029825369 
435 331 20 25 0.02976919 
521 341 13 18 0.029695816 
230 301 12 15 0.029010056 
1014 274 11 16 0.028946096 
654 314 14 20 0.028838087 
880 345 24 31 0.02882379 
356 332 14 16 0.02880156 
600 497 38 53 0.028786557 
905 415 32 38 0.028729396 
229 378 16 20 0.028721308 
52 401 17 20 0.028684365 
237 302 12 14 0.028649392 
397 411 24 27 0.028586905 
789 272 8 11 0.028581167 
703 274 13 16 0.0285732 
855 247 10 12 0.02856458 
523 457 49 62 0.028514866 
9 303 10 13 0.028437573 
35 354 14 18 0.028350042 
714 360 19 26 0.028264355 
667 332 16 21 0.028103597 
116 371 20 29 0.028058859 
130 443 28 35 0.027923761 
1011 346 13 19 0.027861357 
212 372 22 28 0.027737001 
835 373 16 21 0.027736528 
820 309 14 17 0.027698772 
889 321 21 27 0.027676843 
492 366 15 21 0.027659599 
742 223 9 11 0.027649717 
119 335 9 12 0.027633453 
219 392 17 21 0.027526466 
868 291 12 16 0.027505757 
85 343 11 14 0.027473608 
650 302 12 17 0.02746124 
331 317 12 14 0.027448036 
816 278 11 12 0.027370535 
339 333 20 24 0.02719496 
198 337 21 24 0.027084671 
563 402 27 40 0.027070444 
819 332 17 22 0.027002433 
71 303 9 11 0.026965227 
673 342 17 21 0.026943019 
517 331 12 16 0.026941326 
581 471 50 69 0.026692068 
15 552 16 23 0.026665376 
957 273 16 18 0.026624551 
234 402 29 33 0.026586505 
653 308 13 18 0.026442539 
71 572 49 71 0.026353763 
69 398 23 27 0.026252355 
324 338 16 20 0.026182607 
259 376 14 20 0.026073456 
240 307 12 15 0.026055867 
188 390 16 21 0.025923092 
710 246 9 11 0.025900057 
876 555 72 104 0.025885748 
106 494 36 52 0.025838578 
1012 334 13 22 0.025822436 
774 346 16 20 0.025751874 
796 291 14 18 0.025725333 
690 315 15 19 0.025699802 
26 356 16 20 0.025617711 
795 326 15 19 0.025522463 
820 259 10 13 0.02536921 
553 362 18 22 0.025355868 
968 334 25 31 0.025301121 
150 346 12 16 0.02516052 
144 441 28 34 0.025085816 
829 298 20 23 0.024792533 
132 342 11 14 0.024685677 
458 337 19 25 0.024677332 
231 388 26 30 0.02466509 
97 295 8 10 0.024508627 
757 239 9 10 0.024484938 
464 319 15 20 0.024442352 
783 249 7 10 0.024408245 
174 295 10 12 0.024369406 
188 332 12 16 0.024336869 
177 311 10 13 0.024326025 
659 442 19 26 0.02422848 
404 362 14 17 0.024185926 
830 240 9 11 0.02415655 
845 220 10 12 0.024064193 
707 340 16 18 0.023954183 
196 349 15 18 0.023715047 
239 315 19 23 0.023704639 
845 286 10 12 0.02368012 
167 334 12 14 0.023626085 
493 324 20 25 0.02361458 
190 325 13 15 0.023597308 
710 265 9 12 0.02350677 
557 331 13 16 0.023492241 
949 325 24 29 0.023398643 
753 486 48 65 0.023326248 
902 311 16 20 0.023284178 
55 348 12 16 0.023275273 
587 339 16 19 0.02323621 
225 430 20 23 0.023122685 
166 349 21 25 0.023108458 
819 283 11 15 0.023089048 
100 385 16 23 0.023083778 
549 338 13 16 0.022997595 
695 295 15 18 0.022971826 
80 303 9 11 0.022923592 
151 321 18 22 0.022913048 
736 410 28 35 0.022890948 
27 382 21 27 0.022839395 
816 381 25 30 0.022801764 
889 240 8 10 0.022768866 
366 318 17 20 0.022765128 
255 361 22 30 0.022711532 
-2 366 19 30 0.022673007 
500 376 17 22 0.022667062 
148 378 15 20 0.02261234 
788 330 15 19 0.022593977 
94 303 9 10 0.022592312 
790 224 8 10 0.022578243 
120 380 23 32 0.022410374 
1 453 22 34 0.022407802 
28 324 12 13 0.022230957 
7 354 12 18 0.022105722 
332 312 10 13 0.022092016 
915 293 14 18 0.021988878 
192 367 18 22 0.02196224 
636 324 23 29 0.021899896 
526 382 23 33 0.021872604 
974 317 38 50 0.021765562 
364 373 28 35 0.021737624 
70 309 11 13 0.021708569 
870 276 11 13 0.021560613 
19 330 21 22 0.021500973 
664 372 35 48 0.02145252 
286 335 15 20 0.021330122 
40 394 22 27 0.021229984 
44 317 11 13 0.021182664 
531 371 17 25 0.021168908 
174 315 11 14 0.021053635 
729 339 22 28 0.02100063 
22 395 13 18 0.021000002 
495 344 14 18 0.020941287 
183 355 15 20 0.020912126 
235 382 19 23 0.020908507 
221 333 10 13 0.020872422 
765 304 13 18 0.020856043 
1009 296 13 19 0.020854687 
684 345 14 19 0.020849202 
216 329 10 13 0.020805402 
595 382 17 21 0.020757554 
905 240 8 11 0.020756233 
631 425 27 41 0.020722637 
77 382 16 22 0.02072005 
616 373 23 32 0.02070384 
790 286 11 13 0.020676779 
83 367 16 19 0.02067001 
197 395 17 22 0.020669725 
472 425 45 57 0.02064352 
435 452 45 70 0.020634428 
819 299 12 16 0.020601954 
46 361 12 18 0.020600231 
102 317 10 12 0.020496886 
705 264 9 11 0.020409686 
1005 287 13 16 0.020330045 
402 401 18 20 0.020313783 
397 449 42 63 0.020299852 
43 455 28 42 0.020276498 
195 317 13 16 0.020216148 
839 231 8 9 0.020186746 
133 352 21 22 0.02018467 
363 430 29 42 0.020083336 
667 303 13 16 0.020061143 
445 641 43 52 0.020049328 
17 392 23 29 0.0200376 
