0_Parade_Parade_0_288
252
507 210 14 17 0.9235828 
500 171 11 14 0.84425545 
462 198 13 16 0.6669227 
522 229 11 13 0.44189736 
424 218 11 13 0.3900276 
478 339 15 18 0.37061015 
592 340 14 17 0.36733523 
703 407 11 13 0.34804243 
298 390 12 15 0.34269094 
709 338 12 15 0.32627136 
452 343 14 17 0.3249413 
406 184 16 20 0.28481743 
747 328 17 20 0.28379163 
380 360 14 17 0.27307072 
184 499 14 19 0.24612376 
352 250 11 13 0.23989025 
475 218 12 16 0.23812033 
481 273 15 19 0.22462268 
503 277 14 19 0.22412373 
411 205 14 16 0.22384517 
535 326 10 14 0.22211704 
388 255 15 20 0.22046176 
388 338 13 17 0.19243562 
427 214 13 14 0.18651558 
575 330 10 12 0.17619072 
656 359 10 11 0.17015672 
513 212 13 16 0.16798325 
334 338 16 21 0.16723682 
579 332 10 12 0.14178756 
697 348 10 12 0.13775684 
792 406 11 14 0.13453189 
509 342 9 12 0.12967293 
470 215 13 16 0.1247976 
374 214 9 13 0.12206687 
429 348 14 18 0.11605338 
463 217 11 14 0.11281117 
523 222 12 14 0.11191847 
488 221 11 15 0.11008111 
526 342 11 13 0.10901444 
523 294 13 15 0.10716078 
421 199 11 13 0.10514716 
367 284 15 18 0.10053147 
445 367 15 18 0.09853005 
503 189 12 17 0.098518305 
408 222 12 13 0.09758103 
413 195 13 16 0.09332008 
286 412 9 12 0.089237355 
413 220 11 14 0.08706361 
349 379 13 15 0.08517671 
655 364 11 13 0.0832116 
873 419 13 16 0.08272791 
506 360 17 20 0.08252214 
425 321 9 11 0.08133008 
593 367 12 14 0.079371735 
352 197 9 12 0.07907309 
629 363 10 12 0.076315805 
704 342 12 14 0.076083526 
695 363 15 19 0.07371052 
417 366 11 15 0.07327441 
357 367 11 13 0.0728446 
472 338 13 16 0.07075655 
784 385 13 17 0.06954936 
712 396 10 13 0.06891345 
655 347 10 12 0.06719921 
506 173 10 13 0.06267151 
317 340 10 13 0.06087414 
343 378 11 14 0.06060428 
671 345 9 11 0.060570702 
428 207 12 14 0.058891755 
319 334 10 13 0.057104252 
532 338 12 14 0.05676984 
324 301 12 16 0.05562695 
352 191 9 13 0.054595705 
701 359 10 12 0.05442385 
536 395 13 16 0.05345619 
350 332 12 16 0.052875023 
435 212 10 13 0.051539633 
201 490 11 14 0.051034633 
663 347 9 12 0.050946362 
347 386 14 17 0.05084788 
689 391 10 12 0.050841272 
536 388 12 15 0.050597113 
401 378 15 20 0.050267905 
366 323 12 15 0.049232 
427 323 12 14 0.04869059 
529 333 12 14 0.048663657 
324 324 11 14 0.048188683 
411 227 11 13 0.048010893 
423 389 17 19 0.04744022 
482 368 21 26 0.04682797 
735 365 9 12 0.046771348 
523 213 12 16 0.046240564 
504 347 11 12 0.04607597 
780 405 11 14 0.045647908 
407 325 9 10 0.045331433 
345 198 10 13 0.044946287 
357 331 11 13 0.044599097 
558 293 12 17 0.04453522 
755 369 39 49 0.044313855 
458 339 13 17 0.044218697 
456 200 13 17 0.042976357 
729 381 10 14 0.04228562 
563 298 11 15 0.041948013 
116 356 13 14 0.041556854 
389 276 13 16 0.04131446 
776 413 11 13 0.04108045 
507 244 11 14 0.04085966 
520 341 10 13 0.040758684 
679 361 12 16 0.04062666 
350 372 14 17 0.03945696 
636 323 11 13 0.039364483 
648 341 11 15 0.038950965 
485 362 16 20 0.038388487 
506 192 16 19 0.038367335 
495 175 13 17 0.037883338 
743 315 12 15 0.037838135 
467 192 12 15 0.037197877 
677 350 10 11 0.03667415 
415 274 13 17 0.035949927 
743 314 23 31 0.035899434 
517 335 10 12 0.03574919 
222 339 11 12 0.03571403 
687 424 11 14 0.035686754 
648 359 9 10 0.035551883 
579 260 11 14 0.035314955 
462 334 14 16 0.0351941 
388 265 15 19 0.03515193 
153 349 10 13 0.034993928 
653 369 12 15 0.03487543 
544 363 13 17 0.0348192 
222 356 13 14 0.034745 
764 381 24 30 0.034659434 
350 201 10 13 0.034576636 
156 340 14 16 0.034536414 
542 372 11 13 0.034394212 
293 399 13 17 0.03362904 
364 341 15 19 0.03354356 
580 366 10 13 0.03303298 
326 226 11 17 0.032984897 
688 396 11 14 0.03285986 
535 347 12 16 0.03271943 
324 332 12 15 0.0322372 
683 358 10 14 0.03213682 
519 346 12 15 0.032013595 
139 216 423 441 0.03193443 
647 366 12 13 0.031717833 
489 248 16 19 0.03129345 
175 319 10 12 0.03119507 
407 372 21 26 0.031161582 
697 327 9 11 0.03111189 
438 335 11 13 0.030780897 
517 217 19 24 0.030764883 
878 340 11 12 0.030420508 
708 344 13 16 0.030287858 
541 349 10 15 0.030059328 
761 387 17 20 0.030012758 
262 429 11 14 0.029727321 
417 418 15 19 0.029318025 
511 336 11 13 0.02901529 
491 226 12 14 0.028741926 
703 333 11 14 0.028570838 
487 272 19 25 0.028037664 
279 414 13 14 0.027981674 
524 287 13 15 0.027802723 
502 231 10 13 0.027726877 
335 379 12 15 0.027420746 
423 226 12 15 0.02741126 
332 221 12 17 0.027349874 
546 304 18 21 0.027058981 
395 338 11 15 0.02675817 
225 408 9 10 0.026362024 
509 180 10 14 0.02627568 
251 322 15 19 0.02623305 
337 380 22 28 0.026165416 
575 345 11 16 0.026028438 
256 350 11 13 0.025861768 
215 352 11 13 0.025721686 
371 316 15 19 0.025343062 
709 365 10 13 0.025123784 
672 363 11 14 0.02507273 
577 284 12 16 0.024658 
581 255 8 11 0.024488492 
540 314 15 19 0.02439713 
182 353 11 12 0.024340635 
327 340 13 17 0.024243854 
568 465 10 13 0.02412945 
535 373 11 11 0.024127586 
361 312 20 25 0.023982186 
576 266 13 16 0.023936108 
426 198 12 14 0.02386077 
429 372 11 14 0.023817448 
351 184 9 12 0.02376405 
711 358 10 13 0.02369279 
508 238 10 13 0.02367063 
483 335 15 18 0.023620497 
574 310 12 16 0.023610536 
781 395 11 15 0.023571808 
276 420 15 16 0.023516033 
175 352 9 11 0.023283191 
811 309 14 18 0.023276037 
542 356 12 17 0.023259642 
649 348 10 12 0.02325626 
415 327 9 10 0.023247533 
781 435 18 19 0.023230009 
383 247 11 14 0.023199584 
714 334 11 14 0.023177268 
503 322 10 14 0.023154132 
714 389 13 16 0.023043266 
341 235 14 17 0.023018256 
249 439 10 12 0.022982605 
688 349 9 12 0.022958761 
332 246 16 19 0.022922235 
518 288 21 25 0.02283564 
575 227 12 14 0.022685183 
561 204 9 12 0.02264704 
691 422 14 18 0.022507884 
582 372 9 12 0.022472173 
312 339 11 15 0.022448184 
920 364 11 15 0.022402152 
517 276 12 15 0.02230545 
348 338 12 17 0.02230137 
775 378 12 15 0.022294467 
582 337 20 24 0.022165393 
748 365 29 35 0.021776456 
532 228 13 16 0.02159883 
239 479 9 12 0.021537287 
504 279 24 28 0.02143718 
328 251 12 16 0.021408381 
684 362 12 17 0.021383377 
798 210 117 123 0.021352753 
350 356 12 15 0.021269238 
488 171 11 14 0.021107962 
515 195 15 19 0.021082528 
495 187 13 18 0.021052977 
525 354 12 16 0.020957664 
774 396 12 16 0.020910963 
487 238 14 17 0.020847032 
326 382 11 14 0.020601166 
324 327 20 24 0.020569088 
371 279 12 15 0.020523364 
408 382 22 28 0.020516435 
374 362 22 27 0.020512396 
214 340 12 13 0.020448916 
200 359 11 12 0.02042738 
775 387 22 28 0.020404346 
335 239 21 25 0.020377006 
867 422 16 20 0.020349432 
789 397 12 15 0.020319724 
660 370 11 14 0.02031381 
538 366 21 26 0.020277744 
962 333 11 14 0.020128863 
177 499 13 17 0.020091191 
