0_Parade_Parade_0_472
237
57 136 33 36 0.9994011 
321 113 41 50 0.9852132 
513 131 34 40 0.9732132 
645 120 16 24 0.9468409 
629 162 18 21 0.89511484 
953 152 19 21 0.88439894 
747 123 14 22 0.88214767 
562 136 16 26 0.81228995 
830 115 20 27 0.712837 
979 215 16 20 0.69143414 
975 146 18 19 0.6344484 
657 168 17 22 0.6085708 
836 77 14 17 0.58700573 
707 111 21 24 0.57215583 
933 225 17 24 0.5444639 
734 122 13 19 0.4951936 
252 157 14 18 0.48493522 
996 219 13 17 0.37640193 
174 182 16 20 0.30340937 
922 149 14 17 0.2777163 
797 127 16 23 0.27051997 
988 218 13 18 0.2616992 
602 264 43 51 0.2571087 
738 145 17 22 0.22916824 
222 184 9 12 0.21413969 
841 117 24 27 0.20166327 
511 54 27 37 0.19633105 
309 291 17 20 0.192955 
250 204 13 18 0.18038431 
0 190 9 15 0.1757082 
820 120 15 21 0.17127031 
1002 156 12 15 0.1631493 
804 184 17 18 0.16313995 
942 154 12 15 0.15832426 
844 167 25 32 0.14750645 
692 136 21 27 0.14714633 
258 291 12 17 0.14666851 
831 82 14 18 0.1348395 
610 176 14 18 0.12964487 
401 130 26 29 0.12883721 
500 480 32 37 0.1243128 
245 180 11 15 0.10799356 
968 295 10 13 0.10693785 
235 281 14 18 0.10371058 
890 472 35 41 0.10333293 
846 480 22 27 0.096612774 
741 118 13 23 0.09534745 
820 151 17 22 0.09509695 
679 126 12 15 0.094816074 
202 233 13 18 0.093696214 
937 155 10 13 0.0920934 
216 188 11 13 0.09147187 
215 242 12 15 0.08904209 
962 140 26 28 0.08771551 
810 119 21 25 0.08760092 
248 327 28 34 0.086739786 
602 145 23 26 0.08545694 
723 115 14 19 0.08507224 
726 122 14 20 0.078782424 
687 203 15 23 0.07874322 
668 145 16 21 0.0787278 
448 483 30 35 0.07802716 
220 307 13 18 0.07676382 
996 150 14 17 0.07436583 
602 226 14 18 0.07331854 
699 126 23 28 0.071751036 
661 187 22 28 0.07146548 
239 187 10 15 0.06799576 
804 114 14 18 0.06779867 
968 217 12 16 0.06544169 
213 300 16 21 0.0649617 
684 136 19 27 0.06337424 
31 288 9 12 0.06335041 
827 146 16 21 0.06313861 
587 227 12 17 0.06291105 
87 187 12 15 0.06285333 
273 370 16 17 0.061299533 
987 146 15 18 0.06078787 
969 245 11 16 0.06061938 
655 123 17 20 0.060248464 
23 178 13 17 0.05984491 
108 180 13 15 0.059080314 
933 150 11 15 0.05839145 
597 221 14 19 0.055690028 
263 276 10 13 0.0549149 
847 157 37 46 0.05466424 
195 311 21 25 0.053631153 
353 280 42 52 0.053620078 
626 192 14 18 0.05247273 
855 120 18 21 0.05101 
994 152 21 26 0.05015772 
216 277 10 13 0.05014998 
740 133 20 28 0.048608623 
801 121 18 24 0.0480848 
250 147 25 31 0.047620863 
232 280 11 13 0.047526833 
674 138 19 26 0.047514014 
115 277 15 17 0.04708581 
0 302 8 13 0.047059014 
244 279 13 16 0.04556011 
226 307 14 17 0.045428738 
892 163 24 35 0.044824645 
397 130 15 20 0.044587888 
221 270 10 13 0.044485215 
703 138 17 20 0.04397509 
978 139 25 29 0.043877084 
250 284 17 23 0.043835234 
901 157 11 15 0.042555694 
950 253 14 18 0.042301387 
681 131 14 18 0.04120519 
74 344 10 12 0.04025173 
624 161 15 21 0.040244937 
190 404 28 34 0.040241074 
496 58 33 50 0.040066794 
791 133 24 30 0.039779637 
944 150 22 25 0.038768683 
829 67 20 26 0.03784397 
690 197 15 19 0.0377533 
249 197 10 15 0.037540305 
393 132 11 15 0.03737203 
249 228 9 13 0.03734376 
786 168 15 22 0.036962062 
432 184 13 17 0.03670026 
691 118 22 30 0.035334032 
517 65 27 35 0.03520096 
230 288 12 18 0.034417827 
809 189 16 20 0.034205243 
627 175 15 20 0.033824567 
-1 326 7 13 0.033498075 
206 293 10 12 0.033111997 
611 227 15 18 0.033040382 
0 245 9 14 0.032257408 
825 91 11 15 0.03167718 
670 197 22 29 0.031200426 
923 159 14 18 0.031047262 
596 151 16 20 0.030998684 
830 125 26 33 0.030981114 
828 110 15 22 0.030579356 
229 204 10 12 0.030515341 
232 187 10 13 0.030359931 
539 230 17 18 0.030319836 
205 285 10 13 0.030220762 
972 221 17 20 0.030049592 
962 140 41 48 0.03001649 
70 287 9 12 0.02995584 
798 180 16 20 0.02995268 
134 197 12 16 0.029873682 
895 170 14 22 0.029425805 
167 178 14 19 0.029347008 
465 63 33 49 0.029151665 
833 87 17 18 0.02914853 
743 201 21 31 0.029072538 
733 110 12 16 0.0289604 
971 237 12 16 0.028921042 
230 261 8 10 0.028704619 
764 123 14 20 0.028703062 
831 252 10 12 0.028543824 
77 346 11 14 0.028517567 
57 293 9 11 0.028505113 
788 146 15 20 0.02804102 
62 291 10 12 0.02795984 
484 70 10 14 0.027844997 
1012 153 11 16 0.027719224 
465 91 29 38 0.027711777 
229 182 10 13 0.027640697 
140 197 12 14 0.02762286 
114 182 13 15 0.027415227 
6 301 10 12 0.027206374 
86 323 9 13 0.02715448 
520 153 21 25 0.02710736 
840 81 16 17 0.026910363 
655 219 14 18 0.026771517 
789 137 14 19 0.026653303 
660 152 22 26 0.02641811 
821 109 13 16 0.026413945 
224 261 10 13 0.026160477 
663 175 19 22 0.025818748 
204 240 14 19 0.025766172 
171 393 28 34 0.025619067 
569 132 17 21 0.02553654 
268 274 11 15 0.025028965 
930 150 21 26 0.02491541 
235 182 20 26 0.024720827 
80 326 9 11 0.024684334 
172 174 16 20 0.02429873 
515 55 15 19 0.024295492 
613 209 14 18 0.02421042 
857 163 20 23 0.024192616 
684 118 12 16 0.02414913 
806 163 25 30 0.024102354 
234 308 12 15 0.023978138 
237 193 12 16 0.023910383 
644 177 15 20 0.023822073 
899 157 24 32 0.023645695 
212 220 10 12 0.023545697 
479 74 24 34 0.023418859 
246 172 13 18 0.023239683 
240 175 20 26 0.023199625 
884 153 25 36 0.023168713 
914 242 16 20 0.023069013 
824 134 24 30 0.023057481 
499 118 30 38 0.023029141 
741 213 14 21 0.022989985 
216 270 10 14 0.02297609 
255 254 10 12 0.022970358 
181 283 15 19 0.022912621 
252 166 15 19 0.02289675 
915 152 22 30 0.02285222 
256 324 18 23 0.022848044 
891 180 23 35 0.022710914 
971 202 25 31 0.02250257 
294 288 16 21 0.02246212 
458 265 17 19 0.022384781 
841 69 16 19 0.02233863 
651 175 22 28 0.022319064 
142 227 16 21 0.022272296 
1014 308 8 13 0.022182718 
625 224 16 19 0.022180267 
249 196 22 30 0.022146659 
805 130 22 28 0.022137517 
269 315 10 12 0.021984579 
884 172 23 37 0.021876724 
621 178 14 19 0.021863068 
645 169 14 19 0.021479364 
521 85 17 23 0.02135219 
772 162 23 32 0.02129149 
239 164 11 13 0.02126347 
834 57 17 20 0.021054273 
856 481 18 23 0.021030718 
592 152 26 31 0.020871058 
661 201 15 19 0.020841734 
825 157 16 21 0.020835703 
756 199 13 17 0.020611318 
846 243 28 30 0.020517541 
14 301 8 12 0.020350408 
944 226 14 20 0.020262185 
815 160 14 21 0.020257603 
