0_Parade_marchingband_1_517
66
202 162 50 62 0.9986319 
911 267 38 46 0.9953767 
455 217 44 54 0.9907205 
51 130 50 59 0.9845501 
702 217 42 46 0.97202075 
398 237 22 28 0.904063 
986 295 29 33 0.6652957 
341 257 15 22 0.43967637 
204 325 25 27 0.40423796 
579 291 12 16 0.38741928 
376 249 22 30 0.26276445 
862 291 23 30 0.17619896 
374 263 15 20 0.14329678 
833 294 31 38 0.11927266 
389 241 23 30 0.112804525 
555 302 14 19 0.078605436 
929 480 82 113 0.07705972 
589 276 13 15 0.073325336 
381 247 13 18 0.07154655 
836 274 30 37 0.069599874 
309 455 43 40 0.06269387 
369 266 12 17 0.061909813 
42 310 369 463 0.05398616 
562 286 21 29 0.05260165 
377 263 23 27 0.05181376 
576 283 20 25 0.049789563 
277 266 25 32 0.046874434 
997 279 26 48 0.045595706 
414 245 23 29 0.04475489 
564 284 10 14 0.04400299 
350 325 28 29 0.04236124 
970 277 33 39 0.040170982 
805 308 14 17 0.039086744 
35 105 35 38 0.038926426 
962 428 17 21 0.037325073 
204 438 57 70 0.036489524 
552 290 22 33 0.03478169 
1006 345 15 22 0.03209501 
396 247 28 35 0.032079086 
583 278 20 27 0.03181817 
916 436 10 14 0.031409167 
865 276 28 36 0.030061409 
362 222 8 11 0.029291684 
544 299 25 32 0.029240614 
557 291 14 19 0.028841455 
703 503 10 13 0.028500697 
66 370 12 16 0.028274259 
368 459 19 25 0.02742628 
428 254 17 20 0.026980544 
165 436 9 12 0.026604287 
828 306 17 21 0.026497934 
948 282 27 33 0.0264561 
339 268 17 22 0.026245812 
842 272 20 23 0.025502533 
791 141 11 13 0.02375197 
718 465 67 76 0.023412772 
554 252 20 27 0.023344409 
15 373 10 11 0.022390844 
386 252 28 34 0.022351986 
848 309 19 24 0.022055125 
328 252 24 31 0.021964485 
402 231 17 21 0.02194109 
280 249 42 48 0.02122426 
594 282 14 17 0.020677092 
31 102 23 30 0.020203603 
932 284 30 35 0.020166574 
