0_Parade_Parade_0_829
60
488 162 278 415 0.9940764 
415 283 386 546 0.437659 
-17 3 418 539 0.18826757 
649 1228 103 134 0.15828028 
439 1148 33 46 0.12144937 
407 1202 22 29 0.08283621 
610 63 437 552 0.07038509 
297 241 364 462 0.068549395 
516 1217 16 19 0.057776894 
535 1243 13 19 0.053659517 
750 1106 55 80 0.05293932 
487 1221 12 14 0.05097716 
451 1241 13 17 0.05081569 
427 1248 15 17 0.05026521 
551 1185 18 21 0.0441136 
445 1219 16 19 0.04252534 
-51 319 347 539 0.041710503 
538 1237 18 22 0.041510943 
806 582 32 44 0.039702497 
453 1222 24 31 0.038082596 
354 1154 28 30 0.03752099 
597 523 490 524 0.036981314 
630 1021 54 54 0.036287736 
502 965 29 34 0.033812087 
709 1083 97 127 0.033474773 
147 208 364 517 0.03323505 
73 1032 197 242 0.032549057 
451 1218 18 22 0.03220889 
16 1279 56 78 0.03156861 
464 1149 43 54 0.031492483 
826 1096 48 70 0.03148373 
442 1160 45 51 0.030889528 
357 1025 383 464 0.030078245 
476 1180 23 31 0.029748991 
483 1191 14 18 0.029464876 
600 316 417 489 0.028724406 
756 1039 17 19 0.028253393 
508 1212 14 20 0.026961736 
226 969 409 404 0.026650267 
771 1092 55 82 0.025771005 
463 1176 27 34 0.025319682 
547 1080 41 52 0.025110766 
39 1011 137 158 0.024927419 
444 1229 23 30 0.02483085 
412 1282 31 38 0.024324412 
738 1032 14 18 0.02411438 
772 1095 32 41 0.023981147 
572 293 241 328 0.023337582 
696 1004 120 163 0.023255557 
527 1241 14 19 0.0228363 
487 1290 29 39 0.022682857 
776 1055 13 15 0.022546075 
518 1193 13 17 0.022340091 
540 1173 27 37 0.022244794 
498 1197 15 17 0.021135991 
463 616 194 175 0.020899504 
546 1283 15 18 0.0208224 
762 1145 35 48 0.020660844 
433 1244 15 18 0.020248711 
731 1028 25 28 0.02014427 
