0_Parade_marchingband_1_329
375
135 314 22 26 0.99614316 
572 423 19 24 0.9886847 
660 336 18 21 0.98265624 
191 311 21 26 0.9734169 
291 321 17 18 0.97287285 
836 326 20 24 0.97151875 
448 415 20 26 0.97066677 
566 339 16 18 0.9613205 
77 295 22 27 0.96079636 
632 428 20 24 0.95993465 
756 389 22 26 0.95829755 
330 323 16 18 0.9490229 
714 371 23 27 0.94896334 
414 322 14 16 0.9455926 
511 428 18 23 0.93730503 
783 349 20 22 0.93374157 
374 330 12 15 0.93101335 
525 321 13 16 0.90538484 
181 393 22 24 0.9026124 
251 383 21 25 0.9016305 
640 310 17 20 0.8747211 
212 338 22 26 0.8613972 
328 387 20 21 0.84430856 
896 335 21 26 0.83478427 
798 400 19 23 0.83165306 
589 313 17 22 0.80458516 
706 333 16 19 0.79762685 
748 343 16 19 0.7774358 
683 331 16 20 0.7580464 
338 358 14 17 0.73373765 
478 316 18 19 0.719228 
542 323 15 18 0.7164423 
506 336 14 16 0.69702464 
159 325 21 24 0.6897384 
654 373 15 19 0.6896693 
388 379 22 24 0.67699444 
627 398 15 20 0.63051474 
566 315 21 24 0.5990568 
355 357 14 19 0.5577679 
611 315 16 18 0.52077526 
670 363 15 19 0.47054347 
651 393 20 22 0.41415414 
292 359 13 17 0.39264947 
679 306 13 17 0.3858749 
644 346 15 19 0.38356802 
466 330 13 16 0.37121 
613 347 14 18 0.36980808 
445 323 13 16 0.3690004 
400 326 10 14 0.34980488 
783 395 12 17 0.3438342 
579 310 20 26 0.3343156 
524 348 14 19 0.3087155 
476 348 11 14 0.3059941 
695 309 14 16 0.3003037 
716 424 20 25 0.28106603 
767 334 14 18 0.26919088 
185 448 17 20 0.26801994 
571 308 17 17 0.2580309 
439 350 13 17 0.25505462 
371 316 14 18 0.25208023 
301 450 15 19 0.2492222 
442 361 15 19 0.2470089 
316 338 12 15 0.2298287 
682 387 13 18 0.22616811 
477 342 11 13 0.21344109 
635 352 15 19 0.21279256 
274 306 15 19 0.21226938 
368 431 14 19 0.20630205 
280 379 18 23 0.18303461 
439 325 13 16 0.17591815 
751 302 13 16 0.1736869 
486 395 15 17 0.16130982 
413 308 13 15 0.15849109 
780 297 24 27 0.15163322 
757 431 16 21 0.14738587 
396 355 14 18 0.1428747 
508 356 10 14 0.13699934 
391 347 12 16 0.13685918 
413 289 12 15 0.13560535 
800 442 16 20 0.13542761 
750 149 13 16 0.13236369 
607 345 13 18 0.13194863 
870 323 16 20 0.12785399 
452 324 12 16 0.11709306 
462 308 9 13 0.11689184 
350 281 12 14 0.11561798 
627 292 15 17 0.11508307 
603 312 18 24 0.11044576 
263 425 14 18 0.1085131 
900 371 12 16 0.10785696 
757 316 11 13 0.107759304 
193 353 15 19 0.10772376 
703 372 14 18 0.10398285 
523 360 14 18 0.09994127 
661 432 25 28 0.09969544 
454 330 12 16 0.09859772 
310 332 15 18 0.09851508 
740 387 13 17 0.09589198 
531 347 16 21 0.095535 
754 307 13 16 0.095125064 
474 352 13 19 0.0945662 
785 392 19 25 0.08942067 
462 317 12 14 0.08894965 
396 426 14 18 0.08730664 
635 290 12 15 0.08657145 
520 407 19 23 0.083356276 
396 339 14 16 0.07918116 
621 330 13 16 0.075430706 
69 299 18 20 0.07509353 
338 330 12 15 0.07481786 
271 331 12 16 0.074571684 
736 344 14 18 0.07193268 
619 322 13 16 0.07056165 
253 371 20 25 0.07038452 
383 361 14 16 0.0690305 
645 333 13 17 0.06854017 
561 322 13 16 0.06843057 
431 325 11 14 0.06783083 
627 332 12 15 0.06766214 
709 343 14 18 0.067407176 
445 339 11 14 0.066684395 
581 121 17 18 0.06599597 
282 367 21 27 0.065944836 
473 282 10 14 0.06516644 
676 357 14 19 0.06442067 
79 270 14 16 0.06357781 
463 390 12 15 0.063493066 
618 311 15 18 0.06315785 
558 159 12 15 0.06269886 
507 347 13 16 0.06251048 
296 315 16 20 0.06067633 
612 328 15 18 0.059371527 
432 271 8 10 0.059244554 
-47 187 456 490 0.05882602 
520 354 14 18 0.057848863 
713 337 14 17 0.05751021 
767 357 13 16 0.057508193 
686 378 14 21 0.057179973 
477 278 11 15 0.056542005 
784 311 19 20 0.05569237 
765 328 12 17 0.05490358 
388 363 15 17 0.054539915 
260 499 24 30 0.054532632 
334 311 12 15 0.054507762 
343 283 10 15 0.053632 
348 355 17 23 0.05356261 
725 341 12 15 0.053506494 
373 284 11 13 0.053173903 
717 470 14 17 0.052973114 
265 433 15 19 0.05165371 
580 269 12 14 0.051348694 
114 249 16 19 0.05109233 
299 309 12 16 0.050511703 
756 330 20 23 0.05001229 
494 389 14 19 0.04998099 
228 347 12 16 0.049340185 
445 354 21 25 0.04928421 
659 364 19 24 0.049112 
350 339 13 15 0.049072344 
542 437 13 17 0.04886101 
94 350 14 16 0.048762634 
114 324 13 17 0.04757871 
485 347 12 16 0.047350507 
718 356 14 17 0.047201023 
715 347 13 16 0.04711722 
390 284 11 13 0.046784077 
327 329 13 16 0.04618391 
749 435 23 28 0.04572294 
709 372 17 22 0.045334127 
247 355 13 16 0.045276064 
518 342 12 16 0.04521207 
648 341 20 24 0.04505179 
356 341 12 14 0.044724897 
669 388 14 18 0.04467049 
199 369 14 17 0.044579584 
473 268 9 12 0.044546828 
476 330 15 17 0.04453719 
300 424 16 21 0.044019554 
243 448 16 19 0.043920174 
388 371 18 21 0.04382792 
470 336 14 17 0.043625046 
335 285 12 14 0.043197013 
101 247 17 21 0.04296071 
392 268 9 11 0.042685833 
515 460 26 30 0.042653568 
336 434 15 18 0.042365674 
790 381 14 16 0.041728824 
773 355 14 17 0.041646108 
613 337 20 25 0.041520774 
611 391 16 20 0.041498266 
747 372 15 17 0.04097263 
425 364 14 17 0.040667776 
439 342 12 16 0.040603764 
402 362 15 19 0.04008873 
405 322 14 17 0.04008688 
419 306 12 16 0.039968453 
301 302 11 13 0.039370444 
680 290 14 18 0.039192908 
795 388 16 18 0.039115258 
212 381 14 17 0.0389931 
650 405 18 21 0.03874934 
74 273 24 30 0.038704608 
822 359 21 28 0.03846443 
591 285 11 14 0.038300987 
751 313 14 16 0.038143832 
793 354 14 17 0.038106423 
280 306 19 24 0.038010973 
643 304 13 17 0.03750873 
415 270 10 11 0.037472576 
735 385 13 19 0.037297085 
550 349 11 14 0.03637728 
740 324 11 13 0.036324218 
356 361 21 27 0.036016665 
507 324 14 18 0.035776064 
682 355 12 16 0.035147205 
431 348 11 15 0.034962494 
277 325 11 15 0.03457136 
111 330 14 17 0.03448745 
592 302 10 13 0.034273535 
914 339 12 16 0.03409644 
533 388 13 16 0.03398012 
417 328 14 16 0.033967055 
564 285 12 14 0.03385439 
256 478 33 36 0.033785425 
409 285 13 16 0.03363704 
743 380 14 19 0.033405844 
793 303 16 20 0.033371013 
335 254 478 485 0.03334695 
717 364 17 21 0.033270787 
689 323 15 19 0.03264205 
756 323 15 18 0.032570522 
745 378 23 28 0.032553285 
516 329 14 17 0.03238528 
295 302 11 14 0.03213677 
152 317 22 26 0.032123677 
465 396 15 18 0.031658296 
786 321 16 19 0.031348437 
469 303 9 11 0.031269647 
401 329 15 17 0.031259235 
756 379 18 22 0.031153984 
414 387 13 17 0.0310117 
206 377 15 19 0.030825583 
354 278 13 16 0.030794179 
436 403 17 20 0.030731034 
484 342 11 13 0.030567268 
838 418 13 15 0.030504761 
672 306 14 18 0.030504247 
629 158 12 13 0.030499058 
591 164 11 14 0.030424876 
237 458 15 18 0.030069474 
370 410 15 19 0.0300655 
240 384 23 27 0.029854082 
646 401 16 19 0.029777473 
796 100 17 18 0.029719269 
802 291 14 17 0.029701855 
309 316 12 15 0.029694475 
859 419 16 19 0.029417261 
796 468 12 14 0.029379452 
557 355 11 14 0.029302131 
380 337 12 15 0.029224899 
359 263 11 12 0.029132785 
624 463 32 33 0.02882965 
235 349 13 16 0.028467957 
419 292 11 14 0.02839719 
369 323 14 19 0.028380651 
712 309 10 13 0.02832982 
744 301 12 15 0.027995825 
632 305 19 24 0.027905203 
224 340 14 18 0.027830197 
422 302 10 14 0.027623769 
786 289 25 28 0.027560925 
540 336 15 18 0.027546782 
677 344 15 19 0.02748983 
593 291 10 13 0.02739599 
471 358 14 20 0.027319469 
284 444 14 18 0.027166536 
784 325 22 27 0.027069839 
930 301 9 12 0.02683465 
260 364 15 18 0.026691511 
105 271 29 32 0.026529416 
593 158 11 13 0.026382996 
814 389 12 17 0.026345894 
617 351 15 19 0.02620989 
739 437 16 20 0.026146661 
217 325 16 19 0.026088381 
452 286 14 16 0.026070984 
592 437 11 15 0.025981333 
490 348 13 17 0.025947966 
608 330 12 17 0.025932617 
433 277 9 12 0.025923276 
440 394 22 27 0.025886679 
895 366 13 17 0.025738021 
454 350 15 18 0.025666641 
400 320 10 14 0.025445865 
633 402 15 18 0.025302362 
468 368 17 20 0.025243586 
648 372 14 18 0.025230143 
222 408 14 18 0.025220634 
711 317 12 13 0.025044167 
204 272 15 19 0.024985291 
577 302 15 17 0.024900708 
745 154 12 15 0.024857314 
328 397 19 21 0.024792189 
264 377 19 25 0.024716267 
742 334 13 16 0.02459276 
82 278 26 36 0.024577407 
644 410 15 19 0.024530753 
624 288 11 13 0.024406837 
203 283 16 20 0.024396388 
461 335 15 17 0.024329517 
432 283 11 13 0.024294876 
778 468 16 20 0.024256917 
698 301 13 17 0.024092155 
275 345 15 18 0.024066743 
567 360 11 15 0.024033412 
212 314 14 19 0.023919513 
318 395 12 16 0.023912434 
830 279 22 28 0.023838788 
327 310 12 15 0.023765752 
429 319 11 15 0.023637455 
523 311 15 18 0.02355489 
806 395 19 27 0.023505101 
454 318 12 16 0.023473155 
717 310 9 13 0.02340198 
747 360 16 18 0.02337065 
519 311 12 16 0.023181597 
749 334 16 18 0.023173187 
64 304 14 18 0.023172528 
796 331 14 17 0.023155449 
907 369 16 20 0.023146525 
384 284 9 13 0.023144584 
702 344 14 18 0.023115246 
944 364 11 14 0.023109846 
338 365 17 21 0.023108352 
191 392 18 22 0.023105994 
325 469 15 18 0.02292167 
252 364 17 21 0.022891216 
183 312 17 21 0.02277219 
168 378 14 19 0.022732807 
835 435 17 21 0.022648128 
467 401 16 21 0.022557594 
525 289 14 16 0.022515023 
475 401 16 20 0.022440916 
780 330 15 18 0.02241058 
629 313 13 18 0.022211691 
362 349 15 19 0.022181854 
309 323 13 18 0.022164987 
383 269 9 11 0.022108912 
193 358 21 24 0.021968044 
471 317 12 15 0.021958899 
178 485 15 17 0.021932295 
753 352 15 18 0.021925531 
323 337 13 16 0.021755926 
409 269 10 11 0.021634592 
335 299 11 14 0.021603117 
710 353 14 18 0.02154357 
351 269 9 11 0.021492368 
510 316 13 17 0.021376766 
220 393 14 18 0.021363886 
395 368 20 27 0.02134396 
493 322 11 16 0.021301685 
575 458 28 32 0.021268701 
100 418 17 25 0.021170767 
391 331 12 16 0.02116022 
533 327 15 19 0.021052957 
158 334 23 28 0.02102113 
907 334 15 20 0.020709137 
772 326 14 17 0.020687208 
752 310 22 26 0.020649744 
742 315 11 15 0.020542044 
413 393 16 20 0.0204315 
190 285 12 17 0.020407604 
264 441 14 18 0.020382458 
196 377 15 20 0.0202044 
430 392 15 20 0.020118989 
