0_Parade_Parade_0_239
107
395 285 31 39 0.9992317 
500 375 33 40 0.9989963 
708 291 22 30 0.9975575 
899 278 37 42 0.9968714 
352 293 34 41 0.9948939 
274 303 24 30 0.9947239 
224 316 40 46 0.98393804 
880 326 34 42 0.98367774 
505 290 31 38 0.9699783 
610 293 28 38 0.95272344 
748 293 32 36 0.59004354 
833 309 11 15 0.35126194 
60 76 10 13 0.21394098 
5 300 11 14 0.17700072 
84 60 8 12 0.15778758 
48 298 22 28 0.1563622 
142 356 15 18 0.12651166 
220 388 15 19 0.12595047 
102 63 9 11 0.12548347 
854 310 12 16 0.0966427 
989 233 26 42 0.091449544 
80 71 9 10 0.089340806 
703 257 13 18 0.08397449 
36 79 9 12 0.08380347 
484 278 12 15 0.08377911 
927 38 110 175 0.08068165 
841 109 44 68 0.07036381 
986 313 34 54 0.06970639 
739 293 50 63 0.06887011 
372 324 24 33 0.06085238 
830 304 18 25 0.05480819 
198 5 12 14 0.0546751 
335 287 10 12 0.054403905 
37 306 32 39 0.053158935 
80 76 9 10 0.04997203 
844 309 21 26 0.045657426 
124 52 10 14 0.044103242 
193 27 13 15 0.042829208 
210 229 25 28 0.04176528 
97 67 11 12 0.039865248 
72 70 9 11 0.03802319 
85 288 11 15 0.036563605 
358 321 23 35 0.03641364 
47 77 11 13 0.036328975 
598 253 11 14 0.036193583 
62 434 15 19 0.03558169 
65 285 11 14 0.035303373 
722 -5 53 49 0.033996765 
4 303 14 21 0.033431053 
139 316 13 16 0.03333431 
749 290 20 23 0.032879923 
990 237 14 22 0.03258758 
84 70 8 10 0.032470424 
973 331 25 41 0.032004435 
752 285 18 18 0.031665385 
383 314 15 20 0.031020071 
57 82 10 13 0.030384721 
21 70 10 12 0.030260533 
255 0 22 17 0.029405106 
848 308 12 15 0.02928657 
60 293 12 16 0.029224103 
84 367 19 25 0.029078113 
84 76 9 11 0.02892141 
263 367 28 33 0.028652146 
898 244 22 27 0.02833346 
232 339 35 46 0.028316237 
-1 193 17 33 0.028013583 
108 58 11 14 0.027973097 
791 265 28 37 0.027779197 
710 124 10 13 0.027260635 
333 317 23 34 0.02676735 
477 245 12 17 0.025834164 
822 305 12 17 0.025719302 
525 175 13 16 0.025652478 
670 331 24 34 0.025351932 
70 76 8 12 0.025231117 
41 61 8 11 0.024931164 
705 126 9 11 0.024930317 
482 275 19 28 0.024901807 
62 384 15 20 0.024797065 
966 312 26 35 0.024783347 
5 273 14 20 0.024671441 
710 182 9 11 0.024108442 
4 69 10 13 0.023681289 
672 276 12 17 0.02355121 
174 393 16 24 0.023271864 
954 316 29 36 0.023133349 
706 254 12 15 0.022998136 
519 96 14 17 0.02295391 
54 296 13 17 0.022937989 
8 357 22 28 0.022759305 
996 243 27 49 0.022660289 
54 71 18 23 0.022322947 
44 69 12 15 0.021561328 
377 307 25 35 0.02152234 
789 283 41 52 0.021344291 
104 56 10 13 0.02133738 
337 289 14 19 0.021241473 
999 333 24 41 0.021174258 
22 77 10 12 0.02116471 
637 264 15 18 0.021042455 
852 673 104 102 0.020756036 
14 55 9 10 0.02066922 
814 295 22 30 0.020531015 
972 350 18 24 0.02023829 
1010 136 13 21 0.020202816 
97 38 10 11 0.020156117 
