0_Parade_Parade_0_353
154
494 238 26 35 0.989776 
836 262 21 27 0.94300026 
325 295 30 35 0.8932965 
693 247 14 18 0.8921261 
389 259 20 26 0.8857291 
887 247 14 18 0.88249964 
288 288 14 16 0.8780252 
456 284 10 12 0.61958534 
742 248 25 33 0.59510094 
259 298 14 17 0.42113274 
571 256 53 58 0.39304727 
203 304 16 19 0.37926108 
254 289 14 18 0.33890098 
315 265 13 16 0.31915185 
664 218 15 18 0.30316928 
860 249 14 18 0.30252776 
171 294 23 23 0.27791613 
207 300 22 25 0.17767794 
799 256 11 13 0.17542438 
103 246 9 12 0.17374423 
450 241 20 22 0.14809303 
600 235 43 46 0.14284104 
198 309 23 29 0.13291831 
155 374 10 11 0.12965852 
245 310 12 16 0.12627815 
151 388 11 14 0.11488224 
34 339 14 18 0.11325323 
724 253 11 14 0.111807145 
824 277 11 15 0.110400096 
732 253 21 30 0.1071274 
0 367 8 12 0.10582289 
796 275 10 13 0.10524812 
295 340 15 17 0.10485469 
258 311 22 29 0.09778671 
121 370 18 21 0.09606253 
1 398 17 23 0.09225278 
937 249 9 12 0.07217213 
218 305 14 16 0.07073326 
296 336 23 28 0.06804973 
902 242 12 15 0.067828186 
796 267 14 17 0.066616215 
42 331 14 16 0.06594444 
562 266 36 47 0.06201736 
146 40 44 58 0.06188102 
721 255 22 30 0.058516994 
156 319 8 11 0.057232164 
904 302 8 11 0.057137493 
654 204 11 12 0.05676188 
942 248 7 11 0.0560001 
187 300 13 15 0.055881243 
458 278 13 17 0.05436116 
278 358 10 13 0.050626352 
42 338 15 17 0.04955716 
97 369 17 18 0.049548987 
782 269 11 16 0.047139794 
792 260 13 16 0.04500314 
724 289 15 20 0.044107746 
849 255 19 24 0.043678332 
445 267 11 15 0.04323411 
824 254 11 13 0.04272878 
317 329 13 17 0.04246255 
268 219 24 29 0.042245947 
309 258 21 28 0.041461077 
255 301 23 28 0.04139782 
262 328 14 18 0.041304603 
752 249 22 27 0.040970687 
155 380 13 17 0.040776357 
148 307 13 14 0.040077675 
908 238 12 15 0.040052824 
432 280 9 12 0.038834963 
897 233 22 25 0.03833283 
189 355 11 15 0.038257442 
460 288 12 16 0.0378975 
926 240 9 11 0.037621547 
616 252 38 46 0.03706984 
256 288 22 26 0.0370624 
191 362 11 14 0.03677095 
68 365 11 15 0.03611584 
438 282 10 12 0.036109436 
5 371 9 12 0.035922118 
174 349 10 12 0.035541732 
276 323 11 15 0.035149764 
789 267 15 19 0.034440793 
926 246 8 10 0.033602122 
301 308 14 16 0.033103157 
290 315 26 29 0.032666646 
449 277 10 14 0.03262663 
255 308 13 15 0.032035645 
121 390 11 13 0.031491917 
382 266 24 29 0.031405922 
794 254 19 23 0.03137476 
827 272 17 21 0.03115812 
814 253 9 12 0.030573571 
718 255 16 21 0.030068265 
336 310 29 33 0.029762214 
910 253 9 11 0.029141853 
26 311 8 11 0.028733354 
917 239 11 13 0.02852782 
254 323 14 17 0.028140178 
377 276 24 31 0.028040249 
308 331 14 18 0.027606152 
183 349 12 14 0.027484696 
989 255 7 9 0.027447617 
529 192 9 13 0.026864242 
30 334 13 17 0.02675218 
167 317 11 13 0.026591728 
343 322 28 31 0.026377246 
919 254 9 11 0.026332065 
686 260 12 15 0.026234059 
302 303 11 13 0.025965856 
571 259 16 19 0.025829386 
52 333 12 14 0.025336366 
323 292 20 25 0.025222862 
244 305 21 27 0.025036413 
433 180 13 17 0.024910087 
284 345 14 16 0.024862612 
84 322 13 15 0.024809873 
155 402 16 21 0.024794362 
837 290 11 15 0.024738755 
300 312 18 21 0.024705088 
149 383 21 26 0.024661545 
59 366 22 28 0.024180716 
434 235 27 31 0.024146924 
428 335 14 15 0.024063958 
888 236 22 25 0.023988426 
51 340 13 15 0.023717158 
344 297 20 23 0.023693485 
732 251 14 19 0.023530943 
849 265 14 19 0.023453003 
376 285 13 17 0.023367913 
861 250 20 27 0.023023142 
259 266 11 14 0.022981416 
868 246 12 16 0.022934046 
184 342 23 29 0.022913009 
849 232 9 12 0.022667548 
71 324 12 13 0.022630475 
999 263 7 9 0.022320144 
1002 284 8 11 0.02224173 
897 301 9 11 0.022143515 
710 250 11 15 0.022140227 
276 349 14 16 0.022079514 
267 308 12 15 0.021881063 
919 245 9 12 0.021584446 
274 354 11 15 0.021430971 
195 346 15 19 0.021388024 
195 364 13 14 0.021130016 
186 321 28 35 0.020888703 
470 289 11 15 0.020765126 
197 328 15 20 0.020613763 
827 311 11 14 0.02054824 
282 356 13 16 0.020330468 
668 247 10 12 0.020236295 
60 386 14 17 0.02003441 
48 353 28 33 0.020027943 
