0_Parade_marchingband_1_20
245
541 358 36 40 0.99907434 
28 405 27 31 0.99617296 
252 371 31 34 0.99431497 
466 354 27 30 0.95394784 
82 392 21 23 0.945621 
731 346 15 19 0.93139553 
628 393 20 24 0.92459315 
386 369 16 18 0.918919 
447 346 18 21 0.725599 
679 357 15 17 0.707877 
587 367 20 24 0.6512276 
335 377 19 22 0.5640973 
492 503 17 22 0.4161926 
232 376 18 21 0.35882506 
708 383 12 14 0.356853 
129 377 11 15 0.31813484 
549 319 27 33 0.30890906 
853 272 33 43 0.307604 
302 270 11 13 0.26317874 
455 327 14 19 0.23498805 
419 398 16 18 0.20952323 
699 365 10 13 0.20690146 
375 340 14 16 0.18955609 
775 362 15 16 0.18013176 
662 387 15 17 0.17298496 
614 371 16 19 0.16368352 
618 364 13 16 0.16097932 
202 345 25 34 0.15812883 
776 348 12 15 0.15721747 
450 341 26 32 0.15686174 
621 353 14 17 0.1546317 
723 416 15 19 0.14950426 
439 378 14 19 0.148742 
213 419 14 18 0.14686206 
492 378 16 19 0.13644332 
370 385 16 20 0.13251215 
627 352 13 17 0.13077177 
804 356 14 17 0.10566398 
241 369 28 33 0.10281913 
437 448 23 30 0.099503234 
598 367 23 28 0.098151095 
285 269 9 12 0.095183715 
384 95 88 111 0.094299346 
781 390 13 16 0.09044529 
367 393 15 18 0.08669133 
280 271 10 11 0.0852033 
799 363 12 15 0.08425191 
332 314 11 14 0.07972986 
683 351 13 15 0.07639829 
602 375 25 30 0.07405281 
378 334 13 14 0.071622156 
666 397 13 16 0.06692614 
677 376 15 19 0.06691789 
813 436 28 35 0.06643892 
856 499 125 158 0.0644766 
363 328 13 14 0.0629456 
701 371 12 14 0.061754774 
448 458 14 20 0.059242107 
669 379 12 17 0.0582936 
716 388 11 15 0.058123928 
694 372 12 14 0.057493858 
46 384 15 18 0.05708958 
463 324 22 29 0.056393206 
801 353 22 29 0.05534407 
694 358 10 13 0.055265572 
759 352 8 11 0.054938626 
86 368 14 18 0.052918144 
742 334 11 14 0.05199284 
773 369 16 18 0.051585242 
628 374 22 28 0.049431093 
995 324 15 19 0.048642855 
91 372 14 17 0.048209216 
668 420 11 14 0.04744854 
540 213 14 20 0.04737566 
448 329 13 17 0.04712944 
661 401 15 18 0.04544234 
314 413 16 20 0.044443734 
279 276 11 14 0.044024628 
429 476 14 16 0.043326423 
740 340 12 16 0.042419862 
796 371 14 19 0.04221851 
620 385 20 26 0.04218438 
732 415 10 14 0.041786652 
553 318 17 20 0.041343335 
87 377 22 28 0.041278053 
599 403 26 29 0.040918257 
231 301 11 13 0.04034496 
436 483 15 18 0.03983951 
406 340 16 18 0.03966095 
686 344 10 13 0.039274722 
469 333 29 35 0.038943578 
734 334 13 16 0.038886752 
696 406 10 13 0.038617127 
429 433 15 17 0.03852659 
307 274 10 13 0.0367231 
286 308 14 18 0.03645559 
155 393 12 16 0.036411278 
229 150 15 18 0.036281228 
550 226 42 56 0.036181156 
260 340 13 17 0.036161575 
490 367 21 24 0.035582185 
390 428 13 17 0.035314586 
767 464 10 13 0.0348493 
979 315 12 15 0.034691613 
366 380 16 20 0.03459477 
733 358 15 18 0.034361932 
726 404 12 15 0.03403338 
882 118 42 52 0.033827778 
838 436 13 18 0.03382706 
270 348 14 17 0.03335191 
662 410 14 17 0.03328774 
335 348 13 17 0.033176053 
853 249 49 76 0.033117194 
280 284 12 16 0.032687593 
683 374 16 18 0.032487024 
420 476 15 18 0.031970587 
263 346 26 31 0.031648114 
421 436 13 17 0.031456783 
405 382 13 17 0.03138755 
327 310 12 16 0.031355985 
734 402 10 13 0.030880306 
792 364 11 14 0.030811334 
223 315 12 17 0.030751867 
684 470 9 12 0.030229008 
228 308 12 16 0.030173022 
448 191 38 53 0.030076526 
795 339 38 47 0.02980723 
799 367 22 31 0.029556163 
702 393 14 16 0.029504072 
718 360 9 12 0.02933866 
347 373 13 17 0.029222783 
396 380 13 15 0.02918672 
429 435 25 29 0.02914924 
703 384 19 22 0.029122321 
655 369 12 18 0.028956773 
702 405 11 13 0.028841263 
718 366 11 13 0.028652232 
345 39 45 69 0.028642233 
297 272 12 15 0.028337553 
812 347 12 16 0.028272277 
715 381 11 15 0.02810419 
707 374 14 17 0.027960153 
230 341 12 15 0.027758382 
789 378 13 17 0.027618542 
298 264 19 23 0.027557798 
654 365 10 15 0.02725169 
775 403 14 18 0.027119594 
710 412 9 12 0.02709492 
660 371 14 18 0.026983187 
631 371 13 17 0.026979942 
544 336 38 48 0.026773026 
730 332 21 27 0.026686236 
381 375 14 19 0.026647905 
482 339 14 17 0.026613984 
365 358 12 15 0.026455162 
428 483 15 17 0.026441304 
257 337 22 28 0.026328519 
641 377 16 20 0.02629119 
694 361 18 22 0.025943132 
791 410 13 17 0.025926512 
656 387 13 18 0.025917126 
338 391 17 20 0.025880631 
735 352 16 18 0.025805222 
293 317 24 27 0.025801841 
777 375 20 24 0.025742225 
708 405 11 13 0.025552303 
769 372 12 17 0.025461702 
424 317 8 12 0.025414467 
357 370 14 19 0.025413446 
683 404 11 14 0.02538603 
448 356 19 23 0.025113635 
441 314 11 14 0.025070133 
676 403 15 16 0.024930885 
559 325 28 36 0.024850883 
717 393 12 16 0.024716489 
747 334 11 14 0.024695655 
377 385 15 20 0.024665881 
462 319 12 16 0.02459069 
260 309 10 14 0.024542827 
726 379 13 17 0.024432406 
97 379 14 18 0.024051113 
361 425 14 19 0.023921033 
684 352 21 25 0.023748036 
690 376 14 17 0.023738476 
483 487 22 33 0.023685712 
808 426 28 32 0.023661181 
475 477 23 29 0.023519175 
373 328 11 14 0.02345193 
366 358 22 27 0.023441887 
811 405 14 17 0.02342084 
450 315 24 33 0.023396235 
695 395 11 14 0.023345735 
147 294 14 19 0.023339117 
691 350 11 14 0.023323335 
286 265 9 11 0.023162834 
422 382 12 14 0.023092687 
623 397 16 22 0.023060186 
328 377 16 19 0.023055488 
335 362 26 32 0.02301576 
591 386 29 33 0.022876415 
615 340 24 31 0.022868002 
818 315 11 13 0.022668147 
608 385 24 30 0.022630602 
632 362 22 30 0.02261728 
273 269 8 11 0.022616658 
281 265 8 11 0.022559619 
801 316 9 12 0.02249201 
482 345 17 21 0.02241825 
396 357 11 14 0.022376426 
701 335 11 12 0.022370197 
206 421 15 20 0.02236906 
392 364 15 18 0.02214919 
411 324 15 17 0.02207249 
412 379 14 17 0.022072226 
727 396 11 15 0.021724982 
108 588 14 17 0.021618847 
670 427 12 16 0.021568652 
397 386 16 19 0.021456122 
654 342 11 14 0.021432439 
780 391 20 25 0.021413272 
322 364 14 18 0.021324528 
716 371 12 15 0.021253549 
428 353 13 18 0.021168474 
610 53 33 41 0.02107329 
803 415 24 28 0.020995302 
274 283 21 28 0.020978061 
242 324 15 18 0.020776434 
790 355 12 16 0.020745635 
263 300 10 14 0.020702299 
264 291 12 17 0.020680964 
388 358 15 17 0.020632047 
487 384 16 20 0.02062248 
846 376 43 61 0.020594373 
54 362 14 16 0.020536039 
684 462 10 14 0.020439405 
749 411 12 16 0.020417728 
661 365 11 16 0.020381035 
405 316 17 18 0.020346824 
654 402 13 17 0.020308128 
580 375 25 32 0.020298224 
631 278 9 12 0.020294188 
340 310 11 14 0.020155577 
473 455 22 31 0.02006493 
680 345 9 12 0.0200616 
725 387 11 17 0.020060284 
