0_Parade_marchingband_1_360
257
473 102 52 65 0.9982146 
855 132 48 57 0.990409 
90 157 48 51 0.98949695 
933 298 15 18 0.9702637 
578 225 24 28 0.85227525 
763 317 14 16 0.65112984 
244 260 15 21 0.46930838 
42 196 12 15 0.4270221 
325 322 11 12 0.3124774 
676 309 10 13 0.2630607 
1000 326 7 9 0.22540271 
374 246 12 14 0.21371253 
650 264 8 11 0.17945464 
661 287 9 11 0.13494194 
693 315 9 12 0.122062504 
310 262 8 10 0.11255186 
193 343 9 10 0.10957897 
361 237 10 11 0.1049386 
754 300 12 15 0.10341843 
9 335 8 11 0.1019465 
421 148 11 15 0.09577763 
211 248 44 53 0.08689257 
958 73 7 8 0.07657671 
965 94 8 10 0.07567308 
289 299 11 12 0.07165838 
1001 278 9 10 0.06938586 
394 244 10 14 0.067145616 
743 323 9 12 0.06665564 
639 324 9 11 0.066623196 
1002 71 7 10 0.063365944 
710 309 9 12 0.06261773 
953 79 7 10 0.059242662 
887 72 8 10 0.05677881 
714 294 9 10 0.05622756 
214 222 7 10 0.055836763 
222 261 13 14 0.053898558 
624 307 11 12 0.053858172 
721 323 16 18 0.053839657 
1002 55 7 9 0.053457785 
749 323 11 13 0.052309334 
657 309 8 12 0.051618524 
235 258 26 33 0.051225062 
704 305 9 11 0.051199287 
688 310 8 11 0.05100888 
950 31 8 10 0.050839566 
896 71 7 9 0.05068106 
817 24 8 9 0.049278047 
361 244 10 12 0.04863847 
776 48 8 9 0.048195023 
977 73 6 8 0.047643542 
757 308 13 15 0.04742919 
663 317 8 11 0.047105398 
717 300 12 14 0.046764288 
364 233 9 12 0.04669555 
672 313 11 14 0.04490494 
711 317 10 13 0.044644758 
367 245 10 14 0.04414805 
1014 96 7 10 0.043834444 
673 306 10 11 0.043298747 
656 304 8 11 0.042418644 
983 71 7 8 0.042161275 
1009 94 7 10 0.04206699 
712 302 9 12 0.04196187 
967 328 8 10 0.041012306 
30 204 9 12 0.04023157 
865 40 7 9 0.03988398 
998 111 9 10 0.0397891 
879 107 13 16 0.03946942 
910 49 8 9 0.039361626 
985 64 7 9 0.039342158 
1001 88 7 9 0.03929146 
983 342 7 9 0.038562723 
866 47 6 8 0.038525477 
719 309 11 13 0.038513012 
992 88 7 8 0.038416337 
724 308 12 14 0.03817838 
714 289 8 9 0.03757606 
722 315 15 17 0.037417598 
293 296 9 12 0.03707824 
306 263 8 10 0.037007008 
303 300 9 11 0.03671396 
9 231 8 11 0.036451787 
911 53 7 10 0.036282074 
954 72 7 9 0.036157086 
1015 86 8 10 0.03588177 
991 64 7 9 0.03541547 
733 111 8 10 0.035098154 
952 86 7 10 0.03485874 
966 292 8 10 0.034616925 
336 262 7 9 0.034384377 
334 301 8 10 0.034158636 
966 88 7 9 0.0340186 
427 157 12 14 0.033957664 
711 133 8 10 0.033765506 
822 186 15 18 0.033369366 
1001 62 8 9 0.03314578 
929 71 6 9 0.03306443 
961 89 8 10 0.032834988 
775 237 10 11 0.03279986 
985 32 7 8 0.03276647 
976 111 7 9 0.032732993 
807 318 8 12 0.032601524 
903 71 7 9 0.032137513 
976 78 7 9 0.031963732 
743 280 9 11 0.03181173 
634 342 9 11 0.03154091 
243 255 13 17 0.031480506 
670 287 8 10 0.031417735 
946 31 8 9 0.03136738 
847 47 8 10 0.03119538 
688 327 9 10 0.031103259 
1000 48 7 8 0.030932484 
1008 47 7 9 0.030914262 
786 40 7 9 0.030613871 
654 255 9 11 0.030440824 
208 383 9 12 0.0302643 
1006 71 7 10 0.030028902 
1007 62 7 9 0.030002322 
686 288 8 10 0.029926423 
672 261 7 10 0.029868757 
961 46 7 9 0.029857492 
672 256 8 10 0.029494854 
721 256 8 9 0.02938481 
992 48 7 9 0.029367365 
662 310 8 12 0.029149942 
730 112 8 10 0.029132484 
658 316 8 11 0.028915353 
922 62 7 9 0.028794458 
823 55 8 10 0.028673174 
696 295 7 9 0.028513068 
320 248 8 10 0.028446224 
680 288 8 10 0.028441317 
0 356 7 11 0.028323408 
871 47 7 10 0.028289434 
970 73 6 8 0.028068231 
381 143 8 10 0.02805185 
849 71 7 9 0.028015096 
748 298 21 26 0.027857965 
976 56 6 9 0.027854564 
313 278 10 12 0.027794452 
1014 101 8 11 0.027764268 
985 55 8 9 0.027562061 
361 252 9 11 0.027442455 
39 194 20 23 0.027301064 
711 128 8 10 0.027040584 
961 288 9 11 0.026821861 
280 269 10 13 0.026794748 
724 342 10 13 0.0266195 
686 304 9 11 0.026506996 
992 70 6 8 0.026444895 
237 271 14 18 0.026382916 
968 57 7 8 0.026327308 
16 358 8 10 0.026297674 
1007 88 8 10 0.026271904 
652 266 10 12 0.026222417 
1002 78 8 9 0.026214419 
460 123 12 18 0.025965266 
663 271 9 10 0.025590394 
790 64 8 9 0.025493134 
946 79 7 9 0.025473759 
1009 24 7 10 0.025444577 
973 286 8 10 0.025362857 
905 48 8 9 0.02520718 
1009 29 8 10 0.025200209 
960 335 8 9 0.025006725 
776 121 7 8 0.024928851 
1005 271 8 11 0.024834879 
977 103 8 10 0.024829585 
798 47 8 9 0.024822641 
311 256 9 11 0.024817996 
921 87 7 9 0.024706982 
673 140 8 10 0.024671314 
895 38 7 10 0.024632966 
975 334 8 10 0.024385557 
1006 326 8 9 0.024152089 
975 328 7 10 0.024147503 
1007 111 8 10 0.024064587 
344 246 10 11 0.024038317 
928 80 6 8 0.023780582 
1006 77 7 10 0.023697248 
672 240 8 9 0.023683783 
744 257 7 9 0.023667896 
711 95 8 11 0.023543958 
848 78 8 10 0.023441503 
679 273 8 9 0.023265263 
983 119 8 10 0.023242623 
976 63 6 8 0.02316446 
912 72 7 9 0.023139557 
995 111 8 10 0.023098268 
286 276 10 13 0.023089124 
350 341 8 10 0.023054827 
663 279 8 11 0.022906221 
1007 335 8 10 0.022882903 
791 39 8 10 0.022869714 
823 39 7 9 0.022713078 
687 294 8 10 0.022642272 
678 255 8 10 0.022607716 
934 340 11 14 0.022423634 
957 78 8 9 0.022345152 
335 257 8 10 0.022307262 
433 134 8 10 0.0222842 
984 47 8 9 0.022223888 
1013 326 9 12 0.022120928 
1 352 8 11 0.022051968 
26 199 9 13 0.022039698 
982 366 9 11 0.022038823 
855 47 7 9 0.02203765 
800 31 7 8 0.022017915 
907 54 7 9 0.022011843 
329 262 7 10 0.021999877 
978 47 6 8 0.021986457 
1008 40 8 10 0.021909188 
639 285 8 10 0.021903887 
695 303 9 12 0.021816464 
702 142 9 10 0.021676496 
377 251 13 14 0.021659968 
848 23 7 9 0.021654759 
982 336 8 10 0.02164793 
706 128 7 9 0.021624586 
326 248 8 10 0.021585308 
999 116 9 10 0.021583993 
927 86 6 9 0.021561759 
729 94 7 9 0.021456363 
785 63 7 10 0.021407282 
935 118 8 9 0.02132435 
872 55 8 9 0.02130685 
726 72 8 10 0.021285981 
783 48 8 8 0.021224372 
628 303 8 12 0.021188064 
727 119 9 11 0.021172544 
749 262 8 10 0.020988334 
655 351 10 12 0.02093882 
783 318 9 13 0.020917509 
961 40 7 9 0.020889962 
328 255 7 10 0.020863282 
888 54 8 9 0.020741388 
864 73 7 8 0.020670446 
661 304 8 10 0.02063136 
993 336 8 9 0.02058554 
1005 286 7 10 0.020562496 
969 62 7 8 0.020557225 
718 302 22 26 0.02049649 
350 254 8 10 0.020495722 
1000 93 8 10 0.020434977 
990 30 8 10 0.020424545 
617 299 10 14 0.020371245 
810 95 7 10 0.020346614 
800 317 10 12 0.020336263 
716 324 23 29 0.020298881 
811 181 25 30 0.02026923 
335 286 8 10 0.020250006 
835 187 14 17 0.020202495 
969 22 7 9 0.02015823 
319 262 7 9 0.02014888 
728 279 8 9 0.020118661 
753 120 7 9 0.020087684 
376 259 10 12 0.02003882 
