0_Parade_marchingband_1_746
113
746 87 28 38 0.9995004 
141 79 33 42 0.99946886 
815 94 31 42 0.99923265 
372 91 28 36 0.998882 
763 46 29 37 0.9988525 
544 88 35 44 0.99876994 
425 80 27 36 0.99869907 
627 112 26 34 0.99806434 
300 75 26 33 0.99587125 
597 89 32 39 0.9937848 
169 65 25 39 0.94581723 
963 182 15 18 0.9304947 
927 182 12 16 0.8786556 
453 98 23 30 0.84716034 
1002 180 13 15 0.7230372 
957 159 10 13 0.7159646 
1005 164 12 13 0.5808554 
1001 135 11 15 0.564455 
949 178 11 13 0.5016614 
942 138 11 14 0.47222322 
886 231 11 14 0.30945212 
19 104 22 28 0.2795947 
920 164 10 13 0.22759013 
998 212 12 15 0.21504325 
155 72 29 38 0.19076052 
599 80 25 30 0.14452007 
929 229 19 22 0.13525464 
436 87 25 33 0.13109675 
889 234 12 16 0.12258375 
879 175 11 14 0.11566073 
610 97 29 36 0.096702024 
892 213 11 15 0.08861797 
858 201 15 19 0.083632104 
560 95 29 38 0.07545971 
589 93 25 36 0.073904544 
983 172 11 15 0.07368279 
3 212 12 15 0.0656527 
1003 171 15 18 0.06563581 
935 212 10 13 0.06503372 
35 97 14 21 0.06270805 
915 212 16 20 0.061952204 
767 99 26 35 0.060702827 
853 197 14 19 0.05975485 
924 175 12 14 0.059099387 
937 135 13 15 0.058951776 
882 179 12 15 0.056273077 
908 214 15 18 0.05293554 
932 221 13 16 0.051238768 
936 206 9 12 0.05107527 
576 93 22 33 0.049408983 
29 94 14 17 0.04801696 
972 172 11 15 0.0463198 
974 166 10 13 0.04562328 
287 74 25 30 0.045280438 
1005 219 13 17 0.043425255 
964 164 12 15 0.043204598 
889 151 10 13 0.04253722 
1011 159 12 15 0.041907884 
739 221 14 17 0.040475488 
950 149 10 12 0.03907133 
1000 197 11 13 0.038789082 
1012 170 10 14 0.037643895 
921 170 11 15 0.037530307 
886 221 12 15 0.037417814 
811 227 16 17 0.036172763 
20 116 17 24 0.03566492 
1015 149 9 13 0.035423614 
1015 141 9 13 0.034897704 
923 159 11 14 0.032283593 
796 238 12 15 0.03211554 
944 145 11 13 0.03133677 
796 95 17 22 0.03128739 
1006 154 19 25 0.030058574 
960 194 10 13 0.029502893 
918 225 13 16 0.029339684 
1010 180 11 13 0.029285286 
1013 133 10 13 0.028994996 
975 142 8 10 0.028803041 
949 182 14 18 0.028463176 
925 220 14 17 0.027876727 
1006 129 9 12 0.027826997 
920 141 8 11 0.027743554 
25 110 25 31 0.027627176 
903 213 12 16 0.027349202 
969 134 9 10 0.025729796 
955 152 19 24 0.025487753 
892 154 10 14 0.025370492 
1014 204 10 14 0.02509775 
432 218 34 43 0.025041325 
927 238 16 20 0.024905875 
940 134 19 23 0.024474366 
925 214 13 15 0.024223851 
459 334 16 20 0.024155192 
989 237 13 15 0.024105905 
871 218 12 15 0.024104426 
42 99 13 19 0.024017628 
885 166 12 15 0.02392478 
28 239 10 12 0.023729919 
887 206 10 16 0.023559323 
14 111 17 21 0.022613896 
177 84 17 22 0.022539604 
846 198 15 20 0.021959353 
916 204 14 17 0.021781612 
754 75 30 41 0.021462772 
878 220 13 16 0.021430995 
601 209 30 38 0.021409616 
952 237 12 15 0.021359965 
573 96 16 23 0.02108993 
933 165 11 14 0.020936199 
940 212 10 12 0.02069916 
580 261 13 18 0.020698128 
460 298 54 63 0.020349324 
902 235 11 14 0.02001245 
