0_Parade_marchingband_1_445
316
484 148 38 48 0.9645391 
669 122 32 42 0.929138 
822 115 33 41 0.89407486 
155 110 18 22 0.50727504 
260 114 25 32 0.41520584 
338 100 19 24 0.3861627 
635 1 18 18 0.3656889 
242 0 17 19 0.35083607 
416 124 18 22 0.3488128 
71 43 11 13 0.27504575 
858 131 15 20 0.26297662 
654 126 29 41 0.24526475 
93 176 27 36 0.24273348 
53 34 11 14 0.20761167 
652 1 13 15 0.18870278 
757 82 12 14 0.17208304 
576 141 10 13 0.16278534 
280 113 23 29 0.15777251 
13 24 13 16 0.15335917 
910 278 25 34 0.1378322 
871 107 14 19 0.13716805 
845 2 13 15 0.13687934 
756 139 14 16 0.13684647 
934 110 11 13 0.13251217 
737 84 10 12 0.12362434 
661 2 12 14 0.11148287 
7 22 13 17 0.10663454 
810 5 13 16 0.10656459 
245 115 28 37 0.10579314 
213 141 10 13 0.10237552 
47 140 10 12 0.09315588 
901 110 9 11 0.08984946 
269 1 15 17 0.0896409 
253 194 25 30 0.08868653 
341 95 32 35 0.08748573 
893 195 10 13 0.086545266 
496 3 17 18 0.085496135 
119 32 10 11 0.08433163 
47 83 11 13 0.08204325 
791 4 10 12 0.07997819 
867 583 14 17 0.079924926 
1005 5 11 12 0.07554575 
773 110 9 11 0.07362588 
150 82 13 17 0.07325768 
601 37 11 15 0.07268754 
642 0 17 16 0.06858073 
239 87 12 13 0.068422735 
47 149 11 15 0.06812686 
916 275 16 21 0.063263506 
461 89 14 16 0.06279567 
899 264 43 55 0.062302396 
182 2 26 30 0.062150136 
95 7 9 12 0.060928278 
1006 210 11 14 0.060780033 
813 88 54 72 0.060681146 
722 143 16 21 0.06028868 
949 71 11 14 0.059445705 
8 139 10 12 0.05873879 
10 578 55 59 0.05853015 
461 128 50 61 0.058411658 
255 73 12 17 0.057366434 
741 69 10 12 0.05664769 
274 0 15 14 0.05572578 
782 2 11 14 0.05513224 
789 74 22 29 0.053877737 
921 282 14 17 0.053584863 
605 2 13 15 0.05353506 
650 99 45 63 0.05345728 
681 132 20 26 0.052488543 
744 99 13 16 0.051712677 
519 3 11 12 0.050477624 
652 138 18 26 0.04992386 
775 4 11 14 0.04901188 
267 145 15 18 0.0486184 
400 -4 32 28 0.048548903 
667 1 17 17 0.048351448 
425 119 46 55 0.047776595 
686 107 11 16 0.04643827 
853 299 55 69 0.046419397 
49 30 11 14 0.046204843 
87 123 12 14 0.045304686 
713 134 21 27 0.044317674 
469 2 14 16 0.044262405 
773 82 11 15 0.043642085 
41 135 10 13 0.043451015 
56 69 10 12 0.04297405 
377 4 32 35 0.04290071 
737 185 17 20 0.042583734 
974 93 9 11 0.04255608 
790 70 12 16 0.041636277 
245 133 15 19 0.041341063 
710 69 9 11 0.04116956 
198 133 27 34 0.04077111 
161 109 26 31 0.04057609 
983 110 9 12 0.039656416 
205 199 28 33 0.03955634 
95 1 9 9 0.039519567 
612 60 11 14 0.038999043 
715 134 13 17 0.038876686 
864 109 12 16 0.038734987 
99 144 13 15 0.03871044 
686 102 10 13 0.03860617 
732 100 11 13 0.038265675 
842 129 15 22 0.03806813 
4 6 10 12 0.03767632 
1004 101 10 13 0.0376435 
211 142 16 20 0.037564 
251 147 14 18 0.037410248 
688 194 16 18 0.037009574 
796 185 19 23 0.036930397 
588 11 14 16 0.03676395 
284 0 13 15 0.036622718 
29 227 34 39 0.03637066 
730 145 14 18 0.036332045 
922 158 9 11 0.036275752 
13 139 11 12 0.036269158 
676 140 18 24 0.0360399 
524 4 11 11 0.035946116 
810 131 14 18 0.035630967 
839 1 13 14 0.035586014 
753 14 9 11 0.035463538 
476 93 11 14 0.035226755 
272 115 18 23 0.035123087 
582 21 14 17 0.035086248 
783 69 10 15 0.03483298 
988 108 9 12 0.034640133 
221 200 14 19 0.03454109 
679 189 27 30 0.034370366 
716 151 15 20 0.033943795 
755 134 22 28 0.03392609 
355 2 15 16 0.033884756 
266 199 16 21 0.03375238 
452 0 26 29 0.033655036 
409 106 45 58 0.033465866 
237 5 16 21 0.033384737 
753 76 20 25 0.033333573 
765 82 12 16 0.0332907 
169 119 60 68 0.03316111 
18 20 13 18 0.033052664 
739 77 13 16 0.032930285 
76 178 26 35 0.032911476 
749 143 15 19 0.032855563 
999 148 12 15 0.0323861 
594 135 46 53 0.032366786 
590 216 55 66 0.03217769 
46 1 9 9 0.03200583 
838 11 11 13 0.03171582 
177 112 26 31 0.031611264 
779 612 17 18 0.031460386 
782 70 19 27 0.031331148 
831 28 12 14 0.031249192 
892 36 10 13 0.031176835 
544 12 11 14 0.031132141 
156 78 11 14 0.031114493 
262 102 41 49 0.030876298 
361 123 17 20 0.03065534 
600 5 11 14 0.030598857 
581 4 12 13 0.030466842 
720 211 28 36 0.030287394 
976 87 9 11 0.030274544 
771 384 29 32 0.030242868 
719 125 10 14 0.029826611 
766 5 12 14 0.02949913 
619 156 14 17 0.029431302 
796 5 11 12 0.029429613 
300 52 11 13 0.029415539 
611 2 13 15 0.02901799 
89 11 11 14 0.02896657 
291 120 25 31 0.028925946 
60 110 10 13 0.0287248 
181 120 15 20 0.028724732 
989 154 10 12 0.02851287 
224 113 50 56 0.028497176 
980 115 10 12 0.028122902 
757 21 11 13 0.028050518 
836 121 28 36 0.027978553 
592 116 12 15 0.027942462 
145 12 10 11 0.027658565 
983 151 12 16 0.027480265 
175 60 9 12 0.027398007 
576 22 12 14 0.027376305 
894 135 9 13 0.027349958 
833 5 11 12 0.027344275 
440 3 29 31 0.027276617 
141 62 9 10 0.027236538 
292 -1 16 14 0.027221654 
581 218 33 44 0.02711328 
206 4 13 16 0.027077114 
862 93 9 14 0.027069824 
753 78 12 15 0.026950393 
876 67 11 12 0.026592493 
366 26 13 15 0.026424007 
465 86 24 29 0.026379723 
249 200 14 21 0.02634473 
699 96 20 30 0.026329108 
722 114 91 117 0.026189223 
695 107 11 18 0.026176972 
642 9 14 15 0.026117615 
808 122 29 34 0.026097069 
232 97 30 38 0.026042229 
832 21 12 15 0.025932362 
776 70 11 15 0.0258805 
784 177 27 34 0.025839258 
151 54 8 11 0.025723696 
59 61 11 14 0.02546452 
752 134 12 16 0.025389936 
949 301 11 14 0.025222354 
981 14 11 13 0.025166918 
187 1 16 16 0.025101291 
187 204 32 41 0.025015686 
23 6 11 13 0.024983289 
112 61 11 13 0.0248843 
773 172 15 19 0.02482489 
929 227 10 13 0.024821706 
901 234 16 21 0.024767123 
227 3 15 19 0.024731927 
96 39 10 12 0.024698207 
457 83 23 26 0.0246377 
52 77 10 14 0.024617335 
327 28 54 58 0.02459941 
47 4 10 13 0.024542464 
602 42 12 15 0.024529653 
865 136 12 18 0.02449592 
44 79 20 26 0.02449452 
742 95 11 13 0.024289517 
630 40 12 15 0.024123596 
856 110 10 14 0.024088372 
77 186 16 21 0.02407176 
726 174 24 30 0.024069093 
467 -1 22 24 0.024016429 
356 125 29 33 0.023999166 
148 109 50 57 0.023958253 
436 132 48 57 0.023801345 
621 2 15 17 0.02379316 
394 5 16 17 0.023774482 
622 32 14 18 0.023630187 
766 166 30 36 0.023584465 
900 70 12 14 0.023554392 
992 46 10 11 0.023333844 
200 63 9 12 0.023273133 
694 1 14 17 0.023154488 
316 117 10 14 0.023149518 
4 11 13 18 0.023105834 
610 149 25 29 0.023055837 
87 87 10 12 0.023035847 
862 113 23 29 0.022972794 
782 63 10 13 0.022926694 
72 178 40 56 0.022869255 
593 189 12 15 0.022826817 
149 84 23 28 0.022806797 
700 -1 17 18 0.022747463 
42 84 11 13 0.022669956 
897 219 24 31 0.022596972 
745 132 53 66 0.022559172 
651 124 14 19 0.02254593 
113 28 9 12 0.022495838 
52 7 11 12 0.022442224 
50 151 14 18 0.022344792 
144 69 8 11 0.022317804 
915 182 12 14 0.02231706 
910 119 11 12 0.022315763 
978 181 11 12 0.02220538 
735 154 12 15 0.022202136 
128 6 11 13 0.022133075 
996 46 10 12 0.021992251 
646 130 16 22 0.021904118 
425 127 17 20 0.02187381 
369 20 16 17 0.021869238 
1 135 8 11 0.021753857 
459 145 31 37 0.021722099 
244 153 16 18 0.021683343 
163 84 12 15 0.021671075 
832 13 11 13 0.021636479 
704 44 12 14 0.02150079 
965 7 11 12 0.021493725 
202 117 52 59 0.021467548 
756 15 10 13 0.021450449 
377 155 14 19 0.021438 
183 137 37 41 0.021371482 
748 94 12 14 0.021364 
79 116 12 15 0.02133281 
438 4 16 18 0.021305976 
53 186 45 56 0.021298578 
218 196 24 30 0.021296863 
250 121 17 22 0.021208514 
253 68 20 27 0.021207724 
604 30 12 16 0.021146275 
352 115 28 31 0.021133807 
246 139 23 29 0.021107612 
777 63 8 11 0.020983059 
926 22 9 11 0.020926261 
467 86 13 16 0.020851504 
631 6 14 18 0.020807384 
1002 229 9 11 0.020792788 
218 141 12 15 0.020748721 
703 76 9 11 0.02074 
879 5 10 12 0.020647008 
127 70 9 11 0.020576239 
691 12 14 18 0.020572478 
336 40 30 32 0.020571293 
92 117 14 16 0.020561574 
914 187 15 18 0.020522982 
679 103 23 30 0.020508524 
799 111 56 67 0.020470424 
151 113 27 33 0.020398088 
606 150 12 15 0.02037788 
37 216 30 36 0.020347014 
267 153 15 19 0.020342384 
103 87 11 14 0.020292783 
1002 213 10 12 0.020289484 
89 0 10 10 0.020268463 
871 5 11 12 0.02026644 
424 538 29 34 0.020153118 
782 148 11 13 0.020092113 
92 -8 91 119 0.020088963 
708 62 11 14 0.020079432 
