0_Parade_Parade_0_854
35
527 267 38 48 0.9977203 
791 435 44 51 0.99159324 
983 455 32 51 0.9877747 
121 726 27 32 0.9812967 
160 728 20 24 0.974662 
616 484 29 37 0.33320233 
25 747 18 19 0.25315508 
183 742 13 16 0.23209849 
145 748 15 17 0.09846511 
998 467 26 46 0.09391973 
399 159 12 17 0.09197409 
940 455 28 44 0.05928724 
135 738 23 26 0.04507278 
53 743 17 18 0.044525664 
123 723 47 46 0.039043047 
6 401 14 19 0.03879762 
102 671 11 14 0.03694468 
181 751 14 15 0.03443923 
151 717 40 45 0.030192155 
841 32 31 37 0.029472435 
1 393 22 33 0.02836373 
951 527 46 58 0.027753925 
996 597 30 34 0.02770102 
24 743 13 16 0.025956776 
396 165 39 50 0.02594094 
895 590 12 16 0.025120758 
410 177 15 20 0.023969384 
723 79 17 20 0.023696087 
1010 479 14 27 0.02369333 
459 284 26 28 0.023253907 
182 735 21 29 0.023035852 
933 564 10 15 0.02206887 
999 609 22 34 0.02087797 
616 491 45 46 0.020546444 
522 287 35 39 0.020131385 
