0_Parade_marchingband_1_620
347
799 411 31 40 0.99593 
912 326 30 36 0.9950606 
768 340 24 30 0.9729786 
841 350 26 30 0.9726705 
820 250 23 27 0.94520634 
120 274 19 25 0.9425998 
659 337 29 34 0.93298614 
954 236 15 17 0.92457163 
193 177 18 20 0.9185319 
84 191 15 20 0.9088541 
439 243 20 22 0.897583 
469 194 11 15 0.8286782 
905 217 15 19 0.8269798 
623 165 10 13 0.69611967 
132 229 23 30 0.6859611 
587 180 12 16 0.6660282 
858 203 18 20 0.6320635 
338 249 13 17 0.6126154 
323 244 16 19 0.59929353 
110 187 13 17 0.577745 
292 238 12 15 0.5712201 
1005 327 18 30 0.526232 
398 194 11 13 0.45869404 
974 216 16 20 0.4044408 
919 260 14 19 0.39237908 
328 179 11 12 0.3586872 
609 242 18 19 0.33487394 
256 202 12 15 0.32112288 
761 213 11 13 0.31025195 
515 174 11 14 0.2891108 
841 233 15 19 0.26975676 
409 174 10 12 0.25018403 
962 171 13 15 0.24139379 
944 554 64 78 0.23623873 
970 268 17 24 0.23140791 
406 194 11 14 0.2162794 
393 195 10 13 0.20958063 
310 189 13 14 0.20176913 
741 189 11 15 0.18282223 
414 180 10 12 0.1817085 
878 203 11 16 0.17770132 
851 173 12 14 0.16445158 
776 412 19 26 0.14755668 
413 195 8 11 0.1474199 
225 219 12 15 0.1439528 
478 213 9 13 0.1280592 
851 179 15 18 0.1188566 
940 175 11 15 0.11850135 
222 170 12 15 0.11030487 
266 248 7 10 0.107629314 
719 167 9 13 0.10665569 
866 206 16 20 0.10574304 
406 211 11 13 0.102260105 
172 190 12 15 0.10115819 
909 188 10 14 0.0967595 
493 221 9 12 0.09591974 
831 239 21 27 0.0952638 
741 182 10 12 0.09053988 
333 181 8 11 0.09031337 
646 190 7 10 0.08984371 
332 254 16 20 0.08886991 
869 225 15 17 0.08725027 
596 189 9 13 0.08723596 
921 172 9 12 0.08446372 
780 257 14 17 0.08441124 
147 238 14 20 0.08214146 
809 194 13 16 0.08077451 
0 137 9 15 0.07992766 
726 171 10 13 0.0797428 
560 162 13 18 0.07477127 
422 187 10 13 0.07362903 
737 179 10 13 0.071770094 
254 263 7 10 0.07121891 
139 305 17 18 0.07051095 
857 350 16 22 0.068614185 
529 187 11 13 0.06737651 
117 205 13 16 0.06626459 
628 190 9 12 0.06542243 
629 171 10 12 0.06538105 
317 166 8 12 0.064586475 
113 191 14 18 0.06379209 
961 241 14 16 0.063475035 
478 286 10 14 0.06292117 
471 200 11 14 0.06207985 
66 251 15 16 0.061060872 
781 409 26 34 0.060407076 
672 173 8 10 0.059538674 
76 250 13 15 0.05859099 
979 272 13 19 0.058424197 
648 184 7 10 0.05760951 
657 197 9 11 0.05741875 
536 171 11 12 0.05556654 
782 187 10 13 0.05425039 
431 189 9 12 0.05378502 
228 214 11 15 0.053762004 
54 139 11 15 0.05321703 
542 199 9 12 0.053079307 
290 149 12 14 0.052638873 
63 188 12 16 0.05257591 
369 197 9 12 0.052154288 
222 225 13 16 0.05090975 
859 181 12 16 0.05090148 
904 172 9 11 0.0508206 
912 218 13 17 0.050229214 
342 191 8 10 0.050020233 
448 282 13 19 0.049840562 
654 282 11 14 0.048609007 
828 170 12 15 0.048271365 
331 265 13 17 0.047302216 
770 218 13 14 0.04717215 
918 234 11 15 0.04694609 
871 174 10 13 0.04685445 
70 161 24 30 0.046743765 
435 221 14 18 0.04674055 
657 176 8 10 0.04656097 
915 227 12 17 0.044559233 
224 236 11 12 0.044400465 
432 181 10 13 0.04430886 
289 165 9 13 0.044166155 
885 173 9 11 0.044057634 
852 197 17 23 0.043714914 
608 143 10 13 0.04351375 
102 182 15 19 0.04350583 
965 186 13 17 0.043262143 
714 166 10 13 0.042405106 
114 182 13 18 0.042219277 
753 173 10 12 0.04161097 
656 180 8 11 0.04161036 
991 180 10 13 0.041421916 
477 205 10 13 0.04053475 
438 213 11 14 0.04048816 
201 174 15 21 0.040098444 
744 215 9 12 0.039923128 
864 225 12 17 0.03985501 
964 260 14 18 0.039729826 
951 172 10 14 0.039677303 
319 173 10 13 0.039426137 
598 195 9 12 0.039142516 
261 186 14 16 0.039061695 
317 181 11 14 0.038932607 
471 154 13 15 0.038789764 
593 180 11 16 0.03868045 
390 237 13 17 0.03850612 
959 259 11 15 0.038304914 
636 283 16 21 0.037816428 
601 242 14 17 0.037774876 
352 197 10 13 0.03758575 
981 199 14 18 0.037349507 
230 206 10 13 0.037127867 
208 205 12 17 0.03694047 
869 295 15 20 0.03662281 
614 211 10 12 0.036479026 
662 175 8 9 0.03632031 
941 196 11 14 0.03613472 
713 172 10 12 0.035964154 
472 214 10 12 0.035831504 
989 284 13 15 0.0356982 
340 277 16 20 0.035620175 
260 206 13 17 0.035509493 
435 189 12 14 0.035477422 
812 306 18 22 0.035441983 
313 159 9 12 0.03538436 
405 204 12 15 0.03503091 
395 189 19 23 0.034974553 
432 174 9 13 0.034969106 
673 348 16 23 0.03451365 
982 190 9 13 0.034209985 
316 194 12 14 0.03410652 
78 202 12 16 0.033871844 
306 190 10 12 0.03361067 
737 195 11 14 0.033330478 
147 228 14 20 0.032981697 
686 124 15 17 0.032661185 
910 172 10 11 0.03265457 
762 314 18 24 0.032505166 
487 238 11 15 0.03244778 
175 244 14 17 0.03242457 
788 257 15 18 0.032394674 
401 180 11 14 0.032251827 
620 160 17 22 0.032031264 
692 181 9 12 0.031977892 
68 193 13 16 0.031782046 
639 181 8 11 0.031720795 
795 260 11 16 0.031506263 
362 225 13 17 0.031258 
791 400 29 37 0.031247433 
909 232 14 18 0.031010784 
879 188 11 14 0.030963216 
656 192 9 11 0.030837266 
470 181 13 16 0.030700635 
988 227 12 16 0.030508386 
536 197 9 12 0.030482601 
903 182 12 15 0.03034348 
678 380 14 19 0.030250961 
1000 573 25 42 0.030244011 
647 168 8 10 0.030219713 
144 188 10 13 0.03010574 
112 202 12 16 0.03007894 
73 204 11 14 0.030015416 
934 174 19 24 0.029895611 
346 167 7 10 0.029784445 
73 153 18 19 0.029756993 
589 230 9 12 0.02961892 
423 173 9 12 0.029285798 
335 204 10 12 0.029284064 
716 197 10 13 0.029151894 
852 182 22 29 0.028996216 
303 172 11 15 0.02882184 
516 198 9 11 0.028732179 
970 288 15 19 0.028703175 
229 197 10 13 0.028699102 
988 197 10 15 0.028594913 
590 206 9 11 0.02848239 
642 199 9 11 0.028345 
123 209 12 15 0.028323207 
450 278 22 28 0.028108506 
959 223 20 25 0.027975382 
197 245 11 14 0.027903432 
623 180 10 13 0.027753506 
109 210 13 16 0.027725931 
646 205 9 10 0.0277179 
399 201 11 15 0.02760146 
749 188 11 14 0.027592804 
487 190 10 13 0.027557554 
780 264 14 18 0.027469976 
628 278 19 27 0.027453765 
532 183 11 13 0.027408836 
680 191 8 11 0.02730259 
402 174 9 13 0.027228264 
718 191 9 11 0.027182152 
512 188 10 11 0.027178861 
683 385 16 21 0.02708861 
289 155 12 15 0.027079338 
310 170 11 15 0.027011454 
462 173 11 12 0.026950466 
851 275 22 27 0.026883854 
761 208 17 21 0.026786473 
918 188 11 15 0.026665509 
597 155 11 13 0.026441656 
288 171 9 11 0.026421016 
973 235 12 16 0.02636354 
751 266 11 13 0.026118686 
992 322 25 37 0.026008511 
333 276 12 16 0.025990425 
279 172 9 11 0.025893241 
591 195 10 13 0.025775 
270 253 9 11 0.025713192 
741 287 14 20 0.0256541 
479 232 9 11 0.025634386 
775 187 10 14 0.025630878 
336 188 9 12 0.025598066 
970 575 41 53 0.02553316 
631 181 9 12 0.02544884 
865 347 13 18 0.025438594 
196 191 13 17 0.025425132 
1 130 13 18 0.025337664 
505 173 10 12 0.025267705 
860 173 11 15 0.025043761 
882 198 13 16 0.0250397 
212 198 11 14 0.024881542 
102 212 12 14 0.02485074 
941 187 11 16 0.024742203 
413 204 11 13 0.024736768 
350 216 11 12 0.024730837 
249 264 9 11 0.02471663 
984 280 22 25 0.024691936 
225 95 215 223 0.024561627 
269 185 12 16 0.024440665 
688 181 9 11 0.024393125 
751 207 9 12 0.024355434 
335 198 10 13 0.024333585 
684 345 13 19 0.024032561 
897 218 14 19 0.023978945 
289 144 10 13 0.023914395 
350 166 8 11 0.023895456 
239 182 10 12 0.023685534 
932 250 14 19 0.02359105 
366 180 10 12 0.023536013 
349 220 15 18 0.023472285 
879 182 10 13 0.023468373 
64 182 21 27 0.02342373 
360 174 9 11 0.023283951 
327 155 11 13 0.023282392 
0 101 10 18 0.023215082 
436 226 25 32 0.023199972 
687 176 10 11 0.023179654 
619 282 14 20 0.023051644 
903 192 14 19 0.023044048 
60 256 16 18 0.02291667 
678 175 8 10 0.022603497 
1006 172 11 13 0.022560356 
122 219 24 32 0.022557314 
737 255 10 13 0.022509139 
413 168 9 12 0.022479685 
342 197 10 12 0.022449423 
606 208 13 15 0.022393513 
298 242 11 14 0.022312852 
973 203 15 18 0.022246353 
605 362 16 20 0.022239313 
540 167 12 14 0.022199998 
133 220 17 19 0.022198517 
923 250 16 22 0.022154337 
851 243 14 19 0.022098824 
244 172 11 13 0.022040226 
439 278 12 17 0.02198085 
846 184 16 19 0.021817297 
464 189 19 23 0.021760536 
367 311 12 15 0.021737965 
511 169 18 23 0.02172821 
766 187 12 15 0.021704758 
255 255 9 11 0.0216637 
432 195 10 12 0.021515712 
71 169 14 18 0.021514958 
860 285 20 27 0.021420378 
949 188 11 14 0.021383798 
936 204 11 15 0.021360554 
298 166 21 27 0.021322498 
663 183 8 9 0.021212338 
327 272 13 16 0.021075869 
740 259 11 14 0.020967804 
984 252 11 15 0.02096341 
149 221 11 15 0.020952359 
263 174 11 13 0.020940116 
287 311 11 13 0.020886416 
627 159 11 13 0.02079567 
148 187 12 15 0.02074343 
782 174 9 11 0.020701963 
406 169 18 23 0.020696005 
983 181 10 14 0.020665908 
742 204 10 13 0.020646857 
29 202 11 13 0.020598978 
839 292 13 18 0.020511301 
345 227 11 15 0.020443385 
986 277 13 17 0.020429794 
926 331 19 23 0.020389363 
766 175 9 10 0.020385781 
751 180 10 12 0.02037735 
718 159 10 14 0.020372864 
223 179 10 13 0.020370929 
774 289 15 19 0.02031108 
364 292 11 14 0.020281646 
485 213 12 16 0.020243432 
591 155 12 14 0.02020433 
225 196 10 13 0.020160357 
237 206 10 14 0.020132432 
373 539 14 18 0.020102648 
402 204 21 25 0.020059876 
