0_Parade_marchingband_1_490
931
652 389 15 20 0.9915559 
884 358 15 20 0.98914474 
662 360 14 18 0.9888671 
882 332 14 16 0.9883209 
482 356 16 19 0.9871191 
630 331 14 18 0.98642784 
500 328 14 17 0.98524034 
538 438 17 22 0.98462915 
923 338 13 17 0.9845694 
264 391 13 19 0.9841935 
390 358 15 20 0.9833965 
439 358 14 19 0.9818256 
237 284 12 16 0.9817178 
613 285 12 16 0.9793154 
878 390 16 20 0.978634 
307 388 14 18 0.97712815 
413 332 12 16 0.97584575 
787 392 14 18 0.9754857 
526 356 15 18 0.972354 
245 326 13 17 0.97182584 
276 285 11 15 0.9708901 
551 388 16 21 0.9705164 
839 247 11 14 0.96897316 
718 308 12 15 0.9685273 
302 358 14 17 0.9667904 
678 305 14 17 0.96677464 
123 353 14 18 0.96674794 
837 391 15 19 0.9666628 
290 453 16 19 0.9660957 
669 453 18 22 0.9658858 
572 359 13 18 0.9647625 
575 282 12 15 0.96379226 
752 360 14 18 0.9632877 
454 390 15 20 0.9630487 
718 238 10 13 0.95864314 
205 327 13 16 0.9523771 
759 310 13 16 0.95138025 
408 451 17 22 0.94959724 
170 355 13 17 0.94926196 
405 190 10 12 0.9491918 
439 302 14 18 0.948087 
586 330 14 17 0.9464402 
674 330 13 18 0.94613266 
504 387 16 20 0.9457508 
639 306 13 16 0.9449645 
217 394 15 19 0.94434947 
79 398 13 16 0.9408278 
743 390 15 20 0.9404455 
303 266 12 16 0.93981624 
86 334 13 15 0.9391491 
167 285 11 14 0.9387249 
261 355 14 17 0.93632054 
282 304 13 18 0.93527377 
148 241 12 15 0.9327983 
837 286 11 15 0.92935324 
600 389 14 18 0.9293034 
461 284 12 16 0.926718 
696 391 15 19 0.92593783 
707 358 14 16 0.92485887 
811 230 10 13 0.9231743 
347 358 14 18 0.9226545 
686 287 12 14 0.9220846 
205 305 13 17 0.91934717 
201 284 12 15 0.9183745 
405 388 16 19 0.91830474 
432 246 11 14 0.9169654 
358 389 15 18 0.91209215 
293 246 12 15 0.9105116 
357 206 9 11 0.90937203 
328 246 11 14 0.90922034 
369 330 14 18 0.9084313 
704 248 12 15 0.9037149 
313 284 11 15 0.9013777 
287 328 13 17 0.90072703 
563 306 13 16 0.89750963 
932 366 13 17 0.8970054 
835 360 14 18 0.89625454 
422 284 13 15 0.89553416 
668 204 10 13 0.8948746 
750 333 13 16 0.89439857 
493 287 12 16 0.8936015 
628 270 12 16 0.89343256 
544 331 13 16 0.891596 
330 328 13 18 0.8877056 
932 387 14 19 0.8851482 
245 304 12 15 0.88298553 
728 202 10 12 0.8787837 
621 186 10 14 0.8786632 
801 267 12 14 0.87820804 
975 397 13 16 0.8775345 
734 266 12 16 0.8752587 
702 203 9 13 0.8714331 
652 237 10 14 0.8696826 
555 266 13 16 0.8588707 
557 192 9 11 0.85766983 
217 360 14 18 0.8573273 
800 310 12 16 0.85692304 
31 392 14 18 0.85268056 
264 199 9 12 0.8522678 
351 285 11 15 0.85171324 
385 283 12 16 0.8493857 
535 250 12 15 0.84893256 
196 264 11 14 0.8452428 
482 306 13 16 0.84524184 
442 266 13 16 0.84105325 
341 190 10 13 0.84024656 
78 359 14 18 0.8398044 
697 267 11 14 0.83717877 
360 303 12 17 0.8356766 
224 248 11 14 0.8342531 
125 397 14 18 0.83228445 
545 206 9 11 0.8279992 
686 235 10 14 0.8242434 
838 327 13 17 0.8239475 
592 268 12 15 0.8209204 
375 192 9 11 0.8194919 
575 204 9 13 0.8137176 
789 212 10 13 0.8133352 
373 266 10 14 0.811792 
529 213 10 13 0.8073755 
714 328 13 17 0.8068272 
400 306 12 16 0.80632424 
669 249 12 15 0.80068517 
837 312 14 18 0.798957 
591 188 8 11 0.79599655 
661 267 11 14 0.7933309 
717 215 10 12 0.78297573 
341 267 12 14 0.7807975 
171 397 13 17 0.76632565 
526 191 7 10 0.7643496 
560 215 12 15 0.7584248 
600 304 13 16 0.7558898 
581 232 10 14 0.7541097 
523 305 13 16 0.7527364 
794 360 13 17 0.75091136 
498 213 10 12 0.7457632 
650 285 12 15 0.74381745 
381 232 10 13 0.74119353 
536 285 12 14 0.7400309 
769 271 9 12 0.7389909 
518 267 12 14 0.7364429 
548 232 10 14 0.7301165 
726 286 10 13 0.7292091 
793 330 13 16 0.72874683 
247 214 8 11 0.7287019 
124 327 13 15 0.7272966 
615 357 15 18 0.72474414 
797 287 12 14 0.72260916 
406 265 12 16 0.7215403 
320 304 12 16 0.7147961 
391 206 9 12 0.71035266 
164 304 12 16 0.70079577 
436 193 8 11 0.7007647 
454 202 9 12 0.6940868 
745 231 9 12 0.6857333 
265 263 12 16 0.6790062 
259 247 10 14 0.6762333 
684 188 10 12 0.6761191 
636 204 9 11 0.66816646 
304 216 9 12 0.66284484 
653 189 9 12 0.66206926 
760 288 10 14 0.65650654 
454 235 9 13 0.6558733 
457 330 14 17 0.65519446 
785 216 10 12 0.6546276 
503 251 11 14 0.6469065 
605 248 12 14 0.6457069 
310 232 10 13 0.627478 
220 227 9 13 0.6230954 
216 211 9 11 0.6209468 
396 247 12 15 0.60986286 
122 286 12 16 0.5941155 
510 204 9 11 0.5900276 
627 220 9 11 0.5858224 
403 215 11 14 0.58556306 
595 219 9 12 0.5703872 
872 297 12 15 0.5648545 
636 250 12 14 0.5637217 
481 269 12 15 0.56137437 
188 226 11 13 0.558591 
436 215 10 14 0.5521178 
772 251 11 13 0.54953516 
294 200 9 12 0.5429169 
279 189 9 11 0.5369167 
234 198 8 11 0.5298813 
756 202 10 13 0.51991785 
776 231 10 13 0.5150071 
878 314 10 14 0.5097549 
231 264 11 15 0.508095 
605 201 9 12 0.5076769 
469 185 7 10 0.50699914 
167 325 12 17 0.5043185 
517 235 10 13 0.50257146 
846 265 10 14 0.49887767 
182 244 12 15 0.48868743 
363 248 11 13 0.4751388 
281 232 9 12 0.46525216 
617 233 12 14 0.46174866 
570 249 12 15 0.46105307 
420 203 9 12 0.45708963 
252 230 9 12 0.44630405 
468 248 10 14 0.42313656 
736 249 11 14 0.4211321 
809 249 11 14 0.40064493 
484 232 9 12 0.39910161 
346 232 10 12 0.39729244 
482 204 10 12 0.39704087 
420 233 10 14 0.3931029 
185 210 10 13 0.39072123 
370 216 10 13 0.38625592 
277 215 9 12 0.38232642 
173 231 9 11 0.37751675 
791 209 9 11 0.3714982 
338 215 8 11 0.36134842 
498 185 8 10 0.35869592 
311 188 8 11 0.3580431 
661 219 9 12 0.34104216 
602 205 9 10 0.33659643 
97 404 10 14 0.30573276 
467 215 8 11 0.2991851 
632 247 12 15 0.29213023 
655 461 12 15 0.2868989 
600 238 8 10 0.259109 
248 221 9 11 0.24985826 
693 221 8 11 0.24900022 
327 200 9 12 0.24857774 
740 269 11 14 0.24170986 
502 232 9 11 0.23184045 
123 306 12 15 0.22832042 
591 251 11 12 0.20826386 
504 309 10 13 0.19768208 
630 289 13 16 0.19686411 
677 270 9 12 0.19582292 
708 286 9 12 0.18486829 
217 221 10 14 0.1822242 
566 239 9 11 0.1811115 
638 270 10 14 0.17878589 
239 205 7 11 0.1779876 
687 326 11 15 0.17710951 
733 288 10 12 0.1714455 
242 213 8 11 0.17014228 
464 309 10 12 0.16826034 
667 291 12 14 0.16400127 
487 250 10 13 0.15904053 
750 221 8 11 0.15682557 
633 238 8 11 0.152778 
514 269 9 12 0.14862028 
696 307 10 13 0.14704259 
155 260 11 13 0.14611126 
645 221 9 11 0.14593758 
767 329 11 14 0.14590116 
542 307 12 15 0.14401789 
597 285 12 14 0.13940723 
368 263 12 15 0.13855979 
751 216 9 11 0.13605867 
803 289 11 16 0.13553108 
186 222 10 13 0.13342583 
205 231 9 11 0.12469148 
714 270 9 12 0.12466276 
79 366 14 19 0.12405397 
514 222 8 9 0.12337018 
842 309 13 16 0.12248266 
541 269 10 12 0.12224088 
648 327 11 15 0.12165883 
808 331 10 14 0.12096545 
539 277 12 15 0.12075088 
623 252 11 13 0.12059653 
574 269 11 14 0.11885351 
851 266 10 14 0.114525974 
720 262 10 13 0.11386228 
308 219 9 11 0.11369457 
748 270 10 13 0.11286054 
764 302 12 15 0.11263312 
289 250 10 14 0.11224565 
910 370 14 18 0.11156449 
963 379 11 14 0.110334426 
263 237 8 11 0.1094708 
377 234 10 13 0.108273454 
512 231 10 12 0.10799992 
240 365 13 16 0.107062735 
118 468 9 11 0.10613922 
772 274 12 15 0.10445338 
638 230 9 12 0.103701994 
534 232 8 11 0.101402335 
610 222 9 11 0.1000169 
738 308 10 13 0.09916817 
553 254 9 11 0.09626918 
884 269 12 16 0.09129373 
309 278 13 16 0.08912649 
135 271 10 12 0.08901196 
620 306 12 14 0.08868848 
629 216 9 12 0.08756236 
404 245 10 14 0.08628519 
668 268 11 14 0.085913084 
501 206 9 12 0.085861035 
722 237 11 15 0.08581738 
407 236 9 11 0.0857763 
581 305 13 16 0.085676394 
152 268 10 13 0.08559286 
143 227 10 13 0.085421845 
199 248 8 11 0.085169256 
448 232 11 13 0.08463085 
566 337 14 17 0.08401176 
688 256 10 12 0.08394499 
864 337 11 16 0.08338182 
129 331 13 15 0.08297299 
350 252 10 12 0.082572505 
579 206 9 12 0.08252271 
234 203 10 12 0.082474075 
174 379 12 14 0.0824651 
136 314 12 15 0.081689 
271 279 12 15 0.08149277 
533 237 9 11 0.081010416 
470 231 9 11 0.08044083 
185 240 10 13 0.08034524 
611 413 14 17 0.08022113 
400 267 12 15 0.07971717 
694 214 8 11 0.07968326 
311 252 10 12 0.079563156 
779 275 12 15 0.079556644 
505 199 9 11 0.0793609 
111 314 12 16 0.0792426 
726 325 12 15 0.07794414 
553 354 15 18 0.07781933 
522 262 13 15 0.077637464 
607 324 12 14 0.07740256 
656 262 12 15 0.07716873 
714 356 12 15 0.07684208 
284 365 11 14 0.07591877 
520 253 9 11 0.07526982 
109 340 10 13 0.07485394 
335 262 12 15 0.073659524 
539 373 13 17 0.07312767 
200 361 14 17 0.07190867 
769 261 10 13 0.07095202 
692 237 9 13 0.0707189 
533 308 11 15 0.07071592 
527 231 9 12 0.07060739 
728 254 9 13 0.07058748 
302 237 9 13 0.07041048 
341 186 8 10 0.07028867 
309 462 12 14 0.06943845 
683 185 9 11 0.068836525 
361 268 11 13 0.06863067 
737 302 10 13 0.068480216 
406 208 9 10 0.06820506 
249 234 10 12 0.06817345 
221 209 8 10 0.06789814 
470 236 9 11 0.06747434 
264 232 9 12 0.06725613 
518 242 11 13 0.06717688 
535 315 12 16 0.066862084 
95 400 10 14 0.06668929 
726 261 11 14 0.06658647 
643 269 11 14 0.06657298 
759 236 10 13 0.066353165 
438 237 11 13 0.0663104 
604 455 11 14 0.066266924 
758 221 9 12 0.065185346 
656 308 10 13 0.06482206 
386 207 8 11 0.06473769 
748 234 10 13 0.064332835 
840 280 11 14 0.06387037 
472 269 11 14 0.063584186 
649 232 10 13 0.063548565 
630 263 11 14 0.063307434 
658 216 9 12 0.06329072 
390 202 9 10 0.06309652 
893 270 11 14 0.063050896 
608 229 9 12 0.06296596 
264 301 11 14 0.06246431 
805 349 12 16 0.061872587 
353 386 13 18 0.061822057 
254 236 10 12 0.061696954 
280 195 8 10 0.06121436 
608 268 10 13 0.060864568 
133 289 13 17 0.06060704 
853 238 10 12 0.059968237 
422 215 9 12 0.059234124 
273 219 10 11 0.059065137 
81 422 8 11 0.05892879 
218 236 9 12 0.058788616 
72 351 10 13 0.058557615 
125 390 13 17 0.05783156 
570 306 13 16 0.057658814 
528 236 9 12 0.057543892 
246 210 8 10 0.05747138 
290 205 9 11 0.057183973 
297 356 13 16 0.056299802 
200 231 9 11 0.056272697 
676 276 11 13 0.056126207 
640 214 8 11 0.055671185 
177 244 10 14 0.05505396 
495 247 11 13 0.054911595 
388 230 10 13 0.05481638 
624 274 12 15 0.054708242 
232 193 9 12 0.053851224 
171 389 14 18 0.053706124 
533 219 9 12 0.05356516 
937 368 14 18 0.05334127 
691 290 11 15 0.052928325 
296 241 10 13 0.05262524 
768 230 10 13 0.052136894 
638 258 11 15 0.052089877 
613 268 12 13 0.05190533 
830 262 10 12 0.051833604 
456 363 12 17 0.05143376 
468 219 10 12 0.051418424 
699 200 9 12 0.051273905 
790 255 9 11 0.05109735 
712 276 10 13 0.050677598 
707 290 11 15 0.05019543 
704 463 9 11 0.050012834 
346 284 11 15 0.04986654 
676 246 10 14 0.049603954 
463 207 9 11 0.049587023 
165 469 10 13 0.049555138 
615 216 8 10 0.049331114 
189 246 9 13 0.049318004 
351 141 7 9 0.04928891 
824 283 9 12 0.048991926 
294 274 11 14 0.048902746 
543 224 9 10 0.048827123 
478 394 15 19 0.04867118 
631 230 9 11 0.048645377 
513 213 9 12 0.048603974 
189 235 10 12 0.048557643 
528 253 10 12 0.048519127 
462 312 13 17 0.04851081 
866 273 14 17 0.048414808 
213 436 13 17 0.04836866 
376 205 9 11 0.048118465 
723 314 12 16 0.047674675 
512 261 9 13 0.047561336 
470 197 9 11 0.047553994 
532 323 13 16 0.04712391 
640 354 12 15 0.0470742 
809 225 9 12 0.04702216 
791 238 9 11 0.047009286 
723 354 12 15 0.046964973 
646 278 12 15 0.046772856 
317 237 10 12 0.04671925 
711 380 11 16 0.04663348 
739 291 11 14 0.04651149 
797 300 14 17 0.04640994 
399 238 11 12 0.04606314 
55 480 11 13 0.04603279 
616 306 11 15 0.04587731 
622 262 12 14 0.045423154 
608 278 12 15 0.045369763 
279 253 11 13 0.045089416 
734 222 9 12 0.04506034 
755 322 13 18 0.044986904 
663 286 10 13 0.04477683 
500 188 8 11 0.044364184 
636 286 12 14 0.044128623 
354 210 9 12 0.04407296 
573 262 11 12 0.04404195 
661 239 10 12 0.04403316 
895 386 12 17 0.043978915 
322 246 9 12 0.04387244 
361 382 16 20 0.043865636 
653 194 11 13 0.04380808 
278 261 11 13 0.043414053 
501 316 13 16 0.04332386 
104 483 11 14 0.043229323 
883 316 11 14 0.042997368 
582 224 8 10 0.042970378 
286 355 12 15 0.04265935 
483 263 12 15 0.042571817 
297 213 9 11 0.042483248 
407 327 12 15 0.04233357 
871 317 11 15 0.042214792 
503 268 11 13 0.042191524 
758 246 10 13 0.042163458 
612 246 10 13 0.042151876 
468 274 12 16 0.042085767 
33 399 15 19 0.04165951 
700 301 11 14 0.041627802 
559 210 9 10 0.04153805 
682 231 11 13 0.041479692 
654 254 10 13 0.041441012 
287 276 11 14 0.04140197 
279 208 8 10 0.041362118 
862 321 14 17 0.04122 
357 527 13 17 0.041169748 
261 194 17 22 0.041138552 
175 267 10 13 0.040968984 
779 234 11 14 0.04070385 
71 464 11 12 0.04036201 
688 217 10 11 0.040351234 
76 351 13 17 0.040344812 
176 420 10 12 0.040235497 
353 201 18 23 0.040132318 
206 252 9 12 0.04011735 
393 305 12 17 0.040067747 
497 237 9 12 0.040056746 
772 292 12 14 0.039913207 
840 265 11 16 0.039520673 
380 192 8 11 0.039090145 
455 254 10 12 0.039084002 
774 285 10 12 0.038700975 
588 236 10 13 0.038691282 
662 301 11 14 0.038554896 
533 297 12 16 0.038544483 
607 216 8 10 0.038234662 
916 393 14 18 0.0381947 
572 325 13 15 0.037963353 
377 268 11 14 0.037900213 
794 291 12 15 0.037893865 
647 241 12 15 0.037790082 
794 389 14 19 0.037779436 
103 317 12 15 0.037700683 
666 259 13 16 0.03758896 
380 262 11 13 0.037356757 
264 214 9 11 0.03734226 
844 275 12 14 0.037275482 
210 303 12 15 0.037015803 
56 405 11 14 0.0368451 
397 207 9 11 0.036823977 
719 209 9 10 0.0367521 
895 317 10 14 0.03670757 
520 214 8 11 0.036587916 
716 276 12 14 0.03658685 
125 338 15 18 0.036551908 
613 252 10 13 0.036449537 
342 273 12 16 0.036438853 
191 253 9 12 0.036047556 
596 263 11 14 0.03600218 
554 187 17 22 0.035987604 
470 206 8 11 0.03596137 
279 370 13 16 0.035899274 
440 208 8 11 0.035870507 
588 368 14 18 0.035798773 
127 381 10 13 0.035686728 
427 279 13 16 0.035474036 
548 306 13 16 0.035338994 
900 339 11 15 0.035199717 
509 247 10 13 0.035188206 
713 232 8 11 0.035153087 
399 329 13 17 0.03513497 
417 284 12 15 0.03509398 
415 251 11 13 0.035021286 
824 261 9 12 0.03477023 
593 331 13 17 0.034692172 
685 194 11 13 0.034618873 
303 211 17 22 0.034610502 
204 311 15 20 0.034562048 
285 184 8 10 0.034523882 
198 252 10 14 0.03450447 
238 248 9 12 0.03448192 
420 361 13 17 0.03435369 
403 313 13 16 0.034236677 
344 252 11 13 0.034190428 
62 363 12 16 0.034187876 
338 300 13 15 0.034155037 
335 207 8 9 0.034100316 
528 287 11 13 0.03398895 
653 278 12 16 0.033980813 
679 354 11 14 0.03396336 
422 252 10 12 0.033934508 
558 292 12 15 0.033914555 
480 251 10 13 0.03389698 
284 189 9 11 0.03389413 
382 317 14 17 0.033845033 
366 291 13 15 0.033843048 
439 230 10 12 0.033737782 
111 497 11 15 0.033737093 
808 226 17 21 0.03372463 
422 261 11 14 0.0336696 
232 279 12 14 0.033619136 
745 206 9 12 0.033548664 
481 223 8 10 0.033541106 
149 480 12 14 0.033464924 
593 207 8 10 0.033383437 
702 240 10 12 0.033355623 
1005 378 19 29 0.033272363 
486 221 9 11 0.03321164 
746 224 9 11 0.033182576 
399 339 13 15 0.033154085 
311 302 12 16 0.03305466 
717 349 13 16 0.032980025 
845 303 12 14 0.032942664 
265 194 8 10 0.032846894 
599 231 9 11 0.03282432 
98 513 14 16 0.032753717 
339 350 14 17 0.032749172 
561 238 9 12 0.03271604 
582 246 10 12 0.032521803 
455 288 13 17 0.032354794 
407 286 11 13 0.032161247 
125 279 11 14 0.032152604 
253 276 12 15 0.03210723 
447 325 12 16 0.03206363 
169 306 12 15 0.032059133 
158 268 10 13 0.03200865 
519 207 8 11 0.031998433 
180 418 12 14 0.031957064 
407 291 12 15 0.031933196 
738 261 12 16 0.031878438 
722 301 12 15 0.031845033 
769 248 10 13 0.03181532 
698 199 18 23 0.031811412 
95 410 11 14 0.03170543 
464 231 9 11 0.03170259 
560 247 9 11 0.031693835 
501 277 12 14 0.031517558 
668 239 11 13 0.03139343 
450 198 18 23 0.031301588 
253 338 12 17 0.031190345 
743 273 11 13 0.031184318 
740 314 12 16 0.031167725 
342 291 11 14 0.031110121 
680 290 13 16 0.031097291 
150 250 12 16 0.031085758 
369 262 18 23 0.030950552 
347 262 11 14 0.030946394 
731 324 11 14 0.03092723 
670 385 12 17 0.030861031 
359 220 9 12 0.030791787 
912 286 10 12 0.030786945 
178 355 11 16 0.030744895 
343 403 14 16 0.030728066 
864 270 11 15 0.030681515 
486 330 12 16 0.03066861 
244 208 18 24 0.030664992 
672 274 10 13 0.030639127 
497 231 9 11 0.030627478 
481 212 9 12 0.030604267 
149 274 11 14 0.0306022 
216 270 10 13 0.030490758 
556 253 11 12 0.030482417 
725 199 17 22 0.030411394 
252 223 9 11 0.030203102 
467 315 13 17 0.030007107 
884 310 10 13 0.03000429 
796 212 9 12 0.029996555 
154 242 11 14 0.029984009 
402 185 18 22 0.029979225 
854 290 12 15 0.029915225 
565 291 13 16 0.029860564 
212 469 10 14 0.029807715 
564 230 10 12 0.029711349 
222 277 11 14 0.029698055 
308 227 18 22 0.029612413 
205 356 12 17 0.02960856 
132 338 13 16 0.029497502 
295 193 8 10 0.029481787 
397 274 12 15 0.029474428 
757 213 9 12 0.029456338 
132 362 12 16 0.029453833 
577 224 8 10 0.029342405 
723 282 17 22 0.029298142 
461 356 13 16 0.029239273 
342 220 8 10 0.029222438 
746 215 9 11 0.02922081 
742 345 14 18 0.029205846 
342 207 8 10 0.029182423 
159 374 11 14 0.029154422 
569 284 13 15 0.028984588 
223 268 10 13 0.028965704 
662 457 16 20 0.028952638 
598 292 12 15 0.028943485 
311 196 9 12 0.028930226 
525 208 18 23 0.0289279 
432 210 18 23 0.028909568 
553 224 8 10 0.028883148 
99 282 15 20 0.028834028 
447 284 11 14 0.02881712 
710 206 8 10 0.02875205 
327 276 11 14 0.028724628 
177 402 13 17 0.028651351 
290 199 9 11 0.02860609 
239 231 9 12 0.028605795 
170 235 10 13 0.028306179 
270 204 8 11 0.028271956 
454 220 9 11 0.028219366 
763 347 13 17 0.028201833 
367 238 9 12 0.02814189 
336 197 9 12 0.028130941 
278 227 17 22 0.028114915 
807 338 12 16 0.028087096 
664 199 18 22 0.028041173 
350 223 10 11 0.027893215 
799 273 13 17 0.027827922 
974 150 8 11 0.027807543 
270 231 10 13 0.027744642 
167 269 9 12 0.027654558 
620 312 14 18 0.027652256 
608 290 13 15 0.027436329 
232 212 9 12 0.027338848 
711 263 9 12 0.027260067 
528 247 10 12 0.027093386 
727 244 10 13 0.02697961 
889 414 15 17 0.026952375 
383 253 10 12 0.02693865 
322 205 9 11 0.026756035 
759 251 10 14 0.02673247 
636 238 11 12 0.026661193 
370 195 9 12 0.02664935 
735 239 9 11 0.026620192 
976 407 12 15 0.026578924 
651 184 9 11 0.026517857 
642 349 14 17 0.026472593 
721 290 12 14 0.026438033 
404 252 10 13 0.026397716 
760 230 10 12 0.026385158 
268 236 10 12 0.026375366 
512 412 12 15 0.026305096 
603 427 13 18 0.02627449 
599 432 14 19 0.0262373 
233 288 12 16 0.026165286 
721 254 10 13 0.026134534 
727 279 10 13 0.026110334 
770 487 9 11 0.026102312 
585 253 9 12 0.026098642 
589 229 10 13 0.026023729 
333 284 13 15 0.026021833 
247 348 11 15 0.025986006 
416 229 18 23 0.025982322 
708 386 13 17 0.025973845 
880 263 10 12 0.025947453 
392 267 12 14 0.025911132 
162 278 10 12 0.025853923 
754 291 11 14 0.025853684 
487 213 10 12 0.025828585 
110 347 12 15 0.025820479 
509 301 12 16 0.025819276 
373 355 12 16 0.025798425 
683 231 18 22 0.025794363 
515 263 19 23 0.025784401 
118 279 13 16 0.025783706 
264 360 14 18 0.02577507 
410 263 12 15 0.02573758 
778 214 10 12 0.025672805 
534 208 8 10 0.025666466 
759 382 11 14 0.025635194 
297 268 11 15 0.025453499 
642 312 14 18 0.025445677 
504 456 12 13 0.025393074 
676 613 13 17 0.025380146 
540 301 12 15 0.025320493 
832 266 11 15 0.025280349 
121 438 10 13 0.025250966 
956 324 11 13 0.025164053 
694 272 13 16 0.02505757 
632 198 17 23 0.025037939 
263 219 10 12 0.025008282 
110 334 11 15 0.024992974 
559 286 11 14 0.024986777 
298 251 12 14 0.024971604 
432 187 17 23 0.024938758 
541 201 18 23 0.024922356 
680 183 18 22 0.024913933 
372 361 12 16 0.024894409 
512 232 18 23 0.024822716 
509 353 14 18 0.024809336 
127 422 8 11 0.024637934 
752 528 9 11 0.024627984 
172 336 15 19 0.024540676 
139 269 12 14 0.024538184 
785 208 17 22 0.024524925 
431 267 11 14 0.02452083 
306 190 8 10 0.024507299 
327 364 13 16 0.024486328 
203 279 13 16 0.024440968 
286 485 10 13 0.024345664 
841 437 11 15 0.024332268 
344 246 9 11 0.024310485 
791 299 12 15 0.024194604 
894 338 11 15 0.024155598 
644 253 11 13 0.024114544 
629 300 13 16 0.024084708 
541 262 10 12 0.024052395 
798 239 9 11 0.024030197 
623 215 17 22 0.023940686 
745 463 9 12 0.023915539 
31 407 12 16 0.023873368 
737 229 9 12 0.023834845 
130 388 13 17 0.023832297 
416 221 9 11 0.0237542 
745 337 13 17 0.02371314 
703 230 9 12 0.023621775 
551 272 13 16 0.023594918 
214 275 12 15 0.023574594 
869 285 12 15 0.02353318 
322 199 9 11 0.023511827 
103 334 11 14 0.023510393 
333 239 10 13 0.023498192 
942 412 11 14 0.023474405 
360 262 11 13 0.023472361 
824 255 9 12 0.023439676 
1009 420 12 15 0.02339076 
653 440 13 17 0.02338826 
952 320 10 12 0.02335163 
340 324 13 17 0.023347907 
480 226 17 22 0.023346154 
462 237 9 12 0.02333438 
494 315 13 17 0.023324413 
981 346 12 13 0.023307381 
226 264 10 12 0.023292055 
185 223 17 21 0.02324364 
771 300 11 15 0.023220576 
615 206 9 11 0.023206012 
552 196 9 12 0.02311002 
335 292 14 16 0.02308108 
814 285 11 13 0.023076242 
750 252 10 13 0.022959495 
232 237 8 11 0.022930376 
930 339 11 15 0.02283323 
415 411 12 15 0.022809362 
899 277 12 14 0.022726206 
63 356 10 14 0.022686357 
416 278 11 14 0.02262441 
941 311 11 14 0.022619484 
289 198 20 24 0.022618312 
443 294 14 17 0.022615245 
244 292 13 17 0.022599883 
661 413 11 15 0.022578212 
871 263 10 12 0.022574604 
622 207 9 11 0.022527874 
525 395 15 19 0.02252173 
734 214 9 11 0.022503069 
342 315 13 17 0.022460612 
510 418 14 18 0.022436641 
339 185 16 23 0.022428865 
73 362 13 18 0.022424914 
873 306 12 15 0.022353983 
132 379 12 15 0.022346947 
576 234 12 14 0.02231322 
423 267 12 14 0.022312965 
752 419 11 13 0.022289459 
425 246 10 13 0.022283815 
169 288 13 17 0.02227397 
456 279 12 15 0.022232328 
339 306 14 17 0.022214966 
591 215 17 22 0.0221909 
571 199 18 23 0.022183236 
580 348 14 17 0.022164138 
167 378 12 15 0.022163412 
701 276 10 13 0.022124335 
755 345 16 19 0.022119971 
373 187 17 22 0.022118315 
376 285 11 14 0.022113377 
520 197 9 12 0.022112 
269 254 10 13 0.022090813 
180 348 11 17 0.022086918 
453 260 11 14 0.022029491 
570 206 8 11 0.021977652 
389 314 13 17 0.02196377 
389 201 18 23 0.021961022 
564 269 11 15 0.021830827 
439 337 13 17 0.021810208 
509 274 12 14 0.021801624 
315 231 11 14 0.021786222 
146 516 14 17 0.021710653 
833 252 11 13 0.021709327 
798 418 11 13 0.021690123 
232 315 12 16 0.021656888 
276 378 14 17 0.021632545 
229 222 10 12 0.021608526 
632 307 14 16 0.021525746 
592 285 11 14 0.021523595 
605 260 11 14 0.02149387 
596 190 8 11 0.02147821 
354 289 13 17 0.021434985 
479 198 17 24 0.021414418 
279 356 12 16 0.021393532 
282 329 12 17 0.021357745 
253 348 14 18 0.02134658 
691 229 10 14 0.021341946 
310 206 9 11 0.021327684 
766 224 9 11 0.021325406 
172 318 13 17 0.021308392 
842 290 13 15 0.021256993 
989 402 11 15 0.0212489 
353 200 8 9 0.02122143 
237 193 9 11 0.0212184 
605 238 9 11 0.02119934 
522 185 18 23 0.021190044 
208 223 10 13 0.021162596 
661 229 9 13 0.02115282 
327 193 8 9 0.021085313 
793 308 11 16 0.021077475 
688 267 12 14 0.021031337 
432 302 13 16 0.021006169 
714 210 17 22 0.020988777 
582 269 11 14 0.020953858 
124 444 9 12 0.020944333 
344 227 17 22 0.020925915 
582 213 9 10 0.020924611 
511 347 12 16 0.020919578 
374 290 11 15 0.020902287 
268 419 11 13 0.020819046 
535 330 13 17 0.020794056 
183 290 12 16 0.020766621 
452 383 16 19 0.02073389 
358 275 12 15 0.02073296 
605 329 13 17 0.020701151 
390 394 13 20 0.020657519 
492 308 12 15 0.020598816 
745 468 14 16 0.020592421 
798 350 13 16 0.020586614 
422 316 13 16 0.020541742 
208 350 10 14 0.020536814 
869 332 13 17 0.020521827 
230 231 9 12 0.020506592 
937 315 12 15 0.020495225 
141 417 12 14 0.020494249 
923 352 14 18 0.020488735 
221 420 11 13 0.020470763 
449 231 19 23 0.020449504 
419 324 13 19 0.020422997 
301 199 8 11 0.020413913 
865 299 11 14 0.020392362 
594 324 13 17 0.020373892 
590 302 13 16 0.020336857 
111 343 20 25 0.02033426 
937 392 15 18 0.020319127 
455 214 9 11 0.020313121 
771 308 11 14 0.020292023 
517 340 13 17 0.020288944 
586 183 19 23 0.020279638 
769 248 17 21 0.02024571 
84 341 15 19 0.020245362 
214 208 17 22 0.020097982 
255 282 12 15 0.02008788 
367 210 19 23 0.020075692 
282 284 12 15 0.020035122 
629 364 12 17 0.020033529 
654 315 12 15 0.0200292 
