0_Parade_Parade_0_286
141
958 552 65 83 0.9937616 
531 546 19 23 0.94389033 
460 527 15 22 0.6853075 
617 596 105 115 0.66021997 
584 561 23 29 0.6056435 
900 528 18 21 0.50830907 
344 504 23 28 0.4895926 
511 537 14 18 0.33679602 
582 526 12 14 0.29426786 
507 421 9 12 0.21918228 
903 518 15 17 0.1955357 
82 522 17 19 0.19078925 
959 498 14 18 0.1718253 
0 510 44 66 0.17040458 
453 524 16 23 0.1463249 
285 578 29 39 0.13275772 
59 501 14 17 0.13014962 
943 504 13 15 0.12952246 
523 537 20 27 0.12271902 
576 342 7 10 0.11806661 
623 501 11 15 0.1155915 
309 466 37 39 0.0997391 
453 491 10 12 0.09868654 
564 522 10 13 0.095844656 
898 524 29 33 0.08845218 
447 526 15 20 0.08598102 
79 548 22 35 0.08451895 
520 508 11 14 0.08240367 
501 337 9 12 0.080411255 
611 514 11 14 0.07897271 
541 573 28 41 0.078788534 
972 508 15 17 0.06937426 
822 566 56 80 0.06364809 
52 493 13 16 0.06306067 
898 527 52 65 0.062814035 
651 510 9 12 0.062030356 
468 533 13 19 0.06186147 
596 516 10 13 0.05828367 
486 493 9 12 0.055191975 
512 535 23 29 0.053362776 
49 496 21 26 0.051632147 
964 503 17 20 0.051312465 
474 467 11 14 0.048741333 
598 524 10 13 0.04802682 
462 480 8 10 0.045952678 
549 537 15 19 0.045036156 
464 486 7 10 0.044831567 
596 559 12 15 0.04445945 
517 339 10 14 0.042683266 
618 500 10 12 0.041925482 
668 525 32 34 0.041801024 
488 488 8 11 0.03983222 
576 561 15 19 0.03982081 
536 514 11 14 0.039675467 
558 511 12 15 0.03885284 
578 531 11 15 0.03818323 
586 529 13 15 0.03784124 
341 360 12 15 0.037450023 
552 585 24 35 0.037378475 
458 477 8 10 0.03582448 
579 537 14 16 0.035674777 
-3 535 49 77 0.035665505 
540 512 9 12 0.035428543 
897 532 12 17 0.034810822 
542 534 11 14 0.03465149 
938 513 19 22 0.03370816 
571 558 38 45 0.03368146 
0 501 36 43 0.032958806 
476 530 13 19 0.032611188 
963 183 12 13 0.032391366 
842 557 82 107 0.0317058 
454 520 12 15 0.031409085 
585 333 7 9 0.031189559 
695 168 9 10 0.030698914 
557 516 20 25 0.030442188 
934 539 55 72 0.030041495 
525 469 10 13 0.029901063 
853 507 27 36 0.029550485 
936 464 10 13 0.029541245 
473 556 12 17 0.029494883 
232 544 30 38 0.029428128 
276 548 30 46 0.029416103 
504 538 15 18 0.02931599 
308 480 47 55 0.028851204 
1 580 44 63 0.028681003 
951 468 12 13 0.028606521 
133 -9 233 207 0.027769865 
973 448 10 14 0.027550187 
941 502 20 25 0.027249819 
467 512 15 22 0.026942689 
576 358 8 12 0.026904462 
731 442 46 58 0.026674503 
0 574 26 40 0.026630297 
72 560 45 59 0.026532995 
512 463 8 11 0.026389744 
752 327 9 12 0.02570169 
470 486 9 11 0.025701577 
329 499 33 40 0.025326611 
462 516 14 20 0.02502403 
454 471 8 10 0.024987886 
588 352 12 16 0.02439232 
489 477 9 12 0.024317322 
575 502 11 13 0.02428397 
879 465 34 42 0.02401433 
437 519 10 14 0.023999613 
21 476 47 56 0.02380547 
606 509 20 27 0.023770958 
959 187 15 16 0.023523977 
577 520 19 25 0.023465274 
541 160 9 11 0.023246406 
593 341 9 11 0.023204898 
470 502 10 14 0.023202782 
511 529 13 16 0.023118133 
16 503 49 64 0.022834627 
469 519 22 33 0.022714628 
617 497 21 27 0.022389911 
549 599 13 19 0.022284595 
704 440 25 31 0.022155758 
512 335 10 13 0.02205998 
550 560 27 39 0.022031821 
524 503 9 12 0.022030408 
606 524 10 13 0.021891577 
896 504 48 58 0.021794138 
829 177 9 11 0.021586172 
445 477 9 12 0.021392891 
968 505 24 30 0.021341722 
950 503 27 32 0.02129117 
620 526 12 17 0.02127726 
926 513 31 38 0.021231668 
517 503 19 24 0.021203848 
10 543 29 44 0.021049066 
622 493 13 17 0.020807127 
479 487 10 12 0.020563824 
591 513 12 14 0.020504752 
505 426 11 13 0.020367611 
340 350 12 17 0.020357043 
905 508 26 30 0.020272857 
511 468 9 12 0.020220125 
537 531 20 27 0.020157153 
854 168 9 10 0.02008438 
607 499 9 11 0.020057771 
