0_Parade_marchingband_1_1045
221
660 267 31 41 0.99843746 
88 260 34 49 0.9936713 
942 259 41 56 0.9927395 
282 295 24 33 0.9671804 
586 254 29 42 0.96695954 
356 293 21 26 0.91416204 
180 315 20 26 0.8871999 
503 305 18 21 0.87195325 
438 304 15 20 0.8083643 
384 299 16 19 0.7529093 
149 320 14 20 0.7397718 
202 322 13 19 0.7323902 
468 293 13 16 0.65156907 
756 307 15 18 0.63816756 
420 308 11 13 0.6123913 
776 298 12 15 0.58046 
693 257 21 28 0.53983676 
0 312 14 23 0.46478117 
212 307 12 17 0.42183027 
332 308 10 13 0.40290856 
484 310 13 16 0.33335292 
238 316 12 16 0.32880357 
465 317 10 14 0.29625425 
395 268 11 15 0.23153767 
314 287 10 13 0.21633014 
943 193 27 32 0.2048871 
463 296 13 17 0.20215477 
140 325 17 21 0.19812018 
244 315 11 16 0.1966234 
777 326 10 13 0.16140246 
57 290 15 20 0.15647618 
596 307 15 17 0.15185632 
233 285 10 15 0.14853126 
844 308 12 16 0.14820439 
307 300 13 19 0.12843202 
446 261 16 21 0.12835732 
292 298 19 26 0.12546697 
271 300 26 30 0.113254644 
220 245 9 12 0.11096891 
407 279 10 13 0.10705227 
791 301 10 14 0.10300707 
213 311 15 21 0.10204348 
236 291 12 17 0.09498403 
328 302 12 15 0.09423639 
680 258 25 32 0.09301425 
138 306 15 18 0.08831729 
245 299 12 17 0.08540105 
884 318 10 13 0.082423255 
173 237 14 17 0.078138806 
883 323 12 17 0.07578771 
533 296 12 15 0.07358463 
144 398 10 13 0.07319609 
269 306 17 21 0.0699182 
512 307 13 16 0.06952996 
437 351 10 12 0.06834459 
229 259 9 13 0.06637272 
584 290 30 35 0.06508196 
880 317 10 12 0.0634947 
365 259 10 13 0.0633974 
300 276 10 14 0.063224114 
12 296 11 13 0.06185101 
813 279 8 11 0.061348073 
865 326 8 12 0.06010646 
484 279 13 15 0.060066916 
462 308 12 15 0.05896733 
780 324 11 12 0.058548316 
634 33 14 18 0.05735836 
415 280 9 11 0.057230722 
348 257 13 16 0.056318015 
329 294 10 14 0.055191167 
494 307 16 18 0.05512443 
115 312 17 22 0.054196417 
990 0 11 10 0.05373197 
503 267 13 16 0.052508824 
433 306 13 17 0.05140886 
245 320 14 18 0.051276926 
759 298 18 24 0.05044887 
872 318 9 12 0.050320685 
326 313 13 17 0.05022281 
790 325 9 11 0.048444033 
405 317 13 16 0.047731984 
840 303 11 14 0.04763479 
284 243 14 20 0.047530137 
188 217 14 16 0.04594782 
762 311 12 15 0.04584098 
529 292 12 16 0.04509144 
406 268 11 13 0.044989068 
372 298 13 18 0.043192748 
741 353 12 14 0.042730276 
364 346 11 14 0.041764498 
193 317 18 24 0.04152888 
414 315 11 14 0.041296102 
802 254 8 11 0.041252147 
264 359 25 29 0.04097335 
570 263 31 37 0.040126532 
753 238 11 14 0.040105104 
548 300 26 28 0.03877897 
444 310 12 17 0.03870698 
391 261 13 18 0.03827525 
415 302 12 16 0.038266707 
172 370 15 20 0.037998766 
420 284 10 13 0.03793196 
148 396 11 14 0.03758298 
276 344 17 19 0.036942236 
412 293 11 15 0.036877837 
34 178 39 67 0.03656665 
135 314 16 21 0.03618936 
295 269 11 14 0.035348818 
276 246 17 22 0.03528386 
431 334 11 13 0.035260215 
389 342 10 13 0.035073306 
185 281 12 16 0.034967177 
457 380 9 12 0.03465356 
215 241 11 14 0.034647226 
360 258 11 14 0.034569312 
778 331 12 14 0.033972766 
815 303 9 11 0.033713307 
505 348 11 14 0.033281334 
599 260 29 40 0.03296828 
222 420 16 18 0.03287313 
197 258 14 18 0.032744177 
206 316 18 25 0.032407552 
157 397 11 14 0.03234435 
497 268 10 14 0.03234433 
352 299 15 19 0.032009024 
416 303 19 23 0.03165867 
276 258 14 17 0.031603955 
246 294 19 27 0.03126284 
398 274 11 14 0.031251807 
400 318 11 15 0.031097906 
764 274 12 15 0.0310495 
488 359 10 11 0.030840266 
311 265 13 18 0.030459091 
789 276 10 13 0.030438663 
411 322 11 14 0.030393535 
392 272 11 14 0.030352006 
364 287 15 21 0.030162415 
734 299 9 11 0.029484633 
174 354 15 20 0.029378826 
334 284 12 17 0.029351553 
784 277 10 12 0.0290704 
480 283 10 13 0.028887795 
205 244 12 15 0.028724194 
408 300 10 14 0.028699188 
504 340 12 15 0.028632592 
455 298 13 18 0.028630793 
725 284 8 11 0.028483609 
473 299 14 18 0.028430216 
798 319 9 11 0.028330378 
224 253 10 13 0.028130893 
467 325 11 13 0.028063897 
407 309 10 13 0.027637055 
448 237 8 11 0.027432576 
293 260 11 15 0.027402116 
704 264 15 20 0.026763722 
276 354 17 21 0.026709102 
231 280 19 25 0.026553722 
452 270 14 19 0.025924379 
850 314 12 15 0.025866069 
644 271 30 32 0.025807634 
767 332 9 12 0.025711935 
275 364 16 20 0.025619661 
814 284 8 11 0.025511459 
446 248 8 10 0.025497828 
374 269 9 11 0.025041128 
242 302 19 26 0.024918996 
724 320 14 19 0.02487991 
178 374 15 18 0.024872363 
184 277 21 27 0.024565615 
816 325 8 10 0.02448739 
246 328 16 19 0.024453307 
59 282 23 30 0.024432544 
846 324 10 13 0.024299828 
775 320 12 14 0.024212094 
470 334 10 14 0.024153752 
270 345 14 19 0.02400967 
335 239 9 10 0.023988578 
840 334 10 13 0.023907492 
268 248 16 21 0.02380934 
864 319 9 12 0.023401901 
748 264 10 12 0.023078693 
285 255 13 19 0.023044497 
122 307 15 20 0.023033235 
197 415 10 12 0.023020957 
544 259 12 18 0.022955257 
309 286 19 23 0.022907129 
330 289 17 25 0.02283391 
766 325 12 15 0.022655591 
680 203 10 12 0.022216279 
195 219 13 15 0.022144191 
218 317 14 20 0.022078289 
97 210 22 32 0.02199778 
290 249 13 19 0.021859774 
998 308 24 41 0.021810466 
663 339 40 50 0.021774251 
841 313 13 16 0.021760536 
359 269 12 14 0.021746274 
876 320 21 27 0.021675814 
399 284 11 13 0.02152688 
365 363 12 15 0.021459453 
230 318 15 19 0.021306362 
46 293 12 16 0.021249989 
379 312 16 19 0.021097895 
453 315 12 16 0.02105827 
817 319 8 10 0.021005465 
809 272 8 10 0.020912189 
790 319 10 12 0.020868838 
982 231 36 43 0.020850968 
262 310 18 20 0.020846888 
148 308 13 19 0.020783959 
525 238 26 34 0.020728033 
462 338 13 16 0.020658921 
781 304 13 16 0.020603782 
3 301 14 18 0.020598238 
527 287 19 25 0.020343013 
296 271 19 25 0.020341268 
249 314 15 18 0.020294223 
449 340 8 12 0.020281306 
783 286 10 11 0.020280853 
214 239 20 23 0.020137569 
493 277 11 13 0.0200894 
