0_Parade_Parade_0_502
128
467 404 28 37 0.9959085 
-1 332 36 43 0.9903284 
857 364 23 32 0.9888504 
281 383 25 30 0.9662896 
711 363 30 40 0.9436911 
530 363 19 25 0.9281979 
402 365 18 22 0.84735316 
90 494 26 30 0.8434786 
936 384 22 34 0.83453923 
568 369 17 21 0.8004797 
348 393 11 15 0.39444646 
428 393 27 33 0.37300685 
175 397 27 34 0.3370972 
942 393 25 35 0.29013282 
631 337 12 15 0.28654397 
1001 385 20 29 0.22183174 
326 406 13 16 0.16871831 
152 337 48 57 0.13774142 
181 363 33 31 0.116716765 
241 342 18 23 0.104537874 
844 369 19 25 0.099606015 
154 359 28 37 0.09177168 
156 366 46 56 0.08711264 
392 399 23 30 0.085533634 
166 380 49 59 0.08205477 
243 407 55 60 0.07646947 
811 461 25 31 0.07502296 
360 381 11 14 0.0716753 
404 479 15 22 0.07051383 
780 202 54 57 0.067912415 
1010 392 12 20 0.06542431 
838 370 15 21 0.06263008 
274 371 45 52 0.05964991 
163 328 31 46 0.05616813 
95 521 23 29 0.05613615 
862 357 14 18 0.054820534 
997 576 13 18 0.054091692 
194 338 47 56 0.053693447 
577 369 14 19 0.053284924 
572 421 10 12 0.052204754 
100 485 27 33 0.050629072 
94 505 30 33 0.050621856 
957 348 11 16 0.050609782 
931 392 18 27 0.05059054 
827 357 13 16 0.048173774 
175 402 16 21 0.047420934 
829 370 15 19 0.046673957 
722 371 33 36 0.045447394 
621 378 14 18 0.04540517 
622 371 15 17 0.044097155 
256 378 49 57 0.043759644 
326 433 15 18 0.042928055 
161 391 32 39 0.04104294 
94 529 14 18 0.04093299 
90 574 12 14 0.040852096 
386 440 14 17 0.04051095 
297 384 15 21 0.03888608 
990 386 17 23 0.038444873 
852 371 18 25 0.038122933 
877 338 14 15 0.037610516 
830 352 10 12 0.03704933 
440 388 17 21 0.03700006 
46 300 42 57 0.036337625 
209 322 43 58 0.036040712 
116 545 16 19 0.036031786 
950 348 13 17 0.03599351 
436 408 25 33 0.035868574 
166 316 53 65 0.035333786 
43 310 27 38 0.034198847 
104 528 26 29 0.034177598 
784 532 10 13 0.033594072 
950 401 26 31 0.03357449 
184 404 17 20 0.03325333 
143 354 28 35 0.03307376 
938 370 16 22 0.03302034 
447 403 25 34 0.032243673 
44 311 18 22 0.032091048 
829 610 20 28 0.031329162 
678 298 29 34 0.031163668 
54 677 8 11 0.030649252 
392 249 10 13 0.030542867 
195 300 13 15 0.030403662 
394 395 17 21 0.02982845 
5 308 44 58 0.029345864 
407 361 25 30 0.02914544 
45 559 10 11 0.029014418 
795 443 13 15 0.028920487 
73 73 31 39 0.028575353 
188 371 18 19 0.028292881 
237 368 48 64 0.028258933 
924 396 17 24 0.028095309 
268 378 27 36 0.028050916 
773 370 14 20 0.027477467 
568 425 12 14 0.02728009 
292 374 13 17 0.027035916 
988 377 14 19 0.02656409 
424 395 16 22 0.026083183 
330 428 16 18 0.025504477 
247 378 26 34 0.025503173 
561 370 15 19 0.025451448 
189 448 33 41 0.025084782 
1014 573 10 18 0.02495992 
233 559 64 61 0.024361484 
866 349 16 19 0.024276394 
612 371 14 16 0.024226118 
934 378 16 24 0.024120914 
796 421 14 19 0.023885638 
396 464 28 35 0.023602555 
151 366 80 94 0.02347287 
49 630 9 12 0.023303427 
230 336 24 35 0.02324689 
868 338 16 17 0.023154091 
501 398 16 22 0.023084208 
306 380 15 20 0.022973372 
828 384 17 19 0.02244637 
981 376 15 22 0.022398707 
823 355 21 26 0.022237929 
85 496 20 23 0.02207525 
36 654 8 11 0.022004228 
86 646 8 11 0.02159644 
252 380 14 20 0.021246148 
136 369 30 36 0.021083238 
846 154 11 13 0.020658873 
338 432 16 17 0.020520857 
997 586 12 16 0.020462368 
248 338 16 24 0.020198796 
943 354 14 19 0.020067196 
139 352 18 24 0.0200375 
