0_Parade_Parade_0_12
278
324 153 34 41 0.9997365 
728 130 47 65 0.9990551 
394 174 36 44 0.99855584 
832 115 34 43 0.99795556 
641 143 27 31 0.9978903 
484 165 38 53 0.99393255 
251 170 23 29 0.9936859 
1004 133 22 32 0.98573583 
577 178 23 29 0.96956676 
912 149 25 29 0.9652312 
277 191 26 31 0.79087704 
157 203 12 15 0.56445056 
190 210 17 21 0.46583512 
133 197 17 21 0.45824057 
102 263 9 12 0.1899292 
699 383 14 22 0.1276216 
125 286 9 12 0.12664312 
757 18 15 21 0.12517649 
79 263 8 11 0.11713637 
540 203 14 18 0.110083304 
105 215 8 9 0.10822136 
53 200 8 11 0.10680394 
116 199 8 11 0.10665496 
93 222 8 9 0.09882152 
73 231 7 10 0.098768026 
73 262 9 12 0.08996529 
47 240 8 9 0.086118914 
17 223 8 10 0.08317782 
124 277 10 13 0.07954418 
16 216 8 9 0.079278074 
117 205 8 11 0.077811606 
77 224 8 9 0.07777914 
801 121 17 22 0.077750154 
355 466 162 247 0.07740509 
176 222 10 13 0.07662184 
57 223 8 9 0.076578885 
72 209 7 10 0.073096685 
95 199 7 10 0.07284663 
90 215 8 9 0.07258585 
110 214 8 10 0.070168324 
165 278 17 20 0.06998197 
149 199 18 22 0.06909225 
72 214 8 9 0.06865707 
102 296 8 10 0.0681353 
65 238 6 8 0.0677582 
200 300 11 15 0.06755453 
12 124 9 12 0.066645324 
105 230 8 9 0.06656412 
279 134 13 16 0.066509426 
41 204 8 11 0.06446943 
109 223 8 11 0.06412265 
73 238 7 8 0.06337376 
184 212 14 16 0.062038425 
77 229 8 10 0.060246535 
9 230 9 11 0.059430238 
140 286 9 12 0.05909675 
181 219 13 16 0.058874078 
586 298 13 16 0.05797611 
14 229 9 11 0.05782992 
73 256 7 10 0.05754081 
220 286 13 17 0.05693432 
174 202 11 13 0.056428507 
256 323 12 15 0.056300797 
126 292 9 11 0.055096418 
21 222 10 12 0.054870825 
57 231 7 10 0.0548209 
23 183 8 10 0.054243866 
58 271 8 10 0.054198872 
139 189 14 19 0.05349722 
93 217 8 10 0.053484894 
79 240 7 9 0.053454883 
179 228 12 14 0.05336776 
57 278 8 11 0.0524738 
48 256 8 10 0.052246444 
31 217 8 10 0.052133806 
142 247 12 14 0.051561978 
113 205 8 11 0.0510967 
98 268 9 11 0.049317893 
465 337 17 20 0.048490457 
337 374 10 13 0.04798282 
256 348 9 11 0.04761712 
763 14 13 18 0.047586385 
207 266 14 18 0.046579372 
62 215 8 10 0.04545041 
63 232 7 10 0.04518363 
168 289 12 15 0.045058925 
102 301 8 10 0.043809377 
167 238 9 13 0.04379544 
40 199 8 12 0.043525778 
181 201 22 26 0.04307173 
166 222 10 14 0.04264394 
463 549 37 49 0.042578787 
191 183 10 12 0.04232768 
80 209 7 9 0.04170516 
0 198 8 10 0.04152143 
62 280 7 9 0.040297575 
684 331 12 16 0.040125914 
88 208 8 9 0.040029567 
105 239 7 9 0.039817706 
642 122 13 15 0.039766572 
64 256 7 9 0.039456416 
9 223 8 10 0.039035678 
585 282 26 31 0.0387406 
680 325 12 15 0.03869678 
88 245 8 10 0.038696177 
129 173 8 10 0.03864695 
312 330 14 18 0.03863437 
193 332 10 15 0.0386261 
567 344 33 44 0.038338073 
164 210 11 15 0.038051695 
73 317 8 11 0.037777063 
105 199 7 10 0.037547987 
176 238 11 14 0.037255794 
637 103 12 16 0.03715578 
230 348 9 13 0.036835287 
15 192 7 10 0.036676303 
472 243 426 485 0.036543578 
8 192 8 11 0.036449187 
79 257 8 9 0.036153294 
438 309 16 22 0.036105722 
98 301 9 11 0.036083918 
40 256 7 9 0.03605164 
11 215 8 10 0.035789456 
78 215 7 8 0.03567978 
123 269 12 15 0.03565427 
110 309 8 11 0.035376962 
106 207 7 10 0.03500523 
49 245 7 8 0.034600567 
39 222 8 10 0.034561515 
223 356 9 11 0.034281235 
103 287 8 10 0.03422357 
1008 303 10 13 0.03421448 
1 192 8 11 0.034149304 
120 213 8 10 0.03409262 
160 283 12 14 0.033396203 
105 324 9 11 0.03314793 
85 262 9 12 0.032819744 
443 157 12 15 0.032793656 
614 286 11 13 0.032760177 
22 216 8 9 0.032664716 
128 183 10 10 0.03264043 
196 333 14 18 0.032459393 
39 216 8 10 0.0323629 
41 241 7 10 0.03220778 
126 247 8 11 0.031903803 
599 96 16 19 0.0317102 
1 254 7 10 0.031306412 
192 285 11 15 0.030889353 
126 213 10 12 0.030805312 
32 240 8 10 0.030511798 
1 125 9 13 0.0304867 
129 202 13 15 0.030354572 
136 292 9 11 0.030337142 
812 37 10 13 0.030220177 
57 216 9 10 0.030193118 
232 375 8 9 0.0301843 
86 269 8 10 0.030059215 
23 187 8 11 0.030036073 
135 304 8 10 0.029889502 
175 213 10 13 0.029699719 
199 293 12 15 0.029595906 
995 274 12 17 0.029431889 
206 366 8 9 0.02932485 
565 276 12 16 0.029207578 
90 199 8 9 0.029189672 
184 188 9 10 0.029030468 
463 156 10 14 0.02891619 
120 252 9 11 0.028831268 
94 240 8 10 0.0286638 
630 305 14 15 0.028567033 
94 175 8 9 0.028483136 
159 359 9 12 0.028433831 
693 340 12 16 0.028385049 
78 183 8 11 0.028368155 
56 262 7 10 0.028206376 
307 109 16 20 0.02802393 
685 374 28 37 0.02799924 
-15 149 404 493 0.027869593 
228 340 10 14 0.027856357 
135 311 7 9 0.027843112 
566 152 15 20 0.027825138 
701 370 22 37 0.027797485 
746 402 93 112 0.027708609 
148 253 10 13 0.027705822 
616 152 20 25 0.027431926 
149 218 13 16 0.027370535 
86 254 9 11 0.027327001 
0 204 6 11 0.027135596 
6 173 8 11 0.026889712 
10 262 7 10 0.026721852 
133 230 10 12 0.026681047 
80 278 8 11 0.026629126 
140 292 10 13 0.026515363 
191 325 10 14 0.026458086 
124 262 12 14 0.02628256 
166 172 9 12 0.026191691 
24 206 7 10 0.026188517 
97 310 7 10 0.026186582 
88 229 7 9 0.0261411 
121 246 9 12 0.02602828 
63 208 8 9 0.025912322 
1014 282 9 15 0.025898311 
89 174 8 10 0.025885502 
221 263 15 20 0.025793454 
150 209 13 16 0.025745902 
202 360 8 11 0.025682932 
49 232 6 9 0.025650734 
65 188 7 10 0.025477657 
130 310 7 10 0.025443882 
79 188 8 11 0.025414195 
247 349 9 11 0.025356483 
65 286 7 9 0.025240224 
129 303 8 10 0.025233816 
49 204 9 11 0.02515078 
580 292 21 27 0.025051815 
47 222 7 10 0.024983682 
264 357 8 12 0.024756927 
74 247 7 8 0.024753168 
95 230 8 9 0.024669254 
201 214 14 21 0.024658404 
370 196 18 23 0.024613906 
32 256 8 10 0.024487594 
95 205 7 10 0.024259398 
157 203 19 25 0.024258727 
943 195 14 20 0.02422463 
291 178 13 17 0.024193646 
134 184 9 11 0.02413025 
142 302 8 11 0.024062436 
1007 308 9 12 0.02392713 
80 245 8 10 0.023853755 
109 228 8 11 0.023718858 
136 253 12 14 0.02354267 
14 255 8 10 0.023525497 
586 108 14 17 0.023440134 
545 374 25 34 0.02342737 
341 367 12 16 0.023286583 
461 342 15 20 0.023275489 
206 121 11 14 0.023060387 
54 255 7 10 0.022901243 
87 278 9 12 0.022785822 
87 311 7 9 0.022761842 
1014 274 9 16 0.022729008 
79 312 8 11 0.022644103 
135 276 11 15 0.022639798 
743 389 10 13 0.022562569 
140 207 13 16 0.022487294 
1000 320 9 11 0.022385668 
158 237 11 13 0.022363827 
197 325 13 17 0.022348318 
420 498 126 166 0.02234132 
622 318 13 17 0.02224437 
110 304 8 11 0.022220625 
993 326 9 11 0.021643834 
55 247 7 9 0.021596422 
928 335 8 11 0.021470135 
687 338 12 15 0.021414515 
127 189 14 15 0.021384958 
524 452 12 17 0.021353023 
595 290 14 17 0.021342358 
102 257 10 11 0.021073889 
109 324 8 10 0.021058127 
793 13 11 13 0.020874446 
105 243 9 12 0.020673085 
628 315 16 19 0.020640446 
736 439 10 13 0.020591862 
143 239 11 13 0.02055108 
403 301 40 46 0.020526638 
233 368 8 10 0.020450562 
15 209 8 10 0.020447256 
269 199 16 21 0.020286717 
475 175 30 38 0.020270504 
63 246 7 9 0.020249328 
95 255 9 11 0.020244759 
487 351 44 52 0.020223662 
120 302 9 11 0.020188034 
361 173 24 28 0.020184144 
92 246 9 10 0.020155106 
223 161 15 20 0.020149847 
