0_Parade_Parade_0_376
99
768 153 44 55 0.9914698 
635 206 24 32 0.9899047 
394 208 39 63 0.9280711 
916 155 31 43 0.81061035 
534 232 25 45 0.7111639 
339 255 27 33 0.69532657 
146 267 26 40 0.62614846 
162 260 26 33 0.5707327 
867 203 22 27 0.38855016 
209 575 41 91 0.3411113 
978 14 31 34 0.24848014 
611 123 19 22 0.18684986 
411 143 11 14 0.15571548 
485 188 22 33 0.11892202 
461 159 9 10 0.10998377 
481 152 9 13 0.09520182 
465 139 12 16 0.092708796 
749 188 26 48 0.09202037 
437 220 37 56 0.09140469 
846 242 28 40 0.09047068 
299 231 28 33 0.0789324 
50 35 204 232 0.0771766 
486 136 8 11 0.0750731 
545 225 28 41 0.07027007 
428 223 30 46 0.06770761 
716 202 27 30 0.066018045 
182 592 55 85 0.06565655 
437 165 11 15 0.06383217 
928 145 32 42 0.06203656 
648 200 24 32 0.058964685 
929 6 88 102 0.058537442 
487 141 10 13 0.05667649 
685 211 15 22 0.056383535 
443 140 15 18 0.052007593 
527 244 26 44 0.046873987 
453 212 38 57 0.046358515 
171 251 25 30 0.042719144 
427 142 10 12 0.0403607 
485 156 12 15 0.040120274 
961 7 58 64 0.039526075 
98 299 28 37 0.039118666 
946 245 17 22 0.038335655 
989 233 10 14 0.038178947 
314 240 16 25 0.03602673 
734 194 28 38 0.035472594 
965 6 35 37 0.03447843 
701 143 13 15 0.03411857 
130 122 16 18 0.033946313 
974 258 25 32 0.033039253 
537 219 24 38 0.032056957 
641 243 46 64 0.031696934 
170 273 25 35 0.031686876 
5 175 17 23 0.03146245 
109 304 16 21 0.03086919 
421 166 10 13 0.030653093 
484 148 11 14 0.029575765 
688 189 10 13 0.029441573 
728 132 12 16 0.028956015 
422 157 10 12 0.028705528 
108 291 23 37 0.028566288 
503 243 13 16 0.028444523 
470 146 10 13 0.02786928 
182 284 23 33 0.02744227 
31 217 46 53 0.026792888 
420 171 13 16 0.026780948 
133 271 29 42 0.026368817 
916 164 18 28 0.02610996 
271 215 45 45 0.025638405 
929 266 14 16 0.02545384 
475 423 17 21 0.02542095 
967 233 11 15 0.02513569 
727 126 11 14 0.025011584 
741 143 12 16 0.024936056 
608 118 14 17 0.02409682 
318 242 45 48 0.024078686 
423 147 12 15 0.02387293 
760 163 34 52 0.023339152 
384 227 36 48 0.023333455 
957 15 38 45 0.023260979 
556 220 23 33 0.022920486 
150 91 56 62 0.022893997 
419 205 29 44 0.022716904 
907 591 52 51 0.022511393 
670 196 13 18 0.022443052 
565 265 17 20 0.022195568 
828 626 49 57 0.022021068 
524 260 24 41 0.02193081 
559 252 26 30 0.021814166 
431 158 9 12 0.021804247 
479 139 12 15 0.021769479 
464 147 11 14 0.02171211 
282 214 14 17 0.021606954 
346 241 28 41 0.021446776 
76 285 43 48 0.021045763 
437 207 14 20 0.020840267 
463 131 20 27 0.020769471 
8 -52 358 425 0.020651119 
500 208 12 17 0.02050022 
164 254 18 19 0.02027927 
