0_Parade_marchingband_1_382
91
337 99 34 42 0.9994832 
801 121 38 45 0.9992192 
145 168 36 47 0.9981238 
448 39 32 37 0.9973296 
204 69 23 33 0.943832 
932 73 18 25 0.9256913 
979 92 21 30 0.8606205 
955 69 16 27 0.8566825 
926 136 22 26 0.48898348 
998 25 11 16 0.48860025 
903 62 19 30 0.42088225 
1001 100 16 25 0.40201774 
911 30 14 21 0.35832918 
992 97 19 27 0.33369613 
194 17 61 81 0.27602306 
989 5 12 14 0.16465819 
941 1 11 11 0.13879712 
932 0 14 13 0.12856293 
213 58 27 40 0.09299436 
982 77 24 30 0.080689654 
767 0 28 22 0.07110892 
910 22 14 18 0.060031507 
950 202 46 61 0.0578227 
985 73 18 21 0.05510007 
743 46 28 32 0.05388088 
739 11 28 30 0.051868938 
990 19 15 19 0.05056612 
984 68 14 18 0.048430208 
265 2 46 65 0.045529418 
527 46 189 204 0.04541009 
895 131 14 18 0.042778183 
991 54 10 13 0.04074233 
955 181 15 21 0.038607214 
740 143 18 23 0.03820694 
185 3 47 56 0.038115717 
726 98 22 33 0.038035747 
915 36 15 20 0.037634786 
996 21 18 24 0.03714194 
738 21 31 38 0.036562506 
911 9 26 30 0.036008943 
193 49 44 61 0.034665674 
89 60 19 19 0.03395457 
929 -1 20 24 0.03318017 
1007 103 16 25 0.03207495 
959 110 23 30 0.031251427 
903 29 14 18 0.031121526 
902 85 22 29 0.030795112 
986 6 21 26 0.030500587 
901 17 22 31 0.029717386 
936 139 15 20 0.029163327 
997 3 12 15 0.028725445 
822 255 10 13 0.028470628 
944 193 30 46 0.027984746 
1005 4 10 13 0.02797629 
912 71 25 30 0.02788785 
554 116 27 40 0.027863145 
946 3 12 13 0.027458783 
692 84 50 65 0.02744355 
911 65 18 24 0.02715803 
939 19 12 16 0.027138341 
923 12 16 20 0.026695974 
914 24 21 26 0.026554668 
659 61 14 18 0.026288051 
901 50 14 21 0.025885202 
948 139 11 15 0.025871132 
916 144 16 20 0.025770169 
908 12 16 18 0.025674751 
760 4 33 34 0.025614463 
519 30 43 60 0.025498213 
37 33 55 81 0.025343664 
888 237 11 13 0.024858547 
942 59 13 18 0.02462034 
120 247 12 14 0.02459488 
1008 182 12 14 0.023542387 
997 11 14 19 0.023535362 
16 12 90 126 0.022837937 
901 11 14 17 0.022667497 
220 51 33 42 0.022644633 
529 43 95 126 0.022252526 
903 41 13 18 0.022069497 
931 12 14 17 0.021911496 
902 34 21 30 0.021861617 
346 -1 31 31 0.021774903 
1006 187 14 18 0.021755943 
982 19 13 16 0.021526078 
115 238 26 32 0.021507433 
713 93 42 62 0.021306373 
319 32 48 63 0.021116566 
896 142 23 27 0.020864585 
218 -2 70 102 0.020689264 
899 159 16 20 0.02020068 
