0_Parade_Parade_0_461
68
505 195 113 161 0.9875119 
29 503 141 111 0.15995578 
83 226 46 72 0.14204782 
147 115 14 18 0.13408065 
146 138 52 56 0.11922503 
860 72 87 127 0.10902783 
133 156 11 15 0.09801912 
531 162 76 65 0.081635274 
11 718 17 20 0.08037022 
276 403 121 135 0.069663286 
36 742 12 15 0.06792318 
28 694 10 12 0.0649297 
509 147 125 107 0.06207005 
215 0 26 26 0.055337694 
132 175 22 31 0.054983307 
462 119 186 222 0.05281873 
125 121 84 99 0.05277365 
249 237 11 14 0.052701663 
229 167 10 14 0.046122905 
142 121 14 18 0.044591237 
602 351 397 483 0.043299973 
114 141 25 33 0.043262538 
105 138 46 53 0.040482424 
415 135 13 15 0.039283782 
104 216 45 67 0.039109215 
156 234 27 36 0.03877724 
134 217 43 62 0.03817407 
32 718 12 14 0.035546653 
59 222 88 114 0.035498198 
256 69 34 42 0.034929205 
173 240 15 21 0.033732172 
132 77 26 37 0.033606157 
383 338 59 74 0.03349952 
117 52 23 33 0.03108284 
67 116 15 18 0.031019587 
252 188 17 21 0.0305298 
879 0 33 33 0.030190757 
8 105 16 23 0.029893888 
113 46 46 67 0.02945803 
311 145 46 50 0.028977128 
98 218 26 32 0.028579373 
0 206 11 16 0.02856163 
137 155 14 17 0.028404852 
565 155 44 37 0.027863985 
285 269 10 14 0.02743498 
356 148 12 14 0.026708376 
125 151 15 21 0.026385078 
888 93 118 121 0.02562319 
246 58 60 63 0.02558193 
333 329 96 111 0.02534108 
366 286 14 16 0.02514744 
134 129 14 18 0.024582746 
107 151 18 22 0.024424989 
110 189 48 63 0.02350154 
66 204 25 32 0.023388715 
191 81 28 30 0.023352705 
102 0 14 13 0.0232033 
20 189 14 16 0.023050457 
155 134 28 33 0.02297948 
416 126 28 32 0.0228728 
132 149 24 33 0.021897234 
144 147 30 39 0.021667762 
141 79 16 22 0.021614986 
891 1 21 19 0.021230381 
222 192 26 33 0.020813787 
403 -2 93 120 0.02071352 
432 95 47 70 0.020572606 
102 17 46 69 0.020490794 
