0_Parade_marchingband_1_710
21
465 124 60 79 0.9972874 
112 296 72 99 0.9947632 
-1 0 38 61 0.96937335 
828 27 43 56 0.9651719 
387 16 26 34 0.06588184 
1011 372 14 28 0.05979249 
977 242 11 17 0.04788905 
620 327 13 14 0.040922776 
381 71 28 34 0.036479693 
389 1 15 17 0.034114733 
197 541 28 31 0.031026617 
348 3 13 15 0.030072471 
605 319 12 15 0.026842775 
299 317 29 32 0.026650148 
151 501 11 16 0.025773223 
845 9 33 45 0.025138622 
614 323 23 26 0.024021178 
391 20 13 18 0.022553572 
224 406 11 14 0.021970714 
928 139 12 15 0.020922929 
385 -1 26 29 0.020206332 
