0_Parade_Parade_0_247
390
69 429 9 12 0.46599808 
312 419 9 12 0.43743375 
80 469 12 15 0.2998201 
52 490 14 16 0.24715933 
988 445 18 22 0.23784484 
125 494 12 17 0.23340806 
39 446 11 13 0.19548222 
891 450 10 13 0.19027585 
46 452 10 12 0.18166935 
879 488 9 13 0.1800074 
100 440 11 14 0.17587836 
733 157 15 15 0.17154744 
917 438 12 15 0.14823382 
560 360 9 11 0.14354712 
821 437 10 14 0.13965455 
79 8 376 428 0.13747135 
254 447 8 10 0.13417965 
543 455 7 9 0.12709984 
522 454 6 9 0.12551655 
415 464 8 9 0.12115231 
17 494 10 12 0.11951458 
54 452 9 11 0.11292777 
710 465 8 10 0.11155364 
400 361 10 11 0.101309426 
343 455 6 9 0.101052076 
352 470 8 9 0.09882522 
35 437 10 13 0.09590107 
351 464 7 9 0.09525322 
473 456 7 10 0.09395645 
576 464 7 9 0.093491495 
765 494 8 10 0.09206793 
514 470 6 8 0.08976837 
599 464 6 8 0.08888905 
136 434 7 10 0.08885924 
173 438 14 15 0.088403516 
455 431 8 10 0.087852776 
58 488 12 14 0.08578471 
465 448 6 8 0.08448821 
293 486 8 11 0.08098908 
462 481 8 10 0.08015264 
513 465 6 9 0.0797497 
648 508 8 11 0.07920834 
503 471 7 8 0.078943014 
583 329 13 17 0.078111805 
616 454 7 9 0.07740351 
791 430 10 14 0.0772447 
576 350 11 13 0.07665472 
862 447 9 10 0.07478888 
521 450 7 9 0.07331043 
788 381 16 17 0.07322768 
478 456 7 10 0.07318429 
168 443 12 15 0.07175881 
710 446 8 10 0.07100075 
489 471 7 9 0.06996854 
497 455 7 8 0.06993722 
551 464 7 8 0.06812269 
563 471 7 9 0.06751931 
717 496 8 11 0.06662383 
994 294 29 36 0.066567264 
235 87 246 257 0.06638202 
665 455 7 10 0.06583875 
478 480 8 10 0.06485138 
15 452 9 12 0.064629674 
198 12 25 29 0.06434567 
760 493 8 9 0.063609466 
76 451 9 12 0.0629976 
595 465 6 9 0.062303465 
315 416 11 14 0.060830418 
400 456 7 9 0.060621567 
22 445 9 12 0.060079217 
496 479 8 10 0.05974129 
386 423 8 10 0.05892492 
538 463 7 8 0.05865417 
329 463 8 9 0.05815087 
704 448 9 11 0.056204904 
342 472 7 9 0.055812914 
338 138 132 146 0.055676043 
863 487 9 14 0.05562362 
539 455 7 9 0.055064376 
519 470 6 8 0.054869752 
294 438 8 11 0.05448345 
621 487 9 12 0.05407617 
554 480 7 9 0.052724756 
902 444 10 12 0.052111413 
416 448 7 9 0.05148627 
663 342 37 51 0.051162608 
350 167 30 29 0.049436957 
607 334 11 14 0.04938648 
303 445 9 11 0.04933711 
587 317 13 16 0.0491385 
543 461 6 9 0.0480784 
829 363 14 17 0.048007026 
550 376 7 10 0.04742629 
731 154 25 25 0.047284745 
102 449 11 13 0.047047745 
65 425 10 12 0.04617416 
17 489 9 11 0.04605117 
440 447 8 9 0.045608696 
559 480 7 10 0.04549102 
757 454 7 10 0.045472145 
901 254 33 54 0.044177603 
176 459 12 15 0.04377749 
544 472 7 9 0.042790722 
584 489 7 9 0.04246368 
496 463 7 9 0.042352278 
972 493 16 22 0.04229978 
360 455 7 9 0.042007934 
751 505 10 11 0.04182407 
346 462 7 9 0.041803036 
552 471 7 9 0.041502617 
504 465 7 9 0.041260477 
328 447 8 10 0.04125368 
287 232 29 40 0.0410651 
882 113 22 33 0.041022804 
496 449 8 9 0.040840182 
180 438 11 12 0.0407165 
665 478 8 11 0.04071439 
470 438 7 9 0.04069447 
296 470 8 9 0.040558975 
576 469 8 10 0.040411297 
727 518 8 9 0.04029063 
616 470 7 9 0.040282834 
601 480 7 9 0.039939143 
281 439 8 10 0.039857607 
622 429 7 10 0.039257728 
780 319 15 17 0.039223604 
854 355 14 19 0.03918637 
171 451 15 17 0.03909996 
288 437 8 11 0.038967103 
45 421 11 13 0.038926724 
860 355 15 19 0.038908843 
337 470 8 10 0.03877565 
702 480 7 9 0.03875454 
720 513 7 8 0.038736805 
470 433 7 10 0.03836673 
670 473 8 10 0.038224254 
713 379 11 12 0.038167655 
456 439 7 9 0.03803584 
232 494 10 13 0.037919972 
804 400 15 20 0.037686776 
799 396 13 17 0.03758004 
529 480 8 9 0.037493378 
705 463 9 11 0.03740695 
121 453 11 12 0.037264258 
617 425 8 9 0.03719111 
246 463 7 9 0.037084974 
549 456 7 9 0.03660677 
543 438 6 9 0.036365073 
999 172 23 30 0.03632439 
655 463 8 10 0.03628158 
537 471 7 9 0.03620571 
130 437 8 10 0.035825934 
593 469 6 9 0.03538109 
687 419 9 11 0.035022367 
296 445 8 11 0.034543972 
577 489 8 9 0.0343208 
248 455 8 9 0.034220733 
669 454 8 10 0.034099143 
517 414 9 11 0.033857714 
712 10 24 31 0.03377348 
795 386 14 16 0.03372468 
581 336 13 17 0.033722408 
441 431 7 10 0.033650406 
405 360 8 10 0.033512235 
393 447 7 9 0.033407412 
448 454 7 8 0.033389088 
537 449 7 8 0.03334688 
872 414 10 13 0.033261478 
568 465 8 9 0.033076957 
466 454 7 10 0.03289762 
637 326 11 15 0.032804776 
980 494 16 22 0.03271185 
352 456 7 9 0.032588344 
605 480 7 8 0.03256489 
621 425 7 9 0.032469228 
882 101 124 153 0.032308586 
86 503 23 35 0.03192126 
415 351 7 10 0.031864535 
344 448 7 9 0.031666543 
576 343 10 13 0.03139094 
754 493 8 10 0.031195575 
341 478 8 9 0.03086461 
528 199 15 18 0.030856013 
53 499 12 14 0.030610973 
36 431 11 13 0.030601896 
6 443 12 15 0.030600235 
168 438 21 24 0.030551447 
632 469 7 9 0.030492906 
553 325 9 11 0.030421134 
832 422 10 12 0.030337272 
327 439 7 9 0.030310113 
622 479 7 10 0.030088035 
496 471 7 8 0.030004188 
337 454 7 9 0.030002898 
18 496 14 16 0.0295538 
273 440 7 9 0.029508919 
261 431 8 10 0.02949079 
698 180 20 22 0.029472163 
109 508 11 13 0.029229349 
616 463 7 10 0.029210983 
513 479 7 9 0.029110417 
947 466 18 21 0.028970754 
999 179 13 18 0.028931644 
554 484 7 10 0.028876852 
358 473 8 9 0.028796831 
88 496 40 52 0.028783305 
865 397 9 11 0.028681984 
541 310 8 10 0.028593127 
410 464 7 9 0.028546875 
322 439 8 10 0.028483974 
87 509 13 19 0.028419375 
100 502 15 20 0.028410854 
942 465 15 19 0.02831105 
74 467 12 17 0.028240671 
862 429 9 11 0.028155569 
737 438 8 10 0.028015668 
502 479 8 9 0.027950773 
645 192 17 22 0.0279346 
127 145 52 59 0.027753556 
617 449 6 9 0.027636945 
797 330 17 24 0.027497945 
277 494 9 12 0.02740858 
293 217 17 21 0.027287602 
665 448 7 10 0.027129328 
335 464 6 8 0.027007116 
733 480 8 10 0.026902739 
801 55 50 63 0.026816266 
418 455 6 8 0.026751362 
609 472 6 8 0.026592545 
479 484 9 11 0.026581187 
108 453 11 12 0.026566029 
649 448 7 8 0.02656296 
982 187 39 56 0.026559727 
520 463 7 9 0.026402758 
343 174 27 30 0.026391866 
477 540 11 13 0.026372442 
551 496 7 8 0.026280189 
488 448 6 8 0.026264295 
934 435 11 15 0.026157672 
128 474 10 14 0.026079826 
294 419 11 14 0.025993612 
943 459 12 16 0.025884451 
438 397 9 10 0.025854236 
913 443 12 15 0.02585279 
752 520 10 13 0.025851581 
802 389 15 17 0.025847275 
874 419 13 15 0.025831439 
519 421 8 10 0.025737913 
327 431 8 10 0.025715481 
601 487 8 10 0.025672494 
831 70 50 56 0.025591517 
786 220 16 19 0.025545476 
623 464 7 10 0.025516175 
831 428 9 11 0.025487617 
60 447 10 12 0.025402216 
401 390 9 11 0.025379306 
733 123 10 12 0.025367077 
207 17 28 31 0.025215277 
11 430 12 15 0.02518855 
416 441 7 9 0.025166238 
508 309 9 11 0.025125226 
464 432 8 11 0.02511208 
95 499 24 32 0.024994846 
745 520 7 10 0.024972314 
892 47 39 54 0.024968343 
261 191 14 16 0.024835406 
811 399 16 21 0.024824189 
525 455 6 9 0.024817768 
156 485 12 15 0.024610577 
512 486 8 9 0.024559068 
553 319 9 11 0.024440298 
304 472 7 9 0.024425156 
7 436 12 14 0.024339348 
557 323 9 12 0.02430971 
826 436 11 14 0.024285432 
615 440 8 9 0.024275227 
962 284 32 44 0.024273233 
451 173 18 20 0.02427001 
759 519 10 13 0.024221241 
623 470 6 9 0.024194783 
849 86 52 58 0.024174685 
289 445 8 10 0.024108822 
473 479 8 9 0.024100307 
480 440 6 8 0.02406224 
816 444 11 15 0.02397791 
96 431 9 12 0.023947027 
895 431 8 11 0.023925927 
96 448 11 15 0.023901448 
606 487 7 10 0.023883335 
374 431 7 9 0.023784984 
447 469 8 11 0.0237728 
322 445 8 10 0.023735415 
126 486 12 17 0.023729904 
439 439 7 9 0.023670256 
489 478 9 11 0.023513187 
-20 296 102 153 0.023424286 
871 487 11 13 0.023367358 
784 323 24 30 0.023366632 
335 448 7 10 0.02334324 
32 441 12 16 0.023335017 
73 448 9 12 0.023322405 
724 33 46 56 0.023293804 
815 432 11 14 0.023081312 
745 503 9 11 0.023069676 
565 365 8 10 0.023052637 
48 487 23 28 0.02304579 
550 293 8 10 0.022984192 
395 455 6 10 0.022983516 
165 459 12 16 0.022923365 
135 445 10 14 0.02289529 
353 477 8 10 0.022846155 
843 3 16 17 0.02282237 
263 470 8 10 0.022708595 
263 454 9 11 0.02256078 
0 283 57 92 0.022558913 
665 485 7 9 0.022491386 
94 505 15 19 0.022478878 
394 364 10 12 0.022471366 
801 463 8 11 0.022406422 
727 158 16 19 0.022394624 
828 46 43 52 0.022377927 
560 305 8 10 0.022372754 
895 485 14 17 0.022370955 
503 449 8 9 0.022341507 
296 164 118 131 0.02229717 
822 389 15 20 0.022199346 
945 470 29 34 0.022127472 
988 142 23 30 0.022122415 
124 457 12 15 0.022117162 
434 439 7 10 0.022107003 
969 297 37 43 0.0220944 
981 453 23 27 0.022011623 
647 495 7 9 0.021974994 
542 478 8 10 0.021953791 
96 440 18 22 0.021952901 
302 464 7 10 0.021932896 
738 150 17 18 0.0219272 
409 448 7 10 0.021716963 
664 460 8 10 0.021715326 
696 412 11 14 0.021686278 
305 477 7 10 0.021656537 
558 318 10 12 0.021650048 
805 199 16 21 0.021625604 
290 218 29 36 0.0216232 
837 430 8 10 0.021608552 
344 440 7 9 0.021580067 
862 440 9 11 0.02134206 
305 420 11 13 0.021301504 
686 446 8 11 0.021299107 
619 347 12 15 0.021264926 
465 439 9 10 0.021260416 
830 21 29 36 0.021235766 
399 461 7 9 0.02119392 
669 449 8 9 0.021181727 
746 509 8 10 0.02116803 
447 448 6 9 0.021071635 
795 429 11 14 0.021059837 
759 502 9 11 0.021025639 
469 447 7 9 0.021006923 
297 464 8 9 0.0209966 
360 477 7 9 0.020952422 
640 480 8 9 0.020892384 
590 488 7 10 0.020832483 
358 447 8 8 0.02079967 
922 437 14 16 0.02072693 
403 364 9 12 0.020721626 
498 167 22 27 0.020675166 
584 311 10 14 0.020646876 
727 513 7 9 0.020606851 
255 440 9 11 0.020580923 
364 170 19 21 0.020484343 
535 486 8 10 0.02045104 
894 438 10 12 0.020365091 
618 480 7 9 0.02034535 
820 503 15 17 0.020312725 
490 424 8 9 0.020302493 
888 437 9 11 0.02029763 
783 385 15 17 0.020297393 
433 464 7 8 0.020263761 
942 232 30 37 0.0202465 
24 439 10 14 0.020232394 
567 315 12 14 0.02021848 
741 438 9 12 0.020198107 
535 392 6 9 0.02017675 
7 449 12 17 0.020149404 
646 479 8 10 0.020110633 
150 153 12 14 0.020100866 
53 421 9 12 0.020091943 
329 454 7 9 0.020069377 
915 431 13 16 0.020032227 
