0_Parade_Parade_0_205
280
264 301 73 98 0.9944887 
660 328 44 53 0.8616363 
592 328 23 31 0.8372686 
812 320 25 30 0.6728645 
523 464 14 17 0.42761394 
163 32 15 19 0.314278 
708 337 27 36 0.28553104 
670 0 28 28 0.24107417 
474 220 12 15 0.23985136 
832 287 9 12 0.2334484 
386 290 26 34 0.21897987 
626 543 23 30 0.19828181 
711 305 36 39 0.17906204 
495 210 11 14 0.17035672 
348 194 24 28 0.16867563 
543 469 13 17 0.128709 
477 340 11 16 0.12684001 
497 542 10 13 0.12607777 
149 300 9 10 0.108537465 
730 355 15 20 0.104738615 
830 292 10 12 0.10310263 
664 266 12 15 0.10105907 
674 552 15 19 0.099399716 
370 450 13 15 0.098941825 
644 335 27 35 0.09846537 
358 164 11 14 0.09545668 
176 48 26 29 0.095361724 
177 301 10 14 0.09473334 
146 295 9 11 0.09249555 
718 346 26 33 0.08791958 
995 198 23 30 0.083299495 
736 567 13 16 0.079674505 
417 231 27 30 0.079487786 
630 475 13 18 0.07905974 
762 291 26 37 0.07789194 
142 312 10 12 0.073276326 
679 271 10 12 0.06927214 
700 324 48 55 0.06697645 
855 325 9 12 0.06671001 
998 83 12 15 0.0647882 
575 321 37 44 0.06381173 
534 403 13 18 0.06325605 
623 245 10 13 0.06079043 
728 582 9 12 0.060381237 
837 284 10 12 0.060179137 
185 43 18 21 0.05978226 
392 176 9 11 0.05816155 
862 558 7 10 0.056709323 
853 300 9 11 0.056039028 
1006 77 19 27 0.05491562 
696 275 13 16 0.05383847 
849 567 9 11 0.052700628 
533 219 11 14 0.052124806 
802 308 41 48 0.051721055 
415 237 15 22 0.050699692 
1011 131 13 22 0.05057041 
136 316 9 11 0.05010334 
303 332 37 58 0.0500902 
707 282 44 52 0.05008031 
511 451 10 14 0.04979642 
872 421 11 13 0.049661547 
687 524 12 15 0.04949048 
770 339 14 16 0.04916972 
591 262 13 15 0.04788594 
519 529 12 17 0.04761643 
257 113 14 17 0.047346584 
528 211 12 16 0.047225557 
693 271 25 29 0.04688333 
896 412 10 14 0.045416273 
641 270 9 13 0.044858567 
389 275 27 33 0.04323306 
168 37 24 29 0.04309135 
397 268 22 27 0.042647846 
172 41 14 18 0.042313997 
773 289 15 22 0.042076945 
520 171 9 12 0.041827872 
891 445 14 18 0.04163596 
596 251 12 14 0.041379187 
475 371 16 22 0.04114373 
833 281 10 12 0.041062742 
725 277 13 16 0.040925603 
795 323 16 18 0.04082885 
848 296 9 11 0.040704112 
973 204 17 18 0.040657297 
1012 510 10 13 0.04039908 
489 211 11 14 0.040256746 
886 317 9 12 0.039910007 
447 355 14 17 0.039580874 
596 518 15 20 0.039452676 
870 354 12 14 0.039354686 
683 267 11 16 0.03918237 
644 277 10 12 0.038911723 
373 382 10 13 0.038903084 
582 245 14 16 0.03857681 
628 261 11 14 0.03854977 
148 27 13 17 0.03786473 
428 227 26 30 0.03779754 
732 583 10 12 0.037742443 
179 303 14 18 0.03726797 
896 473 10 15 0.036868244 
162 560 92 145 0.03666345 
784 430 9 11 0.036532626 
509 435 11 14 0.0364564 
486 161 8 10 0.036431745 
806 322 17 23 0.036360875 
493 600 15 21 0.036338076 
727 548 11 15 0.03631034 
573 253 10 15 0.036094997 
630 558 14 18 0.036053006 
722 299 19 23 0.036016278 
392 180 11 14 0.036000833 
801 441 8 10 0.03578742 
614 373 47 56 0.034978025 
597 563 11 12 0.034776635 
710 565 9 12 0.03433228 
824 329 15 19 0.034318354 
946 398 15 18 0.03431518 
711 558 10 13 0.03431335 
493 471 9 13 0.034049194 
373 532 36 44 0.033920802 
471 217 21 26 0.033828817 
814 440 10 12 0.033788737 
462 325 22 30 0.033537094 
574 445 14 19 0.033336066 
512 158 8 11 0.033263847 
148 34 15 18 0.033247236 
882 357 12 14 0.033031948 
776 439 9 11 0.033016562 
352 187 18 21 0.032937348 
677 543 12 16 0.032892138 
441 233 18 22 0.032538656 
543 536 10 13 0.032035273 
589 438 13 17 0.03189064 
715 461 21 28 0.031045554 
718 557 10 12 0.03102278 
733 546 15 18 0.030864108 
686 260 9 13 0.030834187 
800 446 7 9 0.030811952 
329 469 11 13 0.03054208 
738 542 17 20 0.030121794 
750 371 15 16 0.030062381 
621 238 11 14 0.029964473 
159 351 10 12 0.029748803 
465 367 21 26 0.029658595 
589 252 14 16 0.029639374 
721 328 19 23 0.029442796 
436 256 16 18 0.029369295 
824 439 10 12 0.029298464 
349 179 14 18 0.029263156 
169 302 10 14 0.02920701 
166 357 14 16 0.029146593 
462 357 13 16 0.029134493 
710 278 29 35 0.029072803 
761 726 12 13 0.02897992 
733 589 10 13 0.02897569 
746 522 13 14 0.028889269 
459 367 17 21 0.028408602 
513 447 20 27 0.027949244 
563 325 27 34 0.027600423 
149 383 36 38 0.027321463 
782 535 11 13 0.027308704 
149 309 9 12 0.027212739 
159 343 10 12 0.02709225 
374 401 16 21 0.02708443 
996 336 25 40 0.02700573 
718 534 11 14 0.026728801 
487 450 12 16 0.02657043 
532 467 13 17 0.026564566 
729 306 15 21 0.026510088 
117 317 10 12 0.02637643 
768 533 11 13 0.026301252 
622 250 12 16 0.02627196 
208 327 8 12 0.02618375 
389 459 14 15 0.026165253 
824 286 11 12 0.026158255 
760 339 10 16 0.02599589 
166 46 43 52 0.025945362 
482 163 9 11 0.025822017 
604 246 10 13 0.025806552 
759 309 25 34 0.025784193 
471 334 20 26 0.025776012 
304 194 28 36 0.025673043 
761 305 13 20 0.025485823 
363 169 12 15 0.02544854 
629 265 12 17 0.025310459 
726 566 11 15 0.025249852 
858 372 12 17 0.025190044 
882 373 13 16 0.025068445 
397 402 12 14 0.024683317 
808 441 8 10 0.024545781 
605 426 14 17 0.02446728 
597 448 14 20 0.02443151 
165 348 12 15 0.024269918 
533 393 23 34 0.024095777 
436 438 16 18 0.024067638 
139 478 13 16 0.024064198 
652 251 13 17 0.02400511 
758 501 13 16 0.023913167 
686 276 11 15 0.023699652 
683 581 15 19 0.023569755 
723 291 16 19 0.023500273 
194 32 16 20 0.023483576 
792 330 13 16 0.023363398 
1013 482 10 16 0.02328069 
766 331 22 27 0.023221195 
821 311 11 15 0.02315189 
829 437 10 14 0.023139663 
733 730 10 14 0.023071736 
712 532 11 13 0.022998726 
692 550 9 12 0.022991387 
789 430 9 11 0.022919929 
517 484 14 18 0.022882994 
529 461 12 16 0.022855967 
836 334 10 14 0.0228451 
470 159 7 10 0.022823136 
157 38 16 22 0.02280765 
166 308 10 13 0.022805728 
580 245 22 26 0.022680935 
651 333 15 20 0.022642925 
846 334 11 13 0.022467304 
783 398 10 12 0.022274459 
492 207 18 23 0.022267269 
717 273 15 18 0.022211174 
141 42 25 29 0.022175903 
753 607 9 11 0.022151427 
761 315 41 49 0.02213297 
500 411 15 18 0.021953538 
629 533 13 16 0.021938933 
1001 493 10 15 0.021865597 
760 312 12 22 0.021780878 
1013 125 10 17 0.021762349 
814 418 10 14 0.021742208 
485 363 14 17 0.021714307 
987 108 12 15 0.021691084 
681 532 9 12 0.021591213 
356 379 11 13 0.021580841 
586 259 22 28 0.02154649 
749 583 10 12 0.021469774 
519 192 9 12 0.021351645 
594 558 10 13 0.021272821 
637 337 15 19 0.021267472 
551 535 10 13 0.021233995 
301 539 12 16 0.021226976 
742 580 13 15 0.02122346 
759 494 10 12 0.021215014 
766 506 11 15 0.021214651 
576 509 10 14 0.02121191 
434 242 23 30 0.02117763 
717 588 16 18 0.021099873 
326 179 14 17 0.021025527 
774 346 12 14 0.020940462 
720 540 12 14 0.020917192 
815 286 10 12 0.020913184 
445 238 22 31 0.020862168 
798 557 7 10 0.020837182 
863 295 9 10 0.020795261 
497 274 29 32 0.020720009 
685 549 12 15 0.020719565 
127 316 11 13 0.020587817 
670 273 13 15 0.020587366 
903 536 10 13 0.020579824 
893 338 12 16 0.020501085 
741 344 24 32 0.02043228 
589 429 11 13 0.020392857 
528 402 14 19 0.020368464 
630 345 29 32 0.020316208 
156 48 15 19 0.020315453 
740 533 15 17 0.020298492 
500 482 13 17 0.020238819 
838 339 11 15 0.02017517 
1013 434 10 14 0.02017348 
704 565 12 14 0.020145318 
721 467 13 17 0.020129833 
845 444 11 14 0.020114047 
902 518 8 12 0.020107629 
607 543 11 15 0.020100566 
725 586 13 17 0.020067824 
671 445 41 52 0.020050064 
478 383 15 20 0.020014629 
523 455 15 17 0.020000286 
