0_Parade_marchingband_1_593
740
358 383 9 11 0.73373675 
802 302 7 10 0.71371794 
624 377 8 10 0.6754435 
445 347 10 12 0.65861154 
863 335 9 12 0.6567808 
648 302 9 12 0.63811946 
181 331 9 12 0.6100319 
533 292 9 11 0.6039777 
908 349 10 14 0.5869773 
392 377 9 12 0.57721066 
239 307 9 12 0.5693927 
697 347 9 11 0.55044734 
468 380 9 11 0.54072315 
437 287 9 11 0.5329156 
629 311 10 11 0.5135194 
487 308 8 10 0.49849233 
597 347 9 11 0.49145898 
542 376 7 9 0.48949316 
580 303 10 12 0.47627726 
753 328 8 11 0.46664724 
77 343 8 11 0.4605212 
475 341 9 11 0.45623583 
430 376 7 9 0.44195855 
502 293 9 11 0.4339378 
351 359 9 11 0.4233012 
273 303 8 11 0.41377145 
614 301 9 11 0.41032967 
471 312 8 10 0.40937233 
103 332 9 11 0.40154773 
624 337 8 11 0.39911884 
253 320 10 12 0.3944404 
229 359 8 10 0.39377677 
176 303 8 11 0.38463745 
318 321 8 10 0.38121 
584 378 8 9 0.37761694 
592 285 10 12 0.3719071 
561 288 9 11 0.371883 
153 336 9 11 0.37027735 
599 364 11 14 0.35257176 
222 321 9 10 0.35157084 
110 310 6 9 0.3470408 
542 326 8 10 0.34041268 
310 352 9 12 0.3374886 
477 336 9 11 0.33508816 
137 308 8 10 0.33316648 
196 351 9 12 0.3281439 
782 326 7 10 0.31888407 
455 302 8 11 0.29801697 
506 376 7 9 0.28417447 
726 352 7 9 0.27738538 
305 304 9 11 0.27232462 
503 288 9 11 0.27027506 
801 325 8 10 0.2671779 
599 317 9 11 0.26227835 
206 304 8 11 0.26215267 
373 323 8 11 0.26101112 
695 310 7 10 0.2609983 
653 341 8 10 0.2579117 
405 391 7 10 0.24969907 
761 345 8 10 0.24873026 
438 321 8 10 0.24659346 
405 320 8 11 0.23953126 
125 329 8 10 0.23720443 
504 326 8 11 0.23663737 
533 343 8 10 0.23609415 
265 359 8 10 0.23588826 
598 303 7 9 0.23572442 
269 359 7 9 0.22202183 
565 343 8 10 0.21667501 
722 294 7 9 0.21639608 
773 303 7 9 0.2108799 
593 270 8 10 0.20866553 
800 339 9 11 0.20844191 
176 308 9 11 0.20632859 
127 333 7 10 0.20602478 
535 301 8 11 0.20424551 
213 357 9 11 0.20260726 
345 318 8 10 0.19572121 
360 303 7 10 0.19288102 
632 294 7 9 0.19231056 
661 377 8 10 0.18974698 
632 342 8 10 0.18782376 
402 325 9 10 0.18123211 
677 336 7 11 0.18086568 
519 304 8 10 0.18046807 
141 309 8 11 0.18023312 
762 313 8 10 0.17661606 
141 305 8 9 0.17565942 
502 343 8 10 0.17098618 
519 309 9 10 0.16714442 
703 328 8 10 0.16632545 
157 351 8 11 0.16627158 
792 319 7 10 0.16557619 
360 309 8 10 0.16294318 
181 357 9 11 0.16058671 
376 336 9 11 0.15671015 
397 288 8 10 0.15472226 
305 287 7 9 0.15437171 
456 287 7 10 0.14550163 
271 386 8 10 0.14490028 
710 325 8 10 0.1439218 
210 333 7 10 0.13868147 
273 285 8 10 0.13867089 
560 301 9 11 0.13846537 
567 302 8 10 0.13831219 
230 407 9 11 0.13825476 
647 320 9 11 0.1378725 
538 376 7 9 0.13706467 
599 311 9 12 0.1369823 
191 354 9 12 0.13621281 
565 350 8 9 0.13044615 
701 345 8 10 0.13013057 
538 326 8 10 0.12882276 
448 373 8 10 0.12803702 
765 311 9 11 0.12721722 
359 344 7 9 0.12667225 
263 335 7 10 0.121250354 
567 327 9 11 0.120542064 
737 304 7 10 0.120027214 
153 395 9 10 0.11910261 
394 422 8 10 0.11821793 
775 310 7 9 0.11750258 
680 318 8 10 0.116229825 
576 335 9 10 0.11540161 
529 376 7 9 0.11520043 
352 325 8 10 0.11429414 
415 341 7 10 0.11390101 
350 319 7 10 0.112945065 
442 343 10 12 0.11158289 
519 327 9 11 0.11077783 
286 319 10 11 0.1103381 
393 415 8 10 0.109596916 
359 296 8 10 0.10762293 
613 287 8 10 0.107409954 
383 364 9 11 0.10710379 
599 325 9 12 0.10630536 
502 319 8 10 0.10486695 
805 326 8 10 0.10363894 
649 287 8 10 0.10100502 
625 317 9 13 0.10077508 
137 356 8 11 0.099701814 
297 342 8 10 0.09767051 
138 288 7 9 0.095921665 
471 297 8 9 0.09572398 
568 364 8 11 0.09556146 
631 304 9 11 0.09533844 
277 303 8 11 0.09501145 
479 326 8 9 0.09436979 
222 303 8 10 0.094119854 
569 319 8 10 0.09321639 
630 337 8 10 0.09289056 
511 352 9 11 0.0921018 
503 312 8 10 0.09187549 
399 292 7 9 0.09179805 
370 321 8 10 0.08969594 
214 352 8 10 0.08959173 
120 319 8 10 0.08914259 
489 351 8 11 0.08898978 
108 327 9 11 0.0882643 
503 300 9 10 0.088166445 
87 343 9 10 0.08804312 
654 319 8 10 0.08663177 
582 319 8 11 0.086343095 
815 333 8 10 0.08625802 
729 321 8 9 0.086231634 
543 332 9 11 0.08555381 
648 349 9 11 0.084968016 
541 321 8 10 0.084601164 
580 351 9 10 0.08448954 
447 327 8 10 0.084215455 
447 367 9 12 0.0841553 
337 327 7 9 0.083400995 
496 344 8 9 0.08280401 
153 353 9 12 0.082749076 
561 350 9 12 0.0824821 
557 356 9 12 0.081966616 
509 377 7 10 0.08179777 
564 294 8 11 0.081006646 
94 342 8 10 0.08090061 
593 302 8 11 0.08045216 
453 358 9 11 0.07970408 
214 334 7 10 0.078858316 
638 342 8 10 0.078816086 
597 295 8 11 0.07861678 
578 308 8 10 0.07844019 
594 344 10 12 0.0783287 
318 351 8 11 0.07826543 
401 303 8 10 0.07809871 
345 313 8 10 0.07800329 
695 294 8 10 0.07758489 
614 308 8 11 0.077330865 
505 271 7 10 0.07717897 
218 319 7 10 0.07681469 
560 327 8 10 0.07666459 
593 291 9 12 0.076617986 
528 358 8 11 0.07516959 
406 396 9 11 0.07498985 
309 287 7 10 0.074462526 
358 327 7 9 0.074018344 
800 321 8 10 0.07378289 
433 320 9 10 0.07371722 
312 335 8 11 0.07351364 
527 327 8 11 0.073381305 
466 311 8 11 0.07337798 
632 348 9 11 0.07290479 
513 303 8 10 0.07286064 
680 351 7 9 0.07274417 
143 317 8 10 0.072638296 
250 323 9 12 0.07251452 
726 334 8 10 0.072460115 
215 303 7 10 0.07227704 
653 287 8 10 0.07219421 
437 271 8 9 0.07191573 
448 355 10 12 0.071697 
575 319 8 11 0.07166349 
231 335 8 9 0.07130576 
430 333 9 12 0.07128002 
497 320 8 9 0.07108492 
254 303 8 10 0.071071126 
478 319 9 11 0.0709692 
283 319 7 9 0.07071266 
574 359 9 11 0.06933866 
729 326 7 9 0.06878952 
326 335 7 10 0.06864071 
890 382 9 11 0.068524584 
651 336 8 11 0.0684432 
410 358 7 9 0.06809672 
741 343 8 11 0.06790134 
225 392 9 11 0.06718421 
576 340 10 12 0.06702196 
680 313 9 11 0.066978 
321 334 9 10 0.06694401 
232 410 9 12 0.066933 
498 325 8 11 0.066787235 
414 357 8 10 0.0666511 
721 288 8 10 0.065894224 
208 317 9 10 0.06528889 
140 350 10 13 0.06440676 
638 335 8 10 0.064363115 
607 311 9 11 0.06425046 
615 352 9 10 0.064121366 
791 342 8 10 0.06379933 
223 343 8 10 0.06345896 
534 278 7 10 0.06327997 
279 358 7 10 0.062704094 
258 359 8 10 0.06268432 
208 293 7 10 0.06261392 
534 359 8 10 0.06252529 
648 296 9 11 0.06248974 
510 328 8 11 0.062349312 
472 302 8 10 0.0622162 
343 350 7 9 0.062177394 
688 296 7 9 0.061991908 
707 320 8 10 0.06145737 
137 315 9 11 0.061302446 
478 349 9 11 0.06099782 
765 344 8 10 0.060878888 
566 334 10 11 0.060606476 
777 350 8 10 0.06025232 
223 334 9 10 0.060109477 
177 352 8 11 0.060000546 
256 344 7 10 0.059964214 
398 382 8 11 0.05987898 
234 304 9 11 0.059835482 
297 336 7 9 0.059610162 
425 327 8 10 0.059585962 
519 317 8 10 0.05939636 
568 310 7 10 0.05749072 
344 343 8 11 0.05708971 
375 350 8 10 0.057028458 
641 302 8 11 0.056375183 
177 364 9 11 0.05615537 
455 307 9 12 0.056074344 
241 408 9 11 0.055954807 
688 311 9 10 0.055892326 
396 375 8 11 0.055427372 
431 342 8 12 0.05542544 
631 289 9 11 0.055183843 
505 357 8 12 0.054601613 
611 294 10 12 0.054601323 
605 342 8 11 0.054519936 
698 327 8 11 0.054377854 
367 366 8 10 0.054326255 
856 294 8 10 0.05419472 
456 296 8 10 0.053916164 
273 297 8 10 0.05383827 
504 350 8 11 0.053824916 
673 339 9 12 0.053787578 
533 349 9 11 0.053775717 
535 335 9 12 0.05321334 
561 334 8 10 0.053132635 
671 358 8 10 0.052839965 
806 320 7 9 0.05239387 
74 347 9 11 0.05237115 
126 317 8 10 0.051973045 
135 342 8 10 0.051440667 
606 316 8 11 0.051176634 
734 321 8 9 0.051161353 
681 297 9 11 0.05107367 
208 289 8 10 0.051065717 
384 416 8 9 0.050970208 
230 320 7 9 0.050502565 
477 366 9 10 0.050488446 
518 288 8 10 0.050363503 
294 319 8 10 0.05024206 
361 280 7 10 0.050241932 
123 331 8 12 0.050131906 
178 326 11 15 0.05008411 
384 393 8 10 0.049804423 
722 279 6 9 0.049717873 
778 319 8 11 0.049529906 
623 325 8 10 0.049499564 
655 359 9 13 0.049450587 
376 398 7 9 0.049363397 
493 350 9 12 0.04927123 
309 306 8 11 0.049240664 
437 302 9 11 0.049174 
565 272 8 10 0.049142025 
768 296 8 10 0.04895582 
409 342 8 11 0.0487909 
687 318 8 10 0.048480712 
315 323 8 11 0.047927655 
224 352 7 9 0.047726236 
431 325 9 11 0.047647603 
433 358 8 11 0.04741133 
167 318 10 11 0.047315184 
722 334 7 10 0.047174986 
624 358 9 12 0.047126427 
559 320 7 9 0.047029898 
364 423 8 11 0.04673645 
402 349 8 10 0.04657401 
225 405 10 12 0.046437755 
653 309 8 11 0.046275195 
499 295 8 10 0.046269316 
248 359 7 9 0.04621548 
327 399 9 11 0.0460198 
487 317 8 11 0.04593652 
537 308 9 10 0.04585722 
225 396 11 13 0.04582599 
238 289 8 9 0.045729868 
628 375 8 11 0.04569214 
328 405 9 11 0.045660064 
848 295 8 10 0.045605905 
271 318 8 10 0.045420304 
334 391 8 11 0.04536482 
847 303 8 10 0.04534201 
581 335 8 11 0.04530675 
528 335 9 11 0.04527074 
353 342 8 11 0.04493033 
408 351 8 10 0.044845693 
344 296 7 10 0.044814475 
176 296 9 12 0.044811826 
640 326 8 11 0.044576015 
265 385 8 10 0.044416655 
296 326 7 10 0.044362817 
238 294 8 10 0.04428009 
399 332 9 11 0.044104233 
580 342 9 12 0.043995842 
350 311 9 10 0.043821793 
510 287 8 11 0.04374387 
618 341 8 10 0.0434419 
774 286 7 9 0.04326269 
223 310 8 9 0.04299707 
782 320 8 11 0.042894762 
472 359 9 13 0.042892512 
577 377 8 10 0.04281251 
285 302 8 10 0.042742662 
289 344 7 9 0.04266209 
225 361 9 12 0.042362314 
210 340 8 10 0.042000078 
594 310 9 11 0.04191025 
434 292 8 11 0.04191022 
615 319 9 11 0.041818146 
263 351 8 10 0.041762058 
158 312 8 9 0.041644182 
454 318 8 10 0.04161159 
657 390 9 11 0.041224055 
582 357 9 11 0.040956024 
439 280 8 11 0.04075279 
818 342 8 11 0.04073029 
593 327 8 12 0.040620036 
367 359 8 10 0.04059509 
279 309 8 10 0.0403731 
695 305 8 10 0.040353738 
280 352 7 8 0.040337265 
398 408 9 11 0.04028887 
393 409 8 10 0.04018781 
480 309 8 11 0.039929096 
505 331 9 12 0.039851926 
802 306 8 12 0.039647736 
776 344 7 9 0.039028883 
713 421 7 10 0.038995005 
317 304 8 10 0.038806833 
282 325 8 10 0.03879911 
358 350 8 10 0.03877636 
560 309 8 10 0.038634002 
623 351 8 10 0.038514122 
640 287 8 11 0.038493812 
472 346 11 12 0.038267322 
639 296 8 10 0.038229086 
631 326 9 10 0.038228996 
127 339 9 11 0.038208034 
678 325 8 10 0.038160663 
438 357 10 12 0.03808338 
482 303 8 11 0.038073704 
553 303 9 11 0.038028944 
487 295 8 9 0.037992094 
262 342 8 10 0.037990995 
806 309 8 10 0.03788316 
695 318 8 10 0.03785492 
366 309 8 10 0.03777396 
215 343 8 10 0.03775556 
307 356 9 11 0.037754707 
542 369 7 9 0.037665978 
528 301 8 11 0.037540957 
674 326 8 9 0.037498165 
346 358 8 11 0.037483044 
487 288 7 10 0.037380178 
175 288 7 9 0.037235122 
744 350 8 10 0.037233178 
495 357 8 11 0.037200913 
574 326 8 11 0.03702593 
453 364 10 13 0.036927883 
653 348 9 11 0.036839988 
361 286 7 9 0.03679433 
606 327 8 11 0.036760077 
712 304 8 11 0.036722086 
359 366 9 11 0.036597572 
464 326 8 11 0.03657558 
368 350 8 11 0.036510203 
761 295 8 9 0.036401596 
528 349 9 12 0.036314577 
510 294 8 10 0.036311116 
606 335 8 10 0.036297448 
239 316 8 10 0.03629173 
401 367 8 11 0.03628106 
841 304 8 9 0.03614742 
184 340 7 10 0.036134392 
552 327 8 11 0.03604784 
298 286 8 10 0.035978872 
183 320 10 11 0.03593983 
665 352 8 10 0.03591522 
673 320 8 10 0.035898313 
793 337 8 10 0.03587644 
98 334 8 10 0.035823975 
521 333 8 11 0.035801966 
596 279 10 12 0.035782494 
521 342 7 10 0.035405386 
151 318 7 10 0.035404667 
112 317 8 11 0.035342757 
216 326 8 11 0.03530673 
745 327 8 10 0.035152722 
118 343 9 11 0.035095982 
395 292 8 10 0.034996334 
353 352 8 11 0.03498544 
782 350 7 10 0.034871824 
792 313 8 9 0.03486649 
311 341 8 11 0.034858212 
202 308 9 10 0.034709077 
519 294 8 10 0.03465575 
311 396 8 10 0.034615505 
406 405 11 13 0.03451193 
804 341 8 10 0.034461427 
338 350 7 10 0.0343942 
597 264 9 11 0.03438089 
653 294 8 11 0.033946875 
301 343 8 10 0.03376011 
735 349 8 11 0.033748507 
551 332 8 11 0.03362266 
353 303 7 9 0.0335784 
584 288 8 10 0.03341225 
144 325 8 10 0.033396732 
320 392 7 9 0.033392657 
559 366 8 11 0.0333476 
146 335 8 11 0.033328027 
814 312 8 9 0.033305608 
358 377 9 11 0.033301108 
401 395 9 10 0.03297705 
277 279 9 12 0.03282792 
525 310 8 10 0.03280198 
279 296 8 10 0.032798707 
536 367 7 9 0.032755483 
224 412 9 11 0.0327132 
589 376 8 10 0.03267259 
756 331 9 10 0.032612115 
423 359 8 10 0.0325833 
461 287 8 10 0.032460734 
542 310 7 9 0.03243667 
777 357 9 10 0.032424346 
354 387 9 12 0.032294538 
629 359 9 12 0.032018848 
480 296 7 9 0.0318161 
799 296 17 24 0.03180653 
619 336 8 10 0.031765815 
88 317 8 10 0.03164691 
817 348 8 10 0.031619456 
174 314 10 12 0.03141828 
166 324 10 12 0.031380817 
824 319 8 9 0.03125597 
99 328 7 10 0.031243093 
698 332 8 10 0.031173786 
425 333 9 11 0.031095278 
864 345 11 13 0.03103977 
207 375 9 11 0.030996075 
616 356 9 12 0.030894667 
336 359 7 9 0.030884579 
455 335 9 11 0.030844416 
447 381 8 10 0.030812845 
244 407 9 11 0.030799028 
665 358 8 11 0.030709606 
569 375 8 10 0.030703517 
191 344 7 9 0.030681174 
438 366 10 12 0.030542392 
494 302 8 10 0.030533897 
405 385 8 10 0.030511022 
725 286 7 10 0.030487534 
255 311 9 11 0.030346991 
649 391 7 10 0.030275047 
477 358 9 12 0.03020144 
566 277 7 10 0.030082777 
88 312 8 10 0.030056601 
905 344 10 13 0.03001982 
224 277 8 10 0.029961368 
454 327 8 11 0.029938255 
345 302 7 9 0.029931452 
746 358 8 10 0.029842015 
713 359 8 10 0.029743975 
78 337 10 13 0.02968869 
394 334 7 10 0.029648889 
321 397 8 10 0.029604103 
454 341 9 11 0.029553795 
633 399 8 10 0.02950727 
159 317 9 11 0.029342663 
169 407 7 10 0.029283602 
720 300 9 11 0.029196396 
463 303 7 9 0.029086743 
451 302 8 11 0.029013926 
104 319 8 10 0.029009387 
367 304 8 10 0.02892451 
390 360 8 10 0.028803056 
198 374 9 12 0.02875028 
391 396 8 10 0.02866571 
171 302 8 11 0.028575547 
405 366 9 12 0.028545884 
520 357 8 11 0.028505059 
582 324 8 11 0.028419478 
380 335 9 11 0.028349213 
326 351 7 10 0.028319139 
513 310 8 10 0.028315805 
767 327 8 9 0.028276525 
751 351 9 11 0.028198669 
551 352 9 13 0.028137766 
519 351 8 11 0.028086994 
854 304 9 10 0.02807679 
387 381 8 10 0.02806425 
231 272 8 9 0.028013727 
581 295 10 12 0.02795909 
151 328 8 10 0.027945045 
165 351 9 11 0.0278423 
265 286 8 10 0.027840085 
327 392 8 10 0.02783192 
256 349 8 10 0.027797773 
231 262 8 9 0.027761701 
129 313 7 9 0.027691541 
246 303 8 11 0.027660754 
440 332 8 11 0.027577309 
529 380 8 10 0.02753815 
280 343 8 10 0.027452707 
262 319 8 10 0.02744269 
249 349 8 10 0.027429624 
701 391 9 11 0.027402027 
134 335 8 11 0.02739869 
358 319 8 9 0.027285466 
624 295 9 10 0.027211143 
369 343 7 9 0.027144603 
441 339 18 22 0.027116992 
180 302 8 11 0.027110064 
152 312 7 10 0.02687229 
695 289 8 10 0.026864532 
400 344 9 11 0.02675148 
831 311 7 9 0.026744386 
432 350 8 11 0.02669716 
726 278 7 10 0.026616605 
230 326 8 9 0.026546996 
693 414 8 11 0.02636214 
424 390 9 12 0.026327299 
433 301 8 11 0.026198953 
785 344 7 9 0.026174018 
671 353 7 9 0.026155528 
286 312 9 10 0.026118666 
620 380 8 11 0.026030201 
533 272 9 11 0.026005177 
373 304 8 10 0.025997616 
366 285 7 10 0.02596643 
464 295 7 10 0.025956526 
463 351 8 10 0.025893304 
696 339 17 23 0.025860986 
633 405 9 10 0.025752228 
367 400 7 9 0.025750196 
495 310 7 11 0.025618162 
619 376 8 10 0.02560073 
208 240 212 246 0.02543749 
191 344 18 24 0.025422996 
462 334 10 11 0.025416736 
454 373 9 12 0.025384394 
258 364 8 10 0.025369242 
358 425 10 13 0.025352368 
408 334 8 10 0.02533005 
287 350 7 9 0.025313815 
233 288 8 10 0.025235008 
599 382 8 9 0.025070911 
607 280 10 11 0.025048165 
448 320 7 10 0.025035335 
792 324 8 10 0.025033284 
857 289 9 10 0.025001671 
181 310 8 10 0.024972443 
759 379 10 12 0.024943262 
214 294 8 10 0.024900245 
285 297 9 10 0.024848452 
326 341 8 11 0.02484038 
728 302 7 9 0.02482933 
499 375 7 9 0.024774201 
494 262 9 10 0.024766052 
207 365 9 11 0.02474609 
224 272 8 10 0.024734078 
668 413 9 11 0.024703465 
663 312 8 10 0.024663277 
392 392 8 10 0.024655167 
297 294 7 10 0.024630379 
593 365 9 12 0.024556953 
270 363 8 10 0.024447268 
639 375 8 10 0.024354635 
720 318 7 10 0.02434682 
254 279 9 10 0.024299681 
505 279 8 10 0.024288919 
199 366 9 10 0.024218572 
344 324 8 10 0.024210224 
576 298 18 22 0.024207339 
466 316 8 11 0.024197554 
95 318 7 9 0.02419297 
355 378 17 22 0.024172153 
88 348 9 11 0.024161825 
743 333 9 12 0.024141647 
234 294 8 10 0.024091737 
695 396 11 13 0.024072208 
370 334 8 11 0.023975343 
642 319 8 11 0.023919955 
486 384 8 9 0.023906125 
711 343 8 11 0.02387605 
394 272 7 11 0.023799513 
672 365 9 11 0.023796294 
702 398 9 11 0.023733186 
365 280 8 10 0.023724863 
249 278 8 10 0.023721883 
141 405 9 13 0.023648838 
562 279 7 9 0.023630332 
143 341 9 11 0.023574248 
592 333 9 11 0.023570264 
166 343 8 9 0.023505945 
624 303 9 10 0.023496734 
200 335 8 10 0.023449665 
473 329 18 23 0.023413062 
400 359 8 10 0.023403656 
544 351 8 11 0.023337511 
199 343 7 10 0.023310319 
387 374 9 13 0.023296077 
157 339 8 11 0.023258515 
640 279 9 10 0.023231696 
616 325 8 11 0.023213912 
711 310 8 10 0.023138953 
712 254 8 9 0.023072565 
344 335 8 10 0.022970745 
415 351 8 11 0.022868391 
149 329 18 24 0.022856249 
449 286 8 11 0.022840757 
529 272 9 10 0.022774983 
247 333 8 10 0.022744378 
750 322 18 23 0.022736788 
224 262 8 9 0.022687225 
486 334 8 11 0.022575546 
540 303 9 11 0.022573031 
394 279 7 10 0.02251131 
719 312 8 9 0.022442307 
687 326 9 10 0.02242137 
689 303 8 9 0.022386545 
143 293 7 9 0.022283101 
770 287 7 9 0.022280393 
593 317 9 11 0.022203185 
334 382 9 11 0.022155259 
353 375 8 11 0.022085834 
368 314 18 24 0.022068197 
806 334 9 11 0.022054972 
296 348 9 11 0.022029368 
358 358 7 10 0.021974009 
398 272 7 10 0.02185896 
822 342 8 11 0.0218566 
166 356 9 12 0.021836266 
463 371 17 23 0.021640688 
473 325 8 10 0.021633547 
362 442 9 13 0.021623796 
782 312 8 9 0.02160636 
302 327 7 10 0.021541297 
363 382 10 12 0.021515578 
672 286 8 9 0.021479165 
303 334 7 11 0.021394748 
503 264 8 10 0.02138742 
210 353 8 10 0.021375777 
216 271 8 10 0.021369494 
671 373 8 11 0.021305658 
527 319 8 10 0.021300634 
496 392 8 10 0.02122867 
305 294 8 10 0.021222627 
166 334 9 11 0.021217732 
606 373 8 11 0.021143695 
295 358 8 9 0.021062607 
338 320 7 9 0.021059463 
861 293 10 10 0.020965787 
638 348 9 12 0.020929994 
426 320 7 10 0.020851972 
214 310 8 9 0.020811528 
296 279 8 11 0.02076982 
600 332 8 11 0.02072799 
230 277 8 10 0.020715201 
327 358 7 9 0.020649942 
511 343 7 9 0.020642104 
669 391 8 11 0.02061676 
638 398 8 10 0.020552313 
577 296 9 10 0.020469435 
689 407 8 11 0.02041949 
262 326 8 11 0.020409284 
455 281 9 11 0.020382911 
489 262 8 10 0.020352097 
721 396 9 12 0.020344421 
248 262 8 10 0.02033526 
721 273 7 10 0.020304747 
499 288 7 10 0.020298501 
522 376 7 9 0.020257255 
214 287 8 10 0.02013017 
397 279 8 9 0.020087784 
589 280 18 23 0.020013675 
