0_Parade_Parade_0_814
503
768 514 22 27 0.9714276 
471 371 14 18 0.9435753 
365 338 14 17 0.78547686 
776 383 10 13 0.7292075 
751 374 12 15 0.6783865 
927 527 15 24 0.6705991 
897 555 13 16 0.65190476 
338 399 9 12 0.6218385 
412 448 17 21 0.5961833 
498 374 13 17 0.4661483 
264 429 9 11 0.4460437 
135 415 8 11 0.3951928 
679 394 11 13 0.39071885 
183 343 12 14 0.37266397 
337 583 27 45 0.34275582 
318 396 10 12 0.32028437 
309 440 9 12 0.30590478 
102 393 8 11 0.29651448 
112 414 7 9 0.28975487 
407 397 11 14 0.25920746 
53 502 12 15 0.24999897 
382 427 13 20 0.23786254 
957 557 16 20 0.22182925 
390 390 9 13 0.21910639 
95 414 9 11 0.21236646 
725 383 10 13 0.21079627 
325 428 15 19 0.19980714 
136 439 10 11 0.19179264 
886 602 15 19 0.18870632 
665 541 30 42 0.1779572 
127 386 7 9 0.1747513 
461 399 11 13 0.1726575 
928 531 22 33 0.16667946 
701 536 14 19 0.16621776 
342 374 11 16 0.16061957 
294 389 10 11 0.15867318 
974 424 10 13 0.15033972 
982 413 9 11 0.14919263 
317 391 9 11 0.14297299 
815 336 10 12 0.14287764 
895 315 13 18 0.14238271 
120 400 9 11 0.14135157 
2 370 39 56 0.13872543 
238 366 13 16 0.13596854 
86 444 9 10 0.13441695 
279 358 11 14 0.12929456 
49 500 10 13 0.12517387 
88 383 7 9 0.124018 
442 513 15 19 0.12181931 
484 390 11 15 0.12175573 
5 482 15 21 0.120331146 
191 572 25 40 0.115788974 
97 431 8 10 0.1106774 
932 509 14 16 0.10996704 
112 409 7 10 0.10717797 
125 400 9 11 0.10229678 
816 548 12 15 0.10115608 
678 538 36 51 0.10011743 
1009 413 9 11 0.09992858 
72 416 8 10 0.0977458 
30 495 11 14 0.09742314 
604 540 16 20 0.09740728 
287 429 10 10 0.09426101 
618 557 26 36 0.09318265 
86 407 8 11 0.09127478 
38 431 8 10 0.08794239 
328 413 8 11 0.08764731 
758 396 7 10 0.087048255 
751 370 9 12 0.08679896 
321 404 9 10 0.08677735 
296 414 9 10 0.08430597 
813 586 13 18 0.082291625 
137 458 9 10 0.08192458 
112 439 7 9 0.080339074 
1012 418 11 20 0.079885855 
924 515 15 19 0.07770991 
121 448 8 9 0.0775297 
464 392 9 12 0.0771941 
326 407 8 10 0.077067636 
351 489 24 26 0.0767136 
409 538 23 24 0.07636839 
752 385 12 15 0.0762658 
301 391 9 11 0.075390644 
424 397 10 12 0.07474075 
39 496 10 13 0.07325502 
361 488 23 24 0.07316831 
985 409 8 10 0.071046226 
131 415 8 10 0.06986523 
316 383 10 12 0.06935526 
529 395 11 14 0.06914196 
735 360 10 11 0.06853762 
120 385 8 9 0.06818355 
82 407 9 11 0.068098016 
91 648 29 34 0.068092674 
119 423 8 9 0.06759959 
346 494 17 21 0.06702601 
95 456 8 11 0.06693882 
464 490 13 15 0.066795245 
268 422 9 12 0.06672544 
527 389 11 14 0.06583389 
157 639 17 21 0.06581315 
526 381 10 13 0.06572431 
290 389 9 12 0.0641962 
88 462 11 12 0.063293494 
424 384 9 12 0.06300202 
1000 560 12 14 0.062457964 
120 439 8 9 0.061907962 
72 437 9 10 0.059386138 
154 438 9 11 0.05936397 
478 411 10 11 0.05904001 
312 374 9 11 0.058873437 
416 444 24 27 0.057600472 
508 396 14 17 0.05728045 
382 383 10 14 0.057223048 
56 438 9 11 0.0568487 
102 415 7 10 0.056267407 
95 409 8 10 0.056104712 
166 400 8 10 0.05605549 
79 421 9 11 0.05567819 
117 623 16 26 0.055349324 
127 440 8 10 0.055349056 
137 374 8 10 0.055226397 
279 302 9 12 0.05516791 
256 400 10 11 0.055091504 
126 447 8 9 0.054615244 
79 389 7 10 0.05428542 
150 407 7 10 0.053972226 
648 406 8 9 0.05391267 
665 482 12 14 0.05352508 
113 433 7 10 0.05345472 
746 374 10 14 0.05231708 
305 307 10 12 0.052260738 
104 455 8 11 0.05217624 
70 420 9 11 0.05199556 
78 415 9 10 0.05190466 
119 432 8 9 0.051884495 
756 390 9 12 0.051686388 
89 412 8 11 0.050655764 
231 366 12 16 0.050618723 
893 622 11 13 0.050444853 
71 381 8 10 0.050363325 
56 397 9 11 0.049827103 
69 376 7 9 0.04968088 
853 604 11 13 0.049373217 
820 553 12 14 0.048524704 
12 500 10 13 0.047788985 
950 396 10 12 0.04771914 
96 420 9 11 0.04680256 
398 428 12 16 0.046755064 
49 441 8 10 0.04672795 
314 396 9 11 0.0467253 
691 532 25 32 0.04662489 
969 422 10 14 0.046054028 
661 388 10 13 0.04587896 
722 389 9 12 0.04560383 
428 398 10 13 0.045451827 
303 396 8 11 0.045273855 
776 378 9 12 0.045184348 
153 332 9 11 0.044997435 
710 438 8 10 0.044710584 
632 492 13 17 0.04459215 
652 516 28 31 0.04392361 
302 408 7 10 0.04389648 
483 402 13 16 0.04330752 
909 573 13 17 0.043164898 
1000 445 9 13 0.04305672 
746 380 11 14 0.042818792 
141 444 9 11 0.04269977 
744 436 9 12 0.04257532 
213 391 8 11 0.042504005 
404 429 12 16 0.042141628 
999 382 8 10 0.042137872 
331 574 24 41 0.042004928 
66 422 9 11 0.041819368 
106 629 28 34 0.04128017 
469 356 10 13 0.040974285 
498 384 16 20 0.040421702 
990 407 7 9 0.040344235 
372 553 13 15 0.040302202 
960 558 24 29 0.040292047 
941 406 9 12 0.040268946 
274 357 10 13 0.04026478 
117 374 8 9 0.040004835 
470 405 11 14 0.039886314 
281 424 9 11 0.039845757 
759 421 8 10 0.039726228 
518 381 12 15 0.039722495 
297 408 9 11 0.039356943 
279 406 10 12 0.039308183 
695 517 12 16 0.03921545 
693 407 10 12 0.03918323 
968 401 8 11 0.038958978 
25 491 11 16 0.038897704 
950 413 12 16 0.038516104 
516 386 13 16 0.038005043 
114 376 7 9 0.03797744 
8 391 12 16 0.037924334 
733 371 11 14 0.037834574 
818 332 12 15 0.03773259 
727 395 9 11 0.037716813 
740 359 9 10 0.0376753 
735 526 11 14 0.037591226 
295 396 9 11 0.03743105 
670 414 9 11 0.037357263 
120 453 8 9 0.03715214 
743 430 9 11 0.036999226 
600 538 13 18 0.03697034 
113 383 7 10 0.036439493 
291 437 12 15 0.036437858 
13 479 12 17 0.03620732 
301 414 8 10 0.036006752 
673 408 9 11 0.036002975 
102 421 7 10 0.035970688 
160 392 8 10 0.03595893 
0 657 31 35 0.03581418 
764 495 11 13 0.03574969 
6 500 12 16 0.03535481 
372 487 26 26 0.035248745 
609 539 26 35 0.035177436 
761 498 10 14 0.03515675 
333 423 11 14 0.035042435 
411 548 25 26 0.034976024 
414 389 10 13 0.03488517 
136 391 7 9 0.034859993 
46 423 9 10 0.03482837 
97 437 8 11 0.034801867 
277 379 9 13 0.03475924 
79 430 9 11 0.03458652 
399 392 9 12 0.034525592 
537 347 16 18 0.03449623 
272 375 9 12 0.034377377 
128 455 8 10 0.034274213 
146 406 8 10 0.03420464 
337 482 15 19 0.03397508 
980 419 10 13 0.033915285 
326 439 13 16 0.033657447 
883 331 12 15 0.03353987 
407 447 14 17 0.033488926 
303 431 9 11 0.03347431 
750 421 10 12 0.033457782 
514 393 12 16 0.033436026 
113 420 8 10 0.03342372 
336 392 11 15 0.03339023 
775 327 10 12 0.033318464 
289 383 10 12 0.033118844 
767 422 9 11 0.032959472 
386 421 13 20 0.0329303 
319 413 10 12 0.032925464 
476 469 11 15 0.03291913 
899 311 11 14 0.032808002 
501 395 14 17 0.03275741 
277 351 11 15 0.03272381 
662 367 8 11 0.032706283 
815 517 12 16 0.032419793 
166 405 9 10 0.032411754 
999 426 12 17 0.032151002 
21 484 12 16 0.032057904 
59 507 12 14 0.03194334 
950 406 11 13 0.031867247 
726 376 10 13 0.03161386 
527 404 9 12 0.03159228 
673 391 9 12 0.031526644 
72 455 8 11 0.031492107 
908 583 16 24 0.03144332 
151 432 9 11 0.031400118 
32 369 14 17 0.03128095 
400 395 11 13 0.031036416 
921 517 11 16 0.030847646 
728 349 9 10 0.030738113 
318 295 9 11 0.030727731 
173 610 24 27 0.03060902 
177 391 9 10 0.030601166 
711 366 8 9 0.030566476 
106 447 7 9 0.030545866 
734 399 9 10 0.030350147 
347 375 14 19 0.030237468 
932 548 15 20 0.030193942 
879 588 13 19 0.030061128 
302 545 29 34 0.0300297 
159 548 11 14 0.029962368 
688 406 10 12 0.029855035 
943 400 9 11 0.029809915 
98 397 8 10 0.029740507 
446 495 22 27 0.029732376 
88 455 10 12 0.02973072 
721 396 8 11 0.029709248 
178 341 11 15 0.029677382 
168 415 8 10 0.029675636 
1000 396 7 10 0.02961526 
453 491 13 16 0.029563718 
334 394 17 22 0.029442234 
508 380 12 16 0.029436668 
848 504 10 12 0.029387632 
904 577 14 19 0.029357404 
851 597 15 17 0.029347287 
99 392 8 11 0.029345177 
949 593 14 20 0.029344156 
311 415 9 11 0.029301433 
729 359 10 11 0.02918948 
444 458 16 21 0.029079054 
732 381 10 13 0.029072875 
921 525 12 17 0.029049922 
136 630 44 45 0.02899138 
416 383 9 12 0.028979998 
993 400 7 9 0.028868834 
161 398 8 10 0.02881943 
31 439 8 10 0.028686099 
161 624 18 24 0.028664203 
136 433 10 10 0.028660899 
309 564 31 44 0.02861411 
303 355 9 11 0.02860101 
104 438 7 10 0.028397672 
57 432 9 11 0.028392222 
646 401 8 10 0.028369958 
321 434 13 16 0.028367491 
38 437 8 10 0.028326659 
443 499 15 19 0.028326198 
261 405 8 10 0.02825539 
87 422 8 10 0.028211933 
104 407 7 10 0.02818643 
61 392 8 10 0.028005565 
513 492 13 16 0.027974335 
288 396 10 12 0.027893655 
778 444 9 12 0.027780967 
690 513 24 31 0.027591314 
226 370 10 15 0.027463257 
1014 391 9 12 0.027427696 
310 432 9 11 0.02732012 
74 447 7 9 0.027262215 
433 452 24 30 0.02719624 
326 308 10 12 0.027152564 
542 341 13 16 0.027139962 
1000 391 9 12 0.027085897 
881 586 21 29 0.027051035 
851 508 11 14 0.026956081 
135 397 8 10 0.026946604 
1006 423 13 19 0.026870701 
196 341 10 14 0.026852047 
773 379 17 22 0.026745252 
994 381 8 11 0.026740812 
160 406 7 9 0.02668023 
981 391 8 10 0.026657477 
493 393 13 17 0.026647823 
633 542 23 39 0.026620567 
119 368 8 10 0.026588889 
160 415 7 10 0.02656917 
642 399 8 11 0.026557026 
422 350 9 12 0.02644825 
664 520 46 51 0.026418334 
263 367 10 12 0.026340337 
700 524 13 19 0.026328558 
627 494 20 26 0.026254326 
168 381 7 10 0.026253361 
780 395 10 12 0.026239334 
744 387 10 12 0.026237484 
1006 407 17 26 0.02617191 
478 387 13 16 0.026114801 
955 416 13 17 0.025987359 
292 431 10 11 0.025978675 
80 446 9 10 0.025909917 
295 348 11 15 0.02587133 
402 488 24 28 0.025830967 
767 398 8 10 0.0256234 
247 341 12 15 0.025602695 
758 416 8 11 0.02553959 
160 351 8 11 0.025370125 
144 399 9 11 0.025353324 
635 516 13 16 0.025351368 
274 299 10 13 0.025348173 
898 315 22 27 0.025344525 
619 517 18 19 0.025324533 
392 423 19 26 0.025140854 
382 392 12 16 0.025099367 
695 432 8 11 0.025000606 
444 445 12 16 0.024961963 
22 485 18 27 0.02496091 
383 416 11 15 0.024958871 
270 340 11 13 0.024935752 
61 438 8 11 0.02484019 
109 634 15 20 0.024785684 
810 327 23 26 0.024763808 
981 612 15 20 0.02472781 
926 513 22 29 0.024717083 
401 356 9 12 0.024579387 
509 386 15 19 0.024503658 
743 422 11 13 0.02447328 
256 446 9 12 0.024448343 
960 580 26 32 0.024432454 
678 402 11 14 0.024429338 
666 519 17 22 0.02437424 
411 401 13 15 0.024352657 
661 395 9 12 0.024228424 
646 546 29 36 0.024142185 
80 438 9 10 0.02410465 
323 310 9 11 0.02408557 
325 398 10 12 0.024071878 
189 336 12 15 0.023996156 
181 366 11 13 0.023986025 
679 368 8 10 0.02398003 
738 431 8 10 0.023967018 
434 496 25 30 0.023885114 
19 479 11 15 0.023871556 
201 546 38 49 0.023791613 
272 364 10 13 0.023772301 
1000 407 7 9 0.023770405 
718 360 9 11 0.023686968 
112 390 8 11 0.023590613 
222 620 57 57 0.023531593 
633 488 10 13 0.02347695 
221 346 11 14 0.023442455 
428 386 9 13 0.023429444 
12 507 10 13 0.023413435 
350 318 12 14 0.02338872 
886 314 15 19 0.023328073 
990 553 13 16 0.023285666 
143 559 11 12 0.023280662 
62 430 9 11 0.02324787 
338 373 10 15 0.023239944 
841 503 9 12 0.023225844 
339 572 15 23 0.023208946 
400 373 9 11 0.02314596 
156 317 11 13 0.023054793 
677 391 18 22 0.023047462 
445 494 11 14 0.023041004 
438 444 12 15 0.0230365 
27 498 10 15 0.022961253 
243 370 12 15 0.022908522 
500 369 11 14 0.022867901 
159 461 8 10 0.022848444 
5 428 12 15 0.022829968 
478 390 20 25 0.022802114 
160 422 8 9 0.022664767 
258 541 36 48 0.022544026 
657 385 8 11 0.022523357 
135 368 8 10 0.02246989 
180 607 14 16 0.022438858 
777 439 9 12 0.022431782 
302 383 11 13 0.02240785 
117 416 8 9 0.022374187 
1011 407 11 15 0.022309192 
452 380 11 15 0.022261238 
525 445 10 12 0.022259705 
299 533 27 32 0.022142725 
706 361 7 9 0.0221229 
237 359 13 15 0.02204682 
439 425 12 17 0.02198532 
20 367 27 33 0.021963371 
661 428 10 12 0.021954734 
961 550 17 21 0.02194736 
464 509 11 15 0.021946438 
94 446 8 10 0.021933166 
1007 398 9 11 0.02193062 
127 366 9 10 0.021904364 
733 531 219 201 0.021820504 
87 467 10 11 0.021817494 
285 348 12 15 0.021803275 
972 586 17 21 0.021794543 
361 336 12 15 0.02176148 
196 349 11 13 0.021755755 
525 412 9 13 0.021659454 
99 386 18 24 0.021640867 
285 557 43 54 0.02164001 
437 465 17 20 0.02157783 
500 396 21 26 0.021512242 
334 466 15 18 0.021416076 
712 361 7 10 0.021293305 
159 444 8 10 0.021258013 
110 456 8 10 0.021245526 
489 395 22 27 0.02124247 
269 438 9 11 0.021018399 
471 472 14 18 0.020949535 
317 376 9 11 0.020948764 
473 399 19 24 0.02092723 
655 526 33 41 0.020861218 
125 431 9 11 0.020732777 
155 324 11 14 0.020721694 
28 495 20 23 0.020689698 
111 446 8 10 0.020680293 
339 387 13 17 0.020608323 
629 510 24 29 0.02058966 
663 477 21 24 0.020580227 
1014 397 9 13 0.020570992 
976 384 8 10 0.020545237 
676 522 13 18 0.02054199 
225 334 9 11 0.020482305 
212 587 28 31 0.02046519 
470 451 13 15 0.020431116 
579 401 12 16 0.020410802 
741 397 10 12 0.020402359 
305 442 11 14 0.020396322 
214 429 13 17 0.02036981 
904 320 25 29 0.020367648 
28 487 11 15 0.020267492 
766 538 11 15 0.020247415 
141 459 9 11 0.020208536 
813 508 13 15 0.02019837 
951 582 22 30 0.020189341 
0 502 9 14 0.020184804 
86 431 8 10 0.020180078 
997 438 12 15 0.020169629 
517 374 11 14 0.0201383 
128 359 8 9 0.02010413 
282 351 101 129 0.020064093 
