0_Parade_Parade_0_688
192
882 523 14 17 0.98465073 
278 525 23 27 0.9530134 
452 532 29 31 0.9313983 
536 463 16 20 0.92866886 
449 502 22 28 0.8635895 
839 531 10 13 0.8575832 
565 541 18 22 0.8408567 
846 568 13 19 0.8284058 
805 526 18 20 0.6889989 
822 532 10 15 0.5489095 
365 529 12 16 0.50521415 
215 539 14 21 0.37056 
531 593 19 23 0.2905071 
190 515 10 12 0.27430496 
734 479 14 23 0.18015282 
946 529 7 10 0.17353702 
7 580 12 18 0.17330803 
204 553 14 18 0.17313638 
969 512 8 10 0.16773835 
1014 532 8 12 0.16433613 
1006 547 9 12 0.16071682 
265 533 10 15 0.15826415 
827 534 10 13 0.15612338 
768 541 9 12 0.14604881 
6 573 10 14 0.13071893 
26 561 7 9 0.12046378 
910 534 8 11 0.11683864 
741 531 11 14 0.11190726 
775 536 8 11 0.10717102 
309 514 14 21 0.10713186 
949 528 8 10 0.10504066 
338 580 36 39 0.09682461 
228 547 13 16 0.09036936 
238 539 12 16 0.086457156 
975 535 10 12 0.086249 
65 575 10 12 0.08442586 
958 541 7 10 0.0836848 
856 540 10 14 0.08191769 
862 535 10 13 0.074938126 
471 455 10 12 0.07445712 
581 515 19 30 0.07418773 
784 544 8 10 0.072706334 
1002 543 8 11 0.070733696 
893 533 10 12 0.06931044 
54 556 9 11 0.06890031 
508 516 17 20 0.06846333 
981 535 8 10 0.06838386 
56 552 7 10 0.06718625 
868 538 14 18 0.06647459 
684 601 15 16 0.06416254 
982 541 9 10 0.063216515 
220 538 18 24 0.06244071 
368 477 11 12 0.062200237 
738 527 10 13 0.06078802 
832 557 9 12 0.058714483 
356 488 13 16 0.056059968 
234 545 13 17 0.056010496 
903 533 10 12 0.054380305 
981 600 14 17 0.053917807 
218 534 14 18 0.053643562 
28 565 8 11 0.053071644 
269 530 13 19 0.05264023 
951 533 8 10 0.052154522 
911 529 7 8 0.05169745 
545 570 14 18 0.05137794 
495 471 10 13 0.050837133 
993 534 8 10 0.049993657 
843 529 11 14 0.04921408 
194 572 17 21 0.048973247 
761 540 10 13 0.04813952 
532 500 12 15 0.04738513 
312 504 10 13 0.04736245 
518 540 10 14 0.046711218 
318 755 12 12 0.045873996 
918 541 9 11 0.04434289 
904 529 9 10 0.04422837 
976 528 8 11 0.044217315 
973 516 8 10 0.04384776 
1012 541 10 13 0.04339408 
244 539 11 14 0.043352347 
910 538 10 14 0.043077238 
628 525 11 14 0.04282368 
2 565 9 13 0.04253392 
76 534 8 11 0.04221763 
1 558 8 12 0.04179937 
47 573 8 10 0.039990094 
270 580 26 30 0.038173404 
28 559 9 10 0.037662525 
565 570 13 18 0.03763502 
198 564 14 16 0.037452925 
791 532 9 13 0.03739039 
863 528 9 11 0.03682017 
957 535 8 10 0.034712058 
832 528 9 12 0.034197442 
533 573 25 29 0.033938147 
595 601 15 18 0.033904914 
953 541 9 11 0.033847526 
560 544 15 20 0.03289581 
269 580 15 18 0.032880656 
375 757 10 10 0.032679416 
847 541 9 11 0.031906977 
823 562 10 13 0.0315453 
270 522 20 28 0.031331185 
955 714 41 55 0.03110279 
991 528 9 11 0.030709494 
749 541 9 13 0.030364476 
874 570 14 18 0.029685134 
62 550 7 9 0.029457526 
340 473 13 15 0.029435756 
891 526 10 13 0.029275987 
212 562 11 15 0.029052302 
759 536 10 12 0.029001584 
747 533 10 13 0.028781895 
784 534 8 12 0.028703557 
254 554 11 14 0.028670086 
356 537 15 19 0.028665613 
48 568 8 11 0.02859248 
970 540 9 11 0.02852058 
441 489 27 35 0.028204866 
569 531 16 24 0.02814832 
55 575 9 10 0.027971053 
277 519 12 16 0.027884994 
424 486 11 14 0.027884062 
825 557 10 13 0.027871529 
50 552 8 10 0.02782441 
360 476 13 14 0.02775833 
35 598 11 16 0.02769791 
832 562 10 13 0.02768407 
201 550 12 16 0.027566437 
893 563 13 15 0.027406825 
1012 548 10 12 0.027385427 
301 519 15 22 0.027219161 
1005 535 20 26 0.026740054 
936 527 7 10 0.026587445 
38 583 8 11 0.02654293 
595 588 25 31 0.026390677 
596 516 13 18 0.026159005 
323 521 14 18 0.025978694 
427 514 11 17 0.025802309 
314 507 14 20 0.02562151 
835 557 12 15 0.025593203 
894 548 13 16 0.025092363 
869 565 14 19 0.024910526 
365 492 12 15 0.024770522 
528 465 13 17 0.02475754 
884 548 12 16 0.024651522 
67 589 11 14 0.024453642 
692 559 16 22 0.024231851 
748 582 10 13 0.024164248 
708 479 37 51 0.024071671 
509 537 13 17 0.024053676 
374 492 12 15 0.024021547 
838 578 13 15 0.023890207 
33 583 8 11 0.02368334 
350 756 10 11 0.023642711 
69 577 10 13 0.023560869 
11 573 9 12 0.023548799 
909 545 11 17 0.023544738 
759 571 10 12 0.023493223 
32 590 10 13 0.023365444 
929 534 8 10 0.023326997 
839 566 14 17 0.023294581 
62 544 8 10 0.023244405 
336 470 11 14 0.023210574 
57 581 9 11 0.022916026 
765 547 11 14 0.022910997 
342 486 12 14 0.022285758 
271 518 10 15 0.02220099 
832 580 11 15 0.022091493 
789 541 9 12 0.022074912 
465 534 30 35 0.02196747 
501 468 12 15 0.021950625 
853 559 11 15 0.021921948 
983 548 11 12 0.021764658 
902 538 12 16 0.021757044 
487 473 14 16 0.021623759 
672 469 10 13 0.021540623 
25 596 9 12 0.021504594 
258 577 24 27 0.021450767 
534 570 13 16 0.02136826 
930 529 7 8 0.02131327 
997 535 8 11 0.02127289 
928 692 9 13 0.021212544 
1009 529 8 10 0.021147577 
326 507 12 17 0.021122834 
438 505 14 19 0.020871125 
287 529 23 29 0.020777991 
315 512 20 27 0.020640692 
774 558 9 11 0.020383155 
808 483 209 235 0.0201382 
61 568 21 25 0.02006427 
876 557 25 30 0.020035435 
