0_Parade_Parade_0_43
2092
186 388 19 22 0.99160063 
489 224 18 21 0.99037325 
544 289 18 20 0.9899013 
770 460 19 22 0.9847883 
886 465 16 21 0.98365885 
11 481 18 22 0.9833757 
824 518 18 21 0.97747016 
755 402 19 22 0.9768421 
678 448 18 23 0.97670764 
386 340 17 22 0.97467107 
499 510 21 27 0.9738017 
265 514 20 22 0.9737312 
549 449 18 22 0.97188663 
201 452 19 22 0.9687459 
501 392 20 25 0.9676697 
306 356 19 23 0.966028 
655 350 19 23 0.96574056 
76 455 18 21 0.96499455 
810 435 18 22 0.9641811 
943 522 19 21 0.963811 
153 508 20 22 0.9637812 
443 448 20 23 0.95662475 
253 378 19 22 0.951539 
602 509 22 27 0.95090735 
703 377 18 22 0.9422283 
599 343 19 22 0.9332855 
715 518 18 21 0.9213061 
398 512 20 23 0.91991264 
31 510 19 21 0.9187437 
310 453 19 23 0.9187208 
135 427 19 23 0.89597213 
438 284 20 27 0.88745135 
245 346 14 17 0.82448345 
900 373 10 13 0.80912864 
925 357 11 14 0.806838 
848 293 10 13 0.77714235 
639 294 12 16 0.7160905 
978 324 11 14 0.69954854 
143 277 9 12 0.6850252 
775 317 10 13 0.67998934 
847 325 11 15 0.6758082 
701 335 12 14 0.64473 
790 328 9 13 0.6315698 
306 323 14 16 0.6153534 
820 311 11 14 0.6069516 
999 309 10 12 0.6042629 
173 274 10 13 0.6038319 
620 297 14 16 0.60078585 
365 283 11 14 0.5977382 
905 326 10 13 0.5914368 
838 357 12 15 0.5843816 
935 331 11 13 0.56931275 
825 271 9 11 0.5652568 
702 261 8 10 0.56344914 
885 270 9 11 0.5598895 
993 254 9 12 0.5422617 
853 222 10 12 0.529603 
919 278 8 11 0.5121655 
113 271 9 12 0.5100726 
968 256 8 10 0.5070629 
725 314 10 13 0.50261706 
301 231 8 10 0.49934503 
742 324 12 15 0.4966636 
808 262 9 11 0.49464706 
885 375 10 13 0.4902675 
839 255 10 13 0.48423934 
838 373 11 14 0.47726247 
342 273 8 11 0.46595857 
895 299 10 13 0.46538746 
147 405 15 18 0.46485385 
793 388 15 18 0.46425554 
905 255 10 12 0.4282409 
772 383 15 19 0.42651913 
820 367 11 13 0.42349827 
952 260 8 11 0.41538006 
277 253 10 12 0.41075417 
674 309 10 12 0.40789098 
154 255 9 11 0.40630955 
981 245 9 12 0.40551335 
927 264 10 11 0.40408084 
953 239 8 11 0.3986875 
872 229 9 13 0.39832714 
930 269 10 12 0.3976688 
750 263 9 12 0.39521378 
759 228 7 9 0.38490742 
583 271 10 12 0.37928212 
656 279 10 12 0.37788343 
564 263 10 13 0.3764178 
846 261 9 11 0.36892742 
158 260 10 12 0.36462486 
803 534 18 24 0.36389956 
864 263 9 11 0.35620454 
630 326 15 20 0.35348138 
659 317 13 15 0.34410816 
639 305 11 14 0.34287322 
968 488 16 20 0.33804062 
816 334 12 15 0.3374264 
885 262 10 13 0.32295024 
888 208 7 10 0.32207698 
765 302 9 11 0.3181003 
1014 303 8 12 0.3175839 
104 232 9 12 0.31269887 
807 269 9 12 0.31248888 
349 238 8 10 0.31132585 
790 270 9 12 0.3090513 
337 230 8 11 0.30882496 
673 279 8 11 0.3025006 
117 220 9 11 0.30148318 
237 270 11 14 0.29536372 
23 203 9 11 0.29446092 
74 222 8 11 0.2917908 
936 213 7 10 0.28278053 
754 292 9 12 0.28254378 
215 254 8 10 0.280151 
362 278 10 13 0.2786639 
708 301 11 13 0.27792075 
935 247 9 11 0.27765405 
936 309 9 12 0.27614498 
327 285 10 13 0.2715613 
293 284 9 12 0.27022007 
309 302 11 13 0.26657504 
525 315 22 26 0.26563728 
782 351 10 13 0.265468 
728 244 9 10 0.26161543 
878 405 11 13 0.26114282 
873 318 10 13 0.25955504 
878 237 10 12 0.25905046 
729 263 9 11 0.25878793 
103 208 8 11 0.25727803 
869 287 10 13 0.25550902 
729 231 8 10 0.2549407 
250 229 8 10 0.25379926 
928 295 9 12 0.2531663 
607 240 9 10 0.25123185 
710 278 9 11 0.25030535 
728 239 8 11 0.24996026 
744 197 8 10 0.24921231 
151 236 9 11 0.24848592 
119 200 8 10 0.24838856 
49 191 9 12 0.24824215 
343 237 9 11 0.24819838 
862 371 10 13 0.24806301 
217 275 9 12 0.2460077 
863 395 11 16 0.2446342 
367 173 9 11 0.2434367 
686 271 7 10 0.24261591 
853 305 12 14 0.24215342 
735 292 9 13 0.24200617 
134 207 9 12 0.24096026 
787 245 8 11 0.2407138 
708 296 9 11 0.24035218 
234 213 7 10 0.23995492 
888 213 9 11 0.23964779 
61 254 7 10 0.23840772 
289 269 8 10 0.23767033 
673 284 9 11 0.23762017 
112 120 8 9 0.23631917 
781 286 10 12 0.23391466 
999 261 8 11 0.23056482 
759 271 9 11 0.2303245 
815 159 9 11 0.22989576 
119 252 8 10 0.22829166 
911 404 10 12 0.22642073 
773 356 11 16 0.22518681 
712 349 11 12 0.22469623 
361 222 8 10 0.22407755 
72 214 9 12 0.22229396 
40 256 8 11 0.21938749 
183 232 8 9 0.21807614 
899 345 12 15 0.21789956 
830 293 9 12 0.21718763 
584 293 11 16 0.21696287 
933 301 9 11 0.21473625 
919 375 10 13 0.21441674 
257 256 10 12 0.21434982 
725 329 12 17 0.2121527 
151 172 8 12 0.21107593 
751 222 8 11 0.21098761 
721 207 8 10 0.21087039 
982 215 8 10 0.21034004 
558 239 8 10 0.2093485 
198 277 10 12 0.2085153 
95 214 8 11 0.20684434 
713 239 7 9 0.20568226 
110 174 9 12 0.20256014 
600 255 8 11 0.20216168 
792 264 8 11 0.2019614 
901 190 8 10 0.19988173 
801 190 8 10 0.19769843 
576 238 8 10 0.19747698 
718 256 8 10 0.19679257 
193 238 9 11 0.19651271 
238 246 10 11 0.19648598 
326 303 10 12 0.19537616 
708 308 11 14 0.19379157 
851 414 11 15 0.19304274 
889 359 8 11 0.19288728 
794 169 8 10 0.19224872 
576 340 14 17 0.19087031 
135 238 8 11 0.19071081 
352 300 11 14 0.19041473 
326 280 10 13 0.19026409 
887 255 10 11 0.18814932 
898 184 7 9 0.18625338 
670 215 8 11 0.18561272 
313 219 8 11 0.1853955 
672 301 9 12 0.18523802 
863 355 9 12 0.18397854 
208 230 8 10 0.18378872 
984 270 9 11 0.18359749 
743 329 13 18 0.18329068 
879 191 8 10 0.18324435 
870 599 10 13 0.18242235 
304 271 9 13 0.18215324 
468 248 22 25 0.18092367 
800 362 13 15 0.18069842 
872 366 10 12 0.1803217 
728 268 9 11 0.1798609 
806 275 9 12 0.17900598 
942 173 8 11 0.17796619 
812 237 9 10 0.17767626 
826 175 8 10 0.17630033 
815 286 10 13 0.17613497 
166 232 8 10 0.17547603 
165 573 12 16 0.17504445 
168 159 7 9 0.17454319 
735 208 7 9 0.17321745 
953 231 7 9 0.17215113 
158 232 9 11 0.17133588 
923 502 13 16 0.16964568 
613 284 9 11 0.16951916 
367 534 20 26 0.16857024 
903 318 10 14 0.16821344 
658 169 7 10 0.16784725 
94 223 8 11 0.16703399 
319 280 9 12 0.16558932 
908 330 10 12 0.16455135 
734 286 9 11 0.16436394 
871 191 8 10 0.16373986 
4 517 15 19 0.16357392 
678 238 8 10 0.16356602 
113 216 9 11 0.16273181 
911 273 9 10 0.16251591 
2 158 7 11 0.16202444 
680 322 12 16 0.16194274 
745 237 8 10 0.16084257 
582 239 8 11 0.16050677 
119 236 8 10 0.1599568 
609 262 8 10 0.15940309 
737 167 7 8 0.15939379 
912 239 9 10 0.15910764 
601 280 8 11 0.1587575 
999 332 10 12 0.1587508 
129 208 8 11 0.15841788 
351 296 10 12 0.15794165 
271 278 9 11 0.15735674 
757 289 9 11 0.15724537 
254 230 8 11 0.15673189 
702 316 11 13 0.1560285 
706 191 8 10 0.15553442 
810 232 8 9 0.15547885 
601 199 8 10 0.15496755 
694 246 7 9 0.15453403 
601 295 9 12 0.15365411 
857 215 8 11 0.15354663 
64 237 8 10 0.15315004 
178 176 9 11 0.15309498 
639 230 7 10 0.15266007 
917 480 10 14 0.15215728 
273 184 8 10 0.15176068 
317 525 11 13 0.1516543 
855 245 9 11 0.15152885 
303 307 10 13 0.1504331 
225 240 8 9 0.15004814 
1009 206 8 10 0.149875 
970 310 10 13 0.14902462 
237 214 8 9 0.14900765 
137 232 7 10 0.14884791 
713 246 7 10 0.14861935 
575 215 8 11 0.1482903 
238 263 10 12 0.14812465 
945 225 7 10 0.14800754 
131 502 16 19 0.14756165 
326 128 7 10 0.1472166 
613 264 9 11 0.1470509 
711 183 7 9 0.14680561 
199 272 10 11 0.14675426 
863 213 8 11 0.14665237 
774 191 8 9 0.14660056 
1006 182 8 10 0.14605644 
798 173 7 9 0.14572993 
868 262 8 11 0.1452335 
309 205 7 11 0.14496288 
253 278 9 12 0.14491016 
349 330 12 17 0.14435561 
662 169 7 10 0.14428477 
806 301 10 12 0.14358774 
694 206 8 11 0.14342065 
129 264 8 10 0.14309576 
322 129 7 10 0.14293957 
168 371 13 17 0.1425852 
263 191 7 9 0.14247222 
945 153 7 9 0.14131838 
849 298 12 16 0.1412761 
839 168 9 10 0.14127055 
298 135 7 9 0.14010882 
211 588 16 18 0.13984556 
73 198 7 9 0.13975854 
792 173 8 10 0.13928649 
207 254 9 11 0.13916247 
585 588 14 17 0.13883601 
876 311 10 12 0.1384131 
846 246 8 11 0.13815863 
97 142 9 12 0.13805155 
752 198 8 10 0.13798657 
133 212 9 11 0.13759321 
311 166 8 10 0.13741124 
807 256 10 12 0.13730295 
768 275 9 12 0.13718918 
952 191 7 9 0.13686863 
112 236 8 10 0.1363126 
807 308 9 13 0.13596934 
957 238 8 10 0.13543798 
554 485 17 21 0.13364202 
746 215 8 10 0.13349086 
200 152 6 8 0.13332869 
96 228 8 11 0.13284819 
344 310 10 12 0.13148975 
134 189 7 10 0.13145135 
214 223 8 10 0.13117665 
1006 176 8 9 0.13038786 
912 200 9 11 0.13036935 
719 639 14 19 0.13032366 
286 157 7 11 0.13008223 
807 325 10 13 0.1299758 
671 295 9 11 0.12984283 
857 208 8 10 0.12912108 
712 231 7 10 0.12833418 
1009 270 8 10 0.12822649 
136 269 8 10 0.1282221 
888 219 10 12 0.1281423 
76 254 8 11 0.12793571 
1007 327 9 11 0.1276174 
807 190 9 10 0.12752125 
33 176 8 10 0.1269598 
288 284 11 13 0.12662037 
102 143 11 12 0.1263522 
1007 200 9 11 0.12615015 
205 523 14 17 0.12571886 
773 275 10 13 0.12528704 
38 239 8 10 0.12476935 
324 308 12 14 0.124483265 
328 247 9 12 0.1242804 
368 246 8 11 0.12413204 
638 269 8 11 0.12398656 
697 315 10 13 0.123291075 
821 376 12 16 0.12307773 
655 240 8 10 0.12293192 
583 215 9 10 0.1228245 
978 240 8 10 0.122421086 
310 296 11 12 0.12229469 
234 274 10 12 0.1219436 
744 232 8 10 0.12164403 
887 176 7 10 0.12161178 
209 214 6 9 0.12153936 
134 264 8 10 0.12147743 
959 166 8 9 0.1210217 
313 238 9 10 0.11950093 
761 168 7 9 0.11857959 
957 261 8 10 0.118519984 
672 272 7 9 0.11847523 
120 205 8 10 0.118068844 
904 271 10 12 0.117665894 
279 285 9 11 0.11751661 
176 215 8 9 0.117366634 
396 615 17 20 0.11736616 
697 255 7 10 0.1168091 
182 236 8 11 0.11667504 
920 231 8 10 0.11652807 
221 166 8 9 0.116465695 
877 232 10 11 0.11644916 
843 371 11 14 0.115984336 
898 230 8 11 0.11522443 
720 331 11 15 0.11444428 
758 263 8 11 0.114387795 
261 287 8 10 0.11402064 
567 255 7 10 0.11397794 
951 243 9 11 0.11380157 
943 363 9 12 0.113675445 
114 125 8 10 0.113539256 
993 421 11 14 0.113479584 
945 260 8 11 0.11338449 
813 150 8 9 0.11311946 
902 311 10 12 0.11271173 
328 291 10 12 0.11266259 
872 225 8 10 0.11260817 
934 277 9 11 0.11256527 
852 227 10 12 0.11253358 
805 295 10 12 0.11231498 
278 175 7 10 0.11187527 
953 309 10 12 0.11168371 
177 236 9 11 0.11098416 
588 336 20 26 0.11028204 
797 473 16 19 0.110236846 
582 192 8 10 0.11022969 
714 167 8 9 0.10946152 
837 484 13 16 0.10929432 
926 231 7 10 0.10901125 
353 143 7 9 0.10896532 
904 277 8 10 0.108914964 
785 239 10 11 0.108900964 
966 222 8 11 0.10851292 
758 199 8 10 0.108181775 
980 330 11 13 0.10810824 
927 318 9 11 0.10806282 
233 209 8 10 0.10785 
962 200 7 9 0.10769294 
999 237 8 9 0.10742442 
703 269 9 11 0.1073281 
875 322 12 14 0.10723596 
712 198 7 9 0.10721977 
777 174 7 9 0.10711482 
93 247 8 10 0.10677966 
180 489 23 27 0.10673143 
206 208 7 8 0.10659778 
966 199 7 10 0.106502615 
581 262 9 12 0.10643552 
318 317 11 14 0.1063985 
278 232 8 10 0.106379 
888 532 10 13 0.10635752 
245 271 10 13 0.10635476 
341 231 8 11 0.106214 
959 255 9 12 0.106169775 
153 168 9 12 0.10616085 
605 297 12 15 0.10603088 
870 253 9 12 0.10575796 
129 167 7 9 0.10573684 
329 168 8 9 0.105381235 
893 208 8 9 0.10498674 
742 252 9 10 0.10487563 
671 220 8 10 0.104626425 
581 283 11 14 0.10462458 
946 615 17 21 0.104472056 
349 307 11 14 0.10446599 
366 289 12 16 0.10445637 
902 222 8 10 0.10424698 
24 181 9 11 0.1037578 
903 217 8 9 0.10368717 
141 206 9 10 0.103572465 
310 269 9 11 0.103420556 
285 489 24 27 0.10324041 
767 239 8 10 0.103062764 
825 190 8 10 0.10266586 
901 185 8 10 0.10236321 
992 231 8 10 0.10228282 
785 176 7 9 0.10222243 
559 231 8 9 0.10196923 
225 244 9 11 0.10193369 
273 232 7 9 0.10190039 
262 237 8 10 0.10130012 
238 209 8 10 0.10126908 
297 143 8 10 0.10118499 
217 160 8 10 0.10115285 
655 300 11 13 0.10115233 
781 160 8 10 0.10083984 
847 159 7 8 0.100674234 
337 271 10 11 0.1004463 
860 303 10 13 0.100074776 
64 208 9 11 0.099326946 
646 264 8 10 0.098549314 
273 237 8 10 0.09842894 
717 357 14 16 0.09822524 
993 318 9 11 0.0981682 
930 332 10 13 0.09769398 
870 277 9 12 0.09736211 
641 253 8 9 0.09718612 
727 279 9 11 0.097162366 
958 183 8 10 0.09690304 
887 276 10 11 0.09688551 
573 207 7 9 0.096738204 
183 215 7 10 0.09647022 
764 308 10 14 0.09616655 
1012 324 9 12 0.095716655 
141 254 9 11 0.09550693 
321 133 7 9 0.09540226 
174 193 8 10 0.09516993 
807 207 8 9 0.09431608 
73 229 8 10 0.094136894 
605 257 9 11 0.09413457 
800 276 10 11 0.09411111 
524 310 14 18 0.09384112 
150 190 9 11 0.09373494 
670 189 8 10 0.0935925 
255 285 10 12 0.09356507 
1007 366 11 15 0.09331377 
719 279 9 11 0.09308453 
896 196 9 11 0.09307772 
352 150 8 10 0.09294144 
753 182 7 9 0.09270242 
814 254 8 10 0.092096254 
158 168 8 10 0.09207947 
135 185 7 10 0.09198922 
640 265 8 10 0.09191468 
844 365 10 14 0.091738835 
238 252 9 11 0.091319524 
282 197 8 10 0.09101506 
1005 343 10 12 0.09100947 
9 144 8 10 0.09089134 
602 204 7 10 0.09082656 
708 316 10 11 0.09076914 
307 167 7 10 0.09052558 
681 262 8 10 0.09044223 
312 183 7 9 0.09030963 
279 249 9 11 0.09017842 
816 207 8 9 0.09009657 
210 223 7 10 0.090076074 
111 180 8 11 0.08983768 
872 208 9 11 0.08974286 
328 265 9 10 0.089573175 
256 214 8 10 0.08954551 
673 160 7 9 0.08940751 
799 185 8 10 0.0893122 
678 280 8 9 0.08929106 
200 191 6 8 0.08889113 
237 302 11 13 0.08871723 
726 207 8 10 0.08870171 
47 168 9 11 0.08856473 
339 336 14 20 0.08829009 
735 230 8 10 0.08824842 
654 245 8 11 0.08793233 
807 215 8 10 0.0876497 
994 427 12 14 0.08755344 
865 191 8 9 0.08751342 
686 263 8 10 0.08726504 
709 342 11 15 0.087174825 
775 205 8 11 0.08696767 
878 366 9 13 0.086890295 
913 181 9 10 0.086865634 
192 192 6 9 0.08686229 
53 196 8 11 0.086806595 
657 311 10 13 0.08657609 
785 181 7 10 0.08643744 
342 224 8 10 0.08611565 
164 262 8 11 0.08578935 
918 181 8 10 0.08576791 
695 241 7 9 0.085691266 
799 271 9 12 0.085613966 
933 296 8 11 0.085570335 
656 201 7 9 0.08547588 
576 233 8 10 0.08537161 
786 271 9 11 0.08526841 
744 176 7 9 0.08513478 
854 240 8 10 0.085013255 
733 267 8 12 0.08475179 
144 200 7 10 0.08462848 
788 417 12 16 0.08460434 
555 207 8 11 0.08450229 
160 206 9 10 0.08435447 
813 189 8 11 0.08424474 
143 232 9 11 0.08424254 
29 199 9 11 0.08421565 
912 245 9 11 0.083901964 
911 346 9 13 0.08380699 
201 206 8 9 0.08370009 
1013 268 8 12 0.08368704 
982 221 8 11 0.0832108 
842 248 9 12 0.08292786 
369 208 8 9 0.08284849 
879 246 10 11 0.08225337 
895 246 9 11 0.08218253 
991 176 7 9 0.082096756 
40 192 8 10 0.08208489 
1000 366 10 14 0.08208327 
192 198 7 10 0.08198844 
758 192 7 10 0.081860185 
169 302 9 12 0.08164691 
190 255 8 10 0.081644475 
336 235 9 11 0.08156289 
941 285 8 11 0.08147292 
833 167 7 10 0.08144698 
11 182 8 10 0.081363834 
146 175 8 10 0.08119965 
423 480 23 28 0.080824696 
143 347 13 17 0.08079365 
240 242 8 10 0.08077341 
129 189 8 11 0.08072764 
922 215 7 9 0.08069106 
25 134 8 10 0.080659054 
784 277 10 12 0.08051015 
205 300 11 12 0.08039 
617 213 7 9 0.08026454 
298 236 9 11 0.079927385 
672 254 8 10 0.07992215 
713 254 8 11 0.0797901 
160 221 8 10 0.079741605 
982 551 12 18 0.079671286 
353 136 7 9 0.07953347 
984 302 9 12 0.07951664 
831 159 8 10 0.07945886 
947 636 15 18 0.07945536 
913 176 9 10 0.07943435 
702 214 8 9 0.07940242 
840 173 8 9 0.07919456 
247 191 8 10 0.07906101 
281 191 8 10 0.07905378 
878 252 11 12 0.07883696 
823 476 12 17 0.07857874 
679 232 8 10 0.0784997 
677 318 12 15 0.07847152 
934 316 10 12 0.07841136 
146 190 8 11 0.07817053 
673 238 8 10 0.07814282 
462 548 10 13 0.077978104 
248 145 7 9 0.07784785 
287 248 9 11 0.07775012 
152 635 14 18 0.07751864 
577 261 8 11 0.07741269 
199 199 8 10 0.077366695 
193 285 10 12 0.07736092 
954 184 7 10 0.07696893 
789 230 9 10 0.076944135 
38 216 8 10 0.07670113 
927 214 8 10 0.07631224 
989 272 9 11 0.07626914 
823 207 8 10 0.07626498 
316 324 12 16 0.076197304 
946 199 7 9 0.07588723 
933 358 9 12 0.075851224 
950 224 7 10 0.07555318 
828 275 9 11 0.07554149 
222 207 8 9 0.07541611 
769 200 8 10 0.075408995 
679 256 7 9 0.07526205 
289 212 8 10 0.07511917 
752 254 9 10 0.07510801 
160 215 9 11 0.07500661 
829 475 12 18 0.07489209 
366 272 9 13 0.07482534 
231 245 10 12 0.074773796 
58 611 12 16 0.07470097 
769 362 12 16 0.07443095 
925 286 9 11 0.074168935 
785 331 12 15 0.074143484 
991 250 9 11 0.07392364 
976 208 7 9 0.07392109 
367 251 9 12 0.07368019 
688 231 7 8 0.0736622 
9 175 8 10 0.07352729 
40 132 8 10 0.07344996 
759 207 7 9 0.07337122 
922 262 9 11 0.07334672 
304 317 13 17 0.073272064 
1011 473 12 19 0.0732624 
922 283 8 12 0.07325347 
166 255 8 10 0.073237225 
1005 554 12 15 0.073063314 
870 270 8 11 0.072895326 
847 267 9 11 0.07265312 
49 207 8 10 0.072650604 
745 221 9 11 0.07240864 
912 153 7 9 0.07213418 
656 253 7 10 0.0720714 
706 332 12 15 0.07198054 
158 268 9 12 0.07187657 
210 145 7 9 0.07177513 
88 185 9 10 0.07168359 
936 168 8 10 0.07167992 
952 270 10 12 0.07155538 
823 291 10 12 0.07136441 
558 243 9 12 0.07116741 
814 145 8 10 0.07102311 
905 287 9 11 0.07098351 
747 265 8 11 0.070820875 
688 185 7 10 0.07058287 
256 237 9 10 0.07043315 
260 443 15 18 0.070344485 
893 320 9 12 0.07020639 
822 223 8 10 0.070153214 
78 230 7 10 0.06996973 
897 306 10 14 0.06988925 
634 270 8 10 0.06988149 
373 465 15 22 0.069328845 
870 359 8 12 0.069215745 
686 276 8 10 0.06907877 
330 173 8 10 0.06903619 
863 182 8 11 0.06887767 
271 188 8 10 0.068721436 
565 297 12 15 0.06868791 
741 434 16 21 0.068602666 
993 309 10 12 0.06859313 
761 214 8 9 0.068336785 
750 238 8 10 0.06830237 
263 293 8 11 0.06830012 
815 246 8 11 0.06829486 
880 208 7 9 0.06811478 
246 183 8 10 0.0675919 
924 376 9 12 0.067562975 
218 207 7 9 0.06735635 
605 199 8 10 0.0673273 
66 212 8 11 0.06725297 
892 527 12 14 0.067182705 
607 216 7 9 0.0670256 
825 265 9 10 0.06690442 
2 588 13 18 0.06687745 
918 272 9 11 0.066853575 
822 328 10 13 0.06675741 
752 191 8 10 0.06671066 
785 144 7 9 0.06661679 
727 180 7 10 0.06655242 
696 201 7 9 0.06643976 
789 207 8 10 0.06619834 
1000 339 10 13 0.06594881 
978 215 8 9 0.06571051 
895 223 9 10 0.06564727 
917 200 9 10 0.06557817 
139 276 9 12 0.06537449 
360 157 8 10 0.06531281 
273 207 7 10 0.0652505 
343 293 9 11 0.06514427 
207 236 9 10 0.06511965 
623 269 8 10 0.065111876 
808 184 9 11 0.06498322 
224 230 8 10 0.06494934 
666 190 8 9 0.06463866 
887 167 7 8 0.06458803 
223 192 8 9 0.06453614 
151 221 8 10 0.06429332 
173 294 9 12 0.064206734 
206 260 9 12 0.064135425 
752 229 8 10 0.06404653 
94 254 8 10 0.063955314 
855 349 11 14 0.06391914 
593 254 8 10 0.063903406 
739 355 14 17 0.06385349 
192 245 9 11 0.06379175 
191 232 7 9 0.06370982 
1013 240 8 11 0.063557304 
710 273 9 10 0.063499 
670 315 12 16 0.06349624 
783 213 8 10 0.063457094 
701 346 12 14 0.063431635 
766 254 10 13 0.06340821 
569 200 8 10 0.063330494 
277 183 7 9 0.06331516 
822 213 8 10 0.06320011 
224 199 6 8 0.06315476 
973 379 13 14 0.0631362 
773 199 9 11 0.063122585 
862 248 9 10 0.06311846 
690 416 16 18 0.062954046 
333 291 10 12 0.06277957 
184 223 8 10 0.06268788 
929 168 7 9 0.06259623 
599 166 7 9 0.06257029 
846 198 7 9 0.062530026 
143 215 8 11 0.0624689 
208 248 8 10 0.06233191 
688 225 8 10 0.062309336 
627 299 12 15 0.062177863 
953 275 10 13 0.062173788 
720 211 10 12 0.062143795 
689 240 7 9 0.06203211 
720 284 9 11 0.062004432 
919 350 11 14 0.061940264 
161 184 8 11 0.06193178 
361 272 9 12 0.061872292 
56 233 8 10 0.0617956 
290 394 18 21 0.06179239 
177 151 7 9 0.061782897 
910 293 8 11 0.06175362 
705 196 8 10 0.061645877 
821 287 9 12 0.06161947 
848 143 8 11 0.06153921 
784 208 8 10 0.06148258 
760 174 7 10 0.061361734 
776 166 9 11 0.061337695 
194 279 10 12 0.06119714 
831 232 8 10 0.061178382 
992 283 9 13 0.061144456 
78 143 9 11 0.060898833 
136 245 8 11 0.060893137 
625 174 6 9 0.060697183 
990 334 10 14 0.060614478 
944 587 11 12 0.060587443 
305 199 8 10 0.060427804 
419 320 16 18 0.060383722 
582 257 8 10 0.0603682 
25 619 11 14 0.060329415 
363 544 15 20 0.060328946 
760 245 9 11 0.060276125 
286 153 7 9 0.06025622 
333 254 9 11 0.06017148 
273 176 8 9 0.060125034 
990 278 9 11 0.06008308 
991 304 9 11 0.059936367 
334 263 8 11 0.059928194 
124 341 11 14 0.059601504 
217 192 7 9 0.05960035 
719 173 8 11 0.059549928 
615 268 8 11 0.059508096 
1001 267 9 11 0.059477378 
54 207 8 9 0.05939658 
748 362 17 19 0.059249934 
695 212 8 11 0.05915421 
635 231 7 9 0.05913672 
912 412 12 16 0.059101146 
607 281 10 11 0.059098475 
695 224 8 9 0.05907104 
68 317 9 11 0.059025537 
783 224 9 11 0.05900609 
607 182 7 9 0.058963735 
369 241 8 9 0.058906663 
214 294 8 11 0.058898885 
168 192 8 10 0.058812983 
270 293 10 12 0.058804747 
136 133 7 10 0.05877226 
957 232 8 10 0.058728117 
284 193 9 10 0.058616802 
277 260 9 11 0.05852532 
272 248 9 11 0.05845746 
697 303 8 11 0.05833958 
729 143 7 9 0.058159485 
975 260 8 10 0.058141336 
617 209 8 10 0.058088664 
892 502 11 16 0.05806409 
696 230 7 9 0.057880122 
395 412 11 13 0.05787335 
263 278 9 12 0.057843253 
366 214 9 11 0.05775248 
38 222 8 10 0.05768972 
890 571 14 16 0.057674758 
865 498 15 17 0.0576681 
217 198 7 9 0.05765531 
337 276 9 12 0.05761259 
952 152 8 9 0.05760128 
273 167 7 10 0.057594027 
98 208 8 11 0.05755845 
697 167 7 9 0.057553228 
889 322 10 13 0.057486348 
209 150 8 9 0.057445627 
183 260 9 11 0.05739163 
175 281 11 15 0.05735359 
841 191 8 10 0.057315186 
1013 213 8 12 0.057211634 
740 363 15 18 0.05712567 
144 183 8 9 0.057121303 
14 175 7 10 0.057070535 
161 200 8 10 0.05703009 
654 205 8 10 0.05694515 
138 255 8 9 0.056905907 
885 230 9 11 0.056589957 
1 523 13 18 0.056488816 
111 168 8 10 0.05645995 
679 224 7 9 0.05644979 
647 269 9 11 0.056321766 
318 268 8 11 0.056183577 
118 263 9 11 0.056146383 
384 177 7 9 0.05603231 
576 199 8 10 0.055807587 
282 153 7 9 0.055800702 
31 179 8 11 0.055761635 
558 212 8 10 0.05569826 
921 294 9 12 0.055666298 
192 217 8 9 0.055650968 
819 337 14 15 0.055624697 
886 364 10 14 0.055580776 
257 208 7 9 0.055438183 
183 207 8 9 0.055391803 
551 355 12 14 0.05532195 
314 174 7 9 0.05530497 
762 158 7 9 0.055287298 
479 539 26 30 0.055220697 
569 237 8 10 0.055188917 
872 197 9 10 0.055151414 
126 200 8 10 0.05497216 
686 291 10 13 0.054873608 
679 166 9 10 0.05479453 
136 159 7 10 0.054780528 
957 151 8 9 0.054753166 
698 261 9 11 0.05455511 
191 222 8 10 0.05454933 
166 206 8 10 0.054533135 
579 268 9 13 0.054444492 
329 160 8 9 0.05434266 
735 246 9 12 0.054332405 
984 252 10 12 0.054262437 
214 145 7 9 0.0542564 
153 160 8 9 0.054179676 
728 284 10 11 0.054087717 
381 314 13 15 0.054066524 
822 158 8 11 0.05380783 
576 221 9 11 0.05376699 
918 177 8 9 0.053743087 
175 207 8 10 0.053695545 
768 316 10 14 0.053418912 
737 323 11 16 0.053309638 
870 212 8 10 0.053308386 
40 207 8 9 0.053163953 
167 223 9 10 0.053098205 
113 265 8 10 0.053056564 
973 389 11 14 0.05298482 
185 191 7 10 0.052983377 
115 249 7 9 0.052976787 
117 275 8 11 0.052944798 
958 245 9 11 0.052816562 
873 159 8 9 0.05276783 
887 181 8 10 0.05275289 
114 253 8 10 0.05269483 
62 248 9 12 0.052610155 
343 326 11 13 0.052603457 
71 208 9 12 0.05257369 
265 185 7 9 0.0525403 
921 300 9 12 0.052533124 
917 245 8 10 0.05246383 
893 214 9 11 0.05244579 
812 302 11 14 0.05241549 
897 165 8 10 0.05240304 
440 614 17 21 0.05236133 
369 586 14 18 0.052359413 
202 330 13 16 0.052305568 
702 208 8 10 0.05225044 
766 260 10 11 0.052216664 
999 358 10 14 0.052091435 
273 285 9 11 0.052000087 
691 589 12 15 0.051979847 
830 206 7 9 0.05188634 
829 181 8 11 0.051850986 
230 151 7 9 0.05168918 
374 440 15 19 0.051654305 
161 160 7 9 0.051643807 
136 223 8 10 0.05161833 
9 200 8 11 0.0516114 
758 315 11 14 0.051597085 
926 223 8 10 0.051580496 
805 316 11 14 0.05147929 
952 304 10 11 0.051465068 
917 238 9 11 0.05145694 
568 191 7 10 0.051417746 
510 617 15 18 0.05139147 
962 223 8 10 0.05119762 
230 199 7 9 0.051197574 
102 285 8 10 0.051194478 
222 224 8 10 0.050907284 
305 185 7 9 0.05066974 
677 207 9 10 0.050668832 
782 166 8 11 0.05059575 
125 531 12 16 0.0505613 
920 317 8 11 0.050541144 
570 214 9 11 0.05047098 
842 197 8 10 0.05045739 
592 183 7 9 0.05045344 
624 208 7 10 0.0504488 
977 341 11 15 0.05041083 
317 503 16 20 0.050300192 
199 175 8 9 0.050213497 
294 247 9 11 0.05020995 
313 151 8 9 0.05014409 
813 184 9 10 0.050126377 
760 239 9 11 0.050091356 
151 216 9 11 0.050043773 
711 224 8 10 0.05003664 
668 321 14 17 0.049805783 
838 215 8 11 0.049785066 
935 252 9 12 0.04973998 
159 285 9 11 0.049732234 
943 207 8 10 0.049650434 
144 236 9 11 0.04963001 
738 254 8 10 0.04958647 
705 286 9 11 0.04940493 
912 158 8 9 0.049366806 
545 175 8 11 0.049345262 
978 223 7 10 0.04932561 
254 291 10 12 0.04929384 
838 318 12 14 0.049226128 
247 150 9 9 0.049196173 
790 310 9 13 0.049186245 
34 217 8 10 0.04913607 
651 277 9 12 0.04911833 
111 159 8 10 0.049092773 
165 183 9 11 0.049058065 
342 438 15 19 0.04904225 
801 197 9 11 0.04900449 
159 279 8 10 0.04886179 
301 143 8 10 0.048773378 
324 567 14 17 0.0487139 
296 129 7 8 0.04864911 
312 160 7 9 0.048627157 
369 379 15 18 0.048526775 
114 434 14 16 0.04844183 
919 206 9 11 0.048398543 
175 221 9 11 0.048241522 
225 150 8 9 0.04814785 
117 119 8 9 0.048134454 
974 304 9 11 0.04809089 
581 222 9 11 0.04805032 
518 321 14 17 0.048010007 
929 152 7 9 0.04800289 
33 222 8 10 0.047997657 
377 253 9 12 0.047984526 
1008 211 10 13 0.04787261 
672 209 8 9 0.047811184 
263 160 7 8 0.047713976 
144 222 9 10 0.047678307 
912 373 9 12 0.047636714 
356 332 12 16 0.047630742 
831 262 8 10 0.04760209 
766 333 11 14 0.047510106 
258 192 7 10 0.04750685 
951 206 8 10 0.047470357 
821 359 13 17 0.047337003 
706 185 7 9 0.047298767 
769 205 7 10 0.04727404 
902 197 9 11 0.047261897 
107 143 10 11 0.047253214 
333 247 8 11 0.04716073 
136 333 9 11 0.04710204 
671 248 8 10 0.04709953 
70 238 9 10 0.047090605 
91 269 8 10 0.04703338 
550 175 7 10 0.046993695 
312 265 8 10 0.046946544 
360 227 9 11 0.046869557 
159 190 8 10 0.046846997 
224 145 8 9 0.04682199 
336 226 8 10 0.04669143 
927 257 9 11 0.046622977 
673 233 8 9 0.04660919 
841 323 13 15 0.046544965 
360 217 9 11 0.046305165 
278 214 8 10 0.04630046 
22 225 8 9 0.046290148 
17 223 8 9 0.046243936 
600 176 8 9 0.04617575 
737 159 7 9 0.046144016 
102 279 8 10 0.046071265 
879 197 8 10 0.04604559 
323 314 12 15 0.045956023 
863 159 7 9 0.045837052 
897 161 8 9 0.04582243 
896 237 9 12 0.04576613 
831 288 10 12 0.045759663 
248 292 10 12 0.045689084 
807 136 7 8 0.045680955 
215 248 7 9 0.045671485 
879 159 6 9 0.045567743 
967 227 8 11 0.045556016 
714 206 7 10 0.045518428 
637 314 15 18 0.04545302 
753 206 7 9 0.04540558 
690 245 7 10 0.04537607 
167 198 10 11 0.045374356 
233 263 9 11 0.045289956 
345 135 8 9 0.04527482 
96 136 8 9 0.045266923 
374 269 10 12 0.04522362 
201 263 9 11 0.045159552 
317 216 8 11 0.045094352 
277 280 10 12 0.045019772 
966 578 12 16 0.044952948 
834 475 16 19 0.044949714 
855 262 9 11 0.044948 
840 184 8 9 0.044705197 
737 173 8 10 0.044653118 
766 159 7 9 0.044647753 
913 233 8 9 0.044633318 
806 198 8 10 0.04463221 
329 239 8 9 0.044616736 
38 176 8 10 0.04460487 
873 402 12 14 0.044568695 
126 247 9 11 0.04456565 
624 191 7 9 0.044476636 
381 253 10 11 0.044472653 
960 205 8 9 0.0444608 
128 173 7 10 0.044458326 
928 340 11 13 0.044424206 
864 176 8 10 0.044415317 
720 272 8 10 0.044408742 
815 200 8 9 0.044408318 
777 223 9 11 0.044385355 
751 248 9 10 0.044373654 
130 511 16 20 0.044360872 
713 260 9 11 0.044342324 
665 253 7 10 0.044255525 
688 167 7 9 0.044133976 
395 310 13 15 0.044100087 
229 182 9 10 0.04409415 
864 198 8 10 0.044086263 
248 159 8 9 0.044069283 
336 143 7 10 0.04406535 
761 153 7 9 0.04402614 
360 152 8 10 0.043997705 
808 223 9 10 0.04397523 
824 199 8 9 0.043962825 
248 168 7 9 0.043925077 
841 160 8 9 0.043888558 
902 160 8 10 0.043787252 
785 149 7 8 0.043741982 
623 238 8 9 0.043683372 
198 246 8 9 0.043541163 
366 152 8 10 0.043512676 
829 617 14 19 0.043472547 
323 489 14 18 0.04342421 
77 198 8 10 0.043319233 
697 174 8 9 0.043313075 
991 596 32 73 0.043279927 
622 288 11 13 0.043199744 
493 634 14 16 0.043169152 
248 198 7 10 0.043104883 
600 182 8 9 0.04306636 
808 330 11 15 0.043058522 
655 223 8 9 0.04305114 
993 372 10 13 0.043012045 
278 208 8 10 0.042961568 
590 214 7 9 0.04285802 
318 232 8 9 0.04282335 
612 612 15 19 0.04268682 
96 128 8 9 0.04266405 
983 209 8 9 0.042593595 
352 165 8 10 0.042582456 
139 500 20 26 0.042576216 
94 262 8 11 0.042543627 
185 256 8 10 0.042492285 
917 598 13 16 0.04248698 
969 380 11 12 0.042414073 
1014 182 8 11 0.042413704 
328 207 8 10 0.042406008 
295 182 8 10 0.042377084 
631 253 7 10 0.042323954 
577 191 8 10 0.042314984 
61 492 16 20 0.042278923 
47 213 10 12 0.042144623 
286 224 8 10 0.04213443 
680 200 7 9 0.042111095 
622 337 14 20 0.04209467 
360 137 6 8 0.042045854 
799 507 12 16 0.0420165 
170 296 8 11 0.042000335 
113 198 8 11 0.04186389 
836 587 10 13 0.041829687 
892 356 11 14 0.04175252 
695 160 7 9 0.04173422 
318 151 7 9 0.041664988 
849 240 8 10 0.041607745 
983 230 8 10 0.041456815 
253 303 9 12 0.04142076 
81 127 7 10 0.041414067 
298 190 8 10 0.041408625 
592 190 7 9 0.04136143 
517 238 9 13 0.041352324 
902 165 8 11 0.041345797 
22 263 9 10 0.04134544 
86 119 7 9 0.04131693 
779 386 13 17 0.041311372 
765 245 9 11 0.041211464 
186 199 7 9 0.04117212 
654 231 8 10 0.041160658 
225 175 8 10 0.04112659 
237 294 11 12 0.041122165 
998 279 12 14 0.04110137 
592 247 8 11 0.041090596 
600 192 8 10 0.04108237 
181 180 9 11 0.04107355 
97 299 9 12 0.041057467 
590 208 8 9 0.04104949 
253 541 13 16 0.04104391 
843 255 10 12 0.041036982 
1007 265 9 11 0.041010495 
22 229 10 10 0.040988434 
313 278 8 11 0.040868856 
128 238 8 11 0.040849123 
703 238 8 10 0.04081031 
302 190 8 9 0.040798105 
319 264 8 11 0.040791463 
1014 219 9 12 0.040777326 
74 272 8 9 0.040750332 
767 166 8 10 0.040747564 
375 247 8 11 0.04072625 
606 206 7 9 0.040635098 
125 255 8 9 0.040633038 
78 278 7 9 0.040604636 
331 230 7 10 0.040561236 
608 177 8 9 0.04055082 
749 319 13 15 0.040389184 
335 160 7 9 0.040291715 
641 191 7 9 0.0402338 
895 284 8 11 0.040202767 
831 298 10 13 0.040187407 
718 342 11 15 0.040155977 
846 562 15 21 0.04015319 
916 398 11 13 0.040121645 
696 350 11 14 0.040093176 
361 247 8 10 0.040051743 
726 213 9 10 0.040047754 
319 302 10 12 0.04001747 
927 208 9 11 0.040006556 
925 554 16 21 0.04000507 
767 153 6 8 0.03996746 
958 160 8 9 0.039965566 
220 272 9 11 0.039920732 
850 287 11 13 0.039852455 
704 295 18 24 0.039721876 
976 175 8 11 0.039709136 
281 224 7 9 0.03961721 
445 515 13 15 0.039571382 
663 240 7 9 0.039504297 
633 223 7 10 0.039447967 
360 207 7 9 0.03941942 
293 270 9 11 0.03936968 
703 167 7 8 0.039366525 
254 224 7 10 0.039339025 
752 177 7 9 0.039304297 
609 269 9 11 0.03917641 
552 403 22 29 0.039159775 
334 198 7 9 0.03914013 
16 261 8 9 0.039122276 
910 312 10 12 0.03907684 
334 166 8 10 0.03907675 
928 311 8 11 0.039005574 
776 230 9 10 0.038991235 
792 200 7 10 0.038990952 
766 216 8 9 0.038973372 
655 215 7 10 0.03895798 
812 544 14 19 0.03890152 
829 311 11 13 0.038878046 
718 247 8 10 0.038844757 
798 597 13 15 0.03880423 
32 167 7 9 0.03879442 
940 328 9 12 0.03879017 
33 240 8 10 0.038777567 
917 541 10 13 0.03869852 
143 126 8 10 0.038606893 
119 182 7 10 0.038604133 
329 224 8 9 0.03854058 
690 159 6 9 0.038534872 
920 364 10 12 0.038452312 
928 238 8 9 0.038391255 
333 191 8 10 0.038386535 
920 390 9 11 0.038377605 
615 232 9 10 0.03833927 
729 294 9 13 0.038273428 
181 286 8 11 0.03824092 
759 182 7 10 0.038200684 
278 167 8 10 0.03817736 
630 169 8 10 0.038168125 
726 256 8 11 0.038135838 
646 288 9 11 0.038029075 
982 294 9 12 0.0379831 
666 220 8 10 0.03796992 
753 389 23 26 0.03791785 
632 200 7 9 0.037877966 
704 232 7 9 0.037872907 
317 174 8 10 0.037829008 
298 307 10 15 0.03780357 
919 312 8 11 0.03774947 
215 260 10 12 0.037737582 
518 307 23 30 0.037631217 
214 150 7 9 0.03762702 
662 300 11 13 0.03758892 
855 367 11 13 0.03756587 
977 230 8 9 0.037545603 
208 582 13 15 0.037538435 
664 206 8 9 0.03753829 
905 206 8 10 0.03753413 
857 159 7 9 0.037457086 
200 168 8 9 0.03743468 
536 320 18 21 0.037420597 
350 270 8 10 0.037398327 
334 206 8 10 0.0373966 
115 466 16 20 0.037351932 
680 245 8 10 0.03734895 
134 166 8 10 0.0372988 
984 198 8 10 0.03728248 
294 208 8 10 0.03722398 
721 311 20 25 0.03720824 
262 199 8 10 0.0371909 
330 191 7 10 0.037183072 
961 216 8 9 0.03715757 
723 444 12 16 0.037142 
992 366 10 13 0.03708486 
38 198 8 10 0.03707405 
742 299 10 12 0.03705843 
95 239 8 11 0.037049618 
375 260 11 14 0.037020244 
913 555 11 15 0.03700908 
986 182 8 10 0.036994908 
846 289 17 22 0.036987744 
625 345 14 20 0.036869038 
935 152 7 10 0.03685778 
271 271 9 12 0.036835764 
248 284 11 14 0.03677737 
946 192 8 10 0.036771942 
117 127 8 10 0.036732245 
576 183 6 8 0.03671519 
695 184 7 10 0.03671376 
883 175 8 10 0.03667009 
230 362 15 20 0.036636163 
223 214 8 9 0.03662762 
553 255 9 12 0.036562983 
560 255 9 11 0.036558438 
728 199 7 10 0.036555715 
233 295 8 10 0.03655187 
295 176 8 9 0.036535747 
79 236 8 11 0.036503293 
79 134 8 10 0.036490645 
319 587 14 15 0.03647062 
176 168 8 9 0.036429755 
242 184 7 9 0.03637464 
256 135 8 9 0.03632868 
200 183 7 10 0.03628928 
927 174 8 10 0.036287196 
631 276 10 12 0.036257386 
293 263 9 11 0.03624433 
719 200 8 9 0.03621256 
990 182 8 10 0.03619359 
838 287 9 10 0.03614486 
713 174 8 11 0.036137465 
932 263 10 12 0.036101047 
710 327 10 13 0.03609165 
178 621 11 14 0.03607899 
168 249 9 10 0.035957046 
200 214 7 9 0.035907008 
350 263 8 11 0.035823993 
856 355 12 14 0.03581453 
709 284 10 12 0.03581372 
12 530 12 17 0.03579869 
579 373 17 20 0.035747733 
247 174 8 9 0.035747353 
233 252 9 11 0.035746075 
350 243 8 11 0.035725124 
633 265 7 9 0.035545673 
865 151 6 9 0.035543155 
902 293 10 12 0.035521798 
141 333 8 10 0.035506893 
737 446 22 27 0.035476133 
807 244 10 12 0.035464883 
684 319 10 13 0.035393924 
193 307 9 13 0.035329286 
174 158 8 10 0.03531216 
941 315 9 12 0.035251107 
790 317 10 12 0.035231017 
175 247 9 11 0.03518989 
808 286 10 12 0.035189256 
181 151 9 10 0.0351011 
814 224 9 10 0.035080142 
863 438 14 17 0.035070043 
774 238 8 11 0.03505109 
256 159 8 9 0.035030816 
854 343 10 12 0.03499749 
748 337 13 15 0.034996953 
948 481 15 20 0.03499526 
885 238 9 11 0.034968607 
90 214 8 11 0.034919113 
204 275 11 12 0.034903195 
887 199 7 9 0.034902424 
113 114 7 8 0.034897614 
167 165 8 11 0.034866557 
247 206 7 10 0.03486203 
167 215 8 10 0.034853738 
975 181 8 10 0.03476628 
313 285 11 13 0.034740046 
959 175 9 10 0.034730103 
613 239 9 10 0.034722768 
272 223 7 9 0.034708016 
190 291 11 14 0.034627188 
902 238 9 10 0.03459278 
478 429 23 26 0.03459101 
1011 369 11 16 0.03457355 
625 253 9 10 0.034544047 
654 182 8 11 0.034532443 
936 603 28 32 0.03452901 
232 158 8 9 0.034434393 
41 470 24 26 0.03440656 
607 233 8 10 0.034406073 
265 176 7 9 0.03440414 
647 231 7 9 0.03439833 
181 504 16 19 0.034350086 
666 184 7 10 0.034294043 
781 310 9 13 0.03426886 
161 152 7 9 0.034230016 
335 120 7 9 0.0342285 
831 379 11 14 0.03417479 
25 158 8 11 0.03417084 
206 200 8 10 0.03404727 
845 191 8 10 0.033983972 
777 214 8 10 0.033965904 
823 151 8 10 0.03395596 
262 206 8 9 0.033947248 
340 362 13 16 0.033924818 
832 236 9 12 0.033909112 
728 136 8 9 0.03390441 
168 152 7 9 0.03389314 
127 222 8 11 0.03389309 
864 255 8 11 0.033850648 
903 321 17 22 0.03381802 
831 153 8 9 0.033786997 
603 467 22 25 0.033749443 
195 589 11 13 0.033731353 
1000 550 12 16 0.033725504 
585 209 8 10 0.033709843 
226 182 8 10 0.033700865 
230 175 8 10 0.033677686 
334 308 10 13 0.033655692 
639 200 7 9 0.033588406 
937 229 8 11 0.033553194 
390 285 11 15 0.03354366 
193 159 8 9 0.033517204 
927 277 9 12 0.033515286 
472 331 12 17 0.033498533 
786 324 18 22 0.0334928 
975 199 8 10 0.033462103 
234 300 9 13 0.033449657 
818 370 12 16 0.033449225 
809 144 8 9 0.033419766 
951 175 8 9 0.03340205 
879 224 9 11 0.033391412 
263 589 13 14 0.033389665 
690 212 9 11 0.033387613 
665 248 8 10 0.033357028 
897 367 17 23 0.03326757 
5 166 9 11 0.033226084 
677 340 13 17 0.033190463 
350 174 8 10 0.03318577 
887 247 9 11 0.033166554 
847 279 9 10 0.033115074 
1008 506 14 21 0.0331018 
397 637 15 18 0.033094563 
672 164 9 11 0.033089485 
896 367 10 13 0.033086102 
638 225 8 9 0.033060815 
625 199 8 9 0.03303169 
22 246 9 9 0.032947175 
760 135 8 9 0.032817367 
737 458 17 21 0.03277282 
288 292 8 11 0.03276336 
847 151 8 10 0.03269245 
330 181 8 10 0.0326421 
1008 221 9 11 0.032544587 
849 205 8 11 0.03253358 
200 300 11 14 0.03251088 
238 285 11 13 0.03250131 
767 324 10 13 0.0324843 
789 384 15 18 0.03245725 
77 247 8 11 0.032425523 
253 270 11 13 0.032343093 
829 199 8 10 0.032326844 
342 287 9 11 0.032309562 
796 399 16 20 0.032261662 
845 166 8 10 0.03224007 
92 184 9 10 0.032239046 
102 256 8 10 0.032163102 
992 598 12 16 0.032161 
915 419 12 15 0.032053925 
222 302 8 10 0.032047715 
369 260 9 13 0.032032583 
273 214 8 10 0.032024186 
985 190 9 11 0.03201991 
762 552 24 28 0.032006927 
221 284 10 12 0.03195406 
193 175 8 10 0.031953514 
822 254 8 10 0.031914465 
766 296 10 12 0.031901307 
142 248 9 10 0.031901117 
662 200 8 9 0.0318995 
911 368 9 12 0.031891484 
262 485 12 16 0.0318902 
17 247 8 9 0.031885583 
676 304 9 11 0.03176567 
688 256 8 10 0.031763174 
534 191 8 10 0.031721015 
373 175 9 10 0.03170666 
81 120 7 9 0.03167383 
747 373 22 25 0.03167063 
728 225 9 10 0.031659514 
822 247 8 11 0.03165387 
968 206 8 9 0.031646557 
800 246 8 11 0.03163676 
303 149 8 10 0.031630058 
933 336 12 15 0.031603426 
631 204 8 10 0.031532876 
383 279 9 12 0.031501926 
30 134 8 9 0.031497568 
111 190 7 10 0.031482246 
171 426 16 19 0.031482212 
250 342 14 17 0.03144651 
277 384 15 20 0.03143449 
112 134 8 10 0.03142205 
810 158 9 11 0.03133137 
10 523 13 17 0.031312797 
674 262 8 11 0.031242767 
293 252 9 12 0.0311759 
588 424 16 17 0.031141888 
216 284 10 12 0.03113378 
220 161 9 10 0.031132517 
858 182 8 10 0.031116161 
798 327 10 12 0.031113269 
839 278 9 11 0.031088414 
1000 214 9 11 0.031048618 
782 342 13 16 0.030972622 
911 215 8 10 0.030920297 
705 162 7 8 0.03090713 
278 268 10 12 0.03088628 
722 312 9 13 0.030872913 
297 147 8 11 0.03080197 
953 168 8 8 0.030800682 
823 229 9 11 0.030718919 
18 206 8 9 0.030672627 
776 350 12 16 0.030639358 
830 362 12 15 0.030612195 
328 214 8 10 0.030600758 
306 212 8 10 0.03059627 
351 129 7 9 0.030577192 
368 296 11 17 0.03057108 
757 323 10 12 0.03056445 
942 213 8 10 0.030546123 
127 231 8 11 0.030459395 
72 247 9 12 0.0303976 
592 177 7 8 0.0303615 
389 313 13 15 0.030332258 
970 304 9 12 0.030314608 
822 265 18 22 0.030223388 
744 182 8 10 0.030214671 
8 148 8 11 0.030142967 
926 198 8 10 0.03011834 
528 482 14 17 0.030039987 
711 214 9 10 0.030006388 
159 579 12 14 0.029968113 
721 360 14 18 0.029943705 
507 581 11 14 0.029934704 
104 199 7 10 0.029934522 
229 230 9 10 0.029923309 
801 310 10 15 0.02990856 
790 253 8 11 0.02989957 
839 238 8 11 0.029873146 
342 314 12 15 0.029866945 
934 240 8 9 0.02983125 
856 200 9 10 0.029809618 
865 601 12 15 0.029798621 
735 213 8 10 0.029755363 
788 356 12 15 0.029717524 
742 279 10 11 0.029690854 
896 151 8 9 0.02962531 
916 343 11 13 0.029605696 
1013 317 10 15 0.029605534 
281 497 23 29 0.029601207 
29 159 8 10 0.029553918 
166 174 9 11 0.029526114 
1006 189 8 11 0.029525964 
982 263 7 9 0.029511217 
289 128 7 9 0.029498076 
599 221 8 10 0.029460384 
920 223 8 10 0.02944754 
412 581 12 14 0.029437425 
790 150 8 9 0.02942325 
843 482 16 19 0.02934476 
464 581 14 18 0.029342785 
977 168 7 10 0.02933723 
257 199 7 9 0.02931306 
892 511 13 17 0.029312015 
881 183 8 10 0.029299377 
943 268 9 11 0.029298205 
578 168 7 9 0.02928237 
603 238 8 11 0.0292557 
650 248 8 10 0.029195223 
857 176 7 9 0.029173052 
980 380 10 12 0.029172553 
736 337 12 16 0.029145118 
912 223 7 9 0.02911283 
599 231 8 10 0.029101666 
109 148 8 11 0.029094622 
381 333 18 23 0.028995058 
772 312 18 23 0.028994024 
831 352 11 14 0.028967382 
119 587 16 20 0.028908322 
97 110 7 9 0.028895931 
997 248 9 11 0.028852915 
295 291 10 13 0.028803963 
54 213 8 11 0.0287502 
102 136 9 10 0.02872847 
886 192 7 9 0.028722856 
710 353 14 17 0.02870705 
606 153 8 9 0.028697068 
650 201 7 9 0.028683772 
391 290 13 17 0.028674839 
16 280 8 12 0.028671037 
840 269 9 11 0.028667882 
404 274 11 13 0.02866694 
683 342 12 15 0.028654076 
86 127 8 9 0.028643848 
747 258 19 23 0.028598798 
323 324 12 15 0.028535081 
397 380 12 17 0.02852012 
192 183 8 11 0.028501362 
271 641 12 15 0.028496683 
649 183 8 10 0.028486967 
247 301 11 14 0.028441409 
719 294 10 13 0.028439196 
344 159 7 9 0.028423006 
629 607 27 29 0.028410131 
866 231 10 12 0.028359167 
630 173 8 10 0.028336667 
39 230 9 10 0.028275752 
670 331 13 16 0.028268753 
947 582 14 16 0.02826452 
215 216 7 9 0.028246563 
1008 238 9 11 0.028223915 
14 168 8 10 0.028221969 
138 345 21 28 0.0281895 
147 278 10 12 0.028163098 
384 282 11 15 0.028150901 
77 192 9 10 0.028137706 
88 230 8 11 0.028132524 
865 236 9 12 0.028109271 
615 169 8 9 0.028087713 
141 261 9 11 0.028029077 
839 395 12 16 0.028004728 
619 643 10 13 0.027966104 
444 400 17 21 0.027959976 
936 363 9 12 0.027942806 
660 329 16 17 0.027915515 
0 172 8 12 0.027865708 
704 222 7 10 0.027863208 
119 158 8 11 0.027841408 
999 222 8 11 0.027841002 
677 329 13 16 0.027815165 
870 175 8 10 0.027813423 
895 253 10 12 0.027806975 
901 467 11 15 0.027787082 
245 246 9 11 0.027752412 
240 342 14 18 0.027747292 
743 206 8 10 0.027744576 
600 248 8 10 0.0277379 
817 174 9 10 0.027719857 
973 256 9 11 0.027695438 
823 144 8 9 0.027685262 
877 286 10 12 0.027670708 
841 152 8 9 0.027624939 
118 176 9 11 0.027593674 
568 221 9 10 0.027590385 
37 142 10 12 0.027583126 
239 166 8 10 0.027571779 
870 304 11 13 0.027565265 
167 398 12 16 0.02755916 
980 348 11 14 0.027558658 
29 281 9 11 0.02755649 
551 588 12 15 0.02752417 
120 151 8 9 0.027514635 
650 239 8 10 0.027447289 
6 223 8 11 0.027437255 
968 217 7 8 0.027435781 
902 248 10 11 0.027425058 
353 207 7 9 0.02741473 
781 360 13 16 0.027395746 
671 304 17 22 0.027364615 
703 174 8 10 0.027337193 
319 394 13 19 0.027334522 
873 142 7 9 0.02732012 
289 135 7 9 0.027230702 
560 258 17 23 0.02721147 
737 200 8 10 0.027205996 
152 248 8 10 0.027201623 
648 224 7 9 0.02718991 
741 294 9 12 0.027169133 
882 166 7 10 0.027148196 
182 169 8 9 0.027103957 
397 175 8 10 0.027101949 
719 231 8 10 0.027084757 
877 304 10 12 0.027080733 
866 390 12 14 0.027076548 
566 248 8 10 0.02704463 
736 225 8 10 0.027043 
67 433 16 19 0.027030483 
151 249 18 23 0.027012495 
174 252 9 10 0.02699864 
8 205 7 11 0.026990723 
647 254 7 9 0.026982054 
90 251 9 12 0.0268664 
0 207 7 11 0.026833061 
707 452 11 16 0.026822 
206 175 9 10 0.026819117 
600 161 7 10 0.026810097 
63 260 7 10 0.026799446 
32 640 13 16 0.026797788 
18 539 14 18 0.026786031 
1006 308 11 14 0.026701678 
986 547 13 19 0.026697796 
170 267 18 23 0.026687743 
719 240 7 9 0.02667672 
230 145 7 8 0.026655093 
323 595 17 21 0.026637085 
968 393 10 14 0.026582506 
863 165 8 9 0.026577523 
1001 175 7 10 0.026545184 
688 200 8 9 0.026534004 
582 231 8 10 0.026529323 
120 192 8 9 0.026520193 
1005 681 21 42 0.026511764 
332 175 9 10 0.02650276 
757 332 12 15 0.026498936 
791 159 8 10 0.026491452 
88 239 9 10 0.026448937 
256 248 8 10 0.026441185 
64 278 7 10 0.026413782 
87 528 11 13 0.026404623 
613 245 9 10 0.026402244 
935 190 8 9 0.026361894 
180 464 15 16 0.026351338 
883 370 18 22 0.026347194 
198 158 8 9 0.026324216 
105 191 7 9 0.026294427 
670 174 8 10 0.026231596 
912 534 12 15 0.02619197 
799 223 9 11 0.0261679 
241 144 8 9 0.026108705 
616 174 7 9 0.026107643 
396 284 14 18 0.026095722 
889 161 6 9 0.026086561 
108 448 21 26 0.026071617 
792 183 8 10 0.026067825 
927 182 7 9 0.02605991 
368 178 9 12 0.02604227 
996 591 26 37 0.026017599 
920 257 8 10 0.025970029 
800 538 27 34 0.025962463 
2 280 8 11 0.025954934 
78 441 22 26 0.0259527 
76 260 9 11 0.025941594 
854 404 13 17 0.025930785 
786 348 13 15 0.025899269 
770 372 14 17 0.025880586 
916 491 15 18 0.025870578 
576 176 7 9 0.025864903 
136 201 9 10 0.025859138 
206 167 8 10 0.025853232 
982 356 11 14 0.025798354 
23 283 10 12 0.025785571 
973 504 13 18 0.025764635 
625 248 7 9 0.02575656 
957 304 8 11 0.025745964 
577 242 9 12 0.025688767 
992 224 7 10 0.025675971 
207 183 8 10 0.025662273 
931 246 9 11 0.025648877 
118 133 8 10 0.025609275 
800 144 8 9 0.025598243 
5 240 8 10 0.025580518 
951 199 7 10 0.025575228 
801 298 11 14 0.025541613 
920 167 7 9 0.02554001 
867 494 22 28 0.025503753 
638 215 8 10 0.025497366 
240 136 8 9 0.025483508 
766 379 15 19 0.025444303 
422 394 16 19 0.025421394 
1011 555 11 16 0.025407996 
856 254 9 11 0.025384238 
727 299 9 12 0.02533051 
391 300 11 14 0.025317539 
106 159 8 10 0.02528955 
127 118 8 9 0.025276665 
983 284 10 13 0.025264071 
290 402 22 27 0.02521545 
318 168 8 10 0.025202226 
273 248 18 23 0.02519467 
247 237 9 11 0.025189202 
854 143 8 10 0.025155134 
43 255 9 10 0.025139265 
804 370 14 16 0.025138615 
15 199 8 10 0.02512277 
783 303 8 11 0.025057347 
150 198 9 11 0.025049698 
582 168 7 8 0.025046272 
1003 559 16 19 0.025020123 
134 400 14 17 0.024956847 
810 552 27 30 0.024951423 
783 569 15 20 0.024917709 
752 276 10 12 0.024917187 
601 216 8 10 0.02490144 
619 571 14 17 0.02484888 
192 167 8 10 0.024831116 
318 292 10 12 0.024830427 
797 590 11 15 0.024777226 
606 191 7 9 0.024736168 
1006 230 8 10 0.024735805 
655 263 8 10 0.024722282 
129 113 7 9 0.024672959 
86 207 9 10 0.024647638 
167 143 8 10 0.024641288 
158 596 10 13 0.024615709 
107 119 6 9 0.024615217 
904 174 7 10 0.02460494 
830 582 13 16 0.024584793 
984 175 8 10 0.024564505 
870 226 18 23 0.024524854 
637 355 13 17 0.02451185 
967 248 7 10 0.024489883 
622 212 7 10 0.024482314 
16 257 8 9 0.02446913 
736 153 7 9 0.024448201 
63 272 7 10 0.024429316 
242 191 7 9 0.024336832 
126 336 10 12 0.024279136 
578 277 11 15 0.024261756 
158 248 8 10 0.024261171 
504 294 10 13 0.02425907 
140 273 19 23 0.024258552 
830 488 13 17 0.024246883 
231 407 23 25 0.024244426 
850 331 11 14 0.024235751 
16 216 7 9 0.024203645 
968 182 8 10 0.024182055 
353 159 8 10 0.024179567 
239 222 8 10 0.024161367 
804 379 15 17 0.02413109 
585 540 24 30 0.024121486 
996 291 13 15 0.024114374 
147 595 14 15 0.024110034 
6 127 8 11 0.024102407 
765 581 12 14 0.024056206 
296 167 7 8 0.024053004 
792 550 11 15 0.02401986 
178 270 11 13 0.023998903 
982 468 16 19 0.023998464 
718 300 10 13 0.023988195 
455 545 13 16 0.023971673 
744 152 7 9 0.023959681 
443 362 13 14 0.023946237 
254 249 18 23 0.023931146 
950 215 8 9 0.023920404 
286 229 9 11 0.0238779 
885 202 19 24 0.023870245 
814 270 9 11 0.02385985 
153 206 7 9 0.023850866 
91 602 14 19 0.02383536 
184 143 8 9 0.023828082 
660 284 10 11 0.023793086 
721 179 9 11 0.023791036 
366 191 9 10 0.023772962 
953 158 9 10 0.02375809 
924 427 14 17 0.023753066 
656 190 7 9 0.023724014 
233 266 18 23 0.023696972 
1012 331 11 14 0.02367839 
637 205 9 10 0.023665134 
836 450 13 16 0.023663335 
366 229 9 12 0.02366055 
840 220 8 11 0.023598993 
686 301 9 11 0.023585822 
743 158 7 9 0.023584664 
1012 200 10 13 0.023573453 
509 588 11 14 0.023563113 
489 306 17 20 0.023548974 
174 306 11 13 0.023471486 
150 183 8 11 0.023443693 
814 327 12 14 0.023430286 
183 292 9 12 0.023422986 
600 271 9 12 0.023410808 
793 481 22 28 0.023403706 
968 326 10 12 0.023386035 
735 143 7 9 0.023359124 
903 250 17 22 0.02334305 
957 457 15 16 0.023335155 
230 191 7 9 0.023295937 
913 191 8 9 0.023268266 
262 269 11 14 0.023257852 
735 368 14 18 0.023224602 
271 144 7 10 0.023218473 
936 223 9 10 0.023201615 
639 236 8 10 0.023192678 
651 175 7 9 0.023165418 
591 230 7 10 0.02314514 
14 149 8 10 0.023102807 
688 153 8 9 0.02310154 
510 462 11 14 0.023077646 
319 159 7 9 0.023076473 
421 612 13 17 0.023072109 
198 293 11 13 0.023052517 
918 592 11 14 0.023035362 
968 192 7 9 0.02302722 
989 357 11 15 0.023020731 
835 368 19 23 0.022972142 
802 253 9 12 0.02296718 
990 249 18 22 0.02296492 
889 294 10 13 0.022916447 
560 224 8 11 0.022906482 
935 157 7 10 0.022905746 
980 388 9 13 0.022899296 
696 189 8 10 0.022888362 
711 161 7 8 0.022885723 
228 397 22 26 0.022853766 
1006 277 10 12 0.022818072 
850 481 17 20 0.022789042 
545 541 27 30 0.02269251 
744 144 8 9 0.022671163 
591 538 14 18 0.022614356 
311 245 9 11 0.022610983 
705 248 7 9 0.022610066 
207 190 8 9 0.022584468 
296 224 18 24 0.022575537 
85 557 16 18 0.022558615 
960 580 11 15 0.022545412 
568 232 8 11 0.022503503 
836 311 11 13 0.022480492 
777 144 8 10 0.022476139 
928 326 10 12 0.02246184 
176 265 9 11 0.022452429 
133 339 12 15 0.022437943 
753 310 10 13 0.022429653 
819 488 14 18 0.022426397 
579 266 19 23 0.022424005 
304 295 9 11 0.022419019 
678 293 9 11 0.022416994 
776 292 9 12 0.022400511 
362 252 10 12 0.022378258 
958 190 8 10 0.022373268 
1006 198 19 26 0.022361903 
686 310 11 13 0.022361288 
102 261 9 11 0.022360826 
38 118 8 9 0.022349272 
677 215 8 11 0.022338346 
302 226 9 10 0.022322044 
874 603 12 15 0.022237571 
935 616 14 18 0.022236807 
912 356 10 13 0.022225566 
97 279 9 11 0.02220631 
20 466 14 18 0.02220186 
263 248 8 10 0.022190854 
14 189 9 11 0.022178724 
495 620 22 27 0.022147007 
7 214 8 10 0.022146927 
345 262 9 11 0.02214667 
877 530 14 16 0.022130616 
821 509 18 23 0.022130048 
134 389 11 15 0.022126883 
759 254 9 12 0.022102004 
785 250 10 12 0.022055773 
368 142 7 9 0.022055352 
680 184 8 10 0.022044672 
773 333 11 14 0.022003515 
103 105 8 9 0.022003496 
802 135 8 10 0.021981362 
632 332 18 23 0.021954004 
844 391 11 14 0.021916106 
584 175 7 9 0.021907147 
800 149 7 10 0.02187273 
846 184 8 10 0.021844316 
143 150 8 10 0.02181362 
965 167 8 10 0.021788245 
912 479 19 23 0.021775872 
654 272 8 10 0.021751057 
345 128 8 9 0.021741752 
849 216 19 24 0.021740254 
965 602 11 15 0.021739818 
419 322 23 30 0.021727035 
989 600 23 34 0.021721466 
182 484 17 21 0.021712707 
922 143 7 9 0.021710819 
664 272 8 10 0.021698592 
428 330 13 17 0.021693755 
781 527 11 14 0.021670105 
888 143 8 11 0.021665959 
109 441 17 20 0.021664891 
1005 586 15 19 0.02163117 
199 233 8 9 0.02162945 
719 616 16 20 0.021624003 
246 539 24 30 0.021623055 
942 624 18 22 0.021620536 
302 247 9 10 0.021577654 
375 316 12 15 0.021572214 
946 239 9 11 0.021553822 
895 537 11 15 0.021553125 
153 270 9 11 0.021543493 
512 325 11 14 0.021539088 
87 112 8 9 0.021523615 
336 136 7 8 0.021512153 
344 440 24 28 0.021504274 
305 160 8 9 0.021494841 
15 127 7 10 0.021480316 
865 323 10 14 0.021448057 
607 564 24 30 0.02143884 
356 293 12 15 0.021425152 
959 603 13 16 0.021421079 
803 411 14 16 0.021410778 
796 330 10 14 0.021405876 
937 182 8 11 0.021376617 
702 560 22 27 0.021369455 
96 368 10 11 0.021348663 
797 546 14 18 0.021339087 
368 129 7 8 0.021315362 
73 135 7 9 0.021299673 
335 150 8 9 0.021291127 
607 279 20 26 0.021281619 
790 225 9 11 0.021277647 
588 275 10 14 0.021245437 
592 589 23 27 0.02124236 
33 143 9 11 0.021176869 
168 284 9 13 0.02116297 
742 312 10 12 0.021158041 
126 277 9 12 0.021144103 
628 286 12 15 0.021130925 
86 199 10 12 0.021125192 
589 286 11 14 0.021097634 
975 278 10 12 0.02109029 
56 136 8 10 0.02107444 
516 321 22 30 0.021069404 
284 473 24 28 0.021040656 
597 250 18 23 0.021038923 
330 121 7 9 0.021036576 
968 176 8 10 0.021032484 
248 224 18 23 0.021008564 
452 586 12 16 0.021007583 
880 212 10 11 0.0210005 
840 143 8 9 0.02097423 
313 145 8 10 0.020953106 
189 261 9 10 0.020936884 
0 224 8 12 0.020927895 
995 415 13 16 0.020917257 
858 563 14 19 0.020911623 
179 276 9 13 0.020909699 
78 207 9 12 0.020909242 
844 576 14 18 0.020907223 
888 284 10 11 0.020889599 
214 229 8 10 0.02086371 
725 233 19 24 0.020860126 
304 252 9 12 0.020852394 
785 263 10 12 0.02084707 
718 223 9 11 0.020842025 
916 547 12 17 0.0208402 
895 261 9 12 0.020838568 
768 184 7 9 0.020820858 
145 120 7 9 0.020820217 
510 241 14 16 0.020807577 
105 272 8 10 0.020764023 
238 159 9 10 0.02076309 
801 386 14 17 0.020762334 
702 326 11 13 0.020758795 
163 401 21 26 0.0207485 
46 128 8 9 0.020718126 
665 233 7 9 0.020708129 
23 239 8 11 0.020707687 
343 256 9 11 0.020694919 
606 220 8 10 0.020689758 
54 222 9 10 0.020673389 
941 280 9 11 0.020661725 
670 421 12 15 0.020637123 
977 239 18 23 0.020629866 
87 505 13 18 0.020622313 
356 304 11 15 0.020618115 
428 611 12 16 0.020603405 
316 572 24 27 0.020595798 
802 205 9 10 0.020595104 
992 324 9 12 0.020581882 
267 545 16 20 0.020574272 
862 379 12 15 0.020535707 
292 451 15 21 0.02052507 
574 298 13 15 0.020514859 
790 302 9 12 0.020508077 
1013 561 11 16 0.020499276 
798 184 20 26 0.020472763 
64 311 10 13 0.020463994 
289 119 7 9 0.020456722 
344 216 8 10 0.020456579 
110 266 17 22 0.02045618 
707 366 21 25 0.020454906 
228 371 21 29 0.020425726 
696 269 9 11 0.020424785 
647 189 8 9 0.020407528 
683 347 13 19 0.020385837 
162 303 9 11 0.020385526 
119 525 13 17 0.020385474 
835 256 9 11 0.020381173 
942 246 9 12 0.020367969 
6 280 9 12 0.020355208 
328 143 8 10 0.020353805 
855 381 10 12 0.02034727 
579 377 23 28 0.020343693 
296 302 10 13 0.020338656 
16 241 8 9 0.020324897 
942 292 8 12 0.020273974 
214 299 10 12 0.020262007 
880 391 9 12 0.020235576 
62 160 7 9 0.020215724 
899 301 10 13 0.020214183 
212 266 19 23 0.020188596 
977 294 9 11 0.02018223 
240 200 8 9 0.020135881 
678 161 7 9 0.020132635 
995 305 19 23 0.020111773 
853 278 10 12 0.020109883 
919 151 8 9 0.020109108 
18 228 8 11 0.020048035 
305 297 19 23 0.020031556 
352 215 9 11 0.020005802 
