0_Parade_marchingband_1_488
143
445 267 22 31 0.9785986 
41 267 20 26 0.97782284 
270 332 14 17 0.9314451 
323 314 14 19 0.8090411 
610 323 13 19 0.6829157 
895 391 9 12 0.49489594 
684 330 11 15 0.3638006 
86 114 13 17 0.33354044 
763 372 12 15 0.2536377 
910 383 9 12 0.251667 
698 383 14 16 0.22445214 
854 364 9 12 0.21263748 
678 327 12 17 0.2094606 
760 367 10 13 0.17328404 
938 376 8 10 0.1725362 
973 390 7 11 0.16858637 
728 360 9 12 0.16280667 
59 120 14 16 0.15231012 
605 319 14 19 0.13628836 
79 267 22 27 0.13180497 
912 386 10 13 0.12836881 
906 383 8 11 0.10411379 
372 344 10 13 0.103634484 
860 213 11 13 0.09763601 
645 350 10 14 0.093189366 
784 395 12 13 0.08291054 
850 365 10 13 0.08203911 
919 421 13 18 0.076111294 
948 407 11 12 0.073339075 
725 338 13 16 0.06880132 
95 70 11 13 0.060976632 
939 380 11 14 0.060786847 
985 406 8 10 0.058007862 
215 124 8 10 0.056822896 
809 383 8 10 0.05513578 
851 357 10 14 0.054742306 
872 405 10 12 0.053466294 
617 322 14 20 0.052232295 
968 406 9 11 0.051845487 
673 329 13 18 0.051205933 
601 320 12 14 0.050486 
600 327 13 18 0.04917651 
900 388 10 13 0.047412485 
689 330 13 17 0.046053056 
81 115 12 17 0.04584033 
823 402 13 16 0.044788823 
848 370 10 12 0.04316321 
915 383 13 14 0.041664902 
889 396 10 13 0.04091308 
940 385 13 16 0.040850833 
870 378 12 15 0.04045066 
853 369 10 12 0.040132485 
737 326 10 12 0.038694564 
856 207 10 12 0.038527764 
760 122 12 14 0.03774396 
512 352 10 11 0.036988467 
758 387 12 14 0.036947325 
721 364 9 13 0.03608695 
985 401 9 11 0.035755 
93 367 10 12 0.034353722 
844 396 9 12 0.03385136 
66 120 14 15 0.033832833 
984 414 9 12 0.03330833 
430 275 12 18 0.032896888 
448 195 9 11 0.032272756 
253 290 16 20 0.032074038 
736 388 10 11 0.031830616 
805 398 9 12 0.031807832 
392 302 11 13 0.0316164 
758 373 19 23 0.031095536 
741 384 9 11 0.031043135 
849 200 8 9 0.03101772 
649 1 87 112 0.030624311 
1 243 11 16 0.0303001 
865 380 11 14 0.029952211 
725 369 12 15 0.02971074 
1002 210 21 36 0.029691288 
721 358 8 11 0.029140946 
503 312 11 14 0.028917762 
77 102 10 14 0.028715003 
646 349 22 28 0.028084042 
104 296 15 20 0.028051605 
860 365 8 11 0.027956003 
752 347 10 13 0.027788162 
399 318 22 31 0.02770566 
941 397 12 13 0.02766203 
605 333 15 20 0.027450405 
845 391 8 12 0.027329111 
949 364 9 11 0.027250016 
1013 309 9 15 0.027216142 
307 347 42 44 0.026511246 
756 328 215 191 0.026456617 
75 229 21 28 0.026429892 
398 298 12 14 0.025907382 
983 435 9 12 0.025890937 
807 388 10 11 0.0257226 
764 387 12 13 0.025180835 
899 396 11 13 0.024996445 
122 60 13 18 0.02497279 
944 368 8 9 0.024911584 
969 395 9 12 0.024908489 
837 423 9 11 0.02483534 
639 343 11 15 0.024804076 
836 221 11 13 0.024502685 
907 378 17 22 0.024501355 
753 366 10 14 0.02442746 
463 308 11 13 0.024242792 
326 340 14 16 0.023960644 
757 347 10 12 0.023946315 
734 333 10 13 0.023808172 
86 263 13 16 0.023568839 
911 414 10 12 0.023481987 
425 277 12 18 0.023392057 
730 362 12 14 0.023344595 
876 376 11 12 0.023332583 
989 420 9 11 0.023244979 
639 352 13 17 0.023108957 
54 124 24 27 0.023070212 
837 429 9 12 0.023040527 
591 330 11 16 0.022803962 
685 389 10 13 0.022559045 
854 206 20 24 0.022077996 
849 212 10 12 0.021937009 
890 364 8 11 0.02173163 
428 339 31 32 0.021553926 
969 411 9 11 0.021549841 
59 112 21 25 0.021332325 
494 333 13 16 0.021318333 
688 302 10 12 0.021231838 
863 396 9 12 0.02114744 
68 108 13 17 0.021005033 
855 200 8 10 0.020981215 
720 238 9 10 0.020747414 
766 395 10 12 0.02073969 
772 373 10 13 0.02070806 
71 103 10 13 0.020693744 
757 395 11 13 0.020525765 
677 333 15 21 0.020480977 
329 319 15 19 0.020418346 
833 223 8 11 0.020327033 
657 325 24 30 0.020205874 
742 330 10 13 0.02007806 
719 348 11 14 0.020026814 
