0_Parade_Parade_0_72
129
132 333 32 43 0.96845144 
665 347 25 36 0.96805465 
459 389 24 28 0.9296344 
774 344 14 19 0.85484755 
206 365 22 26 0.8042902 
413 382 15 20 0.77238244 
625 344 18 21 0.7561402 
347 466 25 31 0.75066566 
256 384 18 22 0.73847413 
627 368 20 27 0.7168456 
496 339 17 20 0.6770353 
736 366 22 26 0.65984964 
546 378 18 23 0.5962724 
790 266 17 19 0.30766279 
86 294 37 39 0.29431003 
2 475 18 21 0.2814243 
567 593 47 46 0.2733992 
349 376 15 18 0.23757485 
56 526 9 12 0.19803289 
23 543 12 15 0.18521036 
66 558 22 25 0.15369911 
541 372 15 24 0.15216868 
73 533 10 11 0.1256542 
347 498 13 15 0.09371732 
159 446 11 13 0.08721439 
136 460 11 15 0.0860394 
451 401 26 32 0.08170991 
539 381 26 35 0.06852597 
347 366 12 14 0.06732424 
580 356 14 18 0.06449337 
642 562 25 33 0.06381918 
550 351 11 13 0.063560784 
578 362 14 19 0.060343113 
343 370 13 17 0.057514455 
159 515 8 11 0.05483082 
81 516 9 11 0.054227483 
572 376 16 22 0.050571192 
556 376 21 27 0.050140876 
699 351 18 26 0.048713923 
168 479 9 11 0.048014555 
23 516 10 13 0.04769401 
454 370 15 21 0.047643337 
778 447 10 13 0.045714673 
541 364 14 19 0.04450867 
104 477 10 13 0.043183126 
565 343 11 13 0.042618785 
831 340 9 12 0.041941587 
632 352 18 21 0.040984347 
790 329 15 19 0.040538087 
619 399 13 17 0.039710946 
808 407 7 10 0.03928892 
543 356 11 15 0.038902577 
154 512 8 11 0.0388476 
684 355 23 29 0.037608705 
583 351 12 14 0.03658633 
204 375 24 28 0.03602614 
85 511 9 11 0.035931174 
344 494 12 15 0.035353784 
567 382 23 31 0.03511813 
805 379 10 14 0.034199215 
669 361 29 37 0.03405695 
205 359 16 20 0.033993866 
245 394 14 17 0.033807065 
342 465 41 49 0.03224946 
61 550 10 13 0.03223721 
453 374 23 32 0.03206033 
94 499 9 12 0.032048464 
167 512 7 10 0.031919673 
532 403 33 36 0.031887375 
186 447 13 16 0.030481564 
738 378 18 23 0.03026746 
602 628 18 22 0.029134879 
268 381 11 17 0.02880739 
766 374 11 14 0.028086755 
139 413 11 14 0.028014269 
83 563 14 17 0.027487405 
784 268 12 15 0.027355304 
12 469 13 17 0.026972702 
559 602 35 43 0.026943052 
777 349 15 19 0.026813362 
185 431 10 13 0.026506593 
104 310 18 22 0.026299285 
800 373 11 14 0.026116349 
494 326 23 26 0.025891816 
173 469 9 13 0.025807576 
356 364 12 15 0.025658341 
558 348 13 15 0.02541442 
666 342 16 21 0.025359333 
76 528 10 12 0.025285605 
784 237 9 11 0.025239984 
200 509 9 11 0.025040895 
126 492 10 12 0.025038844 
590 614 32 36 0.024982398 
592 609 18 20 0.024905242 
96 477 9 11 0.02489301 
554 386 41 49 0.024877226 
31 510 10 13 0.024778182 
390 485 11 14 0.024777988 
69 443 12 14 0.02476485 
80 493 10 14 0.024479244 
108 483 9 12 0.024320142 
341 361 22 25 0.024217224 
56 549 10 13 0.024159739 
343 477 24 30 0.024009971 
64 558 12 15 0.023919323 
540 410 40 42 0.02352033 
22 521 13 16 0.023245454 
347 460 19 21 0.023082612 
411 442 24 36 0.022953019 
88 499 10 13 0.022743654 
622 362 16 22 0.02221912 
532 404 13 20 0.022186907 
111 508 10 11 0.02197787 
803 266 13 17 0.021877114 
247 388 24 27 0.021845618 
3 486 17 22 0.021774385 
1012 364 10 14 0.02141556 
448 419 13 17 0.02138473 
335 365 12 16 0.02113196 
219 387 16 20 0.021041196 
157 412 15 20 0.02099259 
108 369 13 17 0.020973831 
799 461 10 12 0.020846281 
-1 538 21 30 0.020754838 
247 381 13 17 0.020570265 
320 533 10 13 0.020416595 
458 363 17 20 0.020154914 
61 519 9 13 0.02003104 
166 482 10 13 0.02001821 
