0_Parade_marchingband_1_629
258
109 373 12 16 0.9782536 
326 358 9 11 0.94728196 
610 371 12 16 0.9304037 
53 334 10 13 0.92507136 
956 395 16 21 0.91668975 
235 364 11 16 0.9036915 
463 359 9 12 0.88698554 
508 366 13 17 0.83601934 
577 322 11 13 0.81319404 
562 370 12 15 0.80943054 
636 327 9 11 0.80789095 
429 321 8 11 0.799374 
34 377 12 16 0.775653 
394 363 9 12 0.7035328 
294 353 8 10 0.65481895 
496 331 11 12 0.64659923 
426 362 10 14 0.57856756 
862 388 12 16 0.5718424 
793 351 10 14 0.5278942 
287 387 9 11 0.49693108 
2 348 9 13 0.49207106 
361 361 9 11 0.4914235 
141 359 9 12 0.47429112 
405 325 9 11 0.46886283 
270 387 9 13 0.4470678 
747 373 14 18 0.4010476 
795 410 15 19 0.388 
537 335 9 12 0.3771825 
413 339 15 19 0.3524025 
861 352 11 16 0.22939865 
714 335 8 10 0.20225553 
567 345 15 17 0.17148483 
636 356 14 17 0.16435222 
722 351 9 12 0.15723135 
509 392 10 13 0.15697563 
648 373 12 16 0.15659107 
718 386 16 20 0.14726394 
562 327 8 10 0.14006005 
567 397 10 12 0.13314718 
331 359 8 11 0.13116863 
505 395 10 12 0.12644304 
253 408 8 10 0.12402244 
477 341 12 14 0.12037346 
535 325 8 11 0.11943587 
801 403 17 21 0.11482767 
138 363 9 11 0.110344835 
741 335 7 9 0.11022969 
789 405 15 21 0.10905976 
791 373 10 16 0.107866935 
587 364 10 14 0.10529106 
630 447 10 12 0.10397368 
486 353 14 16 0.10366898 
421 333 12 15 0.101477064 
293 389 8 12 0.099199995 
582 339 11 14 0.09664516 
281 382 9 12 0.092844985 
304 398 9 9 0.0895456 
530 324 9 12 0.08380725 
469 404 8 11 0.08284887 
814 350 23 33 0.08270255 
406 330 13 19 0.08173195 
728 345 8 10 0.079651564 
271 392 10 13 0.07756423 
440 400 8 9 0.07599541 
824 343 9 13 0.07414894 
929 417 24 27 0.07206378 
775 340 8 10 0.07200581 
481 335 9 12 0.07135681 
710 396 13 17 0.069211476 
345 435 10 12 0.06850046 
867 382 14 20 0.06799955 
207 341 8 10 0.06691789 
127 367 7 9 0.065916315 
571 351 16 19 0.065566465 
128 374 7 9 0.06494507 
280 387 10 13 0.06455024 
78 396 9 10 0.06287738 
795 342 40 50 0.061459225 
336 399 8 9 0.059459787 
309 408 10 12 0.0593891 
319 397 8 10 0.058756936 
343 397 8 9 0.058011536 
839 745 16 18 0.055262957 
152 368 7 9 0.054766465 
565 332 10 13 0.054430135 
753 378 11 14 0.054360233 
329 380 9 12 0.05421439 
546 415 8 10 0.053229906 
312 367 8 10 0.053229753 
226 384 8 10 0.052927546 
69 383 7 9 0.052712187 
466 383 8 10 0.04960318 
311 398 8 10 0.049560834 
736 341 9 10 0.049517192 
734 350 8 12 0.049377725 
333 363 8 11 0.04916339 
968 394 16 19 0.048815317 
481 408 8 10 0.0487383 
493 339 13 16 0.048651163 
480 356 11 14 0.048468705 
642 363 14 18 0.04824992 
483 413 8 10 0.047994822 
594 414 9 11 0.04756491 
292 382 8 14 0.045874055 
433 383 8 11 0.04413916 
488 460 13 14 0.043217562 
578 344 14 18 0.0429232 
587 340 10 13 0.04259529 
429 340 9 13 0.04257908 
779 403 22 28 0.04152641 
429 407 8 10 0.041513376 
428 332 10 13 0.04123064 
295 396 9 11 0.040473085 
438 357 9 13 0.040414467 
290 355 10 12 0.04014118 
713 339 10 12 0.038580805 
102 389 8 11 0.03825924 
856 379 13 18 0.038252734 
162 399 7 9 0.03804429 
696 311 9 12 0.03785526 
398 371 8 10 0.037642192 
360 372 9 12 0.037439235 
418 345 12 17 0.037325226 
821 347 15 20 0.037271317 
812 340 43 52 0.036974788 
461 354 17 23 0.03674146 
431 348 10 14 0.03619641 
575 331 12 15 0.036182698 
706 383 24 27 0.036028802 
842 393 15 17 0.035950247 
485 408 9 11 0.03584364 
238 422 9 12 0.035795726 
266 384 9 12 0.03565715 
597 407 8 11 0.03503672 
366 400 8 9 0.0343947 
826 354 13 19 0.03429152 
323 353 17 21 0.03427077 
302 393 9 11 0.034188986 
792 354 22 32 0.03406937 
239 417 9 10 0.033805992 
501 348 10 14 0.03343546 
326 428 8 11 0.03328431 
286 406 9 11 0.03288504 
73 397 8 12 0.032696478 
86 410 10 12 0.032658443 
515 390 11 13 0.0324108 
549 350 10 14 0.032368284 
716 399 14 17 0.031824317 
246 390 7 11 0.03172449 
485 342 11 13 0.03148803 
294 372 9 12 0.030944448 
695 391 24 27 0.03085865 
423 383 7 10 0.030560121 
121 399 7 9 0.030260114 
320 375 8 10 0.030038506 
424 406 9 11 0.030022645 
73 390 8 11 0.029838575 
570 355 20 26 0.029830309 
295 366 9 11 0.029806849 
409 451 11 13 0.029727705 
313 360 8 11 0.029500166 
512 342 9 13 0.029473541 
566 415 9 11 0.029406901 
853 345 19 28 0.029395858 
873 523 34 34 0.0293395 
542 348 13 17 0.029134654 
791 346 18 24 0.029107265 
159 368 8 10 0.028997708 
153 372 7 10 0.02884486 
392 383 10 12 0.028750572 
846 409 12 16 0.028582163 
486 334 9 12 0.02858135 
191 415 9 10 0.028444696 
789 366 20 28 0.028244602 
312 372 8 11 0.027824009 
478 349 21 26 0.027658014 
467 362 10 13 0.02759059 
414 326 10 14 0.027480623 
474 343 10 14 0.027470969 
693 387 15 17 0.027252855 
562 396 11 14 0.027228756 
121 360 9 11 0.027113441 
741 340 9 11 0.026920548 
637 367 15 18 0.026908115 
151 406 8 10 0.026553364 
319 363 9 12 0.026373211 
581 358 19 25 0.026300322 
501 316 12 15 0.026289511 
286 375 10 13 0.026268324 
228 388 9 11 0.025811762 
671 400 9 11 0.025459278 
359 381 7 10 0.02530771 
167 368 7 9 0.02490395 
561 391 10 11 0.024687104 
183 282 13 17 0.02467996 
852 411 13 15 0.024627997 
566 402 9 12 0.024563167 
735 356 9 11 0.024526533 
365 373 9 10 0.024286976 
873 386 12 17 0.024063945 
407 406 8 9 0.024001244 
744 368 12 15 0.023843382 
45 423 8 10 0.023744186 
795 397 18 23 0.023714399 
806 340 9 13 0.023511708 
736 372 12 15 0.023477754 
833 337 41 53 0.023294453 
50 330 17 21 0.023279028 
573 390 10 13 0.023249075 
494 326 17 22 0.023134012 
541 321 8 10 0.02308973 
800 414 17 19 0.023085445 
391 405 9 10 0.022958064 
769 405 23 30 0.022932518 
0 316 8 12 0.022903176 
143 354 8 10 0.022790171 
160 383 8 11 0.0227856 
320 381 8 11 0.022679958 
107 370 8 11 0.02266367 
651 366 14 18 0.022596056 
479 391 8 10 0.022404095 
282 382 19 24 0.02236583 
437 351 9 12 0.02231822 
738 329 7 10 0.022294395 
49 338 12 13 0.022143336 
333 376 8 10 0.022105679 
369 436 22 28 0.022002561 
630 359 17 19 0.021997195 
534 366 13 16 0.021981465 
637 371 22 27 0.021964485 
698 378 17 18 0.021834508 
517 342 9 13 0.021586072 
830 343 25 34 0.021579241 
319 405 9 12 0.021472935 
836 352 15 19 0.021312833 
564 376 12 14 0.02127448 
561 415 10 11 0.02119461 
761 303 7 9 0.021177758 
152 401 7 9 0.02115993 
792 345 10 13 0.021129068 
770 342 8 10 0.021075021 
837 396 22 29 0.0209991 
550 341 10 14 0.020967804 
115 378 10 13 0.020934679 
636 388 14 17 0.020933287 
696 335 8 10 0.020813884 
494 315 12 15 0.020764569 
853 373 14 18 0.0205649 
553 430 10 13 0.020535018 
742 327 8 11 0.02048167 
444 363 11 14 0.020443687 
545 420 8 10 0.020435262 
562 404 9 11 0.020420339 
367 405 9 10 0.020409234 
713 348 10 13 0.020349003 
167 373 8 11 0.020239575 
144 372 9 10 0.020119244 
135 372 8 10 0.020048337 
