0_Parade_Parade_0_519
66
417 256 115 129 0.9998258 
863 251 93 111 0.99935263 
88 249 31 40 0.99633753 
755 264 29 32 0.983115 
172 266 72 87 0.97926086 
666 309 38 53 0.8458494 
116 266 38 50 0.7562628 
708 269 19 29 0.28483948 
739 313 28 43 0.1653559 
100 257 36 47 0.1592508 
658 253 15 17 0.10216351 
655 258 12 14 0.09012403 
289 282 32 44 0.08705349 
979 227 11 14 0.0773486 
590 281 32 48 0.068967655 
996 253 22 30 0.0689647 
731 275 14 19 0.060501687 
922 342 45 60 0.05742603 
725 269 13 18 0.055414055 
235 278 20 31 0.051260475 
717 270 20 27 0.050338667 
276 300 29 37 0.049494233 
702 272 16 21 0.048776906 
293 285 47 58 0.045831412 
797 235 10 12 0.045644462 
17 638 41 48 0.039627604 
220 382 46 54 0.03864984 
979 235 12 15 0.034197934 
813 277 21 28 0.033634026 
65 740 28 29 0.032018714 
642 299 46 58 0.028553607 
654 265 12 14 0.028502427 
738 276 13 17 0.028258044 
1015 198 8 13 0.028154187 
924 70 10 13 0.028069217 
283 274 30 36 0.027746288 
700 253 24 33 0.02676559 
333 427 40 53 0.026761107 
271 313 14 18 0.026245965 
60 715 28 41 0.026199006 
678 266 15 18 0.02606503 
275 283 91 100 0.025967339 
348 387 48 60 0.025206069 
21 697 30 41 0.024798712 
1003 212 12 15 0.024608474 
337 361 31 38 0.024228454 
594 266 25 39 0.023937536 
930 192 17 19 0.023572644 
14 629 24 32 0.023317391 
9 688 52 66 0.022959264 
604 274 37 53 0.022924025 
623 287 28 37 0.022885442 
154 265 55 68 0.022422891 
733 269 22 28 0.022287253 
742 260 12 17 0.022180319 
956 330 29 37 0.022052662 
136 268 33 47 0.022015246 
326 490 35 51 0.021965032 
204 270 43 46 0.021597259 
257 308 27 37 0.021012506 
923 181 13 15 0.020803971 
695 274 14 17 0.020676257 
646 287 68 94 0.020626277 
919 187 30 34 0.020486405 
614 259 12 17 0.02045394 
814 289 17 22 0.020038646 
