0_Parade_Parade_0_611
70
153 161 30 54 0.99709415 
70 196 26 32 0.9947515 
414 142 37 48 0.9933983 
588 154 37 49 0.99110705 
301 174 40 47 0.9906337 
498 200 23 35 0.9844971 
918 224 13 17 0.95344454 
658 199 14 22 0.7754608 
757 209 13 20 0.60699624 
258 197 24 34 0.42405438 
686 214 11 14 0.4056002 
722 229 11 14 0.39618838 
531 211 15 21 0.35555303 
620 191 15 21 0.33543435 
750 218 14 19 0.18658306 
241 171 15 18 0.17871086 
170 219 17 22 0.13701303 
724 206 12 15 0.11433363 
785 248 9 12 0.11433287 
510 207 25 31 0.109109946 
224 237 24 28 0.07806943 
524 239 17 23 0.067578584 
722 221 13 15 0.06395838 
649 201 19 26 0.054463398 
782 263 8 10 0.053633235 
731 205 13 14 0.04881606 
975 217 8 9 0.048087157 
763 206 12 18 0.046096697 
743 219 15 18 0.045224 
768 270 9 11 0.04396276 
573 193 12 16 0.041688494 
952 235 9 12 0.040521044 
380 301 29 33 0.039690208 
538 212 13 18 0.0378436 
378 136 15 23 0.036622357 
798 238 9 11 0.03633477 
383 98 38 52 0.034715053 
777 264 10 11 0.034334682 
720 208 13 18 0.03422343 
339 305 28 37 0.033811666 
902 231 9 12 0.033161834 
218 155 13 15 0.032772023 
646 209 15 19 0.031897783 
775 269 9 10 0.031285282 
788 247 9 11 0.02911649 
422 382 48 68 0.028885856 
717 226 19 22 0.027798824 
332 176 29 38 0.027657898 
734 218 13 17 0.02710115 
374 134 12 19 0.025305342 
749 205 16 22 0.025139922 
523 218 22 28 0.02507428 
677 221 25 26 0.024814893 
245 201 26 33 0.02425903 
937 224 8 11 0.023873385 
531 267 13 16 0.02386999 
507 197 14 21 0.023572588 
740 203 13 17 0.023225173 
346 170 29 37 0.022838831 
912 214 10 12 0.022427306 
767 285 11 14 0.02216943 
288 168 16 21 0.02201131 
403 116 15 19 0.021747587 
549 213 12 16 0.021553926 
683 210 18 22 0.021281967 
576 177 13 18 0.020886 
532 237 22 33 0.02042567 
830 238 7 11 0.020232351 
235 172 23 28 0.02017636 
528 205 13 18 0.020126278 
