0_Parade_Parade_0_266
517
954 338 26 32 0.99578863 
28 418 14 17 0.96384966 
861 570 24 40 0.72442144 
908 439 22 27 0.69894826 
636 380 91 109 0.57394654 
451 410 17 21 0.55354655 
366 357 21 28 0.54384524 
957 310 10 12 0.3645496 
213 382 9 14 0.36170104 
995 322 18 23 0.3597959 
207 331 11 13 0.333095 
265 436 9 11 0.31999594 
225 316 11 15 0.3146117 
128 331 10 14 0.29197836 
164 332 11 14 0.27082875 
153 316 9 11 0.24504727 
68 443 12 15 0.23463026 
48 335 10 13 0.23259223 
171 416 12 16 0.23061372 
27 449 16 18 0.22701661 
929 296 9 12 0.21128185 
128 406 11 14 0.2073011 
502 311 10 12 0.20636326 
929 426 20 30 0.20362993 
68 330 12 15 0.20064609 
79 428 12 14 0.19611527 
887 320 7 10 0.19511764 
703 354 44 79 0.189919 
6 331 9 12 0.18952475 
815 318 8 9 0.1869297 
126 327 10 13 0.18352129 
148 415 11 14 0.17864388 
111 318 9 11 0.17567548 
25 334 10 12 0.17063425 
873 344 7 9 0.16891333 
912 317 8 10 0.16621858 
217 442 14 16 0.16604823 
356 522 16 18 0.16492556 
762 318 8 11 0.16129154 
921 440 17 24 0.16013308 
810 318 6 9 0.15795352 
792 349 7 10 0.15555535 
831 311 7 9 0.14018074 
934 413 22 38 0.13614534 
125 373 12 15 0.1358154 
225 339 11 13 0.13392127 
91 338 11 14 0.12925667 
871 311 8 10 0.12551938 
5 437 10 14 0.12365791 
95 445 13 16 0.12364886 
71 361 12 14 0.122961976 
6 428 9 13 0.12290846 
864 312 8 9 0.12022402 
199 175 9 11 0.11994605 
133 333 9 12 0.11981179 
933 362 11 13 0.11672628 
894 373 8 11 0.11653682 
142 341 9 12 0.11537596 
159 342 10 12 0.11493359 
175 327 10 13 0.11403282 
192 350 10 12 0.11257555 
93 451 12 14 0.11157385 
0 423 9 14 0.10765395 
999 411 18 35 0.10462245 
340 372 25 29 0.10372699 
229 423 9 11 0.10337183 
864 318 8 9 0.10227305 
119 371 14 15 0.10196593 
933 300 9 11 0.10120101 
95 395 10 12 0.10087376 
188 356 10 12 0.09989749 
225 427 9 11 0.0982767 
398 421 27 26 0.096466884 
938 395 25 40 0.09305195 
520 340 8 11 0.09259576 
911 311 8 11 0.091558725 
525 311 9 11 0.0913126 
1002 337 15 20 0.090671346 
991 307 13 15 0.08911151 
542 308 8 10 0.08845098 
1 325 11 16 0.085871056 
151 341 9 12 0.0854154 
842 319 7 8 0.08311186 
216 459 10 13 0.08283438 
956 333 16 21 0.08274427 
197 342 10 13 0.08148335 
773 357 7 9 0.08085013 
88 411 13 15 0.08020973 
902 329 7 9 0.079974525 
857 313 6 8 0.07979122 
207 452 10 13 0.07925367 
956 327 14 17 0.079053134 
837 366 8 10 0.07895964 
959 305 10 12 0.07825797 
782 310 8 11 0.07791333 
236 456 11 12 0.07640634 
120 334 10 13 0.07595474 
913 303 7 10 0.0758876 
838 359 7 9 0.075313695 
232 460 11 13 0.07476137 
560 325 7 10 0.07383369 
829 328 9 11 0.07305202 
117 339 12 15 0.072742514 
44 419 11 16 0.07263275 
133 374 12 16 0.07221282 
31 310 10 13 0.07214042 
996 304 11 14 0.0713039 
118 437 10 13 0.071118526 
793 343 8 10 0.07043832 
76 434 14 17 0.07038602 
304 334 9 11 0.07033872 
350 364 24 30 0.0701634 
136 341 9 12 0.06899663 
769 358 7 9 0.068312384 
239 439 9 11 0.067886166 
896 311 7 8 0.067794524 
240 389 9 10 0.06774633 
1002 315 20 30 0.06656217 
87 325 9 11 0.066524975 
215 453 11 13 0.06534822 
831 334 8 9 0.06524003 
182 446 11 15 0.06518612 
121 325 9 11 0.0648845 
269 445 10 12 0.064736776 
210 112 189 244 0.06446924 
873 349 7 9 0.06444122 
864 325 8 9 0.06443675 
106 318 9 12 0.063852444 
456 290 11 15 0.063671246 
257 424 8 10 0.061668485 
545 356 13 15 0.061304875 
117 319 9 11 0.06093143 
561 321 8 11 0.060874168 
863 352 7 9 0.06044295 
904 312 7 9 0.060441293 
92 458 13 15 0.060214788 
286 366 7 10 0.059532523 
212 325 11 13 0.05945405 
307 225 13 17 0.059376962 
192 344 10 12 0.05896674 
896 368 8 11 0.058907423 
334 129 26 30 0.05818318 
521 316 9 11 0.056831673 
180 333 9 12 0.056120798 
142 334 9 12 0.05607018 
852 510 12 16 0.055445947 
438 310 12 16 0.05529122 
817 336 7 9 0.05519399 
794 326 8 10 0.05485698 
106 325 9 11 0.054762952 
982 313 11 15 0.05454813 
230 439 10 13 0.05440439 
46 472 10 14 0.054253634 
605 283 13 15 0.054192524 
117 402 12 15 0.05408845 
1008 309 12 15 0.053792313 
251 477 10 13 0.0537738 
904 397 11 14 0.05357992 
468 346 14 17 0.053314723 
896 718 37 49 0.053203925 
214 254 10 13 0.05268526 
888 392 9 10 0.052618004 
29 338 10 13 0.052561324 
238 399 10 13 0.05123911 
228 312 11 14 0.0510311 
902 359 7 9 0.051024195 
553 334 8 11 0.051008176 
143 317 10 11 0.05086494 
34 414 15 18 0.050556883 
72 339 11 13 0.05033648 
245 431 9 11 0.050325684 
878 360 7 9 0.050216865 
924 428 15 23 0.049953546 
35 357 11 15 0.049838062 
88 320 9 11 0.049643572 
52 338 9 14 0.049544934 
499 310 9 11 0.048679065 
12 427 10 13 0.048463095 
950 326 11 14 0.04814499 
798 335 9 11 0.04810115 
538 364 15 16 0.047921073 
141 327 10 11 0.04785266 
159 327 12 14 0.047775168 
117 431 9 11 0.047330834 
153 278 8 11 0.047240444 
863 366 6 9 0.047103584 
878 492 27 34 0.047025003 
919 303 8 9 0.04592877 
963 309 11 14 0.045668535 
457 179 27 34 0.045531653 
849 353 7 9 0.04509648 
52 366 11 14 0.044848025 
937 349 10 14 0.04484586 
376 360 16 22 0.044721816 
221 462 9 11 0.044494256 
445 316 12 15 0.04441473 
778 319 9 11 0.044391606 
526 305 8 10 0.044273853 
14 334 8 12 0.044236574 
429 299 11 15 0.044141974 
234 399 9 12 0.044010684 
257 430 10 12 0.043923333 
937 342 10 12 0.04381985 
250 155 124 143 0.043379903 
176 319 10 11 0.04334252 
945 324 10 12 0.043180004 
125 338 12 15 0.042162795 
335 374 13 16 0.041927915 
76 359 10 13 0.04176658 
511 340 11 12 0.04151748 
4 317 12 14 0.04127322 
207 337 11 14 0.04100157 
882 319 8 9 0.040476725 
149 335 10 12 0.040403377 
913 357 7 9 0.040367708 
887 324 7 11 0.040365044 
870 581 21 26 0.04034069 
917 318 8 10 0.040303018 
877 343 8 10 0.040230833 
830 304 7 9 0.03998129 
879 366 7 9 0.03981981 
589 317 12 14 0.03981934 
265 478 11 13 0.03975499 
447 396 26 31 0.03972748 
538 304 8 10 0.039650694 
245 446 9 12 0.039409254 
100 439 12 15 0.039186534 
561 303 7 9 0.03885311 
903 444 17 22 0.03883909 
902 367 7 10 0.03865899 
93 436 22 29 0.038004488 
41 340 9 12 0.037966672 
463 299 9 11 0.037866097 
74 441 12 16 0.037855748 
845 573 27 37 0.03768468 
104 311 9 11 0.037646875 
0 485 7 13 0.037598092 
222 469 9 12 0.037475504 
826 327 7 9 0.03746832 
120 262 8 11 0.037247855 
246 146 14 15 0.036971334 
127 321 9 11 0.036954824 
777 375 9 10 0.03692114 
525 350 10 11 0.03677411 
898 426 37 47 0.03673297 
274 334 9 11 0.036587168 
157 347 10 12 0.03656297 
846 318 7 9 0.03644269 
264 444 10 12 0.03625431 
527 385 13 16 0.036139145 
856 357 8 10 0.036055874 
870 317 8 10 0.036041357 
667 356 77 107 0.036022633 
765 313 9 10 0.036021963 
889 313 7 9 0.03576001 
128 420 10 14 0.035669293 
24 315 10 13 0.0355801 
144 311 10 12 0.035570364 
254 462 9 12 0.035448764 
63 450 13 15 0.035424493 
270 482 11 14 0.03524155 
848 313 7 9 0.03522097 
858 318 7 8 0.03512256 
865 305 7 9 0.03512254 
861 357 8 10 0.034959864 
157 413 10 14 0.034875862 
50 303 16 19 0.034838334 
918 358 7 9 0.034688372 
898 327 8 10 0.034591597 
0 453 10 18 0.0345114 
1 285 9 13 0.034497723 
33 302 9 12 0.034472775 
244 437 9 12 0.03445304 
110 334 10 12 0.034381162 
268 433 9 11 0.034214128 
91 406 13 16 0.034171987 
809 314 7 9 0.034131885 
470 294 11 15 0.034012824 
188 446 10 13 0.033947345 
674 419 32 44 0.03392799 
873 336 9 11 0.03376481 
898 334 7 8 0.03374611 
130 410 11 15 0.033643648 
104 333 9 12 0.03360615 
552 297 7 9 0.033541843 
202 469 13 16 0.03339702 
798 340 8 11 0.033243228 
503 306 8 10 0.033200018 
778 304 7 9 0.033176154 
113 435 11 15 0.033029392 
871 305 7 9 0.03299184 
278 445 11 12 0.03286682 
722 372 28 56 0.032741673 
553 329 7 9 0.03269902 
832 340 8 10 0.032643996 
923 524 12 13 0.03263057 
538 309 8 10 0.0325973 
930 360 9 12 0.032572214 
835 361 7 9 0.032569878 
888 335 7 9 0.032541014 
799 320 8 9 0.032493662 
847 327 7 10 0.032325976 
461 320 14 20 0.032211505 
881 325 8 10 0.032211475 
204 174 12 13 0.032198604 
894 380 8 11 0.032169048 
216 403 9 12 0.03210488 
935 380 11 15 0.031845238 
944 318 9 13 0.031711824 
123 439 10 12 0.031675123 
134 328 10 13 0.031634796 
212 206 16 20 0.031445235 
94 319 8 10 0.031408176 
47 345 10 15 0.031329945 
141 378 10 14 0.03123184 
240 444 9 11 0.030827122 
12 315 12 14 0.03069709 
774 353 7 9 0.030425508 
888 342 7 10 0.030334929 
508 310 9 12 0.030186214 
542 350 12 13 0.030050587 
411 369 17 20 0.03000668 
809 352 8 9 0.029891655 
878 312 7 9 0.029888418 
5 451 11 17 0.029676866 
502 340 11 14 0.029649483 
991 306 21 26 0.02964192 
913 352 7 10 0.029219558 
43 361 20 26 0.029188152 
843 606 11 16 0.029122978 
827 303 6 9 0.029111857 
176 365 12 15 0.029080477 
256 452 9 11 0.029065836 
188 365 11 13 0.029065812 
898 360 7 9 0.029037647 
928 325 9 12 0.028970622 
204 285 10 12 0.028948067 
896 305 7 9 0.028889636 
341 141 16 20 0.028771618 
600 277 23 29 0.028748775 
510 304 8 9 0.028663341 
264 385 8 11 0.028645491 
982 726 36 44 0.028418807 
182 339 10 13 0.02838612 
78 326 9 12 0.028323973 
933 391 21 29 0.0280838 
454 317 26 33 0.028053094 
36 308 10 14 0.028023452 
158 279 8 11 0.027954202 
777 324 8 10 0.027860258 
386 347 12 16 0.027730418 
497 315 11 15 0.02767345 
136 347 11 12 0.027530808 
585 315 11 15 0.027500274 
794 334 8 11 0.02749947 
186 474 12 16 0.02742872 
920 280 8 10 0.027375072 
237 465 12 15 0.027363311 
150 406 10 13 0.027296878 
991 491 35 59 0.027199391 
477 362 13 17 0.027175106 
934 386 11 17 0.027164191 
947 478 30 40 0.026797011 
724 128 51 68 0.02675967 
281 359 8 11 0.02673303 
246 469 11 14 0.02665775 
134 362 11 15 0.026650429 
110 374 13 15 0.02663983 
525 342 9 11 0.026579816 
439 330 25 32 0.026558887 
538 341 12 14 0.026526928 
0 443 10 17 0.026494157 
495 325 10 13 0.026485022 
897 562 28 39 0.026424015 
277 454 13 15 0.02639252 
991 328 23 31 0.02633467 
826 311 7 10 0.026326882 
159 419 11 15 0.026316427 
358 360 16 21 0.026304131 
47 329 10 12 0.02627164 
943 312 8 10 0.026167152 
954 309 20 24 0.025902102 
216 317 12 15 0.025878003 
458 334 24 31 0.025853598 
941 296 10 11 0.025818314 
550 302 7 9 0.025734164 
842 326 8 10 0.025660906 
371 348 17 21 0.025659781 
777 380 9 11 0.025631916 
246 452 10 12 0.025575621 
209 379 18 24 0.025544742 
784 360 8 9 0.02553946 
7 313 11 12 0.025496518 
246 462 10 14 0.025462782 
143 405 10 12 0.025347982 
435 300 13 17 0.025331497 
88 347 11 13 0.025265079 
921 285 9 11 0.02520195 
157 414 18 25 0.025187187 
894 390 9 11 0.025169704 
149 398 9 12 0.025081549 
824 334 8 10 0.025052797 
245 390 8 10 0.02501209 
89 396 10 12 0.024994383 
119 424 9 11 0.02492921 
477 293 10 13 0.024915636 
65 439 12 14 0.024860272 
565 319 8 10 0.024846671 
180 326 9 13 0.02481107 
326 362 37 46 0.024687285 
831 316 8 10 0.02464138 
422 293 20 26 0.02451939 
167 425 14 17 0.024391377 
144 398 10 12 0.024297284 
934 373 11 15 0.024293382 
202 332 9 13 0.024106143 
602 285 10 13 0.024048867 
191 318 9 12 0.02403641 
512 409 17 19 0.02400668 
890 368 8 10 0.024004798 
793 320 7 10 0.023866469 
100 396 11 14 0.02385173 
201 326 10 13 0.023838945 
109 411 12 14 0.023813767 
891 583 31 37 0.023810504 
926 288 9 10 0.02376967 
105 436 20 26 0.023769343 
491 369 23 29 0.023743587 
35 356 20 27 0.023685379 
116 312 9 11 0.02361953 
245 471 19 25 0.023539959 
933 487 28 39 0.023372805 
77 341 10 13 0.023327323 
888 360 7 9 0.023257064 
910 390 11 13 0.023091253 
52 312 13 16 0.023056354 
7 402 14 17 0.023033187 
273 461 10 13 0.023016559 
895 343 8 10 0.022986943 
474 346 24 29 0.022947948 
83 419 15 18 0.022831637 
124 367 11 13 0.022806164 
45 284 11 12 0.022792885 
89 444 10 14 0.022771854 
110 423 10 11 0.022606555 
126 400 18 24 0.02258459 
285 439 11 12 0.022568963 
496 332 9 13 0.02256828 
127 5 367 447 0.022568028 
216 310 11 13 0.02256533 
757 335 9 11 0.022440698 
84 436 11 14 0.022398144 
271 451 11 13 0.022295585 
976 311 9 12 0.022253739 
157 312 10 13 0.022237385 
929 357 20 24 0.022216005 
231 452 21 24 0.022143051 
460 381 14 16 0.022135908 
37 294 10 12 0.022123354 
878 335 8 10 0.022088906 
382 377 115 121 0.022023661 
126 427 10 12 0.021959988 
5 378 12 14 0.021940405 
231 225 11 14 0.021898838 
39 350 9 13 0.021879558 
466 185 15 20 0.021874204 
258 435 9 12 0.021874135 
261 425 8 10 0.021837203 
101 339 10 14 0.021827405 
566 310 8 10 0.02177652 
692 480 17 20 0.021774765 
454 297 12 14 0.021733714 
309 213 10 14 0.02171209 
219 396 11 13 0.021600237 
547 156 13 15 0.021567173 
987 416 25 34 0.021547835 
104 404 10 15 0.021523504 
12 446 19 26 0.021313842 
198 315 11 13 0.021276152 
230 252 10 14 0.021229312 
110 398 14 17 0.021192638 
231 417 9 10 0.021147763 
815 360 8 9 0.021137664 
565 304 8 10 0.021102415 
767 336 8 10 0.021090068 
185 351 11 13 0.020990614 
157 363 13 15 0.020970281 
521 364 21 26 0.020939963 
222 251 12 16 0.020917978 
213 174 11 13 0.020897783 
879 374 9 11 0.020896798 
262 451 9 11 0.020869011 
103 430 10 13 0.02082908 
496 305 9 11 0.020756513 
464 310 9 11 0.020739991 
470 309 10 12 0.020612009 
93 325 9 12 0.020560084 
989 318 36 55 0.0205444 
544 328 8 9 0.020497743 
1010 337 12 19 0.020494862 
233 467 10 13 0.02049002 
53 426 12 14 0.020460593 
143 412 18 23 0.02042014 
157 358 10 12 0.020378646 
191 286 8 11 0.020306747 
135 319 9 11 0.020251362 
119 449 12 15 0.020247964 
439 213 11 13 0.020241523 
823 319 7 9 0.020238195 
928 389 10 14 0.020236256 
236 155 15 21 0.020148639 
935 335 9 12 0.020121492 
176 449 14 16 0.020081582 
218 116 13 14 0.02007061 
937 354 13 18 0.020043226 
142 363 11 13 0.020041274 
447 339 27 30 0.02001653 
