0_Parade_marchingband_1_410
2080
694 481 32 45 0.996163 
562 465 27 41 0.99410397 
463 486 24 36 0.99293476 
876 449 34 47 0.9920095 
385 477 25 36 0.9901688 
659 220 13 16 0.9899115 
59 459 15 19 0.9866327 
652 397 14 17 0.9828651 
176 259 11 15 0.98009 
219 480 22 30 0.9658875 
16 502 18 24 0.9609064 
236 338 13 17 0.9600608 
412 432 15 21 0.9550062 
828 299 12 16 0.9498909 
782 226 13 15 0.93981004 
86 504 20 26 0.93469995 
267 480 13 18 0.93173325 
837 317 11 14 0.93065256 
398 5 11 15 0.9247338 
276 436 12 16 0.92020327 
267 330 12 15 0.9169988 
469 26 14 15 0.9167434 
86 212 14 17 0.9143409 
916 46 11 14 0.91396046 
468 130 13 15 0.90967274 
249 36 12 15 0.90289325 
939 26 12 15 0.9027475 
568 379 13 16 0.90203047 
156 219 11 15 0.9009025 
40 346 11 14 0.9005785 
940 214 11 14 0.89662766 
405 347 13 16 0.8921734 
965 298 13 17 0.8913198 
892 70 10 13 0.89055437 
862 211 10 13 0.8861329 
382 78 12 14 0.88480043 
358 316 11 14 0.8809366 
727 352 14 18 0.8768421 
846 280 12 16 0.8731503 
94 179 12 15 0.86868304 
566 333 14 16 0.864562 
312 481 20 29 0.8600244 
116 213 12 15 0.8592537 
926 246 12 15 0.8580194 
686 324 11 14 0.85651326 
350 414 12 15 0.8541022 
199 215 12 16 0.85266024 
237 294 12 15 0.85006195 
214 308 13 16 0.84663564 
924 281 14 17 0.8436082 
39 111 10 13 0.84329534 
48 131 12 14 0.84131557 
309 335 12 16 0.83935785 
263 76 11 15 0.83822733 
885 317 11 14 0.8355368 
109 311 12 16 0.83498913 
323 317 12 17 0.828951 
203 375 12 14 0.8207284 
575 133 11 14 0.81871134 
64 67 11 15 0.8166661 
822 107 10 13 0.8147702 
391 414 11 14 0.8121565 
567 169 13 15 0.80329406 
129 36 10 14 0.79847604 
98 52 10 13 0.79558134 
317 10 16 18 0.79432327 
677 263 12 15 0.7866312 
126 461 13 17 0.78121406 
497 315 13 17 0.77946615 
38 230 11 14 0.7773561 
254 313 13 16 0.77148676 
982 212 11 14 0.7670823 
167 314 12 14 0.7651152 
263 252 12 16 0.76363677 
170 463 14 17 0.76138526 
240 217 12 16 0.7596072 
651 319 12 15 0.75691724 
665 333 12 16 0.75635886 
547 149 12 15 0.7535498 
208 38 13 16 0.7515345 
609 395 13 16 0.75141895 
831 174 13 16 0.7513597 
141 487 12 15 0.75017 
145 73 10 14 0.7497977 
510 77 9 12 0.7495808 
628 224 12 16 0.74583834 
826 339 11 16 0.74340874 
244 446 13 16 0.74253404 
144 269 10 13 0.7394813 
472 79 10 12 0.73946434 
743 263 13 16 0.73710287 
538 67 10 13 0.7355441 
356 22 13 16 0.7332246 
164 383 12 14 0.73228645 
998 278 12 15 0.7225186 
902 338 11 15 0.71822155 
630 289 11 13 0.7165279 
140 370 12 15 0.70929044 
47 487 15 19 0.70055676 
75 244 15 18 0.69994986 
453 42 12 13 0.6985096 
139 146 13 16 0.6984606 
575 113 13 15 0.694144 
330 450 14 18 0.68912566 
419 43 12 15 0.68701404 
136 388 10 13 0.6797806 
14 136 14 17 0.6794831 
121 334 13 16 0.6756964 
170 228 11 16 0.6743586 
810 275 12 15 0.67150503 
944 135 9 12 0.6550823 
880 47 11 13 0.6506767 
504 6 10 12 0.64696294 
141 49 12 15 0.64645827 
657 67 8 11 0.646136 
446 367 9 11 0.6310928 
276 409 11 15 0.63099647 
209 236 11 15 0.63045645 
734 125 11 13 0.62855077 
183 178 11 14 0.6272949 
705 192 12 15 0.62508684 
95 141 12 16 0.6237083 
969 333 12 16 0.6169861 
222 76 10 13 0.6138389 
72 310 11 16 0.6015107 
254 382 13 15 0.60113025 
608 170 13 16 0.5904807 
615 374 13 16 0.58937204 
387 96 14 17 0.58490515 
750 281 13 16 0.58096653 
894 210 10 14 0.5735731 
547 39 11 14 0.57123345 
20 87 11 14 0.5712181 
669 471 13 20 0.5660013 
48 31 11 15 0.56497175 
868 31 10 12 0.56420994 
794 476 21 30 0.56302834 
115 381 11 15 0.56176674 
915 320 11 14 0.55802196 
597 61 10 13 0.5573336 
358 107 9 13 0.55565345 
807 136 10 11 0.5549005 
1010 181 9 12 0.5540049 
487 71 13 14 0.54930353 
72 84 13 16 0.5476072 
25 322 14 18 0.54706776 
261 145 11 14 0.54667103 
636 334 12 15 0.5456206 
492 113 12 15 0.5416223 
126 230 13 16 0.5411092 
177 151 11 15 0.53949827 
937 7 9 12 0.5363984 
664 122 9 12 0.52977383 
182 75 11 13 0.528259 
586 158 12 14 0.52305675 
0 165 8 12 0.5169375 
224 134 11 14 0.5134243 
864 443 17 22 0.51247823 
236 15 12 14 0.5096175 
517 169 13 17 0.5053852 
679 156 12 16 0.5026555 
614 8 10 11 0.49577436 
139 177 12 16 0.49462292 
88 335 11 14 0.49388024 
847 202 9 13 0.49368683 
0 108 10 15 0.48981997 
615 116 11 14 0.4810364 
838 133 9 11 0.48072904 
771 123 11 13 0.4788428 
790 299 12 16 0.47728333 
423 93 12 16 0.47251937 
24 220 11 14 0.46786457 
359 85 10 13 0.46579143 
180 51 11 15 0.46288666 
27 315 14 17 0.46192384 
982 139 10 12 0.45924953 
610 339 9 12 0.45784023 
641 97 11 15 0.45703945 
557 58 10 13 0.4531672 
558 398 10 13 0.4487271 
228 138 10 13 0.44749448 
775 333 12 15 0.43437296 
932 119 11 15 0.43267566 
438 261 12 15 0.42811638 
639 64 9 11 0.42651218 
447 318 11 16 0.42587796 
47 174 12 14 0.42323777 
285 150 9 13 0.4212723 
57 405 9 11 0.41916358 
0 19 8 12 0.41592848 
374 241 18 20 0.41233444 
313 415 11 14 0.40797195 
977 435 14 19 0.40535587 
695 124 11 14 0.4031702 
631 155 12 16 0.40276322 
542 25 10 13 0.40188107 
220 255 10 13 0.40124094 
822 203 10 13 0.39577216 
873 2 9 9 0.38961405 
507 24 10 13 0.38607734 
721 163 11 13 0.38412946 
229 402 10 14 0.3835715 
219 467 14 19 0.37991586 
339 429 12 16 0.37834567 
191 13 12 14 0.37350136 
1008 341 13 16 0.37340096 
355 356 12 16 0.36678776 
129 14 8 10 0.36619917 
785 189 10 11 0.3656347 
580 27 10 13 0.3626053 
993 443 14 18 0.36229324 
341 468 13 16 0.36012307 
601 296 9 12 0.359752 
214 416 14 17 0.3511063 
287 114 10 12 0.3505601 
716 66 10 13 0.35025266 
806 269 13 17 0.34155455 
453 7 10 12 0.3414486 
349 354 13 16 0.3405223 
741 197 11 12 0.3366441 
645 12 12 13 0.33565637 
905 43 10 13 0.33421847 
661 7 10 13 0.33107468 
276 316 13 17 0.33032846 
837 -1 9 9 0.32973647 
245 174 8 12 0.32717764 
64 229 10 13 0.32650203 
738 155 12 15 0.32497478 
149 289 11 14 0.3188956 
299 218 13 15 0.31823012 
88 35 10 13 0.31474188 
749 391 19 28 0.31458762 
241 241 11 14 0.30753705 
453 450 10 14 0.30725017 
166 30 12 14 0.30692378 
805 204 8 11 0.30652693 
778 95 9 11 0.3060743 
157 179 9 13 0.30178192 
1005 155 10 12 0.3009957 
942 192 8 10 0.30042648 
310 187 10 11 0.3003784 
800 317 11 14 0.2998441 
599 323 11 14 0.29904562 
348 117 11 13 0.29721856 
659 175 11 13 0.29417878 
230 423 12 16 0.29135635 
718 325 13 17 0.29115483 
762 360 14 18 0.28975797 
983 414 14 19 0.28280798 
25 70 10 13 0.2824063 
378 132 12 14 0.27790368 
155 522 16 21 0.27268922 
0 307 10 15 0.26897448 
221 128 9 11 0.26836222 
5 470 11 15 0.26823884 
571 435 11 14 0.2673665 
521 319 10 12 0.26407498 
221 326 12 16 0.2623735 
130 227 15 18 0.2618094 
950 302 8 11 0.25701493 
686 68 9 11 0.25555208 
6 126 12 16 0.25480032 
206 417 12 16 0.25458437 
44 431 9 13 0.25145262 
679 281 11 14 0.24686396 
651 278 10 13 0.24573497 
841 30 9 10 0.24399176 
869 132 12 13 0.24151002 
1012 176 11 15 0.23819539 
61 56 9 12 0.23567723 
683 278 12 15 0.23430051 
676 245 11 12 0.2339467 
970 120 7 10 0.23024663 
119 285 12 15 0.22865434 
575 260 9 11 0.22388877 
647 285 12 14 0.22187544 
14 317 11 14 0.22167838 
432 418 14 18 0.22017898 
226 45 10 13 0.21959458 
26 390 9 11 0.21922621 
179 348 9 13 0.21895766 
928 304 10 13 0.216601 
886 196 9 12 0.21646707 
244 124 10 13 0.21466869 
930 73 10 13 0.2139412 
526 388 9 12 0.21233153 
789 186 10 13 0.21084067 
112 4 8 10 0.21080087 
436 130 10 14 0.20831622 
326 28 10 12 0.20751445 
604 78 10 12 0.20462312 
656 444 14 17 0.20355202 
431 261 13 16 0.20252462 
558 362 10 14 0.20186624 
44 202 12 16 0.20069712 
932 352 9 12 0.19947189 
380 466 12 16 0.19895734 
171 28 13 15 0.19820508 
288 71 9 12 0.19647859 
808 166 9 11 0.1948282 
617 66 10 13 0.19294493 
958 158 8 10 0.19237123 
966 173 8 11 0.19174619 
676 118 9 13 0.19129875 
498 460 13 17 0.19123495 
271 270 11 13 0.19113392 
284 293 10 13 0.18926278 
660 50 11 13 0.18542252 
51 126 11 13 0.18454592 
719 38 10 12 0.18434057 
180 405 11 14 0.18396236 
837 246 11 14 0.18384948 
174 21 13 15 0.18269962 
174 365 12 14 0.18207091 
852 264 10 12 0.18131939 
809 88 9 12 0.18094105 
45 70 12 15 0.1780925 
32 227 11 15 0.17770296 
332 74 12 14 0.17696685 
660 107 10 13 0.17690247 
565 28 9 12 0.17523345 
280 375 9 13 0.17502704 
671 118 10 13 0.1737067 
353 0 11 12 0.16964485 
481 382 10 14 0.16824311 
709 146 10 13 0.16779843 
725 276 13 16 0.16586213 
48 137 12 16 0.16342077 
196 18 10 12 0.16150099 
699 410 13 18 0.16149518 
31 1 8 9 0.16127317 
309 443 10 12 0.16099668 
635 150 12 15 0.16046557 
352 108 11 14 0.15996368 
757 95 8 11 0.15975745 
558 390 11 15 0.15957366 
42 12 9 12 0.15926796 
790 380 10 13 0.15854248 
785 7 9 11 0.15846434 
647 414 15 20 0.15553777 
281 3 11 13 0.15498741 
193 302 9 11 0.15278596 
391 344 10 13 0.15248436 
973 120 8 10 0.15211156 
473 284 9 12 0.1518672 
977 136 9 12 0.15164846 
694 131 11 13 0.1506508 
183 141 10 13 0.14989054 
918 220 8 11 0.14762637 
903 283 10 13 0.14665043 
103 99 11 14 0.14400284 
859 450 37 50 0.14349927 
308 167 9 12 0.14315103 
516 44 11 15 0.14230855 
628 442 15 21 0.14104517 
302 52 11 13 0.1403864 
604 317 11 14 0.13878545 
159 14 9 11 0.13828467 
656 47 10 13 0.13798031 
909 0 8 9 0.13698046 
327 52 12 15 0.13653363 
805 397 10 14 0.13639787 
552 55 10 13 0.13607736 
121 464 12 15 0.13600716 
937 192 10 12 0.13464971 
658 462 22 31 0.1345365 
727 15 11 13 0.1341476 
688 12 10 12 0.13405159 
384 148 12 15 0.13398655 
281 356 9 12 0.13292694 
127 178 9 12 0.13279366 
189 455 9 13 0.132296 
492 283 13 15 0.13147604 
673 150 9 13 0.1308897 
1016 140 8 13 0.13066253 
262 300 11 13 0.13045204 
500 136 13 17 0.12971497 
16 60 11 14 0.12936033 
672 198 11 13 0.12935504 
655 12 10 12 0.1293521 
670 301 9 12 0.1275241 
753 96 8 11 0.12658767 
390 42 11 13 0.12647094 
396 325 11 13 0.12643255 
641 7 10 12 0.12630838 
582 37 10 12 0.12626316 
676 151 12 16 0.12616006 
865 34 9 12 0.12602589 
429 10 11 14 0.12588078 
449 40 10 12 0.12558953 
71 167 12 14 0.12531014 
516 69 11 13 0.12499315 
840 379 11 16 0.124623455 
695 7 10 13 0.12386849 
942 61 11 12 0.12365557 
119 60 9 12 0.12354252 
807 6 10 11 0.123525 
336 289 11 15 0.12348008 
335 433 14 18 0.123444036 
883 278 11 15 0.12327347 
993 180 9 12 0.12279895 
284 285 10 13 0.12193994 
241 77 10 12 0.121503524 
277 269 9 12 0.12077638 
165 421 9 11 0.12039578 
95 507 17 21 0.12038001 
177 497 15 21 0.1189287 
865 134 9 11 0.118727624 
246 179 10 12 0.11871933 
990 205 9 14 0.11843832 
417 323 10 12 0.118353285 
166 71 9 12 0.1181492 
789 6 8 10 0.11744951 
78 363 10 12 0.11726483 
887 132 11 13 0.11725234 
893 135 11 13 0.11654325 
840 205 10 13 0.116411366 
960 166 9 12 0.11622186 
532 411 11 16 0.11601431 
599 66 11 14 0.11574781 
872 139 10 12 0.1153815 
664 295 9 11 0.11524304 
945 247 10 12 0.11478451 
90 138 11 15 0.114714846 
711 116 10 13 0.11444398 
981 41 14 17 0.1141058 
220 413 13 17 0.11404684 
724 245 11 15 0.11394258 
601 364 10 13 0.11335247 
189 141 9 13 0.112381734 
453 188 11 15 0.111956835 
160 416 10 12 0.111538365 
200 110 9 13 0.111408435 
13 467 11 15 0.11122711 
288 93 9 12 0.111056805 
784 109 10 12 0.11070448 
706 375 15 22 0.1106823 
161 28 11 14 0.110352494 
651 566 18 22 0.10990101 
589 0 8 9 0.10988952 
253 94 11 12 0.109770104 
763 198 10 13 0.10961753 
101 269 12 15 0.1095672 
259 309 11 16 0.10939059 
175 16 11 12 0.10935254 
853 22 9 11 0.10892868 
804 262 12 15 0.10885074 
262 213 12 14 0.108840674 
621 64 9 11 0.108803436 
420 459 14 19 0.10812357 
804 411 14 19 0.10799037 
591 171 11 15 0.10744085 
1009 94 10 13 0.10735437 
176 343 10 13 0.10686692 
335 47 10 14 0.10650243 
925 475 20 28 0.1064807 
595 332 12 15 0.1061969 
688 38 9 12 0.10569215 
101 419 10 13 0.105427966 
201 419 10 13 0.1040885 
834 413 17 21 0.10391092 
599 23 9 12 0.103903204 
100 47 11 13 0.10380578 
432 247 10 13 0.10357384 
437 387 11 13 0.103468426 
840 84 11 12 0.10338821 
343 419 12 15 0.10258198 
386 104 15 17 0.102014765 
583 349 10 13 0.10198839 
877 135 10 12 0.101330385 
59 276 11 13 0.10106878 
179 256 11 14 0.100791894 
108 101 11 13 0.10076085 
142 27 9 13 0.10040656 
884 262 10 13 0.09992735 
16 23 8 11 0.09979329 
70 237 13 16 0.099493384 
898 213 11 13 0.099191904 
40 196 13 17 0.09878065 
159 21 11 14 0.09760371 
912 131 11 13 0.097173944 
0 264 7 13 0.09687816 
540 180 13 16 0.09664591 
472 0 10 11 0.095636375 
287 263 10 12 0.09542968 
344 60 11 15 0.09521419 
823 142 9 11 0.09479824 
167 222 12 16 0.09405525 
556 108 10 12 0.09396295 
303 375 8 12 0.0939395 
724 266 14 18 0.09357926 
781 101 10 13 0.093439355 
560 315 11 14 0.09258021 
552 174 10 13 0.092199475 
120 24 8 11 0.09200346 
1 538 10 15 0.091980085 
931 278 13 17 0.09197322 
801 21 9 11 0.09179235 
877 0 9 11 0.0914692 
213 149 11 12 0.09138427 
21 52 9 13 0.091230385 
86 0 8 9 0.0909776 
222 29 9 11 0.09056167 
24 431 8 10 0.09016018 
61 429 9 11 0.09006821 
680 384 13 17 0.09001899 
751 156 10 13 0.08992275 
95 8 8 10 0.08973733 
988 139 10 13 0.08920732 
15 195 10 14 0.08881652 
527 14 10 13 0.08876607 
198 132 11 15 0.088765316 
42 381 10 12 0.0884423 
675 309 11 14 0.08829482 
495 0 9 9 0.08767357 
167 109 10 13 0.08705872 
982 0 10 11 0.08702564 
77 278 9 11 0.08694665 
351 167 10 13 0.08680608 
28 438 9 13 0.08673568 
316 383 9 13 0.08668328 
550 415 8 12 0.0865727 
64 132 10 13 0.08655819 
822 377 14 17 0.08650606 
940 12 10 12 0.085790955 
967 248 10 12 0.0857443 
175 6 9 10 0.08571432 
332 125 10 13 0.08527247 
170 470 15 20 0.08486519 
805 22 9 10 0.084575735 
72 437 10 12 0.08450129 
44 8 10 11 0.08386566 
907 278 11 14 0.08367826 
115 451 11 14 0.083550245 
463 92 11 14 0.083527096 
648 46 9 12 0.08331445 
412 76 10 12 0.083205566 
24 47 9 11 0.08320273 
78 462 10 12 0.083002314 
89 102 10 14 0.082692355 
363 432 13 18 0.082610704 
429 147 13 16 0.082559526 
113 448 10 13 0.082296506 
380 257 14 16 0.08203137 
769 183 9 11 0.081496626 
256 282 12 15 0.08113183 
920 216 9 12 0.08109624 
752 382 12 16 0.080800004 
284 0 10 11 0.08074125 
152 155 9 13 0.08058568 
711 211 12 15 0.08058188 
138 514 12 16 0.08037297 
113 182 9 11 0.080351196 
364 85 11 14 0.08016396 
318 52 13 16 0.07981625 
957 152 8 10 0.07979385 
485 281 14 17 0.07977205 
295 165 9 11 0.07947407 
214 388 13 17 0.07919773 
241 120 10 12 0.07906653 
244 250 11 14 0.07895419 
974 385 12 15 0.07883725 
476 22 11 14 0.078744724 
392 1 9 11 0.07872675 
1 210 11 14 0.07856423 
485 336 10 13 0.078310646 
847 266 12 16 0.07772937 
477 283 11 14 0.07769023 
30 373 9 12 0.07732148 
0 170 9 14 0.077296816 
117 376 10 13 0.07711073 
1015 164 9 12 0.07679605 
205 79 9 12 0.07661705 
868 93 9 12 0.07657584 
158 287 10 13 0.076569825 
388 153 13 16 0.076544106 
686 109 9 11 0.07650076 
549 178 13 17 0.07636137 
801 260 10 14 0.07626329 
485 126 13 19 0.0758687 
22 225 13 17 0.075558834 
104 479 11 13 0.07555493 
634 62 10 11 0.07555013 
758 222 11 15 0.075523145 
1003 281 11 14 0.07533207 
525 0 10 9 0.07515173 
285 172 9 11 0.075138845 
312 386 11 15 0.07510105 
230 40 10 12 0.074918106 
207 85 9 12 0.07482268 
201 78 9 11 0.07466282 
965 83 12 14 0.074440345 
909 40 13 16 0.07442985 
54 219 12 15 0.074307404 
981 382 10 12 0.07413268 
494 52 10 13 0.07405945 
62 224 11 13 0.07390154 
119 182 8 10 0.07379866 
441 72 9 11 0.07355011 
932 333 9 13 0.07322132 
233 297 12 15 0.072928995 
454 342 9 13 0.07276703 
3 403 10 14 0.07273607 
869 175 10 12 0.07204482 
784 163 11 15 0.07178968 
784 470 24 37 0.07134209 
91 275 11 15 0.071301475 
0 283 18 29 0.07126947 
209 143 9 13 0.071224496 
139 379 12 16 0.07117452 
4 365 10 14 0.071008325 
279 264 8 11 0.07088473 
158 271 9 12 0.07073427 
246 83 10 12 0.07059517 
345 351 11 16 0.07055669 
542 0 10 11 0.07023024 
4 206 12 16 0.07018314 
324 294 11 14 0.069913216 
78 15 8 11 0.069870554 
964 285 13 17 0.069591664 
238 72 9 12 0.06946505 
610 177 13 15 0.0694318 
632 54 9 10 0.06931509 
881 375 9 12 0.06925878 
125 78 10 14 0.06909874 
843 78 11 14 0.06897591 
856 72 9 11 0.06878281 
201 396 11 15 0.06871817 
246 133 10 13 0.068508245 
246 109 9 12 0.068320885 
192 307 12 15 0.0682789 
1012 184 11 15 0.06825969 
294 117 9 11 0.068215534 
20 235 11 14 0.0680213 
417 21 11 14 0.0680024 
485 428 13 18 0.06790356 
108 274 11 15 0.06788173 
734 223 11 13 0.06784117 
377 466 23 30 0.067572735 
72 14 9 11 0.06750124 
8 6 10 12 0.06729661 
175 410 10 13 0.06726361 
287 167 9 11 0.06724273 
92 107 11 13 0.067180954 
950 341 10 12 0.067025535 
294 3 11 14 0.066980526 
884 86 11 13 0.06669801 
54 443 11 13 0.066689804 
335 338 11 17 0.06668873 
16 462 10 14 0.0666135 
94 268 12 15 0.06657484 
57 59 12 17 0.0665541 
768 277 11 15 0.06639511 
368 54 12 16 0.066185385 
889 211 10 13 0.06610955 
6 14 9 13 0.065954655 
177 48 10 13 0.06591203 
273 311 10 12 0.06580608 
609 94 10 14 0.06573629 
309 52 12 15 0.06562666 
16 54 10 13 0.06549477 
954 199 8 11 0.06549137 
189 149 9 12 0.065303214 
226 273 13 16 0.06528479 
181 229 10 12 0.064530075 
404 414 12 14 0.0642535 
160 8 9 11 0.06423519 
646 52 10 12 0.064146325 
64 1 10 9 0.06378355 
133 31 10 13 0.06364931 
65 383 8 11 0.06361635 
857 76 9 12 0.06361068 
862 428 10 13 0.063454434 
791 364 11 13 0.063289806 
709 2 11 13 0.06325399 
682 69 8 11 0.06293338 
134 44 11 14 0.062912345 
644 62 10 12 0.062832825 
547 22 10 14 0.06279538 
29 74 9 12 0.06269521 
40 75 10 12 0.062683985 
638 142 11 13 0.06259917 
356 2 11 14 0.06252932 
560 418 12 15 0.062344965 
817 102 10 14 0.062272348 
997 180 9 12 0.062245008 
524 179 11 15 0.062143933 
527 363 12 16 0.061988957 
1000 239 10 12 0.061796635 
806 117 10 12 0.061781902 
620 113 11 12 0.06176426 
651 445 24 30 0.061731134 
355 418 11 15 0.06172557 
56 228 11 14 0.061711248 
892 452 34 42 0.061589863 
168 125 10 12 0.061582338 
636 133 11 13 0.06154344 
791 373 13 17 0.061407503 
149 150 10 14 0.061137002 
669 102 9 12 0.06104715 
281 172 8 11 0.06099427 
510 38 11 14 0.060873285 
635 126 12 14 0.060751233 
43 116 11 15 0.060711507 
917 109 11 15 0.060533464 
936 55 11 13 0.06051562 
1012 353 12 17 0.06048709 
144 15 8 11 0.060369335 
632 47 10 13 0.0603682 
919 29 11 13 0.060290568 
945 300 9 13 0.06000481 
228 411 12 15 0.0599918 
527 217 12 15 0.05997329 
30 180 10 12 0.05974156 
998 176 9 11 0.05969794 
423 144 12 14 0.059622265 
30 397 8 10 0.05961587 
1014 380 10 15 0.059494805 
533 106 13 16 0.059412267 
838 406 11 14 0.059375416 
821 54 8 10 0.059302703 
759 390 19 29 0.059270874 
69 383 8 10 0.05921523 
838 55 9 11 0.05918269 
213 232 9 13 0.059166517 
990 350 10 12 0.059023693 
225 173 10 12 0.05889958 
278 277 10 13 0.058852285 
989 436 15 21 0.058789074 
478 433 14 17 0.05877646 
182 223 8 12 0.058765505 
537 335 8 11 0.058689196 
74 430 8 11 0.058620505 
776 306 11 15 0.05818036 
701 384 17 23 0.05812123 
213 142 10 12 0.05791498 
640 460 26 35 0.05775761 
831 168 10 13 0.057725593 
1000 164 11 12 0.057692673 
17 267 10 12 0.05768555 
475 129 13 16 0.0576541 
544 211 12 17 0.057615954 
814 184 8 12 0.057461374 
174 109 10 12 0.057447203 
637 290 11 13 0.057319194 
798 416 20 25 0.057219274 
802 324 11 14 0.057071332 
783 300 12 16 0.0570491 
255 0 9 11 0.05691675 
658 62 12 14 0.056861546 
430 45 10 14 0.056814667 
324 20 13 15 0.056653544 
77 397 10 12 0.056312997 
804 401 14 19 0.05623058 
952 307 10 13 0.056206334 
298 125 8 12 0.056126278 
569 256 9 12 0.05611555 
830 93 10 12 0.056019552 
900 99 10 14 0.05581157 
475 356 12 15 0.055619914 
7 193 13 17 0.055609666 
986 35 14 18 0.055486266 
281 299 10 13 0.055473812 
630 0 11 10 0.055266988 
785 213 15 17 0.055240404 
909 71 10 13 0.055083293 
527 106 11 15 0.055078227 
676 253 13 17 0.054874454 
558 171 11 15 0.0548525 
772 282 11 16 0.05484737 
269 364 11 14 0.05483982 
217 313 13 16 0.054725386 
462 477 14 20 0.054573193 
789 159 9 12 0.054515418 
211 242 11 15 0.05450533 
562 380 11 17 0.05449395 
67 221 13 15 0.054360792 
712 123 9 13 0.05426606 
536 21 10 13 0.054263342 
57 272 10 12 0.05417744 
590 5 9 10 0.05412259 
184 237 10 13 0.054064915 
681 260 13 17 0.05405518 
855 205 10 14 0.053964943 
420 320 11 13 0.053955596 
575 144 11 16 0.0538781 
115 125 12 14 0.053753715 
800 201 10 12 0.053600706 
574 349 10 14 0.05354495 
2 399 9 13 0.05342918 
783 12 8 11 0.05332781 
47 389 9 12 0.05332586 
132 322 12 15 0.053304866 
214 12 8 11 0.053279135 
893 174 9 11 0.053229537 
509 133 10 14 0.053222243 
137 23 9 11 0.053166457 
56 429 10 13 0.053120337 
808 2 10 10 0.05306375 
14 6 9 10 0.053022575 
386 83 13 16 0.052908167 
663 155 10 12 0.052652787 
836 60 9 13 0.052649647 
421 357 10 13 0.052560274 
8 382 8 12 0.052540686 
254 183 10 13 0.05253958 
207 33 11 13 0.05249323 
173 191 10 11 0.052476052 
72 213 10 13 0.052458376 
645 150 10 14 0.05235721 
223 453 11 14 0.052222714 
988 29 11 15 0.052152906 
681 62 10 13 0.052070316 
78 283 10 12 0.05201488 
181 399 11 14 0.05200986 
926 214 9 12 0.051951706 
225 167 9 11 0.051864058 
807 161 9 11 0.051790785 
302 159 10 12 0.051719412 
982 119 8 11 0.051420495 
767 251 13 16 0.05113618 
70 183 11 14 0.05113592 
187 175 11 14 0.051089995 
829 21 9 11 0.050925884 
521 101 10 15 0.05089693 
637 472 14 17 0.05071699 
890 206 9 13 0.05066807 
272 98 12 15 0.050647873 
607 27 9 11 0.050607927 
748 195 12 14 0.050553292 
417 91 13 17 0.05055011 
1013 158 9 12 0.050546147 
509 1 9 9 0.050354887 
521 1 9 10 0.050336726 
58 235 10 13 0.050229114 
122 220 14 16 0.050214227 
726 235 12 15 0.050205413 
71 37 8 10 0.050164524 
752 6 9 11 0.05010091 
892 388 10 14 0.050028116 
166 375 12 16 0.04985797 
608 38 10 13 0.04983572 
380 140 13 15 0.04981846 
158 254 11 14 0.04979938 
340 258 12 15 0.049729086 
951 116 9 12 0.049712755 
3 300 11 15 0.049606353 
694 109 9 12 0.049569428 
268 236 11 13 0.049521297 
794 183 11 13 0.04948746 
159 111 8 11 0.049470384 
680 267 14 17 0.04942984 
622 447 16 22 0.049236685 
991 200 9 11 0.049161643 
431 368 12 17 0.049144603 
461 188 14 17 0.04910308 
267 258 13 15 0.04893678 
515 76 10 13 0.0488321 
813 172 9 11 0.048730776 
471 309 9 13 0.048632383 
150 116 10 13 0.048629165 
89 16 9 11 0.048463315 
223 270 12 15 0.048399918 
625 155 12 17 0.048139192 
176 180 10 13 0.048092548 
655 311 10 13 0.04807084 
111 108 10 13 0.047995955 
173 2 10 10 0.04796469 
181 81 13 15 0.0479522 
56 410 12 14 0.04785301 
830 197 9 12 0.047832336 
376 460 13 18 0.04781905 
375 82 12 15 0.047738258 
524 4 11 14 0.047731213 
232 334 13 16 0.047566038 
2 473 10 15 0.04751068 
941 279 9 13 0.047472823 
773 21 9 12 0.04746728 
422 -1 8 8 0.04745784 
839 138 10 12 0.047437053 
247 139 11 14 0.04737454 
415 87 11 14 0.047354985 
853 199 9 13 0.047305617 
972 124 9 11 0.047209185 
117 244 11 13 0.0471723 
36 106 18 23 0.047118817 
508 113 12 16 0.04707161 
224 40 9 12 0.04705889 
289 223 9 12 0.047041204 
639 108 10 13 0.046996143 
864 180 10 12 0.04698275 
113 377 9 12 0.046766423 
24 310 13 15 0.046608377 
820 312 13 17 0.04658713 
492 130 14 18 0.046453003 
952 4 11 13 0.04642443 
864 114 10 13 0.04636892 
220 360 13 17 0.046366196 
597 100 12 15 0.046364512 
469 300 10 13 0.04635827 
120 227 13 17 0.046256885 
41 178 10 12 0.046246503 
523 90 13 15 0.046209577 
582 5 10 12 0.046202175 
609 123 10 13 0.046198174 
491 290 13 16 0.046144906 
754 88 7 10 0.046113677 
632 314 13 16 0.046052594 
208 8 10 11 0.045991957 
94 13 9 12 0.045949083 
600 310 10 13 0.045897517 
802 163 9 12 0.045789063 
257 77 11 14 0.045731626 
940 208 11 13 0.045719005 
461 6 10 11 0.04568937 
702 4 11 13 0.045687396 
183 244 10 13 0.045677934 
103 382 8 11 0.045649678 
721 249 11 15 0.04562652 
741 120 9 12 0.04557032 
119 0 8 9 0.04553796 
21 486 15 18 0.04550152 
62 19 9 11 0.045416854 
687 118 10 14 0.045324344 
404 11 10 14 0.0452563 
639 355 10 14 0.045232948 
23 173 10 13 0.045183796 
616 2 8 10 0.044951886 
302 438 12 15 0.044920284 
128 8 8 10 0.044858772 
928 175 8 10 0.044809632 
129 420 12 14 0.044774745 
182 13 9 12 0.044762455 
217 132 11 13 0.044687074 
605 83 10 12 0.044615068 
930 469 16 23 0.044582505 
76 165 12 15 0.0445434 
604 478 15 22 0.04449257 
951 236 10 12 0.044482727 
256 189 11 13 0.044438522 
393 9 11 15 0.044403393 
813 92 9 11 0.044368226 
7 84 10 14 0.044343065 
533 166 12 14 0.044325445 
802 331 13 17 0.04431682 
997 259 11 13 0.04422775 
596 173 11 13 0.044070363 
889 167 8 11 0.044053014 
396 69 11 15 0.044008188 
295 110 9 13 0.04396318 
49 93 9 12 0.04393124 
129 386 11 13 0.043928403 
241 109 9 12 0.043925375 
695 103 8 11 0.043910604 
646 301 10 12 0.04386717 
168 196 11 14 0.043836825 
848 168 8 11 0.043799356 
62 163 11 14 0.043782804 
590 108 12 13 0.043702237 
390 71 13 16 0.043632302 
439 369 13 16 0.04351153 
886 229 9 11 0.043510277 
789 387 11 13 0.043484703 
423 7 9 12 0.04342996 
565 354 11 15 0.043369953 
333 371 12 15 0.04332388 
73 359 10 13 0.043266553 
480 334 9 12 0.043186367 
469 292 11 14 0.043142498 
912 254 9 11 0.043106828 
516 435 11 15 0.043093 
856 135 9 12 0.042890653 
815 376 14 19 0.042723566 
316 44 13 17 0.042634647 
459 38 11 13 0.04246972 
974 36 13 17 0.042461317 
56 340 10 14 0.04245477 
342 66 10 15 0.042453222 
761 165 10 14 0.042437144 
85 485 10 14 0.0424348 
255 195 10 13 0.042421367 
56 437 11 13 0.042350423 
606 312 9 12 0.04230399 
799 159 10 11 0.042295456 
560 261 8 11 0.042271663 
303 181 12 15 0.04213909 
773 395 14 20 0.042136587 
732 282 11 14 0.04206124 
567 37 9 11 0.04200702 
693 259 15 18 0.041997157 
217 70 12 14 0.041994646 
396 329 12 16 0.041986004 
406 37 9 12 0.04195108 
878 30 9 12 0.04189575 
612 286 11 14 0.041849405 
101 398 9 11 0.04178478 
799 412 13 17 0.041752756 
340 46 10 14 0.041703958 
567 348 11 15 0.04165609 
582 68 11 13 0.04165058 
79 20 8 12 0.041599095 
488 221 9 12 0.0415842 
4 222 11 14 0.041546892 
265 435 11 15 0.04152391 
967 180 8 10 0.04152016 
678 112 9 11 0.041455906 
949 251 10 12 0.041439526 
7 430 7 10 0.0414352 
92 37 10 13 0.04142768 
59 348 11 14 0.041394353 
469 442 15 19 0.041362327 
477 375 12 15 0.041311514 
300 224 14 15 0.041292876 
825 19 9 11 0.041251518 
807 14 9 11 0.041188296 
930 386 11 16 0.041074928 
578 140 12 15 0.041073054 
347 57 15 19 0.041026108 
69 6 10 11 0.040957496 
491 421 12 16 0.04090839 
872 44 12 14 0.040748768 
655 1 10 10 0.04073728 
30 407 8 11 0.04065955 
125 19 11 13 0.0406467 
785 380 10 13 0.040636867 
996 255 10 12 0.040635284 
85 463 8 11 0.040612586 
897 28 10 13 0.040587522 
333 11 9 13 0.04054608 
800 16 9 11 0.040496074 
284 351 10 13 0.04036073 
991 246 11 11 0.04035897 
524 188 11 14 0.04023264 
200 84 10 12 0.04018143 
790 116 8 10 0.040131714 
28 413 10 12 0.04012921 
503 301 11 15 0.040128097 
122 280 14 16 0.040126093 
804 256 10 13 0.040117554 
102 376 8 10 0.040025752 
686 0 8 10 0.039992962 
672 432 13 19 0.039987165 
174 355 12 16 0.039979827 
239 27 10 13 0.039908215 
742 300 13 16 0.03989585 
365 351 10 13 0.03989163 
772 131 10 12 0.03978467 
121 174 10 13 0.039763946 
40 375 10 13 0.039704457 
408 72 11 14 0.039670795 
834 126 10 12 0.03964733 
764 203 11 14 0.03962976 
311 374 9 12 0.03961064 
998 479 12 17 0.039565325 
861 78 10 12 0.039561022 
300 108 11 13 0.039536133 
49 24 10 12 0.0395166 
545 90 10 14 0.039496303 
46 144 13 15 0.03949271 
849 22 9 12 0.039491143 
147 273 12 14 0.03937177 
104 70 10 13 0.039364375 
872 354 13 17 0.03933969 
864 59 11 15 0.03930247 
1013 13 9 14 0.039272603 
359 428 13 16 0.039255496 
281 110 10 13 0.03924647 
473 388 11 14 0.039226532 
844 374 9 14 0.03904999 
929 14 10 12 0.03893747 
46 62 10 13 0.038916975 
204 404 12 16 0.03886654 
160 456 9 12 0.038788665 
616 44 10 12 0.03878251 
765 411 12 16 0.038649723 
770 331 11 16 0.03849954 
462 14 10 12 0.03843915 
417 428 15 20 0.038401995 
724 44 11 14 0.03838439 
549 220 9 12 0.038381804 
214 31 9 12 0.038301066 
136 341 10 14 0.038269818 
565 318 9 12 0.038262013 
94 0 8 9 0.038237482 
694 156 10 13 0.03821587 
848 14 10 12 0.03818822 
662 326 13 17 0.038174264 
264 267 10 13 0.038172044 
415 13 10 12 0.038165316 
951 141 8 10 0.038146507 
250 446 10 13 0.03813032 
167 357 10 13 0.038113624 
550 -1 9 9 0.038052153 
63 517 13 16 0.037993573 
410 343 12 15 0.03798596 
278 167 9 12 0.037952255 
335 121 9 11 0.037935145 
28 214 11 14 0.037927803 
82 244 11 15 0.03786495 
671 96 8 10 0.037856266 
5 116 11 16 0.03784478 
392 332 10 13 0.037729193 
54 389 9 11 0.0376563 
637 45 11 15 0.037604664 
109 70 9 12 0.037561007 
937 3 9 10 0.037528563 
784 36 10 12 0.03749705 
7 47 10 14 0.03749468 
908 465 28 34 0.03748142 
655 303 9 11 0.03736681 
493 214 10 12 0.03731102 
161 460 11 15 0.037296046 
783 193 12 14 0.03725258 
215 357 12 16 0.03720245 
267 245 13 17 0.037172515 
477 4 10 12 0.037111107 
70 79 11 13 0.03710585 
927 221 9 11 0.037090857 
447 362 10 11 0.03706745 
781 22 10 11 0.03705581 
667 53 12 14 0.037049633 
445 253 12 17 0.037042547 
500 281 10 14 0.037029956 
225 397 12 15 0.036980465 
596 107 11 13 0.036973752 
240 168 9 12 0.03695069 
142 151 12 15 0.03693287 
223 236 11 13 0.03692372 
510 62 14 16 0.03688823 
573 46 11 13 0.036880653 
418 49 11 15 0.036825847 
494 22 12 15 0.0367673 
916 127 10 12 0.036693156 
577 13 10 12 0.03665558 
466 190 15 17 0.036643002 
663 38 9 11 0.03659744 
557 68 11 12 0.036554955 
846 51 11 13 0.036536988 
304 171 12 15 0.036465738 
97 212 12 16 0.03644427 
610 11 10 13 0.036387146 
344 111 11 14 0.036378067 
901 308 11 16 0.036321595 
743 274 14 17 0.036318827 
727 229 12 15 0.03628548 
503 35 11 15 0.036278687 
112 131 11 13 0.036275502 
505 71 10 12 0.036265526 
230 85 11 12 0.036254898 
362 355 12 15 0.036200777 
305 218 14 15 0.036196675 
7 20 8 12 0.03619626 
581 149 12 16 0.03619022 
565 430 19 23 0.036173128 
486 20 9 13 0.0361523 
604 69 11 14 0.036105394 
498 4 11 13 0.03609631 
177 142 11 13 0.03605221 
646 38 9 12 0.03593056 
932 396 10 14 0.03592581 
878 254 9 12 0.035872336 
766 419 10 13 0.03584627 
61 436 10 13 0.0357811 
596 179 12 15 0.035737373 
904 49 11 14 0.035615996 
972 246 11 12 0.035601832 
966 278 12 16 0.03555058 
569 131 11 15 0.03546739 
992 357 11 14 0.035464406 
449 340 10 14 0.035448812 
959 251 8 11 0.035438932 
724 343 15 19 0.035437938 
209 292 10 14 0.035430945 
111 216 14 16 0.035421122 
756 157 10 13 0.03537353 
344 121 11 14 0.03534743 
150 456 8 11 0.035344597 
837 239 10 13 0.035178818 
133 523 24 31 0.03515378 
607 438 23 29 0.035148226 
192 156 8 12 0.035118498 
581 43 10 13 0.035113025 
773 460 22 35 0.035111826 
840 24 9 12 0.03510963 
89 269 11 14 0.035016056 
151 175 12 16 0.035004023 
855 5 10 11 0.034990788 
32 4 9 11 0.034979984 
893 298 13 16 0.034838878 
126 166 11 14 0.034772713 
38 105 10 14 0.03471898 
573 365 12 15 0.034718707 
983 424 21 26 0.034662172 
262 124 10 11 0.03465423 
148 51 10 14 0.034585692 
877 40 11 13 0.034572355 
295 438 10 12 0.034570187 
972 253 10 12 0.034564205 
166 350 10 13 0.034563933 
141 392 10 14 0.034541458 
493 62 10 13 0.034533054 
743 54 10 11 0.03451287 
296 159 10 13 0.03449183 
639 1 9 10 0.03446337 
5 228 11 13 0.0343807 
622 337 12 14 0.03436204 
535 185 12 16 0.034354392 
659 204 14 16 0.034345545 
468 89 14 17 0.034252483 
322 491 17 24 0.034251127 
103 39 9 13 0.034247503 
823 306 13 17 0.034211118 
204 388 13 17 0.034200877 
239 84 11 13 0.03416393 
441 323 11 14 0.03412197 
858 207 18 22 0.034110136 
889 181 8 11 0.0340843 
437 46 9 11 0.034065872 
1014 147 9 14 0.03404367 
983 244 10 12 0.03403862 
841 34 10 12 0.034036797 
656 117 10 12 0.034017216 
713 35 10 12 0.033937335 
181 459 11 15 0.033926316 
106 164 13 16 0.033917863 
403 138 13 14 0.033844408 
495 455 13 15 0.03379284 
64 308 11 16 0.03377769 
29 47 9 12 0.03376962 
839 198 10 12 0.033690862 
887 223 8 10 0.03368635 
414 354 11 14 0.03365532 
630 177 13 15 0.033649925 
254 86 10 11 0.03364294 
622 301 8 11 0.033619765 
588 354 12 17 0.03360155 
62 224 19 22 0.033584382 
7 1 10 10 0.033577178 
205 368 12 15 0.033563063 
300 3 13 15 0.0335621 
974 261 9 11 0.033488676 
358 15 14 18 0.033465132 
254 393 13 17 0.033446003 
602 357 12 16 0.03344573 
190 314 14 17 0.033437043 
553 101 11 15 0.033406787 
101 390 9 11 0.03339932 
56 1 9 9 0.033398267 
564 402 12 16 0.033382785 
895 38 10 14 0.03335385 
478 91 12 15 0.033324275 
643 197 14 16 0.03332009 
118 328 12 14 0.033304702 
734 54 10 11 0.033293672 
791 253 10 13 0.033285566 
942 67 12 14 0.033257134 
26 1 7 8 0.033180393 
465 21 11 15 0.03311073 
45 190 11 15 0.03308271 
806 36 8 11 0.032994695 
878 342 11 13 0.03297784 
959 118 9 11 0.032964874 
164 414 12 14 0.032937963 
142 116 12 14 0.032909647 
855 443 26 37 0.032866023 
728 52 9 11 0.032837164 
342 52 12 17 0.0328311 
762 298 14 17 0.032820623 
267 71 11 15 0.032790165 
983 376 10 13 0.032753233 
646 141 10 12 0.032751396 
372 92 13 16 0.032750703 
331 365 13 15 0.032731857 
132 212 13 15 0.032714363 
212 372 11 14 0.032713294 
710 346 12 16 0.032682743 
679 55 10 13 0.03263104 
461 149 12 15 0.032609563 
582 315 10 13 0.032569304 
53 166 12 14 0.032521006 
717 340 14 18 0.032483026 
255 53 11 13 0.032425925 
114 290 10 14 0.032417882 
296 172 9 12 0.03235881 
525 39 11 14 0.03235269 
814 141 8 12 0.032341495 
313 125 8 11 0.03232083 
98 416 9 12 0.03226101 
889 65 18 22 0.032205902 
765 219 10 15 0.032159768 
79 488 13 19 0.03214757 
797 309 12 16 0.032041777 
73 269 10 13 0.03202713 
254 236 10 13 0.03200283 
693 37 9 12 0.031970784 
220 245 13 16 0.031967353 
711 30 10 14 0.031957116 
937 209 9 11 0.03192953 
612 158 14 16 0.031889006 
335 257 11 15 0.03186953 
536 0 10 10 0.03186212 
564 4 10 14 0.03182526 
737 203 11 14 0.031793486 
188 84 12 15 0.031761788 
126 327 12 15 0.031759378 
91 283 12 13 0.031718288 
2 438 8 13 0.03170659 
127 32 17 23 0.031614855 
351 373 10 12 0.031540062 
687 43 11 14 0.03151376 
686 53 10 13 0.031513758 
111 459 11 17 0.031503018 
138 268 11 13 0.031475723 
889 74 11 14 0.031444397 
261 182 9 12 0.03144403 
319 311 13 17 0.031435885 
493 182 11 13 0.03142473 
80 215 13 16 0.031413678 
501 114 11 15 0.03138359 
888 138 10 13 0.031322822 
49 397 9 11 0.031276748 
400 135 11 13 0.031263456 
469 413 9 13 0.031163288 
226 324 13 17 0.031150522 
167 179 10 12 0.031144341 
583 205 10 15 0.031123681 
562 408 20 26 0.030950906 
675 460 26 37 0.03095032 
262 375 11 15 0.030922232 
813 263 11 13 0.030870585 
57 14 9 12 0.030794483 
52 146 12 13 0.030785749 
684 161 10 13 0.030766591 
788 356 13 17 0.030761668 
591 13 10 12 0.030754631 
997 133 10 12 0.030745473 
570 415 16 21 0.030744327 
910 388 12 14 0.030701589 
801 6 9 12 0.030685926 
807 480 26 32 0.030681388 
493 300 10 14 0.03067689 
720 52 8 12 0.030669436 
501 2 18 21 0.030668236 
232 92 11 13 0.030637924 
381 490 17 27 0.03057713 
47 99 9 13 0.030568892 
222 382 10 13 0.030564938 
958 204 9 13 0.03055278 
347 463 13 15 0.030538114 
287 11 10 12 0.030455884 
156 155 11 14 0.030406876 
413 423 12 16 0.030399363 
55 313 12 15 0.030392708 
802 135 8 11 0.030384704 
576 318 10 12 0.030381236 
329 164 9 13 0.030353097 
876 349 12 16 0.030345516 
718 409 14 19 0.030320633 
112 187 10 13 0.03031125 
633 452 24 33 0.030308902 
631 142 12 15 0.030299317 
356 58 14 19 0.030224109 
626 291 10 13 0.030183505 
23 37 10 13 0.03017341 
120 67 10 12 0.030172724 
38 209 13 16 0.030168109 
968 435 21 28 0.030167412 
575 51 11 14 0.030163128 
784 388 10 14 0.030160816 
860 155 11 14 0.030151224 
830 159 8 11 0.030093279 
0 464 9 13 0.030087003 
351 381 12 15 0.03008079 
673 70 9 10 0.030070608 
395 43 12 13 0.030067874 
46 54 8 11 0.030016158 
541 163 14 16 0.03001054 
62 127 10 14 0.029998077 
464 98 11 16 0.029987866 
69 389 10 12 0.029960744 
822 405 10 13 0.029945014 
95 49 17 21 0.029937971 
475 83 11 14 0.029930618 
946 342 8 11 0.029914053 
511 48 13 17 0.029900216 
37 158 10 13 0.029868795 
584 76 10 13 0.029859489 
865 26 17 22 0.029820733 
85 345 12 15 0.029785644 
269 44 11 15 0.029782794 
21 191 11 14 0.02978056 
60 399 9 12 0.029715516 
1012 97 10 15 0.029670758 
16 430 9 11 0.029654149 
448 11 11 13 0.02962787 
599 81 11 14 0.029618222 
104 27 9 12 0.029612932 
455 2 10 11 0.029599417 
579 416 14 19 0.029557269 
437 334 11 13 0.029500393 
314 187 11 13 0.029470854 
298 374 9 13 0.02944134 
781 372 13 17 0.029428381 
702 277 10 14 0.029422482 
487 308 12 18 0.029421004 
814 15 9 11 0.029338915 
0 422 8 13 0.029316872 
487 174 9 11 0.029203113 
968 139 9 11 0.02920156 
183 8 9 11 0.029196689 
30 52 10 13 0.029187992 
446 447 18 23 0.029145973 
837 211 11 13 0.02912187 
588 115 13 16 0.02911398 
31 195 13 16 0.029112691 
181 475 11 15 0.029092036 
272 165 10 13 0.029036488 
772 270 12 15 0.029023407 
919 240 9 13 0.029012498 
783 352 13 18 0.028962731 
983 21 12 14 0.028874515 
342 13 10 15 0.028829664 
620 45 11 13 0.02878977 
88 5 8 10 0.028764775 
197 104 10 13 0.028763425 
940 405 13 15 0.028756699 
877 127 12 14 0.028750723 
518 137 12 17 0.028750414 
782 253 10 13 0.028738761 
126 1 9 9 0.02872595 
336 285 18 23 0.02871092 
164 23 13 15 0.028691374 
636 326 12 16 0.028690955 
895 267 11 14 0.028683579 
662 197 12 15 0.028671602 
832 251 12 15 0.0286614 
663 129 10 14 0.028641924 
270 373 11 13 0.028606383 
728 140 11 13 0.028585281 
743 175 11 13 0.028578337 
943 185 8 10 0.028570477 
671 110 9 11 0.028545102 
101 22 11 13 0.02854326 
778 401 12 17 0.028523067 
191 135 10 13 0.028507864 
229 77 9 12 0.028504813 
287 87 10 13 0.028470555 
613 315 9 13 0.028454812 
109 235 13 16 0.028369904 
773 110 11 12 0.028341662 
1006 0 9 9 0.028292002 
966 36 11 14 0.028291494 
761 117 9 11 0.028276315 
383 19 11 14 0.028264185 
926 393 13 19 0.028256994 
774 16 10 12 0.028255375 
887 39 10 13 0.02823383 
439 12 9 11 0.028222319 
46 209 13 16 0.028184433 
193 108 9 12 0.028182559 
681 4 9 12 0.028175684 
161 314 12 15 0.028172186 
741 314 14 17 0.02809838 
789 2 10 10 0.028094832 
869 24 10 12 0.028062332 
829 204 11 13 0.028005969 
245 407 10 12 0.027984403 
98 381 9 11 0.027980182 
422 362 11 16 0.027978549 
843 412 12 19 0.027970469 
718 4 11 12 0.027937844 
599 397 11 16 0.027920963 
319 374 9 12 0.027903972 
941 129 19 23 0.027899565 
333 441 20 26 0.02785396 
204 114 11 14 0.027849002 
508 306 12 16 0.02778689 
552 114 10 14 0.027781159 
508 185 13 19 0.02774261 
947 27 11 15 0.02774034 
640 36 11 13 0.02773762 
340 341 11 15 0.027684906 
735 191 11 14 0.027684445 
506 71 19 23 0.027624272 
89 174 12 16 0.027586216 
160 357 9 12 0.027549349 
900 193 12 15 0.027546998 
694 390 21 28 0.027538609 
983 190 8 11 0.027509503 
291 69 12 14 0.027509406 
207 172 10 13 0.027489858 
87 282 11 13 0.0274866 
284 279 11 14 0.027484357 
917 70 11 13 0.027458724 
690 122 10 14 0.027455619 
562 396 12 16 0.027452873 
254 70 12 14 0.02741473 
735 266 12 17 0.0273904 
613 99 9 13 0.027368307 
808 235 12 14 0.027345829 
164 14 11 12 0.02727521 
564 364 12 15 0.027272098 
932 371 10 13 0.027154792 
692 68 10 12 0.027099244 
414 373 13 15 0.0270978 
688 104 9 11 0.027088497 
900 139 10 13 0.027048055 
253 461 11 14 0.027040923 
168 363 11 15 0.02702031 
621 6 8 11 0.02701303 
622 355 10 13 0.02698167 
814 20 9 12 0.026979199 
243 21 10 13 0.026962763 
672 238 12 15 0.026962347 
658 125 9 12 0.0269614 
136 347 11 14 0.026946314 
261 52 12 14 0.026928993 
898 334 12 16 0.026916126 
955 389 14 17 0.026903795 
22 290 10 13 0.026898386 
702 -1 23 24 0.026896594 
734 6 8 11 0.026843997 
626 287 19 21 0.026835289 
127 307 11 14 0.026815359 
36 465 12 15 0.02681511 
840 268 10 15 0.026799422 
61 215 11 13 0.026764225 
581 52 11 14 0.026762063 
968 231 9 11 0.026756676 
716 216 11 15 0.026742399 
630 5 10 12 0.02674032 
155 531 15 22 0.026718128 
997 37 11 15 0.026692146 
184 300 10 13 0.026668604 
615 40 9 11 0.02664822 
268 148 9 12 0.026637629 
228 179 11 13 0.02662365 
373 452 13 19 0.026609192 
768 112 9 11 0.02659522 
639 56 10 11 0.026586764 
480 175 9 12 0.026549509 
831 -10 22 24 0.026538787 
214 383 11 14 0.026529642 
437 53 10 12 0.026508251 
917 7 10 11 0.026504649 
783 113 10 13 0.026497947 
507 11 11 13 0.026476499 
30 86 9 12 0.02646264 
84 195 13 16 0.02644093 
520 12 11 14 0.026432695 
444 76 10 12 0.026427524 
896 190 10 13 0.02641158 
703 29 11 14 0.026406301 
707 183 15 18 0.026400799 
133 7 9 11 0.026386926 
108 159 10 13 0.02637433 
527 416 12 17 0.026370326 
870 299 10 13 0.026365485 
943 127 11 14 0.026363835 
959 29 9 13 0.026342455 
541 334 8 12 0.026340373 
542 414 11 15 0.026313744 
502 144 13 16 0.02630951 
131 134 11 14 0.026304267 
599 6 9 11 0.026288724 
818 102 18 23 0.026264798 
1014 52 8 12 0.026258051 
8 70 9 13 0.026247634 
99 173 12 16 0.02624529 
807 128 10 11 0.026231987 
336 423 12 15 0.026231466 
767 15 11 14 0.026177036 
199 30 10 12 0.026130788 
254 109 9 13 0.026079046 
705 403 15 22 0.026069686 
55 348 10 13 0.026065297 
485 16 9 11 0.02605988 
950 386 13 16 0.026049316 
559 0 10 11 0.026043577 
534 339 10 12 0.026043274 
101 218 11 14 0.026033897 
267 301 12 13 0.026029639 
41 424 10 14 0.02602911 
295 224 12 15 0.026027024 
470 434 15 19 0.026021922 
844 406 12 14 0.026020622 
901 71 11 13 0.026012637 
638 401 13 19 0.026008517 
219 156 12 14 0.026007779 
53 101 9 12 0.025980372 
364 292 10 13 0.025963767 
581 60 13 16 0.025933946 
550 92 10 13 0.025917286 
588 152 13 16 0.025883913 
228 390 12 16 0.025878362 
-1 295 16 27 0.02587312 
26 490 13 17 0.02587014 
776 89 10 13 0.025864553 
533 283 11 14 0.02584247 
968 28 11 13 0.025824768 
880 243 10 14 0.025782062 
957 125 10 12 0.025735572 
356 163 13 16 0.025722506 
432 126 17 24 0.025683053 
903 181 10 13 0.025679413 
310 424 15 18 0.025675705 
175 71 11 13 0.025640825 
191 297 9 12 0.02561327 
774 344 13 17 0.025585143 
25 539 12 15 0.02555939 
132 513 22 26 0.02553786 
318 294 14 19 0.025530111 
827 14 11 14 0.025507974 
558 36 10 12 0.025503255 
597 151 11 13 0.02549986 
34 349 10 13 0.02547293 
634 159 14 16 0.025460191 
54 22 9 11 0.02544338 
110 172 11 15 0.025439752 
688 93 10 12 0.025427219 
76 229 12 15 0.025408693 
614 219 12 16 0.025389038 
729 119 9 10 0.025364522 
854 14 10 13 0.025357347 
903 174 10 12 0.025349984 
836 348 12 15 0.025341447 
488 168 9 13 0.025322976 
58 489 13 18 0.025317151 
53 120 9 12 0.025315681 
654 132 10 14 0.025281636 
501 175 11 13 0.025258914 
785 2 9 11 0.025257055 
696 2 9 10 0.025254326 
925 21 10 13 0.025239497 
116 252 11 13 0.025229536 
710 23 8 10 0.025212653 
591 397 12 15 0.02517699 
264 22 10 13 0.025170872 
255 124 10 12 0.02515956 
652 272 12 14 0.025153035 
549 162 13 18 0.025152322 
266 142 10 14 0.025127709 
402 202 13 16 0.0251265 
919 301 10 14 0.025123855 
604 62 11 13 0.025116853 
324 476 13 19 0.025106205 
100 489 15 19 0.0251047 
347 497 14 17 0.025100894 
692 218 13 16 0.025093893 
881 311 11 16 0.025085084 
620 39 10 12 0.025059754 
560 22 11 14 0.025055425 
997 205 10 14 0.025044248 
5 75 12 16 0.024996307 
310 119 9 12 0.024981592 
481 284 21 25 0.024974566 
356 81 17 22 0.024969304 
189 70 11 13 0.024941403 
269 381 9 11 0.024932867 
712 329 13 18 0.024876045 
397 38 12 14 0.024868337 
686 216 13 17 0.024858233 
872 165 10 12 0.024854852 
78 48 11 12 0.024851033 
106 483 12 15 0.024849618 
513 428 12 16 0.02484418 
805 109 10 14 0.024819052 
615 310 9 12 0.02477477 
750 54 9 10 0.024767702 
648 67 8 11 0.02476733 
777 220 13 17 0.024764553 
671 61 10 13 0.024756528 
385 0 11 11 0.024749279 
57 420 10 14 0.024744902 
299 208 14 16 0.024720028 
72 19 10 12 0.024680018 
845 115 12 14 0.024667157 
727 5 10 13 0.024666077 
29 460 14 17 0.024665887 
285 144 10 12 0.02465005 
1005 162 11 14 0.024645986 
0 46 10 13 0.024641912 
610 221 10 13 0.024608124 
64 93 11 13 0.024577921 
654 442 37 46 0.024554601 
24 29 9 13 0.024552666 
531 133 13 16 0.024536083 
802 140 8 11 0.024531998 
100 14 10 12 0.0245319 
119 82 11 14 0.024530433 
1 227 10 14 0.024526613 
167 117 10 13 0.02450757 
233 19 11 14 0.02449265 
169 155 11 14 0.02446988 
56 66 11 16 0.02446851 
151 15 9 10 0.024449905 
365 372 12 15 0.024440877 
775 187 10 13 0.02443806 
575 266 12 15 0.02442316 
56 6 8 10 0.024384774 
934 269 11 14 0.024367867 
582 343 10 13 0.024365515 
669 35 10 12 0.024358936 
184 35 10 13 0.024349622 
653 64 19 23 0.02434732 
104 157 10 13 0.024336442 
85 365 8 12 0.02432181 
361 108 12 14 0.024318505 
389 426 14 18 0.024298063 
632 66 12 14 0.02429651 
927 325 10 13 0.024294233 
918 181 10 12 0.024294198 
806 213 11 13 0.024289524 
855 419 12 16 0.02428482 
448 483 24 40 0.02427387 
179 109 12 14 0.024206787 
436 340 12 15 0.024148187 
8 314 11 16 0.024130894 
898 285 10 13 0.024124699 
854 166 9 12 0.024123134 
286 334 110 138 0.02409905 
604 196 14 18 0.024082707 
333 159 10 13 0.024060719 
622 53 10 12 0.02405043 
351 -6 20 23 0.024044275 
435 148 14 18 0.024005681 
22 15 8 11 0.024003075 
347 425 12 18 0.023995524 
385 37 11 15 0.023978388 
223 49 12 15 0.02394845 
543 53 10 14 0.023919435 
766 187 12 15 0.023899317 
166 340 12 16 0.023894694 
133 383 18 22 0.023889996 
613 195 14 17 0.023882035 
756 20 11 14 0.02386951 
686 174 11 15 0.023855977 
357 112 12 15 0.023805011 
905 387 11 14 0.02378992 
188 244 10 12 0.023789316 
346 195 11 15 0.02378155 
415 140 11 14 0.023778036 
832 322 13 15 0.023774017 
575 36 11 13 0.023742665 
654 167 12 15 0.023727616 
15 14 9 12 0.023714123 
225 460 15 18 0.023710158 
480 14 9 12 0.023661887 
139 492 16 20 0.023657354 
1004 270 12 15 0.023655616 
234 420 12 17 0.023653384 
59 282 13 14 0.023626834 
509 316 11 14 0.023618996 
580 104 12 13 0.023614012 
772 258 13 15 0.023610037 
863 85 10 13 0.023602877 
555 150 11 14 0.023599442 
918 267 12 15 0.023581687 
858 181 9 12 0.023580348 
868 360 14 18 0.023555636 
459 450 13 18 0.023552686 
532 14 10 14 0.023532035 
142 480 12 16 0.023517603 
181 30 9 12 0.023508718 
503 19 18 22 0.023503367 
755 452 23 32 0.02349308 
957 60 10 13 0.023476766 
862 150 10 13 0.023452073 
132 305 12 15 0.023441166 
117 367 10 12 0.023430573 
177 397 10 14 0.023416337 
908 384 24 30 0.023408974 
717 125 9 13 0.023403907 
592 22 10 13 0.023374256 
281 437 12 14 0.02336577 
885 237 9 13 0.023346834 
827 101 12 15 0.023285808 
118 5 8 10 0.023282457 
644 333 11 15 0.02327788 
566 91 10 14 0.023277208 
718 198 10 12 0.02327216 
613 138 11 15 0.023249699 
140 460 12 16 0.023242967 
993 156 10 13 0.023229668 
919 24 10 12 0.023219192 
932 325 11 14 0.023203693 
917 139 10 13 0.023189127 
998 325 11 14 0.02318745 
630 466 22 30 0.02318412 
398 169 14 17 0.023163697 
494 175 11 13 0.023135142 
464 0 11 11 0.023126269 
213 484 18 26 0.023115188 
795 392 20 26 0.023092303 
229 108 12 14 0.023054708 
732 121 18 21 0.023042792 
1 6 8 12 0.023029333 
386 112 14 17 0.023009935 
570 326 14 16 0.023004489 
198 71 10 13 0.022990057 
197 8 10 12 0.022989416 
917 348 13 17 0.022972489 
282 315 11 15 0.022941735 
989 342 10 13 0.022906153 
679 77 9 12 0.022891471 
886 381 11 13 0.022883058 
15 47 9 13 0.022865994 
425 457 16 21 0.022863418 
401 162 16 19 0.022862628 
815 199 10 13 0.022845855 
911 4 9 12 0.022830097 
197 139 11 14 0.02281202 
221 148 12 13 0.022790184 
456 474 13 19 0.022776587 
268 83 10 13 0.022764977 
247 456 12 16 0.022763005 
869 -6 19 23 0.022761576 
88 270 19 24 0.022751177 
839 260 9 14 0.022737537 
976 199 8 10 0.022728313 
952 203 10 12 0.022727387 
367 266 13 16 0.022719547 
849 458 30 47 0.022718113 
733 417 13 19 0.02271239 
111 207 13 16 0.022693897 
141 109 13 16 0.022691594 
676 142 10 13 0.022624306 
542 12 12 15 0.022617927 
100 332 12 16 0.02258608 
83 164 12 15 0.022585278 
525 166 13 16 0.022577075 
560 271 9 12 0.022563139 
189 36 11 14 0.022545313 
432 50 10 13 0.022541631 
24 423 9 12 0.022537742 
279 45 11 16 0.022535017 
656 47 18 22 0.022526413 
881 191 9 13 0.022524552 
28 430 10 13 0.022522468 
173 85 12 14 0.022511175 
264 231 10 12 0.0224741 
752 226 12 15 0.02245964 
432 69 9 12 0.022443041 
117 188 9 12 0.022441838 
838 70 11 13 0.022439932 
621 308 10 14 0.022423012 
151 163 11 14 0.022387797 
2 428 7 11 0.022382658 
921 104 20 26 0.022378396 
750 141 11 12 0.022377886 
190 125 10 13 0.022372987 
846 92 10 12 0.022363055 
95 117 10 12 0.022359638 
134 188 10 12 0.022340544 
133 111 10 12 0.022288669 
79 5 10 11 0.022280151 
91 494 15 18 0.022261247 
838 342 10 12 0.022244828 
113 373 18 23 0.022228645 
946 61 14 15 0.022212634 
510 178 12 18 0.022203984 
510 374 11 14 0.022199294 
704 22 9 11 0.022193974 
839 452 29 44 0.022174373 
25 441 12 17 0.022169512 
135 152 11 15 0.02216293 
943 318 9 14 0.022142882 
949 125 11 14 0.022127638 
859 270 11 13 0.022125429 
977 0 11 11 0.022122024 
216 250 17 22 0.022093803 
109 76 10 14 0.022080366 
38 163 11 14 0.022065034 
579 124 13 16 0.02204717 
388 59 13 15 0.022038775 
856 30 9 11 0.022016888 
86 70 10 12 0.022013778 
902 219 9 12 0.02200837 
867 207 11 15 0.022005904 
904 117 9 13 0.021997796 
430 248 18 22 0.021967635 
631 326 12 15 0.02195496 
8 29 10 13 0.021927688 
966 396 13 16 0.021921005 
686 75 11 13 0.02190176 
692 180 11 15 0.021896424 
978 135 18 22 0.021862976 
124 52 11 13 0.021860253 
670 113 18 23 0.021850657 
654 198 12 16 0.02184421 
897 94 10 13 0.021836031 
912 28 12 14 0.021835001 
78 108 10 11 0.021830603 
888 397 11 14 0.021829987 
520 357 11 14 0.021829464 
821 47 9 12 0.021826658 
685 357 11 15 0.021819435 
881 267 11 14 0.02181627 
39 61 10 11 0.021808906 
798 335 14 18 0.021808235 
757 33 11 14 0.021800432 
28 29 12 15 0.021799043 
76 99 11 14 0.021784484 
135 115 10 13 0.02177812 
166 7 10 10 0.021775272 
832 259 10 13 0.021768099 
720 12 12 14 0.021767167 
0 25 9 14 0.021758832 
448 2 10 11 0.021750601 
961 35 9 12 0.021747649 
607 432 15 21 0.021743463 
890 315 12 16 0.02173255 
575 69 11 13 0.021728737 
659 184 16 18 0.021728737 
31 102 11 13 0.021710359 
395 99 12 16 0.021701813 
71 31 9 12 0.021692706 
492 221 11 13 0.021642081 
46 221 13 16 0.021635247 
967 387 13 16 0.021628315 
902 269 10 14 0.021620668 
391 183 13 17 0.021613896 
606 159 14 16 0.021607265 
310 45 13 15 0.021597289 
809 188 12 13 0.021588974 
559 351 10 14 0.021580433 
303 11 12 14 0.021571333 
966 271 10 12 0.021554241 
703 95 9 11 0.021551693 
245 169 9 12 0.021549389 
255 118 9 12 0.021525284 
886 14 8 10 0.021518456 
642 286 19 23 0.021510735 
717 170 13 14 0.021502508 
244 286 11 14 0.021461038 
623 0 9 10 0.021455033 
563 310 10 13 0.02145257 
182 315 11 15 0.021449767 
310 75 12 15 0.021446586 
616 301 9 12 0.021435086 
747 254 14 17 0.021424236 
255 465 11 17 0.021423487 
73 404 8 11 0.021416195 
303 150 9 12 0.021388326 
961 79 10 12 0.021379014 
550 70 11 13 0.021362249 
150 264 10 12 0.02135847 
16 230 12 16 0.02133492 
1002 339 12 17 0.021318816 
749 180 10 11 0.021316886 
217 463 12 17 0.021312928 
102 469 12 15 0.0212989 
804 131 19 22 0.021296572 
796 487 31 37 0.021292629 
669 6 9 11 0.0212874 
328 435 13 18 0.021269873 
239 439 12 16 0.021258699 
94 20 10 13 0.021243326 
645 29 11 13 0.021234076 
348 202 12 15 0.021233782 
223 24 9 11 0.021207644 
805 30 10 13 0.021191437 
797 390 11 16 0.021189386 
95 469 10 13 0.021184295 
470 419 10 15 0.021183165 
283 309 10 15 0.021152938 
590 310 9 12 0.021123046 
217 72 20 22 0.021119554 
639 270 9 11 0.021107405 
-1 484 9 14 0.02110206 
487 423 21 27 0.021081654 
453 475 23 32 0.021077452 
283 373 12 15 0.02107595 
643 437 23 30 0.021071877 
694 32 11 12 0.02106911 
1010 158 21 26 0.021038318 
139 466 12 16 0.021034122 
279 94 10 14 0.02101898 
143 8 9 11 0.020985767 
180 353 10 14 0.020977564 
103 6 9 11 0.020968514 
124 8 20 25 0.02096828 
472 279 20 25 0.020960873 
590 54 12 15 0.020955522 
63 139 11 14 0.020953732 
964 211 10 12 0.020931335 
565 76 11 14 0.020914793 
487 461 22 26 0.020909395 
29 382 9 12 0.020899769 
959 212 10 12 0.02089737 
365 147 13 15 0.02088927 
224 399 18 22 0.020885387 
768 115 18 22 0.02088388 
162 460 20 26 0.02087592 
328 129 11 14 0.02086349 
64 244 11 13 0.02086311 
533 158 11 13 0.020833712 
926 316 11 13 0.02081646 
349 262 10 14 0.020809628 
983 199 8 11 0.020803213 
1007 143 11 12 0.020790167 
512 441 12 15 0.020764064 
87 468 9 12 0.020752814 
741 256 14 17 0.020751879 
824 159 8 11 0.020732751 
808 372 11 14 0.0207315 
608 1 9 11 0.020730402 
349 342 12 16 0.020713741 
935 403 11 15 0.020711275 
139 221 14 17 0.020710532 
327 370 11 14 0.020679103 
979 207 20 23 0.020665988 
65 463 14 17 0.02066485 
363 321 11 14 0.020639187 
149 197 11 13 0.020626213 
519 421 11 15 0.020580748 
576 274 10 13 0.020568842 
0 0 8 9 0.020537445 
287 227 10 13 0.020535776 
181 485 12 17 0.020531941 
745 100 10 12 0.020509647 
661 166 11 14 0.020509157 
197 260 11 13 0.020508092 
343 19 12 16 0.020497696 
881 321 11 15 0.020496102 
756 151 11 13 0.020491013 
80 349 10 13 0.02048237 
740 306 15 19 0.020477774 
799 151 9 10 0.02047657 
77 404 9 11 0.020468041 
893 394 10 16 0.020461854 
575 92 11 14 0.020460347 
368 452 10 16 0.020434469 
968 359 10 12 0.020418668 
669 346 11 14 0.020410325 
478 419 11 17 0.020410305 
934 175 7 10 0.020406479 
844 323 10 14 0.02039746 
974 374 12 15 0.020396233 
310 449 12 15 0.020383416 
363 162 16 17 0.020376096 
181 343 10 14 0.020353135 
335 346 11 15 0.020340726 
910 391 15 19 0.020328838 
745 323 15 17 0.02031679 
499 179 14 17 0.020313876 
809 474 17 22 0.020313604 
238 238 18 22 0.020310182 
239 187 11 13 0.020306999 
774 290 10 14 0.020300327 
166 269 10 13 0.020300256 
319 126 8 11 0.020299343 
52 87 10 13 0.020265236 
975 111 10 12 0.02025454 
239 133 10 13 0.020240359 
696 189 10 13 0.020229686 
534 72 12 15 0.020222444 
329 121 10 13 0.020214718 
444 419 11 15 0.020207092 
823 92 12 14 0.020197159 
556 156 11 15 0.02019127 
417 0 10 9 0.020162653 
328 316 13 17 0.020140762 
894 180 9 11 0.020136585 
812 5 9 11 0.020131906 
112 116 10 12 0.02012843 
536 3 12 15 0.020117655 
133 251 12 14 0.020117091 
51 206 11 14 0.02010881 
469 74 17 22 0.020107701 
896 442 21 23 0.020100111 
785 295 10 13 0.02008962 
972 22 11 14 0.020083278 
700 254 14 15 0.020078205 
200 268 12 16 0.020056788 
523 311 12 15 0.020051194 
998 187 11 13 0.020047009 
702 118 10 14 0.020040119 
636 58 17 23 0.020034378 
232 70 9 12 0.020017523 
