0_Parade_Parade_0_757
85
241 66 198 276 0.99982905 
768 241 18 21 0.42179132 
605 269 12 15 0.3688883 
660 238 17 21 0.36604548 
717 259 15 23 0.32278866 
705 262 21 25 0.18190625 
586 268 12 15 0.17952767 
655 238 14 18 0.120318495 
915 572 33 36 0.083405584 
829 260 9 14 0.076908484 
842 260 14 17 0.0754356 
919 537 37 40 0.07366663 
512 250 11 14 0.07365677 
556 259 16 18 0.06714165 
854 259 15 19 0.06625592 
573 255 12 16 0.06600989 
914 551 32 34 0.060596272 
840 255 12 14 0.056521434 
539 267 12 18 0.055773623 
554 252 16 17 0.055529743 
755 268 16 19 0.054460984 
887 568 14 18 0.052065678 
564 253 14 16 0.0453546 
858 250 16 19 0.040960696 
413 491 15 16 0.03983994 
904 576 30 37 0.03580939 
504 246 11 13 0.035613984 
930 529 33 37 0.035487533 
700 259 18 20 0.03461269 
868 251 13 17 0.03426112 
551 257 14 17 0.033160083 
838 264 15 18 0.03307973 
410 499 16 17 0.03235039 
444 568 24 24 0.03216231 
542 254 40 49 0.031768855 
549 264 16 21 0.03132783 
420 554 16 20 0.03086919 
787 585 12 15 0.030524144 
568 252 21 26 0.029692683 
723 271 15 20 0.029559286 
588 597 13 15 0.029405149 
414 529 30 33 0.029208932 
501 232 331 406 0.028572692 
542 262 11 15 0.028491363 
840 558 12 15 0.028188946 
694 266 25 28 0.02812091 
391 530 15 21 0.028094405 
761 248 23 29 0.02758165 
800 637 12 13 0.027412863 
792 568 9 11 0.026740413 
546 238 8 11 0.02653074 
599 262 14 17 0.026398066 
796 581 11 12 0.02586926 
890 531 47 57 0.025742104 
427 562 15 18 0.02558286 
838 259 29 32 0.025358863 
916 568 16 20 0.025249101 
389 497 15 17 0.025248399 
762 266 17 23 0.02450791 
396 495 12 14 0.024507271 
654 286 28 33 0.024420725 
831 256 9 13 0.024252264 
419 487 13 14 0.024215225 
761 241 14 20 0.023935106 
1006 556 20 36 0.023504475 
807 580 10 13 0.023361364 
845 253 37 45 0.022939822 
947 537 17 20 0.022927439 
21 128 34 49 0.022744682 
795 597 11 14 0.022486556 
813 571 13 17 0.02216975 
921 562 19 21 0.021830887 
775 597 10 12 0.021517612 
910 562 27 32 0.021467475 
856 246 12 16 0.02144156 
537 261 22 31 0.020950349 
578 256 19 26 0.02092221 
973 415 36 42 0.020897795 
396 527 24 28 0.020695481 
544 246 22 30 0.020659046 
410 544 17 20 0.020479849 
767 546 10 16 0.020132326 
645 292 42 50 0.020032374 
706 253 17 20 0.020020248 
245 630 37 51 0.020012781 
