0_Parade_marchingband_1_465
931
677 184 12 15 0.5269096 
592 236 12 14 0.5147977 
81 303 9 12 0.4505003 
900 143 8 11 0.4484842 
997 198 10 12 0.44529167 
662 246 9 11 0.41969848 
320 166 11 13 0.39125746 
430 149 12 14 0.3865838 
877 174 9 12 0.37423867 
503 70 9 12 0.372079 
232 158 9 12 0.36681882 
110 171 11 14 0.36466157 
72 181 11 13 0.36400875 
543 118 10 12 0.3571039 
129 167 8 11 0.3501072 
72 236 9 13 0.33374366 
977 173 9 12 0.3293814 
46 301 8 11 0.3283966 
127 236 8 10 0.311888 
89 229 10 14 0.3000295 
626 237 9 12 0.29534397 
520 256 10 12 0.2817283 
1009 255 9 11 0.27537286 
608 208 9 12 0.25748205 
990 294 10 13 0.25270328 
1004 159 11 13 0.25008985 
534 165 8 10 0.24645299 
173 157 8 10 0.2436087 
327 157 11 13 0.23930928 
945 175 9 11 0.23365216 
848 159 8 10 0.23095815 
624 281 9 10 0.23005757 
169 224 8 11 0.22742756 
608 254 9 11 0.22273144 
707 91 13 15 0.22030199 
877 222 12 16 0.21977177 
214 179 10 13 0.21907315 
106 602 18 17 0.21482894 
656 143 8 11 0.21422009 
550 96 8 9 0.20805712 
792 166 8 10 0.2053548 
734 240 7 9 0.20374615 
285 134 10 12 0.1957191 
920 180 9 10 0.19347681 
957 139 11 13 0.19236735 
502 143 11 13 0.19180223 
528 166 9 11 0.18904744 
722 201 10 12 0.18889517 
918 175 9 12 0.18872996 
252 112 12 15 0.18273142 
7 263 8 10 0.18056476 
918 150 8 10 0.17837964 
989 156 9 11 0.17741524 
195 159 8 10 0.17618765 
928 235 9 12 0.17593813 
178 189 8 12 0.17254463 
920 144 8 9 0.16695546 
504 182 10 13 0.16586198 
508 115 9 12 0.16232246 
839 141 8 10 0.16152781 
525 254 8 11 0.16136736 
69 205 12 14 0.1609158 
568 149 9 10 0.15957877 
765 198 12 14 0.15851709 
615 119 10 11 0.15638204 
552 103 9 11 0.1557404 
925 231 10 12 0.1546894 
625 251 9 12 0.15464461 
873 143 9 11 0.15320599 
548 173 10 13 0.14565867 
873 166 9 10 0.14552094 
894 166 11 14 0.14179368 
697 237 9 11 0.1411975 
816 206 9 12 0.13946629 
982 248 11 14 0.13732834 
637 142 14 16 0.13627319 
663 240 8 11 0.13605753 
615 246 9 12 0.13519214 
580 94 9 11 0.1337491 
831 175 9 11 0.13146044 
669 256 7 10 0.12929855 
599 179 9 12 0.12844987 
479 101 8 10 0.12829179 
949 149 11 15 0.12808199 
237 180 9 11 0.12786148 
678 168 10 12 0.12768835 
630 245 9 13 0.12681529 
535 101 8 10 0.12621804 
116 191 11 13 0.12566794 
913 174 8 11 0.12557244 
231 181 9 12 0.124867275 
487 143 8 11 0.1232862 
465 94 8 11 0.12182052 
869 199 10 12 0.12131253 
814 169 7 9 0.12107721 
552 109 9 11 0.11994666 
509 111 10 11 0.11916317 
1 270 9 13 0.118120246 
314 210 12 15 0.11745729 
913 168 8 10 0.1170282 
374 47 8 10 0.11608264 
639 247 8 10 0.11376157 
800 205 8 11 0.11350734 
469 207 9 13 0.11304988 
830 182 8 12 0.11281196 
471 95 9 11 0.112461306 
520 165 9 11 0.10852219 
983 193 8 11 0.10806084 
158 165 8 11 0.107728824 
790 199 7 10 0.10733423 
676 272 8 11 0.10714615 
498 217 15 17 0.10629968 
207 159 9 10 0.105509534 
312 183 11 15 0.105488464 
972 294 9 12 0.10522976 
656 246 9 11 0.10520335 
585 209 16 17 0.104323596 
902 173 9 11 0.10404735 
831 158 9 11 0.10332944 
665 254 9 10 0.103039764 
520 128 10 12 0.10229501 
5 270 9 12 0.101879396 
880 216 9 11 0.10171938 
288 115 13 14 0.10169399 
663 160 8 10 0.101660185 
1009 207 10 13 0.101658136 
853 134 8 10 0.10016701 
576 247 10 14 0.09956161 
664 262 8 11 0.098496474 
974 158 9 12 0.09801097 
876 168 8 11 0.09787981 
549 144 8 11 0.09781948 
427 205 11 13 0.09768442 
47 278 8 10 0.09717135 
577 158 8 10 0.09699305 
485 173 8 11 0.096985586 
936 175 8 10 0.09667382 
876 148 9 10 0.09627413 
768 272 9 11 0.09609719 
506 47 9 11 0.09608836 
134 257 12 13 0.09542196 
894 159 8 10 0.09525478 
827 222 9 11 0.09514237 
29 236 12 16 0.09506073 
594 167 7 9 0.09499332 
496 148 11 14 0.09462096 
348 241 11 16 0.094111905 
683 132 10 11 0.09396323 
796 134 9 10 0.09383913 
86 256 9 12 0.09355744 
224 182 9 12 0.093453914 
955 146 13 16 0.09218239 
595 232 10 13 0.0917423 
524 126 10 12 0.09171951 
874 228 11 12 0.090814576 
837 206 10 13 0.089724325 
520 247 10 12 0.088032946 
841 183 9 11 0.08792692 
261 166 8 12 0.087478966 
990 310 13 16 0.087387845 
558 232 7 9 0.08707474 
550 168 9 10 0.08702986 
911 240 8 10 0.086868785 
582 157 8 11 0.08678599 
704 265 8 10 0.086667806 
672 276 11 13 0.08639244 
81 255 8 11 0.08620048 
544 113 10 12 0.0860915 
838 151 7 9 0.08501078 
32 198 9 11 0.08451874 
217 115 11 14 0.084509246 
518 205 9 11 0.08428411 
702 246 8 11 0.08381116 
832 214 9 11 0.08380502 
427 212 11 13 0.08368329 
581 245 9 14 0.08366587 
1 287 9 13 0.08354732 
902 224 9 11 0.083076105 
137 221 9 12 0.08303492 
567 144 9 11 0.08238864 
232 272 10 12 0.08235043 
560 124 9 11 0.082161754 
606 221 9 11 0.08130377 
468 175 11 14 0.08056447 
101 246 9 11 0.08000325 
794 173 8 10 0.07924312 
855 149 8 10 0.079221785 
534 136 8 10 0.07917303 
512 103 8 10 0.07897125 
349 218 11 13 0.078933164 
192 192 8 10 0.078323826 
1003 295 10 12 0.07812052 
237 272 9 11 0.07771924 
559 237 8 10 0.07760066 
487 236 9 12 0.077372536 
70 198 11 14 0.077135004 
473 159 9 11 0.07702793 
965 182 9 12 0.07696446 
229 249 9 10 0.07681981 
913 157 9 11 0.07611475 
95 255 10 13 0.07596839 
870 160 10 10 0.07583249 
641 261 8 10 0.075730115 
479 120 8 10 0.07538147 
88 224 9 12 0.07419137 
177 185 8 10 0.073973045 
814 186 10 13 0.07392393 
934 236 9 12 0.07387603 
463 262 11 13 0.073534295 
600 220 10 12 0.07346711 
330 149 12 15 0.07335204 
669 261 9 10 0.07296295 
702 231 8 11 0.07269098 
527 248 8 11 0.07256972 
504 52 7 10 0.072343096 
606 199 8 10 0.07230452 
824 183 9 13 0.07203168 
583 152 10 12 0.07182273 
60 201 14 17 0.07147527 
521 143 9 11 0.07099227 
198 220 9 11 0.070607275 
575 151 8 11 0.07047412 
55 319 8 9 0.06959218 
519 238 9 11 0.06949255 
945 151 9 13 0.069442876 
464 178 11 13 0.06939629 
657 147 9 11 0.06874633 
254 132 9 11 0.06851914 
974 167 11 13 0.0677473 
222 135 9 10 0.067477345 
617 263 8 10 0.06723143 
392 95 10 13 0.067121886 
661 269 9 13 0.066802174 
583 142 9 11 0.06659414 
519 229 9 12 0.066332325 
455 112 10 14 0.06629743 
632 160 9 12 0.06609088 
427 221 10 13 0.06604779 
209 152 7 9 0.06583864 
647 253 10 12 0.065472744 
952 141 11 13 0.06541286 
600 167 7 9 0.06522211 
558 199 7 9 0.06516987 
695 245 10 12 0.06515069 
567 166 8 10 0.06507925 
127 195 11 15 0.06502334 
227 252 12 16 0.06489329 
855 143 10 12 0.06486151 
599 255 8 10 0.06484348 
878 192 8 11 0.064663924 
928 280 8 10 0.06438546 
878 135 7 9 0.06430105 
545 95 8 10 0.06402503 
897 222 9 12 0.063900575 
84 284 11 13 0.06361681 
221 141 9 13 0.06324888 
956 156 10 11 0.06319466 
942 230 8 11 0.06313955 
628 232 8 11 0.062935814 
157 161 7 9 0.062857874 
664 276 9 12 0.06264953 
961 190 9 12 0.06250555 
680 146 10 12 0.06245106 
546 148 9 12 0.06237373 
985 141 8 10 0.061940312 
174 237 8 11 0.06154707 
582 135 10 12 0.0615342 
984 155 10 13 0.061361805 
160 263 7 9 0.05997851 
901 147 8 11 0.059882954 
793 213 8 10 0.05947907 
527 180 10 13 0.05932951 
77 230 9 13 0.05914103 
101 232 9 10 0.05897405 
129 311 6 8 0.058957726 
101 239 8 11 0.058796346 
697 189 8 12 0.058688927 
431 176 10 12 0.058462232 
477 96 9 11 0.058289055 
866 165 7 9 0.05793192 
865 200 9 12 0.057850827 
425 102 9 11 0.05778521 
424 118 9 12 0.05776796 
960 173 10 13 0.05763498 
696 169 7 10 0.057509247 
696 253 8 9 0.057419397 
22 320 9 11 0.05710725 
654 193 10 11 0.057065148 
492 110 10 11 0.057007357 
118 303 9 11 0.056718417 
616 141 9 11 0.05663734 
492 125 10 13 0.056324128 
493 93 11 13 0.05606179 
478 246 8 11 0.05602253 
684 142 9 12 0.055413842 
833 153 9 10 0.054919045 
810 187 9 11 0.054874826 
103 260 9 11 0.054690097 
197 192 8 10 0.0544799 
998 180 10 11 0.054413397 
465 210 9 12 0.054127544 
95 236 10 12 0.054000728 
581 100 9 11 0.05368909 
983 239 8 11 0.05367884 
567 245 9 14 0.053362004 
111 254 8 11 0.053046215 
833 164 10 13 0.052904427 
792 206 8 10 0.052690666 
598 189 10 13 0.052621733 
644 142 10 12 0.052592456 
850 127 9 11 0.052557457 
669 247 9 10 0.052326716 
649 160 9 11 0.051942643 
165 197 8 11 0.05187559 
486 148 10 12 0.05180034 
590 124 13 15 0.05174931 
487 110 9 11 0.05151968 
977 251 11 15 0.05129273 
225 159 9 11 0.051136 
466 257 8 10 0.050693873 
513 255 9 11 0.050638646 
974 206 10 11 0.05063578 
689 247 8 10 0.050597515 
936 151 9 12 0.050517693 
493 101 10 12 0.050465543 
112 286 8 9 0.050395124 
35 237 12 14 0.05035058 
372 114 12 14 0.050310917 
890 164 10 12 0.050309498 
536 85 7 9 0.050146177 
814 173 8 10 0.05008335 
882 220 12 16 0.049915925 
589 151 8 11 0.049865384 
502 155 9 12 0.049841147 
993 316 15 16 0.049757585 
924 224 10 12 0.04975032 
565 263 10 11 0.049658254 
550 252 8 11 0.049637068 
525 118 10 13 0.049626317 
25 221 10 14 0.049466826 
622 175 7 9 0.049163032 
33 202 11 14 0.04914304 
518 110 8 10 0.04898919 
112 177 11 14 0.04889317 
704 168 8 10 0.048877604 
826 158 8 11 0.04880863 
0 329 9 15 0.048766624 
484 508 17 20 0.048737615 
732 146 11 14 0.04824775 
62 210 14 17 0.04814138 
328 215 12 14 0.048055865 
505 64 7 11 0.04795233 
167 240 9 11 0.047898263 
235 152 13 16 0.047764923 
1010 143 7 9 0.04771806 
294 254 11 13 0.047575403 
769 180 8 10 0.047508754 
673 167 9 11 0.047365315 
966 172 10 14 0.047264654 
991 174 10 13 0.04710929 
689 253 8 11 0.04709147 
839 201 9 11 0.04706453 
373 64 10 12 0.04701404 
770 159 7 9 0.04699768 
607 160 8 9 0.046799906 
216 149 8 10 0.04676634 
184 280 7 9 0.046664163 
911 180 10 11 0.04623463 
601 77 9 12 0.046160284 
567 187 11 13 0.046018243 
601 160 7 9 0.045967814 
224 269 9 13 0.04593299 
122 237 9 12 0.04584266 
175 279 8 11 0.045741316 
53 277 8 10 0.045717467 
978 237 8 12 0.045678873 
721 261 8 11 0.045552336 
936 232 9 12 0.045427207 
558 119 10 12 0.045338914 
528 161 9 11 0.045219414 
0 276 10 15 0.04508986 
988 250 11 14 0.044869807 
513 96 8 9 0.044717245 
528 96 9 11 0.044642687 
861 222 9 11 0.044388793 
806 206 10 12 0.044236 
600 195 10 12 0.044222414 
661 197 9 12 0.044125434 
896 147 10 12 0.04409519 
481 142 9 12 0.044080034 
1012 213 10 13 0.04407334 
325 68 15 17 0.043926008 
606 165 7 9 0.043882914 
947 178 10 13 0.043829437 
623 141 8 12 0.04382304 
593 256 10 11 0.043653063 
41 297 9 12 0.04361397 
534 271 8 11 0.04360745 
559 191 8 11 0.043560036 
810 175 9 10 0.043522045 
552 160 8 10 0.043450244 
526 149 8 10 0.04330659 
993 180 9 12 0.043295715 
969 166 10 13 0.042935576 
5 576 40 55 0.04293029 
577 135 8 10 0.0426739 
565 95 9 10 0.042649303 
703 159 7 8 0.042646617 
937 179 9 12 0.04236863 
548 117 9 12 0.042299725 
825 177 9 11 0.042288262 
532 247 9 11 0.04224239 
710 264 7 8 0.042139098 
661 144 8 11 0.042115092 
486 244 10 13 0.042030487 
734 244 8 10 0.041977864 
258 157 9 11 0.041720487 
993 290 20 23 0.041686594 
966 205 11 13 0.04168244 
488 120 9 11 0.041592725 
546 253 8 10 0.041577574 
13 270 9 11 0.041527815 
745 198 8 10 0.04143984 
88 349 8 10 0.041405436 
559 174 8 10 0.04128078 
663 232 8 11 0.041063517 
365 248 8 9 0.040967315 
936 142 9 10 0.040864456 
958 205 11 14 0.040712632 
498 72 8 11 0.040654894 
975 178 10 13 0.040474255 
937 136 7 9 0.040444326 
1013 247 9 14 0.040286437 
727 268 9 11 0.040084567 
936 199 10 13 0.040018898 
112 596 18 20 0.039965566 
116 181 11 13 0.039883338 
1005 152 10 11 0.039878637 
552 192 8 10 0.039771233 
783 175 7 9 0.03961653 
940 203 10 13 0.039575536 
553 198 8 10 0.039161984 
785 203 9 11 0.03906024 
161 239 9 13 0.038829677 
166 192 8 10 0.03879636 
207 143 9 11 0.038770735 
921 236 9 12 0.038747102 
836 166 11 12 0.03871872 
119 308 8 10 0.03869059 
1006 199 9 11 0.038605463 
436 155 10 13 0.038600415 
998 245 9 12 0.038594976 
80 320 8 10 0.03858884 
975 152 9 12 0.038399506 
925 142 8 10 0.038131885 
872 178 12 14 0.037842877 
597 132 9 12 0.037679784 
1000 253 10 13 0.03766897 
632 142 12 15 0.03766832 
529 101 10 11 0.037664868 
1000 212 10 13 0.037664145 
196 162 11 13 0.037553858 
621 264 9 10 0.037496787 
1003 234 15 17 0.037407447 
1005 268 10 12 0.03738547 
966 198 9 11 0.037328638 
574 142 9 11 0.03727523 
873 137 9 9 0.03719504 
960 197 9 11 0.037189044 
1014 220 10 14 0.037070647 
512 247 8 11 0.037009712 
377 150 10 12 0.036916964 
951 228 10 12 0.036860026 
864 182 9 13 0.03668783 
508 68 9 13 0.036592554 
664 286 8 10 0.036586262 
411 134 15 18 0.036444243 
111 295 9 11 0.036382064 
198 153 8 10 0.03634699 
52 350 10 11 0.036291078 
-1 243 8 14 0.036231324 
237 255 11 14 0.036191534 
749 198 8 11 0.036189955 
720 256 7 10 0.03618989 
959 240 8 11 0.036114655 
592 260 9 11 0.036014564 
161 192 9 11 0.03599822 
575 165 8 10 0.035792604 
175 285 9 10 0.035776727 
84 269 12 14 0.03577307 
625 159 8 11 0.035607934 
479 125 9 11 0.035542443 
521 175 8 11 0.03549991 
620 116 10 13 0.03546148 
527 174 9 12 0.035422944 
515 260 8 10 0.03538445 
152 286 8 10 0.03531757 
886 173 9 13 0.03525655 
793 182 8 10 0.035246532 
423 123 9 13 0.03520655 
92 225 9 11 0.035075046 
704 223 8 11 0.03507054 
927 151 9 12 0.035065927 
898 137 8 10 0.035062682 
497 156 9 11 0.03499899 
656 122 12 15 0.03493766 
849 152 9 10 0.03492862 
1014 309 10 14 0.034843646 
569 158 10 11 0.0347966 
14 278 9 12 0.03474587 
286 127 12 14 0.03474477 
710 239 8 11 0.03470615 
46 307 9 11 0.0346403 
1000 152 9 10 0.034635894 
221 149 9 10 0.034596935 
751 205 8 11 0.034527007 
94 283 9 13 0.034418825 
608 259 9 11 0.034417048 
499 180 9 13 0.034335364 
553 238 8 10 0.034329083 
1006 173 11 13 0.034322795 
567 206 9 11 0.03430835 
873 190 10 12 0.03429967 
588 86 10 11 0.034265872 
708 229 9 11 0.03418226 
750 271 10 11 0.034159843 
502 35 10 12 0.03415683 
28 227 13 16 0.034062296 
871 261 10 14 0.03390563 
1014 142 7 10 0.033898238 
974 269 9 13 0.03386022 
980 244 21 26 0.03378145 
497 176 8 11 0.033780072 
525 133 9 11 0.03371442 
193 153 8 9 0.033645194 
708 207 9 11 0.033614963 
177 194 10 13 0.0335756 
2 262 9 13 0.033392422 
376 105 10 12 0.033308994 
208 163 9 11 0.03325526 
535 141 9 11 0.033242356 
345 77 9 13 0.03322703 
121 230 10 12 0.033093687 
239 188 10 12 0.03302713 
917 156 9 11 0.03299278 
623 126 10 12 0.032987133 
607 126 8 11 0.032972906 
501 204 10 12 0.032922734 
641 255 8 11 0.032890514 
773 166 8 10 0.032881387 
930 264 8 11 0.032750987 
669 160 9 11 0.032749794 
23 260 10 13 0.032734953 
502 235 10 12 0.032665357 
567 125 9 10 0.03264885 
246 139 11 14 0.032629117 
118 169 11 12 0.032620464 
1006 258 10 13 0.03261802 
654 252 9 11 0.032615386 
733 191 9 11 0.032483816 
39 282 10 13 0.032451615 
614 149 9 11 0.03240001 
221 125 9 12 0.032377787 
1007 247 11 13 0.032367084 
511 176 8 11 0.032353316 
102 254 10 13 0.032351308 
502 247 9 12 0.032248348 
611 212 9 12 0.03218686 
1014 283 10 15 0.03210339 
345 165 8 11 0.032067005 
461 112 9 12 0.031990763 
169 253 8 11 0.031985037 
585 236 10 14 0.031974737 
84 277 12 15 0.03193768 
593 275 9 12 0.03187406 
132 196 11 14 0.031784534 
709 109 11 13 0.03175546 
641 204 9 12 0.031620532 
951 238 8 11 0.031513743 
866 160 8 10 0.031461112 
977 191 8 10 0.03144947 
75 203 12 15 0.031334024 
634 606 45 63 0.031297777 
609 142 8 10 0.03129089 
172 228 9 12 0.03121693 
208 189 9 12 0.03118789 
526 111 9 10 0.031071812 
943 223 10 13 0.031004798 
930 270 8 9 0.030983372 
734 167 7 9 0.030958574 
561 143 8 11 0.030921802 
709 246 8 11 0.030913185 
953 136 10 12 0.030776585 
217 134 10 11 0.030652355 
671 127 12 14 0.03055564 
929 198 9 12 0.030530991 
328 182 10 13 0.030462258 
246 183 8 10 0.030408109 
173 244 10 12 0.030368991 
5 327 11 13 0.030361388 
85 294 10 13 0.030290829 
600 212 10 14 0.030273072 
103 269 9 10 0.030142874 
255 151 10 13 0.030019382 
863 143 9 11 0.02991434 
837 158 9 10 0.029896649 
128 162 9 11 0.029844837 
423 110 10 12 0.029825965 
996 202 13 15 0.0298111 
561 149 8 10 0.029771984 
685 166 8 11 0.029697347 
685 188 9 12 0.029674465 
419 139 12 17 0.029515784 
603 181 9 11 0.029493257 
477 157 9 12 0.02947082 
137 295 8 11 0.029458307 
170 279 8 11 0.029440796 
762 264 7 8 0.029416814 
538 118 10 12 0.029353732 
991 192 10 13 0.029336853 
511 132 9 11 0.029320143 
648 199 8 10 0.029268006 
639 271 8 10 0.029265298 
790 192 8 9 0.029254923 
127 244 9 12 0.029247615 
959 168 10 13 0.029245965 
648 248 10 12 0.029244931 
560 245 11 14 0.029195586 
613 158 9 10 0.029171681 
624 133 10 13 0.029133523 
464 274 12 14 0.029128559 
85 307 9 11 0.02912721 
729 136 10 12 0.029123044 
504 252 8 11 0.02906308 
957 227 9 11 0.029046899 
430 247 13 16 0.029030899 
509 51 9 11 0.02900204 
543 159 8 11 0.02892537 
704 117 11 13 0.02888855 
889 160 9 10 0.028864702 
388 211 9 12 0.028817572 
654 159 9 11 0.02880472 
703 252 8 9 0.028799746 
54 294 9 11 0.02856728 
754 651 12 14 0.028550355 
87 320 8 9 0.02853614 
25 543 8 10 0.028457731 
847 141 10 11 0.028452821 
704 96 13 16 0.028379912 
927 156 10 12 0.028324306 
127 183 10 12 0.028300807 
565 101 10 12 0.028287046 
674 171 9 12 0.028246105 
551 89 8 10 0.028131308 
334 245 9 12 0.028121907 
159 170 10 13 0.028096484 
382 157 9 12 0.02809587 
521 179 10 13 0.02809232 
432 263 9 11 0.028090425 
783 182 8 9 0.028022291 
751 94 8 11 0.028001584 
989 240 11 13 0.027964674 
739 115 12 14 0.02793172 
942 135 8 10 0.02787936 
871 254 9 12 0.02782472 
606 227 10 12 0.027757958 
1007 179 9 12 0.027739592 
120 246 9 11 0.027710594 
470 141 9 13 0.02770342 
478 205 10 13 0.02762673 
844 187 10 12 0.027611565 
977 199 9 11 0.027476862 
480 167 9 12 0.027413784 
424 95 10 11 0.027380629 
0 308 7 13 0.02734423 
535 125 9 11 0.027332783 
470 254 8 10 0.027293123 
704 199 8 9 0.027236734 
473 100 9 10 0.027173113 
562 265 9 11 0.027172998 
838 173 10 12 0.027132204 
729 156 10 11 0.027082855 
645 260 9 11 0.02706477 
1013 175 10 14 0.0270528 
972 211 12 15 0.027033444 
385 174 10 13 0.027028592 
784 191 9 11 0.026926804 
981 202 11 14 0.026917294 
182 215 10 12 0.026837379 
157 285 10 11 0.026813876 
581 88 10 11 0.026743004 
369 82 11 15 0.026659582 
446 115 12 15 0.026604768 
597 243 9 12 0.026553873 
558 134 9 11 0.026549721 
295 249 7 10 0.026518162 
213 165 9 11 0.026508017 
495 245 10 13 0.026463421 
982 178 10 13 0.026442397 
989 140 10 12 0.026427615 
351 133 12 12 0.026414812 
470 196 8 11 0.026385395 
999 238 12 15 0.026356881 
498 198 9 13 0.026350833 
128 338 9 10 0.02625503 
416 84 10 13 0.026186151 
877 262 10 12 0.026167609 
140 216 9 11 0.026163585 
169 152 10 12 0.026088936 
55 313 8 9 0.026049666 
45 238 10 15 0.026012952 
4 275 11 14 0.02598823 
773 160 8 9 0.025958234 
624 110 10 12 0.02595653 
500 226 15 17 0.025954325 
607 135 8 11 0.025937296 
74 186 11 14 0.025904277 
38 365 14 16 0.025896987 
57 220 12 15 0.025889892 
942 168 17 23 0.025877101 
936 223 10 12 0.025868453 
594 173 9 12 0.025813425 
671 140 12 14 0.025810437 
463 88 8 10 0.025756856 
517 103 8 10 0.025694128 
314 175 10 11 0.025671255 
942 235 10 13 0.025654206 
507 187 10 12 0.02564676 
1006 246 18 26 0.025577284 
760 272 11 12 0.025565641 
78 245 8 11 0.025546772 
512 87 8 10 0.025444636 
589 71 9 11 0.025349712 
367 53 9 11 0.025333293 
329 133 11 14 0.025318904 
481 149 9 13 0.02531081 
347 230 12 15 0.02520718 
70 320 8 10 0.025196113 
566 279 9 11 0.025154848 
367 255 9 11 0.025134627 
359 117 11 14 0.02512701 
494 87 10 12 0.024956515 
404 99 12 13 0.024956375 
980 167 11 14 0.02490417 
599 94 10 13 0.02489684 
0 299 8 14 0.024872608 
361 254 9 11 0.0248575 
368 260 10 13 0.024854282 
474 629 12 15 0.024835758 
606 86 9 11 0.024757434 
-1 548 23 28 0.024755368 
145 287 8 9 0.024734853 
606 192 9 12 0.024717005 
37 241 12 16 0.024695989 
808 212 8 11 0.024681728 
215 184 11 14 0.024659473 
330 138 13 16 0.024597201 
736 255 8 10 0.024567647 
973 288 10 12 0.024488783 
126 304 8 10 0.02444762 
40 309 9 12 0.024443032 
981 231 10 13 0.024404997 
664 164 8 10 0.02438331 
719 167 7 10 0.024327395 
513 159 7 10 0.024216773 
560 167 7 10 0.024185622 
589 218 13 15 0.024132783 
966 245 10 11 0.02413137 
593 295 7 8 0.02411533 
1013 200 9 13 0.02411089 
657 109 11 14 0.024095511 
750 175 8 11 0.02409028 
509 64 8 11 0.02408524 
132 237 9 11 0.024084633 
75 211 12 15 0.024078852 
511 228 9 13 0.023971617 
728 232 9 11 0.023960227 
566 108 9 11 0.023941321 
584 119 9 11 0.023870101 
566 240 9 11 0.023813596 
680 252 9 11 0.023745859 
354 213 10 12 0.023742212 
945 168 10 13 0.02373551 
425 68 9 12 0.023727274 
641 278 9 11 0.023714729 
558 204 9 11 0.023709187 
409 212 14 16 0.023678852 
109 187 19 23 0.023633273 
976 260 10 14 0.023627385 
47 203 12 16 0.02360299 
398 93 12 14 0.023552634 
989 166 9 12 0.023459554 
797 129 8 10 0.023431595 
535 80 8 10 0.023289341 
742 255 7 10 0.02328586 
698 264 8 10 0.02328058 
616 190 9 11 0.023255726 
729 183 8 10 0.023212856 
181 185 9 10 0.023186583 
469 190 9 13 0.023183119 
590 158 8 10 0.023152452 
480 239 9 12 0.023147544 
863 213 10 13 0.023128113 
461 126 10 14 0.02311905 
992 192 19 23 0.023019057 
487 105 9 11 0.0230051 
429 118 8 11 0.022977203 
173 311 9 12 0.022969374 
504 102 8 9 0.022953046 
345 220 11 14 0.022944834 
695 151 8 11 0.022931827 
736 215 9 11 0.02285712 
488 252 8 11 0.022708613 
257 170 10 12 0.022660121 
679 234 11 13 0.022648713 
423 64 8 11 0.02263959 
574 125 10 12 0.022523856 
533 254 8 10 0.022521304 
623 198 9 11 0.022488078 
583 287 7 9 0.022446638 
927 167 9 10 0.022427166 
657 100 11 12 0.02235627 
532 173 10 13 0.022345247 
616 112 10 13 0.022326984 
48 272 9 13 0.022270625 
702 188 9 12 0.02226142 
137 288 7 9 0.022225268 
390 179 8 11 0.02221265 
152 231 9 11 0.022203777 
741 150 10 12 0.02220075 
631 271 8 9 0.022182252 
468 491 14 17 0.022175318 
31 372 11 13 0.022146175 
825 216 9 11 0.022142421 
617 240 8 11 0.022095112 
361 245 9 13 0.021994853 
750 180 9 10 0.02195446 
561 95 8 10 0.021860337 
909 221 11 14 0.021839373 
113 300 10 14 0.021734424 
560 181 9 12 0.021731962 
874 128 7 9 0.021656211 
88 325 7 9 0.021649858 
864 173 10 12 0.021649608 
544 167 8 10 0.02164387 
1006 220 13 14 0.021641415 
588 140 11 13 0.021623129 
478 279 8 10 0.021619407 
890 150 9 10 0.021618892 
730 166 8 11 0.021595014 
614 100 9 11 0.021553222 
517 95 8 10 0.021548945 
750 168 8 10 0.021542922 
483 189 12 14 0.021521445 
515 165 8 10 0.021504082 
62 227 14 18 0.02150067 
656 240 9 12 0.02149021 
678 247 10 11 0.02142601 
469 277 10 12 0.021423182 
878 129 8 9 0.021422867 
624 148 8 11 0.02142238 
545 198 9 12 0.021402609 
926 175 9 11 0.021398744 
500 175 18 25 0.021393767 
876 159 9 11 0.021373449 
585 261 9 10 0.021368094 
598 260 9 10 0.0213358 
745 175 9 11 0.021314 
167 183 8 11 0.021292577 
654 134 11 13 0.021242723 
126 221 10 12 0.021217994 
381 103 8 11 0.021201104 
344 93 10 12 0.02118223 
876 231 13 17 0.021159295 
755 286 13 14 0.02111547 
324 150 20 23 0.021075517 
184 172 9 11 0.021068383 
624 190 8 10 0.021061862 
681 159 9 11 0.021034995 
534 198 9 12 0.021028314 
855 227 10 12 0.020998515 
675 126 20 23 0.020995356 
773 174 9 10 0.020978047 
617 285 9 10 0.02096706 
623 270 9 10 0.020886915 
735 286 9 11 0.020854762 
121 221 10 13 0.020832174 
294 157 9 10 0.020815164 
744 140 10 14 0.020809293 
661 95 10 11 0.020789439 
623 203 8 11 0.020763902 
966 149 9 12 0.020746445 
510 126 10 12 0.020743527 
954 197 9 11 0.020733543 
843 206 10 12 0.020716134 
576 229 10 13 0.020716099 
330 125 9 11 0.020671159 
696 157 8 10 0.02062239 
886 198 10 12 0.020620938 
1008 282 22 28 0.020551061 
517 211 11 14 0.020549178 
457 94 8 11 0.020548997 
567 309 9 11 0.020548355 
533 239 9 12 0.020534985 
261 187 10 14 0.020490183 
114 308 10 11 0.020472713 
589 76 11 13 0.020471232 
729 190 9 10 0.020440865 
582 229 11 14 0.02042499 
102 301 9 12 0.020367859 
906 180 8 11 0.020322647 
894 215 11 14 0.020298956 
142 197 8 12 0.020287827 
177 293 8 10 0.020244766 
486 154 12 14 0.02024031 
651 191 8 11 0.020225113 
193 221 10 11 0.020217601 
997 287 14 16 0.020210462 
481 109 9 12 0.02019185 
1011 234 13 17 0.020190548 
646 272 9 10 0.020170428 
567 212 11 14 0.020148236 
1005 261 23 30 0.020142598 
190 280 7 10 0.020128407 
70 325 7 11 0.020112554 
637 173 10 12 0.020105772 
438 118 13 14 0.020101022 
420 132 11 14 0.020046528 
910 191 10 11 0.020033773 
557 103 10 13 0.020012366 
260 126 12 15 0.02001164 
