0_Parade_marchingband_1_768
554
280 213 37 40 0.9797545 
462 611 20 27 0.9364534 
828 623 24 34 0.6383297 
783 622 12 16 0.61903846 
680 637 27 31 0.5802592 
708 620 13 17 0.4618425 
532 611 16 20 0.33644038 
222 180 24 29 0.213761 
502 636 10 12 0.18683316 
610 630 9 13 0.18665916 
501 565 9 11 0.18021777 
983 639 32 37 0.1773992 
453 566 10 11 0.17624834 
557 565 10 11 0.1513145 
366 520 8 10 0.14957516 
678 549 9 11 0.12589458 
909 653 27 31 0.12235198 
407 521 8 11 0.11304665 
558 527 8 10 0.113027856 
680 545 8 10 0.104336716 
496 603 11 12 0.10192404 
554 527 7 10 0.10109458 
622 544 8 10 0.097894646 
641 637 10 14 0.09626284 
610 488 7 8 0.095986016 
560 504 7 9 0.09423767 
376 -6 166 241 0.09382429 
465 480 7 8 0.0928898 
557 628 10 13 0.0890814 
617 544 8 9 0.08901682 
599 550 7 8 0.087544106 
1001 550 8 11 0.086734444 
431 470 8 9 0.083696075 
626 581 7 11 0.077342875 
513 511 7 9 0.07652527 
301 651 9 14 0.07652349 
528 495 7 9 0.07634486 
537 614 17 20 0.07538288 
609 575 8 9 0.07456219 
674 551 8 10 0.0741452 
535 600 12 14 0.072894685 
623 576 8 10 0.07266655 
873 559 8 10 0.072196834 
568 479 8 10 0.07165335 
607 560 9 11 0.07155181 
549 619 12 16 0.07100377 
477 533 8 10 0.07064551 
661 597 9 12 0.06999525 
369 544 8 10 0.06984165 
466 456 7 9 0.06770953 
777 620 12 15 0.06765044 
496 518 8 9 0.06747456 
382 463 8 10 0.06739626 
630 583 8 11 0.06655579 
486 516 9 11 0.06575711 
415 551 8 10 0.065591685 
433 518 7 10 0.06539819 
624 518 7 9 0.06518461 
489 544 8 9 0.06515051 
640 527 7 8 0.064417176 
398 626 10 13 0.06432812 
696 559 7 10 0.06390651 
643 645 11 14 0.06388246 
409 525 8 10 0.06381562 
839 633 16 23 0.06373676 
616 549 8 10 0.06279559 
607 565 8 10 0.062690735 
574 520 8 9 0.06245317 
586 573 9 12 0.062069442 
433 512 7 9 0.061762776 
433 11 87 146 0.061623726 
695 576 8 10 0.06093216 
658 496 6 9 0.060661405 
639 502 7 10 0.05969293 
361 488 8 9 0.05965695 
152 518 9 10 0.058950167 
609 50 431 473 0.058936942 
817 621 24 31 0.058875423 
512 487 7 9 0.058671124 
409 495 7 9 0.058147833 
568 544 8 10 0.058129583 
471 479 7 9 0.058020942 
33 518 8 10 0.05752802 
544 549 8 10 0.057291225 
511 536 8 10 0.057057377 
362 518 7 11 0.056473553 
705 535 7 8 0.05625843 
575 464 7 9 0.056176726 
607 520 8 9 0.055804726 
614 488 7 10 0.05575786 
648 574 8 11 0.055416312 
471 503 7 9 0.055302676 
471 455 6 9 0.055085752 
790 557 8 9 0.055043 
520 509 6 10 0.055035062 
679 511 7 9 0.054986015 
438 503 8 9 0.054847974 
616 494 7 10 0.054820575 
552 487 7 9 0.054459956 
235 182 11 16 0.054330356 
400 471 8 10 0.054241378 
464 527 8 10 0.053974487 
608 512 7 9 0.053951997 
575 480 7 9 0.053752787 
408 534 7 10 0.053643472 
432 465 7 9 0.052953295 
600 545 6 8 0.05273473 
624 512 7 9 0.05269624 
662 496 7 9 0.051705614 
481 513 8 10 0.051063027 
497 471 7 9 0.050929688 
478 529 8 10 0.050736245 
489 480 6 8 0.05071266 
496 487 7 9 0.050666608 
598 584 7 10 0.050115407 
976 536 7 10 0.049954347 
567 496 8 9 0.049743537 
447 534 7 9 0.049545426 
437 519 7 10 0.048998524 
502 495 8 10 0.048855405 
422 478 8 10 0.048685513 
664 513 7 8 0.048623417 
576 497 7 8 0.048472025 
528 510 7 10 0.048260715 
703 573 9 11 0.047861416 
614 589 8 10 0.047735147 
502 502 8 10 0.04748461 
511 526 8 9 0.047304824 
432 488 8 9 0.046884313 
554 504 7 9 0.046758678 
449 487 7 9 0.046676453 
352 611 12 14 0.046565607 
455 470 7 9 0.046137866 
455 553 8 10 0.045309167 
345 476 8 10 0.045190565 
463 587 8 11 0.04440652 
655 464 7 8 0.044267874 
607 525 7 9 0.044165887 
584 520 7 9 0.04382876 
498 495 7 9 0.043609913 
515 596 13 15 0.043528702 
392 560 6 10 0.043321904 
608 543 7 9 0.043212786 
593 488 6 8 0.04305756 
678 556 8 10 0.042844206 
512 520 8 9 0.042000804 
456 511 7 9 0.04195796 
520 505 7 10 0.04182051 
876 566 10 12 0.041480828 
568 526 8 10 0.04137957 
447 603 11 13 0.041363053 
527 541 8 10 0.04123832 
551 472 7 8 0.041221734 
129 481 6 8 0.04105281 
406 472 7 9 0.040958717 
669 574 9 12 0.04084006 
449 551 8 10 0.040829178 
482 517 8 10 0.04070107 
599 495 7 8 0.040638115 
820 612 14 17 0.04056302 
623 462 8 10 0.040402737 
663 478 8 9 0.04033054 
383 535 7 8 0.040300507 
489 549 8 10 0.04029669 
471 448 7 9 0.040255494 
472 528 8 11 0.040130813 
400 542 7 9 0.0399805 
498 502 7 10 0.039836094 
433 503 7 9 0.039741576 
376 558 8 10 0.039714266 
393 565 8 10 0.039478216 
481 487 6 8 0.039094754 
455 558 10 12 0.038988095 
626 480 6 8 0.038934425 
391 628 11 12 0.0388922 
616 518 7 9 0.038702644 
480 463 7 10 0.038655277 
601 566 8 10 0.03848231 
529 535 7 10 0.038479 
786 558 8 10 0.0383432 
609 582 8 10 0.038336594 
463 553 8 10 0.03809892 
135 481 7 9 0.03789493 
442 479 7 9 0.037789118 
551 544 8 10 0.037702903 
822 551 8 10 0.037700195 
495 479 7 9 0.037582505 
494 544 8 10 0.03726751 
391 512 8 10 0.03716851 
897 551 7 10 0.03699442 
689 521 7 9 0.036990505 
616 513 7 8 0.036922343 
568 472 7 8 0.03685831 
592 495 7 9 0.036791343 
649 534 6 8 0.036741033 
119 511 7 8 0.03671768 
551 519 8 9 0.036565654 
609 551 7 9 0.03651724 
662 472 8 10 0.0363339 
655 511 8 10 0.036187496 
406 627 9 11 0.03615307 
268 659 13 16 0.036131416 
646 581 10 12 0.035655163 
575 502 8 9 0.035576683 
414 521 8 10 0.035551462 
673 544 8 10 0.035381757 
657 528 7 9 0.035155017 
438 464 8 9 0.035133854 
554 622 11 15 0.035127506 
583 544 7 9 0.035084296 
609 463 6 9 0.035052247 
423 496 8 9 0.034992725 
449 471 7 9 0.03495395 
456 465 8 10 0.034933276 
425 471 7 10 0.034894917 
584 568 8 10 0.034880288 
535 534 7 9 0.034634255 
536 573 8 10 0.034510653 
576 567 8 11 0.034480017 
425 448 7 9 0.03442339 
357 534 8 10 0.03440894 
882 603 13 16 0.03437844 
384 503 7 9 0.034324963 
609 480 7 8 0.0342601 
496 513 7 10 0.03406723 
456 479 7 9 0.03406059 
535 511 7 10 0.03401398 
569 520 7 9 0.034003805 
464 462 7 9 0.033947174 
110 603 10 12 0.033794872 
518 566 9 11 0.033684626 
640 520 7 9 0.033633508 
656 502 7 8 0.033595 
647 528 7 9 0.03332606 
817 558 7 10 0.033250794 
413 525 8 10 0.03323145 
376 551 7 10 0.03318087 
208 484 10 15 0.033135913 
818 551 8 11 0.033053335 
631 495 7 10 0.032836773 
600 489 6 8 0.032730162 
543 527 7 9 0.032681365 
513 470 6 9 0.032611348 
544 504 7 9 0.032396834 
576 440 8 9 0.032385625 
672 512 7 8 0.03229819 
557 572 10 12 0.032287534 
424 536 7 9 0.032235187 
590 568 8 10 0.032207225 
726 567 7 9 0.032192364 
583 480 7 9 0.03218652 
640 496 7 9 0.03214707 
537 529 7 9 0.032117914 
616 463 7 10 0.032095872 
464 512 7 9 0.032085318 
352 503 7 10 0.032008093 
517 629 11 14 0.031907808 
432 495 8 9 0.031850487 
679 503 8 10 0.03182762 
504 512 7 9 0.03181579 
824 574 10 11 0.031717528 
416 488 7 8 0.03165402 
129 564 9 12 0.03158684 
488 487 7 8 0.031536553 
55 541 8 10 0.031524252 
486 567 8 10 0.03147989 
368 558 7 9 0.031417146 
553 561 9 10 0.0312685 
119 526 8 10 0.031107781 
575 543 7 9 0.030768836 
471 496 7 8 0.030753508 
505 527 8 9 0.03068396 
639 583 9 10 0.030629363 
884 600 10 12 0.030617611 
114 511 7 9 0.030600108 
568 549 7 10 0.030548707 
543 588 8 11 0.030289626 
544 464 6 8 0.03016193 
399 501 7 9 0.030090364 
607 504 8 8 0.030019324 
360 511 7 10 0.029975936 
37 519 8 10 0.029878018 
391 518 8 10 0.029831398 
671 487 7 9 0.029704457 
488 528 8 9 0.029704224 
559 544 8 10 0.029624624 
114 486 7 9 0.029592583 
399 496 7 10 0.029580439 
903 598 9 11 0.029574474 
528 504 7 10 0.02950093 
381 527 8 10 0.029445464 
500 570 11 13 0.029283082 
496 583 10 13 0.029259149 
846 560 9 10 0.029227136 
702 614 16 19 0.029075839 
455 487 6 8 0.0290195 
513 480 7 9 0.028980095 
481 470 7 9 0.028947571 
566 502 7 9 0.028859627 
129 485 7 9 0.028809683 
602 527 8 9 0.02867737 
600 472 7 9 0.028623147 
601 559 8 11 0.028420424 
702 558 7 9 0.02833242 
552 511 8 10 0.028287087 
520 487 7 8 0.028263165 
704 569 8 10 0.028159834 
205 530 13 16 0.028001744 
494 549 9 10 0.027963664 
106 527 8 10 0.027888149 
368 632 10 12 0.027783515 
510 559 8 10 0.027758935 
613 559 8 10 0.0277048 
616 471 7 8 0.027593417 
439 544 7 10 0.027528241 
842 565 8 11 0.027522562 
518 550 7 10 0.027520588 
471 511 7 10 0.02730411 
447 479 7 9 0.027279157 
377 526 8 10 0.027203608 
689 559 7 9 0.027166748 
439 496 7 9 0.027095877 
584 464 7 8 0.027080279 
377 564 9 11 0.027046628 
873 571 10 13 0.02692613 
368 549 7 10 0.026884481 
464 496 7 8 0.02676835 
359 504 8 10 0.026730908 
625 495 7 10 0.026691945 
415 448 8 9 0.02667657 
544 519 7 9 0.02663832 
527 488 6 8 0.026632005 
440 527 7 8 0.026593033 
577 571 8 11 0.026537975 
438 511 7 9 0.0265342 
393 496 8 10 0.026503373 
503 488 7 8 0.026445253 
901 550 9 11 0.026438054 
632 472 6 9 0.02632224 
537 470 7 9 0.026296103 
128 504 7 9 0.0262524 
528 464 7 9 0.026217122 
135 485 8 10 0.026178071 
624 527 7 9 0.026174886 
648 519 7 8 0.02612768 
480 480 7 9 0.026086386 
472 462 7 9 0.026070343 
584 579 9 12 0.026053049 
631 519 7 9 0.02604747 
601 511 8 9 0.02602637 
471 487 7 9 0.025991062 
686 479 8 10 0.0258478 
536 465 7 9 0.025841614 
664 517 6 9 0.025826091 
639 456 7 8 0.025801873 
383 551 8 9 0.025790516 
416 495 7 9 0.025640763 
693 521 8 10 0.025634916 
487 472 7 8 0.025567446 
568 485 8 9 0.02551712 
826 613 14 17 0.025440095 
657 486 7 9 0.025389003 
353 527 9 11 0.025385553 
689 536 7 8 0.025377117 
689 526 7 9 0.025336869 
650 511 7 10 0.02524867 
657 471 7 9 0.025205879 
104 503 8 9 0.025142403 
449 519 7 9 0.025074126 
401 536 7 9 0.025066005 
512 551 9 10 0.025061298 
736 489 7 8 0.025058769 
543 558 8 10 0.024902735 
553 480 7 8 0.024850937 
623 446 8 10 0.024816941 
422 487 8 9 0.02480971 
513 542 8 10 0.024800453 
813 625 16 21 0.024773506 
367 503 7 10 0.024703376 
512 461 204 233 0.024648646 
449 465 7 10 0.024594218 
538 487 6 8 0.024463592 
200 538 11 13 0.024430031 
552 572 10 12 0.02442743 
841 536 8 10 0.024417283 
672 472 7 8 0.024336314 
696 454 8 9 0.024328176 
681 479 8 10 0.02432169 
534 424 7 9 0.02427517 
663 487 8 10 0.024220757 
1000 545 8 10 0.024192685 
439 471 7 9 0.024190709 
911 494 8 10 0.02416716 
633 549 7 9 0.024136374 
543 488 7 9 0.024132987 
480 439 8 9 0.02408199 
722 567 7 9 0.024081845 
392 544 7 9 0.024056984 
625 456 6 9 0.024051605 
73 558 8 11 0.024019636 
825 569 8 10 0.023877703 
409 489 7 8 0.023826687 
686 550 7 9 0.023789046 
360 493 8 9 0.023708833 
129 541 8 9 0.023671811 
486 496 7 9 0.023532527 
136 505 7 9 0.023495866 
865 472 7 10 0.023396965 
641 650 11 14 0.023381392 
857 550 8 10 0.023303902 
649 568 8 10 0.02330144 
848 518 7 10 0.02326195 
608 535 7 10 0.023246044 
431 535 7 9 0.023243051 
673 503 7 9 0.023232128 
531 598 22 29 0.023201814 
526 481 7 8 0.023137076 
633 456 7 9 0.02311032 
822 556 9 11 0.023078386 
649 543 7 9 0.02305791 
537 480 7 8 0.0230503 
656 518 7 8 0.023048244 
574 526 8 9 0.023039132 
365 566 8 11 0.02296398 
349 477 8 10 0.022951907 
825 469 8 10 0.022881405 
418 479 7 9 0.022852648 
665 579 10 13 0.02284401 
96 535 7 9 0.022837156 
584 487 7 8 0.022824233 
418 544 7 9 0.022812866 
689 576 8 11 0.02272109 
835 621 15 21 0.022672778 
623 568 8 9 0.022671772 
361 551 8 11 0.022618942 
695 536 7 8 0.022601759 
665 550 8 10 0.022553401 
520 543 7 9 0.022542566 
113 560 8 10 0.022542529 
384 519 7 9 0.02252632 
367 479 8 9 0.02251464 
631 511 7 9 0.022513365 
593 543 8 10 0.022510583 
489 535 8 10 0.022486204 
456 495 7 9 0.022477256 
503 470 7 9 0.022473065 
625 487 6 9 0.022451097 
505 454 7 10 0.022448905 
439 488 7 8 0.02241794 
425 519 6 9 0.02240427 
360 526 8 10 0.022337113 
205 523 12 16 0.02232151 
591 463 7 8 0.022286067 
448 511 7 9 0.022270778 
558 509 8 10 0.022247646 
119 565 9 11 0.022245213 
506 535 7 9 0.022218065 
710 535 7 9 0.022177948 
133 560 9 11 0.02217 
552 432 7 9 0.022028627 
535 504 7 9 0.022023933 
560 463 7 9 0.022014672 
480 551 7 10 0.021995666 
632 502 8 10 0.021987256 
496 464 7 9 0.021944953 
120 504 7 9 0.021936262 
442 448 7 9 0.021917423 
657 478 7 10 0.021914827 
309 654 10 14 0.021812377 
641 488 6 8 0.021808049 
577 445 8 9 0.02180438 
465 519 7 10 0.021800352 
574 536 8 9 0.021794643 
467 608 14 17 0.021757055 
521 480 7 9 0.0217442 
696 566 8 10 0.021717265 
377 488 7 9 0.02170522 
789 615 20 25 0.021685336 
680 519 7 9 0.021669308 
887 568 10 12 0.021662684 
713 624 13 17 0.02165123 
847 514 7 8 0.021564122 
231 176 11 13 0.021548424 
616 502 8 9 0.021534394 
603 519 8 10 0.021482611 
512 564 8 11 0.02142682 
479 455 7 9 0.021408273 
503 550 8 9 0.021390371 
654 543 7 9 0.021379145 
537 518 7 10 0.021342415 
110 528 8 10 0.021331426 
705 496 7 8 0.02132198 
545 512 7 9 0.02128022 
696 553 7 9 0.02117721 
494 535 7 9 0.021177188 
632 527 7 8 0.021153716 
672 496 7 9 0.021143924 
647 598 10 12 0.021125548 
447 448 8 9 0.021123555 
377 503 7 9 0.021109361 
152 523 11 12 0.021090077 
881 497 7 9 0.021078588 
673 527 7 9 0.021072965 
423 542 7 9 0.021017058 
815 612 12 16 0.020966364 
614 583 8 10 0.020939223 
584 603 9 12 0.020937186 
383 456 7 9 0.020901773 
393 456 7 8 0.020900456 
639 472 6 8 0.020892397 
500 582 11 13 0.020877665 
769 560 7 10 0.02086089 
401 520 8 10 0.020832699 
686 503 7 8 0.020823605 
681 487 7 8 0.020791648 
640 544 7 10 0.020760298 
384 480 8 10 0.020759221 
558 633 12 15 0.020714968 
440 549 7 10 0.020695817 
511 465 7 9 0.020660466 
472 588 8 10 0.020645488 
455 519 7 9 0.020632995 
656 439 7 9 0.02062972 
442 534 7 9 0.020597637 
535 567 8 11 0.020577492 
519 470 7 9 0.020547604 
341 443 10 13 0.020516764 
569 511 7 9 0.020516086 
81 503 8 9 0.02044358 
511 493 8 10 0.020415708 
86 504 8 9 0.020408858 
136 511 7 8 0.020393832 
96 504 7 8 0.020385876 
809 558 8 10 0.020364737 
680 537 7 9 0.020341482 
592 480 7 8 0.020338053 
537 447 7 10 0.020333184 
393 486 8 9 0.020323273 
520 464 7 10 0.020308925 
584 526 8 9 0.020283101 
465 533 8 10 0.020273237 
598 447 8 9 0.020254917 
856 558 9 10 0.020214165 
367 495 7 9 0.020189652 
502 519 8 10 0.020181665 
837 644 16 20 0.02017319 
574 511 8 9 0.020162895 
374 621 9 11 0.020157611 
608 625 10 12 0.020152302 
353 510 8 10 0.02012695 
592 456 8 10 0.020020006 
592 582 9 10 0.020004801 
846 537 8 10 0.020002862 
366 488 7 9 0.020000558 
