0_Parade_marchingband_1_104
135
316 252 32 40 0.998944 
451 262 26 31 0.9899805 
238 246 14 16 0.9043168 
738 230 16 21 0.8182032 
1003 216 17 26 0.71176314 
127 253 13 17 0.6919417 
150 243 11 14 0.53572905 
579 255 13 18 0.3075997 
835 229 12 15 0.30560493 
37 254 11 14 0.30350545 
602 229 8 10 0.27210554 
549 244 10 13 0.21079639 
502 226 10 13 0.20900422 
84 280 10 13 0.19452652 
968 232 9 10 0.19123234 
214 246 7 11 0.14731887 
25 240 7 10 0.12884884 
451 220 11 16 0.12726644 
103 240 10 12 0.11142038 
605 225 8 11 0.09915716 
57 260 9 11 0.090296365 
168 263 10 12 0.08646386 
23 244 8 10 0.08555959 
283 235 10 14 0.08292004 
197 246 8 10 0.077469386 
912 238 11 13 0.07630042 
830 226 19 25 0.070397474 
691 380 60 77 0.06750564 
407 241 12 13 0.06283669 
402 252 25 32 0.061225787 
480 230 12 14 0.060354006 
725 237 14 16 0.059786946 
38 296 7 10 0.058327504 
264 237 8 10 0.056473568 
173 262 11 14 0.05619507 
70 246 9 12 0.054140173 
894 236 9 11 0.05347692 
240 287 9 11 0.05303625 
750 196 11 13 0.05192217 
62 255 8 11 0.05101994 
4 268 11 13 0.0500512 
581 247 12 18 0.04914075 
890 236 9 11 0.047412492 
718 238 11 13 0.046867527 
587 286 9 12 0.043003015 
352 234 13 17 0.042300697 
532 253 13 17 0.04201529 
167 243 9 11 0.041909073 
98 244 10 13 0.04099076 
110 255 9 11 0.040303882 
228 277 9 12 0.040168792 
543 238 12 15 0.04016108 
53 280 8 10 0.03913502 
112 261 9 11 0.038471464 
412 254 12 15 0.037632097 
190 277 8 10 0.03698946 
509 229 9 13 0.036744844 
215 241 7 10 0.035726506 
541 250 12 16 0.03513167 
25 277 9 12 0.03433378 
66 247 8 11 0.03431456 
146 240 11 13 0.034128964 
599 234 10 12 0.033928663 
296 236 11 15 0.033059414 
549 269 10 13 0.032711495 
541 260 11 15 0.03248373 
234 246 12 14 0.032241955 
73 277 7 9 0.032077182 
158 238 10 13 0.03155412 
829 212 9 10 0.03132379 
114 269 10 12 0.031222312 
544 267 11 14 0.03092303 
614 223 9 12 0.030428365 
461 244 12 15 0.030306743 
476 255 15 21 0.030158347 
588 252 12 17 0.029772857 
586 291 9 12 0.029338889 
855 260 9 14 0.029244069 
974 194 16 19 0.029134277 
141 278 10 12 0.02871632 
833 234 25 30 0.028525678 
73 271 8 11 0.028211193 
39 301 7 10 0.028041642 
645 222 8 10 0.027871793 
85 272 9 11 0.02784121 
616 228 9 11 0.027782526 
29 238 8 10 0.027410021 
775 223 11 13 0.026972765 
232 240 9 10 0.026715506 
904 237 10 12 0.02630956 
120 296 8 10 0.026271494 
245 240 10 12 0.025993751 
208 239 10 12 0.025693078 
31 310 8 10 0.025506437 
152 262 10 12 0.025380107 
32 249 19 23 0.025026381 
180 263 10 13 0.024989363 
193 241 8 10 0.02438811 
104 253 9 11 0.024249839 
108 239 9 11 0.024248006 
716 288 36 43 0.023712693 
34 302 9 10 0.023423566 
972 235 10 13 0.023366744 
449 206 10 12 0.023176134 
249 233 8 10 0.023114327 
163 230 11 13 0.023105692 
797 238 10 11 0.022913065 
43 254 10 13 0.022813138 
132 248 12 15 0.022757709 
463 251 23 31 0.022694943 
158 269 9 11 0.022563305 
239 292 8 11 0.022496825 
754 196 15 17 0.02247408 
383 261 13 16 0.022472933 
190 271 9 12 0.022102904 
842 205 8 10 0.021936914 
716 238 21 25 0.021804253 
512 235 9 12 0.021793347 
747 200 24 28 0.021791272 
542 232 9 11 0.02178802 
598 245 9 13 0.021583851 
397 238 12 14 0.02147248 
554 243 14 17 0.021403925 
233 294 9 11 0.02126406 
18 245 8 11 0.021092968 
228 270 11 14 0.020950422 
641 238 9 12 0.020774677 
223 245 9 12 0.020736348 
546 239 18 23 0.020678438 
80 271 8 10 0.020660413 
385 257 26 31 0.020580336 
23 252 8 12 0.020565199 
853 253 10 15 0.020431949 
164 262 20 25 0.020430839 
588 302 9 13 0.02003342 
