0_Parade_Parade_0_317
428
308 78 14 18 0.9671408 
245 88 16 19 0.9333852 
605 106 16 19 0.9152148 
381 84 13 16 0.8965135 
223 98 13 17 0.8890563 
302 102 13 15 0.8435354 
331 75 13 16 0.81893384 
451 342 76 65 0.7134786 
540 94 14 18 0.7128796 
566 85 13 15 0.69971585 
103 69 13 15 0.6772738 
430 86 13 15 0.65559304 
566 125 14 17 0.62002516 
271 71 11 14 0.60038245 
999 82 22 29 0.5940823 
836 71 14 18 0.5940317 
486 93 13 15 0.574651 
308 343 44 48 0.55376697 
178 103 13 16 0.547161 
697 100 13 16 0.5385082 
389 119 13 18 0.5256711 
784 101 11 14 0.52286506 
903 89 15 18 0.48525774 
171 198 24 29 0.4848476 
852 90 12 15 0.47175547 
159 92 14 16 0.4711924 
542 78 13 15 0.46279755 
869 92 14 16 0.45350024 
947 91 14 18 0.43374503 
123 76 21 26 0.42965984 
355 120 14 17 0.42477074 
658 75 12 16 0.40906474 
838 120 12 15 0.36078268 
642 77 13 16 0.3517255 
276 100 12 16 0.34294042 
743 115 11 14 0.33585897 
574 67 13 15 0.32694626 
644 131 16 19 0.31552285 
522 105 13 16 0.31101158 
653 102 13 16 0.28986245 
759 127 9 11 0.27937427 
624 84 14 17 0.2685542 
819 102 13 15 0.25402972 
491 69 11 12 0.25226203 
927 74 15 17 0.22849572 
32 96 12 15 0.22629872 
390 322 13 15 0.22377244 
182 68 14 16 0.22062027 
7 74 14 18 0.21858357 
708 116 14 16 0.21751836 
201 107 12 16 0.21504997 
685 81 15 17 0.20728084 
799 111 10 12 0.20550881 
279 94 12 16 0.20458397 
660 155 16 18 0.20271367 
479 87 11 14 0.20232043 
452 73 13 16 0.20092104 
771 85 13 16 0.19883609 
837 98 11 15 0.19841218 
406 345 136 94 0.195917 
413 73 14 15 0.19458579 
263 106 11 14 0.18891816 
510 91 13 16 0.18874505 
742 76 11 13 0.17931415 
641 108 13 16 0.17856662 
808 90 13 18 0.17508191 
659 107 12 15 0.16978495 
76 71 11 14 0.15655927 
261 90 11 16 0.14605604 
815 99 12 15 0.14393905 
410 91 12 15 0.14185713 
271 104 12 14 0.14083338 
792 76 11 13 0.13077784 
349 84 11 14 0.12877522 
352 100 12 15 0.12703712 
294 93 11 15 0.11698657 
854 70 11 13 0.116798274 
607 69 13 15 0.11502348 
549 71 11 13 0.11218608 
930 83 17 21 0.11156481 
384 103 13 16 0.11153298 
445 94 11 14 0.10763382 
128 88 16 18 0.106609404 
236 69 10 12 0.10348256 
430 66 13 15 0.102098785 
347 64 13 16 0.10098745 
231 78 13 16 0.09815734 
639 70 11 13 0.09802083 
908 70 11 12 0.09642613 
502 88 11 16 0.096213445 
547 98 14 17 0.094728924 
743 100 12 15 0.092859425 
50 90 16 19 0.09227486 
831 93 13 16 0.09044659 
446 117 12 17 0.09027506 
894 84 15 18 0.08979133 
647 101 13 16 0.08868007 
296 98 12 16 0.08835973 
794 100 11 13 0.08719947 
612 130 14 17 0.08651601 
187 74 13 16 0.08577056 
606 131 13 16 0.08558086 
853 76 13 16 0.0853723 
297 157 11 13 0.084657185 
491 85 17 19 0.08459922 
811 86 13 16 0.084100224 
898 75 16 19 0.08077006 
197 81 14 18 0.080534525 
863 91 13 17 0.07963224 
351 91 13 16 0.07776479 
859 203 45 54 0.077074476 
969 89 16 20 0.076137014 
781 94 12 17 0.07535263 
386 108 15 19 0.07488856 
288 70 11 13 0.07476607 
371 66 12 14 0.07421798 
700 93 14 18 0.07383372 
567 73 19 23 0.071808346 
95 91 11 14 0.07158087 
302 126 11 14 0.07093418 
284 97 14 17 0.07077762 
490 75 15 16 0.07058027 
921 102 16 21 0.07045711 
775 110 9 12 0.07039912 
700 85 12 14 0.070185415 
436 91 12 14 0.06909513 
470 70 12 14 0.06902736 
604 185 14 16 0.068453185 
515 85 12 14 0.06828924 
788 94 15 17 0.06825835 
719 77 13 15 0.064925075 
702 113 15 18 0.06477588 
347 78 13 14 0.06308645 
757 73 13 16 0.062881224 
164 88 13 16 0.062809035 
341 77 12 16 0.06214178 
97 69 12 14 0.06194181 
791 83 11 13 0.061900932 
959 107 14 17 0.061731357 
55 67 12 15 0.061677713 
452 98 13 16 0.060991265 
430 79 13 16 0.06055783 
2 107 13 17 0.06035884 
112 101 10 14 0.06008043 
507 123 11 14 0.058644455 
316 71 11 14 0.05853943 
589 91 16 18 0.058374938 
104 69 21 26 0.058320194 
406 87 13 16 0.057629343 
141 116 16 20 0.05688298 
855 186 24 35 0.056120854 
239 82 17 22 0.056044135 
924 80 16 20 0.055921163 
455 83 12 14 0.05567339 
355 109 12 16 0.054933995 
589 77 11 14 0.05461112 
487 65 11 13 0.054006804 
267 69 9 12 0.05314003 
613 82 14 17 0.05312144 
13 90 11 16 0.052990746 
888 89 12 16 0.05298133 
512 141 11 13 0.052861854 
607 138 13 15 0.052698284 
147 155 11 14 0.05235557 
833 121 12 17 0.051992185 
899 210 15 20 0.05195309 
622 70 12 14 0.051836908 
797 93 13 16 0.051813304 
620 130 13 17 0.051489234 
911 87 21 26 0.051260423 
860 69 10 12 0.051071778 
397 152 13 15 0.050468426 
237 119 11 14 0.05045979 
172 93 13 16 0.049488593 
806 70 10 11 0.04933851 
414 101 11 15 0.049177703 
419 69 13 15 0.049024258 
735 75 13 15 0.048653577 
446 86 10 14 0.0475467 
858 85 13 17 0.047250878 
611 76 13 15 0.047208216 
481 116 11 14 0.047043625 
939 86 16 21 0.046822473 
791 250 12 14 0.046728548 
860 78 11 14 0.046665948 
568 69 13 15 0.04628074 
925 90 21 27 0.04543551 
901 70 13 15 0.045236725 
2 117 13 16 0.045033164 
638 136 16 17 0.044970512 
622 76 16 19 0.04459 
789 105 12 13 0.044426046 
863 155 13 15 0.044208247 
212 161 13 16 0.043958474 
703 71 11 12 0.043625604 
802 115 13 14 0.043525122 
737 109 13 15 0.04282082 
768 109 11 13 0.04185158 
393 115 13 18 0.04152662 
171 85 12 14 0.04119639 
115 69 24 27 0.040798176 
192 127 10 13 0.04066707 
172 211 18 22 0.040329672 
906 74 14 18 0.039915532 
225 81 19 22 0.039839998 
629 68 12 14 0.039703317 
723 82 14 16 0.03965404 
687 71 13 15 0.03959443 
798 70 9 11 0.03958866 
956 99 14 15 0.03955372 
752 125 10 12 0.039391752 
598 126 13 17 0.0393511 
340 107 13 17 0.039335728 
389 137 13 16 0.039293587 
569 64 21 24 0.038927615 
419 101 11 14 0.038155902 
338 129 14 17 0.038024206 
693 71 12 14 0.03802123 
477 68 12 14 0.037827067 
670 77 11 14 0.037578445 
1011 78 11 17 0.03753482 
917 86 13 16 0.03718544 
677 84 14 17 0.03716819 
519 77 11 14 0.03703329 
683 88 15 17 0.036833208 
15 98 11 16 0.03676274 
1012 249 11 15 0.036555164 
452 106 13 16 0.036508 
510 69 10 12 0.0365008 
710 75 12 14 0.036344152 
173 74 13 17 0.036015175 
374 137 14 18 0.0359855 
797 85 12 14 0.03598224 
670 100 12 17 0.035897706 
767 101 12 14 0.03557771 
847 84 14 18 0.03520129 
539 155 11 14 0.034915887 
548 199 9 11 0.03468555 
819 94 13 16 0.03452404 
581 83 13 16 0.034454934 
141 78 12 15 0.034365166 
1008 94 15 21 0.034346808 
759 81 13 16 0.034270052 
342 114 12 15 0.034090843 
701 75 13 16 0.03373495 
389 68 12 14 0.033723082 
388 126 14 20 0.03350645 
706 98 14 17 0.03323131 
964 95 16 19 0.03317209 
5 90 14 17 0.03316385 
555 105 13 16 0.03314035 
777 99 12 15 0.032697424 
591 160 12 15 0.032632858 
190 81 14 17 0.032479085 
357 83 11 15 0.03246967 
806 77 12 14 0.03245136 
560 123 13 17 0.03206413 
844 98 13 15 0.032000996 
202 78 15 17 0.031980712 
790 345 57 61 0.031827677 
214 66 11 13 0.031804807 
519 68 11 14 0.03178358 
822 117 11 14 0.03159873 
2 98 15 19 0.03125218 
843 70 13 15 0.030921474 
176 116 13 16 0.030870916 
30 88 19 22 0.03075747 
748 74 13 16 0.030755602 
887 211 26 33 0.030748652 
765 79 13 15 0.030604653 
21 76 11 15 0.03055256 
347 203 13 16 0.030542761 
597 97 19 23 0.030533383 
228 154 11 14 0.030522464 
223 76 13 17 0.030510684 
685 104 15 18 0.030375568 
473 84 12 15 0.030304473 
870 79 11 14 0.030223167 
198 89 14 17 0.03016755 
191 108 11 15 0.030135695 
762 132 11 14 0.029963704 
773 114 10 13 0.029883962 
605 148 10 13 0.029763343 
857 198 26 37 0.02953598 
677 99 15 18 0.02947618 
579 76 14 16 0.029430795 
292 85 13 17 0.029177168 
621 105 11 16 0.029157855 
747 94 12 15 0.029134706 
868 218 49 59 0.0289187 
447 64 10 11 0.028917558 
342 102 13 16 0.028741587 
291 75 13 16 0.028594637 
715 122 11 13 0.028591234 
423 294 26 35 0.028583635 
503 68 10 12 0.028572196 
519 127 11 14 0.028307999 
758 110 10 13 0.02830259 
279 88 11 14 0.02810425 
179 123 13 16 0.027781669 
217 98 12 16 0.027636068 
587 84 15 18 0.027436033 
867 201 30 35 0.027421637 
0 105 20 29 0.027331876 
528 161 23 29 0.027311455 
470 138 12 13 0.027304249 
53 74 14 16 0.027213026 
301 114 12 14 0.02713315 
141 109 14 16 0.026973734 
235 135 12 15 0.026865257 
425 84 12 16 0.02681979 
354 68 12 14 0.026790347 
906 98 23 26 0.02670187 
596 157 12 15 0.02669306 
747 109 11 15 0.02665633 
671 84 11 16 0.026638458 
375 76 18 21 0.02651629 
537 81 14 18 0.026411781 
852 172 26 30 0.026281606 
423 92 11 14 0.026237149 
977 95 17 21 0.026234498 
570 88 14 16 0.02621229 
831 82 14 17 0.026183603 
888 151 11 12 0.026169466 
525 113 11 14 0.025829652 
859 163 14 16 0.025717678 
302 162 10 13 0.025657263 
465 180 11 15 0.025650263 
460 74 13 15 0.0256092 
71 71 19 23 0.025564656 
252 95 14 18 0.025492176 
254 157 10 12 0.025488315 
553 124 11 15 0.025450692 
207 158 12 16 0.025386114 
231 118 11 14 0.02536181 
476 76 12 14 0.025230478 
952 85 18 20 0.0250403 
651 112 15 18 0.024973948 
470 160 13 16 0.024887571 
363 123 11 15 0.024858493 
779 87 11 14 0.024828216 
354 307 214 167 0.024797717 
535 169 14 17 0.024713706 
318 99 12 15 0.024629291 
268 66 18 23 0.02456727 
400 92 11 13 0.024469785 
351 128 15 17 0.02439135 
338 62 20 22 0.02431109 
815 118 11 13 0.02421155 
222 68 12 14 0.02411219 
32 71 11 13 0.024088304 
885 209 14 17 0.023895858 
501 148 12 15 0.023840014 
605 155 11 14 0.023801921 
15 118 10 13 0.023783565 
84 75 12 16 0.023704054 
902 103 13 17 0.023690708 
464 164 10 14 0.02361803 
773 274 15 17 0.023614287 
670 89 14 19 0.023489092 
628 131 15 20 0.023443414 
873 85 14 17 0.023308825 
758 120 10 12 0.023281481 
785 69 10 12 0.023260463 
256 109 11 13 0.023168173 
649 92 21 25 0.023038726 
313 349 23 26 0.022977663 
251 238 15 16 0.022943826 
607 66 21 24 0.02287744 
323 340 15 21 0.02275748 
188 138 13 14 0.022652814 
265 394 28 36 0.02260191 
972 103 15 18 0.022595976 
460 109 11 13 0.02256136 
263 98 19 24 0.022554915 
384 318 22 25 0.022408042 
526 169 12 16 0.022399848 
582 90 15 17 0.022387598 
263 75 12 16 0.022376526 
441 242 16 17 0.022369698 
941 70 11 13 0.022366948 
900 65 22 25 0.022331845 
335 330 58 50 0.022308864 
639 88 13 17 0.022182183 
407 98 13 15 0.022076182 
677 76 13 16 0.022059333 
300 152 11 13 0.022053497 
502 141 11 14 0.022047209 
97 76 21 25 0.022006243 
363 82 13 16 0.022003932 
181 167 15 17 0.021916473 
613 157 10 13 0.021825483 
599 179 14 18 0.021793721 
441 100 10 12 0.021787914 
0 93 10 15 0.021650923 
219 132 11 13 0.021520974 
908 250 14 18 0.021496668 
758 91 12 14 0.02143153 
603 192 16 20 0.021405544 
20 84 13 17 0.021377947 
285 85 13 16 0.021355344 
638 65 10 13 0.021222524 
896 238 28 37 0.021169676 
166 108 11 14 0.021159885 
732 157 11 14 0.021101313 
434 325 73 65 0.021099357 
382 69 12 14 0.020995602 
447 108 11 15 0.020954272 
317 139 12 14 0.020933826 
644 93 13 17 0.020830141 
866 162 13 15 0.020816509 
269 93 14 18 0.020672355 
167 78 13 15 0.020652758 
724 88 15 17 0.020607052 
29 75 13 15 0.0205536 
823 124 10 12 0.020524058 
940 75 13 17 0.020506162 
891 156 10 13 0.020410217 
648 124 16 20 0.020384688 
222 155 13 15 0.020221703 
192 116 10 13 0.020162743 
556 68 12 14 0.02015738 
775 133 10 13 0.020153537 
396 110 13 17 0.020113427 
231 64 12 14 0.020110045 
425 116 11 17 0.020051004 
571 115 15 19 0.020012824 
579 107 14 18 0.02000727 
