0_Parade_marchingband_1_556
59
638 256 31 36 0.99906534 
348 255 27 34 0.9990013 
969 255 30 38 0.99813926 
497 284 27 33 0.9939131 
746 239 29 33 0.99014765 
148 285 33 47 0.9847593 
450 280 21 26 0.9832238 
565 303 41 53 0.9733757 
282 263 22 27 0.94059277 
557 254 20 25 0.9001604 
721 233 22 28 0.8480083 
83 262 26 34 0.83741343 
588 413 35 37 0.3019918 
284 252 21 27 0.21641703 
78 244 53 63 0.14993085 
199 298 23 29 0.14550993 
206 294 12 15 0.12840538 
760 248 17 21 0.090384066 
434 277 22 30 0.08050962 
934 353 17 20 0.07330373 
104 259 55 62 0.06936842 
427 288 16 23 0.068061374 
770 251 13 17 0.06146864 
52 387 13 19 0.055034515 
731 264 16 22 0.05356047 
177 319 17 22 0.053501435 
715 287 26 35 0.053462174 
737 256 24 31 0.04297855 
337 294 15 20 0.042090792 
793 278 11 14 0.040397737 
489 526 10 12 0.038943198 
658 348 18 20 0.038266104 
983 440 11 14 0.036496524 
42 -2 57 60 0.035759896 
553 253 36 45 0.034509446 
527 257 13 18 0.032542422 
748 260 16 23 0.03233697 
771 264 15 18 0.03093565 
596 283 17 20 0.030815456 
757 250 26 33 0.029405419 
462 575 11 15 0.028960414 
568 257 16 19 0.028398972 
729 246 17 20 0.028112995 
287 247 15 19 0.028061317 
792 283 12 18 0.027008284 
414 228 20 26 0.02676173 
53 431 14 18 0.026631009 
200 294 13 17 0.024088075 
229 283 23 28 0.023971884 
187 292 26 34 0.023897192 
82 208 56 70 0.023758497 
164 294 32 40 0.02358005 
739 203 14 17 0.022832055 
209 292 21 32 0.022778166 
167 313 26 34 0.022500671 
601 409 44 52 0.022094715 
124 273 53 61 0.020682938 
476 384 33 38 0.020666948 
179 312 27 33 0.020276638 
