0_Parade_marchingband_1_74
687
189 362 35 46 0.99809736 
501 382 15 19 0.993385 
463 338 14 18 0.9885971 
780 382 16 21 0.9882633 
629 374 15 17 0.980941 
469 370 13 18 0.9807328 
909 374 14 18 0.9798496 
867 381 15 20 0.9702635 
733 302 14 17 0.9689836 
604 407 16 20 0.9669462 
564 370 14 18 0.96407825 
484 333 13 17 0.9627998 
852 350 13 16 0.9618922 
572 333 13 16 0.9613313 
527 359 14 18 0.95266134 
661 413 15 18 0.95173633 
708 357 14 17 0.94909036 
248 307 15 19 0.94661576 
529 404 14 18 0.9433685 
506 314 14 18 0.9426651 
582 391 15 18 0.9416818 
775 316 12 15 0.9379541 
493 301 13 16 0.9374164 
655 302 12 16 0.93625206 
277 296 14 17 0.9350191 
744 368 14 19 0.93291515 
656 364 15 19 0.92852885 
839 374 15 19 0.9276241 
699 383 15 19 0.9260815 
315 328 15 18 0.92160255 
386 339 14 17 0.9206111 
350 346 12 15 0.9160522 
759 392 15 19 0.9159341 
589 314 12 16 0.9052179 
547 345 13 16 0.8973788 
724 286 11 13 0.8868727 
434 364 13 16 0.8866504 
837 325 13 15 0.885849 
958 359 15 18 0.8806971 
823 395 14 17 0.87693346 
875 355 15 17 0.87233263 
420 313 14 16 0.8710054 
716 401 15 18 0.8706977 
294 318 13 17 0.8643847 
457 317 11 14 0.858886 
261 266 12 16 0.85753655 
769 343 15 18 0.8538374 
176 297 15 18 0.85186934 
410 358 12 16 0.84756464 
210 311 15 18 0.83999234 
663 282 11 13 0.8306095 
823 303 12 15 0.8274707 
581 294 14 16 0.8161652 
804 357 14 18 0.81332034 
919 327 12 14 0.8117085 
674 323 13 15 0.808207 
932 364 12 16 0.8021028 
756 272 14 16 0.7945115 
346 313 13 16 0.77749354 
855 292 11 14 0.7656104 
992 332 12 16 0.7638849 
684 354 14 17 0.7596983 
495 358 14 17 0.7579501 
754 325 12 15 0.75317186 
563 282 11 14 0.74447113 
627 303 12 15 0.7409608 
903 343 13 15 0.72927177 
765 300 10 14 0.7261232 
888 327 11 14 0.7246768 
439 311 12 15 0.7207176 
735 337 14 16 0.7041173 
646 345 14 16 0.6969968 
704 301 11 14 0.69528204 
405 329 13 17 0.68802965 
266 317 12 15 0.6879461 
954 325 15 18 0.68202734 
632 269 10 12 0.6772468 
816 277 11 13 0.6639278 
575 356 13 16 0.656974 
538 324 12 15 0.65676683 
553 298 12 15 0.6511465 
603 349 13 16 0.633127 
405 295 10 13 0.62153995 
267 228 13 17 0.61620915 
671 393 14 16 0.59769017 
866 338 13 16 0.5901318 
615 358 13 16 0.5874201 
796 308 12 14 0.5796687 
935 300 11 14 0.5723639 
382 384 12 17 0.5664661 
619 330 13 16 0.5566903 
973 350 12 15 0.5522405 
368 308 12 16 0.54355013 
511 342 13 16 0.5386629 
321 284 11 13 0.51085573 
607 315 10 13 0.49859437 
706 335 13 15 0.48212284 
839 293 9 11 0.46029717 
828 338 11 14 0.44489253 
331 301 12 15 0.435647 
964 311 13 15 0.43041056 
784 296 10 12 0.4087859 
643 282 11 14 0.40543497 
594 382 14 18 0.3866494 
10 110 8 11 0.3814028 
372 314 13 15 0.3789013 
448 293 11 13 0.37300172 
889 308 11 13 0.3715063 
728 327 10 14 0.36233675 
615 294 9 12 0.3407427 
311 366 10 12 0.33499494 
1015 378 9 14 0.33333096 
687 302 10 12 0.31921306 
891 348 11 16 0.31179434 
468 295 11 13 0.30584034 
535 317 12 16 0.3041067 
374 323 12 15 0.30038604 
431 421 9 12 0.2999223 
886 289 8 11 0.28188583 
768 294 11 14 0.27565488 
805 309 10 13 0.26776034 
216 285 11 13 0.25800914 
346 298 13 16 0.25365812 
546 279 10 12 0.2528154 
716 407 17 21 0.25130957 
959 315 14 17 0.2507966 
488 276 12 15 0.24844407 
132 281 14 16 0.24747299 
860 421 12 16 0.24144463 
236 285 10 12 0.24025472 
685 309 12 14 0.24002923 
374 287 11 13 0.2368056 
903 294 9 12 0.23451672 
639 344 12 16 0.22790909 
881 291 9 12 0.2237906 
783 339 11 15 0.2227639 
431 414 11 15 0.21473667 
793 285 8 11 0.2117701 
531 309 12 15 0.21129441 
813 349 12 16 0.19005585 
262 373 12 14 0.18875201 
549 433 14 19 0.18220037 
555 326 11 14 0.18044934 
861 317 10 13 0.17735054 
660 461 12 17 0.17701806 
645 294 11 14 0.17505866 
159 297 12 16 0.17337662 
890 683 98 118 0.17328149 
724 349 11 16 0.17281693 
966 422 14 19 0.17162324 
883 353 13 16 0.16985105 
869 350 15 19 0.16768107 
871 411 10 13 0.1645999 
787 338 11 14 0.1618156 
550 400 15 18 0.15983753 
123 314 19 24 0.1562465 
520 294 9 13 0.15062054 
436 342 11 14 0.14812887 
485 283 11 13 0.14666343 
793 314 11 14 0.1452295 
437 287 10 12 0.14491469 
711 278 8 11 0.14322117 
938 355 13 17 0.14100468 
263 350 11 15 0.14096884 
773 288 9 12 0.14005388 
549 330 14 16 0.13946308 
421 294 11 12 0.13497993 
344 371 10 13 0.13342282 
528 330 10 14 0.13062747 
531 300 12 15 0.12987961 
427 315 12 15 0.12575433 
703 283 10 12 0.12545922 
673 255 8 10 0.12511449 
230 307 13 16 0.12436238 
493 415 11 15 0.12222697 
462 405 9 12 0.121447146 
838 288 9 11 0.119331025 
615 287 10 12 0.11417166 
467 24 17 22 0.11378057 
813 293 9 12 0.11095977 
707 305 12 14 0.10994226 
464 420 10 14 0.10855571 
341 284 10 12 0.10825508 
809 353 14 18 0.108224384 
464 30 21 30 0.108040854 
192 286 11 14 0.107860625 
429 399 10 12 0.10767599 
455 340 13 17 0.10731097 
630 326 12 14 0.10656104 
815 342 11 14 0.106422566 
371 331 11 16 0.1056191 
861 411 13 16 0.103533514 
1005 351 8 13 0.10313918 
858 352 13 17 0.10111904 
639 315 11 14 0.10066634 
406 416 8 11 0.09962857 
230 290 12 16 0.098059796 
399 288 9 11 0.097858936 
531 293 13 15 0.09701666 
653 248 10 12 0.09685853 
702 433 12 16 0.09465691 
369 348 10 13 0.09457114 
431 404 12 16 0.09383091 
904 425 11 15 0.093413085 
641 293 10 13 0.09266825 
570 425 13 17 0.092316516 
831 293 11 13 0.090522274 
269 308 13 17 0.08754218 
735 281 8 11 0.087134935 
968 296 10 12 0.08704498 
491 454 11 13 0.08672794 
895 287 9 11 0.08568053 
937 362 12 16 0.08262647 
414 295 11 12 0.08216152 
595 315 11 15 0.08151216 
310 383 12 15 0.0813885 
174 326 13 16 0.08087561 
926 320 11 13 0.078680694 
501 309 14 18 0.078390956 
586 298 13 15 0.077935845 
420 301 12 13 0.07778308 
316 366 10 12 0.077060975 
306 364 11 15 0.07682995 
812 427 13 17 0.076671176 
887 343 12 15 0.07623608 
635 331 12 15 0.07595263 
202 333 14 17 0.07469421 
464 298 12 14 0.07442224 
457 404 10 13 0.07397752 
814 284 11 13 0.0733139 
717 308 10 12 0.07288345 
810 270 9 13 0.07268977 
118 104 13 15 0.07240217 
163 294 12 15 0.07189576 
648 252 10 12 0.07143615 
833 287 9 11 0.07028442 
296 286 10 13 0.06992882 
909 412 11 13 0.06937073 
670 342 13 16 0.06825087 
369 339 11 14 0.068245314 
1005 273 9 12 0.06806932 
862 311 10 14 0.06718897 
981 353 11 15 0.06656877 
788 301 11 14 0.066506565 
380 292 10 12 0.06596085 
796 323 11 14 0.0657138 
858 287 11 14 0.06534426 
649 300 12 15 0.06469704 
412 351 13 17 0.0644914 
742 286 9 10 0.06440195 
479 325 14 18 0.064289235 
758 405 16 20 0.064152494 
677 255 9 10 0.064099714 
541 328 15 17 0.063842416 
219 291 13 17 0.06326974 
685 344 13 17 0.06316565 
301 287 10 13 0.063164026 
860 298 10 13 0.063075915 
478 317 13 15 0.06282702 
389 286 11 13 0.06262699 
526 295 11 14 0.06218586 
680 311 12 14 0.06209722 
462 414 11 14 0.061982762 
654 332 14 17 0.06164987 
312 285 11 14 0.061236992 
335 220 20 26 0.060522072 
782 237 14 16 0.059928775 
598 295 10 13 0.059858594 
405 388 10 13 0.05947983 
569 360 17 20 0.05937784 
448 342 12 15 0.058911707 
828 454 14 16 0.05870959 
904 299 9 13 0.05863752 
681 348 12 16 0.05831467 
987 293 10 13 0.058232915 
282 375 11 14 0.05821143 
433 288 9 12 0.057434354 
267 355 12 15 0.057410136 
547 284 11 13 0.057140797 
377 371 11 14 0.057053044 
446 298 11 14 0.056103025 
261 363 14 18 0.055043466 
796 280 9 12 0.055040818 
439 302 12 15 0.05492574 
612 469 15 17 0.053735964 
525 257 8 9 0.053517576 
961 407 9 13 0.05349891 
802 365 16 19 0.053406574 
632 422 11 13 0.052920856 
889 315 13 15 0.052888814 
342 380 13 17 0.052884508 
305 387 10 13 0.052233722 
1014 426 10 16 0.05217989 
918 339 12 14 0.05210931 
399 327 13 17 0.051718522 
75 148 12 14 0.051420655 
779 310 11 15 0.051416468 
900 454 11 13 0.05070473 
520 436 11 15 0.050323814 
998 318 9 11 0.049949307 
983 419 11 14 0.049843162 
301 311 14 17 0.049300086 
633 428 12 15 0.04895093 
806 302 11 14 0.0489464 
693 295 9 12 0.048611823 
911 332 12 15 0.047966614 
708 296 11 14 0.047829434 
344 319 14 18 0.047677238 
467 427 12 15 0.047621105 
372 303 11 15 0.0475445 
678 245 9 11 0.0475318 
1006 298 11 14 0.047208663 
314 387 13 14 0.0470569 
948 429 11 13 0.046961237 
972 316 11 14 0.04686787 
500 350 15 18 0.046663973 
818 348 12 15 0.046607424 
573 308 11 13 0.046433136 
944 285 9 11 0.04640158 
909 428 10 12 0.04612316 
869 315 10 12 0.045949962 
525 438 10 12 0.04590386 
582 277 10 12 0.045877125 
488 27 14 18 0.045573123 
501 427 12 15 0.044321053 
382 375 10 13 0.043927416 
554 428 12 17 0.043098465 
966 300 12 14 0.043055087 
713 273 8 11 0.043002836 
611 310 11 14 0.042993087 
752 320 12 15 0.042978045 
825 259 9 12 0.042717177 
399 299 12 14 0.042208757 
495 311 13 17 0.041989062 
400 422 9 10 0.041888535 
985 338 11 15 0.041256614 
695 263 11 13 0.04123832 
488 305 14 16 0.04099179 
584 310 13 15 0.040657815 
904 406 11 13 0.040512446 
541 87 13 18 0.04047838 
452 288 12 13 0.040093184 
734 247 13 14 0.04001151 
620 352 11 13 0.039989162 
279 356 11 14 0.039788682 
627 270 8 11 0.03951597 
831 269 9 11 0.03943457 
963 349 17 23 0.03935263 
575 271 9 11 0.03877062 
600 361 13 16 0.03874315 
567 308 10 13 0.03871076 
988 355 11 14 0.038296 
558 407 13 17 0.038132165 
703 317 11 13 0.0380376 
195 194 28 33 0.037890658 
368 290 12 15 0.0377862 
488 295 10 13 0.03776565 
928 278 10 12 0.037354518 
892 304 11 13 0.03722058 
439 292 11 14 0.037159186 
901 460 11 13 0.037101284 
691 300 11 14 0.03702205 
455 443 12 14 0.036981117 
911 316 10 13 0.036966007 
511 302 12 14 0.036956314 
757 339 13 16 0.036912523 
637 300 10 14 0.03673012 
342 395 13 16 0.036583286 
257 261 13 17 0.036576565 
831 280 8 10 0.036413033 
741 279 9 11 0.036278542 
700 373 15 19 0.0360575 
606 320 12 16 0.036056653 
910 311 10 12 0.036038358 
509 335 11 13 0.03589471 
568 453 14 16 0.035872597 
829 262 11 12 0.03579013 
660 289 13 16 0.035660297 
334 295 11 14 0.035585936 
600 251 8 11 0.035476446 
958 294 10 13 0.035316627 
356 220 13 15 0.03528105 
952 293 10 13 0.035196584 
237 280 11 14 0.035180677 
477 294 11 13 0.035146236 
764 247 10 12 0.03507319 
908 301 11 13 0.03500243 
151 279 11 13 0.034947243 
961 399 9 11 0.03485926 
894 343 11 15 0.034677234 
903 309 10 13 0.03451744 
628 294 12 15 0.03450634 
585 251 9 12 0.034430142 
477 300 10 13 0.034209367 
534 467 14 16 0.034148835 
927 286 9 10 0.03406992 
971 294 13 14 0.034032155 
91 150 13 17 0.03402891 
164 785 17 18 0.03400074 
856 323 11 14 0.033892468 
637 264 9 11 0.03382435 
930 293 11 14 0.03377847 
550 271 9 12 0.03377526 
720 331 10 14 0.033564866 
392 318 11 13 0.03334769 
275 218 13 18 0.033277266 
237 374 12 15 0.03317118 
872 280 8 11 0.03303121 
108 157 14 18 0.03301424 
374 398 12 14 0.032862056 
606 359 13 17 0.032849688 
708 444 15 18 0.032802876 
463 287 10 12 0.032406025 
542 308 11 14 0.03216823 
867 419 12 15 0.0321028 
261 352 19 25 0.032055583 
469 316 10 14 0.032001413 
836 238 10 12 0.03197001 
596 449 13 17 0.031949867 
959 300 10 12 0.031771857 
916 414 11 13 0.031727485 
734 344 14 18 0.031606972 
896 292 9 12 0.0314828 
256 346 14 19 0.031456895 
673 247 8 11 0.031438254 
778 323 13 15 0.03140551 
928 309 10 12 0.031043738 
548 247 10 12 0.030975388 
433 197 45 52 0.030965682 
202 202 17 19 0.030866878 
840 253 11 14 0.030802336 
762 295 18 23 0.030788053 
630 315 13 16 0.0306719 
454 418 12 15 0.030670032 
841 329 13 15 0.03063727 
855 310 11 14 0.030522041 
608 295 11 12 0.030518677 
429 391 10 13 0.030510742 
611 351 13 17 0.030483631 
219 308 13 17 0.030438963 
564 405 11 16 0.030434828 
397 307 10 14 0.030314796 
629 265 18 22 0.03018393 
159 304 11 16 0.030042734 
711 236 10 11 0.029995305 
414 422 8 10 0.02998114 
452 299 12 13 0.02994926 
661 340 10 15 0.029936934 
204 721 13 15 0.02988791 
542 291 11 14 0.029819926 
613 279 10 12 0.029805163 
336 382 11 15 0.029710937 
378 318 11 14 0.029697742 
932 271 10 13 0.029655743 
633 340 12 16 0.029479986 
401 289 18 23 0.029394614 
-1 716 10 19 0.02937026 
770 336 15 17 0.029324118 
607 300 11 13 0.029066645 
839 259 11 13 0.028992482 
558 317 12 15 0.028861618 
809 287 10 12 0.028840574 
499 433 13 17 0.028760443 
688 349 14 17 0.028702872 
582 322 13 18 0.028698895 
894 415 11 14 0.028655369 
709 392 18 23 0.02863058 
752 467 11 13 0.028599685 
821 283 10 12 0.028429668 
813 273 18 21 0.028389802 
900 468 11 15 0.028360583 
709 315 10 12 0.028001694 
336 279 11 14 0.027984925 
691 307 11 14 0.027946098 
444 283 21 24 0.027758058 
798 333 10 14 0.027670622 
958 55 10 12 0.027569622 
549 319 12 15 0.027476126 
646 307 11 15 0.027438287 
777 244 10 12 0.027344322 
380 367 10 12 0.02732764 
568 337 13 16 0.027269581 
392 417 9 11 0.02725524 
896 79 9 12 0.027176935 
544 300 11 14 0.027145572 
400 406 9 10 0.027128223 
992 319 11 13 0.027122991 
465 374 13 17 0.027079362 
317 277 18 24 0.026885131 
277 288 14 16 0.026847022 
285 357 9 13 0.026785553 
700 324 13 15 0.026784051 
874 412 11 13 0.026759021 
139 278 12 16 0.026641017 
622 397 12 17 0.02661701 
836 455 10 13 0.026493486 
704 349 13 16 0.026438503 
591 248 8 11 0.02639727 
901 288 10 12 0.026279131 
904 315 10 13 0.026204403 
665 237 8 10 0.026157998 
278 349 12 15 0.026152434 
567 327 12 16 0.02614503 
697 279 10 13 0.026125915 
607 279 10 12 0.026085615 
952 62 9 11 0.026068687 
266 378 12 15 0.026008295 
847 287 9 11 0.025981052 
302 303 11 14 0.02593458 
293 341 10 13 0.02591447 
196 279 11 14 0.025887996 
845 277 10 12 0.025842097 
832 345 11 15 0.025802081 
250 250 13 17 0.025748247 
278 363 12 14 0.025704736 
940 305 11 14 0.025685133 
210 299 20 26 0.025637083 
904 48 9 9 0.02550987 
408 225 104 116 0.025496894 
874 285 9 12 0.025443787 
759 306 12 15 0.025400262 
183 346 14 17 0.025398336 
933 324 9 12 0.025392672 
487 415 20 24 0.025347348 
727 317 12 15 0.025346056 
816 403 12 15 0.02530794 
909 62 11 14 0.025265936 
326 236 9 12 0.025250744 
663 247 8 11 0.025208244 
349 221 14 17 0.025194377 
183 187 31 34 0.025000311 
348 365 10 13 0.024946121 
197 334 21 26 0.024830941 
894 84 9 13 0.024810327 
597 311 10 13 0.024766808 
641 253 8 11 0.024759674 
468 411 14 17 0.024653168 
907 293 12 13 0.0245929 
965 54 11 13 0.024543433 
959 60 11 13 0.024533276 
701 268 10 12 0.024473954 
568 374 16 19 0.024440931 
307 316 11 15 0.0244365 
12 104 11 14 0.024417408 
302 247 9 10 0.02435469 
260 341 14 18 0.024344275 
426 413 11 14 0.02427944 
664 254 9 11 0.024279326 
461 399 11 14 0.02427154 
265 262 12 14 0.024268499 
258 372 22 25 0.024255358 
916 301 10 13 0.024244502 
211 273 22 25 0.024223492 
952 356 12 16 0.024170773 
990 194 9 13 0.024132915 
476 411 12 15 0.024112089 
18 762 29 37 0.024065891 
648 259 9 12 0.024036173 
448 419 11 14 0.024025371 
981 319 10 13 0.02399503 
469 288 10 12 0.023940165 
256 230 12 15 0.023916982 
130 309 15 18 0.023775822 
815 308 9 13 0.023630181 
621 287 10 13 0.023565467 
919 286 9 12 0.023457281 
533 288 11 11 0.02345215 
902 399 11 12 0.023444507 
391 307 11 15 0.02344363 
942 280 10 12 0.023411423 
969 310 12 14 0.023408834 
1006 305 11 15 0.023401538 
418 284 10 12 0.023377113 
566 303 9 13 0.023348022 
270 359 22 28 0.023345454 
285 348 10 14 0.023338435 
207 317 16 21 0.023314975 
278 369 19 26 0.023176394 
164 267 10 14 0.023175864 
939 294 11 14 0.02316957 
621 293 11 14 0.023094589 
501 454 10 13 0.023077706 
7 102 18 25 0.023059918 
413 340 11 15 0.023054833 
989 298 10 13 0.02301208 
532 349 12 16 0.022995453 
847 292 10 13 0.022994943 
351 278 9 11 0.022944145 
178 329 14 16 0.02288767 
1001 311 11 13 0.02280964 
988 225 14 18 0.022759048 
598 284 11 12 0.022726238 
325 388 11 14 0.022725254 
382 254 8 9 0.022637356 
702 247 9 11 0.022583634 
571 443 15 18 0.022568753 
388 353 12 14 0.022558691 
717 271 10 12 0.022510359 
696 323 11 15 0.022497825 
425 403 13 16 0.022473037 
20 99 21 28 0.022445312 
284 283 14 16 0.022421729 
165 295 18 22 0.022402517 
319 301 12 15 0.022391152 
276 210 14 18 0.022382954 
1011 299 11 16 0.022290805 
867 426 12 16 0.022289824 
625 276 9 11 0.022275545 
834 338 13 16 0.0222464 
680 241 9 11 0.022245042 
764 252 9 11 0.022207329 
307 309 11 15 0.022197906 
960 419 13 19 0.022136971 
640 238 7 9 0.022064878 
412 382 11 13 0.022030268 
460 415 19 24 0.021998584 
845 309 12 14 0.021969736 
347 285 12 14 0.021954684 
437 205 13 15 0.02189436 
23 106 12 16 0.021887286 
828 254 13 15 0.021869248 
605 268 10 12 0.02185492 
202 342 23 27 0.021820046 
518 450 13 16 0.021761464 
951 389 9 13 0.021756506 
434 281 19 23 0.021747699 
256 273 14 16 0.021713054 
839 247 10 12 0.021711128 
509 453 14 15 0.021695556 
178 214 16 22 0.021611802 
778 344 13 17 0.02160948 
413 323 13 17 0.021594366 
431 302 11 14 0.021530872 
346 342 12 16 0.021525621 
180 286 13 16 0.021360908 
755 461 13 16 0.021359324 
888 84 11 13 0.02132803 
507 352 13 19 0.021298505 
264 330 13 16 0.021293193 
1014 382 11 18 0.021291668 
400 416 9 11 0.021256188 
958 350 14 19 0.021221984 
346 218 25 27 0.021159811 
730 401 12 17 0.021156952 
951 299 12 14 0.021154242 
316 370 12 15 0.021151803 
462 289 19 23 0.021147547 
503 331 11 14 0.021132678 
607 264 9 11 0.021097548 
226 295 19 25 0.02102193 
735 237 10 12 0.021019097 
44 378 13 16 0.020983756 
877 281 9 10 0.020950554 
467 434 13 17 0.020915851 
576 300 12 14 0.020878123 
762 276 11 12 0.020853652 
324 404 11 14 0.020844344 
759 247 10 11 0.020830058 
630 246 8 10 0.020816548 
759 252 10 12 0.020787787 
460 436 14 17 0.020782877 
399 382 11 14 0.020762293 
933 287 11 13 0.020711798 
652 521 13 17 0.020641843 
869 67 10 12 0.020636763 
470 359 13 16 0.020625029 
621 317 14 16 0.020593569 
426 414 19 24 0.020547397 
504 459 9 11 0.020441458 
992 499 12 17 0.020436466 
682 302 9 11 0.020399299 
701 253 9 12 0.020393744 
544 259 10 13 0.020373985 
622 254 9 11 0.02036429 
817 301 10 13 0.020354448 
604 421 15 19 0.020325348 
726 338 13 17 0.020265942 
1006 417 16 19 0.020212455 
111 106 13 15 0.020206243 
543 273 17 22 0.02018738 
974 404 11 13 0.020162331 
677 275 11 13 0.020126062 
115 310 36 44 0.020093963 
751 340 10 14 0.020085279 
579 351 12 14 0.020064041 
832 317 12 15 0.020060677 
481 279 12 14 0.020048177 
