0_Parade_Parade_0_275
3826
758 666 12 15 0.8564143 
928 385 11 14 0.84405714 
628 493 11 15 0.7808312 
529 620 9 12 0.76163983 
45 667 13 18 0.64842993 
871 732 11 14 0.6261321 
964 621 11 14 0.62233675 
397 462 9 11 0.60858804 
855 583 10 13 0.59374434 
776 206 8 11 0.5837093 
645 723 14 18 0.5699595 
471 579 8 11 0.5377418 
284 662 10 12 0.52205837 
577 663 10 13 0.5039333 
720 516 8 11 0.49858463 
217 764 12 14 0.48520282 
976 669 12 16 0.47382638 
688 629 10 14 0.47146112 
468 524 11 14 0.46756208 
601 630 10 13 0.4614198 
149 378 12 15 0.4553011 
796 437 11 14 0.45108536 
447 561 8 10 0.4431813 
39 601 14 18 0.44136566 
360 476 8 11 0.439976 
569 612 12 15 0.431812 
109 566 10 13 0.42878398 
1001 422 10 13 0.42293024 
707 763 12 17 0.41247925 
124 580 13 17 0.41007623 
269 717 12 17 0.40863258 
10 500 12 14 0.4040346 
928 645 10 12 0.40002102 
813 135 8 11 0.39835548 
247 720 14 18 0.3952898 
608 390 9 11 0.39234927 
884 429 11 14 0.38225198 
36 541 9 12 0.37991 
379 742 10 13 0.3778675 
823 710 15 20 0.37546742 
830 465 12 15 0.3735349 
577 304 7 10 0.3662552 
917 85 8 10 0.36510393 
632 461 9 11 0.36323488 
520 452 9 12 0.36211103 
708 701 14 17 0.35101733 
822 572 11 14 0.35087016 
891 491 12 15 0.34646413 
283 668 11 13 0.34144586 
848 108 8 10 0.34103397 
828 640 15 18 0.33959574 
712 438 8 11 0.33564895 
662 260 8 10 0.3328494 
795 624 14 18 0.3234985 
703 320 9 11 0.31736025 
799 96 6 9 0.3169207 
884 424 10 12 0.31499025 
383 494 7 10 0.3138499 
887 606 12 16 0.31353724 
744 519 9 12 0.31335106 
846 78 8 11 0.312166 
871 397 10 12 0.3095545 
620 517 13 17 0.30950555 
668 536 11 13 0.30716586 
813 102 9 11 0.30106035 
248 708 10 11 0.29436404 
390 435 10 13 0.29403663 
469 519 9 12 0.29298174 
641 572 9 12 0.29136592 
49 368 10 12 0.29098007 
858 176 9 11 0.2886113 
528 397 8 10 0.2844153 
512 70 8 10 0.28384194 
551 347 10 12 0.28364906 
997 133 8 11 0.2813083 
239 695 9 11 0.27986002 
960 524 10 15 0.27838218 
785 140 9 10 0.2780022 
668 688 13 18 0.2778807 
855 411 11 14 0.27755383 
8 495 10 13 0.27704442 
791 483 12 16 0.27373245 
520 565 10 12 0.26733637 
727 571 12 14 0.26702234 
415 542 8 11 0.2641955 
999 556 9 12 0.26412678 
766 143 7 9 0.26355615 
510 671 8 11 0.26274863 
446 509 10 13 0.26264453 
551 638 9 13 0.26168695 
561 535 9 11 0.2605822 
749 414 9 10 0.2569514 
632 342 9 12 0.25625896 
559 327 8 10 0.2541562 
650 781 10 11 0.2532085 
108 499 10 13 0.25314137 
834 47 7 9 0.25265622 
397 467 10 13 0.2507342 
166 774 15 18 0.24947952 
504 607 9 12 0.24652085 
437 87 8 11 0.2439218 
653 595 8 11 0.24363063 
639 644 10 12 0.24267325 
180 790 12 17 0.24232736 
864 21 8 11 0.24178582 
707 694 9 11 0.24066827 
319 423 9 10 0.2406528 
591 484 8 11 0.23870665 
452 620 9 12 0.23867433 
613 438 9 10 0.2347888 
658 462 8 11 0.23401749 
776 317 9 11 0.2318871 
63 741 13 16 0.23126622 
805 158 8 11 0.2304965 
586 374 9 11 0.22858892 
332 454 10 12 0.22850461 
763 110 9 11 0.22842239 
534 513 8 10 0.22765552 
437 686 9 12 0.22503397 
542 316 9 12 0.22348358 
692 634 11 14 0.22290328 
719 436 9 11 0.2218191 
806 442 9 13 0.22138216 
999 156 8 11 0.22122571 
382 453 9 11 0.22031304 
919 15 10 12 0.2174431 
233 740 13 15 0.21685545 
472 646 9 12 0.21588051 
506 359 8 9 0.2134528 
283 675 11 13 0.21231785 
918 176 7 10 0.2122202 
48 488 11 13 0.21054256 
149 783 9 14 0.20997342 
788 136 8 10 0.20952469 
61 514 12 15 0.20835117 
962 263 8 11 0.20766236 
585 729 9 11 0.20541835 
529 755 10 12 0.20475441 
464 151 8 10 0.20401222 
749 421 9 12 0.20363262 
550 588 11 14 0.20344846 
334 447 8 11 0.20271938 
296 414 8 9 0.20123781 
609 739 11 14 0.20120052 
626 486 9 14 0.20009884 
550 408 7 9 0.20003642 
463 460 8 10 0.1980352 
343 389 9 11 0.19785596 
592 564 9 12 0.19695504 
57 509 10 14 0.19605386 
495 109 8 10 0.1956882 
617 696 9 11 0.19493675 
688 487 8 11 0.19441919 
870 87 7 9 0.19384412 
799 442 10 13 0.19304492 
935 505 13 16 0.19295312 
414 487 9 12 0.19277476 
719 406 8 10 0.1920368 
591 478 9 12 0.19173671 
718 375 8 11 0.19042389 
518 492 9 12 0.18877618 
703 105 8 10 0.18822026 
731 349 11 12 0.18819599 
904 136 7 9 0.18786308 
736 96 8 9 0.18750656 
754 310 8 10 0.18690208 
621 703 10 13 0.18633677 
533 518 9 11 0.18605022 
778 537 8 11 0.1850474 
608 384 8 10 0.18310402 
757 360 9 11 0.18242891 
737 432 8 11 0.18186602 
871 652 12 17 0.1814121 
713 62 7 10 0.18114908 
552 254 9 12 0.18054019 
70 436 8 11 0.17911282 
569 607 10 12 0.17783992 
574 360 10 12 0.17750268 
592 496 9 11 0.17700377 
925 693 12 13 0.17697453 
1014 96 7 11 0.17644793 
446 503 9 11 0.17508647 
548 644 12 15 0.17503509 
661 467 10 12 0.17489676 
826 566 11 14 0.1746493 
644 485 10 12 0.17464466 
389 580 10 13 0.17412946 
457 359 8 11 0.1739564 
424 607 10 12 0.17362957 
510 359 8 10 0.1736021 
103 456 9 12 0.17205344 
351 420 9 11 0.1709979 
197 719 11 13 0.17013352 
574 586 10 14 0.16814998 
569 341 8 11 0.16681093 
823 700 12 16 0.16679822 
136 678 10 13 0.16593352 
589 470 10 13 0.16581981 
360 400 8 10 0.1643785 
496 104 8 11 0.16393001 
760 531 10 12 0.16148582 
749 445 10 13 0.16132148 
214 623 7 10 0.16055578 
333 501 10 12 0.15951398 
78 433 9 11 0.15899947 
664 415 7 9 0.15825297 
998 97 8 10 0.15822284 
495 350 7 10 0.15811709 
409 117 9 11 0.1573039 
802 294 8 10 0.15669842 
765 593 16 22 0.15417682 
518 409 8 10 0.15349843 
927 126 9 11 0.15191327 
689 544 9 12 0.1511783 
806 415 11 12 0.15039177 
639 344 7 10 0.1495655 
692 278 8 11 0.14939429 
369 603 9 12 0.1492742 
738 71 7 9 0.14881332 
509 611 9 12 0.1485027 
998 221 8 10 0.1480145 
521 372 9 11 0.14740156 
865 109 8 10 0.14720677 
744 532 9 11 0.14703721 
67 407 10 12 0.14689577 
770 160 7 9 0.14688258 
876 400 9 11 0.14647847 
366 141 8 10 0.14627697 
577 533 10 12 0.14609188 
951 460 14 17 0.14596394 
512 504 8 9 0.14593332 
827 632 13 16 0.14416152 
879 685 11 13 0.14413208 
706 759 10 13 0.14137058 
42 455 9 11 0.1404981 
559 644 9 13 0.14007494 
5 431 8 11 0.13947012 
486 446 8 11 0.13925357 
129 645 10 13 0.13843496 
634 127 8 10 0.13835037 
689 430 8 10 0.13818656 
818 189 7 9 0.13806774 
920 233 9 11 0.13786738 
990 80 9 13 0.13777183 
869 442 11 13 0.137706 
864 79 7 8 0.13677995 
774 165 8 10 0.13662817 
649 359 7 9 0.13647625 
920 436 10 12 0.135689 
938 239 8 9 0.1354458 
548 700 9 11 0.13521376 
401 375 7 10 0.13482982 
894 551 11 14 0.13470162 
713 184 8 10 0.13468572 
529 524 9 10 0.1345553 
678 660 10 14 0.13434166 
633 457 8 11 0.1341549 
744 525 10 12 0.13355619 
505 601 8 10 0.13345246 
500 423 9 11 0.13334726 
834 93 7 10 0.13063505 
218 646 7 10 0.13044508 
606 623 8 11 0.13010423 
270 377 8 9 0.1300395 
774 161 7 9 0.12991773 
648 591 11 13 0.1290577 
928 198 7 9 0.12860122 
439 590 9 11 0.12857184 
776 429 11 13 0.12843738 
566 484 9 12 0.12812392 
479 302 9 10 0.1279226 
870 126 8 10 0.12725474 
687 492 10 13 0.12660299 
526 372 7 10 0.12652972 
830 412 11 13 0.12645918 
737 21 6 9 0.12627427 
558 517 8 10 0.12585524 
225 471 10 13 0.12536308 
665 423 9 11 0.12520197 
689 255 8 10 0.12503916 
503 493 8 10 0.12484874 
550 414 8 11 0.12479501 
471 639 9 11 0.12453659 
550 584 9 12 0.12393117 
782 545 11 14 0.123913094 
433 573 9 11 0.123843886 
624 117 8 9 0.123810604 
925 120 8 10 0.123694345 
658 405 8 10 0.12356987 
295 455 9 12 0.12305227 
679 366 6 9 0.12263577 
901 216 9 11 0.12262206 
143 684 10 12 0.122573316 
757 200 7 9 0.12248092 
726 643 10 12 0.122333884 
608 395 9 11 0.121956564 
376 390 8 10 0.12178775 
189 664 8 11 0.12149037 
189 470 11 15 0.1209999 
802 63 8 9 0.120853126 
781 428 9 12 0.12043837 
445 447 8 10 0.120429195 
732 567 12 16 0.12013661 
105 496 10 12 0.12005983 
684 669 12 15 0.12001475 
745 451 9 12 0.11983723 
272 382 7 9 0.119451866 
927 649 13 17 0.11933554 
488 229 9 11 0.11921613 
915 175 7 10 0.11901539 
372 600 10 12 0.118919775 
257 747 13 16 0.11825889 
673 311 7 9 0.11813203 
468 586 12 15 0.118100226 
947 216 8 10 0.11791429 
567 478 9 12 0.1177541 
493 634 9 13 0.117483296 
645 480 9 11 0.11728711 
689 424 8 9 0.11721446 
808 140 10 10 0.11720422 
841 103 8 10 0.117113814 
774 184 8 10 0.11704052 
268 442 11 14 0.1169966 
488 540 9 10 0.116692826 
534 523 9 11 0.11660344 
13 525 10 12 0.11656295 
613 231 8 10 0.1164614 
32 470 9 13 0.11602511 
336 400 7 9 0.11602225 
45 350 8 11 0.11543578 
744 118 8 9 0.115305744 
480 295 8 10 0.1151574 
557 464 9 12 0.11430261 
762 724 13 15 0.1140202 
327 469 8 10 0.11379109 
558 638 9 13 0.11372497 
398 397 7 10 0.113054395 
961 245 8 10 0.11291952 
950 580 9 12 0.11228572 
295 446 8 9 0.11185325 
616 296 8 11 0.11150315 
150 695 10 13 0.11132361 
897 166 7 9 0.11120029 
823 508 11 15 0.11114413 
290 444 8 10 0.11108286 
757 573 11 15 0.11090551 
833 119 8 10 0.11083818 
0 516 8 13 0.11064194 
911 574 11 13 0.11060306 
906 159 6 8 0.110566445 
452 566 9 12 0.11030876 
928 95 8 10 0.11027937 
320 390 8 10 0.1094361 
512 95 8 10 0.10925716 
728 659 10 13 0.10868841 
583 349 9 11 0.10859212 
575 421 8 10 0.10842155 
58 421 8 11 0.10799395 
753 305 7 10 0.10756949 
64 411 10 13 0.107509285 
1001 239 8 10 0.107356906 
968 47 8 11 0.10732791 
937 113 7 9 0.10711098 
992 493 13 15 0.10691734 
501 428 9 10 0.10667774 
393 392 8 10 0.10642929 
561 189 7 9 0.106374875 
266 439 9 12 0.10602821 
869 470 10 12 0.10583312 
620 758 9 12 0.10568838 
438 185 7 9 0.10564988 
759 62 7 9 0.10554264 
441 438 8 9 0.10502515 
520 560 9 11 0.10491368 
550 382 8 10 0.104536936 
664 428 10 12 0.10444048 
617 246 7 10 0.104343414 
867 129 7 9 0.10429188 
590 397 9 11 0.10420233 
517 352 9 10 0.10407702 
383 449 8 10 0.104015715 
311 416 7 10 0.10395856 
386 433 8 12 0.10359261 
303 664 8 11 0.10353843 
35 562 12 14 0.1035231 
638 167 7 9 0.103388235 
562 295 7 8 0.10303711 
546 389 8 11 0.10292118 
549 573 8 11 0.102846146 
616 271 8 9 0.102343425 
893 180 9 12 0.10223264 
951 409 12 15 0.10173744 
689 247 7 10 0.101656094 
708 288 9 10 0.1014424 
229 637 8 11 0.101229705 
880 143 8 9 0.10115672 
472 399 9 11 0.10109096 
159 476 8 12 0.100805916 
301 696 9 11 0.100742385 
792 430 11 14 0.10032858 
830 516 9 12 0.1001855 
7 463 10 14 0.10015335 
590 669 8 10 0.09997339 
644 414 9 11 0.09985422 
689 437 9 12 0.0991749 
581 319 9 12 0.0991628 
344 724 10 12 0.099071816 
567 294 7 10 0.09906573 
816 220 9 11 0.09896517 
377 415 9 12 0.0988304 
400 380 8 10 0.098539315 
450 615 10 13 0.09852972 
226 631 8 10 0.09840457 
816 185 8 10 0.09810695 
186 474 10 13 0.098084174 
837 94 8 10 0.09805838 
92 682 18 21 0.09797253 
968 179 9 11 0.097777195 
761 138 8 9 0.097760335 
741 71 7 10 0.097739555 
962 319 9 11 0.097637065 
705 64 6 8 0.09751786 
901 486 11 14 0.09744731 
601 625 8 10 0.097086266 
985 240 7 9 0.09696582 
551 287 6 9 0.09684213 
705 46 7 10 0.096772455 
775 128 7 9 0.09666397 
791 598 9 13 0.096439995 
712 381 9 12 0.09638379 
481 78 8 10 0.09636074 
94 523 11 13 0.09633785 
215 662 10 12 0.09630813 
425 375 8 10 0.0959911 
877 404 10 12 0.09593922 
850 582 10 14 0.095481984 
632 249 9 10 0.09527527 
423 359 8 11 0.09518047 
261 393 8 10 0.095137745 
563 541 10 11 0.094804846 
969 599 8 11 0.09472778 
538 317 8 11 0.094669096 
617 373 8 11 0.09463896 
870 483 12 15 0.09423515 
791 445 9 12 0.094173655 
741 96 7 9 0.094044745 
783 47 6 8 0.09402205 
703 88 8 10 0.09391858 
633 145 6 9 0.09382531 
919 95 7 9 0.09377873 
249 662 10 12 0.09372627 
669 680 11 14 0.09369732 
577 710 11 13 0.09346796 
208 375 8 9 0.09346297 
590 548 9 11 0.093330696 
692 493 9 12 0.093168736 
870 476 10 13 0.09310949 
550 710 11 13 0.093099855 
815 153 7 9 0.092948034 
800 391 10 12 0.092902765 
398 392 7 10 0.09277461 
736 502 9 11 0.092668355 
984 595 12 14 0.0926026 
631 337 8 11 0.09185427 
501 415 8 10 0.09180396 
837 461 11 14 0.09165179 
737 114 7 8 0.09156576 
561 30 8 10 0.091480516 
581 666 9 13 0.09138452 
479 13 8 10 0.09128486 
422 335 7 10 0.091137 
941 183 8 11 0.091104545 
487 631 12 15 0.09097389 
718 133 8 10 0.09083734 
546 286 7 10 0.090732835 
783 464 11 12 0.090557575 
478 513 10 14 0.090137646 
910 111 8 10 0.09000898 
743 6 7 8 0.08993442 
680 470 8 12 0.089811504 
735 493 8 10 0.089793324 
389 727 8 12 0.089769036 
862 150 9 11 0.08974216 
638 626 12 16 0.08968918 
526 64 7 9 0.08967984 
867 540 11 15 0.08952944 
463 565 9 12 0.08950767 
501 397 10 13 0.089352 
744 113 7 9 0.08924722 
906 192 7 9 0.08868906 
845 467 12 15 0.08860677 
440 433 8 10 0.08845836 
148 687 10 11 0.088280134 
661 406 8 11 0.08816899 
504 57 6 9 0.08809847 
245 765 9 12 0.08800334 
130 587 11 14 0.08799071 
847 84 8 10 0.08781618 
853 349 10 12 0.08756083 
548 695 10 12 0.08746069 
321 382 9 12 0.08745259 
888 485 13 16 0.08723493 
775 17 7 9 0.08699555 
152 715 11 15 0.086867966 
255 373 8 10 0.08671016 
382 471 8 10 0.08659846 
758 382 9 11 0.0864645 
288 360 7 8 0.086434744 
542 231 8 10 0.08640421 
704 124 8 10 0.086249955 
632 165 8 10 0.08620042 
406 517 7 10 0.08611298 
985 247 7 9 0.08602649 
670 168 8 10 0.08588767 
887 45 9 11 0.08587963 
829 382 9 12 0.085745044 
584 368 8 10 0.08555929 
745 421 9 11 0.08509549 
436 690 12 15 0.08503914 
695 13 7 9 0.08488199 
727 14 8 9 0.08482887 
472 336 8 9 0.0846448 
339 390 7 10 0.084448375 
520 182 9 12 0.084438585 
92 421 10 12 0.084376566 
743 150 7 9 0.084315255 
860 374 9 11 0.084111184 
673 318 7 10 0.08384259 
481 56 6 9 0.08372561 
872 253 10 11 0.08353443 
748 531 10 13 0.08341787 
609 279 8 10 0.08332324 
926 624 9 12 0.08323187 
732 356 10 12 0.083019614 
553 464 9 11 0.08301312 
519 382 9 10 0.08292379 
446 495 8 11 0.08292169 
985 173 8 11 0.0828613 
667 544 12 14 0.08275118 
726 432 8 11 0.08246029 
488 159 9 12 0.08235198 
500 223 9 11 0.082162134 
622 374 9 12 0.08189607 
521 176 8 10 0.081771426 
511 64 8 11 0.08152267 
729 344 9 11 0.08138692 
425 601 8 10 0.0812642 
463 328 8 10 0.081212364 
262 655 9 11 0.08120289 
680 302 7 10 0.081178926 
312 749 10 12 0.08080057 
325 381 9 11 0.08076704 
736 88 7 9 0.08060673 
545 383 8 10 0.0805617 
242 645 8 10 0.08035107 
464 199 8 10 0.0801721 
287 391 7 9 0.08001378 
753 88 7 9 0.079791665 
470 30 9 12 0.07951285 
766 498 10 12 0.07941021 
702 143 9 11 0.079047084 
64 487 10 12 0.07903695 
713 611 10 13 0.079011135 
590 368 8 11 0.07898877 
536 105 6 9 0.07885974 
713 548 10 13 0.07877248 
866 87 8 10 0.07873828 
633 98 7 8 0.078388885 
726 8 7 10 0.07832121 
39 419 11 13 0.07797105 
558 248 9 11 0.077950284 
989 295 9 12 0.07793196 
264 720 12 16 0.07769657 
880 71 9 10 0.077643484 
535 496 7 10 0.07760166 
340 660 11 13 0.07758861 
360 404 9 11 0.07757786 
703 385 9 11 0.07742424 
848 636 14 18 0.07739669 
391 619 9 11 0.0773031 
511 673 11 15 0.07719852 
462 470 8 10 0.077133566 
717 607 12 14 0.07711711 
476 614 10 12 0.07684947 
420 672 10 11 0.07679641 
743 398 9 12 0.07676645 
558 512 8 11 0.0767056 
860 178 10 13 0.076660745 
620 764 12 16 0.07645097 
929 131 9 11 0.07637778 
870 110 7 9 0.07637008 
488 379 11 14 0.076360285 
448 278 8 10 0.0763541 
709 318 9 11 0.07635278 
309 722 11 13 0.07624442 
656 455 8 11 0.07618865 
400 342 7 9 0.07603839 
833 262 11 13 0.075929664 
473 343 7 9 0.07582229 
581 304 8 11 0.07571593 
910 191 7 9 0.07569851 
417 415 7 9 0.075637795 
745 237 8 11 0.07529099 
728 55 7 8 0.07527404 
743 1 7 9 0.07525344 
409 447 9 12 0.07505018 
897 327 8 9 0.074905485 
455 389 8 10 0.07489069 
725 437 9 10 0.07487879 
718 62 7 10 0.074857876 
776 375 9 12 0.07485203 
718 184 8 10 0.07479409 
448 484 10 12 0.074727826 
887 657 13 17 0.07471107 
689 8 8 10 0.07452249 
621 468 8 11 0.07447167 
327 399 8 9 0.074449204 
609 119 7 9 0.074419886 
864 599 11 13 0.07428605 
752 348 9 11 0.074121796 
769 184 9 12 0.074066974 
534 336 8 10 0.073881365 
829 510 10 13 0.07376417 
217 392 7 10 0.07376367 
518 227 10 12 0.07372025 
943 350 10 13 0.07370669 
456 344 7 9 0.07365665 
714 56 7 9 0.073632024 
696 455 8 10 0.07357665 
993 488 9 12 0.07353165 
838 88 8 10 0.0734911 
366 398 8 10 0.073442906 
985 78 10 12 0.07324145 
206 670 11 13 0.07323667 
254 296 7 9 0.073171996 
830 126 8 10 0.07312693 
512 100 8 10 0.07307042 
80 405 10 12 0.072765544 
661 399 9 12 0.07273818 
529 341 8 10 0.07266495 
643 523 12 14 0.07262399 
465 205 8 10 0.07243016 
689 381 8 10 0.07215855 
375 385 8 9 0.072137415 
409 550 9 11 0.072089836 
753 364 10 13 0.07208726 
686 157 9 10 0.07207718 
500 405 9 11 0.07184718 
232 763 11 13 0.071830705 
504 61 7 10 0.071818426 
675 366 7 10 0.071773365 
45 460 9 11 0.07171935 
720 335 9 11 0.0716917 
691 548 11 13 0.0713983 
289 49 8 10 0.07136286 
550 686 10 11 0.071226284 
583 103 7 8 0.071209274 
569 336 9 11 0.07110749 
30 463 9 11 0.07098407 
448 453 8 11 0.07073667 
878 554 12 14 0.07071908 
713 500 9 12 0.07062551 
858 95 8 9 0.070489004 
932 639 10 12 0.07040606 
897 219 11 13 0.07034444 
607 547 10 12 0.07032019 
505 39 8 10 0.070237264 
888 127 8 10 0.07021654 
711 496 10 12 0.070206806 
688 175 6 9 0.07015766 
720 412 9 11 0.070116475 
375 691 11 13 0.07011154 
155 502 9 12 0.06986499 
837 118 8 10 0.06983834 
560 494 9 12 0.06976967 
414 447 8 10 0.06973424 
175 653 9 13 0.06966739 
215 640 8 10 0.06964672 
567 699 9 12 0.06959236 
727 383 10 12 0.0694517 
210 623 8 10 0.069360815 
569 438 8 12 0.06929102 
757 729 16 18 0.0692518 
584 344 8 10 0.06921597 
71 659 11 15 0.06916952 
471 286 8 10 0.0690593 
432 469 10 12 0.069052055 
532 557 10 13 0.06899784 
286 658 9 11 0.068994746 
937 525 11 13 0.06894827 
865 134 8 10 0.06882377 
252 704 9 11 0.06875917 
639 144 7 9 0.06864579 
359 16 7 8 0.068486564 
454 383 9 11 0.06841223 
364 477 8 11 0.06840048 
799 100 7 9 0.06825989 
398 7 9 11 0.06823612 
217 272 7 9 0.06814208 
790 72 8 10 0.06804284 
543 246 8 11 0.06803758 
182 495 11 13 0.06803576 
576 223 7 10 0.06793648 
493 548 10 13 0.067862816 
920 492 11 14 0.0677368 
632 161 8 9 0.067572474 
406 229 8 11 0.06751847 
905 40 9 11 0.06731525 
502 337 9 10 0.06727172 
596 496 10 11 0.067232095 
1008 232 8 10 0.06721301 
616 653 10 12 0.06720024 
825 380 9 12 0.067189254 
635 493 11 15 0.06712394 
694 72 7 9 0.06709451 
878 531 9 11 0.06686098 
519 571 11 14 0.06680473 
300 494 11 15 0.066554025 
669 696 11 14 0.06644991 
272 302 6 9 0.0663709 
685 471 9 11 0.06633075 
418 382 8 10 0.06621278 
358 751 10 13 0.06614888 
893 497 11 14 0.06611336 
590 37 8 10 0.06598327 
321 399 7 9 0.06588797 
753 94 7 9 0.065718435 
879 209 9 11 0.06558098 
911 566 11 13 0.06557006 
517 327 9 10 0.0654536 
845 455 11 14 0.06543732 
572 503 10 11 0.065272205 
290 623 8 11 0.06519685 
495 344 8 11 0.06508906 
16 383 9 12 0.06506087 
767 7 7 8 0.064928345 
392 455 9 12 0.06490895 
572 676 12 15 0.06490565 
23 516 11 13 0.06488024 
688 102 8 8 0.0648266 
921 623 9 13 0.06482445 
581 588 10 14 0.06477216 
864 429 10 11 0.06474653 
367 383 8 11 0.064737745 
207 607 8 11 0.06473338 
289 336 7 10 0.06466937 
733 653 11 14 0.06455091 
721 452 9 11 0.06453001 
519 644 11 14 0.064498626 
775 659 10 14 0.06444766 
774 380 10 12 0.06442459 
827 580 12 15 0.06440771 
421 184 8 10 0.064327136 
221 655 9 11 0.06429426 
312 440 8 10 0.06424766 
753 203 8 11 0.06422953 
639 294 9 10 0.064177044 
414 208 7 9 0.064159475 
807 183 8 10 0.06403121 
609 432 9 10 0.06388084 
603 633 12 15 0.06358552 
153 580 8 11 0.063524015 
864 438 11 14 0.063509196 
333 461 9 10 0.06349618 
808 80 7 9 0.063472696 
713 367 8 11 0.063413404 
272 408 9 11 0.06314768 
267 20 7 10 0.06307191 
415 292 7 10 0.06306837 
732 645 10 12 0.06304254 
607 678 11 15 0.06303439 
30 637 14 16 0.06298613 
565 647 9 11 0.06295824 
574 390 8 11 0.06287153 
656 636 10 13 0.062850885 
608 112 7 9 0.062837794 
222 609 7 9 0.062818535 
129 469 9 12 0.0627777 
784 231 9 12 0.0627761 
631 479 10 12 0.06275937 
427 609 12 15 0.06265423 
545 185 7 10 0.06265273 
742 16 7 9 0.062647566 
813 438 10 13 0.06263533 
288 365 8 10 0.06263416 
489 224 8 11 0.062581405 
391 502 8 10 0.062568024 
647 407 8 10 0.06255719 
749 120 7 9 0.062495556 
981 62 10 12 0.062446326 
406 376 7 9 0.062424004 
774 150 7 9 0.062399644 
536 366 9 11 0.06235518 
719 112 7 9 0.0623406 
280 351 8 10 0.06229795 
449 383 9 11 0.062265206 
968 87 8 10 0.062233288 
960 615 13 15 0.06209265 
541 239 9 10 0.062091567 
703 431 8 10 0.06207416 
855 344 9 11 0.062062275 
525 663 10 13 0.06204999 
336 404 9 11 0.06200164 
550 567 9 12 0.06198089 
465 30 9 11 0.0619411 
652 788 12 13 0.06179444 
746 231 8 11 0.06176871 
763 715 14 18 0.061673872 
749 398 10 13 0.061670344 
800 152 7 10 0.061615065 
869 727 19 23 0.06158474 
860 407 9 12 0.061524156 
521 581 9 11 0.0615168 
925 237 8 11 0.061496653 
646 391 9 11 0.061424866 
69 487 11 12 0.06134259 
228 475 10 14 0.061274756 
1002 425 12 16 0.061199058 
345 470 9 10 0.061161883 
401 232 8 10 0.06108856 
623 133 7 10 0.061045345 
942 437 10 13 0.061035283 
538 238 8 10 0.061012622 
456 456 7 10 0.060988586 
791 763 13 18 0.060854234 
770 165 8 10 0.060832042 
734 48 8 9 0.06082852 
397 474 10 12 0.060734905 
414 480 8 10 0.060721904 
422 381 8 10 0.060712323 
578 323 8 11 0.06062344 
521 343 8 9 0.06061567 
549 453 9 10 0.060576156 
631 102 8 8 0.06041723 
807 152 9 11 0.06035716 
438 682 9 10 0.06026296 
716 764 9 13 0.060217746 
97 580 9 12 0.060189042 
89 520 9 11 0.06017812 
615 238 7 10 0.060110137 
818 87 8 9 0.059980717 
842 73 8 9 0.059974235 
621 512 10 13 0.059912946 
549 631 10 13 0.059791997 
714 697 100 115 0.059786405 
463 53 6 9 0.059657697 
615 328 8 11 0.05957821 
576 416 9 11 0.059460603 
594 231 7 9 0.05946032 
775 145 7 9 0.059393056 
510 510 8 10 0.059383057 
816 79 7 9 0.05938178 
554 554 10 14 0.05929695 
757 661 19 24 0.05928602 
748 554 11 14 0.05927467 
798 119 9 11 0.059252292 
862 143 8 10 0.059218895 
666 167 8 10 0.059203103 
61 504 10 12 0.05900829 
882 24 8 10 0.058983397 
214 628 7 11 0.05896928 
46 543 11 14 0.058960292 
533 341 9 10 0.05889136 
520 534 9 12 0.058864065 
918 180 8 10 0.058861636 
751 56 8 9 0.05876471 
761 476 10 12 0.0587346 
338 7 8 8 0.05872561 
470 328 7 9 0.058612358 
271 464 9 11 0.058554966 
704 304 7 10 0.058520745 
775 675 11 15 0.0584174 
965 126 8 11 0.058361337 
254 5 8 9 0.05827813 
486 295 8 10 0.058251888 
889 86 8 10 0.058248695 
745 405 9 12 0.05819692 
512 257 7 10 0.0580119 
574 342 8 11 0.0580018 
714 511 8 11 0.05797207 
301 461 10 11 0.057905447 
927 223 8 9 0.057898495 
561 477 9 12 0.057822183 
406 511 9 13 0.057817966 
383 488 10 13 0.057777278 
488 367 8 10 0.05771688 
462 103 7 9 0.05767898 
768 127 9 10 0.05760707 
489 343 8 10 0.057599492 
650 135 7 8 0.057582926 
719 38 8 10 0.057460614 
962 241 8 10 0.057382584 
686 24 7 10 0.05734282 
456 652 10 14 0.057300724 
470 280 8 10 0.057214193 
473 38 9 11 0.057172425 
44 345 8 10 0.057042442 
777 396 9 11 0.05698356 
705 192 7 9 0.056933127 
394 8 8 9 0.056865312 
134 510 8 11 0.056772266 
834 240 8 10 0.056756925 
528 496 8 11 0.056701798 
294 616 7 10 0.056612257 
431 542 8 10 0.056511655 
813 676 11 16 0.056465536 
439 699 11 14 0.056448787 
934 599 9 11 0.056438845 
326 672 9 11 0.05641125 
712 48 7 9 0.05635115 
736 77 7 10 0.056324203 
70 502 10 12 0.056288283 
697 150 7 9 0.056284297 
511 168 7 9 0.056244902 
550 447 9 11 0.056237966 
783 446 12 14 0.056227792 
775 390 9 11 0.056197252 
697 38 7 9 0.056191314 
687 311 8 9 0.05615913 
765 470 10 14 0.05614508 
638 254 7 9 0.05612555 
272 7 7 9 0.056094237 
840 152 7 8 0.056068685 
536 31 8 10 0.05593579 
876 483 11 15 0.055915147 
470 431 7 10 0.055886075 
801 196 8 10 0.05573212 
544 280 7 9 0.055654977 
808 97 7 9 0.05562801 
722 256 8 10 0.055595264 
594 119 8 9 0.055513736 
492 543 9 10 0.05549037 
517 357 8 11 0.05545261 
361 383 9 10 0.05542107 
478 38 8 9 0.055401985 
1005 463 15 21 0.055358957 
534 358 9 11 0.055328377 
15 374 9 11 0.055302292 
658 167 6 8 0.055267066 
320 14 7 9 0.055241402 
640 579 9 12 0.055230357 
544 85 7 10 0.054998297 
841 31 7 9 0.054982338 
775 62 7 10 0.054970004 
596 559 9 12 0.054890074 
983 68 9 12 0.05481989 
474 651 13 17 0.054803904 
325 423 7 9 0.05477459 
512 239 7 10 0.054692835 
216 750 12 13 0.0546795 
231 745 13 17 0.054651465 
808 70 7 9 0.0546188 
279 383 7 10 0.054584783 
689 377 7 9 0.05451029 
888 413 9 11 0.05450211 
510 31 7 9 0.054483686 
696 33 7 9 0.05444798 
877 625 15 19 0.054408785 
297 374 8 10 0.05435795 
788 667 11 14 0.054305498 
493 700 11 15 0.054281615 
317 427 10 12 0.054265596 
593 357 8 10 0.054245275 
793 374 9 11 0.05421565 
574 337 8 9 0.054211494 
750 576 13 16 0.05396823 
802 289 8 10 0.05394924 
736 300 8 10 0.053948607 
466 255 8 10 0.053937074 
302 675 11 14 0.05391837 
633 468 9 11 0.053863686 
825 32 7 8 0.053798936 
41 375 8 10 0.053798888 
72 376 8 11 0.053668406 
527 557 10 12 0.05364432 
591 570 9 12 0.053565733 
657 111 8 10 0.05352218 
55 503 11 14 0.053504843 
721 149 9 10 0.053415745 
718 541 11 14 0.053235184 
318 360 8 11 0.053229798 
985 104 8 10 0.053215742 
754 73 7 9 0.053161584 
423 92 10 11 0.053097505 
680 96 6 9 0.053083897 
53 566 11 13 0.05304533 
312 743 10 12 0.053031676 
568 390 8 11 0.053020235 
631 433 8 10 0.05281109 
518 670 10 13 0.052793298 
569 507 10 13 0.052761782 
246 685 9 11 0.052742407 
96 575 10 12 0.052729666 
407 224 9 11 0.05272669 
720 87 7 9 0.052648023 
556 550 10 12 0.05260833 
930 79 8 10 0.052559964 
801 56 7 9 0.052540567 
357 5 8 10 0.052500807 
889 110 7 9 0.052497335 
672 658 12 15 0.05249336 
418 741 8 10 0.052331924 
882 605 10 13 0.052280683 
585 379 10 12 0.052249953 
503 488 8 10 0.05222592 
231 483 11 13 0.05219447 
681 590 9 13 0.052173693 
565 471 10 13 0.052143987 
449 344 8 9 0.052107282 
614 749 10 14 0.052100614 
784 251 9 10 0.051988978 
986 84 9 12 0.051970407 
775 55 8 10 0.051959727 
758 374 9 11 0.051936515 
329 447 10 12 0.051860176 
952 343 9 11 0.05185796 
633 303 8 9 0.051797602 
534 296 8 10 0.051774535 
562 320 8 10 0.05176125 
614 406 8 9 0.051707555 
709 104 8 10 0.051663663 
222 176 7 9 0.05162912 
525 564 10 13 0.051625118 
614 287 7 8 0.05162067 
823 110 8 10 0.051583514 
562 486 8 11 0.05158079 
368 486 9 12 0.051530495 
430 597 9 11 0.051455807 
185 668 11 11 0.051417906 
321 468 9 11 0.051390007 
577 26 7 9 0.05125747 
95 494 9 11 0.05124487 
601 327 8 11 0.051233936 
408 420 8 11 0.051197816 
504 239 8 10 0.051172193 
855 64 8 10 0.05113933 
127 510 9 12 0.051098943 
648 455 9 10 0.05109351 
894 333 10 12 0.051075615 
569 600 9 11 0.051042162 
704 94 7 9 0.051021334 
787 739 14 16 0.051017974 
543 119 8 10 0.050926063 
80 550 10 12 0.05090519 
375 359 7 10 0.050851703 
882 365 9 12 0.050820664 
448 628 11 14 0.05078093 
198 598 8 9 0.050772056 
519 500 8 11 0.050747655 
994 222 7 10 0.050741695 
239 358 7 10 0.050738197 
641 111 6 9 0.050724853 
479 191 7 10 0.05070903 
341 406 9 10 0.050677504 
511 44 7 10 0.05064515 
412 757 11 13 0.050525807 
449 460 9 11 0.050429113 
872 671 10 12 0.050428294 
857 71 8 9 0.05041603 
764 533 10 12 0.050383434 
382 392 7 9 0.050375894 
216 607 8 10 0.0503553 
777 79 7 9 0.05024521 
839 110 8 10 0.050200425 
925 231 8 11 0.05019618 
896 299 12 14 0.05013437 
917 451 12 16 0.050088037 
377 14 8 10 0.05007033 
591 392 8 10 0.05006988 
544 621 9 12 0.05006523 
833 112 8 10 0.050056584 
422 168 8 10 0.050029486 
508 663 10 13 0.049926654 
936 55 8 10 0.04992327 
646 638 9 13 0.049823422 
490 351 8 9 0.049795475 
717 503 8 10 0.049783014 
641 389 9 12 0.049728565 
350 470 8 10 0.04971608 
822 398 10 11 0.04964858 
535 352 7 10 0.049587503 
433 464 8 10 0.049583934 
725 452 10 12 0.049559705 
656 428 9 12 0.04955321 
903 140 8 10 0.049552314 
800 164 9 10 0.049510892 
208 408 10 13 0.049425174 
314 647 8 10 0.049374077 
448 207 8 10 0.049318787 
280 400 7 8 0.049311653 
65 433 9 11 0.04928393 
760 493 12 16 0.049283806 
328 438 10 11 0.04917215 
301 445 9 10 0.04913885 
365 407 9 11 0.04912826 
437 463 8 10 0.049126647 
806 526 9 11 0.049096648 
255 656 10 12 0.04907548 
607 328 8 10 0.0490439 
712 543 10 12 0.04903939 
660 644 10 14 0.048990596 
142 529 8 10 0.048990346 
856 7 9 10 0.048941385 
246 641 9 11 0.048917353 
565 31 8 10 0.04890908 
608 462 9 11 0.048898045 
796 596 10 13 0.048895083 
559 289 7 8 0.048864827 
616 127 8 9 0.04881689 
233 287 6 9 0.048815463 
726 256 7 9 0.04880695 
786 753 23 31 0.048750754 
598 357 10 12 0.048749667 
544 454 10 11 0.048745986 
221 647 9 10 0.04872587 
495 309 7 9 0.048701122 
702 39 7 10 0.04868759 
967 110 7 10 0.04863159 
296 655 8 11 0.04862996 
409 490 11 14 0.048611116 
768 407 8 11 0.04859692 
392 476 10 13 0.048580278 
449 669 10 12 0.04857627 
753 78 7 9 0.048557628 
984 307 10 13 0.04852067 
537 373 8 11 0.048486352 
573 263 8 9 0.04846614 
772 579 15 17 0.048383407 
463 398 8 11 0.048380233 
167 743 9 11 0.04835626 
916 597 11 13 0.048264712 
32 382 8 10 0.04823162 
929 142 8 11 0.0482261 
967 603 11 13 0.04820951 
993 685 10 13 0.048200477 
232 432 9 12 0.04819482 
278 407 8 10 0.04815239 
933 85 8 10 0.04812598 
607 332 9 11 0.048121262 
801 191 9 11 0.048114903 
465 647 10 12 0.04807205 
128 536 9 11 0.04800814 
440 327 7 10 0.048001993 
830 65 8 9 0.047978025 
15 421 8 10 0.04794019 
496 223 9 12 0.04793415 
536 109 7 10 0.04791745 
685 596 10 13 0.04790429 
860 587 10 13 0.047882948 
272 341 6 9 0.047868118 
864 475 10 13 0.04784452 
237 567 10 11 0.047828764 
326 376 9 11 0.047819 
821 189 8 10 0.047784425 
708 686 11 13 0.047757354 
54 391 7 10 0.047749843 
527 645 11 13 0.047731042 
831 144 7 8 0.04772778 
662 342 7 9 0.047650743 
693 431 9 10 0.0476399 
271 781 9 12 0.0476368 
422 341 8 10 0.0474471 
585 495 9 11 0.047393214 
422 503 8 10 0.047374334 
922 427 14 16 0.047342088 
830 70 8 10 0.04733772 
895 507 10 13 0.04729301 
937 233 8 9 0.047279533 
575 142 7 9 0.047277004 
809 327 8 10 0.047265492 
457 287 7 10 0.04724446 
333 440 9 10 0.04722604 
909 671 14 18 0.047198255 
527 424 7 10 0.047189504 
313 421 9 12 0.047186024 
87 387 10 12 0.047178257 
400 369 7 9 0.047175452 
768 359 8 11 0.047136676 
640 517 12 16 0.04707877 
565 326 7 9 0.047055036 
783 104 7 9 0.04704124 
832 229 7 9 0.047026265 
189 606 9 11 0.047023803 
831 267 11 12 0.04701607 
528 16 7 9 0.046945233 
357 614 9 11 0.046930898 
698 320 7 9 0.046923187 
417 168 8 10 0.04689474 
743 438 9 12 0.046877842 
127 516 9 11 0.04686422 
456 374 7 9 0.04686059 
399 199 7 9 0.046851773 
89 416 8 11 0.04684127 
582 136 7 9 0.046813816 
570 264 8 9 0.046807192 
825 128 7 9 0.046799883 
709 444 10 13 0.04678165 
490 111 8 10 0.046773482 
630 686 8 11 0.046701595 
561 222 7 9 0.046685018 
16 444 11 14 0.046675812 
639 103 7 8 0.04664289 
112 518 9 12 0.046622798 
945 574 9 12 0.046602022 
613 444 9 11 0.046573658 
904 197 9 10 0.04652566 
361 367 8 9 0.046522003 
990 263 8 10 0.04646861 
556 711 11 13 0.046459254 
345 422 8 10 0.04643974 
577 197 9 11 0.04643435 
910 103 8 10 0.04641832 
833 101 8 10 0.046412047 
392 335 8 9 0.046370316 
870 546 13 17 0.04635649 
1002 255 8 11 0.046349723 
956 580 9 11 0.04633903 
494 566 8 10 0.046271358 
509 599 8 11 0.04620854 
591 89 7 8 0.04615862 
781 667 13 17 0.04598208 
520 31 8 9 0.04596343 
32 376 8 10 0.045944676 
302 391 7 9 0.04592486 
806 190 7 10 0.04591603 
36 545 12 14 0.04591284 
359 415 9 11 0.045900967 
960 255 9 11 0.045874488 
513 412 10 12 0.04586227 
416 408 7 10 0.04575395 
592 114 7 8 0.045719907 
833 41 7 9 0.045690816 
544 189 8 11 0.045684796 
669 158 9 11 0.04567289 
720 260 8 10 0.045671765 
422 544 8 9 0.045617737 
237 663 10 12 0.045598652 
460 501 11 13 0.045595225 
22 432 9 11 0.045563146 
552 327 8 11 0.045538988 
463 334 7 10 0.045537245 
618 134 8 10 0.04552049 
957 437 11 13 0.04549218 
294 368 8 9 0.045478657 
920 63 7 10 0.045412447 
616 464 9 11 0.04538542 
854 110 7 10 0.045377236 
592 167 7 9 0.045325816 
673 103 8 10 0.045286436 
5 515 12 14 0.045284834 
780 374 10 11 0.04522429 
582 704 9 11 0.045193758 
13 518 11 14 0.045167014 
830 685 10 14 0.04509767 
517 692 10 12 0.045069866 
794 167 7 9 0.04505667 
726 589 11 14 0.045036916 
839 0 10 8 0.04497552 
905 120 8 9 0.04493649 
287 385 7 9 0.04484343 
560 217 7 9 0.044802833 
72 597 12 14 0.044787593 
728 128 7 9 0.04478432 
876 657 11 15 0.044781465 
634 295 8 10 0.044773225 
821 216 8 11 0.04475116 
677 390 8 10 0.044735305 
77 487 9 11 0.04471929 
734 333 10 12 0.044717193 
471 199 8 10 0.044716217 
703 487 8 11 0.044710632 
197 272 8 9 0.044663366 
897 230 9 11 0.044662837 
909 158 7 9 0.044643845 
569 359 9 11 0.044617087 
527 551 9 12 0.04459077 
790 407 9 11 0.044590708 
815 157 8 10 0.044535816 
641 287 8 11 0.044521924 
503 207 7 10 0.044521894 
880 110 8 10 0.04451302 
478 581 8 11 0.04450767 
766 135 8 10 0.044492837 
518 333 9 11 0.04446217 
303 722 11 14 0.044438295 
280 327 8 9 0.044437103 
513 352 8 10 0.044351447 
734 581 9 12 0.044328496 
546 581 9 11 0.04428264 
528 625 10 13 0.04428124 
152 496 9 11 0.0442736 
889 178 9 11 0.044253066 
452 635 10 13 0.044237845 
496 190 6 8 0.044222508 
673 325 8 10 0.04421741 
471 350 8 9 0.04416675 
608 375 9 10 0.044165332 
225 305 7 8 0.044147708 
936 161 7 9 0.04413105 
432 391 7 9 0.04409563 
769 213 8 11 0.0440925 
551 501 9 11 0.044066362 
558 134 7 9 0.044064097 
440 583 9 12 0.044062894 
704 493 9 11 0.04405814 
984 299 12 15 0.044040244 
279 429 9 11 0.043979503 
993 152 9 10 0.043947954 
905 129 6 8 0.043860145 
649 303 7 9 0.04384535 
321 676 9 12 0.043824013 
849 135 7 9 0.04379973 
448 73 8 9 0.043793593 
653 102 8 10 0.043790206 
758 72 7 9 0.04378764 
449 376 7 8 0.04371049 
750 166 7 9 0.043696 
254 434 9 13 0.04364218 
458 328 7 9 0.04363516 
535 742 9 12 0.043633 
865 395 10 14 0.043557566 
265 701 9 10 0.04355665 
254 668 8 11 0.043538604 
358 420 8 11 0.043521788 
821 239 10 12 0.043494295 
374 487 9 12 0.04349077 
212 669 11 15 0.043474235 
367 611 10 13 0.04342239 
296 352 8 9 0.043370515 
880 78 8 10 0.043278314 
417 736 9 10 0.043243498 
310 695 9 11 0.043226458 
894 411 10 14 0.043219198 
693 255 8 9 0.04318285 
135 535 8 10 0.04318143 
546 707 10 14 0.043151338 
441 312 8 9 0.04313589 
908 134 8 10 0.043112416 
863 169 9 10 0.043063287 
438 65 7 10 0.043052398 
773 411 10 12 0.043049317 
727 414 9 11 0.04304324 
600 319 9 11 0.043022648 
433 64 9 12 0.042991057 
286 430 9 11 0.042989116 
39 448 9 11 0.04298654 
688 628 19 25 0.042979807 
847 31 7 9 0.042913917 
554 517 9 11 0.04284456 
501 352 9 10 0.042843487 
479 366 8 10 0.042842347 
881 360 9 12 0.042807907 
44 415 10 12 0.04280254 
784 79 8 9 0.04280021 
752 61 8 10 0.04279341 
542 494 9 11 0.042775527 
687 97 7 9 0.04277467 
238 669 10 11 0.042767808 
660 724 10 14 0.04268563 
120 455 8 9 0.042683158 
624 465 8 10 0.04267071 
376 8 8 9 0.042666946 
460 359 8 10 0.04261975 
408 543 10 12 0.042614378 
353 6 9 10 0.042583235 
957 30 10 12 0.042578056 
535 17 8 10 0.042565294 
719 400 9 11 0.042520236 
597 565 8 11 0.0425147 
65 468 10 12 0.0424604 
1000 619 10 13 0.04245952 
961 70 8 12 0.042433236 
1005 550 9 11 0.042423274 
897 143 7 9 0.042415615 
475 14 8 10 0.042413443 
487 215 8 10 0.042400237 
514 224 9 11 0.04237212 
496 184 7 10 0.042339534 
665 143 7 8 0.042321555 
503 392 9 11 0.04229672 
688 260 8 10 0.042292457 
894 119 8 10 0.042272855 
481 255 7 9 0.042261105 
363 471 10 13 0.042258713 
271 432 8 11 0.042253975 
783 110 7 10 0.042229462 
573 7 8 10 0.042224646 
28 495 10 11 0.042201925 
381 460 10 12 0.04219854 
521 64 7 9 0.042196207 
293 467 11 13 0.04218815 
624 151 7 9 0.042172465 
1010 100 8 11 0.04216349 
347 389 9 11 0.042151395 
738 151 8 9 0.042141974 
751 103 8 9 0.042138837 
528 223 9 10 0.04212315 
671 470 8 11 0.04208344 
63 536 9 13 0.04208227 
743 214 7 10 0.042064525 
841 165 8 10 0.042063586 
732 638 11 14 0.042047665 
1008 261 8 11 0.042018 
300 455 10 12 0.04201673 
335 23 7 9 0.041986074 
465 247 8 9 0.041913573 
280 366 8 10 0.04191069 
807 176 7 9 0.04190156 
802 80 7 9 0.041851807 
514 487 9 12 0.041849818 
663 606 8 11 0.04183114 
510 192 7 9 0.0418235 
799 383 8 11 0.041794747 
464 280 9 10 0.041794 
694 376 7 9 0.04179303 
479 289 7 9 0.041773703 
624 97 7 10 0.04174959 
488 264 7 10 0.041734926 
911 151 7 10 0.04171069 
487 72 7 9 0.041704815 
487 441 8 11 0.041696716 
544 325 8 11 0.041688167 
263 351 8 10 0.041668322 
912 95 9 10 0.041663367 
569 270 8 10 0.041646462 
644 660 11 14 0.04164245 
272 335 7 9 0.041638687 
431 397 8 11 0.04160057 
624 406 9 10 0.04154361 
863 29 8 10 0.041528042 
487 555 10 13 0.041508652 
800 47 7 8 0.0414978 
433 591 9 12 0.041472156 
985 264 9 10 0.041471846 
972 597 11 13 0.0414611 
0 646 9 15 0.04145226 
769 428 10 13 0.04144105 
571 477 10 13 0.041436158 
391 443 9 11 0.04140964 
473 95 8 10 0.04140387 
553 511 9 11 0.041386038 
311 57 8 9 0.04137929 
557 344 8 11 0.041372553 
727 540 10 13 0.041365467 
849 246 8 10 0.041356463 
750 176 8 10 0.041347913 
464 560 10 12 0.041347176 
755 726 25 30 0.041304246 
733 587 10 14 0.041296013 
352 616 9 12 0.04128309 
30 446 10 12 0.041269403 
606 152 7 8 0.04125565 
328 429 8 12 0.041248072 
410 207 7 10 0.041246373 
574 271 7 9 0.041235644 
446 312 7 9 0.04122279 
775 367 8 10 0.041193616 
886 549 12 15 0.041176915 
254 335 8 9 0.04116977 
980 707 21 25 0.04115236 
479 60 8 9 0.04108537 
872 200 8 9 0.041082103 
926 176 8 9 0.041075416 
670 143 7 10 0.041053776 
7 506 13 16 0.041044556 
854 104 8 10 0.041018736 
134 612 10 12 0.041017808 
968 159 8 11 0.04097379 
518 319 7 9 0.040970877 
914 181 8 10 0.040963966 
888 104 8 9 0.040945966 
790 230 8 11 0.04092294 
822 86 7 10 0.040922545 
836 708 16 20 0.040869113 
954 206 8 10 0.04086683 
892 436 11 14 0.040855803 
271 272 7 8 0.040854797 
936 166 8 9 0.04080296 
478 342 7 9 0.04078179 
630 375 10 11 0.040778853 
839 14 6 8 0.0407685 
525 582 9 10 0.040705808 
495 304 8 10 0.040699653 
446 431 8 10 0.04068482 
465 430 9 10 0.04068184 
325 390 8 10 0.04062986 
648 364 8 10 0.04058494 
413 546 10 13 0.040574517 
328 463 9 11 0.040572107 
759 78 8 9 0.04056671 
532 564 10 12 0.040566508 
505 518 10 12 0.04054617 
448 244 8 10 0.040529888 
296 305 7 9 0.04051732 
429 375 8 10 0.040497363 
356 699 12 15 0.04049602 
479 414 7 9 0.040487185 
825 648 12 16 0.040485926 
216 278 7 8 0.040470734 
893 95 8 10 0.04046319 
585 487 10 11 0.04044773 
878 96 9 10 0.04042357 
912 556 10 13 0.04041947 
998 140 9 11 0.040339682 
870 532 10 13 0.040329102 
112 590 10 12 0.04032746 
741 23 7 9 0.04029765 
680 110 6 9 0.040292773 
790 128 8 10 0.040284716 
527 288 8 10 0.04028019 
417 184 8 10 0.04024918 
629 398 8 11 0.04022936 
363 142 7 10 0.040201496 
954 452 13 17 0.040126704 
153 476 9 12 0.04009266 
799 125 8 10 0.04008499 
341 485 9 11 0.040081717 
545 630 10 13 0.040071525 
280 319 8 10 0.04005656 
458 334 8 9 0.039959792 
1013 238 8 11 0.039957758 
519 312 9 10 0.039929155 
249 295 8 10 0.039926782 
389 495 7 10 0.039917007 
688 79 7 9 0.039913315 
471 437 8 9 0.039892 
838 53 9 11 0.039868385 
207 327 8 10 0.03984379 
507 31 7 9 0.039823025 
425 223 8 10 0.039807145 
658 128 6 8 0.03979547 
157 713 13 17 0.03978212 
336 655 11 14 0.03970989 
646 582 9 11 0.039694294 
637 649 14 17 0.03967138 
235 485 11 13 0.03965392 
514 134 8 10 0.039606653 
532 751 11 14 0.039576788 
86 438 9 10 0.039575987 
720 446 10 13 0.039574433 
841 159 7 9 0.039571516 
248 110 7 8 0.039553307 
489 337 6 9 0.039548486 
504 524 10 13 0.03952088 
903 776 13 16 0.039518993 
431 271 9 10 0.039513502 
447 350 8 9 0.03950659 
929 166 7 9 0.039485607 
639 479 11 13 0.03947627 
574 773 10 12 0.03944718 
646 295 7 9 0.03942414 
647 326 8 9 0.039396513 
568 349 8 10 0.03938041 
40 355 9 11 0.03937075 
600 310 9 11 0.039369434 
1014 558 10 12 0.039352108 
624 47 8 10 0.03930833 
742 100 8 10 0.03930597 
513 319 8 9 0.039293647 
270 693 8 11 0.039289292 
545 272 7 9 0.039280314 
568 583 11 14 0.03926365 
972 605 9 13 0.039258327 
984 652 11 13 0.03921402 
87 508 9 11 0.039211746 
424 365 8 10 0.039209053 
21 445 10 13 0.039181273 
193 278 7 10 0.03918085 
831 418 11 13 0.039159987 
640 64 7 8 0.039156992 
713 432 8 11 0.039139464 
957 343 9 12 0.03912142 
636 462 9 11 0.039116737 
814 332 8 11 0.039116234 
608 168 7 9 0.039098136 
560 24 7 10 0.039073735 
0 479 8 12 0.039063286 
793 150 7 10 0.039041616 
638 248 7 9 0.039039582 
472 512 9 12 0.039025538 
405 526 8 10 0.038987555 
920 7 9 11 0.03898057 
335 734 10 13 0.03897714 
970 623 11 13 0.038960785 
628 703 10 13 0.038951717 
752 150 7 9 0.038950734 
770 208 7 10 0.038942236 
1000 244 8 10 0.038926285 
713 160 8 9 0.038923506 
793 381 9 11 0.03892092 
750 112 7 9 0.03890207 
551 375 9 12 0.03889353 
99 461 9 12 0.03884502 
349 779 11 14 0.03883504 
760 57 6 9 0.038798083 
576 350 8 10 0.038796257 
750 427 11 13 0.038781457 
910 118 8 10 0.038766857 
153 509 10 11 0.038762484 
815 129 8 10 0.038760316 
382 500 9 11 0.038696107 
786 31 7 9 0.038649693 
591 508 9 11 0.038610008 
145 698 12 16 0.0386056 
733 365 9 11 0.038603123 
566 493 9 11 0.03859671 
769 587 16 20 0.038593575 
806 56 7 9 0.03857664 
661 128 7 9 0.03857295 
314 391 7 9 0.038555622 
1013 319 12 18 0.038552076 
610 285 8 10 0.038546655 
732 381 9 12 0.03852416 
950 349 8 12 0.03852145 
769 412 9 11 0.038492605 
870 463 9 12 0.03843425 
826 602 13 14 0.03843208 
273 296 7 9 0.038402118 
47 358 10 11 0.038386256 
66 382 9 11 0.03838385 
721 104 7 8 0.038372688 
646 398 8 10 0.0383711 
488 549 10 13 0.038354002 
461 650 12 16 0.03830758 
602 104 7 8 0.038284015 
585 287 8 9 0.038257323 
237 653 9 11 0.03825583 
914 81 8 11 0.038240332 
921 30 9 12 0.038237732 
869 21 8 11 0.03821607 
638 97 7 8 0.038183436 
37 475 9 11 0.038179267 
614 278 8 10 0.038176246 
446 420 9 12 0.038175542 
782 397 8 10 0.03816287 
825 65 7 9 0.038142934 
360 95 7 9 0.038129017 
685 603 12 14 0.038122233 
896 161 6 9 0.038108613 
293 621 8 11 0.038080316 
617 310 8 9 0.038079098 
98 676 18 23 0.038053077 
103 485 10 13 0.038028754 
687 119 9 10 0.03802269 
367 742 9 11 0.038003977 
590 621 9 12 0.038000636 
974 191 8 11 0.037995245 
607 654 9 10 0.037992224 
895 340 10 13 0.03798685 
749 236 9 11 0.03794893 
100 637 10 13 0.03794634 
955 444 12 15 0.03793357 
333 469 9 10 0.03792623 
801 183 8 9 0.037898585 
705 700 23 29 0.037897747 
929 377 9 11 0.037897397 
101 333 10 13 0.037892736 
795 95 7 10 0.037878036 
989 592 11 13 0.03787401 
280 424 8 10 0.03784477 
718 47 8 9 0.037826233 
784 41 7 9 0.037819687 
651 775 12 15 0.03781816 
100 520 9 11 0.037813522 
918 143 8 11 0.037780467 
456 398 9 10 0.037776362 
542 375 8 11 0.03770913 
265 408 8 10 0.037692744 
28 512 10 11 0.03768774 
720 80 6 9 0.037665717 
829 522 11 14 0.03765594 
487 590 9 12 0.037628025 
440 287 8 9 0.037610844 
841 455 9 13 0.037591375 
1013 263 8 11 0.03757117 
647 423 9 10 0.037535455 
424 303 7 9 0.037528086 
230 263 9 10 0.037495546 
494 229 8 10 0.03748742 
433 343 8 10 0.03747662 
934 128 8 10 0.037473466 
265 711 11 14 0.037466746 
778 48 7 8 0.037457403 
313 359 8 11 0.037433673 
144 600 10 11 0.037406333 
414 451 9 12 0.03740061 
994 129 9 11 0.037399486 
695 383 8 10 0.03739617 
265 694 9 10 0.0373947 
127 567 10 12 0.037388444 
647 606 11 14 0.03735529 
511 681 12 16 0.037352256 
802 414 10 12 0.037330743 
447 285 8 10 0.03732562 
494 365 9 11 0.03729948 
712 406 8 10 0.03729481 
610 237 8 10 0.03727786 
376 447 8 10 0.037270833 
544 334 7 10 0.037241396 
434 159 7 9 0.03722949 
734 540 10 13 0.037214205 
505 95 8 10 0.037186638 
384 606 10 13 0.037184503 
375 736 12 15 0.037183084 
865 328 9 9 0.03717867 
374 396 9 11 0.037178572 
768 334 9 12 0.0371763 
709 93 8 10 0.037171666 
641 71 7 8 0.03716414 
631 359 8 10 0.037144747 
451 508 11 14 0.037131973 
590 351 8 11 0.037096445 
817 175 7 10 0.037089925 
469 151 8 10 0.0370865 
197 422 9 11 0.037078533 
489 359 8 9 0.037065204 
733 375 9 11 0.037028376 
829 558 12 16 0.036966186 
470 374 8 10 0.03695058 
520 216 7 9 0.03692008 
311 469 9 10 0.036905084 
480 308 7 9 0.03690415 
505 301 8 10 0.036880974 
887 81 8 9 0.036854584 
576 228 8 11 0.036850832 
921 224 7 9 0.036813255 
287 8 8 9 0.03679425 
281 390 7 10 0.03677511 
545 343 8 10 0.036738943 
608 423 9 11 0.036735922 
401 359 7 9 0.036730744 
873 121 7 9 0.036722418 
574 256 7 9 0.036717888 
782 662 12 14 0.036697865 
654 143 7 10 0.036687374 
477 399 9 11 0.0366434 
822 104 8 10 0.036616433 
861 421 12 13 0.03653604 
814 108 9 10 0.03651788 
871 270 11 15 0.036517285 
544 685 9 12 0.036511123 
269 15 9 12 0.036510006 
311 365 9 11 0.03648347 
14 574 11 13 0.03647865 
510 56 7 9 0.036465503 
582 357 8 11 0.036459006 
609 468 8 11 0.036457825 
417 377 8 10 0.03645018 
743 89 7 9 0.036404226 
902 60 9 11 0.036403704 
70 509 11 14 0.03638208 
93 511 10 11 0.036375124 
318 735 10 13 0.0363707 
419 486 10 12 0.036366016 
718 556 11 13 0.036364622 
694 413 9 11 0.03635437 
726 578 12 14 0.036347594 
520 293 8 10 0.036292367 
759 205 7 9 0.036251795 
707 292 9 11 0.036246013 
359 431 8 9 0.03624144 
752 145 7 10 0.036212947 
632 318 9 10 0.036197394 
649 428 8 11 0.03618623 
776 87 7 10 0.03617497 
425 766 9 12 0.036163278 
741 569 13 17 0.036146622 
678 675 12 15 0.036134135 
929 597 9 12 0.036132988 
745 56 8 10 0.036116775 
602 152 7 8 0.036096137 
334 367 9 10 0.036090843 
823 81 8 9 0.03607633 
976 30 10 12 0.036071956 
229 376 8 10 0.03606669 
997 518 10 11 0.03605967 
986 223 7 9 0.03603162 
783 176 7 9 0.036024895 
422 742 9 11 0.036019742 
647 352 7 9 0.036012065 
135 692 11 14 0.03600715 
337 517 10 13 0.035983 
651 718 14 19 0.03597577 
759 215 8 10 0.035944916 
770 55 7 9 0.03594401 
595 19 8 11 0.035930067 
680 464 8 10 0.03592633 
534 223 7 9 0.03588546 
365 749 10 12 0.03587548 
896 151 7 9 0.035874248 
152 515 9 11 0.035846926 
544 294 8 10 0.035843074 
303 414 8 10 0.03582256 
687 445 8 9 0.035795316 
681 191 7 9 0.03579314 
736 453 9 12 0.03577646 
272 605 9 11 0.035775803 
643 567 11 14 0.035700426 
984 287 8 10 0.035694927 
648 271 8 9 0.035677344 
448 367 8 10 0.03565638 
793 38 7 9 0.035656147 
809 108 8 10 0.035616774 
401 526 7 10 0.03560331 
399 237 9 11 0.035600394 
948 586 12 14 0.03558838 
534 580 9 10 0.035564624 
889 94 8 11 0.03546707 
891 653 14 16 0.03546235 
303 440 10 11 0.035454087 
648 320 7 8 0.0354006 
776 95 7 8 0.03536995 
929 149 8 10 0.03535088 
649 88 6 8 0.03533961 
344 465 8 9 0.03533453 
134 671 11 14 0.035325482 
265 319 7 10 0.035325207 
221 222 8 10 0.035305776 
502 436 10 13 0.035299152 
631 120 8 9 0.0352866 
586 475 9 12 0.03527753 
616 702 19 22 0.035253644 
289 407 8 10 0.035237692 
901 555 9 12 0.03520831 
465 636 10 13 0.035176177 
824 269 9 11 0.03515033 
722 654 10 13 0.035145413 
198 592 9 11 0.035131123 
800 419 12 15 0.03508762 
192 591 9 11 0.035051435 
119 462 9 11 0.035045255 
486 79 7 9 0.0350393 
568 5 7 10 0.03503352 
463 285 8 11 0.035019513 
461 7 8 9 0.035018556 
860 379 10 13 0.035005722 
165 715 10 15 0.03499156 
885 618 13 17 0.034989145 
968 165 8 10 0.034983985 
730 48 7 10 0.03497943 
794 103 7 9 0.034972943 
919 498 11 14 0.034966245 
997 508 11 13 0.03493208 
383 189 7 9 0.034917697 
498 56 7 9 0.034914125 
992 101 9 12 0.03491179 
720 565 12 15 0.034899257 
398 337 8 9 0.034898642 
616 511 10 11 0.034858584 
954 199 8 10 0.034805216 
872 207 9 10 0.034799386 
783 602 12 15 0.0347908 
735 129 8 9 0.034790467 
470 246 7 10 0.034786332 
497 336 7 9 0.034779888 
815 96 8 9 0.034749433 
949 367 10 12 0.034748346 
238 431 10 13 0.03473272 
520 88 7 9 0.03470099 
504 295 9 12 0.03469143 
335 667 10 12 0.0346899 
637 455 8 11 0.03468568 
240 688 10 12 0.034675423 
526 428 9 11 0.034665942 
958 206 8 10 0.03465912 
216 309 7 10 0.03465379 
174 687 11 13 0.034649163 
430 536 8 11 0.034642424 
360 374 8 9 0.034620225 
625 102 7 8 0.03459149 
709 726 13 16 0.034588516 
710 566 10 12 0.03458822 
862 72 7 10 0.034584675 
153 471 9 11 0.03457756 
20 614 12 15 0.034574807 
910 453 12 16 0.034532785 
438 103 8 11 0.034530662 
729 96 7 9 0.034529213 
526 573 10 12 0.034479227 
487 48 7 8 0.03447616 
696 304 8 11 0.034472827 
662 191 8 11 0.034467924 
837 661 10 13 0.034447454 
967 64 8 10 0.03443604 
879 150 9 11 0.034414187 
537 199 7 9 0.0344113 
592 161 7 8 0.034362026 
797 492 10 13 0.034356736 
345 415 8 10 0.034351368 
638 373 8 11 0.034338877 
857 78 8 10 0.03430003 
769 71 8 9 0.034298256 
573 597 11 12 0.034286633 
495 88 7 8 0.034271605 
698 143 8 11 0.034249976 
975 254 8 10 0.034243852 
767 381 10 12 0.03423982 
320 695 9 12 0.034237016 
295 337 8 9 0.03422088 
824 150 7 10 0.034218762 
457 460 8 11 0.0342161 
752 39 6 9 0.034214523 
728 232 7 8 0.034208927 
838 39 7 9 0.034208003 
392 367 8 10 0.034207463 
268 727 14 18 0.034202788 
32 536 11 14 0.034189682 
934 428 12 16 0.03417728 
976 68 8 11 0.03415756 
765 104 9 11 0.034152642 
736 461 9 11 0.034149595 
761 105 9 10 0.034143753 
959 144 8 9 0.034140747 
213 428 9 12 0.034136306 
550 310 9 11 0.03413539 
695 360 8 11 0.03412838 
537 246 9 11 0.03412404 
65 390 9 11 0.034115158 
479 391 8 9 0.034094222 
192 597 9 11 0.03405572 
680 476 8 12 0.034045886 
949 620 14 17 0.03403135 
486 451 8 11 0.03401434 
299 486 11 13 0.033995256 
552 248 8 11 0.033993572 
792 32 8 10 0.03399354 
837 510 10 14 0.03398951 
638 311 8 9 0.03398857 
776 231 10 13 0.03398838 
469 206 8 10 0.033986364 
686 135 7 10 0.033965323 
33 640 16 19 0.033953026 
511 548 9 12 0.033934776 
69 388 10 12 0.033931848 
448 271 7 10 0.03390619 
500 650 12 15 0.033881675 
319 8 7 9 0.03386904 
860 343 9 11 0.03385927 
823 444 13 17 0.033850368 
1007 237 8 11 0.03384859 
856 119 7 9 0.033843577 
1 484 8 12 0.033832077 
910 335 8 12 0.033823546 
600 135 8 10 0.033812538 
463 192 7 9 0.033812106 
49 565 10 12 0.03380905 
691 565 11 13 0.033792026 
695 685 9 12 0.03378287 
80 412 10 13 0.033729684 
536 685 10 13 0.033689905 
207 589 9 10 0.033686172 
576 406 9 11 0.03368251 
250 334 7 10 0.033650074 
472 392 8 9 0.03364535 
719 56 7 8 0.033642452 
441 350 8 10 0.033633772 
804 395 10 12 0.033608973 
800 33 7 9 0.033606943 
848 182 8 10 0.03360537 
439 246 10 12 0.033594016 
297 582 10 11 0.033556152 
38 381 9 11 0.033552654 
945 406 10 14 0.033552177 
880 434 13 16 0.03350386 
271 328 8 10 0.03350341 
422 548 9 11 0.033501018 
321 376 8 10 0.033486184 
830 400 10 12 0.033454522 
243 693 10 11 0.033451717 
688 64 7 9 0.033443984 
334 430 9 11 0.033431347 
95 559 8 11 0.03340772 
706 438 9 11 0.033403736 
964 519 10 14 0.033396237 
886 442 11 14 0.033386376 
473 44 8 10 0.033364438 
417 359 8 11 0.033319134 
607 247 8 10 0.033310067 
184 287 8 11 0.033295758 
84 462 10 11 0.033281155 
232 311 8 9 0.033276998 
376 341 8 10 0.033275936 
346 358 7 9 0.033242777 
990 168 8 11 0.033238005 
617 44 8 10 0.033233944 
504 88 7 9 0.033231325 
692 658 13 16 0.033214435 
133 639 9 11 0.033190217 
830 31 7 8 0.0331843 
638 303 7 9 0.033157002 
836 255 9 12 0.03315685 
391 526 9 11 0.033130232 
654 604 10 13 0.033125326 
827 144 6 9 0.033116262 
621 295 8 10 0.033110883 
512 446 9 11 0.03310312 
663 335 7 10 0.033092752 
319 236 8 10 0.033091057 
513 75 9 11 0.033078153 
612 620 10 13 0.033058606 
880 155 9 11 0.033033494 
1000 231 8 9 0.033023186 
200 655 8 10 0.033011965 
545 103 7 9 0.033011347 
665 159 8 9 0.033009484 
248 105 7 9 0.03298114 
813 419 10 14 0.03296868 
359 439 8 10 0.03295291 
582 527 9 12 0.032937404 
959 620 19 23 0.032927174 
647 462 10 10 0.032925315 
925 35 10 12 0.032909807 
893 102 8 10 0.032902423 
400 349 7 9 0.032901786 
895 41 8 10 0.03289323 
903 239 8 9 0.03288713 
967 485 11 14 0.032854985 
702 32 7 9 0.032853797 
687 479 9 12 0.032832436 
144 605 9 11 0.032775044 
99 524 10 13 0.032725543 
645 679 10 12 0.03272257 
828 453 12 14 0.03272004 
673 390 8 10 0.032718033 
599 573 9 10 0.032706242 
431 382 7 10 0.03269469 
109 456 8 9 0.032692686 
1012 460 11 18 0.032688208 
909 128 8 10 0.032677907 
692 284 9 11 0.032647222 
558 573 10 12 0.032629717 
240 389 8 10 0.032627475 
718 368 8 11 0.032616515 
360 739 11 13 0.03258999 
742 512 11 13 0.0325823 
878 119 8 10 0.03257025 
263 120 8 10 0.032547582 
556 582 11 14 0.03254668 
663 135 7 8 0.03254457 
542 470 10 12 0.03254158 
662 118 7 10 0.03253822 
271 359 7 9 0.032533295 
623 480 9 12 0.032512445 
719 159 8 10 0.032504454 
656 532 9 11 0.0325032 
448 532 8 11 0.032498803 
622 270 7 10 0.03245897 
647 5 9 10 0.03245482 
670 351 9 10 0.03245124 
690 12 7 10 0.032449234 
740 430 10 12 0.03243681 
852 631 14 18 0.032424137 
753 47 7 8 0.032423917 
824 174 8 10 0.032415967 
504 364 8 11 0.03240411 
777 103 8 10 0.032382842 
822 686 11 14 0.032381315 
924 571 15 17 0.032360587 
575 278 7 9 0.03233453 
296 480 10 12 0.032322787 
547 622 11 13 0.032301303 
264 343 8 10 0.032294657 
914 231 8 11 0.03229035 
288 399 7 9 0.032281473 
710 421 10 13 0.032279715 
972 493 9 10 0.03225047 
623 311 7 9 0.03219505 
569 364 9 12 0.032187805 
687 29 7 10 0.032169938 
185 607 8 11 0.03216962 
664 530 19 23 0.032164387 
720 659 11 14 0.032144904 
944 646 10 12 0.03209802 
734 269 7 10 0.032079063 
269 201 9 10 0.03207724 
965 254 10 12 0.032074463 
625 144 8 11 0.03206344 
567 223 8 9 0.032062817 
762 116 8 10 0.032051094 
463 311 8 9 0.03204605 
318 167 9 11 0.03200196 
797 500 11 13 0.03197342 
727 374 9 11 0.031967517 
502 531 10 12 0.03196504 
582 414 8 11 0.031926937 
602 247 8 9 0.031925533 
625 53 8 10 0.031924684 
613 685 10 13 0.03188385 
519 612 10 12 0.031828288 
824 37 7 10 0.03181053 
870 104 8 10 0.031786926 
737 534 9 13 0.03178082 
313 15 6 9 0.03176932 
215 743 11 12 0.031758014 
558 415 7 10 0.03174982 
693 487 8 10 0.031745456 
743 392 9 11 0.031719197 
234 320 7 9 0.03170263 
416 526 7 10 0.031696983 
710 413 9 12 0.031684473 
409 407 7 9 0.031677093 
247 680 10 12 0.031650882 
546 254 8 11 0.03163368 
359 483 10 11 0.0316334 
742 319 10 11 0.031623773 
647 118 8 10 0.031594947 
711 312 9 11 0.031594146 
697 324 9 10 0.03159175 
406 381 8 10 0.03159095 
915 572 12 16 0.03158697 
392 421 8 11 0.03157956 
295 358 9 10 0.0315787 
294 48 7 10 0.031577125 
484 514 11 13 0.031565636 
224 343 8 10 0.031559654 
369 6 8 9 0.031517144 
4 539 12 15 0.0315094 
385 610 11 16 0.031488117 
607 302 9 11 0.031486902 
674 95 8 9 0.031470142 
297 698 11 13 0.031466585 
352 751 11 14 0.031449392 
785 130 7 9 0.031446315 
600 334 9 10 0.031442042 
735 389 9 12 0.031442042 
52 360 9 12 0.031434894 
471 619 11 12 0.031423677 
617 142 7 10 0.031407274 
744 145 8 10 0.031375207 
591 342 8 11 0.03136429 
295 309 7 8 0.031342 
8 588 10 12 0.031335574 
408 479 8 10 0.031316742 
514 407 9 11 0.031297438 
881 46 8 11 0.031293582 
664 529 9 11 0.0312766 
264 95 8 9 0.031269647 
497 608 9 11 0.03126447 
567 288 8 10 0.031259067 
134 607 10 12 0.03125027 
750 126 7 10 0.031249166 
671 81 7 8 0.031238772 
121 511 9 11 0.031226523 
86 659 13 15 0.03122302 
296 398 8 10 0.031212477 
263 125 8 9 0.031211922 
712 556 10 12 0.031207412 
439 630 10 13 0.031202385 
479 630 11 14 0.031183047 
87 685 27 31 0.031177348 
550 356 9 10 0.03117699 
902 54 10 12 0.031163938 
633 310 8 10 0.031162137 
489 701 10 13 0.031154752 
21 383 9 12 0.031150702 
937 244 9 12 0.03114244 
453 485 9 11 0.031110317 
54 596 10 14 0.031085912 
439 333 9 11 0.031083679 
650 95 7 9 0.03106414 
850 46 7 10 0.03106198 
591 286 7 9 0.03103861 
927 501 12 16 0.031036727 
501 470 9 10 0.03102831 
847 24 6 9 0.031025274 
488 269 8 11 0.030999769 
747 407 12 13 0.030976674 
960 135 7 9 0.030969149 
512 454 9 11 0.030964887 
902 341 10 12 0.030962402 
506 255 8 11 0.030948559 
1001 261 8 11 0.030945543 
679 102 6 8 0.030939234 
645 343 7 10 0.030934608 
752 134 7 10 0.030912058 
663 659 10 14 0.030898148 
521 287 9 11 0.030895406 
822 228 10 12 0.030887356 
989 247 8 10 0.030870916 
822 168 8 9 0.030858152 
678 412 10 12 0.030828632 
608 455 9 12 0.030827109 
472 176 8 10 0.030822149 
422 173 8 10 0.030801686 
448 606 10 12 0.030799739 
567 565 10 12 0.030795813 
918 590 10 11 0.030789021 
280 71 6 9 0.03078555 
407 174 8 9 0.030756935 
518 607 9 12 0.03075496 
127 455 8 10 0.030742893 
822 184 8 9 0.030740762 
705 184 7 9 0.030725544 
911 340 10 12 0.03071919 
444 438 8 11 0.030654212 
575 454 10 13 0.030650094 
286 327 7 9 0.030649021 
577 191 7 10 0.030648489 
433 166 8 10 0.030647965 
440 416 9 11 0.030629631 
281 133 7 9 0.03062709 
350 465 8 10 0.030619994 
233 661 10 12 0.030619506 
417 440 8 11 0.03061778 
486 32 8 10 0.030611642 
546 649 11 14 0.030609742 
901 500 11 14 0.030597972 
409 555 10 12 0.03057682 
607 746 12 14 0.030574897 
697 65 7 8 0.03055865 
872 708 11 15 0.030536335 
574 429 9 11 0.030495977 
992 539 10 13 0.030483052 
16 437 9 12 0.030482233 
493 375 9 12 0.030468384 
295 660 10 13 0.030466778 
502 228 8 11 0.03045999 
168 598 9 11 0.030433306 
554 526 8 11 0.03043212 
900 507 11 13 0.030372018 
281 358 8 9 0.030365998 
822 422 10 12 0.030365242 
719 23 6 8 0.030355534 
400 486 9 11 0.030353582 
753 15 7 9 0.03034919 
998 457 13 19 0.03034903 
249 599 9 11 0.030341292 
679 168 8 10 0.030336928 
989 440 12 18 0.030335048 
600 295 8 9 0.030330308 
405 501 10 12 0.030324874 
886 396 10 13 0.030322954 
197 764 11 13 0.030312812 
888 159 7 9 0.030306982 
442 776 8 11 0.03028478 
990 109 9 12 0.030280327 
500 702 11 14 0.030275865 
294 440 9 11 0.030274417 
565 1 9 10 0.030272564 
558 528 10 12 0.030271169 
8 565 10 13 0.030268943 
800 14 7 8 0.030241838 
560 128 8 9 0.030236581 
573 645 11 13 0.030228186 
382 475 10 13 0.03022209 
383 336 7 9 0.03022191 
5 487 10 12 0.030198395 
746 37 8 10 0.030196562 
510 364 9 12 0.030187376 
57 740 22 28 0.030183924 
658 119 8 10 0.030176718 
966 70 8 10 0.030153602 
329 494 11 14 0.030147092 
383 185 8 9 0.03013792 
463 630 10 13 0.03012607 
536 23 8 10 0.030124959 
518 94 7 10 0.030124865 
972 86 9 12 0.030123662 
641 173 7 10 0.030111 
777 133 6 9 0.030109905 
494 358 8 10 0.030109547 
126 558 9 10 0.030101065 
86 478 9 12 0.030092293 
768 64 7 9 0.030081255 
686 498 10 12 0.030079974 
109 509 11 12 0.030077897 
94 428 10 11 0.030071411 
168 517 10 14 0.030034604 
128 463 9 11 0.0300307 
769 95 7 9 0.03002728 
836 429 11 12 0.030001426 
301 383 8 9 0.02997981 
351 494 10 13 0.02996299 
718 351 9 12 0.029959511 
257 396 10 12 0.029950589 
872 525 11 14 0.029940875 
750 461 10 12 0.02993689 
848 439 9 12 0.029923959 
0 433 11 16 0.029898454 
768 654 11 15 0.029898336 
233 126 8 10 0.02989701 
304 319 6 9 0.029895792 
906 490 13 16 0.029893784 
359 168 7 9 0.029885523 
455 502 9 12 0.029881604 
864 649 13 18 0.029858569 
290 287 7 9 0.029857246 
655 320 7 8 0.029850181 
831 430 11 13 0.029840833 
174 716 13 15 0.029825037 
473 7 9 11 0.029817892 
710 89 9 10 0.029786726 
566 517 9 11 0.029758764 
985 252 8 9 0.029756911 
785 483 12 16 0.029753752 
750 180 8 11 0.029747855 
872 92 8 10 0.029733393 
376 760 11 12 0.02973149 
794 119 7 9 0.029730532 
584 631 9 10 0.029726943 
534 575 8 11 0.029705098 
121 448 7 10 0.02970067 
192 711 10 13 0.029693294 
960 104 8 10 0.029677134 
660 717 11 16 0.029675767 
207 295 7 9 0.029665625 
613 455 9 10 0.029655233 
712 188 8 11 0.029652435 
574 296 7 9 0.029634466 
653 95 9 11 0.029604478 
508 635 12 14 0.02960407 
911 143 8 10 0.029602129 
791 367 10 12 0.029600998 
32 357 8 11 0.02957299 
880 420 18 23 0.02955604 
519 272 8 11 0.029546574 
698 87 8 10 0.029538989 
421 492 9 12 0.029528499 
912 550 9 12 0.029490875 
966 468 11 14 0.029460518 
85 470 9 10 0.029456535 
784 224 9 11 0.029432788 
829 176 8 9 0.029429374 
662 112 7 9 0.029426575 
949 614 11 13 0.029423675 
744 209 7 9 0.029420746 
551 157 7 9 0.029410223 
637 469 9 12 0.029408207 
594 225 7 10 0.029404838 
945 220 8 9 0.029394723 
467 581 10 12 0.029380785 
709 387 11 12 0.02937794 
895 444 10 12 0.029372422 
248 246 7 9 0.02933874 
223 335 7 9 0.029333811 
775 573 12 15 0.0293272 
584 279 7 9 0.029323453 
541 757 10 12 0.02931812 
831 150 8 9 0.029316932 
806 644 11 14 0.029315284 
23 498 10 13 0.02928477 
520 389 8 12 0.029271094 
41 486 9 12 0.029235415 
296 391 7 10 0.029224178 
326 415 8 10 0.029215919 
360 341 9 10 0.029207125 
912 168 8 10 0.029191863 
239 621 9 10 0.029190099 
310 463 9 11 0.029180806 
777 175 7 9 0.029180402 
1015 149 8 12 0.029173937 
480 487 8 10 0.029173654 
352 398 8 10 0.02914322 
134 463 9 11 0.029141238 
470 495 9 11 0.029139126 
560 231 8 10 0.029131997 
475 303 8 10 0.02912458 
504 176 8 10 0.02910757 
401 175 7 9 0.02910354 
368 391 8 11 0.02909636 
655 287 9 11 0.029092718 
354 477 9 12 0.029086621 
544 80 8 11 0.029073117 
454 658 12 15 0.029070199 
783 733 11 14 0.029057322 
543 207 7 9 0.029055022 
791 56 6 8 0.029048473 
758 316 9 11 0.029024186 
577 137 7 10 0.029022364 
672 87 7 8 0.029021282 
780 348 10 13 0.029018922 
859 599 20 24 0.029008197 
655 581 9 11 0.028985426 
216 305 7 9 0.0289793 
446 526 8 11 0.028974215 
926 47 8 10 0.028972866 
919 100 8 11 0.028966652 
607 509 8 10 0.028956862 
890 334 8 11 0.028942062 
590 463 12 15 0.028936032 
262 430 8 10 0.028932672 
405 470 9 11 0.028924258 
746 223 8 10 0.028916372 
278 296 7 10 0.02889909 
733 415 10 11 0.02889577 
264 687 9 11 0.028892225 
711 400 9 10 0.02887352 
462 391 8 10 0.028866628 
98 455 10 12 0.028858015 
702 550 9 11 0.028854137 
408 416 8 10 0.028841127 
528 326 8 9 0.028840827 
632 264 8 11 0.02883329 
815 73 7 8 0.028821629 
382 7 8 10 0.02881834 
737 65 6 9 0.028814876 
908 458 11 15 0.02881382 
193 467 14 17 0.028811993 
582 614 10 12 0.028809706 
838 244 8 10 0.02879588 
942 166 8 10 0.02879545 
670 437 8 9 0.028794853 
415 470 8 11 0.028772403 
248 343 7 9 0.028748034 
280 257 7 8 0.028747428 
1002 415 12 17 0.02874555 
69 445 9 11 0.028742697 
433 328 8 10 0.028741665 
455 527 9 11 0.028734192 
343 783 10 14 0.028733362 
693 273 8 9 0.028709399 
333 506 11 13 0.028698346 
974 153 7 9 0.028654065 
764 706 16 19 0.02865372 
791 111 8 9 0.028644137 
69 535 9 13 0.028639346 
727 461 9 11 0.028634738 
375 723 12 15 0.02863322 
742 76 8 10 0.02862521 
574 383 9 11 0.028620053 
664 351 7 10 0.028602691 
696 389 8 10 0.028593935 
735 239 8 10 0.028589632 
658 257 9 11 0.028583635 
38 571 11 13 0.028567182 
656 215 8 9 0.028555188 
995 157 8 10 0.028541492 
829 364 13 16 0.028520402 
956 483 12 14 0.02851756 
677 319 9 10 0.02851606 
207 656 8 11 0.028493263 
806 299 9 12 0.028474249 
84 549 10 12 0.028470844 
686 553 13 16 0.028470311 
729 88 7 9 0.028458338 
464 520 19 22 0.028458266 
318 365 9 10 0.028448127 
69 464 8 10 0.028436055 
390 165 7 10 0.02842915 
679 517 10 13 0.028428089 
125 629 10 12 0.028416958 
421 735 8 10 0.028414298 
105 448 8 10 0.028413592 
788 449 11 14 0.02840867 
964 630 15 17 0.028399168 
353 541 9 12 0.028395304 
302 741 9 13 0.028386844 
910 376 8 10 0.02837666 
536 455 9 10 0.028358093 
519 511 8 10 0.028351445 
425 397 8 10 0.028340684 
881 63 8 11 0.028338198 
271 311 8 9 0.028316086 
505 152 7 9 0.028312067 
702 80 7 9 0.028282082 
966 119 8 10 0.028279155 
703 612 11 13 0.028277194 
433 90 9 12 0.028255511 
655 87 7 8 0.028253004 
877 540 12 16 0.028252691 
447 295 7 9 0.028239956 
464 319 7 9 0.028235054 
919 443 11 14 0.028234316 
406 391 8 10 0.028224315 
326 718 9 12 0.028208632 
580 446 10 12 0.028207703 
816 261 8 10 0.028203178 
497 176 7 9 0.028203076 
261 423 9 11 0.028198618 
254 454 9 11 0.028182764 
393 374 8 10 0.028180366 
214 761 19 22 0.028178832 
649 103 7 9 0.028177904 
931 681 16 18 0.028171482 
545 447 9 10 0.028167937 
576 110 8 10 0.02815748 
287 31 7 9 0.028147357 
519 245 8 11 0.028135015 
463 620 10 13 0.02812851 
183 293 9 11 0.028122203 
302 71 8 10 0.028114837 
729 79 7 10 0.028106045 
720 589 10 13 0.028069625 
750 468 10 14 0.028049408 
934 494 12 16 0.028046027 
631 627 13 18 0.028042201 
477 575 9 12 0.028033521 
641 396 9 11 0.028026687 
249 605 9 10 0.028004928 
528 272 7 9 0.028001005 
266 375 7 9 0.027998755 
206 152 7 10 0.027978566 
910 207 7 10 0.027970217 
680 119 8 10 0.02794838 
120 587 10 13 0.027947472 
649 144 7 9 0.027921222 
558 439 10 12 0.027920911 
664 474 10 13 0.027920058 
509 650 12 15 0.027908063 
721 637 13 16 0.027908035 
570 143 7 9 0.027868573 
681 152 8 9 0.027859 
569 431 9 10 0.027848076 
478 337 7 9 0.027836168 
479 33 9 11 0.027826093 
681 127 7 9 0.027816119 
736 704 13 18 0.027816014 
477 635 12 14 0.02781535 
658 343 7 10 0.02780972 
440 270 9 11 0.027808102 
761 175 7 10 0.027783835 
86 503 9 12 0.027781762 
933 94 9 11 0.027781555 
552 333 8 10 0.027780665 
288 340 9 11 0.027779622 
162 23 7 10 0.027768087 
281 128 6 9 0.027765911 
255 343 8 10 0.027758671 
1000 198 8 10 0.027755395 
264 470 8 11 0.02774985 
118 598 10 12 0.027736602 
134 313 8 10 0.02773258 
561 239 8 9 0.0276913 
448 214 8 9 0.027682608 
455 167 8 9 0.027681736 
868 422 11 13 0.027675152 
541 125 8 10 0.02767258 
47 478 11 12 0.027669068 
863 535 12 15 0.027658507 
71 559 8 12 0.027656423 
668 454 10 12 0.027650304 
457 294 7 9 0.027643325 
479 534 9 11 0.027640438 
86 636 12 15 0.027639616 
774 71 7 9 0.02763498 
276 781 9 13 0.027627498 
584 541 9 12 0.027608883 
521 550 8 11 0.027604982 
625 431 8 12 0.027560374 
893 111 8 10 0.027558612 
614 543 10 13 0.027556472 
550 419 9 11 0.027541379 
736 422 8 11 0.027536947 
986 108 8 11 0.027536884 
724 511 10 12 0.027534273 
478 198 8 10 0.027526032 
1006 150 9 11 0.02752323 
264 358 7 10 0.027509484 
557 272 9 9 0.027509272 
634 645 10 12 0.027492711 
744 63 7 10 0.027481394 
407 607 9 11 0.027476046 
784 55 7 9 0.027462043 
795 789 15 19 0.027452456 
809 253 8 11 0.027444333 
1005 621 9 12 0.027442856 
758 88 7 9 0.027435223 
430 619 11 13 0.027413767 
289 454 10 12 0.027410055 
632 287 8 11 0.02740676 
807 119 8 10 0.027406022 
118 495 9 10 0.027387245 
423 254 9 10 0.027379077 
320 405 8 10 0.0273557 
582 594 10 13 0.027343487 
688 741 11 14 0.02734108 
906 153 7 10 0.027336584 
545 420 9 11 0.02733203 
188 360 10 11 0.027332023 
950 483 12 13 0.027322454 
79 399 10 13 0.027319409 
44 365 19 24 0.027308796 
639 531 11 13 0.027307034 
366 422 9 11 0.027297454 
624 264 8 11 0.027291574 
232 232 7 8 0.027286744 
486 387 9 12 0.02727607 
247 434 11 14 0.027271455 
512 152 7 10 0.02726134 
962 87 8 10 0.027255649 
916 674 12 17 0.027237928 
142 479 9 11 0.027235476 
598 375 9 12 0.027229907 
728 33 7 9 0.027225563 
230 645 9 11 0.02722452 
575 217 7 9 0.027208013 
768 88 7 9 0.027194101 
684 544 19 23 0.027191032 
94 639 10 13 0.027186733 
824 388 9 13 0.027185356 
744 159 8 9 0.02717873 
671 151 8 10 0.027173184 
615 265 8 10 0.027164755 
81 454 9 12 0.02716262 
431 421 9 11 0.027159655 
632 48 8 10 0.027154792 
508 670 21 26 0.027143229 
608 159 6 8 0.027138786 
905 103 9 10 0.027114008 
264 462 9 12 0.027095469 
442 502 9 11 0.027079249 
291 413 8 10 0.027078172 
800 39 6 8 0.027065123 
545 112 7 10 0.027058976 
944 344 9 12 0.027031785 
763 526 11 14 0.027025403 
997 85 9 11 0.027016526 
199 302 9 11 0.027014615 
481 74 7 9 0.027007528 
526 615 17 23 0.026997678 
869 168 9 11 0.02699028 
417 341 9 10 0.026980707 
303 352 7 10 0.026979595 
390 351 8 9 0.026979486 
126 661 11 14 0.02697387 
600 508 8 11 0.026947878 
592 237 9 11 0.026935166 
64 399 10 11 0.026932428 
585 565 11 14 0.026921682 
429 773 9 11 0.02691867 
499 493 8 11 0.026909618 
230 304 7 9 0.026905585 
265 312 7 9 0.026903054 
577 105 7 8 0.02690003 
655 351 7 9 0.0268888 
370 264 7 10 0.026887216 
640 383 8 12 0.026884157 
462 406 9 12 0.026877193 
973 174 9 12 0.02687446 
933 142 9 11 0.0268642 
827 692 13 17 0.026862796 
537 231 8 11 0.02686114 
55 535 10 12 0.026856048 
816 694 20 27 0.026855184 
993 216 9 11 0.026846496 
456 320 7 9 0.026842784 
613 397 8 11 0.026842369 
932 411 12 14 0.026823714 
95 565 10 13 0.026813777 
889 120 7 9 0.026812099 
551 366 9 11 0.026805356 
924 420 13 16 0.026776886 
912 758 9 11 0.026774386 
620 527 13 16 0.026756536 
448 262 9 11 0.026742725 
360 88 8 10 0.026742268 
592 126 9 10 0.026737545 
416 389 9 10 0.026735872 
392 134 7 9 0.026733657 
280 263 7 9 0.02672722 
606 646 10 11 0.026711015 
784 62 7 9 0.026709592 
103 571 9 13 0.026691481 
97 326 10 12 0.026684614 
455 208 7 10 0.02664271 
560 390 8 11 0.026639298 
249 2 9 9 0.026629787 
678 325 8 10 0.026627753 
958 349 9 11 0.0266223 
630 693 9 12 0.026615703 
814 618 13 17 0.026612194 
687 182 7 9 0.02660359 
615 382 8 11 0.026602365 
296 720 11 13 0.026601464 
574 398 8 10 0.026596911 
878 573 11 13 0.026594313 
469 631 11 14 0.026592953 
366 366 8 10 0.026588436 
280 279 7 9 0.02658326 
962 127 8 10 0.026565472 
488 132 7 10 0.026559683 
159 582 9 12 0.02654772 
265 413 9 12 0.026540404 
288 627 9 12 0.02653895 
456 350 7 9 0.026535427 
53 480 9 10 0.026523996 
771 712 15 18 0.026521575 
849 39 7 10 0.026494233 
255 469 11 13 0.026486237 
358 446 8 11 0.02648035 
240 288 6 8 0.026476342 
529 740 9 12 0.026454879 
622 247 7 9 0.026446685 
876 669 11 14 0.026437901 
438 166 7 10 0.026437158 
800 549 11 13 0.026428413 
478 95 7 10 0.02642705 
566 239 8 9 0.026418036 
967 435 12 16 0.026417939 
297 383 8 9 0.026416063 
912 62 7 10 0.026412655 
610 125 6 9 0.02641141 
768 319 9 10 0.026410777 
825 404 11 14 0.02640992 
558 694 10 12 0.026407141 
924 444 12 14 0.02640585 
288 373 8 10 0.026400147 
703 453 8 11 0.026395384 
381 145 8 9 0.026391903 
910 32 9 10 0.02638465 
585 500 10 13 0.026383573 
740 502 10 12 0.02637495 
654 710 11 14 0.026358558 
248 216 8 10 0.02634682 
848 128 8 10 0.026335977 
797 645 12 15 0.026320186 
245 704 19 23 0.026312713 
461 365 9 11 0.026306476 
276 462 9 12 0.02630494 
647 174 7 9 0.0263046 
717 511 18 23 0.02629613 
746 165 7 10 0.02628493 
589 614 10 12 0.026282702 
870 590 10 12 0.026274113 
297 740 10 13 0.026272867 
735 627 10 14 0.02626993 
759 149 8 10 0.026267236 
301 654 8 10 0.026266383 
302 408 8 10 0.026260098 
14 588 11 14 0.02625724 
921 689 20 24 0.026251351 
769 150 8 9 0.026240112 
325 695 9 11 0.026236 
598 415 9 10 0.026234975 
714 79 7 9 0.026234837 
880 103 8 10 0.026230255 
240 15 8 9 0.026226435 
568 396 9 11 0.026218545 
952 104 8 10 0.026212819 
752 215 8 10 0.026206447 
1014 232 7 10 0.026186718 
455 240 7 11 0.026175288 
142 485 8 11 0.026172617 
944 614 9 11 0.026170256 
887 391 10 12 0.026161535 
870 580 10 14 0.026156774 
191 536 11 12 0.02614903 
257 350 9 10 0.026147818 
486 254 7 10 0.026138913 
661 455 10 13 0.026135426 
942 95 8 11 0.02612282 
886 468 11 13 0.02611487 
528 319 8 10 0.026112726 
933 629 10 13 0.026106117 
961 606 9 11 0.026099334 
624 686 10 12 0.026098158 
934 223 8 10 0.02609778 
527 734 9 13 0.026095865 
632 87 8 9 0.02609042 
833 51 9 11 0.026084254 
668 557 11 13 0.026076192 
627 341 8 11 0.026072647 
329 23 8 10 0.026058542 
329 319 7 9 0.026050957 
590 271 8 10 0.026045555 
512 89 8 10 0.026042204 
493 534 10 13 0.02604021 
339 701 11 14 0.026035957 
520 23 8 9 0.0260325 
49 573 11 14 0.026031803 
352 678 9 11 0.026030874 
861 6 8 10 0.02602609 
680 296 8 11 0.026016539 
649 190 7 10 0.02601304 
821 620 11 14 0.026009465 
565 558 10 12 0.02600494 
439 343 7 10 0.025995143 
755 342 11 12 0.025987104 
216 333 8 10 0.025986668 
527 302 9 11 0.025985993 
407 367 8 10 0.025983596 
1014 550 9 12 0.025956055 
680 262 8 10 0.025935398 
531 398 9 11 0.025930304 
649 184 7 10 0.025928106 
446 336 8 10 0.0259238 
102 607 10 12 0.025908755 
902 454 13 16 0.025904512 
537 311 10 13 0.025900297 
728 262 8 9 0.025895905 
647 309 9 11 0.02589279 
679 335 8 9 0.025880199 
16 368 8 11 0.02588002 
317 719 9 11 0.025877038 
431 262 8 10 0.02583894 
478 359 8 10 0.025821429 
99 739 15 18 0.025819857 
613 502 11 12 0.025807787 
506 167 6 9 0.025798846 
121 605 10 12 0.025790308 
529 293 8 9 0.025782323 
774 493 9 12 0.025781216 
363 699 13 15 0.025774138 
727 422 9 11 0.025771713 
238 470 11 12 0.025763977 
478 587 9 13 0.025763623 
618 159 6 9 0.025762845 
48 392 10 11 0.02576279 
463 373 9 11 0.025762778 
249 656 9 12 0.025761886 
807 248 9 11 0.025747623 
423 201 8 9 0.025729168 
965 324 10 11 0.025726993 
336 424 8 9 0.025724478 
773 357 10 12 0.02571787 
78 507 10 13 0.025706222 
468 557 11 14 0.025701983 
752 316 9 11 0.025701482 
46 469 10 12 0.025700612 
695 78 7 9 0.025694003 
223 287 7 10 0.025692612 
14 580 12 14 0.025672425 
1015 208 8 11 0.025667379 
466 576 19 26 0.02565408 
263 248 7 9 0.025644382 
125 639 18 24 0.025632028 
87 572 11 12 0.025609571 
780 212 8 10 0.025600897 
704 407 8 10 0.025593754 
345 367 7 9 0.025533993 
126 606 10 12 0.025532376 
947 508 12 14 0.025517838 
945 366 9 12 0.025509682 
750 160 8 10 0.025502285 
215 614 9 10 0.025484158 
967 476 10 14 0.025467347 
520 662 11 13 0.025458274 
807 33 8 9 0.025448697 
896 199 9 11 0.025445266 
854 46 8 10 0.025434982 
121 535 8 11 0.025380969 
497 324 8 9 0.025379151 
248 320 7 9 0.025377171 
823 134 7 9 0.025372017 
884 370 11 14 0.025364907 
818 166 9 11 0.025362954 
399 192 7 9 0.025333785 
974 53 9 12 0.025326518 
830 491 11 14 0.025312576 
925 468 10 12 0.025302382 
916 565 11 15 0.02529296 
1009 296 9 12 0.025289608 
381 418 9 11 0.02528955 
887 478 11 15 0.025289223 
525 448 9 11 0.025283523 
422 508 9 11 0.025272908 
814 55 8 9 0.025271373 
253 639 9 11 0.025267815 
382 733 12 15 0.025264392 
791 613 22 28 0.02526306 
789 423 9 13 0.025259243 
296 64 7 9 0.025236635 
70 565 9 12 0.025224818 
451 516 11 13 0.025218828 
240 677 10 12 0.025218701 
904 375 8 10 0.025217481 
424 568 8 11 0.02520902 
67 657 21 28 0.025198452 
289 305 7 9 0.025193274 
730 486 9 13 0.025181979 
600 271 7 9 0.025173938 
625 167 7 10 0.025169246 
689 414 8 11 0.025168803 
834 14 7 10 0.025168203 
902 333 10 13 0.025149714 
208 583 9 11 0.025147948 
726 763 11 14 0.025146885 
256 222 8 11 0.02513521 
535 216 8 10 0.025126692 
584 96 8 9 0.02512416 
527 143 8 10 0.025115782 
586 37 8 10 0.02511235 
767 422 11 13 0.025109021 
719 328 9 11 0.025107592 
217 180 8 10 0.025105936 
966 240 8 10 0.025091816 
480 541 8 10 0.02509034 
53 429 10 12 0.025089677 
519 479 8 10 0.025083303 
680 555 11 15 0.025082195 
569 151 7 9 0.02507921 
767 37 8 10 0.025074232 
811 643 12 16 0.02507179 
886 453 11 13 0.02505863 
311 335 7 9 0.025050314 
617 168 7 9 0.025044898 
72 419 9 12 0.025043782 
232 654 9 11 0.025041848 
872 709 23 29 0.025039554 
407 169 8 9 0.025039539 
290 311 7 8 0.025015319 
767 32 7 10 0.025014378 
554 533 9 12 0.02501061 
769 222 9 11 0.025008012 
446 94 8 9 0.024998281 
836 491 12 15 0.02499759 
295 677 10 13 0.024990598 
987 602 12 14 0.024987094 
551 272 9 9 0.024980837 
421 439 9 11 0.024975281 
713 351 8 10 0.024959741 
923 125 9 11 0.024957499 
424 391 7 9 0.024953835 
684 661 13 16 0.02494674 
726 144 8 10 0.024943547 
87 566 10 12 0.024934573 
655 190 8 11 0.024912536 
585 398 8 10 0.024909914 
543 142 8 11 0.024890542 
422 414 8 10 0.024890153 
815 294 9 11 0.024889542 
855 128 8 9 0.024889491 
457 302 7 9 0.024885695 
823 560 12 16 0.024878712 
535 445 8 11 0.024865223 
238 312 7 9 0.024863891 
497 391 8 11 0.024826195 
893 429 11 14 0.024821222 
864 733 20 26 0.024817806 
377 528 9 12 0.024803223 
774 501 9 11 0.024795432 
656 575 8 12 0.024793616 
645 469 11 13 0.024792025 
798 328 8 10 0.024766797 
977 248 7 9 0.024765026 
520 470 8 11 0.024763163 
929 602 12 17 0.02475945 
136 505 8 9 0.024759175 
958 278 9 11 0.02475727 
551 102 7 9 0.024755644 
145 502 8 11 0.02475545 
657 208 7 8 0.024749637 
959 537 12 15 0.024747428 
994 550 11 14 0.024738476 
661 649 12 18 0.024736429 
365 374 8 10 0.024726536 
551 184 8 10 0.02472096 
909 196 8 10 0.0247208 
518 700 10 13 0.024720142 
533 762 13 15 0.024718223 
583 31 8 10 0.024714064 
550 337 17 24 0.024707787 
552 97 7 8 0.024707321 
31 401 7 10 0.024694933 
520 169 7 9 0.02469217 
957 518 19 24 0.02466932 
782 437 9 12 0.024655033 
231 686 9 11 0.024654135 
797 614 12 16 0.024652578 
615 351 8 10 0.02464989 
926 676 13 17 0.024642374 
336 320 7 8 0.024641221 
793 427 18 22 0.024641162 
726 335 8 11 0.024640154 
630 192 8 10 0.024638584 
767 79 8 9 0.02463561 
940 117 8 11 0.024632454 
695 408 9 12 0.02462573 
968 79 8 10 0.02460695 
454 532 10 13 0.02460476 
473 79 7 9 0.02459511 
575 297 17 24 0.024592055 
488 86 7 9 0.0245884 
174 312 8 9 0.02457011 
665 173 8 9 0.024568103 
808 128 8 9 0.02456384 
729 296 8 10 0.02455925 
520 113 7 9 0.024558622 
929 161 7 9 0.024558336 
741 512 18 24 0.024556464 
902 628 9 12 0.024550922 
306 56 7 9 0.024547145 
87 445 8 11 0.024539633 
200 287 7 10 0.024531353 
633 131 7 10 0.024531165 
632 326 8 10 0.024524285 
279 702 9 11 0.024522116 
606 310 8 11 0.024509815 
727 167 8 9 0.024509227 
785 517 10 12 0.02449673 
351 627 10 13 0.024495224 
549 117 7 10 0.024493868 
208 288 8 9 0.024476675 
415 764 10 13 0.024473574 
527 278 8 9 0.024471708 
998 563 10 12 0.02446008 
885 600 13 16 0.02445275 
532 652 10 12 0.024451021 
912 238 8 10 0.024448138 
526 471 9 10 0.024432465 
965 28 11 13 0.024400247 
441 215 7 9 0.02439756 
542 439 9 10 0.02439181 
125 486 9 11 0.024388077 
817 24 7 9 0.024379209 
830 40 18 25 0.024377396 
624 437 8 11 0.024368852 
944 589 11 13 0.024343936 
754 193 7 9 0.024338787 
671 397 10 12 0.02431773 
518 134 7 11 0.02430694 
800 175 7 9 0.024297534 
759 192 7 9 0.024294514 
401 510 10 14 0.024287276 
432 335 8 10 0.02428301 
797 506 12 15 0.024266401 
797 291 117 135 0.024266304 
835 550 12 14 0.024263449 
433 286 7 10 0.02426318 
489 235 8 10 0.02423009 
782 501 9 11 0.024225755 
884 27 9 11 0.024216011 
185 463 19 24 0.02421173 
542 198 8 9 0.024200197 
431 701 10 13 0.024198562 
829 501 12 14 0.02419138 
841 62 7 10 0.024188755 
585 264 6 8 0.024185758 
694 747 9 13 0.024183996 
967 143 7 9 0.024179693 
943 621 12 15 0.024179675 
646 776 19 25 0.024174426 
816 227 10 13 0.024169454 
585 271 7 9 0.024161305 
599 544 9 11 0.02415445 
569 278 8 10 0.024152132 
504 444 9 11 0.024141457 
233 255 7 8 0.024140293 
730 301 8 10 0.02413754 
234 295 6 8 0.024134627 
653 302 9 10 0.02412444 
176 342 9 10 0.024096277 
893 373 10 12 0.024093434 
202 661 8 11 0.024084982 
453 607 11 13 0.02407921 
789 651 13 16 0.024054024 
687 319 8 10 0.0240539 
47 535 10 12 0.024048986 
551 239 7 9 0.024040226 
681 174 7 9 0.024035264 
506 192 8 10 0.024031691 
972 646 11 14 0.024030067 
66 734 15 19 0.024017809 
207 321 7 9 0.024015523 
529 357 9 10 0.024007706 
730 493 9 12 0.024005104 
953 149 8 10 0.024002014 
431 230 8 10 0.02400025 
296 667 11 14 0.023998858 
423 573 10 11 0.023994932 
545 158 8 9 0.023990968 
247 23 8 10 0.02398569 
807 319 8 11 0.02397753 
422 247 8 10 0.02397647 
453 213 8 10 0.023969484 
768 364 8 11 0.023966216 
532 616 11 14 0.023965642 
468 563 10 13 0.023963384 
932 656 14 16 0.02396207 
736 506 10 13 0.023960128 
381 764 10 12 0.02395409 
803 428 14 16 0.023939228 
144 580 9 12 0.023931663 
472 367 8 9 0.023929546 
944 482 10 14 0.02392821 
281 191 8 9 0.023927653 
905 31 8 10 0.023923116 
526 534 9 11 0.023920951 
511 312 8 10 0.02391552 
273 399 7 9 0.023911165 
433 438 8 11 0.02390509 
713 357 9 12 0.023883702 
997 443 10 14 0.023869978 
415 247 8 11 0.023851369 
423 590 9 12 0.023843573 
521 423 8 10 0.023842711 
423 287 7 10 0.023841098 
233 246 8 10 0.023838537 
562 119 8 10 0.023816306 
780 312 10 12 0.023814488 
143 630 11 12 0.023809921 
584 462 10 14 0.0238067 
925 460 11 14 0.023804381 
736 398 10 12 0.023802117 
616 25 9 10 0.023800293 
440 359 7 10 0.023795264 
866 604 11 14 0.023789018 
374 559 9 11 0.023788836 
892 479 13 16 0.023782667 
478 405 8 10 0.023780504 
266 326 8 10 0.023775091 
398 774 10 11 0.023767412 
777 540 19 24 0.023765305 
776 118 7 9 0.0237652 
574 658 17 22 0.023751128 
792 390 8 10 0.023747265 
687 534 11 14 0.02373487 
487 248 7 10 0.0237331 
719 423 9 12 0.023732647 
425 470 8 11 0.023730377 
432 254 9 11 0.023721082 
385 351 8 9 0.023720635 
670 476 10 12 0.023706887 
915 15 9 11 0.023705898 
149 600 10 11 0.02368973 
727 38 8 9 0.0236859 
686 191 7 9 0.023685267 
296 419 9 11 0.023675244 
477 668 9 12 0.023663646 
352 536 10 12 0.023662498 
455 646 11 14 0.023662327 
898 62 8 10 0.023661112 
48 397 9 10 0.023651222 
902 270 9 12 0.023650486 
597 484 10 12 0.023644159 
654 661 10 12 0.023640925 
503 214 8 10 0.023640389 
569 175 7 9 0.02362855 
409 247 8 10 0.023621103 
552 32 7 9 0.023617111 
947 404 19 24 0.02361112 
583 118 7 9 0.023607295 
104 439 8 9 0.023602195 
672 684 14 17 0.023598833 
440 383 7 10 0.02358745 
551 495 9 11 0.023585794 
764 608 14 16 0.02358194 
945 773 9 13 0.02356146 
772 474 12 16 0.023558544 
688 48 8 9 0.023558015 
642 707 23 32 0.023557952 
783 96 7 8 0.023553664 
814 256 9 11 0.023551188 
901 409 14 17 0.023550596 
46 448 9 11 0.023548223 
799 231 9 12 0.023548037 
79 556 10 12 0.023545582 
275 438 11 14 0.023537947 
590 746 11 15 0.023537885 
303 467 9 12 0.023529433 
815 565 12 15 0.023523293 
95 487 9 11 0.02351887 
232 120 8 9 0.023517897 
464 351 7 9 0.023511767 
470 423 9 11 0.023499964 
526 637 11 14 0.023499032 
522 16 7 9 0.023490539 
605 582 8 10 0.023486476 
821 437 12 15 0.023470983 
158 564 9 11 0.023467736 
805 556 11 12 0.023467433 
464 97 6 8 0.023463203 
295 646 9 10 0.023457944 
982 126 9 11 0.0234524 
702 135 9 11 0.023448534 
921 197 8 10 0.023446428 
727 501 10 11 0.02344253 
558 366 8 11 0.023441581 
210 638 8 10 0.023421373 
904 95 8 10 0.023420513 
521 429 9 11 0.023420239 
920 68 7 10 0.023400115 
497 287 8 10 0.023383163 
375 430 10 11 0.023381568 
557 331 9 11 0.023369046 
712 144 8 11 0.0233689 
573 438 9 12 0.02336644 
344 351 8 10 0.023357522 
734 175 8 10 0.023350334 
817 577 12 16 0.023349488 
865 729 13 17 0.023348374 
838 421 10 12 0.023339223 
624 521 13 17 0.023338914 
118 642 14 17 0.023335429 
757 444 11 14 0.023329757 
445 87 8 10 0.023329679 
431 277 8 10 0.023324618 
447 317 7 10 0.02332134 
792 182 7 10 0.023317581 
444 701 10 13 0.023310563 
25 463 9 12 0.023292813 
912 381 7 10 0.023289332 
108 485 9 12 0.023282303 
472 72 7 9 0.023272026 
624 558 11 12 0.02327019 
294 103 7 9 0.023258992 
527 265 7 9 0.023237053 
687 216 8 9 0.023233695 
493 555 10 13 0.023229571 
376 22 8 9 0.023227548 
207 662 10 13 0.023225142 
862 93 8 10 0.02321678 
856 399 9 12 0.023213435 
440 567 9 11 0.02320784 
510 439 9 11 0.023193166 
928 62 8 10 0.023189472 
518 262 7 9 0.023187716 
895 481 20 25 0.023186212 
417 364 8 11 0.023172129 
617 103 7 9 0.023170473 
390 415 8 10 0.023163196 
547 634 17 22 0.023160852 
800 527 9 11 0.023158254 
848 630 12 16 0.023126163 
705 399 8 10 0.023119451 
689 272 8 10 0.023116857 
351 427 10 13 0.023109062 
550 722 12 14 0.02310836 
721 167 7 9 0.023107575 
681 215 7 9 0.023105131 
524 182 8 11 0.02310027 
153 700 12 15 0.02309744 
272 477 8 10 0.023091502 
813 638 11 13 0.023084482 
761 600 14 18 0.023082435 
438 620 10 12 0.023081144 
526 589 9 11 0.02307364 
575 703 9 12 0.023071228 
281 96 8 10 0.023063976 
560 301 9 10 0.023056129 
918 458 12 15 0.023054885 
871 81 8 9 0.023051005 
637 161 8 9 0.023046162 
664 80 8 9 0.023044113 
489 421 9 12 0.023041558 
941 302 10 13 0.02304055 
178 454 11 12 0.023032425 
439 198 8 10 0.023031661 
768 376 9 11 0.023026789 
296 24 7 8 0.023023043 
782 392 9 11 0.023017626 
266 335 7 10 0.02300234 
885 571 11 14 0.022998145 
545 261 8 10 0.022994472 
823 263 10 12 0.022992373 
751 390 10 11 0.02299028 
799 213 8 10 0.022985809 
656 325 7 10 0.02298224 
586 549 9 11 0.022981629 
853 474 12 15 0.022980087 
476 525 11 14 0.022972092 
870 62 8 10 0.02297206 
462 613 10 13 0.022961425 
592 134 8 10 0.02295157 
362 137 7 9 0.02294797 
585 175 8 9 0.022941109 
895 127 7 9 0.02293927 
773 201 18 23 0.0229276 
254 23 8 10 0.022921152 
813 604 13 17 0.022912914 
655 293 9 10 0.022908365 
529 505 19 24 0.022903707 
463 14 8 10 0.02290293 
722 14 7 10 0.022899024 
902 665 15 19 0.022891995 
549 112 8 10 0.022887502 
720 32 8 9 0.022885447 
377 104 8 10 0.02287971 
601 303 9 11 0.022863481 
609 404 9 10 0.022847144 
15 431 9 11 0.022845378 
216 366 7 10 0.022837203 
825 626 23 29 0.022830293 
127 505 8 9 0.022827895 
537 463 8 10 0.022825448 
517 650 11 14 0.02282018 
183 360 11 12 0.022816991 
416 0 7 8 0.022811625 
942 380 12 14 0.022806922 
471 214 8 10 0.022802591 
533 391 8 11 0.022800216 
862 156 9 10 0.022797763 
369 360 7 9 0.022787854 
639 87 8 9 0.02278595 
365 735 11 13 0.022784833 
383 309 8 10 0.022782126 
993 421 12 15 0.022782058 
542 462 9 10 0.022775302 
480 216 7 9 0.022774706 
263 253 8 9 0.02277199 
831 80 7 8 0.022758367 
453 256 8 10 0.022753889 
336 372 9 12 0.022750873 
902 347 9 13 0.022748562 
558 383 8 10 0.022738393 
727 102 7 9 0.02273707 
470 551 9 11 0.022734294 
663 221 9 11 0.022732355 
576 639 8 10 0.02273091 
759 239 9 10 0.022727836 
135 516 8 10 0.022726886 
591 279 7 9 0.022720616 
463 495 9 12 0.022717377 
423 408 9 10 0.022712942 
606 142 8 10 0.022712085 
682 135 7 9 0.022708263 
496 462 8 12 0.022706708 
417 675 10 12 0.022706497 
69 397 11 13 0.022695525 
845 0 9 9 0.022677863 
281 30 7 9 0.02267712 
864 208 8 9 0.02266724 
681 184 8 9 0.022663882 
716 496 9 12 0.022642935 
502 636 11 12 0.022631604 
638 367 8 10 0.022612488 
19 523 12 14 0.022599889 
545 713 11 16 0.022570869 
87 665 24 29 0.022567274 
268 653 10 12 0.022557227 
713 516 9 12 0.022556998 
86 431 9 11 0.022554884 
543 302 8 10 0.022550434 
782 367 9 11 0.02255028 
975 215 7 9 0.02254933 
968 91 8 12 0.022543639 
102 550 9 10 0.022540601 
934 251 10 12 0.022533387 
473 63 7 9 0.022524025 
630 447 9 11 0.022522476 
472 383 8 10 0.022518298 
737 208 8 10 0.02251431 
976 239 7 9 0.022511758 
509 295 9 11 0.02250953 
106 745 14 17 0.022486858 
360 318 8 10 0.02248602 
693 677 11 14 0.022477811 
863 334 10 11 0.022460373 
838 582 10 12 0.0224583 
311 621 8 9 0.022457415 
505 198 9 10 0.022448085 
852 637 20 26 0.022443153 
848 63 7 9 0.022441419 
876 706 14 17 0.022436526 
373 263 9 11 0.022432074 
169 522 11 16 0.022422943 
415 518 8 10 0.022422712 
343 14 7 8 0.022418939 
529 199 7 9 0.022415897 
607 703 9 11 0.022402 
545 150 8 11 0.022396237 
642 408 8 10 0.022392994 
138 679 19 24 0.02239289 
881 137 7 9 0.022386378 
568 217 7 9 0.02237766 
719 269 8 11 0.022367442 
704 310 9 11 0.022367226 
153 776 20 24 0.022357719 
120 559 8 10 0.022350851 
725 558 11 13 0.02234511 
487 152 7 9 0.02234175 
463 24 9 11 0.022337664 
892 663 14 18 0.022331499 
615 477 11 14 0.022323275 
49 431 10 12 0.022322897 
272 230 8 10 0.022321653 
593 255 8 9 0.022309367 
639 683 11 12 0.022308286 
866 53 7 11 0.022307094 
285 597 9 11 0.022304755 
609 263 8 11 0.022299426 
541 750 11 15 0.022290364 
392 531 8 11 0.022286896 
585 621 10 12 0.022276083 
678 383 8 10 0.022276022 
575 184 7 10 0.022269562 
856 15 8 10 0.022269115 
225 375 8 11 0.022264339 
695 167 9 10 0.02226263 
901 327 8 10 0.022255678 
838 541 9 11 0.022248901 
712 167 8 9 0.022239717 
705 423 8 11 0.022235062 
559 565 9 11 0.022232791 
569 422 9 11 0.022229556 
234 184 7 9 0.022222258 
783 492 10 13 0.02221812 
934 149 8 11 0.022216015 
671 734 11 13 0.022206772 
709 432 19 24 0.022206634 
440 263 8 11 0.022205165 
462 509 10 12 0.022203365 
0 469 9 12 0.022203092 
655 448 9 11 0.022201413 
249 302 7 9 0.022193119 
949 637 11 13 0.02218847 
471 240 8 10 0.022188107 
646 765 10 13 0.02218518 
560 699 10 13 0.022175984 
1004 192 9 11 0.022173293 
343 374 8 10 0.022162745 
441 277 8 10 0.022151772 
286 150 8 9 0.02215075 
415 420 9 11 0.02214945 
632 572 9 13 0.022139968 
442 293 7 9 0.022135733 
520 527 8 11 0.022134567 
859 22 7 10 0.022132268 
94 439 8 10 0.022117963 
366 413 9 11 0.022116061 
979 681 14 17 0.022114182 
200 614 8 9 0.02211402 
657 412 9 11 0.022112232 
558 310 9 11 0.022096077 
368 445 8 11 0.022093711 
465 574 10 13 0.022088574 
461 603 11 14 0.022085689 
532 772 14 16 0.022073984 
895 213 20 24 0.022071835 
352 2 9 9 0.022069424 
771 665 19 25 0.022052916 
93 618 11 14 0.022051165 
287 352 7 9 0.0220466 
618 151 7 9 0.022033157 
919 191 7 9 0.022026604 
387 428 18 23 0.022026276 
217 287 7 10 0.02202339 
814 308 9 12 0.022018788 
519 141 8 10 0.02201617 
962 267 11 13 0.022011783 
406 399 8 10 0.02200565 
575 515 9 12 0.022005167 
247 326 8 9 0.022003822 
173 698 13 14 0.021997927 
582 429 9 11 0.021996353 
415 158 8 10 0.021996276 
892 453 11 14 0.021990376 
974 590 11 14 0.02198657 
447 568 10 14 0.02197927 
849 343 10 13 0.021976627 
329 343 7 9 0.021958062 
423 239 8 11 0.021949781 
13 549 10 13 0.02194666 
301 375 9 10 0.021937847 
962 46 9 11 0.021934541 
910 627 12 13 0.0219313 
940 650 12 16 0.021916658 
375 477 10 12 0.021908574 
370 668 121 146 0.021904457 
953 269 8 10 0.021898255 
337 2 8 9 0.021896202 
518 238 9 10 0.02189217 
120 485 10 12 0.021891838 
231 623 7 9 0.021888535 
472 1 8 9 0.021888362 
557 407 8 10 0.02188812 
567 650 9 12 0.021885447 
212 412 11 13 0.021883685 
239 120 7 9 0.021882482 
848 593 12 15 0.021879042 
806 207 9 11 0.02187638 
147 694 20 25 0.021873906 
855 39 7 9 0.021865383 
441 318 7 9 0.02186351 
376 336 9 10 0.021854432 
897 136 7 10 0.021853117 
970 651 13 16 0.021843849 
456 191 8 10 0.021834148 
321 287 7 9 0.021827335 
503 288 8 9 0.021821799 
280 222 9 10 0.0218197 
816 197 9 10 0.021815466 
497 468 9 12 0.021811295 
416 200 7 10 0.021809421 
991 679 10 13 0.021793937 
745 126 9 10 0.021789901 
687 111 8 10 0.021776317 
512 566 10 12 0.021773927 
806 502 10 13 0.021773502 
533 500 9 11 0.02176891 
871 677 21 26 0.021768762 
149 646 11 13 0.021768557 
781 652 12 16 0.021768363 
877 467 11 15 0.021757537 
262 222 8 11 0.021747287 
694 309 8 11 0.02173417 
639 239 7 10 0.021725252 
856 88 8 10 0.021710034 
608 366 9 13 0.021709617 
951 110 9 10 0.021696355 
104 509 10 11 0.02169577 
575 539 10 12 0.021691075 
912 79 18 23 0.021690814 
520 541 9 13 0.021688776 
535 272 8 9 0.021679722 
313 398 7 9 0.021677509 
681 221 8 10 0.021675404 
375 408 8 10 0.021670189 
1007 143 9 11 0.02166625 
417 501 8 11 0.021659603 
557 734 10 13 0.021651745 
696 95 8 9 0.02163659 
50 602 13 17 0.02163393 
607 104 7 9 0.021632945 
383 304 7 10 0.021621121 
487 709 10 12 0.021612866 
342 428 10 13 0.021603562 
845 366 10 13 0.021585342 
263 142 8 10 0.021573437 
702 679 11 14 0.02155646 
536 263 8 10 0.021553341 
857 32 7 9 0.021546133 
406 199 8 10 0.021544604 
869 54 8 11 0.021528868 
32 414 9 12 0.021520952 
546 350 9 11 0.021520173 
761 39 7 9 0.021510325 
760 168 8 9 0.021505283 
214 421 11 15 0.021503752 
560 421 7 10 0.02149713 
407 534 9 12 0.021494132 
886 665 13 16 0.021486267 
565 638 8 12 0.021482153 
543 616 9 11 0.021481294 
287 423 10 11 0.021473352 
601 382 8 10 0.02147219 
916 341 9 12 0.021472093 
494 71 8 10 0.021470603 
918 150 8 10 0.02146903 
702 572 11 13 0.021445705 
474 193 7 9 0.021443544 
349 383 9 11 0.021443216 
671 48 7 9 0.021440702 
566 461 10 13 0.02143804 
553 475 10 13 0.021415016 
846 151 7 10 0.021404903 
991 533 22 28 0.021403003 
446 598 11 13 0.021398723 
857 1 9 9 0.021391544 
832 158 7 10 0.02138454 
897 347 9 12 0.021381468 
823 492 11 14 0.02138066 
600 342 8 10 0.021373924 
682 158 8 10 0.021372495 
254 645 9 11 0.021345835 
681 64 7 10 0.021342508 
192 585 8 10 0.021338364 
795 476 13 17 0.021337848 
182 543 9 12 0.02133708 
224 263 7 10 0.021337021 
209 332 7 10 0.021320816 
480 232 8 10 0.0213192 
938 189 9 10 0.021318518 
133 650 9 12 0.02131802 
502 480 9 11 0.021313261 
879 127 8 9 0.021308858 
471 268 9 11 0.021307418 
535 176 7 9 0.021306181 
319 446 8 10 0.021304814 
473 446 8 11 0.021297362 
848 413 12 14 0.02127665 
424 351 7 8 0.021272603 
456 62 7 9 0.021264931 
694 692 10 12 0.02126342 
353 406 8 10 0.021257248 
878 598 11 15 0.021255823 
175 682 105 120 0.021252 
783 738 23 29 0.021248735 
788 247 10 12 0.021247843 
762 8 7 9 0.02124775 
329 309 7 10 0.021245029 
430 360 8 10 0.021235365 
711 224 8 10 0.021235194 
687 359 8 10 0.021229846 
940 515 12 15 0.021222051 
8 570 12 14 0.021211317 
159 366 11 14 0.021210542 
415 509 9 12 0.021203281 
489 95 7 9 0.021202024 
868 428 11 13 0.021199092 
200 296 7 9 0.021196067 
319 510 9 11 0.021186467 
432 455 8 10 0.021175303 
341 479 10 12 0.021166451 
912 437 11 13 0.021161297 
352 166 8 10 0.02115735 
663 383 9 11 0.02115654 
617 96 7 10 0.021151058 
645 554 14 16 0.021150813 
845 191 8 11 0.021130951 
680 197 7 10 0.021123823 
832 458 18 23 0.02111826 
353 694 12 15 0.021116506 
672 120 8 9 0.021115365 
548 708 19 24 0.02111333 
285 682 11 13 0.021112027 
49 670 15 20 0.021111399 
862 676 11 14 0.02110282 
432 248 9 11 0.02109834 
341 693 10 13 0.021097088 
104 479 10 13 0.021094725 
904 23 7 9 0.021094233 
884 707 13 17 0.021092758 
640 148 7 9 0.021089692 
735 405 9 11 0.021089537 
198 278 7 9 0.02107737 
672 359 8 11 0.021071577 
721 96 8 9 0.021069158 
74 666 23 29 0.021060526 
878 565 11 12 0.021060383 
673 53 7 9 0.021055747 
942 199 8 10 0.021055011 
687 1 9 8 0.021050341 
101 589 10 11 0.021049296 
444 740 10 12 0.021048259 
543 224 7 8 0.021047356 
39 390 9 11 0.02103119 
465 259 10 11 0.021026459 
902 444 10 12 0.021024888 
170 653 10 14 0.02102475 
400 160 7 9 0.021022866 
265 754 14 17 0.021012193 
373 612 13 15 0.02100422 
87 486 9 11 0.021003867 
261 677 10 12 0.02099559 
807 308 9 13 0.020994848 
625 335 8 10 0.020980118 
927 217 8 9 0.020975713 
245 589 9 11 0.020962987 
873 152 7 9 0.020961978 
911 445 11 13 0.020955784 
506 509 8 11 0.020946806 
486 37 7 9 0.020941652 
587 477 20 24 0.020935215 
766 484 11 14 0.020927375 
399 502 9 11 0.02092218 
606 518 10 12 0.020913638 
463 224 9 9 0.020911817 
575 495 9 11 0.020911623 
935 726 12 14 0.020911044 
528 216 7 10 0.02091094 
511 24 8 10 0.020908128 
831 135 7 8 0.020907834 
805 197 8 10 0.020901501 
609 296 8 11 0.020896692 
852 578 17 22 0.020889487 
184 612 8 11 0.020887228 
80 478 9 12 0.020877771 
950 438 11 13 0.020875802 
665 152 8 9 0.020874875 
415 588 11 14 0.020873806 
678 309 8 10 0.020866804 
342 398 8 10 0.020866768 
493 160 7 10 0.020864239 
726 630 13 16 0.02085403 
53 540 12 13 0.02085395 
470 24 9 11 0.020843936 
663 327 7 9 0.02083177 
80 388 10 13 0.02082939 
486 207 7 10 0.020829357 
272 88 7 8 0.020818759 
537 183 7 10 0.020816848 
441 207 7 9 0.020815128 
340 493 11 14 0.020801961 
672 208 7 9 0.020793695 
312 31 7 9 0.020787718 
494 165 7 9 0.020783974 
581 142 7 9 0.02078066 
869 699 42 54 0.020763142 
588 481 113 146 0.020760015 
615 319 8 10 0.020754661 
409 293 8 10 0.020744037 
710 452 8 11 0.020742215 
800 89 7 9 0.020740455 
631 149 7 9 0.020728981 
224 308 8 10 0.020728806 
414 152 8 9 0.020727886 
45 486 19 22 0.020723842 
578 160 7 10 0.020709109 
606 319 8 9 0.020702388 
463 595 12 14 0.020701248 
958 431 10 12 0.020696469 
644 667 11 13 0.020688018 
745 175 9 11 0.020686934 
733 255 8 10 0.020686733 
908 560 20 25 0.020682953 
110 561 10 13 0.020668868 
582 637 9 11 0.020667715 
702 479 8 10 0.020665562 
366 509 13 15 0.020657938 
615 119 8 9 0.020657705 
880 15 7 9 0.020650998 
60 565 11 14 0.020645209 
655 457 17 23 0.020643998 
357 470 19 25 0.020640919 
240 723 12 14 0.020634428 
673 304 7 10 0.020624302 
487 288 8 10 0.020623526 
240 296 7 9 0.020623429 
485 399 10 11 0.020614851 
806 637 11 14 0.020609364 
472 358 9 10 0.020607177 
621 239 9 11 0.020607118 
537 191 7 9 0.020605043 
453 261 9 11 0.020593492 
382 600 10 12 0.020592662 
652 677 10 13 0.020583874 
256 216 7 9 0.02057372 
960 109 8 10 0.020572312 
414 749 10 14 0.020571023 
497 61 8 9 0.02057003 
948 645 11 14 0.020554833 
463 240 9 12 0.020552598 
78 487 111 138 0.020548915 
877 248 9 11 0.020545965 
798 469 11 13 0.020544799 
454 412 12 13 0.020534536 
727 134 8 10 0.0205343 
488 595 10 13 0.020531317 
288 278 7 9 0.020524967 
584 128 7 8 0.020521326 
660 630 10 13 0.020513685 
484 628 20 24 0.02051338 
1015 564 10 13 0.020512732 
498 207 7 9 0.020507941 
813 327 8 11 0.020502232 
177 286 8 10 0.02049892 
388 518 10 13 0.020496638 
422 658 13 16 0.020494446 
798 9 8 8 0.020490231 
899 294 11 14 0.02048867 
342 2 9 8 0.020485124 
447 304 7 9 0.020482834 
361 335 8 9 0.020481847 
783 182 7 9 0.020480106 
281 656 17 23 0.020479321 
872 381 10 14 0.020477504 
409 287 8 10 0.020473337 
238 581 10 12 0.02047148 
858 144 7 9 0.020470044 
305 326 7 10 0.020468783 
430 509 10 12 0.020466246 
545 568 10 12 0.020452272 
821 567 18 22 0.020448118 
722 247 8 11 0.020442126 
233 240 7 9 0.020435674 
893 87 8 10 0.02043218 
750 487 11 11 0.020431645 
424 534 9 12 0.020428516 
974 232 8 9 0.020425327 
687 702 9 11 0.020421747 
256 311 7 9 0.020416394 
393 191 6 9 0.020415792 
694 446 8 10 0.020414563 
921 217 7 9 0.020408135 
878 443 11 14 0.020401623 
816 205 8 11 0.020398656 
52 578 13 14 0.020396525 
518 128 8 9 0.020386726 
694 1 9 8 0.02038087 
202 152 8 10 0.020380683 
756 349 9 12 0.020380227 
847 55 7 10 0.020372588 
590 92 8 10 0.02036939 
47 579 12 15 0.020368202 
609 271 7 9 0.020367589 
353 183 8 10 0.020358175 
589 311 8 10 0.020349123 
794 159 7 11 0.020347174 
503 246 9 10 0.020347157 
942 596 10 13 0.020344883 
824 25 7 8 0.020342704 
904 246 8 10 0.020338513 
757 397 11 14 0.020336352 
496 200 8 9 0.020317333 
434 188 8 10 0.020314323 
248 288 8 10 0.020310264 
773 681 12 15 0.020306012 
966 460 10 15 0.02030291 
415 253 8 10 0.020297874 
513 374 7 10 0.02029398 
352 446 9 11 0.0202903 
215 113 7 9 0.020280438 
455 22 8 10 0.0202703 
449 23 8 9 0.020266758 
122 575 10 13 0.020254994 
919 56 8 9 0.02025383 
841 24 7 9 0.020253083 
119 651 13 15 0.020250745 
872 374 9 12 0.020243235 
158 608 9 11 0.020230671 
327 735 9 12 0.020227574 
222 119 8 9 0.020226993 
461 412 8 12 0.020226454 
996 522 13 16 0.020222297 
527 246 8 10 0.020217367 
630 566 9 13 0.02021054 
504 503 8 10 0.020208634 
569 111 7 9 0.020204034 
1004 556 10 13 0.020198248 
156 694 10 12 0.020191437 
6 547 11 15 0.02018949 
822 158 8 10 0.020184577 
871 0 8 9 0.020183533 
645 287 8 10 0.020183045 
911 399 9 11 0.020175809 
536 136 8 11 0.020170255 
495 294 8 10 0.020168986 
489 116 7 9 0.020168196 
948 512 20 24 0.02016797 
845 167 8 10 0.020167056 
487 318 9 12 0.020153781 
716 693 13 17 0.020141263 
184 110 8 9 0.020135678 
792 591 10 13 0.020129597 
241 587 9 12 0.02012668 
376 351 8 10 0.02012622 
521 303 8 10 0.020126158 
436 253 9 11 0.020125866 
33 352 8 10 0.020125585 
997 636 12 13 0.0201195 
312 616 8 11 0.020106312 
430 685 101 142 0.020104975 
630 222 8 9 0.020103225 
55 505 17 23 0.020094648 
245 399 9 11 0.020088034 
773 510 10 12 0.020082103 
309 663 9 12 0.020068739 
401 542 9 11 0.020065252 
216 716 9 11 0.020063264 
606 136 7 9 0.020063004 
783 87 9 10 0.020057453 
304 358 8 10 0.020040525 
279 615 7 9 0.020033175 
886 541 12 16 0.020007232 
670 463 8 10 0.020000258 
