34_Baseball_Baseball_34_391
31
58 261 24 28 0.9839392 
553 134 31 36 0.35740194 
749 74 41 76 0.26448697 
634 114 42 44 0.22106436 
779 73 59 84 0.16362533 
85 317 13 16 0.09704072 
85 345 9 12 0.0755384 
517 208 58 64 0.06527086 
558 110 40 54 0.06503641 
86 354 30 38 0.058881912 
569 97 40 53 0.053683493 
427 342 31 33 0.047739062 
589 62 45 54 0.04767902 
70 332 11 12 0.04640282 
370 372 27 36 0.041310817 
419 352 31 36 0.038948268 
639 74 50 67 0.037890635 
784 84 89 103 0.03512925 
584 85 45 57 0.032534093 
616 87 81 97 0.032426275 
121 131 16 19 0.031920128 
530 234 65 71 0.03144316 
395 362 44 45 0.02925882 
645 65 86 122 0.028958343 
64 327 10 12 0.028050778 
419 620 60 63 0.02591471 
53 92 11 15 0.024978744 
858 433 105 115 0.024252912 
544 209 70 71 0.023435852 
459 341 11 12 0.023024937 
719 55 69 118 0.021585023 
