34_Baseball_Baseball_34_622
32
892 204 55 90 0.99862134 
679 283 50 79 0.99534637 
127 278 61 76 0.60026705 
450 256 39 53 0.27663866 
34 589 25 34 0.19865362 
494 570 15 18 0.1619786 
422 242 56 71 0.15135163 
44 586 16 22 0.12947828 
155 267 46 78 0.1222102 
1013 606 12 19 0.097555324 
914 689 32 39 0.09178572 
9 603 26 30 0.09138788 
581 586 18 20 0.073408745 
249 604 39 40 0.06849689 
20 595 27 34 0.067787685 
654 281 51 79 0.06646408 
696 275 57 79 0.059963454 
748 281 44 71 0.056372635 
461 591 10 13 0.053415243 
109 271 52 72 0.049472537 
498 565 13 17 0.04778665 
415 283 61 73 0.04702748 
443 278 40 52 0.042902462 
85 273 89 115 0.037126444 
510 591 13 16 0.0349257 
494 557 14 18 0.034578577 
308 587 15 18 0.032185018 
456 264 47 70 0.03146716 
183 272 47 75 0.028360216 
516 594 29 33 0.024451653 
47 591 19 26 0.023440206 
523 603 15 17 0.0200674 
