39_Ice_Skating_iceskiing_39_310
31
429 227 39 41 0.99408346 
186 155 36 44 0.98584855 
122 227 42 48 0.66506577 
343 250 28 37 0.5148024 
722 365 45 50 0.18148583 
349 258 38 56 0.093726315 
694 342 67 65 0.084436774 
329 251 43 69 0.08377956 
236 228 455 508 0.08067978 
148 155 43 56 0.077852644 
138 241 34 45 0.06900502 
376 264 29 38 0.05961274 
233 274 63 79 0.051361106 
696 373 66 69 0.050370786 
439 249 34 38 0.04420068 
655 351 66 67 0.03853442 
223 242 96 93 0.036710825 
386 265 17 22 0.036287196 
437 108 13 16 0.034726106 
624 306 54 58 0.033782236 
454 272 49 54 0.031338535 
843 329 27 33 0.030247403 
434 124 17 19 0.028539151 
668 323 16 18 0.028020283 
114 244 56 60 0.02515324 
685 397 69 82 0.025114147 
436 114 16 19 0.024826277 
442 161 17 21 0.024743162 
654 368 108 135 0.024362538 
143 221 29 44 0.02346917 
113 201 57 62 0.020614121 
