39_Ice_Skating_Ice_Skating_39_546
51
385 289 57 66 0.99965715 
217 241 65 75 0.99817693 
533 283 13 18 0.8518904 
630 321 36 40 0.5287994 
39 279 8 10 0.39510056 
572 291 15 20 0.33388764 
714 297 47 58 0.23929939 
635 257 16 21 0.143099 
603 276 12 17 0.108373255 
591 304 14 20 0.088137776 
296 295 10 12 0.08175826 
579 286 14 19 0.068263724 
590 347 22 31 0.06713526 
84 282 11 14 0.055316564 
436 288 29 42 0.049063325 
285 118 13 17 0.048408307 
43 277 9 12 0.038397748 
500 295 11 15 0.03730502 
559 267 10 12 0.036270976 
558 259 12 14 0.03567814 
559 291 13 18 0.034083907 
558 285 11 15 0.033989042 
611 157 13 16 0.03332266 
729 313 39 57 0.032738212 
538 288 13 17 0.031901006 
558 253 10 13 0.031381045 
183 269 44 57 0.03132673 
437 175 8 10 0.031160275 
659 46 399 486 0.030969283 
216 128 41 55 0.030270133 
691 257 13 15 0.029668476 
538 279 12 15 0.028884646 
576 58 41 59 0.02872444 
478 251 11 16 0.028468447 
567 277 10 13 0.02779329 
169 279 32 43 0.027662836 
905 248 7 10 0.024847018 
601 271 11 14 0.024761643 
115 318 16 22 0.024171466 
647 326 27 38 0.024007807 
495 341 51 52 0.023717765 
33 282 11 15 0.023364186 
444 309 17 22 0.02303399 
494 295 12 17 0.022878867 
671 305 12 19 0.022208052 
623 327 27 35 0.022131907 
510 164 11 14 0.021968715 
552 253 11 13 0.021740114 
518 166 9 12 0.021180302 
531 295 15 19 0.020615686 
557 277 11 15 0.020121876 
