39_Ice_Skating_Ice_Skating_39_504
20
619 229 29 36 0.9984823 
408 158 36 42 0.99845576 
174 215 34 43 0.9983972 
941 155 14 20 0.98141366 
101 178 15 18 0.9447792 
985 166 13 16 0.78737617 
901 138 14 17 0.3632634 
626 132 9 11 0.2692396 
692 135 8 11 0.22648914 
348 151 10 12 0.12952566 
904 143 16 20 0.042765297 
523 323 12 15 0.038649425 
281 135 8 11 0.03287355 
516 307 13 18 0.028699346 
464 43 421 489 0.027041174 
346 152 15 20 0.02661492 
874 173 9 13 0.024383526 
631 225 25 33 0.02305567 
1004 190 20 28 0.021390222 
609 148 10 14 0.020482354 
