39_Ice_Skating_iceskiing_39_349
25
815 284 52 62 0.99424815 
639 302 34 52 0.9282468 
740 547 207 252 0.1970851 
225 321 42 67 0.13548404 
427 320 30 37 0.05121964 
347 278 93 120 0.04710249 
516 572 30 32 0.041441165 
599 286 31 42 0.03618405 
642 473 330 396 0.03419269 
492 305 16 21 0.032144867 
412 309 10 13 0.030448405 
426 307 27 35 0.02954194 
422 353 14 18 0.028419752 
433 305 18 22 0.02821011 
219 291 72 117 0.026785368 
765 619 137 152 0.02667891 
750 400 32 37 0.026267104 
421 324 12 15 0.025882447 
50 302 15 19 0.024570206 
-22 421 251 236 0.023427164 
596 274 25 36 0.02232196 
421 335 24 32 0.021629894 
400 308 51 72 0.021580527 
2 111 396 489 0.020382356 
429 293 48 66 0.020343069 
