39_Ice_Skating_Ice_Skating_39_661
393
808 360 14 19 0.95063955 
196 259 11 15 0.8922207 
471 301 10 13 0.87186074 
222 267 10 13 0.8182105 
92 324 14 17 0.8135671 
3 372 12 18 0.7627888 
409 423 27 25 0.6428921 
439 312 10 12 0.57589126 
75 234 12 15 0.5725215 
161 294 11 14 0.47641978 
716 271 11 12 0.46593124 
162 298 13 17 0.44542822 
542 261 8 11 0.42238656 
343 191 9 12 0.419314 
250 252 7 9 0.39484337 
510 255 9 11 0.3304591 
768 332 11 13 0.3095435 
107 246 14 16 0.28549913 
48 257 14 17 0.22702014 
616 179 8 11 0.22511831 
446 182 8 10 0.20832062 
416 388 13 17 0.20634685 
531 275 13 16 0.19943908 
533 268 12 17 0.17678572 
973 299 14 17 0.16297773 
789 222 9 12 0.15951829 
29 293 10 14 0.15727642 
286 195 10 13 0.15722847 
465 185 7 9 0.14948952 
479 375 10 13 0.14909202 
393 200 7 10 0.13813671 
446 317 9 13 0.13387835 
0 262 8 14 0.13114569 
591 224 7 9 0.1233347 
27 258 12 16 0.12095128 
248 347 13 15 0.12092468 
486 190 8 10 0.107203946 
865 227 108 116 0.10216921 
990 503 7 10 0.10104732 
452 505 16 20 0.1009089 
6 297 12 16 0.1003825 
717 228 8 11 0.09918207 
161 305 13 17 0.09873707 
383 181 7 9 0.098735616 
470 184 8 9 0.09632881 
945 523 8 12 0.09568537 
702 224 8 11 0.09387454 
253 253 8 10 0.09188022 
440 191 7 9 0.091667585 
11 292 15 19 0.0907768 
800 216 8 10 0.08951987 
617 168 8 10 0.08824963 
448 323 9 12 0.08540193 
757 252 15 20 0.08458912 
214 109 9 11 0.08387615 
651 133 8 11 0.08369938 
649 197 8 10 0.08335678 
0 45 16 22 0.07991351 
376 182 7 9 0.07890963 
566 243 10 13 0.07869508 
369 200 9 11 0.07845338 
22 293 12 17 0.077984974 
150 380 13 17 0.077721804 
917 294 12 13 0.07669297 
809 70 40 55 0.07504228 
687 338 12 15 0.07434109 
445 508 16 18 0.07347706 
133 106 11 14 0.07323119 
713 224 10 12 0.07208985 
886 550 10 12 0.06995501 
0 353 9 14 0.06953284 
338 195 9 12 0.06940127 
930 517 12 15 0.068042405 
627 222 7 10 0.06756719 
350 370 11 13 0.06662734 
568 226 9 12 0.06614607 
818 434 21 27 0.064979166 
231 207 8 10 0.064850576 
351 239 7 9 0.06416932 
345 186 8 10 0.06226583 
1012 476 10 14 0.06146022 
12 341 14 17 0.060893297 
172 298 12 14 0.060890473 
360 197 9 10 0.06019451 
280 192 9 12 0.05925992 
648 193 8 9 0.057383783 
502 483 14 16 0.056844465 
232 118 9 12 0.05681251 
188 436 11 13 0.055426013 
729 203 10 12 0.054855052 
540 265 11 14 0.05478654 
218 265 10 11 0.05363195 
434 311 10 13 0.053386398 
372 203 8 11 0.053300183 
376 215 9 11 0.053076092 
743 253 8 12 0.053069863 
254 197 10 12 0.052387077 
199 429 11 14 0.052378405 
378 177 7 10 0.05229675 
620 132 10 11 0.05208858 
378 219 9 12 0.052011248 
360 190 9 11 0.051992483 
20 348 10 13 0.050536815 
609 191 8 10 0.050242864 
573 135 9 10 0.05008646 
560 264 9 10 0.049328268 
978 495 7 9 0.049259983 
878 536 9 11 0.048538093 
199 81 13 18 0.048227776 
424 225 7 9 0.04810462 
950 183 12 14 0.047769878 
480 182 7 9 0.047589663 
505 259 10 13 0.047448777 
614 230 8 10 0.046940356 
232 256 8 10 0.0468617 
934 512 9 10 0.046654347 
83 352 26 33 0.04578248 
586 224 8 10 0.04575972 
109 256 12 16 0.0456568 
598 223 7 10 0.0453017 
394 268 9 13 0.04527718 
488 185 7 9 0.045110177 
430 327 10 13 0.04501331 
13 335 10 12 0.044865537 
382 215 8 11 0.044768095 
650 185 7 9 0.044610526 
368 184 7 10 0.04445942 
210 424 14 19 0.043976028 
620 173 8 12 0.043948814 
1008 503 9 11 0.043779954 
409 406 27 29 0.04358357 
650 141 9 11 0.04345986 
598 147 10 12 0.043075673 
5 348 13 16 0.042877376 
982 288 11 13 0.042792555 
479 177 7 8 0.042054117 
348 189 9 12 0.042004928 
422 191 8 9 0.04194978 
974 313 12 14 0.04182736 
230 261 9 12 0.041696206 
790 216 9 11 0.041342344 
418 192 8 10 0.040973287 
792 206 7 8 0.0409108 
409 351 8 11 0.04070805 
811 428 17 19 0.040649097 
107 237 16 18 0.040517487 
469 188 8 10 0.040273506 
327 198 9 10 0.040045187 
598 133 10 10 0.03950855 
104 279 9 12 0.0392148 
218 310 9 10 0.039212607 
854 374 11 15 0.038882855 
761 206 8 10 0.038661323 
841 231 9 11 0.03850475 
468 297 17 22 0.038484436 
206 364 14 18 0.03829736 
223 193 6 9 0.038074963 
1007 509 8 10 0.037917033 
361 184 8 10 0.037779458 
776 199 9 10 0.037600327 
9 333 9 11 0.036954857 
871 241 15 18 0.0368683 
139 387 16 19 0.03686088 
358 206 10 13 0.03678134 
96 328 14 18 0.03654042 
226 268 10 13 0.036440812 
273 191 8 10 0.0364256 
261 196 9 11 0.03610735 
513 208 6 9 0.035881452 
253 203 10 14 0.035791703 
756 181 10 12 0.0354016 
980 293 13 16 0.03485161 
951 251 12 14 0.034803435 
572 142 10 12 0.034791797 
781 200 8 10 0.034540456 
356 211 10 14 0.034452487 
116 245 12 15 0.034247108 
546 407 7 10 0.03395841 
350 196 8 11 0.033846326 
573 148 9 12 0.033730607 
263 193 7 9 0.03368043 
413 382 14 18 0.033333406 
252 344 12 15 0.03331461 
505 342 8 11 0.033265546 
38 309 9 11 0.033171527 
474 373 11 14 0.032969892 
212 361 16 18 0.032883663 
753 139 9 13 0.032825056 
591 181 8 10 0.032652065 
584 143 8 11 0.032506045 
156 386 11 16 0.032386668 
654 184 8 9 0.032180503 
808 266 9 13 0.031821337 
818 133 9 11 0.031616695 
990 306 14 17 0.031537324 
577 174 8 12 0.03149513 
317 87 8 10 0.031473957 
263 404 11 14 0.031291008 
520 340 12 16 0.03125722 
520 304 9 12 0.031098798 
711 266 19 24 0.030954488 
561 180 8 10 0.030897848 
410 230 7 10 0.030729607 
358 229 8 10 0.03068516 
895 548 8 12 0.030594928 
452 318 9 13 0.030551631 
653 198 8 10 0.030488985 
627 215 7 10 0.030437665 
392 530 13 18 0.030411048 
133 394 16 20 0.030370977 
585 180 7 11 0.030255616 
926 417 9 11 0.030202445 
28 71 15 19 0.030188344 
752 257 12 18 0.03018459 
799 269 9 11 0.030140929 
215 275 9 12 0.030045312 
784 216 9 11 0.02992305 
218 263 18 22 0.02968118 
408 357 11 13 0.029619332 
566 181 7 9 0.029465523 
366 189 8 9 0.029456388 
327 212 12 15 0.029266112 
869 397 9 12 0.029200302 
503 105 186 214 0.029194677 
519 308 11 14 0.02915272 
423 197 8 9 0.028705947 
592 148 9 12 0.028693026 
28 246 12 16 0.028623648 
437 307 17 22 0.028549522 
431 197 8 10 0.028511189 
104 75 10 12 0.02839392 
326 206 10 13 0.028306035 
229 123 10 14 0.028258607 
1013 501 8 11 0.028242638 
615 238 8 10 0.028172575 
943 535 9 11 0.028165463 
990 294 13 16 0.028120924 
417 196 9 10 0.028105082 
40 351 9 11 0.027984213 
344 210 11 14 0.027928993 
369 264 10 12 0.02781697 
304 198 9 10 0.027513603 
412 389 22 25 0.027443621 
806 417 23 25 0.027406458 
951 438 8 11 0.02737409 
828 223 9 11 0.027355116 
126 244 10 14 0.027285686 
528 281 13 15 0.027278362 
785 227 11 14 0.027259896 
904 550 11 13 0.027210668 
300 96 8 10 0.027179172 
372 94 10 13 0.027060889 
597 182 8 10 0.026603155 
398 199 7 10 0.026597792 
482 373 12 14 0.026485711 
487 196 9 11 0.026314883 
520 315 10 12 0.02623437 
413 351 9 11 0.02617281 
459 501 13 19 0.026155425 
878 413 11 15 0.026152 
3 259 11 16 0.025915546 
568 207 8 12 0.025821688 
698 228 9 11 0.02578547 
649 129 9 11 0.025777863 
974 283 12 14 0.02572982 
949 518 10 12 0.025729295 
538 257 9 12 0.025703417 
815 127 10 13 0.025645403 
774 191 8 10 0.02561326 
357 221 9 12 0.025367202 
6 287 15 18 0.025271773 
764 328 19 23 0.02520814 
397 205 8 10 0.025162779 
753 176 8 12 0.025040094 
205 222 8 10 0.025017787 
800 264 9 11 0.024993433 
4 384 12 17 0.024902284 
82 194 10 14 0.024886133 
736 254 8 11 0.024838896 
578 180 8 11 0.024761913 
388 293 10 14 0.024756711 
358 269 8 12 0.024699477 
719 189 8 10 0.02469871 
1008 446 10 12 0.024675308 
574 212 7 10 0.024616739 
829 229 9 11 0.024546294 
629 228 9 11 0.024525242 
392 191 7 9 0.024505716 
928 513 9 11 0.024464639 
510 341 10 12 0.02441974 
34 254 19 24 0.024409823 
460 492 12 15 0.024409099 
9 370 13 19 0.024359489 
205 207 8 10 0.02421626 
979 307 13 17 0.024176745 
773 91 9 12 0.024154183 
82 235 12 14 0.02411111 
209 107 10 13 0.023939617 
349 211 13 15 0.023880262 
415 229 8 10 0.023727676 
718 234 10 14 0.023711449 
397 264 10 14 0.023698876 
507 478 13 16 0.02369206 
992 297 17 20 0.023487672 
548 341 11 13 0.023380646 
147 390 15 21 0.023318581 
967 519 8 10 0.023132388 
296 176 8 10 0.023127897 
640 197 9 10 0.02299761 
985 502 10 11 0.022952324 
711 262 13 18 0.022950089 
935 533 10 12 0.022941677 
466 228 9 12 0.02289863 
151 111 8 11 0.022884458 
252 354 11 13 0.022766303 
109 363 11 16 0.022718698 
512 213 8 9 0.022691024 
180 294 9 13 0.022653108 
715 278 16 18 0.022620669 
572 224 9 11 0.022605903 
614 224 8 10 0.022566376 
381 238 9 11 0.022475999 
641 192 8 9 0.02247101 
142 127 9 11 0.02239851 
465 297 12 14 0.022329606 
95 74 11 13 0.02232829 
137 135 8 10 0.022313356 
193 264 11 15 0.022303574 
455 198 8 10 0.022299698 
217 192 7 10 0.022271033 
49 185 198 233 0.022173246 
510 301 9 12 0.022169208 
744 350 8 10 0.022108665 
50 251 21 28 0.022099765 
989 287 12 15 0.022047127 
350 185 8 10 0.021846123 
145 205 8 10 0.021825857 
238 261 8 12 0.021815926 
212 433 13 14 0.021798996 
990 508 8 10 0.021718755 
431 216 112 137 0.0216951 
191 431 12 14 0.021678792 
465 304 12 16 0.021670228 
260 349 10 13 0.021585297 
976 500 8 10 0.0215747 
796 352 21 24 0.021568112 
849 374 11 16 0.021464558 
679 199 8 9 0.021451784 
609 196 9 12 0.021432562 
727 246 9 11 0.021405865 
115 237 13 16 0.021356713 
655 149 7 10 0.021309117 
694 174 9 11 0.021287942 
856 366 9 12 0.021261418 
295 98 11 13 0.021152029 
654 190 7 10 0.021138636 
352 230 9 11 0.02112738 
593 133 9 10 0.021084888 
439 197 8 10 0.021055663 
384 189 8 11 0.020958593 
536 256 18 23 0.020946644 
256 403 13 16 0.020917295 
917 285 14 15 0.020869274 
334 211 9 13 0.020839382 
934 293 14 17 0.020832587 
21 357 10 13 0.020709323 
471 239 10 12 0.02070594 
567 177 8 10 0.020704275 
576 259 10 12 0.02070013 
293 373 9 10 0.020653578 
319 239 9 10 0.020644706 
148 434 17 19 0.020609664 
682 329 21 25 0.020481566 
761 244 16 19 0.02047913 
687 176 7 9 0.020468144 
189 138 14 16 0.02038919 
407 370 13 16 0.020363435 
351 288 8 12 0.020330545 
784 235 9 13 0.02030256 
238 319 8 11 0.02029587 
922 293 13 15 0.020269325 
287 201 9 13 0.020243451 
766 214 9 11 0.020197578 
413 372 13 17 0.02019567 
409 224 8 11 0.0201912 
1003 510 8 10 0.02017369 
919 526 9 11 0.020146135 
206 103 10 12 0.020144733 
24 287 19 24 0.02011884 
196 89 14 18 0.020090114 
727 251 10 13 0.020079013 
984 306 23 27 0.02007361 
743 260 11 15 0.020015623 
