39_Ice_Skating_iceskiing_39_541
33
451 279 124 113 0.99090147 
590 150 31 36 0.3257179 
568 161 60 63 0.23606086 
218 388 99 94 0.18260786 
595 146 20 22 0.174044 
891 627 45 51 0.11310417 
474 97 30 38 0.111613974 
244 413 108 100 0.069754876 
547 137 92 105 0.047056474 
539 155 23 34 0.038281716 
210 315 62 50 0.03709343 
243 368 73 72 0.03510925 
846 437 42 59 0.03348642 
563 134 58 57 0.033113427 
938 673 17 18 0.032156345 
265 383 71 80 0.030825868 
177 260 120 112 0.030524835 
591 176 54 56 0.030020922 
510 68 28 36 0.028083311 
683 638 38 47 0.028045412 
437 66 50 67 0.026436979 
318 0 31 31 0.02631569 
981 23 25 30 0.025801698 
130 245 34 38 0.0243983 
210 199 26 32 0.023931764 
422 116 188 251 0.022638118 
539 318 100 118 0.021167802 
203 204 59 65 0.021103026 
843 -2 35 27 0.020934567 
765 505 53 65 0.020672278 
216 333 36 33 0.020662408 
184 198 95 109 0.020622684 
577 159 37 37 0.020157276 
