39_Ice_Skating_iceskiing_39_901
145
664 415 27 36 0.99929774 
303 145 33 52 0.932863 
916 300 29 31 0.4559617 
570 250 15 22 0.4398765 
628 412 25 28 0.4238243 
662 331 13 17 0.39852455 
707 331 13 16 0.36343387 
495 501 67 54 0.29406798 
451 198 16 20 0.24718203 
549 365 16 23 0.23128663 
720 359 12 15 0.18493637 
704 315 10 12 0.17670104 
964 312 14 19 0.16448262 
935 165 27 34 0.14184293 
875 320 23 27 0.13724728 
617 399 12 15 0.1259102 
692 326 11 13 0.11306314 
912 161 33 40 0.11158149 
801 267 16 19 0.098306954 
636 383 16 21 0.093159355 
636 393 15 19 0.07778377 
281 149 58 73 0.07327655 
610 353 22 27 0.0722544 
602 349 21 29 0.0718586 
623 423 29 34 0.0704967 
619 405 25 27 0.07018811 
666 361 18 20 0.069576435 
972 393 13 16 0.06780878 
449 147 15 17 0.06385162 
701 350 11 15 0.06369728 
685 341 10 13 0.05936386 
913 289 25 31 0.05573705 
652 412 26 34 0.054815143 
696 352 11 14 0.05314662 
708 363 17 19 0.05276357 
613 398 21 25 0.052561518 
657 327 10 13 0.051976252 
937 205 18 22 0.051958848 
688 332 10 13 0.05132026 
866 292 14 17 0.051288407 
1012 335 10 14 0.049528286 
728 -6 120 124 0.047744893 
969 313 16 20 0.047719575 
461 143 21 26 0.047327567 
705 337 12 16 0.0467916 
559 252 22 27 0.046686675 
626 393 22 27 0.04315902 
870 306 14 17 0.04309548 
713 360 21 24 0.042549744 
598 352 15 22 0.04249281 
657 320 8 11 0.04200749 
657 337 12 16 0.041668568 
670 351 12 14 0.041064285 
616 333 9 12 0.04100856 
679 340 11 13 0.0400845 
971 318 21 28 0.040011995 
668 335 13 16 0.039471284 
622 425 17 21 0.03741631 
641 378 15 20 0.03724338 
676 334 11 13 0.036670987 
927 299 19 21 0.036312785 
917 307 17 20 0.03600129 
668 328 12 15 0.03421283 
414 261 11 14 0.03395514 
587 363 15 19 0.033859365 
661 348 11 14 0.0331442 
382 251 12 13 0.03284527 
686 347 10 14 0.032304984 
644 371 13 18 0.031793684 
640 419 17 24 0.03171809 
603 423 42 49 0.03158214 
626 370 26 32 0.031530343 
980 406 17 20 0.031290382 
409 134 11 13 0.031201622 
461 286 15 17 0.03108637 
443 427 15 19 0.030708026 
451 376 15 19 0.030652529 
639 331 13 14 0.029838964 
509 371 13 17 0.02950541 
607 343 10 14 0.02943712 
768 267 45 66 0.029007385 
1012 357 12 19 0.028836094 
868 299 23 27 0.028820064 
765 337 23 29 0.028116748 
873 305 26 28 0.027945021 
403 307 15 17 0.027707381 
998 177 16 23 0.027464103 
882 316 17 20 0.0273999 
497 318 9 12 0.02721371 
775 332 10 13 0.027159896 
703 327 11 16 0.026828254 
782 248 25 33 0.02674168 
740 40 323 405 0.026656555 
683 364 12 15 0.02652537 
459 344 14 19 0.026416935 
389 279 25 29 0.026321076 
713 331 12 14 0.026320966 
743 319 11 14 0.02619088 
441 420 14 15 0.026065998 
510 301 14 17 0.026023965 
663 357 13 15 0.025950437 
763 412 13 17 0.025860483 
695 320 9 11 0.025794856 
629 332 11 13 0.024907677 
766 342 12 15 0.024573488 
580 333 9 13 0.024275662 
559 244 16 21 0.02420089 
397 147 11 13 0.024066536 
601 392 21 29 0.023974909 
674 357 13 16 0.023927579 
846 173 26 30 0.023901664 
406 341 10 12 0.023746941 
609 342 41 49 0.02351734 
632 380 15 18 0.023489375 
677 347 12 14 0.023459777 
778 307 47 65 0.023399826 
661 320 9 12 0.023228893 
707 312 10 12 0.023142908 
978 325 24 30 0.023102535 
940 315 12 16 0.022926526 
994 354 14 18 0.0226727 
782 360 15 22 0.022614881 
632 434 25 30 0.022467304 
594 283 16 19 0.022267979 
843 373 13 16 0.021851262 
863 288 13 15 0.021670343 
405 283 12 16 0.021627417 
522 493 55 55 0.021501957 
701 339 22 25 0.021470295 
738 372 24 26 0.021467661 
957 371 15 18 0.021400834 
512 316 12 14 0.021274658 
659 365 19 22 0.02114972 
782 333 29 41 0.02102081 
656 347 11 15 0.020932555 
413 275 10 14 0.020854741 
691 340 13 15 0.02073343 
635 402 24 31 0.020604385 
1006 356 13 18 0.02040822 
296 116 53 76 0.020389667 
652 368 15 19 0.020359231 
931 291 16 19 0.020355161 
947 249 17 19 0.020293737 
464 302 12 14 0.020114983 
456 285 11 15 0.02005602 
