39_Ice_Skating_Ice_Skating_39_417
25
319 245 64 80 0.9977748 
251 247 54 74 0.9977258 
503 282 69 88 0.99764806 
615 201 73 99 0.99552417 
478 165 14 20 0.99382305 
866 178 14 17 0.90483 
370 166 16 19 0.84400535 
244 191 27 31 0.38735178 
980 165 10 12 0.2525413 
197 282 30 52 0.076216094 
424 207 9 11 0.069711514 
245 185 18 21 0.06715686 
976 169 13 19 0.0580662 
257 185 17 22 0.05691525 
257 708 28 35 0.055985127 
243 183 44 50 0.03416749 
390 218 27 45 0.033014134 
301 338 375 428 0.030029293 
989 168 10 13 0.029731205 
355 176 14 18 0.027136477 
981 175 16 19 0.022669626 
475 199 31 40 0.021837762 
483 191 27 34 0.021457942 
205 270 44 61 0.021239568 
312 180 12 15 0.020377679 
