39_Ice_Skating_Ice_Skating_39_252
93
717 181 30 35 0.9973912 
185 183 42 47 0.9894029 
514 176 23 28 0.9820774 
819 163 26 29 0.9785517 
474 184 23 28 0.9747848 
375 180 23 30 0.95893633 
322 176 23 29 0.94838053 
625 193 20 24 0.9468208 
413 168 21 26 0.85954785 
333 175 21 29 0.23937266 
898 136 17 22 0.19856659 
309 158 16 21 0.17834271 
523 181 24 30 0.1528547 
267 175 14 20 0.14965233 
301 213 22 28 0.13832648 
301 183 23 29 0.13713287 
546 163 16 19 0.11297036 
401 159 23 28 0.10890902 
394 158 17 22 0.10489398 
265 192 21 28 0.10461771 
346 178 15 23 0.10287281 
540 191 17 23 0.10147309 
584 346 11 13 0.0949845 
536 141 13 15 0.09151003 
267 186 16 22 0.0883392 
794 200 25 29 0.08733421 
423 170 16 23 0.08623173 
894 143 16 21 0.074135974 
519 150 10 13 0.07285629 
826 205 23 30 0.071122006 
295 162 14 19 0.067395866 
366 142 13 16 0.06365985 
304 164 21 27 0.061799664 
276 201 16 20 0.054514643 
315 169 21 29 0.052657235 
388 149 16 19 0.051526304 
437 170 14 20 0.050572436 
306 178 15 21 0.047462203 
853 174 12 17 0.04679497 
391 331 24 28 0.046636257 
593 301 11 14 0.04404074 
404 119 15 19 0.04106699 
533 135 21 25 0.040923573 
390 146 25 30 0.036950074 
444 166 14 18 0.034519553 
633 115 12 15 0.034423016 
546 140 11 14 0.033831906 
294 165 22 27 0.03290632 
301 196 17 21 0.032848194 
682 230 17 22 0.031396143 
609 183 16 21 0.031355545 
394 118 21 28 0.031298757 
322 229 22 26 0.030899975 
662 269 21 31 0.03005466 
386 179 20 28 0.029646603 
370 145 15 19 0.02925013 
615 187 23 29 0.028310742 
334 260 12 17 0.027739251 
477 159 12 14 0.027054125 
125 220 11 15 0.027032044 
592 294 11 14 0.026834875 
934 195 15 19 0.026794897 
586 127 9 10 0.026618237 
382 147 13 18 0.026477005 
329 263 27 38 0.025870394 
471 161 15 18 0.025833325 
526 345 9 10 0.02566713 
759 86 12 14 0.0254936 
300 446 16 19 0.02482771 
721 515 27 31 0.02473976 
400 113 9 12 0.024576155 
476 172 16 18 0.024275148 
300 157 18 20 0.024239376 
312 218 22 28 0.024063988 
692 227 17 23 0.024038233 
694 100 11 15 0.023756638 
388 134 23 27 0.023448624 
544 158 13 16 0.023258103 
365 152 18 20 0.022895088 
280 207 15 19 0.022675829 
962 75 21 28 0.022657333 
502 149 12 13 0.02263305 
647 179 14 17 0.022325382 
131 216 16 19 0.022243915 
807 165 26 31 0.022173256 
579 217 17 23 0.02195931 
550 150 11 15 0.021559265 
398 116 13 17 0.020769643 
904 133 15 20 0.020527951 
342 171 15 23 0.020476548 
2 250 9 16 0.02046714 
404 172 26 33 0.020208925 
273 177 15 20 0.020024396 
