39_Ice_Skating_iceskiing_39_81
18
495 141 29 37 0.976549 
31 125 53 65 0.9250793 
475 247 39 40 0.28632653 
374 202 9 13 0.08573503 
103 177 48 56 0.06668807 
559 259 11 17 0.058944076 
347 449 75 60 0.057157185 
455 225 62 59 0.056318954 
385 227 106 106 0.0559925 
333 57 377 473 0.055825114 
382 203 11 12 0.051481552 
458 263 43 42 0.051390864 
29 106 46 50 0.048324093 
281 430 139 109 0.040227648 
387 202 12 14 0.029606199 
423 248 80 60 0.022801477 
343 343 11 12 0.021807889 
357 231 13 18 0.020653652 
