39_Ice_Skating_Ice_Skating_39_103
18
414 187 32 42 0.99867886 
443 171 21 25 0.97664547 
717 240 27 39 0.96841127 
228 213 15 19 0.92753553 
181 185 16 21 0.91723084 
533 182 13 20 0.91716546 
334 169 17 19 0.9014758 
248 227 10 13 0.07187286 
559 558 37 39 0.040680896 
327 233 13 17 0.032221988 
567 256 13 14 0.02805278 
816 233 12 15 0.027839104 
696 244 29 34 0.02681057 
482 234 11 15 0.024209762 
617 379 366 436 0.024046859 
574 554 37 35 0.02285966 
548 189 10 14 0.022060331 
146 226 13 16 0.02005775 
