39_Ice_Skating_Ice_Skating_39_658
116
113 416 8 10 0.2848713 
52 418 11 14 0.12510657 
960 364 12 15 0.106369846 
473 74 26 29 0.09577079 
2 389 8 12 0.08756841 
888 408 9 10 0.079882465 
968 424 10 13 0.073289506 
183 415 8 11 0.072993234 
689 396 9 11 0.0727935 
201 408 9 11 0.0674943 
645 415 9 12 0.06716554 
150 397 8 11 0.066869244 
609 375 10 12 0.06653135 
86 414 8 11 0.06134829 
780 398 9 11 0.060333963 
443 68 15 19 0.056048404 
917 387 12 14 0.05513798 
448 407 9 10 0.05509312 
988 414 13 16 0.05484789 
4 413 9 12 0.051870774 
82 415 8 11 0.04967784 
1015 406 8 12 0.049117044 
593 392 9 11 0.04815586 
878 399 10 12 0.047071993 
974 426 10 14 0.04682109 
598 392 8 10 0.045447998 
913 373 10 13 0.045267835 
792 420 11 12 0.04256718 
943 399 8 10 0.04251391 
740 406 11 14 0.04231002 
113 430 9 11 0.042248312 
185 406 8 10 0.04206484 
146 399 9 11 0.0389586 
655 414 9 12 0.03812888 
893 404 10 13 0.03798566 
973 411 9 13 0.03732694 
0 458 22 39 0.03649623 
982 420 13 16 0.03521212 
175 428 9 11 0.034829486 
176 422 9 11 0.034494173 
432 406 8 11 0.03359506 
168 415 7 10 0.03310893 
176 415 8 11 0.032752573 
990 407 10 12 0.03243606 
49 400 8 11 0.032233994 
47 428 9 11 0.032149285 
98 447 7 10 0.032067295 
52 404 10 12 0.031915322 
692 395 10 13 0.03122958 
439 407 8 11 0.03122136 
808 415 10 11 0.030993713 
695 415 12 15 0.030970234 
901 383 9 13 0.03071226 
223 429 9 11 0.03027912 
981 426 10 14 0.029923381 
145 406 9 11 0.029726876 
982 406 10 12 0.02956853 
204 411 10 12 0.029458206 
448 398 8 10 0.0289247 
780 414 10 14 0.02871584 
187 179 451 565 0.028405616 
459 44 12 15 0.028331831 
736 412 10 14 0.028262695 
115 419 10 12 0.027739666 
867 412 11 14 0.027472256 
464 53 40 50 0.027344942 
970 407 9 12 0.026604082 
680 398 9 11 0.02635985 
913 380 11 14 0.02599583 
189 413 9 11 0.025985848 
17 391 8 11 0.025969137 
992 396 10 12 0.0259111 
619 39 10 12 0.02569624 
102 421 9 11 0.025445696 
775 418 11 13 0.025276788 
447 383 8 11 0.025171282 
567 373 9 12 0.025104232 
895 387 11 14 0.024856888 
894 397 11 14 0.024502505 
87 408 8 11 0.024098301 
456 399 8 10 0.023930717 
417 -24 340 430 0.023754692 
870 406 11 13 0.023733139 
40 430 8 10 0.023682967 
645 397 10 13 0.023549672 
97 454 8 10 0.023269502 
80 420 10 12 0.022725347 
914 332 12 15 0.022698443 
0 395 9 13 0.022236232 
186 439 8 11 0.022144238 
671 399 8 10 0.022058295 
199 422 9 11 0.021933334 
190 407 9 11 0.021904862 
190 400 8 10 0.02189512 
103 416 8 10 0.021882216 
118 444 11 14 0.021738654 
993 388 10 14 0.02168745 
886 398 10 14 0.0216233 
387 45 13 17 0.021482069 
613 380 8 11 0.02144644 
615 368 7 11 0.021195216 
448 389 8 11 0.02113873 
750 413 9 13 0.021106327 
743 400 11 13 0.02094761 
544 396 9 13 0.02089871 
606 405 9 10 0.020893442 
448 367 8 11 0.020864364 
678 406 10 11 0.020825248 
142 356 12 14 0.020555522 
535 157 131 141 0.02045834 
103 430 8 11 0.020367008 
191 439 8 11 0.02013017 
754 451 14 17 0.020115174 
797 415 11 14 0.020056482 
982 388 11 14 0.02001908 
892 347 13 18 0.020018272 
