39_Ice_Skating_Ice_Skating_39_389
157
606 360 8 11 0.61002105 
544 361 8 9 0.5249322 
571 361 7 9 0.4915975 
544 364 9 13 0.4829463 
409 376 8 10 0.46499157 
570 365 9 11 0.4522751 
672 365 7 9 0.43367434 
47 365 13 17 0.3950987 
460 369 9 11 0.33409324 
768 373 10 13 0.2792639 
377 391 9 12 0.25288913 
461 381 11 14 0.24889593 
236 392 9 12 0.24333587 
324 397 11 13 0.23525502 
369 382 7 10 0.22704327 
638 364 8 10 0.21843442 
460 371 12 16 0.18597186 
509 361 8 10 0.17913765 
830 375 9 11 0.17700721 
506 359 8 10 0.1740622 
590 377 9 11 0.1545601 
273 389 8 10 0.13968259 
569 371 8 11 0.11584227 
545 370 10 13 0.11569604 
326 381 8 10 0.11179314 
422 391 9 12 0.11120892 
447 389 9 10 0.10801402 
741 367 8 10 0.1076143 
623 375 9 12 0.10485861 
503 373 9 11 0.10242961 
824 373 10 13 0.100718 
792 382 9 11 0.09709321 
402 393 8 11 0.09519472 
409 146 118 144 0.08240503 
505 364 9 11 0.081387356 
634 365 8 10 0.08040615 
238 408 10 11 0.079647474 
769 369 7 10 0.07407813 
405 395 13 17 0.073739834 
495 393 12 14 0.07279898 
457 380 9 13 0.06971766 
823 367 8 12 0.06936692 
630 375 8 11 0.06876072 
727 379 9 12 0.06780528 
378 395 11 13 0.06742822 
617 376 9 11 0.06647369 
561 384 8 9 0.0650616 
602 363 8 12 0.06182242 
374 383 9 11 0.060949057 
633 392 8 12 0.05793029 
670 398 9 11 0.05769988 
818 374 8 11 0.056683473 
799 368 7 9 0.05647636 
669 392 9 12 0.055901077 
794 375 8 11 0.055405654 
276 398 10 12 0.055048328 
673 373 9 13 0.054052096 
737 336 7 9 0.052162588 
585 380 9 12 0.051845644 
567 392 9 11 0.051538806 
476 327 11 13 0.0484822 
498 388 14 16 0.047371488 
412 395 13 17 0.047226172 
415 392 11 12 0.046955347 
363 396 11 14 0.046234567 
375 403 10 12 0.0457652 
798 380 8 11 0.044816416 
737 391 10 13 0.044114508 
663 375 9 11 0.044000033 
751 376 7 9 0.04311645 
647 375 7 9 0.04297575 
501 382 12 14 0.04118967 
561 390 8 10 0.040004514 
477 363 9 12 0.0398057 
576 382 8 11 0.039622996 
672 416 11 13 0.039523117 
785 384 9 11 0.03895323 
790 389 9 12 0.038660523 
798 375 8 11 0.038576275 
326 377 7 10 0.038235232 
157 355 18 18 0.035021406 
537 391 8 11 0.03478126 
735 373 9 11 0.034085374 
599 382 8 11 0.034040652 
320 392 10 12 0.033932075 
474 359 9 12 0.033913594 
678 375 9 12 0.03341297 
792 398 8 10 0.033062734 
742 335 7 9 0.03271883 
360 393 9 11 0.032292362 
496 375 9 11 0.03225565 
646 367 8 10 0.03159635 
455 398 9 12 0.03153731 
541 390 9 11 0.030740747 
670 403 10 12 0.030662743 
743 373 8 11 0.03057745 
495 383 11 13 0.030171191 
784 389 10 12 0.029785745 
447 395 11 14 0.029148858 
766 405 9 11 0.028932964 
640 373 9 11 0.028149033 
472 364 10 12 0.027582249 
672 379 9 11 0.027459811 
461 398 9 12 0.027276436 
637 391 9 11 0.027192622 
775 391 8 11 0.02706421 
233 382 9 11 0.026913594 
761 390 7 10 0.026607897 
543 381 9 11 0.026593577 
676 366 8 10 0.026582235 
881 66 26 29 0.026450822 
413 381 9 11 0.02639148 
824 391 8 10 0.02638465 
767 389 9 11 0.026181683 
744 381 8 11 0.026149375 
607 374 8 12 0.02595563 
733 380 10 11 0.025810126 
536 382 8 10 0.025776383 
541 397 8 10 0.02555389 
612 130 401 488 0.02522156 
238 382 9 12 0.02506719 
766 400 8 9 0.025050407 
798 351 8 10 0.024749257 
766 368 17 23 0.024380984 
366 390 9 11 0.024127329 
758 337 8 9 0.024090199 
794 368 7 10 0.023968004 
599 399 8 10 0.023942871 
541 361 18 22 0.023879318 
606 381 8 11 0.023570804 
760 383 8 10 0.023056515 
428 390 8 11 0.022992726 
566 382 9 11 0.022992237 
639 404 9 12 0.022815667 
479 322 9 11 0.022783274 
792 336 8 10 0.022759356 
772 379 8 11 0.022696275 
488 375 8 10 0.02259083 
573 389 8 12 0.022342948 
733 414 10 14 0.02196496 
453 387 10 13 0.021871451 
638 398 9 11 0.021782724 
325 327 123 126 0.021764623 
819 368 8 10 0.021736981 
814 336 9 10 0.021142848 
752 351 8 10 0.02113106 
647 380 8 11 0.021111723 
823 361 7 9 0.021091487 
528 391 8 11 0.021021083 
806 376 8 9 0.020953726 
762 397 8 10 0.020933336 
551 390 8 10 0.020623516 
561 375 8 10 0.020470403 
-12 271 403 417 0.020234257 
536 374 8 10 0.020133208 
737 361 8 9 0.020127926 
374 385 18 24 0.020040974 
