39_Ice_Skating_iceskiing_39_595
24
567 239 87 87 0.9794226 
579 394 88 103 0.47586697 
580 161 69 63 0.17935155 
827 131 47 38 0.16812575 
605 177 68 67 0.11577997 
-34 327 459 442 0.10545168 
572 183 85 82 0.08236863 
528 311 491 539 0.07779204 
-6 -4 484 454 0.064353816 
531 263 11 14 0.047574665 
297 427 39 38 0.041704763 
542 270 10 12 0.041296385 
167 289 396 455 0.038385674 
829 137 61 65 0.035372294 
550 254 62 68 0.031119838 
584 169 43 40 0.030758828 
591 217 75 75 0.028951474 
299 374 200 205 0.026271006 
526 283 32 44 0.024905933 
212 296 33 37 0.02316199 
641 178 50 68 0.022339683 
213 300 13 17 0.021514017 
650 138 466 448 0.020257426 
555 335 16 15 0.020240776 
