39_Ice_Skating_Ice_Skating_39_169
84
330 830 35 46 0.84715515 
239 783 20 25 0.6833644 
911 706 52 50 0.3639888 
659 1105 23 29 0.14851421 
401 876 9 12 0.14498387 
814 849 13 16 0.13391474 
938 905 13 17 0.12919885 
380 857 11 14 0.121908955 
550 839 9 10 0.107037134 
511 845 8 10 0.088318005 
904 695 42 47 0.08457914 
497 856 8 9 0.08114583 
356 663 20 28 0.07654131 
625 853 8 11 0.07468182 
220 814 11 15 0.06962987 
578 580 412 466 0.0579753 
520 856 8 10 0.057937875 
533 840 11 12 0.054189146 
874 900 12 15 0.054144334 
387 648 16 23 0.04735834 
274 641 27 32 0.047110762 
501 855 8 10 0.04681294 
520 847 7 10 0.045860223 
217 820 11 14 0.04233999 
518 912 9 10 0.04210361 
349 671 17 22 0.041883882 
520 861 9 11 0.041614097 
666 1118 30 31 0.041581962 
388 621 12 15 0.041490745 
536 877 8 10 0.040843938 
573 837 10 12 0.040754084 
541 871 8 10 0.04035094 
654 1103 16 25 0.039909273 
406 851 9 12 0.03912132 
525 625 14 19 0.03872236 
494 840 8 10 0.038287774 
293 1227 58 81 0.03802981 
552 856 8 8 0.036673456 
734 707 13 17 0.033980552 
382 654 20 28 0.033500094 
544 839 9 11 0.0321161 
789 797 11 14 0.032091092 
926 722 41 47 0.03208316 
388 696 14 20 0.031283494 
512 872 7 10 0.031046225 
270 848 16 18 0.030823044 
505 846 8 10 0.03072699 
513 856 7 10 0.02963321 
200 848 9 13 0.029611569 
459 663 16 19 0.029424598 
363 656 23 29 0.029115766 
514 860 7 10 0.029093733 
625 849 7 10 0.02888139 
526 855 7 9 0.027752807 
405 872 9 12 0.027695484 
658 910 8 11 0.026304377 
518 839 10 12 0.025731444 
314 671 16 22 0.025164286 
776 892 9 11 0.024662538 
374 853 20 24 0.024308713 
422 856 8 10 0.024265178 
528 845 8 11 0.024106016 
684 1087 27 33 0.023813525 
632 840 7 9 0.023675738 
329 653 26 32 0.02347933 
526 904 8 11 0.023398092 
455 879 10 12 0.02328544 
43 740 14 17 0.02280429 
839 844 13 16 0.022629015 
315 661 26 34 0.022377484 
472 844 11 14 0.022348465 
547 -3 410 490 0.022333354 
263 842 30 35 0.02197157 
719 706 37 44 0.021844668 
505 841 8 9 0.021833412 
528 839 10 12 0.021673337 
541 864 8 10 0.021200938 
661 1146 51 63 0.021120409 
559 847 7 10 0.020527309 
336 851 20 27 0.020494368 
662 839 8 11 0.020480445 
441 855 7 9 0.020383906 
551 845 9 10 0.020310082 
821 896 10 13 0.020079546 
