39_Ice_Skating_iceskiing_39_819
29
287 267 75 98 0.9948443 
696 682 50 58 0.3523823 
416 257 28 31 0.13037893 
642 205 203 267 0.08438039 
718 281 47 68 0.083996356 
446 237 13 17 0.076374575 
505 289 23 36 0.06712523 
412 496 52 59 0.064954236 
264 231 363 445 0.045989655 
678 272 98 120 0.044989612 
717 680 34 42 0.04247771 
413 263 56 55 0.041203346 
362 384 202 259 0.036681496 
746 237 89 147 0.03617998 
831 839 85 108 0.035366192 
445 33 409 467 0.03461385 
440 235 24 26 0.030099085 
515 287 15 25 0.029715708 
720 274 35 43 0.02769976 
884 882 36 45 0.027420007 
407 483 129 144 0.026623905 
712 838 144 152 0.025220875 
805 884 34 37 0.025110042 
425 244 29 33 0.02435773 
422 243 59 57 0.021527182 
424 327 33 35 0.021199292 
779 159 27 37 0.021047758 
927 737 41 43 0.02033677 
716 746 96 112 0.020304928 
