39_Ice_Skating_Ice_Skating_39_463
335
836 739 11 15 0.59474623 
900 734 12 16 0.45687693 
800 751 8 11 0.4191558 
781 662 13 17 0.41497433 
957 726 9 12 0.4148939 
700 706 9 12 0.31678355 
912 759 9 13 0.24826913 
585 712 8 9 0.24592344 
750 685 13 16 0.2359145 
474 695 8 9 0.20955805 
750 675 12 15 0.20649642 
648 671 9 11 0.19826248 
414 641 8 10 0.19509967 
335 684 8 10 0.18714105 
817 770 14 16 0.18232442 
788 665 10 14 0.17382343 
624 678 8 10 0.1674585 
514 703 7 9 0.16642883 
963 773 11 14 0.16611843 
856 675 9 12 0.1624061 
554 702 7 9 0.14031091 
496 704 8 9 0.13746953 
429 694 8 11 0.12993442 
639 704 8 10 0.12571128 
495 709 8 10 0.123568036 
377 616 7 10 0.108998805 
610 704 8 10 0.10865658 
429 679 7 9 0.10462878 
558 702 6 9 0.10323244 
834 735 10 14 0.102370635 
402 662 7 10 0.1021015 
538 711 8 9 0.10141386 
471 688 7 9 0.0989307 
843 758 17 21 0.09889201 
874 718 22 28 0.09495791 
888 688 10 12 0.08975915 
399 615 8 10 0.08791546 
335 705 9 11 0.086300835 
951 729 12 15 0.08599015 
424 696 9 10 0.08516619 
474 702 8 10 0.08450149 
478 696 7 9 0.08442414 
471 709 9 10 0.08441378 
637 688 8 10 0.08293338 
368 663 7 9 0.08135502 
673 662 10 12 0.080600575 
633 687 8 10 0.07865869 
411 640 7 9 0.076528944 
679 668 8 11 0.075274654 
887 671 8 11 0.07083622 
321 648 8 9 0.070835315 
829 539 11 13 0.06905909 
614 704 7 10 0.06870053 
696 333 10 11 0.06829764 
419 701 7 9 0.06821264 
649 686 8 10 0.06670348 
665 679 8 9 0.06655014 
713 664 8 10 0.06572397 
894 590 7 9 0.063312724 
714 668 9 11 0.06287711 
630 680 7 9 0.0628563 
673 656 7 8 0.062581405 
850 671 9 11 0.062459834 
410 646 7 8 0.061355103 
632 693 8 10 0.061067007 
422 701 8 10 0.060417194 
789 768 10 14 0.060123928 
311 631 7 9 0.05960165 
505 655 8 11 0.059376907 
410 687 7 9 0.05820249 
656 639 6 9 0.057853196 
226 620 9 12 0.057695564 
722 719 8 11 0.056343075 
795 751 9 12 0.05625648 
648 640 7 10 0.05520506 
375 661 7 9 0.05490248 
744 671 9 12 0.0546882 
745 655 7 10 0.05425845 
538 703 6 8 0.053797923 
579 677 7 9 0.053786743 
535 728 7 9 0.05367385 
517 703 7 9 0.05313066 
327 647 7 9 0.052943077 
534 606 7 9 0.052836042 
830 760 12 17 0.052835207 
583 677 8 10 0.05232378 
513 697 7 9 0.052091643 
429 688 8 10 0.051535413 
664 687 9 11 0.051489215 
359 626 7 9 0.050799455 
898 724 15 19 0.05057275 
384 663 7 9 0.050529953 
232 519 358 418 0.0497066 
746 676 9 12 0.048679464 
354 630 6 9 0.048437197 
497 696 7 9 0.048168343 
478 702 7 9 0.047627483 
402 703 7 8 0.047615714 
591 671 6 8 0.047612425 
426 663 6 8 0.046983384 
914 754 13 17 0.0464697 
401 656 7 9 0.046384685 
406 703 6 9 0.04607473 
858 591 8 11 0.04571464 
488 732 8 10 0.045050964 
592 679 7 10 0.04440962 
464 632 7 9 0.04410635 
536 758 8 10 0.04389523 
624 695 8 10 0.043818627 
837 757 14 19 0.043256983 
745 662 7 10 0.04254144 
686 670 8 11 0.04219278 
610 672 7 9 0.04151429 
921 693 9 10 0.041283254 
654 687 8 10 0.04052759 
303 632 7 9 0.040344056 
585 656 8 9 0.040258467 
536 696 7 9 0.039950166 
960 562 10 13 0.039804973 
688 694 8 10 0.039581448 
382 640 8 10 0.039412916 
615 664 7 9 0.039392874 
220 523 24 31 0.039129585 
633 703 7 9 0.03886566 
450 654 7 9 0.038744453 
465 703 6 8 0.03841515 
815 760 19 23 0.038314596 
852 730 13 16 0.038051713 
447 648 8 9 0.03746283 
681 711 8 10 0.037409168 
850 662 8 11 0.03714752 
478 612 213 232 0.036920782 
599 679 7 10 0.036838174 
669 687 8 11 0.03676132 
648 743 8 11 0.036609605 
608 695 6 9 0.036348913 
391 656 7 9 0.0362015 
439 633 6 8 0.03614761 
665 692 9 11 0.036034267 
666 703 6 9 0.035728928 
945 733 10 14 0.035487 
350 680 8 10 0.035464894 
780 672 12 16 0.035341047 
458 639 6 8 0.03520669 
330 709 9 11 0.03505599 
943 740 10 15 0.034852374 
678 655 8 10 0.034576297 
480 407 9 11 0.033904973 
849 725 10 13 0.0335861 
417 696 7 10 0.033267535 
298 632 7 9 0.03326189 
334 640 7 8 0.033244666 
430 673 8 9 0.033136718 
36 341 193 296 0.03302509 
700 342 11 14 0.03287323 
351 640 7 9 0.032818154 
296 647 7 9 0.03256064 
849 719 9 11 0.03247741 
794 755 9 13 0.032474265 
542 715 8 10 0.032417063 
618 678 7 9 0.03225919 
384 670 8 10 0.032161295 
626 654 8 10 0.032134727 
860 678 8 10 0.032118395 
775 656 10 12 0.032107595 
880 674 11 13 0.031930663 
509 655 8 10 0.03183249 
608 688 6 8 0.031785533 
382 646 8 10 0.031755902 
817 696 8 10 0.031599402 
684 334 11 13 0.0315491 
590 655 7 9 0.03150298 
377 640 8 9 0.0314524 
625 647 8 10 0.03142473 
302 648 7 9 0.031334344 
517 567 9 10 0.031211127 
625 685 8 9 0.031210387 
537 753 8 10 0.03116208 
457 663 7 9 0.030972939 
817 701 10 13 0.030649891 
298 615 7 10 0.030446975 
406 655 8 9 0.030302908 
408 695 7 10 0.030150682 
534 734 7 10 0.03005906 
617 647 7 10 0.030015128 
615 670 8 10 0.029983182 
343 632 8 9 0.029836204 
400 648 7 9 0.029803412 
490 710 8 10 0.029730422 
531 607 6 9 0.02972735 
921 688 8 10 0.029681303 
434 633 6 9 0.029648853 
981 514 22 29 0.029591057 
535 664 7 9 0.029478809 
527 711 7 9 0.029442227 
377 646 7 9 0.029434217 
522 655 7 10 0.029409772 
832 746 11 15 0.029403446 
670 704 6 8 0.029376175 
524 281 13 17 0.029141763 
679 554 14 17 0.028875012 
393 616 8 10 0.028856471 
585 672 7 10 0.028834298 
273 648 8 10 0.02870701 
385 657 7 8 0.028590756 
995 510 24 35 0.028551418 
833 680 7 9 0.028473668 
401 669 8 10 0.028194342 
352 646 7 9 0.028075926 
782 658 10 13 0.027982803 
470 727 10 13 0.027890034 
955 748 14 18 0.02788772 
467 687 6 9 0.027656827 
586 662 8 9 0.027641047 
803 754 12 15 0.027618084 
744 684 11 16 0.027601108 
289 654 7 9 0.027436582 
672 648 7 10 0.027423607 
330 640 6 8 0.027391005 
530 736 7 9 0.027323505 
542 752 8 9 0.027198937 
278 648 7 9 0.027029574 
550 661 7 10 0.026873095 
641 646 7 9 0.026870351 
465 679 7 9 0.026749698 
838 687 10 11 0.02674006 
327 631 7 10 0.026541077 
849 655 8 11 0.026007243 
680 336 10 12 0.025948372 
587 527 17 21 0.02593028 
878 693 11 14 0.025883691 
489 678 7 9 0.025697114 
595 315 13 17 0.025640989 
376 670 7 10 0.025601389 
330 680 9 11 0.025543604 
687 655 8 10 0.025426373 
327 695 8 10 0.025410173 
602 695 8 9 0.025359781 
578 672 6 9 0.0252727 
590 663 7 9 0.025209628 
553 696 8 11 0.024958776 
641 671 9 10 0.024871586 
797 668 10 13 0.024853466 
798 663 9 12 0.024716156 
609 638 7 10 0.024577431 
632 736 8 10 0.024539078 
368 640 6 9 0.024445549 
910 685 9 12 0.024357285 
647 644 7 10 0.02434287 
177 828 24 33 0.02432355 
328 609 7 10 0.024282388 
623 673 7 9 0.02427696 
342 680 8 11 0.024252824 
513 707 8 10 0.02411929 
288 649 7 9 0.024009444 
813 778 14 18 0.023868239 
717 662 8 11 0.023701632 
382 620 7 10 0.023697115 
341 685 8 10 0.023695847 
512 688 7 9 0.023673363 
553 708 7 9 0.02357523 
893 670 8 11 0.023356078 
615 638 8 10 0.023301689 
703 652 9 11 0.023248335 
288 631 7 9 0.023213368 
358 712 9 10 0.023192614 
872 694 10 14 0.023122301 
529 695 7 9 0.023121923 
313 648 7 9 0.023073705 
519 709 7 9 0.022810308 
703 308 12 15 0.022808125 
686 710 8 11 0.022790037 
345 639 7 9 0.022731084 
467 710 7 10 0.022714399 
535 654 7 9 0.02270241 
590 507 15 16 0.022541568 
712 656 8 9 0.022540292 
726 655 8 11 0.02251964 
559 671 8 10 0.022507282 
890 589 8 10 0.022474775 
718 677 9 10 0.022466509 
631 662 8 10 0.022447478 
833 686 9 11 0.022430485 
719 655 8 10 0.022417985 
393 648 7 9 0.022415042 
527 647 7 9 0.02238883 
353 663 8 9 0.022372033 
426 671 7 10 0.022363305 
319 654 7 8 0.022306684 
390 671 7 9 0.022294592 
828 591 8 11 0.022256644 
331 685 9 11 0.022195479 
560 749 9 11 0.021911813 
720 646 8 10 0.021864353 
345 671 7 9 0.021857092 
501 703 8 9 0.021834463 
465 648 7 9 0.021830274 
843 739 12 15 0.021786507 
694 663 8 10 0.021720223 
854 663 8 11 0.021718808 
887 664 8 11 0.021712389 
785 772 10 14 0.021571746 
391 662 7 10 0.021571737 
632 672 8 9 0.02155148 
776 684 9 12 0.021527393 
314 655 7 8 0.021446405 
687 703 8 10 0.021436056 
503 695 7 9 0.021272797 
649 726 7 9 0.021152714 
441 703 7 9 0.021145562 
454 654 6 9 0.021131948 
737 672 8 10 0.021126956 
959 768 18 23 0.021124195 
905 737 13 17 0.021030845 
489 704 7 9 0.021018056 
629 646 8 10 0.020956999 
653 672 7 9 0.020929798 
361 663 7 10 0.020926945 
947 738 13 16 0.020918565 
433 -5 40 32 0.020917764 
342 696 8 9 0.020882862 
429 700 10 11 0.020831048 
859 670 10 13 0.020770527 
471 648 7 8 0.020736184 
409 633 6 8 0.020734131 
298 638 7 9 0.020656645 
518 573 9 10 0.02064986 
310 625 8 9 0.020387096 
582 640 8 9 0.020341462 
907 756 19 25 0.020296171 
466 696 7 10 0.020228287 
756 671 10 13 0.020196388 
824 534 19 25 0.020166386 
630 639 7 10 0.020127049 
615 695 7 10 0.020098701 
