31_Waiter_Waitress_Waiter_Waitress_31_351
64
301 161 140 192 0.99953926 
869 77 52 65 0.9965752 
147 146 35 43 0.9682085 
84 146 27 44 0.5182863 
134 146 29 42 0.22783093 
785 197 16 20 0.19422378 
538 164 368 468 0.12984343 
27 91 13 17 0.0988039 
529 137 17 23 0.0763687 
632 62 43 59 0.068362094 
195 124 29 33 0.06593048 
870 373 14 21 0.06089821 
621 77 9 11 0.059522923 
675 95 15 18 0.058994606 
23 183 23 36 0.053255443 
779 202 20 24 0.05036038 
740 362 12 13 0.049628455 
212 121 24 28 0.044785418 
485 170 12 15 0.044672668 
725 125 14 18 0.04460029 
21 247 22 41 0.043346547 
658 64 18 22 0.043052655 
91 140 38 53 0.040982746 
836 157 15 18 0.038728084 
734 180 11 12 0.038368676 
725 296 120 171 0.03618568 
538 176 13 17 0.036020376 
816 328 9 11 0.03538543 
183 104 47 58 0.033416495 
788 334 11 14 0.032606013 
200 146 25 30 0.032153904 
479 132 26 34 0.031303674 
753 377 19 20 0.031227946 
78 159 25 39 0.030072471 
583 211 14 17 0.029618263 
832 158 12 14 0.028464055 
532 139 23 28 0.028353825 
545 146 14 18 0.028327085 
686 237 204 276 0.02815724 
166 152 28 34 0.026298517 
728 198 9 11 0.026193222 
448 135 26 38 0.026125543 
197 157 14 18 0.025610236 
971 73 23 33 0.024938019 
654 101 11 14 0.024389558 
501 180 10 14 0.024011903 
804 158 15 18 0.023965564 
849 202 26 30 0.023750966 
608 175 10 13 0.023652785 
25 26 10 14 0.023300914 
51 24 15 17 0.023298988 
939 96 30 37 0.022762522 
24 195 28 39 0.02195492 
956 190 40 54 0.021946544 
574 71 10 12 0.021940645 
596 19 407 466 0.021527514 
693 94 11 15 0.021064488 
94 58 15 20 0.020780295 
784 197 26 34 0.02057825 
786 190 15 18 0.020573596 
509 169 14 18 0.020485168 
733 187 11 14 0.020164074 
85 162 35 48 0.020090649 
821 216 14 17 0.020041715 
