31_Waiter_Waitress_Waiter_Waitress_31_162
62
468 350 221 311 0.99953175 
19 715 15 21 0.6246226 
311 716 13 17 0.38053668 
386 483 28 30 0.22836222 
373 724 12 16 0.1956064 
724 440 27 38 0.16534959 
345 784 178 246 0.15646875 
278 725 11 16 0.13354945 
262 723 14 17 0.13341376 
214 722 12 16 0.12844567 
254 734 22 29 0.10582769 
34 711 20 27 0.076963276 
337 818 94 155 0.07514002 
71 699 13 16 0.06397504 
244 715 11 15 0.06358549 
284 725 10 14 0.06195953 
209 717 12 15 0.05593773 
900 193 102 123 0.05475087 
824 141 163 248 0.054606766 
349 877 58 83 0.052302353 
259 728 16 20 0.049568582 
378 846 23 34 0.043743346 
86 723 15 19 0.043680664 
242 711 10 15 0.043466877 
420 893 129 151 0.043357167 
376 721 17 21 0.042241666 
254 722 14 18 0.03955718 
326 739 14 19 0.039412566 
270 727 12 17 0.036404356 
672 724 341 376 0.03564472 
41 98 364 488 0.03553537 
10 700 42 49 0.034766074 
9 709 23 32 0.032544084 
265 742 14 21 0.03132261 
304 1039 222 301 0.030461961 
159 724 13 17 0.030255564 
330 744 16 20 0.028914161 
314 728 16 18 0.02869021 
361 842 48 83 0.028675161 
246 721 13 16 0.02714954 
287 868 56 73 0.02686256 
341 742 12 16 0.025717845 
263 725 21 28 0.025656868 
242 736 27 34 0.025524773 
365 714 22 28 0.02548734 
14 696 27 32 0.025387706 
49 712 17 20 0.024746224 
77 724 27 32 0.02419063 
180 750 12 14 0.024121167 
776 478 30 40 0.023999283 
321 743 21 27 0.023037994 
185 871 67 62 0.022010889 
204 764 13 18 0.021974504 
268 719 13 17 0.021856451 
258 692 91 109 0.021601971 
208 712 10 14 0.021446956 
63 697 14 18 0.020939523 
359 897 34 48 0.02088164 
1001 646 19 33 0.020829547 
7 720 14 20 0.020362265 
271 762 12 15 0.020349275 
757 449 52 69 0.020126106 
