31_Waiter_Waitress_Waiter_Waitress_31_327
76
451 350 105 164 0.99972254 
302 352 103 136 0.9995409 
744 649 23 38 0.706244 
962 580 16 21 0.38388568 
252 558 9 11 0.30815572 
182 638 38 54 0.30611852 
148 598 8 11 0.28423068 
300 565 10 13 0.25176653 
225 558 8 10 0.1921868 
310 589 11 17 0.19138299 
198 559 8 10 0.17902942 
170 560 8 10 0.13395673 
196 587 12 16 0.10330839 
243 612 18 21 0.08790563 
146 593 7 11 0.082544245 
966 576 11 13 0.082189105 
769 592 8 10 0.08052673 
344 340 100 137 0.0648152 
264 557 9 11 0.057030905 
242 558 7 9 0.05302701 
199 564 9 12 0.052146673 
744 598 11 14 0.050482113 
184 557 8 10 0.049306534 
193 558 9 10 0.048594717 
866 675 104 122 0.047754906 
164 616 75 102 0.0465503 
302 591 16 22 0.041983157 
220 637 26 37 0.041541025 
744 592 9 12 0.04007268 
215 558 9 10 0.036179245 
295 571 11 14 0.036087576 
227 610 13 16 0.034072597 
207 559 8 10 0.033875108 
698 702 14 16 0.03359846 
297 561 10 11 0.03355532 
296 560 18 24 0.03325134 
725 591 9 12 0.031935617 
183 552 8 10 0.031548377 
200 572 10 11 0.031163676 
808 674 127 141 0.030825583 
286 575 11 13 0.030627059 
197 619 53 64 0.029907238 
198 553 9 11 0.029212195 
254 553 9 12 0.029173743 
240 565 10 13 0.029003449 
302 581 13 17 0.028498031 
232 528 9 11 0.027635274 
248 562 10 13 0.026985966 
175 552 9 10 0.026679097 
190 595 14 16 0.026499728 
135 485 192 226 0.026459768 
309 563 12 16 0.02636594 
280 566 10 12 0.02607664 
152 528 8 10 0.025930341 
310 571 10 15 0.025451967 
976 549 10 12 0.025309961 
750 592 8 12 0.024924673 
159 528 8 10 0.024194565 
304 557 22 30 0.023522329 
248 554 10 12 0.023470404 
125 526 11 14 0.02307736 
221 605 15 17 0.023062054 
235 623 48 61 0.023013087 
134 528 9 10 0.022783466 
205 565 106 119 0.022540843 
275 587 13 20 0.022277573 
311 558 10 13 0.02223011 
238 616 16 20 0.021961564 
232 615 26 32 0.021489894 
306 578 21 28 0.021384114 
167 528 7 10 0.020428592 
317 555 26 36 0.02031615 
183 590 10 14 0.020274106 
3 640 26 35 0.020269992 
182 597 11 13 0.020054659 
292 579 12 16 0.020009158 
