31_Waiter_Waitress_Waiter_Waitress_31_420
183
463 179 29 44 0.99932647 
653 219 26 33 0.99774736 
582 217 28 32 0.9975781 
915 209 32 43 0.997133 
332 301 22 28 0.99311996 
690 236 26 34 0.98865545 
372 299 22 30 0.985642 
552 220 21 32 0.96895915 
40 219 21 28 0.9687102 
532 205 23 28 0.956973 
240 314 19 25 0.9511778 
489 218 24 29 0.9461486 
281 316 17 21 0.8651761 
195 290 17 21 0.83916944 
868 306 23 28 0.59067243 
696 208 23 28 0.5795842 
378 289 23 31 0.5525931 
408 234 17 22 0.5452736 
148 262 19 22 0.5067779 
130 307 16 19 0.42373383 
168 313 15 19 0.4200148 
387 285 21 28 0.3200434 
451 43 30 35 0.28529903 
389 272 15 17 0.22581603 
347 283 12 16 0.21782698 
868 275 12 15 0.2132619 
166 292 14 19 0.20445228 
695 218 27 35 0.1933825 
306 315 14 19 0.18656312 
248 300 14 16 0.14669481 
537 223 24 33 0.1464403 
189 293 17 21 0.14494938 
230 284 11 13 0.14040655 
411 221 24 32 0.1402605 
346 222 15 20 0.13942862 
122 298 17 20 0.13093106 
271 344 14 22 0.12116942 
518 282 32 36 0.11429259 
299 296 21 28 0.11373333 
93 220 23 29 0.11045818 
573 201 16 19 0.107736915 
300 288 15 18 0.107599206 
205 323 15 23 0.1063243 
117 291 14 19 0.09767488 
295 290 11 15 0.08605024 
840 159 8 11 0.08186786 
188 275 13 15 0.07682484 
491 213 18 21 0.07565571 
355 282 12 16 0.075206816 
844 283 12 14 0.07334367 
433 168 14 20 0.07109228 
234 282 12 14 0.069126755 
11 264 13 16 0.06873266 
816 246 10 12 0.06852149 
156 340 15 19 0.06808844 
225 285 10 14 0.067660764 
738 198 10 12 0.06367076 
253 296 11 14 0.06365569 
375 277 10 12 0.06343787 
235 294 11 14 0.061305948 
758 222 10 13 0.060664438 
260 281 11 15 0.06008763 
509 208 19 26 0.05508116 
184 298 13 17 0.054922342 
753 208 8 10 0.05490526 
816 239 10 11 0.05338336 
570 220 25 31 0.053180967 
98 276 21 31 0.053007893 
350 196 9 11 0.052797865 
207 276 11 14 0.04917825 
143 363 13 17 0.048846636 
219 323 12 17 0.048410848 
893 220 13 18 0.046314366 
502 214 20 27 0.044265863 
316 260 10 13 0.04425291 
86 274 12 17 0.043538008 
289 306 20 26 0.043308925 
997 294 15 21 0.043097977 
741 192 9 11 0.04309117 
162 354 22 25 0.042216573 
874 189 10 11 0.041760653 
874 207 9 11 0.041037273 
699 226 16 21 0.040764306 
140 330 13 16 0.040048238 
109 287 13 20 0.039119266 
203 285 14 19 0.03886266 
376 253 10 11 0.038809035 
141 271 17 21 0.038688924 
208 316 21 30 0.03683021 
433 40 43 55 0.036823675 
894 190 8 9 0.0363615 
164 329 15 19 0.036261976 
892 215 24 33 0.036211997 
473 306 26 37 0.036072087 
213 271 11 14 0.03593402 
776 224 9 12 0.035014186 
186 270 11 13 0.03453309 
275 350 15 20 0.034507617 
93 273 15 21 0.034488477 
781 229 9 10 0.034293454 
279 362 14 20 0.034106646 
158 313 16 20 0.033829957 
157 353 16 19 0.033472743 
513 144 18 22 0.0328378 
232 298 14 17 0.0325499 
421 307 17 23 0.032309845 
46 375 10 12 0.0317881 
212 292 10 15 0.03123436 
24 285 12 15 0.031157171 
148 278 15 19 0.03097143 
336 289 23 29 0.029755453 
430 160 11 15 0.029626653 
620 211 14 18 0.029531466 
828 116 11 14 0.029378077 
719 204 12 16 0.029172666 
349 272 9 11 0.028770013 
830 263 10 14 0.028685234 
122 372 12 15 0.028557707 
384 275 11 15 0.02806741 
137 311 15 19 0.027927905 
58 251 17 23 0.027865998 
313 313 14 19 0.027396137 
383 284 13 19 0.026983686 
749 224 14 18 0.026725166 
199 263 9 11 0.02640592 
152 275 21 26 0.025980525 
162 348 15 18 0.025941597 
241 111 10 13 0.025895452 
406 252 11 15 0.025875412 
881 312 21 26 0.025857529 
760 199 8 9 0.02552364 
776 239 11 13 0.025489653 
147 357 13 16 0.025435662 
741 205 9 11 0.024227273 
733 215 11 12 0.023976162 
11 284 11 14 0.023954162 
892 318 15 20 0.023949709 
238 355 14 19 0.02369754 
229 278 19 23 0.023688523 
376 191 8 11 0.023620674 
160 264 13 19 0.023513762 
333 284 14 16 0.023503229 
420 212 14 18 0.023441046 
799 246 9 11 0.023312608 
100 238 16 20 0.023307126 
405 261 12 15 0.023245485 
189 285 16 20 0.023155594 
836 274 21 26 0.023140647 
779 250 16 19 0.023057008 
532 235 19 24 0.022985667 
509 288 28 34 0.02285695 
834 158 9 12 0.022845216 
421 180 11 15 0.022741714 
160 289 14 18 0.02239977 
889 222 11 14 0.022375612 
427 51 25 32 0.022366863 
195 269 11 14 0.02199985 
757 214 10 12 0.021988926 
430 54 12 18 0.0219472 
23 277 11 14 0.02183916 
28 301 11 14 0.021725109 
715 232 17 24 0.02154949 
768 211 9 12 0.021428896 
423 194 13 18 0.021342054 
872 185 10 11 0.021301836 
328 263 10 12 0.021180743 
554 212 17 23 0.021137966 
425 297 18 23 0.021053035 
329 268 10 13 0.02092765 
128 263 9 13 0.020882636 
207 261 8 11 0.020725496 
600 220 18 25 0.020545237 
99 215 15 19 0.02053889 
696 205 14 18 0.020526446 
877 211 9 12 0.020521563 
302 29 92 113 0.020423515 
864 281 13 16 0.020392977 
21 268 13 15 0.020357827 
222 279 11 15 0.020282803 
89 226 12 18 0.020273497 
873 247 9 11 0.02026562 
150 299 10 13 0.02008794 
183 284 13 17 0.020068465 
