31_Waiter_Waitress_Waiter_Waitress_31_212
20
518 350 84 119 0.5225555 
527 272 58 67 0.4223103 
409 249 111 136 0.25829098 
571 135 48 80 0.15496199 
641 161 67 69 0.1479094 
455 253 104 112 0.087360375 
550 332 96 140 0.07344686 
604 144 82 102 0.068418846 
513 258 53 65 0.060490113 
710 231 44 59 0.05314201 
67 6 29 45 0.047732014 
516 70 313 412 0.044907402 
199 10 356 487 0.04418375 
693 221 46 58 0.043059625 
57 41 42 66 0.040441018 
653 189 62 75 0.030421633 
761 31 110 126 0.025620384 
622 159 101 117 0.02390765 
910 -13 123 136 0.022919983 
360 186 187 234 0.022099229 
