46_Jockey_Jockey_46_409
25
427 109 78 103 0.985069 
728 206 207 291 0.38733074 
192 367 94 136 0.38163823 
401 360 49 42 0.26899216 
600 245 352 485 0.20453656 
820 254 122 213 0.15535451 
752 210 136 113 0.06469211 
751 234 85 68 0.059320234 
853 237 88 128 0.05517257 
366 442 44 59 0.04437478 
637 323 151 235 0.04308311 
139 280 157 231 0.037304472 
343 495 86 121 0.034089323 
348 427 81 111 0.03363642 
308 532 49 63 0.03292089 
327 541 36 42 0.027905086 
370 508 52 74 0.027781837 
504 487 27 28 0.02661327 
882 214 60 99 0.026583308 
-15 170 354 502 0.024267035 
240 387 110 122 0.02303832 
47 227 216 325 0.022506757 
192 419 61 96 0.02120057 
432 639 10 13 0.020534607 
558 654 8 11 0.020093203 
