46_Jockey_Jockey_46_569
83
871 129 41 49 0.99433124 
275 155 43 54 0.99145436 
383 131 14 16 0.904618 
316 129 13 18 0.89598507 
411 136 13 17 0.87353224 
698 12 40 55 0.8694722 
189 132 12 16 0.8206809 
150 98 36 62 0.7647613 
444 124 30 36 0.69992334 
366 135 11 14 0.68878335 
226 138 13 17 0.6607411 
320 211 19 21 0.57999307 
460 123 28 31 0.2509177 
655 24 11 14 0.2089348 
532 27 10 14 0.15622568 
682 25 12 15 0.14996246 
781 37 8 10 0.13181607 
509 7 9 11 0.107686706 
525 72 38 46 0.105750166 
472 124 20 22 0.08618059 
846 183 10 14 0.08322885 
125 108 52 59 0.08130797 
809 43 9 12 0.076303 
360 136 12 17 0.07605549 
216 137 11 16 0.07536231 
399 178 15 19 0.073980585 
448 142 28 35 0.065596245 
519 10 11 15 0.057535283 
525 11 9 13 0.051244892 
460 5 9 11 0.050278284 
700 167 11 14 0.04886433 
523 139 51 61 0.047025383 
529 22 11 15 0.046447683 
777 52 10 13 0.044055562 
760 65 8 11 0.04373621 
778 34 8 11 0.04119926 
459 139 33 40 0.041103672 
654 21 19 26 0.040838223 
602 12 8 10 0.040687162 
162 106 42 61 0.03882849 
813 41 8 11 0.037815593 
372 132 12 17 0.0376828 
353 158 9 13 0.03545082 
780 46 11 15 0.034825485 
393 179 25 32 0.034594506 
214 132 22 27 0.033464044 
808 54 10 14 0.033291135 
786 208 24 28 0.033178374 
88 135 55 70 0.032323197 
398 140 12 16 0.031976916 
372 117 11 14 0.031767093 
765 68 9 12 0.031604286 
678 21 20 27 0.03083915 
702 138 14 18 0.030835886 
516 6 22 28 0.030803304 
711 135 29 33 0.030602485 
774 111 10 13 0.02947713 
393 216 9 12 0.028794691 
822 189 11 14 0.02832218 
717 146 33 40 0.027874062 
649 22 12 15 0.026880866 
389 148 12 15 0.026534287 
849 178 13 18 0.025585808 
844 174 21 29 0.025324753 
710 156 12 16 0.025205318 
246 211 16 18 0.025003372 
412 211 12 17 0.024631549 
524 22 20 25 0.024619764 
386 136 13 16 0.024521587 
671 59 15 20 0.024414832 
71 111 11 14 0.023331607 
515 75 26 40 0.023247123 
136 94 34 49 0.023019122 
708 144 17 20 0.022945017 
504 9 10 14 0.022756375 
605 10 9 11 0.022478873 
532 33 12 15 0.021142883 
512 155 45 57 0.021055529 
43 230 114 149 0.020794218 
409 142 12 17 0.020780176 
255 167 26 41 0.020656718 
819 181 23 30 0.020378059 
198 215 9 10 0.020112554 
