46_Jockey_Jockey_46_202
24
484 77 58 63 0.99242836 
887 118 22 32 0.121169075 
419 119 48 57 0.11189078 
377 143 402 466 0.09644984 
575 539 14 18 0.09523469 
703 463 30 36 0.082429595 
123 676 40 37 0.07557792 
789 168 53 66 0.06637449 
625 567 28 33 0.059095133 
815 157 120 166 0.057023045 
414 109 38 48 0.041947976 
508 73 47 49 0.03290284 
33 717 12 15 0.031794477 
558 212 29 34 0.026799658 
119 590 9 12 0.026281938 
786 146 110 129 0.02570208 
99 588 10 14 0.025228513 
92 682 27 34 0.024890855 
0 652 10 17 0.022519007 
122 352 209 266 0.02121888 
101 614 10 12 0.021075582 
721 471 19 23 0.02010318 
122 637 10 13 0.020078477 
572 213 29 34 0.020048467 
