46_Jockey_Jockey_46_779
73
539 120 52 65 0.99386555 
933 117 38 48 0.94519997 
657 293 38 57 0.5613211 
634 301 48 60 0.3530346 
989 119 27 34 0.3392479 
895 48 29 31 0.25642022 
625 313 35 45 0.25041533 
1003 198 22 35 0.17957675 
930 212 14 20 0.17456153 
116 329 19 22 0.14957719 
957 66 16 23 0.11326525 
483 439 9 12 0.11130995 
457 361 15 21 0.106623575 
493 288 16 19 0.10225245 
503 433 9 10 0.0870976 
526 432 9 10 0.080873385 
322 350 7 10 0.080615416 
922 11 14 19 0.08019928 
412 266 11 14 0.07127658 
995 117 17 23 0.06886642 
792 211 23 29 0.06868788 
496 356 12 14 0.06640129 
892 45 17 20 0.0636736 
501 437 8 10 0.06081707 
510 431 8 10 0.053304248 
490 297 15 19 0.052145865 
5 378 30 37 0.051268663 
497 282 18 21 0.05119204 
582 276 11 14 0.049535695 
980 131 31 37 0.04796864 
923 4 23 33 0.04712655 
626 331 48 52 0.04513492 
342 294 33 36 0.042757265 
949 124 31 43 0.04180993 
455 354 25 34 0.040609114 
1004 115 14 21 0.03730139 
497 438 9 12 0.036350947 
829 252 14 18 0.03435468 
930 206 25 32 0.033086423 
952 73 12 18 0.032708257 
366 333 44 51 0.032378793 
634 353 43 42 0.03180301 
513 440 8 10 0.031802457 
845 141 16 23 0.031770963 
888 43 13 19 0.03170858 
902 44 20 21 0.030802758 
886 49 47 55 0.030182049 
518 422 9 12 0.030125573 
981 101 42 57 0.029086918 
521 430 8 10 0.028859505 
500 406 11 15 0.028643422 
485 301 14 16 0.028395668 
977 25 24 35 0.026968516 
-56 182 428 516 0.026784318 
691 52 138 220 0.025967557 
628 322 17 24 0.02541027 
911 6 22 27 0.025079913 
682 105 15 21 0.024895288 
506 282 11 15 0.024847746 
519 415 8 11 0.02412679 
524 462 10 13 0.023737762 
407 268 12 16 0.023387767 
511 446 10 11 0.023013925 
598 319 15 17 0.022653513 
947 60 37 50 0.02215702 
988 135 19 23 0.022133777 
355 303 20 21 0.022082433 
190 318 18 22 0.021793244 
482 286 26 28 0.02170727 
209 284 27 30 0.02162879 
897 37 20 22 0.021375578 
629 305 15 22 0.020580929 
400 276 12 17 0.02012447 
