46_Jockey_Jockey_46_909
143
509 288 26 35 0.9987318 
452 416 51 48 0.9910946 
495 555 58 66 0.9785402 
783 184 16 21 0.9464384 
652 248 16 21 0.93327886 
275 183 14 18 0.89948595 
913 283 18 30 0.8540251 
739 177 13 17 0.8457161 
694 181 13 19 0.83621526 
486 155 9 13 0.8042617 
210 572 48 81 0.64518297 
534 160 10 12 0.62771785 
740 268 17 21 0.5922286 
496 324 20 26 0.59088355 
643 191 11 14 0.49297363 
596 107 14 18 0.36821452 
478 190 13 17 0.29813504 
507 154 10 14 0.2664838 
677 254 9 13 0.23531441 
767 208 14 18 0.20474897 
542 157 9 11 0.16511028 
734 333 12 19 0.13178927 
569 345 29 41 0.1281405 
922 286 21 28 0.124590114 
444 327 17 23 0.116233416 
371 547 58 63 0.10730613 
604 275 21 25 0.10390781 
748 262 13 20 0.102239825 
930 276 24 30 0.08665084 
468 406 39 41 0.08544113 
550 139 10 12 0.082920514 
734 270 16 20 0.07485186 
472 180 10 13 0.074052945 
521 542 60 70 0.07093889 
726 204 10 14 0.070654824 
519 413 10 14 0.06981626 
653 291 12 16 0.068906814 
788 277 14 17 0.06888257 
248 544 80 105 0.06814365 
718 235 10 15 0.06642715 
727 282 10 14 0.06569481 
629 264 10 13 0.065016694 
668 299 14 15 0.060492225 
475 181 13 17 0.059312556 
531 163 11 13 0.053292796 
797 260 15 17 0.052319776 
719 309 12 14 0.051747926 
648 284 11 14 0.05156692 
0 212 10 20 0.050853636 
629 273 13 19 0.050751977 
527 184 8 10 0.050027598 
612 271 21 27 0.049182314 
792 186 13 18 0.048779417 
636 284 12 15 0.047091555 
446 141 12 16 0.045944653 
355 189 14 16 0.04588129 
495 149 9 12 0.044682983 
443 134 24 32 0.04361411 
636 277 11 15 0.04165962 
779 268 13 17 0.040456694 
412 220 12 15 0.037052017 
512 173 10 12 0.036864683 
706 186 12 15 0.03681703 
224 566 32 57 0.036579013 
482 152 10 13 0.036152944 
32 413 32 46 0.03567247 
923 631 47 52 0.033949982 
316 191 12 14 0.0337745 
448 320 15 22 0.03158938 
545 123 9 12 0.03134777 
502 151 18 23 0.031218417 
658 290 15 18 0.030767491 
773 188 19 26 0.03059198 
575 134 9 12 0.030506937 
782 309 11 16 0.030486671 
760 142 9 11 0.030155936 
418 359 30 37 0.029944154 
652 279 11 14 0.02960107 
475 174 12 14 0.029597666 
352 194 12 15 0.029274324 
437 110 13 16 0.029201694 
646 203 9 12 0.029182183 
496 143 9 13 0.028872445 
862 228 11 14 0.02885425 
728 338 13 17 0.028685335 
591 301 10 14 0.028623024 
701 97 12 16 0.02837136 
529 363 28 31 0.028236657 
910 278 15 24 0.028047126 
226 556 53 83 0.027723977 
806 244 11 14 0.027577097 
719 302 12 14 0.02750989 
608 157 9 12 0.027315248 
450 405 31 45 0.02729355 
482 151 17 23 0.02721675 
823 333 52 66 0.027144283 
719 293 10 12 0.026978403 
429 412 13 17 0.02695464 
671 256 12 16 0.02656022 
479 540 54 69 0.026464479 
989 627 12 16 0.026245195 
549 156 8 10 0.025398798 
595 102 22 29 0.025035387 
361 194 14 17 0.024849186 
662 297 14 17 0.024644796 
143 95 12 16 0.024608256 
454 127 10 11 0.024177508 
407 338 23 30 0.02415286 
926 654 29 33 0.024130912 
739 342 59 64 0.024006149 
546 140 9 13 0.023937864 
725 360 50 52 0.023868173 
398 197 12 12 0.023850875 
527 189 8 9 0.023835126 
631 281 13 17 0.023779651 
436 334 23 30 0.023590347 
631 291 13 17 0.023544956 
797 250 15 17 0.023308657 
791 263 22 25 0.023197174 
550 150 9 12 0.022792034 
328 556 60 67 0.022448702 
407 349 31 36 0.022380384 
732 197 11 15 0.022199498 
645 287 19 24 0.022004709 
596 299 11 15 0.021915307 
504 319 25 37 0.021901406 
699 86 22 31 0.021689339 
613 141 8 10 0.021620242 
422 649 28 34 0.021334128 
844 302 17 22 0.021292571 
509 161 11 14 0.021269428 
343 196 12 15 0.021081598 
485 401 28 36 0.021010092 
819 227 12 15 0.020998184 
682 250 14 19 0.020555707 
489 133 8 10 0.020544099 
613 150 8 12 0.020497628 
486 268 10 15 0.020461764 
608 141 9 10 0.020441521 
938 270 16 20 0.020292424 
570 134 9 13 0.020254228 
598 284 19 25 0.020113396 
786 274 24 29 0.0200884 
