48_Parachutist_Paratrooper_Parachutist_Paratrooper_48_439
44
625 134 140 199 0.99896467 
148 50 49 63 0.99824774 
375 193 22 27 0.38143465 
7 41 28 41 0.10430367 
141 194 37 43 0.054216757 
195 223 37 44 0.052173715 
240 242 35 40 0.051265102 
384 200 17 20 0.048589263 
471 213 11 14 0.04607603 
858 151 13 16 0.04295864 
396 204 11 15 0.042219166 
366 202 13 17 0.036662765 
462 190 11 14 0.035155468 
489 37 9 11 0.032062005 
413 205 12 14 0.03033421 
332 209 17 19 0.029509634 
55 21 409 527 0.029186005 
429 179 11 16 0.028087035 
356 204 14 18 0.027965017 
463 241 11 14 0.026695216 
217 229 43 53 0.026589122 
403 277 15 20 0.02526427 
376 184 11 14 0.025204966 
415 267 12 15 0.025147866 
444 179 14 15 0.024873858 
375 188 15 20 0.024780883 
472 45 10 13 0.024475485 
439 213 11 13 0.024401478 
475 179 13 15 0.02418505 
654 528 13 18 0.024174877 
453 189 12 17 0.024170011 
445 106 12 15 0.023850566 
469 205 14 16 0.02384572 
-1 42 45 72 0.023739306 
404 246 10 12 0.023497064 
408 207 12 14 0.022640496 
1006 139 16 23 0.022521447 
469 188 13 16 0.021885421 
411 578 26 28 0.021788713 
438 180 12 14 0.021679182 
441 274 30 34 0.021464756 
393 275 26 33 0.021275453 
19 38 28 38 0.020387549 
972 281 44 61 0.02000958 
