48_Parachutist_Paratrooper_Parachutist_Paratrooper_48_814
38
396 194 211 293 0.99977356 
156 406 24 30 0.9454395 
253 401 24 29 0.82823986 
210 409 22 24 0.7333476 
58 406 19 25 0.62155193 
305 399 23 26 0.5810806 
698 372 167 321 0.2664268 
608 278 55 83 0.2521595 
129 405 11 13 0.24515845 
467 947 230 282 0.2340398 
582 415 47 63 0.16434897 
681 268 332 478 0.12923034 
395 867 380 433 0.103531174 
438 22 239 287 0.07729581 
563 237 95 151 0.052756228 
253 67 397 476 0.047258902 
91 404 15 23 0.047070175 
274 762 123 128 0.0463221 
33 830 414 540 0.042659815 
246 394 42 50 0.0407512 
596 244 58 92 0.039444614 
130 407 14 18 0.035492633 
68 405 23 28 0.035332356 
611 245 89 141 0.035111636 
169 410 27 30 0.03054886 
335 691 382 481 0.028220888 
188 412 24 29 0.025983278 
608 455 88 98 0.024136346 
684 40 17 20 0.023839878 
110 414 10 14 0.023636494 
259 402 46 59 0.023232741 
194 922 396 501 0.023126055 
208 417 32 37 0.022596713 
153 407 43 47 0.02220242 
3 405 16 22 0.021861738 
223 674 223 254 0.021685002 
20 -24 380 447 0.020729983 
272 344 18 22 0.020133616 
