48_Parachutist_Paratrooper_Parachutist_Paratrooper_48_72
203
93 324 29 35 0.99840003 
170 292 31 34 0.9952815 
255 276 26 33 0.99376386 
18 308 21 27 0.99005973 
613 327 24 28 0.98411626 
707 283 15 19 0.9697945 
56 321 22 25 0.9676238 
763 303 17 20 0.9606008 
336 282 21 27 0.9214279 
862 300 15 18 0.8579891 
482 295 22 26 0.7784365 
457 305 18 24 0.75947475 
956 309 11 12 0.74358946 
992 318 12 14 0.5243688 
401 285 23 30 0.42498398 
975 310 9 11 0.41867584 
809 295 10 13 0.37935928 
566 287 17 22 0.35137746 
811 299 11 14 0.3432934 
805 321 11 15 0.31993276 
194 296 26 32 0.31816107 
629 292 14 18 0.2919109 
538 289 13 17 0.28925586 
826 320 10 12 0.27539304 
792 301 9 13 0.25670603 
1012 304 9 12 0.24964125 
840 298 11 14 0.24017909 
234 298 15 19 0.23123522 
607 293 11 15 0.22590661 
934 332 11 14 0.22354281 
781 326 15 20 0.21245414 
935 298 11 13 0.20365837 
566 273 14 17 0.19849798 
934 326 10 13 0.18627338 
266 282 24 33 0.17235433 
749 298 11 14 0.17194006 
349 296 21 29 0.15176642 
627 285 14 17 0.14768954 
924 342 10 12 0.14602026 
461 297 24 29 0.14126697 
380 244 23 37 0.1292 
605 298 14 18 0.12744689 
975 304 9 11 0.12545308 
775 329 12 17 0.118889324 
948 324 11 14 0.11504494 
984 341 9 12 0.114509724 
5 308 23 29 0.11448424 
927 302 10 12 0.110567555 
799 319 11 16 0.10765616 
969 309 9 11 0.107350945 
226 295 27 30 0.105038054 
132 328 18 22 0.09766123 
877 302 10 13 0.09295708 
686 301 12 15 0.092069365 
991 303 8 10 0.089968294 
273 292 23 29 0.08987106 
212 281 27 30 0.08902333 
758 331 13 15 0.086487256 
636 297 12 16 0.08614857 
920 336 10 11 0.079528086 
822 308 12 14 0.078409396 
995 361 12 15 0.077443816 
777 269 8 11 0.07546744 
765 330 12 16 0.07206288 
827 307 14 16 0.07137788 
516 324 12 15 0.07032671 
791 318 10 14 0.069442645 
992 312 10 11 0.06819334 
46 306 14 17 0.06764078 
702 310 11 14 0.06750052 
459 284 12 15 0.06703448 
0 321 9 16 0.06476768 
864 327 10 15 0.06401587 
904 340 9 12 0.06392745 
967 304 9 11 0.06388577 
897 304 7 11 0.06367812 
847 325 13 15 0.06341277 
984 347 10 12 0.06241588 
419 286 15 21 0.062011592 
799 295 9 12 0.06176044 
941 295 8 12 0.06092186 
571 272 10 12 0.059681956 
838 325 10 13 0.057984587 
423 357 11 15 0.056171615 
428 285 15 17 0.054914556 
905 316 11 14 0.053931043 
138 326 13 17 0.05234567 
742 309 12 17 0.052300613 
905 335 10 12 0.05174663 
238 287 25 31 0.051553737 
796 299 12 16 0.050709497 
576 289 15 21 0.049537167 
488 288 25 29 0.04950096 
988 332 11 14 0.047435116 
645 417 38 50 0.04737461 
361 335 23 32 0.046371587 
623 296 14 18 0.044997394 
904 227 10 12 0.04469145 
909 341 10 12 0.043563552 
739 359 12 14 0.04323802 
976 297 8 10 0.043042127 
1005 356 14 17 0.04172792 
382 73 120 182 0.041444026 
125 335 24 29 0.041233253 
852 317 11 14 0.04093612 
821 360 12 17 0.040837824 
815 304 12 16 0.040589374 
926 335 11 13 0.039889257 
608 8 10 12 0.0395673 
983 301 8 11 0.039556112 
752 334 12 15 0.03864851 
951 315 13 15 0.038058743 
669 312 9 11 0.03798147 
787 324 12 16 0.037692305 
928 296 10 12 0.03768835 
511 428 9 12 0.037499882 
919 344 13 15 0.03745389 
831 303 12 14 0.03740126 
904 311 10 12 0.03665015 
922 303 9 11 0.03643054 
668 316 11 14 0.034914162 
624 280 11 14 0.034492925 
823 313 18 22 0.03423826 
988 348 10 13 0.034222465 
952 304 18 23 0.03416617 
816 277 8 10 0.033880845 
813 317 11 15 0.033807505 
511 302 12 16 0.03245304 
907 322 13 15 0.032138847 
599 291 14 17 0.03203062 
954 305 9 12 0.03139504 
955 325 12 14 0.031207012 
968 297 8 10 0.03085169 
612 8 12 13 0.030549567 
805 303 14 19 0.030301616 
691 288 15 19 0.030110857 
941 309 10 12 0.02973133 
820 302 12 16 0.029675981 
1008 284 10 13 0.029568361 
685 290 15 20 0.029411886 
40 526 14 16 0.028520634 
426 315 15 18 0.028149212 
231 469 22 26 0.028143635 
908 312 12 14 0.027743753 
477 375 11 12 0.027594542 
1014 282 10 14 0.027359197 
832 311 19 25 0.02697865 
748 293 19 25 0.02666227 
933 320 10 13 0.026583483 
843 308 14 17 0.026444895 
561 276 13 18 0.026397157 
514 307 13 15 0.026186204 
823 350 12 14 0.025929628 
785 174 22 26 0.025887884 
75 537 13 17 0.025763575 
682 284 10 16 0.025373824 
547 347 12 16 0.025179978 
750 287 11 16 0.025058243 
997 311 9 12 0.025007999 
346 114 53 73 0.02488986 
936 289 8 10 0.024774784 
718 304 12 16 0.024635315 
643 300 11 15 0.0246074 
541 280 10 13 0.024583356 
609 313 24 30 0.024349509 
644 330 13 18 0.024224065 
37 360 24 29 0.023904879 
998 339 11 14 0.023845613 
473 285 20 19 0.023513768 
800 287 10 12 0.02340208 
925 363 11 13 0.023234826 
384 253 28 38 0.023135839 
808 290 9 12 0.02303648 
901 304 8 10 0.022952145 
351 535 14 18 0.022855086 
747 306 13 17 0.022632549 
920 366 9 12 0.022540638 
732 283 11 15 0.022515023 
806 276 9 11 0.022457324 
805 272 9 11 0.02242403 
980 370 12 14 0.022327283 
1007 324 9 11 0.022158507 
943 319 10 13 0.0220804 
693 309 13 15 0.021984365 
695 315 13 16 0.021945318 
876 325 11 14 0.021942317 
800 271 8 11 0.02192087 
707 305 12 17 0.021701792 
107 332 27 33 0.021657737 
560 289 15 19 0.02143611 
377 317 16 18 0.02137341 
210 300 17 20 0.021357203 
664 313 10 11 0.021339774 
504 274 13 17 0.02117194 
836 303 15 18 0.021153167 
724 301 12 15 0.020997455 
960 295 8 10 0.020993436 
971 304 20 23 0.020986227 
1013 315 12 15 0.020374766 
797 306 12 16 0.020343296 
221 276 35 44 0.020274665 
636 303 15 18 0.020186558 
832 284 10 12 0.020027548 
