48_Parachutist_Paratrooper_Parachutist_Paratrooper_48_75
18
384 97 40 43 0.99129546 
846 149 52 69 0.9797616 
744 222 56 76 0.06703308 
814 151 55 64 0.05261244 
307 309 12 17 0.043988694 
924 262 48 74 0.04246786 
340 420 11 13 0.04155493 
818 297 46 61 0.040717542 
827 154 32 39 0.03238417 
173 658 30 29 0.031565275 
171 623 44 48 0.029049266 
706 27 86 117 0.027595356 
763 245 53 69 0.026682978 
804 326 49 63 0.0244998 
526 158 12 15 0.024229854 
500 122 11 14 0.02273244 
691 322 100 115 0.022256287 
661 312 95 95 0.02002249 
