48_Parachutist_Paratrooper_Parachutist_Paratrooper_48_122
108
399 165 127 154 0.99985254 
629 614 131 163 0.70074785 
255 188 106 146 0.2759686 
665 1203 15 19 0.21939512 
873 1287 18 21 0.19939716 
152 235 11 15 0.16337907 
259 1357 13 16 0.14810771 
589 70 44 78 0.13828751 
106 1052 18 24 0.1304769 
273 470 52 63 0.09718128 
102 434 59 90 0.0956061 
819 1299 13 18 0.08460687 
699 72 106 136 0.07321683 
908 1302 16 21 0.069961295 
510 679 52 70 0.059642825 
609 33 51 87 0.059410684 
96 222 10 15 0.05770486 
378 1335 7 10 0.056512088 
75 855 327 433 0.05599633 
668 1190 16 17 0.055759884 
389 1365 9 12 0.055337157 
661 1287 11 14 0.053537652 
548 76 28 38 0.050627507 
634 17 88 106 0.04768052 
763 1034 16 22 0.0473926 
56 968 30 44 0.04709078 
869 1275 27 34 0.046414666 
187 352 76 57 0.045898214 
84 200 14 17 0.045783367 
809 532 71 84 0.044572026 
34 941 53 72 0.04447324 
162 773 40 44 0.044472102 
164 190 96 122 0.044219278 
24 683 44 62 0.04412683 
111 236 14 17 0.043154877 
235 1382 11 14 0.04258874 
205 190 110 138 0.042493984 
655 39 31 40 0.041521873 
87 150 12 16 0.04134394 
697 1324 10 14 0.04018266 
657 1286 9 11 0.039025 
344 36 53 78 0.03881128 
622 1244 15 20 0.037929732 
262 1378 27 32 0.036554642 
24 626 383 477 0.036226064 
967 1211 51 69 0.0355042 
376 1325 9 10 0.034667462 
579 54 75 119 0.034655567 
626 11 18 20 0.032746304 
655 1225 12 14 0.032682642 
269 1357 10 13 0.03181482 
70 721 16 19 0.031729545 
863 1273 47 55 0.030533535 
324 46 51 78 0.03030977 
382 1336 7 9 0.029494323 
35 969 23 35 0.029050434 
674 136 14 17 0.028961975 
144 235 12 16 0.028827755 
654 26 107 135 0.028634906 
43 228 362 431 0.02831828 
677 1383 10 13 0.027454961 
154 238 16 21 0.026709206 
104 236 11 14 0.026691338 
329 6 93 114 0.026559442 
359 1377 9 11 0.026205938 
278 1359 11 12 0.025616314 
186 544 367 502 0.02560711 
27 37 11 12 0.025503173 
512 63 15 19 0.02540464 
651 1211 14 20 0.025246188 
678 448 101 113 0.024996195 
278 1343 8 9 0.024676861 
756 1028 26 36 0.024546798 
718 97 65 85 0.024202596 
384 1342 7 9 0.024011943 
110 1367 41 56 0.023898168 
658 1216 16 19 0.023562197 
660 1226 12 15 0.023555769 
26 30 10 12 0.023455927 
537 303 43 49 0.023403307 
394 1391 9 12 0.02318411 
276 459 39 39 0.023086162 
714 1220 14 17 0.022846663 
388 1359 10 13 0.022560203 
355 1376 8 9 0.022552812 
611 3 30 33 0.02238213 
13 170 13 15 0.022359835 
118 1006 205 271 0.021791598 
85 1033 12 16 0.021685686 
346 457 39 47 0.02167216 
289 1319 9 10 0.021466129 
696 965 14 17 0.021398894 
58 224 16 19 0.021186296 
271 1352 9 11 0.021137599 
624 1240 11 14 0.021123033 
645 1217 16 19 0.021059992 
416 1372 8 11 0.021054892 
642 -1 19 19 0.020762205 
6 45 11 14 0.020706208 
140 228 14 18 0.020570967 
399 492 42 45 0.020533767 
405 485 344 444 0.020529743 
343 1306 8 9 0.020465035 
93 174 13 16 0.020309044 
586 17 26 41 0.020256162 
30 654 89 125 0.020227192 
192 186 172 239 0.020167511 
71 174 11 13 0.020087393 
