48_Parachutist_Paratrooper_Parachutist_Paratrooper_48_596
28
439 178 124 146 0.9976273 
180 947 66 79 0.49185154 
473 1064 106 104 0.29704517 
305 706 236 310 0.1785869 
264 834 187 264 0.10576367 
380 148 197 254 0.062067468 
476 675 66 71 0.057058644 
503 771 58 71 0.054228827 
423 758 136 131 0.051677067 
292 763 123 189 0.04585465 
215 927 110 142 0.04567891 
234 861 307 416 0.044423234 
381 681 223 247 0.038144235 
260 650 77 71 0.03761635 
427 947 208 234 0.034010112 
469 771 63 73 0.03317469 
339 719 401 464 0.03043748 
309 742 90 119 0.029751344 
496 810 68 75 0.026686607 
585 1015 160 233 0.025621234 
202 961 77 83 0.023685701 
517 221 33 40 0.023027768 
175 1287 49 64 0.021836126 
321 750 34 51 0.021031406 
208 923 196 253 0.020808075 
433 116 120 137 0.020295374 
147 893 114 142 0.020113956 
363 749 24 35 0.020113083 
