17_Ceremony_Ceremony_17_300
37
187 155 43 55 0.99773127 
315 154 40 55 0.99699414 
427 138 43 55 0.9959347 
732 135 45 55 0.99580234 
597 149 45 54 0.9925477 
489 252 46 57 0.5331466 
190 383 13 15 0.23909254 
634 305 29 30 0.13671388 
549 181 14 20 0.05185482 
351 0 10 9 0.041581735 
385 266 16 18 0.03832839 
819 183 9 11 0.036395893 
207 399 12 15 0.03573782 
330 24 6 8 0.034556393 
241 14 9 10 0.03438998 
801 182 11 12 0.033076674 
846 253 13 15 0.03153777 
608 6 9 10 0.031372428 
456 127 12 14 0.031327114 
863 0 9 10 0.029034436 
924 1 11 10 0.027739726 
861 15 8 10 0.025570748 
142 294 8 11 0.024734277 
863 72 9 10 0.024418717 
337 31 8 11 0.024323793 
334 23 7 9 0.024272041 
897 215 9 10 0.02348596 
319 8 8 9 0.023019288 
159 72 8 10 0.022423122 
321 47 8 9 0.021905702 
358 31 8 10 0.021851743 
181 420 12 13 0.02145696 
774 150 24 35 0.0211594 
350 53 9 12 0.020806072 
342 37 7 9 0.020484257 
872 9 9 10 0.020347966 
873 13 9 10 0.020335117 
