17_Ceremony_Ceremony_17_113
45
353 208 116 135 0.999977 
609 169 117 158 0.99994993 
953 293 17 22 0.9846727 
764 251 20 33 0.9739624 
529 284 23 36 0.9511013 
825 301 26 36 0.8733539 
739 272 22 33 0.57124233 
285 288 25 44 0.45753515 
245 306 19 34 0.37251583 
853 273 16 22 0.22757077 
818 298 16 24 0.12031188 
1005 290 17 22 0.11708924 
899 275 15 19 0.11381876 
1005 282 15 18 0.10577385 
837 314 26 31 0.104160145 
858 266 16 21 0.09390021 
982 318 14 22 0.09256186 
939 363 15 18 0.08256473 
997 301 21 28 0.061112106 
932 345 14 18 0.053984907 
167 317 27 48 0.05390663 
233 306 36 60 0.050651588 
998 298 15 19 0.043857776 
746 264 26 35 0.041279703 
989 314 23 29 0.03897266 
857 271 25 30 0.03758843 
264 287 38 60 0.035628874 
972 328 16 20 0.03211739 
758 296 14 19 0.030476347 
885 323 25 33 0.030273646 
964 344 13 18 0.029023543 
751 245 37 54 0.026245514 
564 289 15 21 0.024458254 
884 273 14 20 0.023731826 
895 273 13 18 0.023487275 
924 309 14 17 0.023022905 
735 262 44 57 0.022776693 
848 316 25 31 0.022619562 
1010 277 13 18 0.022595527 
805 241 14 19 0.022587173 
970 337 16 20 0.022487715 
940 285 21 26 0.022011975 
931 280 19 24 0.021247465 
931 351 20 27 0.020387715 
564 273 11 15 0.020150192 
