17_Ceremony_Ceremony_17_220
240
580 290 12 16 0.9541123 
447 366 10 13 0.7190151 
901 392 13 17 0.5427987 
552 377 14 17 0.51496786 
349 341 8 12 0.4864768 
484 299 11 15 0.4738674 
379 304 9 12 0.45426655 
400 371 11 15 0.4240838 
273 385 17 24 0.40319625 
459 389 23 28 0.39089617 
432 373 9 12 0.38549674 
383 337 8 10 0.3650988 
161 383 11 14 0.3485854 
336 367 9 11 0.32460245 
482 340 14 15 0.32128522 
526 381 11 16 0.30070594 
540 355 12 16 0.2994061 
324 337 13 18 0.25055605 
464 354 10 14 0.21097203 
213 379 9 13 0.18870683 
645 280 9 13 0.17185105 
401 333 9 11 0.16698231 
135 375 9 11 0.13547687 
271 382 13 18 0.11571185 
53 370 14 20 0.11515234 
956 396 10 12 0.112094365 
652 286 9 13 0.11112492 
460 378 14 19 0.108187735 
376 377 10 12 0.10569979 
107 389 14 16 0.10511418 
647 292 11 14 0.09978297 
41 372 22 28 0.09724839 
424 388 9 14 0.09317704 
330 401 17 21 0.09195834 
417 367 11 14 0.08953766 
428 389 10 15 0.08678648 
80 365 9 11 0.08518651 
44 385 15 21 0.08130659 
380 396 16 20 0.08104958 
28 358 11 14 0.078218006 
405 333 9 11 0.07760931 
384 320 8 9 0.076830536 
301 389 15 18 0.076689236 
309 386 12 18 0.075227305 
367 386 11 17 0.07385703 
324 385 15 19 0.07354525 
340 371 12 15 0.073123276 
526 373 11 15 0.07291929 
55 367 11 14 0.06926677 
430 341 7 11 0.06902343 
104 372 12 14 0.068206966 
507 387 14 17 0.0665151 
553 384 15 17 0.06482005 
339 400 16 22 0.0647143 
60 365 10 13 0.0646742 
356 370 14 17 0.064273305 
115 387 13 17 0.06400548 
454 373 11 14 0.06312415 
519 387 11 15 0.06228244 
92 386 11 15 0.062177464 
277 374 14 18 0.061728943 
427 311 8 11 0.061173882 
636 261 9 13 0.058483753 
600 284 10 12 0.05840919 
425 317 8 11 0.057553973 
853 436 9 11 0.056787536 
917 397 11 13 0.056505006 
535 352 11 14 0.056099713 
63 358 9 11 0.05606879 
318 384 13 19 0.056007396 
629 196 12 13 0.054896697 
421 356 10 13 0.05284867 
404 379 11 15 0.052687895 
95 374 10 14 0.0523601 
254 376 8 11 0.051465325 
109 402 12 14 0.051372994 
386 342 10 13 0.051138654 
392 319 8 10 0.04989874 
395 312 8 9 0.048747055 
232 380 8 12 0.048654098 
88 380 13 18 0.048570912 
126 381 10 11 0.047934964 
468 310 10 13 0.047208343 
573 384 10 14 0.047086805 
423 382 9 12 0.047025643 
348 369 15 19 0.04626862 
413 390 12 14 0.046107095 
180 372 9 12 0.044096835 
245 364 10 12 0.04401143 
326 393 14 20 0.043793924 
438 372 9 12 0.043472566 
423 349 10 13 0.043367736 
119 381 10 15 0.043316904 
280 378 16 21 0.043077692 
271 388 44 45 0.042402577 
399 360 10 12 0.042296737 
872 407 9 11 0.042139005 
600 391 10 14 0.042062387 
490 79 16 21 0.041811947 
466 378 16 22 0.041738078 
330 385 17 22 0.041703563 
430 348 9 13 0.041380007 
372 385 12 19 0.041024927 
999 336 8 10 0.039244488 
504 382 11 15 0.03883928 
416 350 9 10 0.038756624 
373 394 15 20 0.037658423 
718 208 13 15 0.037514687 
365 372 9 14 0.037509866 
204 323 11 14 0.037272707 
467 350 12 14 0.036672108 
197 380 13 15 0.0365767 
845 691 11 12 0.036407195 
469 372 13 18 0.0363166 
430 335 8 11 0.035960976 
428 315 9 12 0.034729492 
184 420 12 14 0.034630124 
59 375 14 21 0.03440528 
279 392 16 20 0.03415141 
406 387 12 15 0.0337137 
107 380 15 18 0.033156946 
424 334 10 12 0.033096414 
347 402 13 18 0.032640975 
93 413 11 13 0.032368634 
625 197 10 12 0.032342885 
390 347 8 11 0.03164753 
269 397 15 22 0.031630628 
95 366 9 11 0.031496327 
68 378 13 19 0.03137623 
197 491 15 17 0.031218879 
379 386 16 20 0.031187035 
420 372 11 14 0.03084817 
837 431 9 11 0.030696088 
165 376 12 14 0.030620309 
546 355 11 14 0.030586602 
340 360 11 12 0.030464841 
85 365 9 11 0.030449461 
481 305 10 14 0.029585822 
196 371 12 15 0.029217374 
416 344 8 10 0.029029809 
224 380 9 13 0.028954964 
379 340 10 12 0.028879436 
103 393 15 17 0.028822962 
346 337 10 12 0.028517943 
418 320 8 10 0.02841974 
568 385 11 15 0.028154904 
457 376 11 17 0.028114447 
103 414 9 11 0.028012542 
71 357 8 10 0.02800221 
645 298 13 16 0.027812725 
638 269 8 11 0.027781514 
441 367 10 13 0.027589746 
463 332 8 11 0.027582778 
212 384 12 16 0.027498864 
309 340 9 12 0.027408648 
261 397 27 35 0.027302431 
365 318 8 11 0.027280714 
330 334 10 13 0.027192332 
474 371 13 17 0.027167486 
350 346 9 12 0.027058557 
298 400 17 18 0.026872305 
100 378 16 18 0.026810905 
210 375 10 13 0.026808377 
249 374 10 13 0.026528314 
575 203 12 14 0.025967605 
780 414 10 13 0.02589181 
129 376 9 11 0.025867729 
305 335 9 12 0.025763072 
677 272 8 11 0.02564101 
176 367 11 14 0.025554791 
132 463 11 13 0.025542838 
480 336 12 14 0.025506418 
430 377 11 14 0.02526219 
564 427 12 15 0.025236044 
590 302 9 11 0.025191085 
13 383 24 27 0.025116805 
886 690 13 13 0.025107743 
463 295 7 9 0.024875328 
478 316 10 13 0.02486684 
320 333 14 17 0.02481867 
444 362 18 22 0.024655428 
3 391 14 20 0.024585566 
186 497 29 33 0.024573509 
527 366 10 14 0.024536362 
88 374 10 14 0.024401933 
391 326 9 11 0.024267549 
600 351 9 12 0.02426687 
281 275 226 207 0.023942553 
389 388 12 17 0.023861857 
41 372 13 18 0.023753876 
888 436 9 12 0.023439977 
295 394 13 15 0.023377405 
998 341 8 10 0.023301741 
415 334 8 11 0.023174796 
591 307 10 13 0.022883942 
329 207 10 13 0.022845738 
674 278 7 10 0.022791449 
653 198 9 11 0.022647623 
576 298 12 15 0.0225879 
401 352 8 9 0.022485103 
356 386 16 18 0.022468507 
224 373 9 13 0.02243917 
374 375 19 25 0.022411512 
47 368 12 16 0.022300996 
76 409 24 31 0.022183057 
375 298 17 22 0.022156535 
575 315 11 14 0.021931995 
583 325 12 14 0.021914892 
341 377 14 19 0.021884706 
367 293 10 12 0.021736987 
545 434 14 17 0.021609545 
332 366 19 25 0.021537317 
72 363 9 12 0.021469183 
309 629 29 34 0.021432059 
454 96 14 17 0.021333525 
107 368 12 13 0.02124131 
648 198 9 11 0.02113665 
573 419 10 13 0.021048624 
464 316 8 11 0.020968113 
191 493 13 15 0.020940052 
457 392 14 21 0.020921124 
581 310 11 12 0.020865269 
487 322 10 14 0.020864023 
26 368 52 64 0.02085218 
24 353 19 24 0.020826193 
320 344 13 15 0.02076444 
546 319 9 10 0.020574594 
550 391 15 18 0.02055084 
398 383 13 18 0.020540284 
544 91 12 15 0.020493476 
167 396 10 12 0.020458883 
909 401 12 14 0.02041787 
189 404 13 16 0.020367544 
325 328 10 13 0.020365601 
517 394 14 16 0.020316394 
396 371 18 24 0.020182211 
420 208 15 20 0.020087805 
408 343 7 11 0.020076938 
108 411 12 14 0.020051805 
529 276 10 14 0.020045934 
