17_Ceremony_Ceremony_17_46
69
107 122 18 23 0.90367305 
266 143 16 24 0.8991495 
65 132 17 21 0.4635746 
749 243 9 12 0.19197477 
889 363 11 14 0.13060668 
817 307 10 13 0.11116045 
681 136 8 10 0.090199366 
109 199 10 13 0.08056398 
454 145 8 9 0.07893348 
703 167 8 11 0.07095017 
695 152 8 9 0.064266756 
473 144 9 11 0.06216009 
270 149 19 24 0.061665215 
462 128 9 11 0.057709616 
357 277 10 13 0.056342177 
710 128 7 9 0.052399844 
487 152 7 9 0.047019288 
73 179 17 17 0.046806708 
698 133 8 10 0.043747723 
704 135 8 9 0.042952713 
719 158 9 10 0.040575106 
225 368 8 11 0.038796876 
471 149 8 10 0.037231427 
227 373 11 13 0.036352817 
229 368 8 10 0.035636958 
701 160 8 10 0.03545068 
422 152 8 10 0.03497829 
457 128 9 11 0.03464002 
425 143 7 9 0.033996653 
477 143 8 10 0.032559194 
713 151 7 9 0.032030556 
762 269 14 17 0.03194029 
466 152 7 9 0.030822095 
72 130 15 20 0.0307454 
710 133 7 10 0.03040253 
710 169 8 10 0.02930462 
776 256 9 12 0.028782338 
296 304 9 11 0.028661689 
680 153 9 10 0.028577624 
685 173 9 11 0.028180905 
662 142 9 11 0.027075604 
687 169 7 10 0.027066281 
705 128 8 10 0.026048705 
809 309 10 14 0.026043408 
1013 477 9 15 0.025699208 
-37 -30 426 489 0.025498029 
727 158 7 11 0.024867479 
449 150 8 10 0.024792338 
433 143 8 9 0.024636032 
685 140 7 10 0.024508173 
437 143 8 10 0.024427574 
687 153 8 10 0.024251567 
448 128 8 10 0.023965858 
909 344 9 10 0.023847539 
439 135 8 10 0.023841407 
487 157 8 11 0.023708783 
718 144 8 9 0.02236611 
469 126 9 11 0.022325808 
426 137 7 10 0.021957166 
729 153 7 10 0.021817237 
53 134 29 31 0.021775447 
891 366 14 18 0.021774022 
929 334 10 12 0.021752438 
705 140 8 10 0.021593379 
438 158 8 10 0.020675763 
718 152 8 10 0.020664161 
59 125 19 21 0.0205369 
64 179 34 37 0.020446986 
217 366 8 10 0.020370252 
