17_Ceremony_Ceremony_17_1037
33
471 196 171 224 0.9994804 
277 116 49 62 0.4461922 
382 1764 150 149 0.3847704 
746 801 63 87 0.18655849 
19 524 56 68 0.09806378 
797 777 15 19 0.096950054 
291 118 29 38 0.07572574 
190 303 458 547 0.07243946 
283 442 224 340 0.04948699 
773 791 56 91 0.04801204 
295 127 15 19 0.047549866 
304 125 29 37 0.042518523 
252 116 33 38 0.033880193 
276 142 32 45 0.033178452 
284 110 15 16 0.03154495 
577 1754 127 124 0.030406833 
814 812 13 17 0.029760726 
20 504 107 132 0.028558463 
-13 -64 386 489 0.027653227 
804 782 13 18 0.026637295 
246 110 52 62 0.023928043 
267 108 30 34 0.023573015 
664 823 7 10 0.0227158 
258 151 54 70 0.022649005 
277 168 14 21 0.022516541 
414 1794 98 90 0.02237006 
853 1496 169 244 0.021642355 
252 99 29 34 0.021394242 
682 160 356 483 0.021339994 
754 824 40 49 0.021097954 
526 756 27 39 0.020678362 
34 555 39 46 0.020486765 
248 177 29 34 0.020442145 
