17_Ceremony_Ceremony_17_765
245
89 473 36 57 0.9951734 
397 291 12 15 0.9850011 
377 397 22 35 0.96914005 
669 289 13 16 0.9577631 
874 299 15 20 0.94274044 
373 287 12 16 0.9127758 
324 295 11 15 0.8864453 
926 298 13 21 0.8550549 
794 284 17 23 0.8384316 
236 340 12 15 0.8353231 
137 309 10 14 0.8216353 
238 305 13 16 0.8064097 
78 305 12 15 0.78162396 
172 441 20 32 0.6903238 
716 286 12 18 0.60487574 
558 277 12 16 0.58795774 
140 340 14 17 0.45573023 
5 393 16 20 0.4367557 
424 288 7 9 0.3899624 
834 309 13 16 0.36421323 
107 403 16 20 0.29406816 
226 393 13 20 0.26914576 
288 369 11 16 0.20104222 
183 318 12 15 0.19671468 
231 440 21 35 0.18052252 
10 399 14 21 0.17606367 
81 338 14 17 0.1630421 
40 407 28 34 0.15688904 
124 396 12 16 0.14759621 
453 287 8 11 0.14712371 
358 307 9 12 0.14416848 
131 439 25 39 0.13362882 
210 384 15 19 0.12765561 
148 380 12 15 0.117970295 
4 405 17 24 0.11758501 
807 259 11 13 0.11522583 
222 333 9 14 0.111055836 
863 327 9 12 0.10742733 
177 326 11 14 0.106760666 
196 401 13 17 0.10565929 
244 396 16 19 0.086597025 
821 282 15 19 0.08527375 
341 382 11 15 0.08213212 
165 331 11 15 0.07992133 
147 386 17 20 0.07987235 
179 434 16 28 0.07181162 
82 413 15 25 0.06911815 
516 269 10 14 0.06804803 
160 333 11 14 0.0677195 
123 325 11 14 0.06771236 
783 269 9 11 0.06712844 
154 402 16 22 0.06447367 
250 402 17 21 0.0640227 
89 405 21 31 0.060311276 
218 386 17 25 0.060174745 
55 419 22 29 0.060106333 
230 334 13 16 0.058864962 
182 416 16 20 0.058476523 
384 307 9 12 0.058126792 
100 383 10 12 0.055426568 
865 349 10 14 0.054667547 
189 396 14 18 0.053683974 
86 256 9 11 0.05361604 
1 408 12 20 0.0530063 
766 274 10 13 0.05267433 
146 391 23 29 0.052670963 
561 280 15 18 0.052505802 
184 349 11 13 0.051664222 
212 391 16 20 0.050889958 
114 395 18 23 0.050697077 
765 288 9 11 0.050602794 
308 398 22 28 0.04993289 
206 392 14 19 0.04975737 
777 288 8 11 0.049401224 
331 426 15 23 0.049134064 
374 309 10 12 0.048243634 
144 325 10 12 0.04766415 
132 426 21 34 0.047591176 
783 301 12 15 0.047194365 
188 389 12 15 0.046996098 
85 324 12 14 0.046487164 
832 302 11 16 0.04632225 
764 294 10 12 0.04588157 
389 326 9 12 0.045435958 
880 294 18 21 0.045427732 
358 340 10 14 0.045377042 
108 413 15 20 0.04518244 
185 409 17 21 0.0447529 
184 238 10 14 0.043971248 
285 448 14 17 0.04302551 
200 264 388 443 0.042823836 
449 290 9 12 0.041676372 
238 393 13 18 0.041425128 
95 382 11 14 0.041276306 
324 322 12 15 0.04099976 
61 395 15 19 0.04012062 
110 308 9 12 0.039917503 
58 434 23 33 0.03947025 
729 364 8 10 0.03909584 
641 252 12 15 0.039075267 
366 404 17 21 0.038934436 
793 278 12 15 0.038621902 
513 296 9 12 0.03858234 
429 294 9 11 0.03856847 
671 312 10 11 0.038479723 
265 439 23 35 0.038370613 
141 315 9 11 0.037840493 
388 307 10 13 0.03754564 
151 319 8 11 0.037009194 
49 400 27 31 0.036903474 
245 446 25 34 0.036847178 
21 520 30 34 0.036791854 
784 308 12 14 0.036347594 
781 292 11 15 0.036266938 
160 316 9 12 0.036068738 
142 393 15 19 0.03596564 
401 327 9 12 0.03595505 
339 332 11 15 0.03544999 
140 422 23 33 0.03449869 
247 324 12 15 0.033698715 
829 290 13 17 0.033682335 
104 302 10 13 0.03349631 
134 305 17 23 0.033476274 
71 337 24 27 0.033081446 
103 469 33 47 0.033014525 
340 292 11 15 0.032734092 
8 302 8 9 0.032661185 
97 410 22 30 0.03263661 
70 338 16 17 0.032563522 
402 333 9 11 0.03254712 
781 287 10 13 0.032459524 
427 286 9 11 0.032196544 
155 380 13 17 0.032193568 
334 323 13 16 0.032075886 
399 307 11 14 0.031560156 
1005 365 11 15 0.031100595 
405 309 10 13 0.031059526 
354 333 10 14 0.030892022 
517 296 9 11 0.030851832 
132 395 13 18 0.030022409 
815 283 11 16 0.029895583 
289 251 12 15 0.029648125 
333 293 11 14 0.029641205 
93 294 10 12 0.02933812 
288 339 12 18 0.0292259 
384 319 9 12 0.029180668 
369 376 10 12 0.02916873 
51 394 17 22 0.029134033 
54 388 12 15 0.028872456 
333 311 11 14 0.028839678 
644 285 10 14 0.0287406 
868 371 9 12 0.028619556 
365 309 11 13 0.02852554 
179 424 19 27 0.028444992 
848 254 9 11 0.02823281 
161 312 8 10 0.028095035 
359 403 14 20 0.028034572 
334 376 22 30 0.02801195 
149 301 9 12 0.02795359 
782 276 10 12 0.02787278 
357 315 11 15 0.027450737 
146 375 11 15 0.027148828 
167 341 10 13 0.027112762 
36 328 9 11 0.027081016 
765 299 10 14 0.02694375 
0 391 14 20 0.026914539 
59 407 22 27 0.026908353 
862 331 13 17 0.026579445 
318 311 21 26 0.026268356 
863 304 13 17 0.026216628 
431 302 11 12 0.026183445 
390 331 9 12 0.026168184 
438 277 8 11 0.026148623 
802 278 14 19 0.025836755 
823 283 21 28 0.02491848 
160 288 9 11 0.024904689 
165 310 8 11 0.02486569 
419 287 9 11 0.02472197 
368 316 10 14 0.024501732 
166 304 9 11 0.024457289 
195 389 13 17 0.024428178 
365 346 10 13 0.024349293 
643 229 12 17 0.024331333 
415 301 11 14 0.024254048 
375 269 8 12 0.024235452 
315 316 15 18 0.024232915 
148 407 19 23 0.023906268 
172 340 11 15 0.023905763 
957 384 9 10 0.0236984 
553 237 10 13 0.023651376 
61 383 11 13 0.02339423 
64 338 12 15 0.02338844 
79 312 12 14 0.023336304 
418 292 9 11 0.02303917 
177 295 9 11 0.022876041 
119 391 13 16 0.022795754 
64 400 16 23 0.022740327 
202 401 15 18 0.022380242 
358 325 11 15 0.022039188 
386 387 16 24 0.021835908 
790 271 9 12 0.021833727 
387 516 13 16 0.02176009 
66 390 15 17 0.021663396 
280 442 24 28 0.02161452 
835 290 14 20 0.021598589 
418 477 16 17 0.021577878 
126 320 8 11 0.02149999 
413 307 11 13 0.021413837 
223 447 24 34 0.021407017 
778 270 8 11 0.021365551 
244 406 18 22 0.021322748 
440 255 9 12 0.021281937 
333 318 21 27 0.021260465 
562 271 13 15 0.02117878 
102 397 17 21 0.021147057 
88 294 10 13 0.021008799 
432 309 12 14 0.020989878 
806 265 13 16 0.020863215 
150 332 11 16 0.020811208 
453 215 9 11 0.020806482 
179 315 19 26 0.020711478 
871 295 13 19 0.020694468 
13 302 9 10 0.020686774 
47 397 12 17 0.020666806 
789 400 7 8 0.020629402 
405 317 9 12 0.020559903 
365 383 26 29 0.02051547 
152 415 19 23 0.020438548 
811 254 11 12 0.020399768 
34 332 8 11 0.020375188 
10 403 21 28 0.02035286 
165 317 9 12 0.020322144 
60 388 14 16 0.020282205 
140 446 30 35 0.020281764 
775 278 9 11 0.020230716 
990 407 8 9 0.020223841 
330 426 26 38 0.020192716 
828 299 20 26 0.020172153 
120 328 11 16 0.02014196 
823 307 13 16 0.020131128 
88 380 12 16 0.020125262 
371 381 11 13 0.020120524 
68 430 28 37 0.020108037 
864 292 11 16 0.020071717 
392 301 11 14 0.02004264 
