17_Ceremony_Ceremony_17_852
84
850 235 33 46 0.99747735 
461 240 34 41 0.9969885 
507 212 28 46 0.99609655 
405 242 25 48 0.97847944 
359 241 28 51 0.3998819 
489 471 47 65 0.35074624 
30 439 12 17 0.19534914 
294 1103 8 10 0.15935293 
539 1145 27 33 0.15521683 
231 1112 9 11 0.1484879 
11 429 14 16 0.13458753 
389 256 31 44 0.1333177 
456 228 26 34 0.13195848 
479 474 34 54 0.120681554 
295 1127 8 10 0.0983032 
1 430 8 13 0.07340382 
8 428 11 14 0.06294467 
766 525 59 73 0.060355008 
312 1110 8 9 0.06023652 
317 546 87 105 0.05925085 
32 431 9 13 0.058127753 
171 561 36 49 0.055114392 
884 543 81 106 0.05387437 
507 478 62 75 0.050181247 
272 1104 7 10 0.050146773 
9 434 12 16 0.05007813 
383 274 29 33 0.048429463 
322 895 8 11 0.04662744 
30 943 9 9 0.041835062 
102 565 34 44 0.04101777 
280 1086 8 11 0.04043722 
507 1145 25 34 0.040183686 
269 1109 9 11 0.04015321 
11 421 14 16 0.0375926 
148 569 74 114 0.03747837 
22 436 13 17 0.036488883 
215 573 92 100 0.035996407 
369 251 34 42 0.03446076 
238 1110 8 10 0.03423008 
13 415 10 11 0.033881105 
21 429 12 16 0.03365285 
281 1120 7 9 0.033317897 
288 1095 8 10 0.033044662 
5 624 94 121 0.032398462 
35 920 478 525 0.030891838 
148 604 43 72 0.03081275 
22 420 10 13 0.030217923 
27 941 9 10 0.02995854 
-2 605 45 62 0.029802762 
980 537 42 71 0.029463751 
486 502 50 78 0.02725999 
549 499 55 75 0.0272572 
577 457 44 61 0.026665572 
603 452 42 58 0.0264572 
127 618 41 68 0.026114611 
461 533 47 72 0.025491754 
557 1124 9 13 0.025396861 
303 1118 9 11 0.025375184 
279 1110 7 9 0.025226496 
702 606 66 79 0.024498068 
627 463 29 39 0.023914449 
70 556 53 54 0.02373614 
356 372 11 14 0.02365696 
259 567 104 97 0.023176124 
512 920 10 13 0.02316867 
270 1128 8 9 0.022951892 
300 1126 9 11 0.022842906 
76 890 15 15 0.022702856 
37 562 53 62 0.022625787 
289 1110 9 10 0.022488214 
278 1104 7 9 0.022286499 
77 562 30 36 0.02180339 
504 492 37 53 0.021178184 
635 460 41 57 0.020887608 
321 900 9 12 0.020878999 
835 450 45 56 0.020778017 
557 1154 14 19 0.02069399 
717 550 89 106 0.020456271 
478 146 10 12 0.020435482 
772 499 60 68 0.020430261 
286 949 9 11 0.020409359 
487 555 95 121 0.02029298 
859 518 81 109 0.02016609 
663 542 98 124 0.020019334 
