17_Ceremony_Ceremony_17_171
72
580 1 31 38 0.9995523 
645 307 98 135 0.99917334 
23 221 59 74 0.9990145 
290 31 31 41 0.998085 
937 387 90 136 0.9976673 
254 241 70 89 0.99704903 
150 47 33 42 0.9966704 
93 125 34 46 0.99623305 
334 142 48 63 0.9958097 
519 329 86 108 0.9956612 
196 235 59 78 0.9954906 
396 303 84 105 0.99542373 
8 130 36 46 0.99537575 
264 55 38 47 0.99427706 
473 167 55 66 0.9926065 
720 73 42 55 0.9858088 
632 158 53 60 0.98527616 
524 20 38 49 0.983442 
663 74 45 54 0.9821076 
246 151 38 52 0.97870433 
152 237 49 63 0.972462 
514 86 46 54 0.96745 
859 245 63 83 0.96597064 
764 58 46 61 0.95123374 
962 165 63 101 0.95022905 
457 143 38 48 0.8520258 
300 156 44 57 0.84810174 
837 278 57 76 0.35455513 
142 86 20 27 0.33958837 
364 297 44 61 0.21529682 
589 109 39 50 0.20709842 
693 186 42 54 0.16289389 
612 74 35 44 0.10869893 
609 189 17 23 0.105445534 
625 8 46 54 0.09035158 
117 180 30 45 0.08509152 
113 196 38 58 0.08444541 
713 7 19 20 0.0711308 
613 176 23 36 0.059763953 
464 74 29 32 0.053887133 
530 186 16 22 0.053109955 
624 76 45 56 0.05280708 
620 0 27 35 0.05258825 
382 154 14 20 0.051996812 
603 89 43 53 0.04490824 
138 219 44 61 0.042909548 
876 0 52 45 0.04169592 
734 212 11 16 0.041486062 
129 156 27 32 0.040861562 
754 21 14 18 0.037957586 
431 158 30 45 0.037106857 
375 310 53 68 0.036404118 
747 17 28 33 0.033645652 
99 277 14 16 0.03344306 
856 245 42 51 0.032034125 
464 133 56 67 0.031643745 
111 293 44 56 0.030654293 
621 168 33 44 0.03012548 
169 227 64 80 0.02970252 
886 250 58 74 0.02960544 
308 131 48 63 0.028990805 
689 179 34 39 0.028004883 
709 10 30 30 0.026643675 
993 473 33 51 0.024653755 
575 97 40 53 0.024063686 
342 285 14 20 0.022858687 
739 4 30 32 0.022691982 
353 317 51 67 0.021726083 
751 5 44 43 0.02167046 
106 218 33 45 0.021662723 
982 -5 40 63 0.020637149 
763 27 14 17 0.02049312 
