17_Ceremony_Ceremony_17_415
19
456 68 217 306 0.99990654 
747 105 206 290 0.99988043 
66 102 191 274 0.9997726 
347 891 96 134 0.9997348 
649 929 81 103 0.99377704 
669 1059 135 183 0.25081226 
247 1261 61 73 0.1426944 
631 1073 231 251 0.07140136 
531 359 482 483 0.065062165 
968 871 10 11 0.045303777 
138 892 10 14 0.03743831 
1002 886 17 22 0.030440612 
200 -2 51 38 0.03006341 
989 1137 11 13 0.028076038 
1008 1107 10 12 0.026762586 
1014 1132 9 13 0.021397963 
1005 1163 16 19 0.021167258 
954 945 15 17 0.021118743 
73 893 9 12 0.020197416 
