17_Ceremony_Ceremony_17_1009
24
180 191 103 121 0.99908113 
345 221 15 20 0.77387655 
517 29 243 324 0.252647 
348 52 216 264 0.16782765 
157 -31 434 447 0.14524451 
819 141 200 309 0.13741319 
507 351 52 72 0.08717663 
441 79 154 190 0.07944721 
311 211 12 14 0.07842312 
486 -3 469 453 0.061669283 
536 164 32 39 0.049154583 
918 311 103 175 0.04665931 
335 236 60 66 0.044989277 
334 242 37 40 0.03418063 
508 32 167 200 0.03035531 
769 42 245 287 0.028943706 
381 249 30 35 0.027808819 
338 224 25 33 0.027474614 
32 83 119 132 0.026214253 
361 231 54 57 0.025765033 
907 233 138 201 0.025368227 
387 236 16 16 0.024987573 
268 602 30 29 0.023847837 
366 5 347 429 0.02210436 
