17_Ceremony_Ceremony_17_344
28
598 47 90 116 0.99961096 
524 113 55 70 0.99920803 
936 368 85 110 0.99391115 
638 284 79 115 0.95125973 
229 399 40 43 0.7532072 
965 148 24 50 0.46000382 
895 186 22 28 0.27546495 
970 155 36 65 0.2742248 
650 293 112 146 0.16335228 
350 593 145 115 0.15118454 
976 173 47 82 0.1264492 
322 533 150 117 0.062221408 
904 192 20 21 0.05382817 
214 393 33 38 0.053548455 
246 93 119 163 0.049477804 
288 501 141 125 0.03510381 
894 182 15 22 0.030408423 
770 168 53 62 0.030359248 
911 187 25 31 0.03000282 
254 129 190 252 0.028341794 
194 411 29 35 0.025794901 
240 386 37 44 0.02558383 
384 590 82 77 0.023805918 
891 177 39 44 0.02289436 
361 486 107 88 0.022361951 
246 416 20 22 0.022160873 
212 400 16 22 0.020560745 
889 189 13 18 0.020228222 
