18_Concerts_Concerts_18_1015
27
397 630 51 65 0.9985475 
151 625 55 65 0.99731976 
824 595 47 56 0.9960989 
622 624 44 53 0.9570615 
302 635 25 29 0.71739346 
783 638 24 30 0.24773382 
798 586 24 35 0.118134245 
45 623 17 22 0.08337837 
51 5 438 489 0.07539713 
957 629 13 16 0.052292407 
556 657 434 501 0.04960604 
385 873 29 33 0.044214003 
470 1132 13 17 0.043170862 
786 647 27 34 0.041428495 
472 1149 12 15 0.035789248 
504 1111 57 81 0.03175593 
469 1125 12 14 0.029295975 
89 1027 354 436 0.028681383 
622 1129 16 21 0.028493922 
315 700 360 533 0.02838783 
40 610 21 28 0.02723024 
793 635 19 26 0.024468191 
75 143 156 150 0.023478068 
925 1100 11 13 0.022812402 
966 749 24 31 0.021216935 
770 649 41 49 0.020791233 
261 632 26 30 0.020626089 
