18_Concerts_Concerts_18_872
287
512 120 95 128 0.99959856 
238 1165 32 39 0.34088194 
563 678 16 19 0.23471752 
212 1180 45 57 0.15826431 
745 1358 54 66 0.15573269 
165 1330 22 27 0.15152353 
170 1199 25 30 0.1422272 
677 1218 22 30 0.1347002 
714 1235 17 21 0.120100394 
735 1326 24 30 0.11971908 
221 1256 34 44 0.11348994 
399 1321 22 31 0.11220656 
722 1236 18 21 0.11159286 
727 1205 26 30 0.10342385 
491 763 28 32 0.10294566 
515 643 15 18 0.099069856 
69 1369 25 30 0.096403025 
701 1168 17 20 0.0954554 
491 1363 28 37 0.093247525 
653 678 13 16 0.089625664 
422 1210 16 19 0.08561348 
413 1148 12 15 0.08491919 
661 1303 15 19 0.08478994 
275 1245 27 37 0.06696173 
580 691 13 17 0.06601668 
460 1303 21 28 0.06586766 
2 1340 17 19 0.06558795 
429 1172 15 18 0.06455681 
69 1264 16 22 0.06416772 
623 665 13 16 0.06369904 
362 1297 16 19 0.06305448 
421 1150 11 14 0.06163619 
469 213 342 526 0.060529172 
197 1284 15 18 0.059618223 
617 1268 25 33 0.058382582 
645 1152 14 18 0.05821325 
228 1144 34 39 0.058067884 
388 1187 15 19 0.058065943 
637 1214 15 21 0.057858884 
572 688 14 16 0.05628427 
568 1167 12 14 0.05625098 
629 1143 13 18 0.055174064 
501 1185 11 14 0.052553862 
177 1207 27 34 0.05218875 
655 1139 12 16 0.05216256 
186 1372 16 22 0.05052578 
583 1241 14 18 0.050269242 
202 1201 48 57 0.05020445 
488 1178 12 16 0.050042596 
785 1152 29 37 0.050041188 
218 1156 48 60 0.049651153 
629 663 12 15 0.04943211 
601 1174 23 28 0.04907682 
367 1190 10 13 0.049009323 
680 1142 11 13 0.048675265 
589 691 14 17 0.048286524 
231 1247 42 54 0.04790445 
415 700 57 73 0.04783921 
429 1339 13 16 0.047210705 
468 1207 14 18 0.046939176 
462 1122 16 18 0.046910424 
710 1240 14 17 0.04681525 
635 1206 16 19 0.04409285 
631 688 11 13 0.043529786 
580 697 16 20 0.04300731 
614 688 13 17 0.042320322 
385 1035 92 114 0.042233758 
565 680 23 27 0.042217724 
559 1286 13 18 0.04214898 
490 704 16 19 0.042091478 
584 1298 11 14 0.04113703 
510 647 14 18 0.041090336 
366 1197 11 14 0.04093333 
256 1175 19 22 0.040645808 
494 1181 12 15 0.03999694 
597 665 15 18 0.039334033 
572 1271 12 15 0.0387097 
16 799 11 13 0.038672674 
540 685 25 30 0.038396046 
645 1192 13 17 0.03831681 
10 1299 17 20 0.03804345 
500 705 16 18 0.037671197 
546 698 15 18 0.037045687 
637 1195 13 14 0.037044838 
622 1286 15 20 0.036893167 
66 1235 15 19 0.0367268 
440 1158 10 12 0.036647446 
452 1181 14 19 0.036225714 
378 1243 16 24 0.03561326 
655 1291 25 33 0.035259858 
637 -38 365 470 0.035177812 
559 1362 10 12 0.034885373 
550 680 27 31 0.03477777 
619 685 13 16 0.03465811 
694 1281 13 16 0.03455706 
589 665 14 17 0.03454484 
351 1295 24 31 0.034335297 
702 1245 11 14 0.03431467 
480 1132 10 14 0.03417932 
721 1219 29 30 0.033926394 
515 722 14 18 0.0337845 
632 1261 23 28 0.033718463 
583 1141 12 14 0.03343927 
142 1272 30 39 0.033376597 
708 1227 15 19 0.033162862 
70 1364 41 52 0.032624915 
418 1197 15 17 0.032152086 
697 1153 23 30 0.032151904 
650 1146 15 19 0.03206828 
670 1163 13 16 0.031724807 
274 1130 17 22 0.03160064 
758 1327 17 23 0.031343907 
301 1188 14 17 0.031172447 
655 673 11 13 0.0311519 
383 1316 27 34 0.030889776 
525 730 16 22 0.030882018 
557 1184 14 19 0.030808415 
221 1139 27 32 0.030586675 
615 667 10 15 0.03050835 
637 1146 15 19 0.030210823 
631 1216 14 19 0.030135425 
492 1174 12 15 0.0299996 
582 667 13 16 0.02985399 
915 1166 27 32 0.029572468 
428 1103 14 17 0.029478548 
676 1156 15 19 0.02924562 
80 1219 12 17 0.029075557 
27 1314 15 21 0.029038332 
934 793 16 19 0.028806057 
694 1155 14 19 0.028685056 
649 683 11 14 0.02864738 
331 1262 25 28 0.028378297 
7 1211 12 17 0.02833842 
599 1153 13 16 0.028014388 
244 1227 18 23 0.027903505 
189 1219 17 23 0.027867189 
342 1301 23 29 0.02765861 
466 1277 13 15 0.027574189 
279 1243 43 54 0.027485931 
519 667 12 15 0.027353784 
589 1295 12 15 0.027065435 
325 1181 12 14 0.026878495 
501 713 23 28 0.026832936 
294 1203 28 35 0.026597936 
357 1132 13 18 0.026516981 
643 1262 15 18 0.026468562 
415 1189 12 14 0.026464412 
647 1291 12 16 0.026072415 
653 1298 17 21 0.02603111 
503 645 11 14 0.025980273 
613 1195 13 17 0.025886897 
699 1303 18 21 0.02583311 
543 692 14 17 0.025795178 
613 1226 16 19 0.025789129 
599 1287 9 11 0.025731614 
333 1170 15 16 0.025630854 
619 1221 13 17 0.025530923 
588 728 15 19 0.02551697 
604 1193 15 19 0.025465941 
510 725 24 31 0.025418246 
398 1171 15 17 0.025413485 
134 1211 28 33 0.025231095 
505 775 16 19 0.025174152 
271 1274 15 21 0.025084907 
352 1236 11 14 0.025082897 
592 1326 9 11 0.025064593 
322 1187 15 19 0.02505012 
655 1286 12 15 0.025035786 
485 1133 10 13 0.025026962 
135 1214 43 50 0.024994884 
454 1173 12 15 0.024986783 
477 1315 14 19 0.024980852 
409 1143 10 13 0.024946967 
678 1146 12 16 0.024945829 
625 1141 12 16 0.024925657 
117 1220 16 22 0.02471678 
668 1171 12 15 0.024716165 
94 812 12 14 0.024676427 
706 1142 23 28 0.02467611 
347 1297 15 20 0.024640867 
494 706 24 30 0.02454842 
607 1333 12 16 0.02451857 
319 1318 11 15 0.024500057 
474 1357 31 40 0.024423249 
597 729 13 18 0.024385318 
614 754 14 17 0.024365326 
715 1151 17 23 0.024361666 
653 675 23 27 0.024201619 
386 1176 22 26 0.024183603 
367 1271 12 14 0.024178218 
395 674 65 73 0.024159083 
370 1187 14 16 0.024124904 
363 1115 13 16 0.024112739 
540 704 18 20 0.023869056 
280 1261 24 34 0.023830209 
414 1126 8 11 0.023812538 
374 1164 14 16 0.023714233 
754 1204 13 16 0.02355312 
204 1144 80 103 0.023496505 
627 1258 14 18 0.023462057 
239 1232 15 21 0.023440043 
564 139 85 120 0.023429198 
609 690 12 15 0.023314975 
702 1199 16 20 0.023271875 
708 1218 27 31 0.023158379 
582 1133 13 15 0.023056665 
652 1192 15 19 0.023056224 
221 1204 32 37 0.023032581 
335 1194 15 18 0.022959568 
69 805 21 27 0.02292745 
301 1126 13 16 0.022906495 
354 1299 44 55 0.022901397 
579 673 14 18 0.02287725 
163 1181 33 40 0.02279402 
359 1195 12 15 0.022739815 
148 1375 16 20 0.022722872 
332 1133 13 16 0.022706231 
663 1173 11 13 0.022705454 
336 1221 12 16 0.022576585 
204 1304 29 37 0.02246866 
210 1229 48 59 0.022427877 
527 1134 12 15 0.022337748 
290 1191 26 34 0.022327347 
189 1145 15 19 0.022264425 
590 1309 10 12 0.022212194 
42 1274 14 18 0.022208072 
38 802 12 15 0.022152383 
501 1131 11 13 0.022067683 
324 1323 13 17 0.021998748 
500 1208 24 30 0.021955596 
684 1160 13 18 0.021878634 
234 1270 30 39 0.021854121 
642 1212 21 28 0.02183053 
271 1217 46 57 0.021778455 
621 676 12 14 0.02173301 
710 1200 26 33 0.021709172 
697 1288 26 33 0.02163681 
550 677 11 13 0.021627186 
502 1293 12 14 0.021609142 
421 1090 26 31 0.021555431 
187 1177 47 58 0.021504615 
118 1327 24 29 0.021485403 
382 1193 15 17 0.021460095 
599 1142 12 13 0.021422558 
604 1284 10 15 0.021352042 
268 1343 13 15 0.021351524 
700 1252 11 14 0.021325473 
8 804 10 13 0.021304324 
356 1172 11 14 0.021199668 
438 1229 12 13 0.020978553 
603 729 12 17 0.02097843 
661 662 9 11 0.02097685 
611 661 20 26 0.020936685 
453 1342 16 17 0.020917824 
319 1250 44 55 0.02084483 
212 1219 30 34 0.02079167 
659 1136 11 14 0.020787986 
642 1204 16 20 0.020773116 
295 1203 13 16 0.020766018 
508 635 22 30 0.020734007 
423 1100 13 16 0.020707246 
495 1132 11 14 0.020699684 
627 1251 13 16 0.020685613 
308 1171 15 18 0.020674065 
357 1304 14 19 0.020659491 
287 1204 46 56 0.020658927 
594 1218 13 16 0.020647041 
604 1162 15 16 0.020644061 
579 635 11 14 0.02052172 
615 679 11 14 0.020512702 
622 1210 12 16 0.02046856 
268 1353 14 17 0.020390945 
589 1228 14 16 0.020365061 
624 658 21 27 0.020314917 
547 685 13 15 0.020310406 
233 1138 19 23 0.020245647 
144 762 13 15 0.02023833 
344 1061 91 119 0.020214293 
436 1164 14 17 0.02019172 
478 1188 12 13 0.020185344 
695 1245 13 16 0.020172285 
565 1143 13 17 0.0201266 
420 1334 21 27 0.020109659 
13 1312 15 18 0.02008071 
273 1133 27 31 0.020067798 
367 1201 15 18 0.02002624 
404 1167 11 15 0.020017931 
