18_Concerts_Concerts_18_66
235
479 199 25 33 0.99910045 
626 246 37 50 0.9987582 
638 417 65 80 0.9969015 
441 363 65 92 0.9966054 
492 323 66 91 0.9944518 
808 264 39 51 0.9914726 
436 257 39 48 0.9903448 
197 246 34 43 0.99028146 
891 352 47 55 0.98630434 
925 294 39 45 0.98154503 
388 220 27 34 0.973651 
283 462 88 72 0.96933717 
220 313 52 70 0.96371555 
757 333 43 63 0.94423974 
506 179 20 28 0.9408835 
189 320 38 51 0.926377 
71 318 53 58 0.9224061 
211 169 21 24 0.903451 
26 266 29 45 0.89316183 
173 199 22 30 0.8070242 
578 314 45 58 0.7949041 
287 158 18 22 0.7588732 
229 202 21 26 0.71744525 
457 166 15 20 0.602175 
471 344 65 90 0.5267016 
333 152 13 18 0.49079606 
375 153 16 23 0.40626526 
760 171 13 19 0.40042895 
408 200 17 21 0.3984035 
301 201 15 20 0.38061184 
528 168 18 25 0.38044545 
414 195 23 28 0.3536661 
736 297 30 34 0.33104292 
17 209 29 32 0.2869127 
782 177 22 26 0.2607152 
890 172 19 23 0.24053992 
728 272 42 53 0.23965174 
509 162 14 18 0.2183143 
963 475 58 71 0.21531124 
361 188 18 22 0.20572212 
660 117 12 16 0.19020772 
579 191 16 22 0.18288979 
690 222 27 37 0.17122972 
950 201 48 63 0.166318 
379 152 11 14 0.15391636 
517 137 13 16 0.14441417 
106 255 24 29 0.13819435 
579 177 17 21 0.13424952 
395 185 15 19 0.12300127 
639 183 16 21 0.12036771 
179 176 15 19 0.11684685 
405 182 12 15 0.11074408 
608 172 10 15 0.11067252 
622 161 14 18 0.10508385 
825 219 22 29 0.10271733 
457 253 28 39 0.10070437 
422 189 24 31 0.10029451 
173 163 17 21 0.09818914 
346 172 13 16 0.09258136 
430 127 8 10 0.092481606 
511 171 21 28 0.08901803 
576 173 14 18 0.079384774 
294 198 16 21 0.07844486 
585 185 16 21 0.07180095 
55 193 30 37 0.071731836 
696 160 29 39 0.07087248 
11 273 32 40 0.06942126 
769 211 17 23 0.06924183 
346 215 16 20 0.06818464 
326 149 14 18 0.06682077 
788 163 17 20 0.066471025 
246 188 14 16 0.06544422 
987 309 38 64 0.06518032 
349 165 12 15 0.0636165 
762 169 41 53 0.06303451 
327 126 9 12 0.061497215 
771 172 23 30 0.060017873 
174 178 25 35 0.05956678 
270 215 15 21 0.057736304 
615 142 11 13 0.057235226 
395 190 20 26 0.057168357 
900 242 47 53 0.056370717 
191 147 10 13 0.05405772 
908 296 41 49 0.054050993 
67 199 30 34 0.053987928 
762 166 24 31 0.051217243 
82 199 26 31 0.050190557 
877 327 32 42 0.049982876 
566 187 23 30 0.049764853 
173 158 13 17 0.049632456 
302 293 32 39 0.049470507 
457 139 11 15 0.048049778 
692 165 15 20 0.046937563 
585 170 20 26 0.046027724 
343 178 14 18 0.045857582 
240 299 52 69 0.045703616 
750 303 19 23 0.045130666 
406 174 11 14 0.044716887 
242 195 20 25 0.04451066 
7 185 49 59 0.04439084 
621 407 58 73 0.044350076 
320 153 13 17 0.04433943 
537 323 56 68 0.04399866 
877 306 39 49 0.043831993 
984 355 43 80 0.04363192 
348 134 9 11 0.04221426 
594 168 15 19 0.041567206 
889 256 39 49 0.041338783 
253 142 10 14 0.04106218 
880 270 38 49 0.0404678 
65 330 36 41 0.04029013 
592 165 12 16 0.03999947 
525 158 17 21 0.039728954 
877 335 47 60 0.039412845 
455 118 9 11 0.03912577 
873 287 37 49 0.03896105 
460 159 15 19 0.038816374 
352 231 24 31 0.038559012 
668 330 42 54 0.038219456 
523 226 23 30 0.0379877 
98 254 40 48 0.037921328 
253 250 23 31 0.037782833 
551 114 9 11 0.037539884 
684 236 38 54 0.037290085 
732 249 49 61 0.037252124 
402 208 26 35 0.03715681 
425 133 11 13 0.03714924 
548 249 24 31 0.036782473 
928 177 82 99 0.036463927 
180 158 13 15 0.036225818 
840 173 25 34 0.036138713 
420 155 11 15 0.03561047 
294 277 91 105 0.03498936 
925 44 76 69 0.03469854 
286 110 8 10 0.034126386 
631 115 9 11 0.033531215 
900 18 119 112 0.033471774 
767 214 44 57 0.033374384 
274 292 53 64 0.033017445 
513 132 13 16 0.032367803 
553 144 24 29 0.03213238 
326 202 13 17 0.031949457 
352 186 21 29 0.031581495 
275 240 16 22 0.03157892 
251 194 15 20 0.031501707 
40 174 49 59 0.031197388 
269 186 12 15 0.031167937 
1005 189 15 21 0.030807845 
399 179 21 24 0.030578079 
443 108 11 14 0.030546263 
902 271 41 51 0.029702676 
824 165 43 53 0.02952675 
595 385 58 73 0.028532067 
422 187 16 20 0.028410014 
212 256 29 35 0.028165149 
637 191 16 23 0.027965324 
828 183 15 22 0.02779164 
235 164 12 16 0.027787352 
405 186 22 26 0.027644215 
785 254 29 39 0.02738429 
935 62 44 44 0.02719773 
554 180 23 27 0.026614605 
347 198 22 30 0.026524322 
334 215 24 29 0.026454248 
974 203 30 44 0.026341861 
206 165 17 22 0.025970144 
781 200 43 56 0.02587103 
511 155 21 26 0.025788 
299 211 16 23 0.025696833 
251 181 14 19 0.025547875 
219 163 23 28 0.025544815 
187 68 27 37 0.025440905 
178 160 23 29 0.025138061 
314 77 138 134 0.02498125 
792 168 17 24 0.024783991 
948 173 14 16 0.02464231 
719 289 29 37 0.024584817 
460 135 13 16 0.024523018 
46 85 16 20 0.024220193 
502 132 11 14 0.024170412 
100 187 27 34 0.02413219 
350 159 12 15 0.024088271 
-1 501 90 118 0.02381546 
199 73 25 33 0.023786388 
165 129 14 17 0.023739869 
328 230 26 32 0.023510376 
125 117 10 12 0.023483742 
889 212 50 58 0.023395985 
665 165 10 13 0.023292076 
853 156 12 15 0.023201037 
465 163 14 20 0.023123676 
790 172 25 34 0.02307055 
389 188 17 23 0.023065612 
301 170 13 17 0.022969514 
502 125 10 13 0.022948323 
378 163 16 22 0.022945812 
399 224 20 25 0.02289591 
410 180 13 16 0.022857968 
195 143 11 12 0.022841962 
572 220 22 31 0.022699932 
295 285 54 65 0.022679238 
812 218 29 36 0.02264245 
332 204 11 14 0.022327721 
305 134 9 11 0.022136083 
779 151 28 33 0.022107705 
844 236 31 42 0.022000832 
593 100 9 12 0.021907272 
260 186 15 19 0.02190276 
510 127 12 14 0.021848995 
261 203 21 31 0.021807965 
893 298 35 48 0.021795526 
205 156 13 17 0.02173901 
218 179 17 22 0.02169492 
590 68 116 122 0.02165715 
524 204 21 30 0.021598328 
282 202 24 31 0.021486614 
337 309 54 67 0.02136468 
554 204 25 33 0.02124306 
304 148 11 14 0.021207763 
556 172 15 17 0.021011079 
433 186 15 19 0.020984694 
307 171 20 28 0.020956187 
155 311 44 57 0.020920755 
286 151 15 18 0.020751387 
261 240 25 32 0.02073677 
683 183 16 20 0.020619925 
478 118 9 11 0.020593807 
315 201 13 18 0.020585911 
277 230 24 32 0.020519547 
409 223 16 22 0.020505467 
698 213 44 59 0.02046346 
601 166 19 26 0.02045665 
836 178 16 22 0.020400366 
738 340 45 61 0.020360753 
883 98 26 27 0.020037575 
