18_Concerts_Concerts_18_522
58
628 661 64 82 0.99849045 
494 650 82 107 0.9948885 
83 637 69 95 0.99356294 
374 586 65 99 0.982777 
892 602 66 101 0.96960044 
516 218 57 87 0.38130715 
937 1340 26 34 0.32493442 
950 26 13 17 0.27741128 
614 271 40 46 0.24876016 
996 27 14 17 0.21865475 
343 1330 20 23 0.120794445 
732 296 64 80 0.109414674 
920 31 10 13 0.10030248 
906 87 17 22 0.098268665 
897 35 14 17 0.08511501 
334 568 15 21 0.04805077 
296 1340 21 25 0.04613388 
56 758 184 245 0.039766077 
913 20 9 11 0.036293708 
956 51 14 18 0.03598964 
667 134 12 15 0.033504795 
608 289 38 41 0.03248621 
338 574 16 20 0.032314472 
922 248 13 16 0.031637944 
602 270 32 36 0.03095078 
940 36 12 16 0.030355344 
1009 964 10 13 0.029615114 
22 196 12 14 0.02959919 
335 1362 14 19 0.029443426 
918 23 9 11 0.02746685 
426 241 46 57 0.027258389 
929 11 11 14 0.027096 
379 1335 14 17 0.025911678 
540 239 54 70 0.025810976 
696 35 409 480 0.02578551 
162 1360 15 21 0.025103537 
366 1322 12 15 0.025027782 
954 23 12 15 0.02431266 
431 582 12 15 0.024137989 
575 253 44 54 0.024018787 
154 1336 16 19 0.024016261 
809 1319 27 33 0.023965858 
991 22 14 17 0.023619553 
783 46 11 14 0.023261493 
949 55 15 18 0.023099892 
933 43 13 17 0.022802146 
1003 33 16 19 0.022688854 
3 420 23 34 0.022514636 
935 31 10 13 0.021938505 
388 1337 14 18 0.021518782 
480 185 90 133 0.021416144 
1 152 25 37 0.021234766 
966 47 11 14 0.021076463 
973 25 13 16 0.020587727 
674 1337 25 30 0.020497479 
454 256 53 69 0.020303328 
783 511 11 13 0.020141734 
48 1300 8 11 0.020037087 
