18_Concerts_Concerts_18_104
18
194 55 429 512 0.851499 
327 -35 470 535 0.1432379 
559 395 16 18 0.124517374 
545 87 238 317 0.06975618 
666 226 388 481 0.06659382 
935 451 14 19 0.047754634 
152 219 127 148 0.044409044 
215 177 226 266 0.04182254 
571 57 388 431 0.033341095 
984 149 43 76 0.028357876 
600 144 145 185 0.028236564 
290 259 406 462 0.02606236 
43 17 18 21 0.023387978 
823 218 118 135 0.022032784 
278 427 104 122 0.021495163 
573 126 42 49 0.021467403 
53 466 27 35 0.02115892 
10 12 113 131 0.021069322 
