18_Concerts_Concerts_18_855
24
372 94 61 78 0.99303573 
94 158 73 85 0.99261355 
778 154 66 80 0.62984574 
428 118 76 103 0.6254697 
839 207 61 88 0.3761668 
797 168 63 90 0.19170935 
106 610 30 32 0.16576439 
754 142 65 81 0.13339551 
390 102 74 96 0.12780975 
798 160 42 46 0.116917536 
611 204 27 31 0.07352311 
85 527 31 36 0.0702987 
584 240 370 460 0.057133034 
155 627 53 51 0.054856293 
183 18 27 32 0.041918837 
459 94 53 77 0.041664515 
194 618 37 42 0.03962403 
173 616 48 52 0.034728613 
263 343 15 19 0.032404903 
926 215 48 76 0.03107235 
81 127 68 94 0.02677505 
861 237 54 70 0.025996193 
271 567 104 119 0.022839746 
690 215 199 231 0.022180494 
