18_Concerts_Concerts_18_258
60
89 53 28 36 0.9974185 
894 79 40 40 0.9929125 
783 344 63 83 0.5675874 
999 129 20 28 0.22694728 
121 282 85 158 0.22420421 
780 87 10 13 0.15936457 
795 38 19 22 0.1373863 
965 158 26 32 0.10505263 
151 311 85 138 0.07735554 
10 344 43 60 0.07420829 
701 278 57 71 0.05959962 
1010 131 12 20 0.05762483 
458 150 9 12 0.05761677 
600 409 92 115 0.056402393 
569 209 33 34 0.05396684 
39 48 10 12 0.045851834 
734 89 16 21 0.04374191 
824 229 58 82 0.038820345 
728 100 10 14 0.03841883 
382 143 25 35 0.037256278 
694 133 12 15 0.036692508 
799 63 33 40 0.03648774 
993 137 14 19 0.03611707 
787 355 40 50 0.035654236 
764 343 111 140 0.03549991 
30 124 14 18 0.03377307 
1009 85 12 15 0.03322754 
837 207 51 70 0.030666469 
829 195 86 109 0.03048241 
396 135 10 11 0.029032404 
170 76 15 18 0.02857575 
391 134 11 14 0.028160948 
726 91 44 57 0.027211232 
793 40 41 52 0.026405543 
890 67 30 38 0.026260836 
653 101 9 13 0.025479019 
898 136 26 32 0.025437854 
958 157 13 17 0.025355326 
231 229 356 458 0.024707282 
924 207 50 61 0.024686879 
458 222 32 54 0.024222098 
471 215 10 13 0.024094814 
749 319 82 102 0.024058394 
156 143 12 14 0.02319364 
752 413 86 127 0.02276824 
130 141 15 18 0.022659466 
391 167 87 130 0.02264979 
679 121 10 12 0.02245113 
838 391 116 169 0.022436123 
811 44 14 16 0.02232258 
58 258 103 143 0.022311512 
781 111 10 13 0.022288056 
462 154 10 12 0.022014907 
710 316 44 44 0.02170212 
793 99 11 14 0.021619627 
960 106 11 14 0.021576723 
170 83 16 21 0.021070126 
887 76 13 18 0.021009278 
264 370 109 147 0.02082269 
919 197 37 41 0.020295702 
