18_Concerts_Concerts_18_670
19
293 178 32 35 0.9877082 
277 248 389 515 0.5841408 
783 115 15 19 0.517714 
811 314 28 28 0.22106683 
151 176 23 31 0.2148811 
61 201 16 21 0.10240753 
692 133 12 14 0.07662101 
51 208 18 20 0.061485082 
903 316 13 15 0.055235513 
914 495 26 30 0.035627693 
824 316 19 20 0.034640063 
892 298 16 18 0.029403802 
394 415 253 296 0.027921207 
831 108 13 16 0.025170192 
834 313 14 18 0.024482995 
689 141 11 12 0.024380738 
899 309 15 18 0.024371447 
140 183 28 29 0.021762226 
297 173 21 24 0.0210516 
