18_Concerts_Concerts_18_133
78
151 1013 32 43 0.9973671 
321 415 67 69 0.99694806 
659 352 64 79 0.9959991 
640 916 38 47 0.9942374 
457 961 39 44 0.94713897 
375 1020 42 54 0.17713702 
551 610 16 19 0.11099235 
622 982 13 17 0.091488495 
281 1254 8 10 0.0810293 
576 1204 10 13 0.06271556 
978 1067 11 15 0.061709844 
816 1006 34 38 0.0614026 
999 1038 8 10 0.060325544 
111 540 46 55 0.0564705 
169 875 406 413 0.054454006 
312 1208 8 10 0.052510712 
256 377 9 10 0.051531635 
462 635 13 18 0.050393265 
534 1074 10 13 0.047206305 
345 1021 45 52 0.043148503 
196 1126 16 20 0.042481627 
270 1276 10 13 0.038709395 
574 1071 12 13 0.038045283 
207 1146 11 16 0.03688459 
252 1229 12 15 0.036491986 
945 1077 9 13 0.033668544 
61 650 139 162 0.033196647 
319 1020 49 54 0.032951515 
130 576 34 42 0.032675046 
298 987 51 60 0.030932333 
545 665 14 17 0.030318098 
553 1079 11 12 0.030086055 
951 1071 10 13 0.029696703 
957 1073 13 15 0.029593654 
910 1087 11 12 0.029093748 
261 380 9 12 0.028641297 
179 356 116 143 0.028517287 
524 1069 13 16 0.02806689 
14 446 358 424 0.027888395 
189 1129 18 21 0.02736184 
305 1038 49 56 0.026697457 
559 1018 10 12 0.02646844 
964 1071 16 18 0.026085418 
571 644 96 140 0.02574488 
286 1223 8 12 0.025664218 
280 946 27 30 0.025238566 
131 424 15 17 0.025215596 
392 950 9 10 0.025179261 
391 952 45 54 0.025048677 
603 620 23 29 0.024420913 
269 1037 40 47 0.024343928 
557 596 11 13 0.024335489 
295 1019 46 57 0.024105461 
536 615 9 12 0.023598602 
56 333 9 11 0.023204952 
40 350 12 14 0.023191728 
357 995 53 68 0.023013148 
969 1063 21 26 0.022924986 
573 989 8 12 0.02281356 
569 1072 8 11 0.022733048 
99 598 162 169 0.022558795 
593 1110 9 12 0.021915503 
249 1232 17 22 0.02184147 
413 953 41 54 0.02146138 
113 25 457 523 0.021453997 
397 410 48 63 0.02115673 
1005 1053 10 14 0.02106435 
498 940 27 39 0.020950848 
541 613 11 14 0.020918155 
816 1013 47 63 0.020816768 
436 1031 14 18 0.020737365 
616 978 21 27 0.020651855 
945 1071 10 14 0.020649046 
99 461 31 44 0.020636389 
203 1130 12 17 0.020589296 
629 975 12 17 0.020556552 
627 983 14 19 0.020225726 
371 408 56 61 0.020140886 
