18_Concerts_Concerts_18_528
47
466 124 69 93 0.9955841 
912 359 8 12 0.074263714 
252 479 25 27 0.060846526 
961 374 10 12 0.058819424 
940 328 14 18 0.054530147 
921 373 11 14 0.052182265 
846 390 10 12 0.05078907 
855 334 11 13 0.047652524 
677 587 13 16 0.046276692 
959 368 9 11 0.03491114 
699 612 11 13 0.034614194 
885 401 13 17 0.034121513 
887 382 9 11 0.03273067 
849 354 11 15 0.032334648 
853 362 13 16 0.029843312 
838 413 13 17 0.029583883 
920 366 10 13 0.028724568 
922 378 14 18 0.028546466 
702 566 11 13 0.028150735 
878 362 11 14 0.027859394 
845 340 11 15 0.027771436 
845 348 13 15 0.026948942 
917 358 9 12 0.026534079 
882 382 9 11 0.02635126 
828 381 10 12 0.02633052 
951 375 10 13 0.026166806 
844 394 12 16 0.025685119 
844 402 12 15 0.024649825 
992 366 12 14 0.024187326 
919 397 12 15 0.023708398 
886 410 13 17 0.023619069 
695 608 11 13 0.023300646 
924 366 12 15 0.022631196 
992 391 12 16 0.02248611 
888 376 9 11 0.022252973 
871 341 11 14 0.021754386 
162 74 405 516 0.02130669 
860 339 11 15 0.021201584 
812 347 11 15 0.021144103 
841 390 11 14 0.020625992 
992 350 11 13 0.02055321 
992 324 9 12 0.020521473 
893 375 9 11 0.020444168 
909 372 12 15 0.020294078 
862 414 10 12 0.020118682 
847 336 10 12 0.02008694 
759 75 13 17 0.020081291 
