18_Concerts_Concerts_18_920
231
757 565 11 15 0.96686983 
822 572 12 15 0.94627994 
280 504 17 22 0.90920067 
852 556 12 15 0.8868534 
981 587 12 14 0.7526505 
751 624 12 16 0.71133363 
904 565 8 12 0.6440236 
908 518 9 12 0.55126125 
869 575 10 13 0.5244394 
950 525 9 11 0.46214968 
851 501 13 16 0.45149642 
928 563 10 13 0.358494 
243 607 41 59 0.33465478 
232 612 31 51 0.3328907 
998 616 11 13 0.3206746 
739 603 11 14 0.31368724 
943 579 11 13 0.30013865 
868 526 10 13 0.2832128 
829 555 10 13 0.26762962 
967 612 10 13 0.26212102 
800 556 9 12 0.2586256 
932 560 10 12 0.25856066 
903 488 10 13 0.24789277 
614 600 17 19 0.24774761 
875 665 13 16 0.23832095 
869 532 11 14 0.21849796 
769 623 10 12 0.21664394 
818 528 8 11 0.21615566 
855 590 10 13 0.21608803 
1005 516 8 11 0.2104299 
920 572 11 14 0.18807754 
912 629 12 15 0.17942557 
344 0 26 32 0.17906834 
897 610 10 13 0.17567201 
799 575 10 13 0.16991752 
617 566 8 9 0.11979786 
831 595 13 16 0.1161478 
402 11 16 20 0.112475105 
837 551 9 13 0.109658554 
662 413 36 49 0.10877903 
791 550 8 11 0.105939254 
884 588 10 14 0.10351329 
917 535 9 12 0.10294564 
725 105 16 19 0.10237087 
896 623 10 13 0.099095516 
986 589 10 13 0.0974452 
604 588 29 32 0.09691958 
756 597 12 14 0.086980775 
928 614 8 10 0.086404644 
766 638 11 13 0.08626149 
835 590 11 15 0.083085716 
871 538 12 14 0.08122985 
868 520 11 14 0.077005066 
448 92 31 36 0.0765754 
858 557 11 14 0.07435983 
723 161 15 21 0.07189569 
716 165 16 19 0.07092856 
762 59 16 19 0.0706124 
926 580 10 12 0.06757123 
884 596 11 15 0.0666371 
710 112 15 21 0.06459549 
950 587 10 12 0.06321729 
771 627 10 13 0.06289849 
881 603 9 11 0.06072516 
957 0 24 23 0.06050832 
834 69 101 105 0.057999354 
936 580 10 12 0.05779169 
549 56 63 75 0.05656301 
590 574 8 11 0.05621514 
881 628 9 13 0.05329674 
804 556 10 12 0.05206827 
798 566 10 12 0.05033439 
754 569 10 14 0.050288852 
904 511 10 14 0.049848896 
1002 611 11 15 0.049148303 
862 541 9 13 0.048804004 
693 168 16 19 0.04826707 
737 639 10 12 0.04758132 
820 531 9 12 0.04684315 
999 477 12 15 0.046667848 
813 616 13 16 0.046099447 
757 66 15 18 0.04533634 
901 496 12 17 0.04532878 
254 43 15 15 0.045023326 
856 88 65 64 0.044738438 
904 521 11 13 0.041879483 
866 579 10 14 0.041662123 
948 575 10 13 0.04162529 
394 3 27 34 0.040046938 
714 106 19 24 0.03890111 
897 523 9 12 0.03887963 
928 552 9 12 0.03879218 
601 575 9 12 0.038563654 
879 623 9 12 0.038509656 
755 52 26 30 0.038030922 
752 602 12 14 0.037755974 
633 421 57 72 0.03763189 
898 493 11 13 0.036939014 
671 565 8 10 0.0366237 
978 582 11 14 0.036076777 
856 541 10 12 0.035652116 
756 74 13 16 0.03556455 
877 539 10 13 0.035363007 
907 493 9 13 0.03526472 
200 565 11 13 0.03438379 
908 500 10 13 0.033943694 
826 563 13 16 0.03317137 
925 608 9 12 0.03291473 
589 568 9 11 0.032826018 
787 550 7 11 0.03279168 
187 515 13 16 0.032763317 
869 585 11 14 0.03274951 
993 618 12 14 0.032308605 
852 515 11 14 0.032090075 
890 572 9 12 0.031884868 
966 541 9 10 0.03169721 
287 504 15 20 0.031645972 
766 536 7 9 0.03160614 
764 603 11 14 0.031414617 
886 627 9 12 0.03129286 
824 551 11 14 0.030958496 
803 573 11 14 0.030954454 
804 74 15 19 0.03071647 
912 538 9 12 0.030483594 
971 606 11 14 0.029854987 
839 619 9 12 0.029692028 
590 579 11 12 0.02907343 
792 555 10 12 0.028678004 
750 76 14 16 0.028624853 
877 93 13 15 0.028123688 
894 599 11 13 0.028074216 
752 596 21 24 0.028056124 
799 630 8 11 0.02780141 
683 400 39 58 0.02765207 
762 598 11 13 0.027461194 
884 104 25 29 0.027379801 
887 604 9 13 0.027365102 
967 478 8 10 0.02735472 
868 598 11 13 0.027240215 
861 587 11 13 0.02672528 
604 578 13 15 0.026683597 
701 115 21 27 0.026533086 
739 607 14 17 0.026494835 
814 53 25 30 0.0264916 
662 574 8 10 0.026428547 
860 613 11 14 0.026419127 
942 558 9 10 0.026364336 
630 566 8 10 0.026302164 
686 162 15 19 0.02625479 
751 592 11 13 0.02622393 
249 636 37 47 0.026156843 
710 84 12 15 0.025986562 
280 543 24 36 0.025964111 
713 120 16 19 0.02592141 
685 655 10 12 0.025911603 
213 625 59 76 0.025750326 
709 424 14 18 0.025661072 
756 109 15 18 0.025610084 
999 597 10 13 0.025510456 
862 562 10 14 0.02549004 
898 487 10 13 0.025474627 
823 598 10 13 0.025425386 
974 542 9 10 0.025105573 
828 579 10 13 0.02487652 
950 501 9 11 0.024832273 
988 583 10 12 0.024549628 
554 27 108 116 0.02452729 
684 106 16 21 0.024481203 
896 499 11 15 0.024466665 
908 559 10 13 0.024288518 
902 627 11 14 0.024277702 
629 152 16 21 0.024166461 
709 168 18 19 0.024110818 
449 103 44 53 0.023960473 
904 511 17 23 0.023822993 
916 624 10 12 0.023744859 
876 644 10 13 0.023611879 
892 547 12 14 0.023475945 
858 620 9 12 0.023443371 
749 83 15 18 0.023237519 
865 570 18 22 0.023126528 
853 686 9 11 0.023088085 
901 560 18 23 0.023059929 
963 613 8 12 0.022961767 
675 112 21 28 0.022868818 
848 552 12 15 0.02266797 
805 597 10 13 0.022646677 
402 128 41 54 0.02262902 
917 13 16 19 0.02261446 
973 471 8 11 0.022556283 
76 515 97 132 0.022343565 
960 551 10 12 0.02233151 
798 613 10 13 0.022312846 
893 540 13 15 0.022305436 
771 635 12 15 0.022246316 
885 540 12 14 0.022235407 
584 640 8 10 0.022072513 
736 595 18 24 0.022009663 
621 570 10 12 0.021744175 
645 135 16 21 0.021699272 
751 608 21 24 0.021698015 
793 567 9 12 0.021697398 
783 581 8 10 0.02167506 
982 614 9 11 0.0216087 
805 640 11 13 0.021595223 
765 615 12 15 0.021562172 
691 120 15 19 0.021482471 
810 73 14 18 0.021360053 
908 487 9 13 0.02131616 
927 588 9 11 0.021255078 
694 170 26 27 0.021239797 
748 68 23 27 0.021126563 
873 99 25 31 0.021097846 
870 501 9 11 0.021061268 
887 567 10 12 0.020989416 
951 496 8 10 0.020949692 
999 470 11 15 0.020923441 
657 567 7 10 0.020870997 
870 494 10 12 0.020827923 
719 660 10 12 0.020761611 
949 528 11 14 0.020754144 
688 108 21 29 0.020744106 
435 101 26 29 0.02060767 
921 464 98 129 0.020438109 
991 575 9 11 0.020388432 
568 575 9 11 0.02037904 
793 573 9 13 0.020305358 
805 604 10 12 0.0203011 
151 566 8 10 0.020215765 
669 121 16 22 0.02013878 
830 542 11 13 0.020095643 
