18_Concerts_Concerts_18_60
29
502 399 26 34 0.9789767 
255 379 20 23 0.8602289 
717 405 16 23 0.12583524 
288 521 92 132 0.11879451 
67 188 150 203 0.101819 
437 41 119 180 0.07115404 
709 480 20 27 0.06648726 
1001 625 24 36 0.0642138 
93 358 16 22 0.060303938 
983 608 9 11 0.05993186 
513 445 22 31 0.053636875 
950 588 9 11 0.032634724 
976 619 9 13 0.031271543 
978 615 9 11 0.029059602 
488 75 109 184 0.028332084 
927 657 9 12 0.027478468 
717 476 23 31 0.02674421 
936 600 9 11 0.024525255 
240 406 10 13 0.023421576 
981 612 9 12 0.02305737 
950 607 7 10 0.022626348 
456 510 32 34 0.022529753 
243 405 13 17 0.022075286 
720 471 10 12 0.021995554 
8 83 94 145 0.02181501 
806 536 9 10 0.021523204 
482 441 25 31 0.020618131 
487 485 31 36 0.020467287 
538 378 403 518 0.020100752 
