3_Riot_Riot_3_123
79
588 465 70 81 0.91511434 
318 395 19 22 0.4249368 
126 151 374 370 0.2572182 
989 278 10 12 0.25308397 
893 352 46 53 0.2363921 
943 232 8 10 0.14062497 
360 242 135 162 0.118228644 
1002 315 13 18 0.10651366 
927 261 9 11 0.10629821 
892 353 26 39 0.101414286 
918 522 57 67 0.09634853 
960 264 7 9 0.07505049 
905 127 9 13 0.07415555 
914 247 8 10 0.0715003 
897 230 10 12 0.07108044 
288 205 231 251 0.063233964 
511 367 22 32 0.06308536 
943 271 9 11 0.062140964 
591 481 41 45 0.06162708 
999 301 12 16 0.060902346 
1000 308 12 16 0.06046153 
659 466 55 66 0.05985174 
997 306 21 29 0.05565229 
542 476 53 70 0.055354293 
502 61 94 122 0.0547372 
617 459 63 77 0.050671518 
944 263 7 10 0.050522678 
266 6 353 493 0.046653844 
873 33 26 32 0.046100967 
568 475 57 69 0.046027433 
128 425 17 21 0.039009698 
989 273 9 11 0.03900352 
621 481 34 36 0.03786264 
174 312 133 121 0.037199114 
895 356 14 20 0.036947068 
935 248 7 9 0.036454838 
920 264 8 10 0.03628173 
953 287 9 13 0.03556544 
634 488 18 19 0.035299737 
986 262 8 9 0.03496135 
839 595 41 45 0.034866843 
806 627 94 132 0.034145694 
262 522 65 64 0.03412564 
693 465 50 65 0.03261487 
834 641 55 87 0.032202534 
918 252 9 11 0.031682547 
983 281 11 15 0.031270556 
222 389 49 36 0.031243853 
80 203 249 297 0.031028967 
273 432 25 38 0.030522214 
954 213 8 11 0.030024156 
910 417 12 16 0.029617721 
925 229 8 11 0.029065812 
674 134 215 279 0.028446125 
816 198 95 125 0.028366543 
51 441 202 231 0.027335737 
886 367 27 36 0.027205465 
101 173 35 37 0.026646132 
911 278 10 12 0.026175186 
520 375 17 22 0.025394868 
599 449 101 123 0.02529173 
489 289 27 38 0.025067002 
902 130 13 18 0.024436329 
993 319 25 35 0.02432872 
981 355 12 18 0.02419909 
913 264 8 10 0.023678333 
980 292 39 57 0.023666268 
922 224 8 11 0.023314238 
876 338 82 97 0.023091339 
847 145 84 120 0.02272789 
103 423 51 61 0.021678893 
734 126 27 41 0.021458406 
960 110 46 72 0.021384912 
950 238 6 9 0.021298429 
886 376 16 21 0.020832377 
332 422 24 31 0.020448636 
998 294 12 16 0.020395989 
945 256 9 11 0.020122224 
781 532 16 20 0.020115219 
