3_Riot_Riot_3_522
66
116 162 27 32 0.99648106 
413 152 13 17 0.9797064 
407 209 35 40 0.9526864 
490 153 19 22 0.89702356 
628 210 31 35 0.82026774 
216 208 22 31 0.69947886 
885 198 28 33 0.46830258 
181 197 29 33 0.3806844 
439 154 14 19 0.35266373 
3 149 22 34 0.30170658 
460 152 10 13 0.23522785 
478 147 10 13 0.17106195 
456 153 11 15 0.15271556 
203 205 26 32 0.14276834 
378 170 19 23 0.11980322 
270 173 10 13 0.09662308 
227 213 23 29 0.095550574 
720 230 10 13 0.082394294 
265 201 17 21 0.08040145 
223 136 7 9 0.07744273 
461 179 10 12 0.064410396 
446 152 11 15 0.06411637 
618 205 29 36 0.054383006 
504 232 41 52 0.05027539 
713 96 9 12 0.046878334 
236 214 25 31 0.045564596 
470 149 11 13 0.04439209 
486 151 15 19 0.043528397 
515 157 14 18 0.043189075 
672 94 10 12 0.042570014 
476 142 21 26 0.0422675 
730 153 17 18 0.041978665 
198 344 53 38 0.04088741 
690 215 17 20 0.03838121 
193 186 19 25 0.037515543 
479 189 11 14 0.036958218 
648 215 18 23 0.03607482 
532 265 14 21 0.03464771 
254 209 23 33 0.03327706 
540 180 15 20 0.032849338 
507 154 12 17 0.03279458 
479 153 13 16 0.03231111 
607 316 54 57 0.030643186 
467 155 12 15 0.030101886 
157 77 16 20 0.028724793 
420 180 15 17 0.028126463 
372 154 15 17 0.027653577 
405 180 44 57 0.02762176 
454 150 20 22 0.027293243 
992 364 32 47 0.027038125 
503 222 30 37 0.026425317 
365 155 15 17 0.02612561 
453 161 12 16 0.025733862 
461 162 12 14 0.024950309 
206 219 28 37 0.02469372 
431 153 15 19 0.024412638 
467 171 43 52 0.023786271 
515 213 15 18 0.023364106 
217 141 10 13 0.023147259 
519 223 28 36 0.022645734 
221 138 10 14 0.022297198 
204 156 12 17 0.022089697 
677 214 26 28 0.021778947 
539 413 20 22 0.021251181 
379 176 26 33 0.020872239 
451 167 22 26 0.020420041 
