3_Riot_Riot_3_26
365
294 50 26 32 0.9991831 
250 229 31 38 0.9990783 
205 209 32 37 0.9990478 
789 61 27 35 0.99900645 
231 355 37 52 0.9989334 
359 71 27 32 0.99821377 
328 356 28 44 0.9977849 
658 63 26 33 0.99762064 
277 354 27 39 0.9975305 
674 228 29 32 0.9975178 
718 392 30 44 0.9965989 
193 44 21 29 0.9965928 
846 35 25 30 0.9965403 
248 93 25 29 0.9957158 
816 9 26 33 0.9956098 
935 161 29 38 0.99556977 
854 386 27 41 0.99525464 
464 75 26 30 0.9948718 
421 369 34 44 0.99369824 
940 -3 25 29 0.99233186 
986 185 33 41 0.9908406 
357 222 32 35 0.9883295 
1001 43 22 28 0.9852009 
467 209 27 32 0.9811529 
783 213 28 36 0.98063654 
899 155 27 33 0.978844 
255 332 32 37 0.9738946 
16 99 25 29 0.97323745 
337 423 26 38 0.9725687 
645 -1 25 24 0.9666117 
760 34 25 32 0.96390843 
973 16 23 27 0.9612609 
725 356 30 39 0.95520073 
894 45 24 28 0.94984215 
415 348 30 43 0.94973195 
674 355 33 36 0.93009216 
557 234 29 35 0.9199073 
646 211 22 26 0.89338696 
281 206 26 31 0.8818009 
208 434 22 37 0.8791846 
537 99 20 23 0.8777955 
796 344 16 20 0.8609548 
52 243 26 35 0.78915435 
98 362 23 29 0.7531092 
780 397 22 27 0.6748335 
151 331 26 31 0.6576911 
940 412 23 30 0.63241225 
58 324 26 33 0.62931365 
53 192 26 33 0.6245864 
642 345 24 35 0.5405645 
61 570 20 34 0.52545476 
891 243 23 30 0.4347922 
786 367 21 30 0.42370212 
863 356 14 18 0.42282698 
620 197 15 21 0.39907807 
532 212 25 31 0.3776733 
759 439 14 23 0.36145338 
602 215 27 37 0.33806455 
973 414 14 18 0.31991446 
735 492 24 33 0.31881145 
163 526 18 24 0.3100904 
961 381 17 23 0.30590147 
329 204 31 38 0.29640016 
511 81 16 20 0.29551962 
209 494 21 36 0.28404325 
428 215 26 33 0.2806053 
523 519 23 32 0.26053706 
923 370 13 18 0.23963581 
244 571 24 30 0.23850584 
913 343 9 12 0.23782526 
917 363 14 22 0.2324283 
758 69 17 22 0.23033096 
599 50 21 29 0.21260928 
786 446 25 38 0.20452476 
830 373 15 22 0.19200811 
948 417 25 34 0.16706948 
722 371 34 52 0.1373326 
979 363 15 17 0.13377546 
966 372 13 18 0.12830023 
122 513 23 32 0.124609075 
259 499 22 34 0.12294185 
951 407 12 15 0.12075044 
43 320 36 46 0.11975526 
787 381 17 25 0.11728877 
731 340 30 36 0.1151239 
787 397 25 33 0.113196045 
964 418 22 29 0.109460056 
795 369 22 30 0.108778276 
126 424 16 21 0.107940234 
92 509 18 21 0.10544649 
888 333 17 20 0.10354246 
912 357 12 16 0.100358635 
582 550 42 53 0.09834034 
150 350 16 21 0.097920604 
307 576 33 35 0.09775413 
337 212 35 40 0.09608633 
771 372 16 23 0.09213244 
578 516 32 46 0.09056356 
425 228 29 39 0.089909576 
941 403 11 15 0.0861888 
971 370 13 17 0.08555069 
853 306 11 15 0.08487152 
132 518 25 30 0.08433237 
690 48 20 29 0.08397293 
2 557 28 55 0.08375489 
996 440 26 31 0.0831829 
995 379 13 15 0.08120192 
461 215 39 45 0.08024615 
517 231 12 16 0.07767445 
769 312 25 29 0.07699649 
19 505 17 22 0.07662663 
891 237 16 19 0.075814776 
887 244 17 21 0.07569349 
868 351 12 17 0.07401676 
131 434 12 15 0.07343346 
999 415 10 14 0.07147197 
206 504 14 21 0.07086187 
653 387 21 31 0.07059157 
779 526 41 54 0.07051055 
821 362 19 26 0.069645666 
585 499 32 36 0.0692665 
506 65 26 34 0.068577886 
132 362 16 20 0.067101136 
203 450 18 26 0.06689247 
99 357 15 22 0.065879494 
756 45 24 34 0.06559579 
454 546 23 39 0.064813346 
363 571 21 26 0.0646411 
882 477 40 53 0.06316226 
859 381 15 23 0.062453996 
376 382 25 33 0.062334687 
774 404 25 31 0.062235687 
730 490 17 28 0.06203865 
757 378 15 19 0.0615849 
877 347 11 17 0.06061768 
989 386 14 19 0.05976651 
988 360 16 18 0.0593064 
219 491 16 25 0.05855964 
56 444 12 15 0.058521643 
904 242 24 34 0.05810471 
1006 313 13 20 0.057993192 
789 355 16 19 0.057906676 
790 362 17 22 0.057555176 
492 436 41 53 0.056643635 
590 497 14 18 0.056036532 
539 220 28 38 0.054430205 
656 550 29 35 0.05419948 
341 409 25 35 0.053680077 
969 380 15 19 0.053605206 
117 520 14 20 0.053450316 
570 540 39 51 0.053195663 
581 524 45 58 0.05311414 
322 426 25 39 0.05292627 
886 433 14 19 0.052911546 
158 329 13 15 0.050735414 
920 513 58 60 0.050556615 
149 440 16 20 0.04992911 
50 539 15 17 0.049879517 
235 562 17 25 0.049628973 
62 473 21 30 0.049220085 
763 374 16 22 0.048958052 
883 359 15 21 0.04819674 
865 352 21 26 0.047885593 
40 534 26 28 0.047457054 
740 332 15 20 0.0473378 
937 399 12 15 0.04709818 
387 379 12 17 0.046943486 
772 415 17 23 0.046824925 
190 442 29 33 0.046727374 
464 544 24 35 0.04552358 
937 417 14 20 0.04524205 
408 438 22 33 0.04520536 
14 541 42 52 0.045143194 
212 489 16 25 0.044972174 
950 504 33 35 0.044965886 
375 439 15 22 0.044294693 
885 344 14 21 0.044272322 
901 488 51 54 0.043928824 
9 503 25 31 0.04386885 
794 457 27 36 0.0434655 
545 517 43 52 0.0427901 
894 306 16 21 0.04101174 
810 370 18 24 0.040948775 
472 443 12 18 0.040946282 
988 426 12 17 0.040754378 
952 387 13 16 0.04047518 
604 46 13 17 0.039602026 
299 368 23 33 0.039524376 
377 571 16 22 0.03919393 
471 433 25 34 0.039055735 
657 453 27 36 0.03894269 
974 567 26 44 0.038815636 
997 472 13 20 0.038300432 
557 511 23 36 0.038287688 
774 399 18 22 0.038046036 
981 386 14 20 0.037776195 
957 430 15 23 0.037736956 
609 207 19 24 0.03749466 
340 387 29 33 0.037447356 
936 402 22 28 0.037437126 
994 356 14 18 0.036937725 
686 361 38 52 0.036804594 
72 477 23 33 0.036664523 
645 205 36 44 0.03645966 
874 485 32 37 0.036126263 
739 482 37 47 0.03611779 
521 219 23 30 0.035934944 
0 264 9 17 0.03572936 
468 552 14 22 0.035392612 
856 474 12 16 0.035254784 
71 329 13 19 0.034917492 
139 367 16 21 0.034890056 
580 457 27 34 0.034542933 
725 366 18 26 0.034152836 
742 369 28 32 0.034009542 
740 325 11 14 0.033616617 
874 359 17 21 0.033398576 
562 563 26 39 0.0333921 
872 419 23 30 0.033380806 
313 436 25 33 0.03320024 
820 356 16 19 0.033174094 
379 524 26 36 0.03312621 
51 263 30 37 0.03306897 
85 423 15 21 0.03300866 
107 510 22 30 0.03296057 
915 348 11 13 0.03295902 
245 498 27 34 0.032876547 
877 4 27 28 0.032681383 
651 348 27 38 0.032512315 
1002 417 15 20 0.03221995 
243 343 39 51 0.03197693 
27 509 15 21 0.031552445 
774 457 37 49 0.031547762 
417 563 22 30 0.031485498 
898 482 17 28 0.031447288 
92 420 13 18 0.031353507 
219 435 24 32 0.031020667 
847 301 13 18 0.03063839 
995 420 25 33 0.030537648 
593 167 18 21 0.030308396 
141 522 27 30 0.030189155 
768 377 23 30 0.029986596 
473 543 28 34 0.029979905 
345 403 18 21 0.02986451 
931 372 11 15 0.029733518 
731 402 29 31 0.029329587 
13 501 15 20 0.029317835 
684 581 22 34 0.029254895 
33 505 16 23 0.028915403 
534 484 15 17 0.028872482 
771 444 26 36 0.028866135 
990 404 10 15 0.02845905 
796 405 25 30 0.028405592 
822 14 33 45 0.028366242 
992 412 11 16 0.02826873 
35 482 23 34 0.0282319 
529 522 32 37 0.0282182 
800 393 18 25 0.028178243 
214 566 31 30 0.02815544 
991 373 12 15 0.028137818 
901 353 13 18 0.02804727 
897 235 18 22 0.027986012 
470 484 13 20 0.027831756 
85 482 27 34 0.027661188 
45 248 17 22 0.027273118 
931 499 40 36 0.027250338 
27 535 29 35 0.026924243 
997 405 22 28 0.02671894 
377 125 19 21 0.02660721 
1003 410 24 30 0.026513282 
509 228 21 28 0.026489904 
746 334 16 20 0.026296988 
940 534 49 63 0.026247486 
354 363 25 33 0.026247183 
1012 417 13 17 0.02607035 
486 584 41 44 0.026012763 
988 438 23 29 0.025988504 
757 465 37 49 0.025970384 
52 475 21 31 0.025951339 
639 464 25 37 0.0256487 
138 431 24 31 0.025584036 
163 513 18 26 0.025574042 
196 552 28 36 0.025522368 
473 478 25 31 0.025440073 
324 206 19 26 0.0250295 
933 367 22 27 0.024823297 
1004 436 16 18 0.02477891 
630 194 23 30 0.024580527 
670 564 26 36 0.024454022 
375 445 25 31 0.024343291 
264 411 24 33 0.024308916 
761 318 26 30 0.024190348 
636 478 17 22 0.024052545 
316 363 28 38 0.02389794 
196 492 26 36 0.023882026 
0 540 21 37 0.023495164 
988 351 15 19 0.023476593 
81 379 11 17 0.023197897 
49 565 37 48 0.023144688 
753 339 17 20 0.023114167 
89 364 23 31 0.023078166 
51 131 18 23 0.023004465 
659 568 26 31 0.02298274 
997 393 13 18 0.02296164 
46 303 28 40 0.022959433 
987 442 38 53 0.022901658 
114 186 38 40 0.022854608 
132 439 14 19 0.022741547 
553 538 40 49 0.022716783 
595 387 23 29 0.022597687 
907 306 101 118 0.022577059 
68 468 14 19 0.022533018 
51 330 20 24 0.022464413 
735 326 11 14 0.022405503 
211 482 28 38 0.022258814 
379 562 24 31 0.022106973 
927 556 39 51 0.022005081 
759 385 22 30 0.021952596 
954 412 13 16 0.021895142 
813 360 17 21 0.021886269 
988 434 13 18 0.021872144 
411 423 22 35 0.021867823 
484 499 26 31 0.02185816 
883 368 13 19 0.021754153 
892 352 13 18 0.021720892 
586 492 23 29 0.02171118 
91 417 23 31 0.02160745 
715 487 27 36 0.021606047 
265 490 25 36 0.021522371 
44 550 32 42 0.021482537 
559 610 46 49 0.021446072 
891 429 14 19 0.021429695 
334 373 34 35 0.021334311 
650 341 16 19 0.021308681 
731 345 19 22 0.021276755 
3 485 31 40 0.02125356 
924 358 12 17 0.021243466 
506 509 39 47 0.0212273 
955 517 32 42 0.02119904 
109 348 12 15 0.021179054 
113 370 14 18 0.020957913 
762 438 24 33 0.020948201 
64 183 26 36 0.020943088 
59 339 18 24 0.02094185 
742 550 31 36 0.020924952 
369 371 23 35 0.02087823 
735 331 13 17 0.02086714 
196 329 26 33 0.02085339 
355 426 25 36 0.020834075 
885 251 18 24 0.020833623 
950 377 22 27 0.020823848 
368 519 27 38 0.02077846 
420 421 16 20 0.020747982 
890 322 18 23 0.020675736 
949 513 18 18 0.020553555 
495 506 16 20 0.020463679 
53 440 22 29 0.020269807 
846 467 26 34 0.020259608 
455 518 25 30 0.020230995 
73 404 38 52 0.020132314 
989 467 24 32 0.020115072 
725 504 46 57 0.020076679 
47 444 12 16 0.02007009 
758 534 43 54 0.02000769 
300 388 18 22 0.020007337 
