3_Riot_Riot_3_199
866
980 332 27 41 0.99516135 
83 157 19 23 0.97282946 
923 194 13 18 0.9694034 
894 189 15 20 0.9574771 
957 181 15 17 0.9496247 
92 91 12 15 0.9348601 
771 182 12 17 0.9290308 
331 180 17 20 0.92491007 
846 175 12 17 0.9190884 
854 204 14 18 0.91357946 
196 235 20 26 0.90107393 
818 188 14 19 0.885996 
530 186 14 18 0.8541504 
397 195 17 22 0.83426017 
115 122 12 16 0.8252184 
429 317 26 37 0.8222169 
755 173 12 16 0.8199287 
854 253 20 29 0.8190985 
1012 188 12 19 0.77308893 
875 193 11 15 0.71676356 
69 291 34 59 0.69365376 
390 109 10 12 0.6785267 
824 168 11 13 0.678258 
981 159 10 11 0.6216958 
607 172 12 14 0.6181486 
536 142 9 12 0.61692756 
484 278 22 26 0.59861696 
477 147 12 15 0.5898961 
62 111 12 15 0.5806835 
780 225 17 22 0.5539274 
715 180 12 15 0.52741146 
374 109 10 13 0.5119974 
583 405 41 40 0.5106415 
364 146 11 15 0.50289977 
85 124 10 14 0.5012039 
413 158 12 16 0.48880652 
225 173 11 13 0.48312655 
715 174 11 14 0.46557957 
839 220 14 18 0.4622029 
661 172 12 17 0.44989327 
584 158 11 13 0.44072247 
277 149 9 12 0.43755051 
636 163 10 13 0.42411572 
374 158 12 15 0.40218565 
721 135 8 10 0.3984829 
970 193 18 23 0.3926287 
123 282 23 32 0.3908171 
898 221 13 16 0.3855321 
181 113 9 11 0.37696004 
612 140 10 12 0.37372524 
390 155 13 15 0.36784527 
979 193 15 19 0.36120716 
118 82 10 13 0.34911972 
957 157 8 10 0.34598085 
470 149 11 14 0.30428126 
440 178 15 19 0.3033275 
334 116 11 14 0.30141395 
909 157 9 12 0.3003708 
726 187 10 13 0.29959294 
296 83 9 11 0.29048404 
557 142 8 10 0.28881854 
791 172 14 17 0.27504876 
199 141 10 13 0.27363676 
242 126 9 10 0.27360338 
310 102 8 11 0.26692373 
135 76 9 11 0.26382288 
988 196 12 16 0.2520274 
527 140 10 12 0.25085118 
677 163 10 13 0.2479006 
372 177 14 20 0.23610957 
614 155 9 12 0.23523927 
858 229 11 16 0.23058526 
449 148 9 12 0.23044977 
1000 166 9 11 0.22523762 
584 142 8 10 0.22430775 
256 150 10 13 0.22064646 
150 84 11 15 0.21750344 
633 135 9 13 0.21575914 
687 171 10 12 0.21352126 
334 111 10 13 0.21124369 
791 167 10 11 0.2050914 
425 270 21 27 0.20441735 
847 158 9 11 0.19502592 
717 168 10 12 0.19316046 
909 174 12 15 0.19236639 
276 72 8 10 0.19024077 
292 101 12 15 0.18959725 
489 117 8 11 0.18938638 
869 143 11 13 0.1886038 
278 119 9 13 0.18391076 
200 178 13 18 0.18367988 
145 85 10 12 0.18278953 
929 173 10 13 0.18261226 
239 118 9 11 0.18186936 
308 176 11 16 0.17988788 
735 129 7 9 0.17419392 
354 221 12 15 0.16942072 
263 88 9 11 0.16749752 
569 132 10 12 0.16693157 
273 142 10 13 0.16379939 
797 132 9 11 0.16099164 
32 270 28 41 0.15981911 
299 218 13 16 0.15697083 
446 134 9 10 0.15690205 
808 144 8 10 0.15322646 
390 160 16 19 0.15303886 
224 167 11 14 0.15140857 
933 175 10 12 0.14589661 
591 136 7 9 0.14418477 
797 198 13 16 0.14392965 
212 183 14 19 0.14246748 
494 112 7 9 0.1414546 
570 127 8 11 0.14094864 
429 156 13 16 0.13606867 
829 173 11 12 0.13604589 
149 110 10 12 0.13585664 
811 223 14 21 0.1356265 
668 175 11 14 0.13359143 
1000 160 9 11 0.13167293 
464 102 7 9 0.13144515 
569 416 44 40 0.13061735 
740 201 12 14 0.12956755 
138 71 8 11 0.12932098 
816 171 9 12 0.12836099 
490 112 7 9 0.12794714 
807 174 9 12 0.12688401 
982 175 10 12 0.12487831 
406 160 14 17 0.12336289 
216 102 8 11 0.12332285 
751 151 8 11 0.12072169 
158 176 14 17 0.11935064 
608 136 9 12 0.119241126 
537 211 17 22 0.116421245 
705 117 10 11 0.11639397 
793 126 9 11 0.11559407 
448 128 8 10 0.11453482 
159 108 10 12 0.114259295 
743 149 9 12 0.114095256 
735 160 9 11 0.11399951 
886 167 9 13 0.11380811 
157 102 11 14 0.11206266 
913 275 15 17 0.110672385 
127 79 8 10 0.109929055 
909 166 10 11 0.10986922 
866 147 10 12 0.10938097 
598 156 8 11 0.10734076 
113 80 11 12 0.104020484 
991 210 12 15 0.10318789 
552 314 25 41 0.102835625 
500 342 31 48 0.102502726 
271 111 8 11 0.10171657 
374 114 12 14 0.10169219 
600 173 10 13 0.10129528 
319 116 8 11 0.098771654 
577 165 10 12 0.09870482 
721 128 8 9 0.09858409 
607 340 30 35 0.09844242 
543 163 10 13 0.09837372 
446 143 10 11 0.09658952 
317 146 13 16 0.096339926 
277 76 8 10 0.095060855 
592 375 47 55 0.094691716 
296 150 10 13 0.09456997 
429 102 8 10 0.09436261 
820 220 13 18 0.09415421 
205 143 11 13 0.09375651 
272 77 8 11 0.09337558 
272 117 9 12 0.0925144 
101 197 21 28 0.092513986 
727 163 10 12 0.091266625 
725 134 8 10 0.09044734 
648 150 10 12 0.090136856 
542 315 24 38 0.08926989 
160 117 10 13 0.08724133 
902 242 13 16 0.08664615 
695 168 8 12 0.08621126 
193 101 10 12 0.08559276 
584 151 12 14 0.085540116 
405 118 10 12 0.08467533 
534 136 10 13 0.0844223 
792 161 8 11 0.084418595 
720 138 10 12 0.084301464 
59 102 13 17 0.084147304 
786 167 9 10 0.08407233 
255 128 8 11 0.08393888 
703 152 8 11 0.08360937 
654 135 9 11 0.08324295 
493 117 9 11 0.08311657 
254 71 8 11 0.083088726 
383 109 10 13 0.08293026 
303 102 10 12 0.082365334 
779 183 11 14 0.08167423 
441 136 7 10 0.0815663 
374 132 10 14 0.08136494 
709 112 8 10 0.08132562 
263 179 13 15 0.08057584 
877 222 12 15 0.08053846 
616 502 31 36 0.08034007 
254 111 8 11 0.0801849 
649 136 8 10 0.080053344 
671 158 11 14 0.07996668 
368 153 13 17 0.07993104 
727 128 7 9 0.078443326 
358 121 13 15 0.078397974 
438 140 10 12 0.078187145 
751 134 9 10 0.077985436 
394 155 16 18 0.07767356 
649 141 8 11 0.07679715 
432 140 11 13 0.076690696 
550 179 12 16 0.0765061 
573 128 9 10 0.07624734 
631 158 13 16 0.07584518 
132 110 11 13 0.0755569 
256 132 9 11 0.075492255 
894 168 9 11 0.07517528 
832 180 12 14 0.07434785 
952 151 9 11 0.07429408 
352 115 11 14 0.07395272 
483 148 10 14 0.07371277 
260 155 12 14 0.07357454 
174 260 23 32 0.073289424 
648 119 8 11 0.073085494 
296 106 11 14 0.07289541 
750 128 7 10 0.072880775 
198 128 9 11 0.07268051 
142 78 10 11 0.0725857 
934 141 9 13 0.07211729 
810 168 10 12 0.07204118 
320 111 8 11 0.07152774 
595 353 47 51 0.07142729 
652 148 12 15 0.07127234 
32 95 10 12 0.07103303 
199 134 10 13 0.071005836 
881 166 10 13 0.07088746 
204 165 12 16 0.070714325 
289 97 9 11 0.07071169 
356 111 10 13 0.07052263 
519 311 39 54 0.07048163 
398 117 10 12 0.07046366 
614 168 11 14 0.07023053 
948 204 13 16 0.06996054 
987 181 11 14 0.06969939 
649 125 8 10 0.069683455 
925 237 16 19 0.06916277 
77 126 14 18 0.06894228 
637 139 9 11 0.068399735 
279 111 8 10 0.06820679 
732 186 11 13 0.06770404 
951 171 11 13 0.0674811 
179 247 25 33 0.067473136 
202 172 13 18 0.06741873 
463 98 6 8 0.06710165 
722 112 7 10 0.06682033 
843 224 15 17 0.065522686 
846 168 9 13 0.06493312 
552 137 9 11 0.064719625 
519 208 14 20 0.06342546 
586 136 8 10 0.06314833 
46 85 8 11 0.06296175 
849 153 8 10 0.06270278 
374 124 10 14 0.06244478 
69 127 16 19 0.06214381 
826 190 12 15 0.061593313 
886 227 13 15 0.061314587 
589 163 10 13 0.061217446 
503 119 7 10 0.06118388 
395 110 10 12 0.061176736 
405 149 13 17 0.06097865 
653 142 10 12 0.060665894 
34 272 46 61 0.06061567 
619 172 10 13 0.0605111 
536 127 8 10 0.060334876 
296 215 11 15 0.060264993 
239 113 8 11 0.05973513 
576 140 8 11 0.059509158 
414 268 23 31 0.059472047 
522 139 9 12 0.0593064 
151 195 15 20 0.059245855 
929 179 11 15 0.05916419 
340 118 10 14 0.0587176 
450 103 7 9 0.05867969 
744 145 8 10 0.058625292 
504 136 9 12 0.058527656 
558 148 9 12 0.058301415 
805 195 11 14 0.05824697 
192 126 9 11 0.0573953 
211 148 10 12 0.05704657 
590 141 8 10 0.056870114 
501 149 11 13 0.05653244 
260 134 9 11 0.05641112 
127 116 10 13 0.056360584 
419 156 12 17 0.05630426 
225 68 7 10 0.05597061 
562 217 16 25 0.055676058 
128 140 12 15 0.055577036 
422 132 9 11 0.055563364 
255 116 8 10 0.055542972 
818 233 15 19 0.055461884 
539 146 11 13 0.055336945 
483 166 13 17 0.05518091 
262 200 16 22 0.0551655 
852 159 10 11 0.055159234 
916 175 9 12 0.054858778 
853 151 8 10 0.05458442 
545 288 27 33 0.05445692 
70 85 11 14 0.05439571 
983 154 10 12 0.05431762 
465 151 11 15 0.0541847 
527 112 8 9 0.05406923 
568 157 9 12 0.05400657 
535 166 11 13 0.053897455 
863 260 17 23 0.05378793 
431 150 11 15 0.053291526 
206 111 9 11 0.0527979 
235 117 8 11 0.052753963 
580 169 13 15 0.052674886 
118 194 13 19 0.052548412 
134 263 25 33 0.05250766 
152 101 10 14 0.05187393 
221 125 8 10 0.051758915 
624 118 7 9 0.051583752 
695 141 9 11 0.05134531 
250 70 7 10 0.051048353 
808 190 10 14 0.051000163 
533 171 12 15 0.050960053 
845 209 14 18 0.05089807 
558 137 8 10 0.05087246 
156 91 9 12 0.050821025 
147 145 13 15 0.050715853 
744 129 7 9 0.05070776 
559 166 11 14 0.050524063 
761 116 7 10 0.050386947 
176 127 9 12 0.050342984 
852 164 13 14 0.050145898 
841 174 11 15 0.050056204 
328 110 10 12 0.049882673 
527 117 7 10 0.04980077 
462 133 9 12 0.049694736 
752 142 8 11 0.049506225 
155 200 17 22 0.049426906 
805 180 10 13 0.049418926 
67 115 12 14 0.049190387 
656 162 11 14 0.04916885 
189 378 39 60 0.048702117 
761 111 7 11 0.048579615 
994 203 13 17 0.048461877 
907 280 18 20 0.048273817 
25 55 7 10 0.048173953 
408 110 8 11 0.04809174 
976 164 9 13 0.04807528 
485 142 10 12 0.04796021 
507 139 11 14 0.047913056 
136 65 9 11 0.047784526 
223 169 17 21 0.047660228 
943 209 14 17 0.04760017 
52 302 43 56 0.047466073 
786 125 8 10 0.047436904 
496 150 11 13 0.047242694 
464 127 8 10 0.04712052 
618 341 17 22 0.047105864 
662 151 9 13 0.04689651 
311 162 12 17 0.04688649 
686 204 11 16 0.046670295 
722 118 8 10 0.046600852 
496 134 9 11 0.04618876 
550 124 9 11 0.045921814 
678 182 10 12 0.045846827 
549 160 9 11 0.045635052 
705 124 9 11 0.04557783 
900 215 12 15 0.045575727 
929 169 8 10 0.045469657 
90 125 10 14 0.045217607 
409 103 8 11 0.045115747 
509 134 10 13 0.0450852 
725 141 10 12 0.045033805 
99 92 11 14 0.04489595 
312 107 9 12 0.044872757 
231 96 7 10 0.04485746 
816 184 11 15 0.044736736 
61 95 10 13 0.04468492 
942 173 10 13 0.044659045 
205 127 10 12 0.04464255 
293 207 9 12 0.04453208 
621 166 10 13 0.044462115 
215 96 8 10 0.044368558 
558 210 15 19 0.044262357 
609 150 9 13 0.044045247 
575 159 10 13 0.04400411 
686 151 9 11 0.04369067 
752 155 9 11 0.043679945 
58 77 8 11 0.043672197 
414 111 8 9 0.04355429 
125 84 9 11 0.043387856 
190 119 9 11 0.043174736 
464 142 10 14 0.043081168 
61 79 9 11 0.043019637 
330 324 32 44 0.042940225 
758 141 8 10 0.042738892 
429 219 11 18 0.042712 
246 119 8 11 0.04241356 
688 142 8 11 0.04241047 
521 117 8 10 0.042372994 
992 165 10 11 0.04218189 
429 224 23 31 0.042175815 
265 116 8 10 0.041995894 
136 84 9 11 0.04172426 
758 157 10 11 0.04170948 
158 123 11 13 0.0417024 
599 134 9 11 0.04141774 
791 189 10 12 0.0412167 
249 149 10 14 0.041197352 
982 317 29 35 0.04110585 
662 135 8 10 0.041017912 
908 241 13 18 0.040909376 
958 201 14 18 0.04076788 
796 167 9 12 0.040664278 
91 200 23 27 0.040638395 
164 109 8 12 0.040127985 
225 64 7 10 0.040124603 
752 168 10 14 0.040081963 
252 332 40 57 0.039933138 
201 110 8 10 0.039911013 
943 143 9 12 0.039890736 
765 177 10 12 0.03982516 
624 113 7 9 0.039469287 
798 190 10 13 0.0394401 
271 104 8 10 0.03943755 
900 139 11 13 0.039375298 
132 145 11 15 0.039318558 
344 219 11 17 0.039170578 
864 157 9 12 0.039161745 
350 288 27 32 0.03915775 
499 155 11 13 0.039155103 
334 304 40 53 0.038866106 
133 124 11 13 0.038864594 
244 132 10 12 0.03882897 
192 95 10 12 0.038714312 
784 171 12 16 0.03866695 
711 127 7 9 0.038569827 
380 156 12 16 0.038533 
871 220 12 16 0.038410816 
455 133 10 12 0.03836908 
883 243 13 16 0.038219925 
433 126 8 10 0.038185805 
186 263 16 22 0.038054086 
124 124 11 14 0.037971433 
433 264 23 33 0.037916206 
299 79 10 12 0.03789921 
758 152 8 10 0.037885047 
686 159 9 11 0.03786391 
737 112 7 8 0.037772767 
295 225 12 16 0.03768371 
57 96 9 11 0.03768313 
64 85 9 12 0.037644755 
791 120 9 10 0.03758736 
210 102 8 10 0.037236147 
205 189 15 20 0.037212852 
900 184 14 17 0.03720993 
545 262 22 29 0.037078533 
741 182 10 12 0.03707799 
934 167 8 10 0.03704926 
295 134 10 12 0.03701437 
958 238 11 15 0.03697643 
511 117 7 10 0.036760394 
573 213 9 13 0.036746573 
785 161 8 10 0.036742166 
495 125 9 11 0.03670616 
904 152 11 13 0.036663607 
366 123 12 14 0.036635775 
268 85 9 11 0.03639455 
582 127 8 10 0.036376245 
830 160 9 11 0.036327224 
523 204 23 29 0.03625829 
380 174 11 17 0.03620726 
988 174 11 13 0.036104016 
679 188 11 13 0.035407204 
465 120 8 9 0.035349198 
773 178 10 13 0.035129834 
216 173 12 15 0.034991898 
687 119 7 9 0.03498721 
644 156 10 15 0.034965985 
436 186 23 32 0.034914814 
421 179 13 17 0.03487222 
741 156 9 12 0.03462179 
48 62 8 9 0.03460985 
254 104 8 10 0.03460915 
567 151 9 12 0.034602858 
165 267 24 29 0.0345898 
577 188 11 15 0.034498215 
735 142 9 11 0.034476083 
945 148 8 11 0.03443688 
747 198 11 14 0.034241162 
274 123 9 12 0.034234397 
791 194 14 18 0.03416799 
797 159 8 11 0.034147635 
311 131 9 11 0.034141783 
568 400 37 41 0.034082476 
648 192 9 12 0.034043636 
598 167 9 12 0.03403939 
644 212 9 12 0.034000613 
660 164 12 17 0.03379607 
280 103 8 11 0.033732865 
906 172 11 14 0.033666473 
272 136 10 12 0.033585943 
860 246 14 20 0.033515774 
940 179 10 14 0.033501126 
886 277 12 16 0.033475213 
143 79 20 26 0.033394106 
521 112 8 10 0.03334136 
614 188 12 14 0.033282984 
448 109 8 11 0.033281207 
655 203 9 12 0.033272114 
206 117 9 10 0.03322088 
576 182 10 14 0.0332127 
435 238 16 20 0.033178374 
248 110 9 10 0.033095863 
58 114 11 14 0.033050835 
347 154 13 16 0.03303123 
386 105 19 23 0.032945048 
84 202 17 20 0.032882404 
356 215 14 17 0.032882147 
655 176 12 15 0.0327799 
317 221 24 32 0.032719538 
694 126 8 10 0.03270269 
470 126 9 11 0.03269464 
260 207 23 31 0.032592434 
379 162 12 17 0.032560136 
466 146 20 24 0.03249445 
678 170 11 15 0.032460764 
592 171 11 14 0.03232099 
624 126 7 10 0.03232023 
566 164 10 14 0.032317024 
554 474 46 47 0.032305736 
257 87 8 11 0.032195244 
877 212 12 15 0.032120753 
540 135 10 12 0.032094523 
49 101 8 13 0.032025788 
740 186 12 15 0.032017704 
366 210 13 17 0.031997778 
858 199 14 18 0.0319553 
292 234 16 20 0.0319541 
193 178 12 18 0.031602915 
24 325 46 56 0.03157233 
454 119 8 10 0.031492144 
821 164 17 21 0.031382445 
436 158 11 14 0.031360283 
302 131 10 13 0.031335536 
254 173 11 13 0.031291313 
216 120 8 11 0.031246247 
183 132 10 13 0.031234194 
968 228 11 13 0.031065999 
277 176 13 17 0.031025255 
438 324 29 37 0.03101879 
208 234 16 23 0.031010835 
57 71 8 11 0.031004062 
466 181 21 28 0.030901618 
13 72 9 12 0.030871458 
437 198 25 33 0.030836675 
110 49 8 10 0.030616166 
175 195 13 17 0.030587677 
799 143 9 11 0.030550221 
430 177 14 19 0.030479232 
788 222 20 26 0.030423455 
161 64 8 11 0.030406373 
567 120 8 10 0.030238178 
696 151 9 11 0.030175291 
777 212 22 30 0.030142915 
190 131 12 14 0.030010428 
543 127 9 10 0.02993897 
488 122 10 13 0.02976578 
828 219 14 18 0.029748889 
956 165 11 14 0.029721003 
962 176 15 17 0.02954071 
449 119 8 11 0.029380076 
248 104 8 10 0.029311538 
76 86 11 14 0.029204791 
158 149 9 12 0.02919014 
101 188 15 19 0.029147388 
611 176 13 14 0.029142197 
973 323 27 35 0.029074512 
867 203 13 17 0.02905233 
558 172 11 14 0.029042 
404 122 12 14 0.028981086 
351 219 20 25 0.028937701 
877 234 15 17 0.028929306 
702 173 9 11 0.028868183 
560 112 8 10 0.02884207 
798 256 15 18 0.028840734 
511 174 11 15 0.028809607 
600 128 8 10 0.028737007 
592 180 11 14 0.02868898 
622 157 10 13 0.028687343 
959 189 19 24 0.028651314 
559 157 10 13 0.028647212 
394 166 16 18 0.028640239 
792 141 9 11 0.02863988 
54 125 10 14 0.028595617 
876 291 14 19 0.028594464 
482 209 22 29 0.028579276 
512 113 7 10 0.028551847 
929 199 15 17 0.028539617 
193 141 10 14 0.028524218 
526 294 42 54 0.028513877 
869 226 13 16 0.028233683 
183 104 8 11 0.028218385 
800 148 8 10 0.028188208 
865 134 9 11 0.028139042 
635 552 16 20 0.028084159 
313 148 11 15 0.028028842 
383 114 12 15 0.027985997 
264 100 10 12 0.027963601 
669 152 8 11 0.027944073 
869 156 10 12 0.027942028 
306 219 13 17 0.027901826 
483 154 12 14 0.027895557 
288 203 12 18 0.02782813 
453 142 10 12 0.027819056 
151 178 16 17 0.027812224 
786 109 9 11 0.02772127 
993 321 17 22 0.027676212 
686 112 7 8 0.027645718 
156 142 11 14 0.02756479 
901 284 15 19 0.027563825 
144 113 12 15 0.027532553 
301 243 14 16 0.027522156 
906 194 13 16 0.027499879 
296 73 9 10 0.02745325 
368 117 11 14 0.027410729 
300 213 21 28 0.027388249 
894 241 13 17 0.027301565 
494 105 7 9 0.027280714 
934 136 9 11 0.027208608 
378 181 14 21 0.027166674 
862 173 9 13 0.027164998 
841 167 9 11 0.027140956 
297 174 11 14 0.026941689 
776 220 14 20 0.026817262 
626 518 17 22 0.026754702 
540 171 12 16 0.026734546 
813 144 8 10 0.026716078 
445 183 23 29 0.026500437 
446 154 11 15 0.026470982 
307 245 12 15 0.026459496 
892 260 12 16 0.026450139 
286 165 9 12 0.02644804 
709 150 9 12 0.026384218 
190 110 9 11 0.026275897 
365 250 24 29 0.02626902 
164 185 12 17 0.026224026 
495 140 10 13 0.026124788 
743 167 9 11 0.026112523 
39 261 26 36 0.02607864 
736 104 7 9 0.026038544 
85 138 12 17 0.025992095 
388 122 13 15 0.025989275 
263 71 8 10 0.025971044 
862 189 12 14 0.02596055 
976 172 11 14 0.02592269 
965 430 17 20 0.025870863 
438 148 10 14 0.0258333 
248 86 8 10 0.025787145 
552 296 33 45 0.025762865 
508 148 10 12 0.025739918 
293 142 11 13 0.025720498 
165 102 9 14 0.025701117 
313 116 10 13 0.02568298 
268 172 13 18 0.0256524 
653 191 10 12 0.025532402 
367 133 13 16 0.025532272 
488 135 9 11 0.025531346 
871 166 9 12 0.025466971 
46 77 8 12 0.025456546 
64 130 13 16 0.02539567 
424 109 8 11 0.025367586 
632 150 9 12 0.025351403 
967 149 9 12 0.025332648 
117 194 21 30 0.025304329 
765 164 10 12 0.025289422 
265 79 9 11 0.02526589 
330 113 19 23 0.02524901 
719 160 10 12 0.025224142 
877 181 12 13 0.025220683 
433 136 8 11 0.025195835 
365 137 19 25 0.025131939 
166 64 9 11 0.025110891 
915 313 17 24 0.025056407 
267 196 22 30 0.025051054 
701 166 9 12 0.025029853 
441 127 7 10 0.025013562 
233 113 9 11 0.024988897 
253 209 16 21 0.024967832 
286 141 10 12 0.024921821 
855 144 8 10 0.024891786 
840 159 9 12 0.024886237 
641 118 8 10 0.02486839 
839 195 10 13 0.024826195 
648 103 8 11 0.024813903 
862 182 9 12 0.024746768 
822 144 9 10 0.024727311 
681 150 9 12 0.024643557 
539 180 12 18 0.024482826 
647 110 9 11 0.024469124 
261 142 11 14 0.024449399 
972 181 12 16 0.024439683 
713 134 8 10 0.024433225 
285 148 10 14 0.024320852 
9 94 9 13 0.02430252 
373 212 11 15 0.024273882 
548 192 12 16 0.02425961 
896 159 8 11 0.024230057 
257 48 8 9 0.02415325 
245 257 24 29 0.02413688 
98 156 14 18 0.024092628 
397 143 15 17 0.024053065 
155 185 16 19 0.023946019 
222 102 8 10 0.023931641 
563 320 31 36 0.023902502 
325 86 9 11 0.02388042 
743 111 7 8 0.023872843 
229 218 14 18 0.023860514 
454 127 8 10 0.023857692 
524 203 14 18 0.023831025 
277 133 11 14 0.023805378 
621 150 10 13 0.023801934 
863 165 9 12 0.023761326 
149 263 25 33 0.023751132 
315 154 14 17 0.023741031 
584 96 8 10 0.023566473 
641 111 8 10 0.023550296 
680 119 8 10 0.023542684 
200 61 8 10 0.023541713 
632 181 11 13 0.02353119 
302 95 10 13 0.023526622 
66 232 16 21 0.023526205 
527 126 8 10 0.023520816 
825 162 9 11 0.023505604 
737 118 7 9 0.02349581 
774 134 8 9 0.023440333 
640 152 8 11 0.023437936 
744 133 8 10 0.023393717 
542 209 20 28 0.023358954 
478 216 15 20 0.023294453 
428 240 26 32 0.023176711 
184 261 27 36 0.02315411 
632 171 11 12 0.023106845 
350 179 12 16 0.023096966 
606 111 7 10 0.023073541 
54 63 8 9 0.02300492 
787 211 14 19 0.022991585 
431 209 21 32 0.02298878 
365 174 15 21 0.02298814 
1004 171 10 13 0.022987539 
807 127 8 11 0.022975078 
252 179 13 17 0.022965383 
680 143 8 10 0.022963256 
317 103 10 13 0.022946248 
482 118 8 10 0.022858527 
773 230 23 30 0.022836028 
769 129 8 10 0.022799192 
724 172 11 14 0.02278681 
267 265 15 21 0.022740507 
765 111 8 10 0.02273613 
167 147 9 12 0.02272051 
144 102 10 14 0.02269907 
342 162 13 16 0.022678746 
475 271 34 44 0.022651358 
1005 209 14 17 0.022635717 
940 217 14 17 0.022615837 
960 142 8 10 0.02253489 
327 121 13 17 0.02244811 
988 240 14 18 0.022433931 
330 227 15 18 0.022433609 
262 164 13 17 0.022418939 
978 153 18 22 0.022413583 
478 135 10 12 0.022390908 
210 96 7 10 0.02237072 
560 118 8 10 0.022365475 
654 127 8 9 0.022330387 
406 131 12 14 0.022307629 
474 169 22 25 0.022284223 
452 200 14 20 0.022246087 
712 37 7 10 0.022147497 
516 193 21 27 0.022147316 
873 256 18 23 0.022112569 
427 179 24 29 0.022071159 
847 198 11 14 0.022060774 
579 322 43 54 0.022014815 
278 64 8 10 0.021982161 
529 167 11 14 0.021963408 
239 343 42 60 0.021960156 
600 412 22 26 0.021952411 
854 188 11 14 0.021913089 
929 134 8 11 0.021904424 
773 178 18 24 0.021881558 
196 156 13 16 0.021878995 
774 128 8 9 0.021866271 
676 3 12 13 0.021842143 
230 241 14 19 0.021825787 
717 129 19 24 0.021823833 
854 230 20 25 0.021815334 
968 165 11 13 0.02174705 
60 228 16 21 0.021724992 
584 100 7 10 0.021723162 
382 251 22 31 0.021719385 
751 16 9 11 0.021677086 
485 202 16 21 0.021627638 
241 63 8 10 0.021626422 
853 219 13 18 0.021604413 
531 138 18 23 0.02159602 
61 71 8 11 0.021577513 
622 140 10 13 0.021556146 
624 134 9 12 0.02153788 
175 103 9 11 0.021506911 
459 221 16 21 0.021479229 
192 148 11 14 0.021471336 
536 156 12 15 0.021452175 
414 104 7 9 0.021448458 
696 156 9 12 0.02143785 
565 225 25 36 0.021420423 
283 180 11 14 0.021405384 
876 200 13 18 0.02139358 
172 170 12 18 0.021312756 
581 153 19 22 0.021305807 
700 195 13 17 0.021299155 
109 92 10 13 0.021284757 
952 237 12 15 0.021269599 
325 91 10 13 0.021260682 
322 232 23 30 0.021258468 
919 191 13 17 0.02120411 
514 211 21 30 0.021198036 
228 211 13 18 0.021177892 
711 31 7 10 0.021166004 
883 325 17 24 0.021070417 
977 152 9 12 0.021048438 
244 185 16 19 0.021040061 
694 136 10 11 0.021019166 
547 322 40 51 0.021008227 
772 188 14 20 0.021000648 
433 121 7 10 0.020986145 
461 184 15 19 0.020976653 
291 78 20 23 0.020971475 
47 108 9 13 0.020892737 
422 210 14 20 0.020779334 
552 146 10 13 0.020773651 
369 104 10 12 0.020728683 
422 173 12 15 0.020716961 
599 141 8 11 0.020677289 
761 103 7 10 0.02067113 
117 206 15 21 0.020637738 
854 245 13 19 0.02059627 
250 77 8 10 0.020458871 
62 112 20 24 0.020433253 
538 191 15 18 0.02042719 
743 173 10 12 0.020420354 
20 213 11 13 0.020405788 
914 255 17 22 0.020371765 
444 199 15 21 0.020304931 
96 211 24 28 0.02029531 
876 143 8 11 0.020218357 
116 110 13 16 0.020180918 
931 230 15 17 0.020102227 
952 152 18 23 0.020096831 
237 252 22 31 0.020071832 
870 127 9 10 0.020071378 
150 71 9 11 0.020059 
621 190 9 11 0.020055061 
