3_Riot_Riot_3_322
27
258 6 117 144 0.9988152 
365 881 31 39 0.441305 
519 693 387 419 0.28404266 
499 678 231 289 0.25565794 
639 407 47 57 0.24397452 
349 478 346 463 0.12361595 
992 37 33 74 0.122234 
387 -4 94 118 0.102605045 
50 1037 263 311 0.08891638 
521 511 328 449 0.07937725 
622 450 41 43 0.07034446 
14 929 421 490 0.05028041 
336 -1 111 138 0.046821773 
22 701 12 16 0.04598317 
639 790 222 275 0.04184609 
1005 737 14 21 0.029682077 
489 966 29 42 0.02904172 
746 933 67 76 0.027896253 
421 -2 105 133 0.026999911 
465 51 100 132 0.024344755 
685 992 37 46 0.023963723 
665 1175 193 252 0.023900483 
-20 633 370 474 0.020882256 
654 389 323 466 0.020691946 
-3 463 56 113 0.020625824 
628 430 39 48 0.020592105 
782 330 57 63 0.02041568 
