3_Riot_Riot_3_521
31
871 177 138 177 0.9997392 
548 183 123 149 0.99950767 
268 194 64 80 0.9990766 
156 229 68 79 0.99734265 
48 229 70 82 0.9883343 
380 240 78 103 0.98809063 
484 317 52 67 0.42684537 
724 548 112 116 0.24916542 
509 332 38 45 0.19600348 
600 233 130 143 0.08434272 
714 482 114 132 0.066976264 
460 490 16 22 0.06415123 
703 442 102 128 0.06218513 
814 555 57 79 0.05444121 
780 547 83 113 0.05123277 
546 471 51 65 0.04982882 
73 258 48 51 0.048408363 
725 481 66 74 0.04725594 
469 289 51 75 0.039810777 
563 406 29 39 0.035849057 
670 394 170 256 0.03230808 
1013 46 8 12 0.031625718 
478 506 11 15 0.02702947 
467 494 16 21 0.02557366 
455 572 33 42 0.024502369 
376 603 13 17 0.023620587 
605 418 13 17 0.023154054 
100 214 54 69 0.022954563 
1011 636 14 24 0.021327393 
317 174 47 64 0.021238022 
22 597 12 16 0.020232692 
