3_Riot_Riot_3_438
101
836 209 39 43 0.99190664 
450 150 19 23 0.8317516 
653 144 15 17 0.65610284 
191 159 23 27 0.60633093 
273 188 9 12 0.38220125 
708 165 12 15 0.24613592 
492 216 9 11 0.20058256 
739 182 19 23 0.19434713 
660 227 25 32 0.18469569 
575 176 9 11 0.1696036 
655 211 25 33 0.15772355 
731 572 56 47 0.14795709 
753 157 10 13 0.11894803 
694 172 15 20 0.09075087 
194 172 19 22 0.08361671 
532 222 9 11 0.07984319 
211 162 15 20 0.0738407 
294 193 7 9 0.07184684 
249 214 27 39 0.07025144 
150 193 12 17 0.067763105 
764 180 14 19 0.0676123 
755 165 12 15 0.067120105 
727 166 11 14 0.063481 
581 174 10 13 0.060656764 
740 157 12 14 0.059433654 
656 218 13 18 0.056558568 
564 554 63 63 0.05632367 
875 2 141 176 0.055908863 
0 248 42 73 0.053462993 
693 150 11 13 0.05339694 
703 159 10 12 0.051677566 
718 167 9 13 0.048969623 
499 204 444 504 0.04771394 
570 175 10 12 0.047327135 
200 166 27 31 0.046982326 
753 182 23 29 0.04689329 
591 167 9 11 0.046592094 
645 171 10 13 0.046329215 
290 196 10 11 0.04529227 
415 155 10 13 0.044703916 
673 234 17 20 0.044671062 
640 173 9 12 0.04289166 
569 180 10 13 0.0405782 
863 152 178 285 0.039874755 
489 220 10 11 0.037817247 
517 233 10 11 0.037530962 
732 163 15 17 0.037522342 
703 162 19 24 0.036161616 
580 180 11 13 0.035970476 
755 151 10 13 0.03539171 
677 165 12 15 0.03506242 
765 171 15 17 0.034861885 
547 221 11 13 0.034603022 
554 238 12 14 0.03446505 
741 186 29 36 0.03341764 
758 191 25 34 0.03134869 
511 232 9 11 0.03126206 
476 215 10 11 0.030503083 
590 173 10 14 0.029945498 
731 171 14 16 0.029735457 
756 562 34 34 0.02965271 
723 161 20 25 0.02891741 
719 585 47 49 0.028727572 
219 168 13 18 0.028313125 
575 157 9 11 0.027733002 
734 181 15 19 0.027464386 
533 261 10 12 0.027092984 
549 237 21 26 0.02670217 
504 230 9 10 0.026447289 
390 143 7 9 0.026322227 
740 174 13 15 0.02629651 
727 179 11 15 0.02621126 
575 169 10 12 0.026167339 
733 205 28 32 0.02612475 
228 218 39 47 0.025971308 
541 229 11 14 0.025323011 
575 186 12 14 0.02532093 
756 607 38 37 0.024920836 
773 201 15 23 0.024736589 
718 200 29 37 0.024431318 
694 166 13 16 0.024262795 
665 235 29 33 0.024119701 
765 209 13 18 0.0238252 
700 151 10 13 0.023629716 
510 237 11 13 0.02347586 
344 198 8 12 0.02299118 
858 209 27 41 0.022947788 
758 169 13 15 0.022626996 
596 166 9 12 0.022487557 
719 156 10 13 0.02235158 
537 532 102 99 0.021581084 
642 207 44 51 0.021578716 
757 209 16 20 0.021457406 
550 231 12 14 0.020824408 
775 157 10 14 0.020823656 
275 183 10 14 0.02080074 
639 179 10 13 0.020689325 
152 165 10 13 0.020688245 
654 233 15 21 0.020620976 
554 249 15 17 0.020206515 
734 190 15 22 0.020047337 
