3_Riot_Riot_3_725
109
728 262 25 30 0.99756086 
816 247 28 32 0.9905669 
389 230 23 28 0.9859439 
462 243 25 28 0.98579097 
384 276 26 35 0.98424363 
262 237 22 27 0.974871 
634 214 39 48 0.974683 
296 246 21 28 0.9705511 
514 281 29 34 0.96619415 
324 239 18 25 0.8271563 
899 155 13 17 0.7699198 
941 151 12 16 0.68357277 
680 248 28 35 0.6785379 
734 233 18 20 0.6452382 
280 217 15 18 0.54823977 
227 284 12 15 0.38151598 
837 132 10 15 0.29907864 
307 223 18 21 0.29806915 
419 272 21 28 0.26950464 
452 240 25 32 0.26661533 
544 120 16 19 0.21422099 
863 146 15 20 0.19720727 
299 228 25 33 0.19358467 
959 184 14 22 0.19024704 
442 241 16 23 0.1683395 
247 253 12 16 0.13323626 
888 189 10 14 0.11401936 
692 287 21 27 0.10132423 
409 232 16 21 0.101273485 
534 115 26 30 0.09976465 
833 350 17 23 0.096751824 
768 247 12 14 0.09529707 
482 301 12 16 0.09155813 
893 188 14 18 0.08123619 
867 143 12 15 0.07904132 
946 155 12 15 0.07525258 
315 230 19 27 0.07454969 
475 244 24 28 0.069486596 
950 454 11 14 0.06882022 
985 549 25 30 0.061991647 
524 127 24 30 0.06037605 
525 139 16 22 0.059390407 
314 241 22 28 0.058318283 
895 160 13 17 0.05772773 
476 105 58 59 0.055882845 
53 75 212 198 0.054623403 
780 288 14 20 0.054138314 
675 273 29 38 0.050573777 
435 351 17 23 0.048762087 
851 181 12 15 0.047425635 
691 243 16 23 0.04695554 
316 323 13 14 0.046057276 
459 223 16 18 0.045388464 
668 241 16 22 0.04519795 
783 284 21 28 0.04509074 
765 248 18 24 0.04470066 
854 155 13 17 0.044107113 
962 177 24 33 0.042779244 
831 134 21 30 0.04255171 
38 12 129 106 0.042242642 
490 239 22 27 0.041579228 
417 100 42 45 0.04103716 
533 128 14 18 0.04071508 
540 257 25 32 0.0397939 
342 273 15 20 0.03964601 
670 241 27 32 0.038848497 
426 285 17 21 0.03848192 
447 224 362 477 0.03661178 
459 92 95 97 0.03600848 
427 212 20 25 0.03551649 
-27 288 390 445 0.03494655 
439 220 14 19 0.034462035 
748 236 12 17 0.030295486 
503 105 56 55 0.03021618 
768 260 20 28 0.02952302 
513 132 25 29 0.028518073 
487 122 35 35 0.028444985 
710 314 16 20 0.028307566 
950 163 11 13 0.027729234 
353 45 103 104 0.027106034 
309 216 14 17 0.027014732 
771 269 22 28 0.02640808 
864 143 23 28 0.026403274 
395 68 83 93 0.025972987 
414 267 16 23 0.025159318 
905 154 14 18 0.025079317 
766 298 19 25 0.024934324 
863 135 12 14 0.024202395 
827 339 29 37 0.02410466 
256 232 35 46 0.023830006 
836 126 19 25 0.0236659 
620 261 28 35 0.023614354 
270 213 12 16 0.023559825 
432 245 24 29 0.023396583 
425 85 91 88 0.022727087 
919 135 20 27 0.022665782 
650 233 33 35 0.022565803 
373 242 12 16 0.022562793 
944 451 12 17 0.022547022 
438 223 19 27 0.022402072 
280 207 11 15 0.02230211 
151 129 102 158 0.021908864 
846 174 21 27 0.02152257 
251 241 25 31 0.021230867 
701 293 24 32 0.021101028 
889 165 11 14 0.02107056 
832 249 17 22 0.020874282 
341 257 16 21 0.020603431 
900 580 17 17 0.020396268 
