3_Riot_Riot_3_765
30
697 354 108 150 0.99950325 
75 127 226 301 0.99939954 
576 210 227 259 0.16278774 
981 1070 12 15 0.10423327 
217 612 239 325 0.09245133 
513 73 347 434 0.07434023 
940 417 14 17 0.073965535 
901 823 12 15 0.07183287 
949 1069 12 16 0.06853887 
825 791 17 21 0.059173446 
337 1012 25 42 0.05649579 
923 263 15 19 0.046259068 
1013 899 10 15 0.04421092 
964 570 14 17 0.042288773 
901 846 13 17 0.04013479 
955 892 11 15 0.03971855 
973 372 14 18 0.037907805 
859 944 14 20 0.037452392 
970 394 15 18 0.035315327 
1002 372 13 18 0.034385893 
390 105 16 24 0.033457566 
906 680 13 18 0.031773955 
987 881 13 16 0.030496076 
46 22 371 493 0.030260317 
1003 260 16 19 0.029766481 
322 109 26 34 0.024084244 
401 382 36 42 0.023405528 
40 901 527 581 0.022828931 
911 577 13 17 0.022816677 
991 792 11 13 0.022519568 
