3_Riot_Riot_3_393
123
442 130 38 44 0.9953478 
788 154 14 18 0.9875694 
727 178 12 15 0.9301242 
222 131 18 20 0.84581834 
342 152 12 16 0.74535596 
125 143 13 16 0.73912644 
661 218 21 28 0.7212011 
541 120 25 27 0.6795593 
853 176 10 13 0.4064391 
169 158 8 12 0.40192318 
92 127 16 20 0.17655145 
557 120 24 31 0.15886262 
672 159 10 13 0.15675183 
193 149 8 10 0.1378464 
573 140 42 54 0.13007282 
631 133 29 39 0.11707866 
814 166 9 12 0.107354924 
735 203 11 14 0.10433032 
84 123 19 21 0.101745784 
837 189 12 15 0.10097732 
223 106 12 15 0.09864225 
389 195 45 55 0.09109282 
42 123 16 21 0.09066148 
848 199 23 27 0.08636177 
787 189 22 29 0.08575543 
337 124 16 20 0.083919175 
775 196 11 14 0.075828634 
765 203 11 13 0.075672396 
121 122 14 17 0.06886907 
565 116 37 48 0.064880304 
758 117 9 13 0.05883846 
147 114 14 18 0.058056343 
474 215 23 28 0.055464756 
732 220 12 17 0.054197136 
89 307 20 28 0.051565655 
569 152 28 38 0.047038347 
844 188 13 16 0.04359257 
181 158 11 14 0.039084364 
662 109 14 17 0.03797972 
781 181 11 14 0.03789451 
846 195 15 18 0.037482373 
784 135 9 12 0.03731194 
740 240 13 18 0.037261967 
839 184 11 13 0.03628401 
750 246 12 16 0.035291504 
132 202 11 14 0.035204105 
657 287 27 39 0.034419715 
237 211 11 14 0.034294732 
774 203 10 13 0.034022808 
192 155 10 13 0.03298817 
122 133 16 19 0.03297305 
733 210 12 17 0.03279189 
78 129 17 18 0.031809084 
491 267 12 17 0.031358004 
596 150 36 38 0.031243648 
33 125 11 15 0.031081071 
809 165 11 14 0.030843824 
840 204 13 15 0.030527163 
824 207 8 10 0.030234253 
200 108 11 13 0.030231213 
197 158 10 12 0.0295654 
155 115 11 15 0.029466517 
118 153 14 17 0.029305026 
738 227 12 17 0.029172985 
207 139 11 15 0.029110655 
820 166 10 14 0.02821228 
123 149 15 19 0.02805018 
868 212 11 13 0.02785579 
611 136 43 52 0.02770317 
583 151 55 66 0.027569273 
761 198 11 15 0.027273983 
227 104 10 12 0.027062008 
101 135 12 17 0.026945353 
859 195 14 20 0.02693997 
609 494 48 51 0.0267353 
115 176 14 18 0.026580423 
151 215 9 11 0.026046997 
581 131 31 38 0.025870176 
708 229 14 17 0.025326649 
777 250 11 13 0.025305228 
621 144 16 21 0.02485208 
184 109 11 13 0.024719182 
806 215 9 12 0.02454148 
780 194 13 17 0.024209693 
109 147 11 15 0.02397021 
831 196 11 13 0.023929471 
307 203 15 20 0.023825865 
768 174 10 14 0.023766505 
621 132 27 33 0.023679873 
800 220 9 11 0.023569105 
0 111 7 13 0.02355067 
326 122 15 20 0.02344108 
814 141 96 122 0.02334507 
771 190 20 25 0.023182202 
124 215 13 15 0.022911413 
859 207 13 18 0.022755768 
775 180 11 14 0.022684421 
0 115 9 16 0.022682775 
853 188 12 16 0.022570185 
238 164 15 17 0.022562347 
739 198 11 15 0.022515647 
674 307 12 17 0.022507291 
654 210 34 47 0.021921739 
140 109 16 21 0.021886902 
828 205 10 13 0.02179515 
129 170 14 19 0.021771826 
125 166 13 16 0.021535214 
87 162 15 21 0.021449232 
726 201 14 17 0.021283245 
297 236 25 32 0.02118539 
870 221 12 13 0.020946281 
428 128 30 39 0.020851575 
323 301 17 22 0.020837009 
730 199 19 24 0.020811489 
777 192 24 30 0.020766849 
249 197 9 13 0.020596884 
334 134 21 27 0.02057919 
108 140 11 14 0.020405391 
239 160 11 13 0.020369379 
817 207 9 11 0.020152088 
641 148 18 25 0.020099437 
195 142 12 15 0.02008385 
483 254 22 33 0.02003437 
