3_Riot_Riot_3_415
92
842 415 26 37 0.9853336 
389 266 25 30 0.91564894 
654 244 14 24 0.88493747 
516 266 21 29 0.8783513 
798 238 16 25 0.8719325 
711 235 20 28 0.8695419 
136 207 23 27 0.8457249 
308 278 24 31 0.7526482 
291 238 23 32 0.7492536 
979 362 16 22 0.6378924 
442 226 20 29 0.5644694 
901 218 25 33 0.49627164 
747 269 15 19 0.35380864 
657 303 16 23 0.25644276 
367 291 22 27 0.23640203 
228 274 23 28 0.20802322 
276 189 16 23 0.20521848 
555 261 14 19 0.19017425 
245 327 28 37 0.17718336 
702 316 26 40 0.16773956 
894 231 24 35 0.11212245 
915 421 35 28 0.11201936 
909 214 15 21 0.110731155 
508 250 27 36 0.09724812 
708 329 15 22 0.09487675 
982 373 28 28 0.0896542 
355 272 17 21 0.08526255 
840 262 12 14 0.07673324 
1004 286 17 23 0.057078943 
263 294 24 32 0.055516653 
965 377 53 47 0.054873746 
165 319 64 55 0.05391027 
702 279 18 22 0.0529712 
361 280 20 27 0.05161351 
982 360 25 28 0.047325328 
277 233 22 31 0.047136165 
612 313 20 28 0.04665758 
609 349 8 11 0.04638831 
279 183 13 17 0.04615862 
297 251 28 33 0.046119913 
947 390 73 57 0.044734124 
901 403 119 88 0.043720067 
305 337 14 21 0.043606322 
870 393 15 19 0.041693117 
806 239 18 21 0.03962452 
374 279 24 30 0.039605904 
666 313 15 20 0.038353316 
561 282 18 20 0.036947876 
625 404 11 13 0.03678404 
553 266 26 29 0.036726862 
864 298 11 14 0.036667984 
290 264 27 32 0.03503332 
335 320 23 28 0.034704756 
758 432 17 22 0.034095135 
236 277 27 35 0.03271588 
398 254 25 33 0.032530133 
561 259 16 22 0.032123186 
748 316 40 50 0.031756558 
740 258 23 28 0.030775562 
510 264 17 27 0.030345468 
1005 278 13 17 0.029884856 
999 281 15 20 0.029774707 
351 298 26 29 0.029264648 
508 255 16 24 0.029246464 
433 278 26 39 0.02834205 
139 200 16 20 0.028055057 
888 242 23 32 0.027332267 
210 268 13 18 0.027264575 
692 324 28 38 0.026902149 
869 508 27 30 0.026083061 
306 258 28 35 0.025983833 
893 248 29 36 0.025840018 
712 321 28 40 0.025514424 
850 308 14 15 0.02497928 
753 304 27 28 0.024568863 
223 280 16 20 0.024197731 
1011 389 12 19 0.02409617 
256 340 19 25 0.023544569 
340 307 25 27 0.02326055 
149 284 14 17 0.022995543 
758 421 30 33 0.022672327 
997 385 23 30 0.022594685 
724 339 23 33 0.022486571 
703 297 24 31 0.02248574 
873 391 25 28 0.022204095 
155 253 18 19 0.022051835 
992 384 19 21 0.021809617 
389 260 16 23 0.021139385 
195 327 52 53 0.020983914 
325 359 17 20 0.020944128 
838 374 201 229 0.02080699 
884 322 13 17 0.020739328 
