44_Aerobics_Aerobics_44_127
36
782 253 39 54 0.90234625 
92 271 32 52 0.052621543 
249 296 14 18 0.052567087 
236 370 14 19 0.052178293 
1006 366 12 17 0.041107096 
645 393 32 31 0.039983038 
665 210 17 20 0.036955602 
701 428 37 36 0.03430432 
1002 370 10 13 0.033913065 
662 387 33 31 0.033866573 
718 244 31 40 0.032860123 
492 308 14 18 0.032784782 
540 305 15 19 0.032671157 
708 209 25 28 0.031331465 
667 218 18 20 0.0312181 
953 49 52 61 0.031081848 
279 316 10 14 0.030328978 
246 331 14 20 0.03006871 
681 181 23 31 0.029990423 
291 314 14 17 0.027506867 
533 307 12 18 0.026444959 
762 195 26 35 0.025521286 
612 293 24 32 0.0238717 
499 307 14 18 0.023870343 
645 392 18 22 0.023619756 
798 245 49 68 0.022818696 
477 383 32 36 0.02256836 
716 267 15 18 0.02240129 
141 169 11 15 0.021549279 
478 317 9 13 0.021443112 
318 310 11 15 0.02141521 
669 183 42 53 0.02136686 
615 293 12 16 0.020546647 
942 366 10 10 0.02034997 
223 230 11 15 0.020184033 
279 310 11 14 0.020077275 
