44_Aerobics_Aerobics_44_343
60
590 175 30 40 0.99911827 
288 180 38 47 0.99361354 
898 200 22 29 0.9906899 
387 162 18 25 0.92598414 
762 173 15 21 0.85741854 
798 180 12 15 0.7403205 
926 159 15 18 0.7003614 
944 236 12 16 0.37158093 
836 169 13 17 0.24981931 
657 185 17 21 0.18734485 
974 275 16 21 0.112408675 
664 184 22 28 0.110268496 
734 202 13 15 0.08119111 
688 171 10 13 0.074821986 
676 191 17 22 0.07010994 
1001 228 16 19 0.06852486 
861 184 13 18 0.062920295 
664 165 11 13 0.058010805 
855 181 11 14 0.05712345 
732 187 14 17 0.04833678 
933 250 15 21 0.04762083 
804 187 11 13 0.0398187 
739 205 12 15 0.039766334 
527 178 21 30 0.038547844 
853 186 14 18 0.038286075 
866 245 18 22 0.0372729 
547 186 15 20 0.036915153 
815 181 9 12 0.03393435 
246 246 49 62 0.032943416 
846 195 13 16 0.03259124 
854 173 12 15 0.031109981 
701 214 10 14 0.030479513 
1004 189 13 17 0.02983098 
734 209 14 17 0.029585045 
939 238 20 26 0.029260388 
672 206 25 29 0.028381247 
565 176 21 29 0.028186735 
859 192 14 20 0.027484452 
653 191 26 30 0.027197199 
540 184 16 20 0.02679956 
658 173 23 30 0.024949228 
793 175 11 15 0.024931848 
682 190 21 27 0.024872346 
859 162 14 17 0.024676615 
822 196 12 15 0.023686262 
821 159 10 14 0.023598723 
991 224 14 20 0.02343705 
835 148 13 16 0.02338656 
958 259 12 17 0.022785107 
978 269 15 19 0.022395669 
976 259 28 35 0.022286791 
834 155 14 18 0.02160252 
800 280 10 12 0.021489508 
822 190 10 13 0.021399332 
731 192 19 24 0.02109852 
668 199 17 20 0.02102613 
831 179 11 14 0.02102161 
641 260 19 21 0.020984929 
836 142 11 13 0.020655805 
996 229 23 33 0.020442681 
