44_Aerobics_Aerobics_44_809
28
177 250 32 42 0.9990067 
490 209 37 43 0.99253666 
831 193 35 41 0.8010669 
157 213 183 246 0.30286893 
27 337 27 31 0.14748226 
486 172 170 273 0.083209485 
143 317 28 35 0.06836415 
868 522 12 14 0.06376745 
807 176 162 267 0.048659105 
29 235 28 32 0.04820087 
64 691 9 12 0.045753375 
786 552 15 18 0.03992428 
807 194 53 61 0.031237597 
21 340 41 48 0.030223178 
999 639 9 10 0.029527783 
856 621 9 12 0.029122412 
840 617 9 12 0.026755707 
515 174 108 153 0.023576664 
541 270 13 15 0.023419583 
199 263 116 153 0.022891637 
847 617 10 12 0.022763483 
876 516 12 14 0.022557016 
0 173 33 54 0.022417838 
905 640 8 11 0.021710105 
829 210 39 41 0.021675114 
180 353 16 18 0.021464096 
138 695 8 9 0.020999532 
519 212 25 33 0.020902954 
