44_Aerobics_Aerobics_44_17
45
824 340 54 68 0.9964318 
378 66 31 39 0.99637765 
275 325 51 57 0.9903775 
158 153 28 33 0.70699084 
213 188 29 40 0.28391925 
492 129 32 29 0.26164195 
378 271 42 37 0.19222754 
178 188 35 35 0.15224046 
191 177 48 53 0.101086415 
678 12 11 14 0.08182647 
568 5 26 28 0.053812753 
475 131 57 45 0.051878445 
796 343 49 67 0.048540596 
144 140 32 38 0.047013655 
294 7 13 16 0.04593934 
371 248 67 58 0.045577943 
133 133 31 36 0.04076736 
50 80 44 56 0.040089093 
182 28 10 13 0.03947505 
637 13 11 13 0.03760509 
428 70 25 29 0.037363432 
414 51 39 49 0.03733297 
313 21 26 33 0.034510516 
454 146 29 36 0.032418627 
413 49 17 21 0.032028988 
595 310 53 47 0.031838685 
131 122 28 33 0.030948905 
880 227 27 35 0.029673353 
272 13 10 13 0.028509883 
671 7 11 15 0.028278118 
299 6 12 14 0.02827536 
219 184 44 55 0.026127962 
523 152 15 19 0.025853457 
104 233 16 20 0.0252359 
412 53 24 31 0.025189927 
499 235 58 49 0.025090616 
496 95 110 122 0.024770936 
16 5 17 18 0.024712464 
181 148 83 96 0.024320593 
247 191 46 58 0.024079658 
208 226 26 31 0.023566354 
222 180 13 17 0.023133393 
173 177 31 34 0.022933122 
60 310 215 255 0.022179097 
688 92 26 34 0.021847354 
