44_Aerobics_Aerobics_44_597
21
329 345 21 34 0.9938717 
416 319 41 54 0.9908371 
782 285 36 48 0.9873821 
564 316 23 30 0.9865122 
725 332 23 29 0.9831217 
966 317 26 31 0.9730815 
2 314 41 46 0.96754783 
108 349 18 24 0.85251147 
151 343 14 18 0.7903253 
123 349 15 19 0.17771582 
895 353 13 16 0.06670909 
834 330 25 29 0.054221936 
33 307 31 45 0.052081272 
0 426 25 38 0.040327378 
929 309 17 21 0.038351383 
754 290 31 37 0.03173874 
598 313 12 15 0.030769268 
228 334 12 14 0.02343017 
846 331 23 29 0.021358438 
154 351 15 17 0.020452982 
670 204 14 15 0.020419024 
