44_Aerobics_Aerobics_44_443
40
378 261 102 144 0.9999001 
242 830 54 54 0.46016338 
548 1131 106 129 0.43313333 
824 1019 209 325 0.33234712 
462 1150 42 58 0.32790118 
429 205 58 68 0.32483363 
4 202 38 51 0.14694409 
841 352 196 299 0.14686605 
32 500 33 46 0.09719545 
46 384 100 114 0.06330159 
34 277 117 123 0.057091545 
-19 279 192 267 0.052821822 
761 348 382 408 0.050893493 
747 981 145 199 0.04893807 
58 307 73 71 0.046980225 
407 219 90 112 0.046860736 
0 524 25 46 0.040411215 
928 881 72 70 0.03835267 
-9 181 70 111 0.036809478 
-57 844 423 490 0.03547744 
899 850 110 126 0.033555146 
-77 107 360 520 0.03297371 
39 543 50 59 0.03237002 
4 506 40 59 0.03175395 
842 756 179 284 0.030117618 
101 543 46 57 0.027799297 
25 207 33 37 0.027530795 
13 445 56 67 0.026436327 
782 593 43 39 0.02602078 
23 514 49 61 0.025149547 
-1 457 22 35 0.024925316 
5 445 90 116 0.02411144 
17 194 48 67 0.023200871 
584 1143 63 85 0.023048634 
20 483 31 41 0.022158103 
10 259 51 63 0.021885013 
42 209 26 30 0.021756884 
0 516 9 15 0.021674039 
675 809 320 439 0.021464882 
520 1117 38 42 0.020419175 
