44_Aerobics_Aerobics_44_852
138
236 257 27 32 0.99877316 
438 252 29 37 0.9987483 
349 214 15 19 0.99696535 
388 275 36 44 0.99665856 
699 260 41 49 0.9958553 
121 289 26 38 0.9930502 
487 230 22 29 0.98598665 
947 201 18 24 0.9851348 
327 222 19 24 0.98348516 
190 236 17 22 0.97647536 
223 224 15 19 0.9717558 
92 257 22 26 0.96491 
909 193 14 17 0.9643052 
168 241 18 21 0.9539025 
264 241 21 26 0.89980227 
0 240 12 19 0.8061132 
676 225 18 20 0.7499421 
493 203 14 16 0.58009326 
847 197 12 16 0.48114735 
981 173 13 17 0.4684748 
874 174 9 11 0.3792733 
713 226 19 22 0.2955104 
266 264 15 18 0.25897422 
931 173 14 19 0.23673463 
638 239 15 19 0.19320785 
682 234 25 30 0.19187301 
533 246 18 22 0.16886765 
285 234 15 20 0.16223627 
650 200 14 20 0.13932806 
564 246 18 21 0.13896617 
683 232 16 19 0.13062397 
806 223 8 10 0.12756445 
340 215 17 24 0.114547364 
899 230 14 19 0.111930184 
614 200 13 18 0.111375086 
178 238 18 24 0.10064628 
886 169 13 16 0.09043669 
908 173 10 14 0.08652933 
619 203 13 17 0.08358976 
266 251 20 27 0.08334082 
277 238 20 26 0.08221292 
618 234 14 16 0.069226846 
612 228 15 19 0.06646225 
35 313 13 18 0.06620132 
572 235 13 17 0.06479169 
986 173 16 19 0.06155202 
491 31 386 452 0.05590284 
875 178 12 15 0.05478854 
273 246 17 21 0.051594205 
836 183 11 13 0.051137935 
870 214 12 15 0.051062215 
933 166 13 16 0.051008064 
847 209 11 14 0.05014357 
308 260 23 25 0.04788085 
564 233 22 28 0.045775358 
306 202 13 16 0.04459016 
905 168 9 12 0.044162806 
245 249 24 31 0.04172108 
273 236 16 19 0.041026033 
852 210 11 14 0.04069112 
922 15 8 11 0.040657673 
976 176 13 16 0.040176794 
609 202 12 15 0.03965868 
325 200 16 18 0.039601117 
37 179 437 425 0.039298628 
13 278 13 16 0.03899885 
132 298 27 31 0.038269155 
807 216 8 11 0.037187774 
490 200 10 12 0.03457434 
903 176 13 17 0.03404932 
924 210 14 18 0.034043234 
921 21 8 11 0.033540457 
889 236 11 15 0.03351761 
686 241 31 34 0.03345711 
627 225 15 19 0.033410236 
918 209 13 17 0.033255648 
998 38 10 13 0.032505635 
806 227 9 12 0.032495838 
909 211 12 15 0.032485113 
535 240 13 17 0.032157023 
176 542 12 16 0.03204447 
834 188 9 11 0.03178484 
277 194 13 15 0.031489503 
291 229 14 20 0.030100372 
583 251 11 15 0.029581249 
621 231 22 24 0.029567927 
862 214 12 15 0.029059812 
822 176 9 10 0.029005546 
914 201 15 18 0.028818117 
935 159 9 13 0.028614286 
846 202 21 27 0.027702676 
941 227 16 21 0.027646052 
7 274 12 17 0.027524346 
618 337 16 19 0.027478028 
790 222 9 11 0.027109638 
841 205 11 13 0.026844269 
927 167 12 15 0.026692925 
547 248 14 19 0.02654028 
917 170 12 16 0.026418086 
989 165 14 17 0.026372366 
285 222 12 15 0.026316775 
907 234 12 17 0.026193477 
934 204 13 18 0.025941232 
612 235 25 25 0.025835052 
6 267 11 15 0.025735378 
201 265 15 20 0.025520435 
831 204 9 12 0.025241287 
361 272 24 31 0.025222333 
558 241 17 21 0.02497193 
702 89 361 423 0.024616279 
871 168 18 23 0.024454376 
801 216 9 10 0.024342928 
117 262 12 16 0.023994945 
670 230 17 21 0.023924492 
487 207 20 23 0.023851251 
216 275 12 17 0.023629572 
616 201 22 26 0.023136398 
902 219 12 17 0.022748591 
62 219 13 16 0.022634367 
998 28 11 13 0.022563105 
19 277 13 15 0.022550596 
1004 23 8 11 0.022211479 
677 217 15 18 0.02219179 
597 197 11 13 0.022182211 
113 211 15 19 0.021954058 
877 185 11 14 0.02153572 
543 234 24 31 0.021120392 
164 256 15 17 0.021119172 
625 215 22 25 0.02087112 
151 280 21 32 0.020627532 
636 212 13 16 0.020550054 
788 213 10 13 0.02054368 
839 211 11 14 0.020479036 
401 258 25 32 0.020471709 
863 172 10 13 0.020466484 
244 210 16 19 0.020228222 
599 202 11 14 0.020227494 
391 166 378 455 0.02014643 
