44_Aerobics_Aerobics_44_167
60
894 486 134 187 0.999617 
885 322 57 79 0.99816006 
682 268 23 29 0.99806076 
272 309 69 94 0.9975701 
611 307 26 32 0.994618 
374 281 32 44 0.9946162 
844 232 18 23 0.9914552 
958 261 14 18 0.991256 
176 278 24 29 0.98623174 
791 274 36 48 0.9861718 
926 244 21 29 0.98433083 
724 261 19 23 0.9520083 
748 245 14 18 0.9281938 
573 245 17 20 0.902525 
1004 266 17 22 0.89673537 
768 270 23 35 0.85355234 
875 259 16 19 0.6848116 
376 264 19 23 0.6741639 
907 279 17 19 0.3101539 
373 269 26 35 0.2705233 
903 282 26 30 0.17873427 
993 220 9 11 0.16337815 
828 257 15 20 0.13287663 
595 105 24 29 0.115502566 
720 126 28 33 0.09819057 
703 130 26 32 0.093913354 
990 261 12 17 0.07596675 
979 235 12 15 0.07533733 
1010 261 13 21 0.06882464 
869 268 23 30 0.056314748 
953 285 16 22 0.05574194 
984 316 31 42 0.0551466 
1012 300 12 17 0.050906256 
752 274 27 36 0.05073419 
528 351 9 12 0.049463525 
189 373 30 34 0.048257813 
820 263 21 29 0.047175135 
868 282 15 20 0.04668118 
568 343 11 13 0.046457104 
206 296 17 21 0.042668827 
616 411 29 30 0.04255828 
997 262 15 20 0.03615822 
601 177 29 36 0.035075482 
571 352 15 17 0.03481325 
893 294 33 36 0.030142484 
555 111 26 33 0.028823353 
743 278 23 32 0.026660448 
1000 618 25 41 0.025284471 
886 286 28 31 0.025197916 
964 269 14 20 0.025024561 
913 293 18 23 0.02490125 
563 345 24 28 0.024733849 
769 268 15 21 0.024389597 
736 251 21 26 0.022875946 
603 111 25 32 0.022086011 
628 135 17 21 0.020992074 
692 143 28 34 0.020847425 
890 289 16 20 0.020568153 
803 269 26 35 0.020291647 
984 261 12 15 0.020159066 
