44_Aerobics_Aerobics_44_194
156
460 138 12 15 0.8492479 
732 84 14 16 0.38788947 
603 184 405 408 0.37705532 
643 154 15 21 0.32539386 
584 136 17 21 0.31774104 
846 195 15 18 0.29144865 
695 93 10 13 0.271111 
672 160 10 12 0.17047566 
641 97 13 18 0.15516278 
705 179 16 20 0.13734543 
580 143 17 21 0.13346016 
703 78 14 17 0.13100065 
670 82 15 17 0.1255211 
530 155 23 27 0.12270134 
192 267 38 37 0.12108939 
776 156 12 16 0.116106614 
696 159 12 14 0.11406915 
668 190 20 21 0.10874119 
604 136 13 17 0.10598465 
793 83 12 15 0.10412053 
943 144 10 12 0.10224149 
578 326 31 31 0.09737388 
637 148 16 19 0.08925218 
753 79 9 11 0.08358009 
398 158 12 15 0.08108957 
797 149 10 14 0.079524 
573 149 15 18 0.07357176 
765 52 10 13 0.0717491 
571 244 17 19 0.0679494 
801 143 9 11 0.06637313 
677 142 12 15 0.06046142 
760 62 10 12 0.060337197 
464 139 14 19 0.058562666 
368 239 502 433 0.057715897 
421 155 13 18 0.055044115 
676 161 12 15 0.05307007 
760 148 11 13 0.05225139 
430 315 12 14 0.051163998 
806 150 10 13 0.050507624 
179 257 35 46 0.050210636 
658 250 17 21 0.048722632 
440 214 15 17 0.04857256 
594 136 16 19 0.0471529 
868 193 30 30 0.046940453 
698 89 14 17 0.04686045 
405 156 11 14 0.04594783 
415 156 11 14 0.045788977 
710 89 12 15 0.045425866 
691 237 18 23 0.045197975 
716 92 12 15 0.043318525 
667 170 13 17 0.042687226 
388 109 11 14 0.04179555 
780 151 11 13 0.04174352 
621 176 14 17 0.04141687 
650 218 16 20 0.041111007 
460 152 17 21 0.040915154 
763 143 10 13 0.038449373 
464 148 23 29 0.0382622 
640 124 12 14 0.037910838 
749 55 10 12 0.037328232 
630 148 14 17 0.03641725 
636 140 16 16 0.036243197 
577 381 38 41 0.035977084 
474 146 16 20 0.035872363 
791 153 12 15 0.035827007 
587 260 15 17 0.035505436 
626 178 15 17 0.034774017 
420 131 12 15 0.034456182 
763 59 12 14 0.033971984 
700 137 12 16 0.03347117 
759 68 12 14 0.0329391 
699 98 11 14 0.03267928 
791 144 10 12 0.031945843 
581 177 14 17 0.031665493 
575 306 13 17 0.03125871 
808 154 10 13 0.030661823 
448 154 12 16 0.03032488 
613 148 12 15 0.03028524 
773 79 10 12 0.030130407 
588 173 15 18 0.030072046 
633 155 25 32 0.030004416 
728 80 11 14 0.029834704 
756 77 12 13 0.028640889 
453 153 15 19 0.028484963 
625 266 26 29 0.028379373 
726 87 14 18 0.028312618 
766 225 18 20 0.028272973 
756 84 10 13 0.028260825 
743 175 20 21 0.028075632 
694 143 22 27 0.02802158 
759 154 14 17 0.02777151 
367 131 22 28 0.0276196 
447 141 11 15 0.027411718 
224 289 33 36 0.027228054 
769 219 16 17 0.027117709 
637 168 15 21 0.026988342 
482 155 12 16 0.026947178 
737 235 16 18 0.02678315 
780 296 164 129 0.026756503 
773 171 14 15 0.02641242 
671 138 14 18 0.026395878 
661 176 25 29 0.026299097 
600 236 26 29 0.026249155 
762 47 10 12 0.026246218 
765 77 13 15 0.026245868 
614 173 14 18 0.026195515 
686 163 12 14 0.0261382 
661 157 12 15 0.026028497 
736 173 12 15 0.025920045 
638 136 23 27 0.02590148 
814 158 10 12 0.025759147 
831 198 12 15 0.025609978 
567 149 12 17 0.025557423 
789 122 14 17 0.025493838 
848 181 10 13 0.025317682 
368 161 13 17 0.024974577 
598 126 12 15 0.024800073 
667 179 14 17 0.024663318 
855 189 23 27 0.024493655 
0 130 10 18 0.02406418 
788 178 15 17 0.023849046 
549 242 15 20 0.02382754 
368 108 10 14 0.023766892 
510 231 14 17 0.023674214 
696 133 12 15 0.023630409 
686 409 26 38 0.023501009 
667 160 20 25 0.023326619 
864 149 11 14 0.022782361 
647 160 25 28 0.02263689 
663 164 12 16 0.02231259 
440 351 49 45 0.022267107 
654 213 24 28 0.02215246 
824 181 12 14 0.022024848 
638 130 15 18 0.022014964 
622 149 13 16 0.021949207 
610 138 11 16 0.021820001 
870 190 16 19 0.02180666 
812 151 10 14 0.021799821 
652 244 19 22 0.021404276 
690 91 10 14 0.021397196 
694 181 12 16 0.021391507 
582 331 18 20 0.021385236 
691 156 22 25 0.021379216 
703 82 20 25 0.021360362 
936 147 10 13 0.021225536 
804 169 12 15 0.021203527 
716 183 15 18 0.021171136 
798 166 13 14 0.021057978 
503 309 12 14 0.02088455 
630 141 13 16 0.02064247 
852 175 10 12 0.020439588 
569 257 16 17 0.020288592 
508 185 26 33 0.020177037 
687 84 10 15 0.020154763 
783 143 9 11 0.020106774 
653 228 25 33 0.020071788 
