44_Aerobics_Aerobics_44_96
27
964 333 38 48 0.96572876 
515 348 18 22 0.9633572 
608 311 34 38 0.7605467 
167 102 46 77 0.4014957 
186 135 24 35 0.19152655 
385 381 108 122 0.15876387 
611 320 20 24 0.11623909 
453 376 26 35 0.09951007 
439 437 52 58 0.07491583 
405 379 64 70 0.060926355 
432 367 51 57 0.053858027 
355 456 15 20 0.04969578 
497 342 43 54 0.043446947 
417 377 31 34 0.041509368 
499 316 47 56 0.035589267 
499 370 12 17 0.03377338 
463 358 51 58 0.031636823 
891 399 25 41 0.02871596 
414 418 66 72 0.027555635 
520 312 31 34 0.02744924 
461 381 32 40 0.025091244 
532 328 13 17 0.023625372 
939 320 34 40 0.02337209 
945 328 40 52 0.021909146 
878 192 23 31 0.02139499 
553 304 40 52 0.021143684 
534 323 30 38 0.020929642 
