44_Aerobics_Aerobics_44_339
28
133 40 59 75 0.9997911 
514 138 32 43 0.9997626 
811 50 49 68 0.99933606 
363 138 42 52 0.9948455 
665 167 25 34 0.9926247 
255 162 26 35 0.9548019 
11 205 16 21 0.21321206 
205 145 52 63 0.09557038 
238 153 44 59 0.052366726 
456 251 18 22 0.052340582 
614 193 24 34 0.052295454 
712 300 26 28 0.048878685 
396 169 23 31 0.040292278 
67 203 14 18 0.03995463 
3 195 24 37 0.032274872 
601 186 29 37 0.026143184 
715 225 29 37 0.026114317 
679 211 47 58 0.025922814 
714 311 16 19 0.025255702 
699 227 27 38 0.025028469 
59 194 45 53 0.02350156 
700 246 18 23 0.023074592 
214 133 76 104 0.022134978 
567 204 24 28 0.021703139 
208 177 50 72 0.02150792 
946 374 13 17 0.021356197 
893 156 31 38 0.021002606 
262 160 14 18 0.020081816 
