44_Aerobics_Aerobics_44_332
131
427 305 29 35 0.9981341 
547 304 15 22 0.9836097 
748 305 15 20 0.97685724 
124 300 14 19 0.96348464 
180 306 22 26 0.9548559 
22 293 13 17 0.9380815 
75 300 10 13 0.9128616 
832 302 17 23 0.8835013 
700 308 24 28 0.8748537 
986 303 14 16 0.85590905 
655 298 12 16 0.8444818 
393 299 16 21 0.8274742 
208 298 14 20 0.81435925 
533 285 12 15 0.8064939 
869 302 11 14 0.78136164 
300 306 11 14 0.6984323 
769 295 9 13 0.6619244 
238 290 16 19 0.6056737 
384 304 15 19 0.38023037 
49 310 9 11 0.29630446 
312 299 10 14 0.28803068 
36 335 10 12 0.2838282 
333 291 8 11 0.20733103 
670 302 11 13 0.13570254 
76 325 10 12 0.120323084 
644 326 10 14 0.11648912 
934 301 10 12 0.113261975 
940 323 12 16 0.110028006 
525 301 12 16 0.10419068 
329 289 9 12 0.10155395 
71 324 10 12 0.096512854 
232 290 14 18 0.093864605 
263 317 10 14 0.09300136 
933 296 9 11 0.07974524 
268 317 12 16 0.07613322 
648 295 10 13 0.07187913 
901 325 13 16 0.071458794 
565 361 12 16 0.06902487 
861 357 9 12 0.06792356 
274 344 9 11 0.066428035 
934 317 13 17 0.06381307 
66 323 10 12 0.062357843 
941 301 10 13 0.059866417 
866 294 10 12 0.058866598 
49 305 9 11 0.05862124 
-1 300 7 12 0.05672262 
535 306 14 18 0.05411184 
712 310 17 22 0.053517435 
47 313 12 16 0.053184304 
174 307 18 20 0.052826136 
314 293 12 14 0.049968027 
642 296 8 11 0.0499274 
928 318 11 15 0.048716463 
889 326 10 13 0.046169523 
646 319 11 14 0.04590331 
169 306 13 19 0.04497015 
675 302 10 14 0.044015463 
325 327 10 11 0.042340133 
488 334 23 30 0.042136796 
148 310 12 15 0.041221466 
538 290 13 17 0.040885385 
143 315 13 17 0.039144937 
192 299 18 26 0.039045703 
783 318 9 12 0.03896522 
930 300 9 11 0.038893975 
54 305 8 10 0.038635038 
297 262 9 11 0.03862759 
822 306 15 19 0.038162526 
700 300 19 24 0.03582136 
333 317 11 14 0.03498108 
780 349 13 17 0.03445712 
942 296 10 12 0.034412336 
947 324 11 15 0.034009855 
262 312 10 13 0.03368527 
754 302 11 16 0.033352077 
894 325 12 16 0.03299633 
862 287 9 12 0.03260426 
695 311 16 22 0.031998385 
88 323 9 12 0.031695053 
259 363 13 16 0.031495497 
527 291 13 16 0.03146836 
452 292 12 18 0.031129647 
994 326 14 17 0.030999992 
588 291 12 17 0.030723814 
769 372 10 13 0.030452345 
257 318 11 14 0.030428743 
48 322 10 12 0.030324722 
317 308 9 12 0.030067815 
946 389 9 12 0.02987989 
71 295 17 22 0.029480027 
343 316 10 15 0.02931873 
577 309 10 13 0.028690372 
88 310 9 12 0.028145669 
61 343 9 10 0.027660336 
585 286 10 13 0.027135734 
149 277 13 16 0.02692794 
284 286 10 12 0.025618495 
92 317 12 13 0.025535688 
103 310 11 15 0.025248008 
628 293 11 15 0.02520262 
775 318 10 12 0.025015272 
899 267 11 13 0.024933888 
349 315 12 17 0.024619784 
571 359 11 14 0.02459007 
774 324 9 12 0.02449486 
934 306 13 17 0.024460463 
767 290 16 21 0.024206992 
17 287 10 13 0.023954265 
710 292 24 31 0.023943463 
101 368 9 12 0.023881385 
93 311 10 13 0.023504822 
856 350 11 16 0.02332922 
958 356 10 14 0.023111366 
377 306 12 18 0.022887921 
255 322 11 15 0.022871144 
328 341 8 11 0.022717576 
838 298 13 17 0.022181958 
994 301 11 16 0.022168398 
518 294 11 17 0.022040166 
856 287 9 12 0.02167597 
72 304 11 14 0.021629632 
640 317 11 16 0.021383481 
318 286 11 14 0.021187767 
880 270 10 12 0.021056997 
693 301 14 19 0.02099811 
311 306 10 13 0.02096429 
947 299 11 16 0.020889977 
149 269 11 13 0.020886326 
781 340 11 16 0.020767294 
666 490 19 23 0.020609293 
270 358 11 14 0.02031863 
