44_Aerobics_Aerobics_44_246
90
273 606 58 74 0.9994791 
660 641 59 70 0.99934965 
776 641 57 74 0.9991954 
792 1027 35 43 0.9974451 
242 1180 22 29 0.98275846 
544 174 41 51 0.90483886 
10 1203 13 17 0.77418894 
102 1204 14 19 0.7535952 
881 150 10 13 0.581056 
380 195 12 16 0.44005382 
484 1151 34 58 0.34888393 
635 199 14 17 0.34382868 
677 177 18 22 0.30782005 
317 1219 12 15 0.2950083 
765 148 15 20 0.27686706 
323 212 15 19 0.2739591 
340 221 15 20 0.23073152 
185 1211 11 15 0.2137568 
930 224 25 30 0.17606969 
332 219 17 20 0.15600926 
830 154 12 16 0.1395583 
109 65 66 89 0.13722883 
171 1199 13 17 0.12530354 
77 36 35 47 0.124210104 
78 1211 9 13 0.11370092 
402 1207 10 14 0.10567749 
188 1218 12 15 0.09474467 
87 1211 11 14 0.07268979 
313 154 12 15 0.07013657 
386 196 12 15 0.06563448 
691 187 13 18 0.062494315 
94 1208 14 18 0.06245422 
51 1 30 29 0.05845021 
307 1190 14 16 0.05335253 
867 235 13 18 0.048416927 
74 1207 9 13 0.048077475 
184 7 122 117 0.04315768 
51 18 51 60 0.04056649 
773 1386 115 117 0.040477116 
418 1163 40 53 0.04035205 
806 195 14 17 0.039837863 
332 167 28 37 0.039517198 
774 164 14 20 0.039365973 
388 201 13 17 0.038042545 
155 680 34 47 0.037897903 
92 26 195 252 0.033030927 
341 201 13 17 0.032634076 
314 1216 11 13 0.03256695 
12 1215 13 15 0.0323689 
813 198 10 14 0.032264218 
405 212 14 18 0.031819787 
825 156 12 16 0.03178667 
405 172 30 37 0.031372912 
246 1178 14 19 0.031042427 
17 1270 9 11 0.030565389 
96 42 56 66 0.029574892 
275 1209 15 20 0.028282696 
41 1 51 52 0.027725471 
339 210 15 20 0.027426368 
450 1152 23 40 0.027253985 
683 188 17 22 0.026719326 
93 1229 10 13 0.026252078 
276 252 27 27 0.025911931 
172 1208 15 19 0.025481304 
465 1159 42 57 0.025415117 
84 64 116 152 0.024517126 
58 41 34 45 0.024390332 
436 1159 32 42 0.024381077 
803 188 14 18 0.024340877 
333 1198 16 21 0.024148343 
395 217 23 33 0.02411752 
381 1191 22 31 0.024003254 
220 1190 15 21 0.023855587 
304 166 10 13 0.023295872 
771 169 22 31 0.023044875 
93 1220 12 15 0.02280322 
113 0 19 18 0.02268512 
36 1238 11 15 0.022612723 
1 225 42 65 0.02189738 
395 203 12 18 0.021630168 
670 181 17 23 0.02154696 
61 1214 10 14 0.021511607 
377 200 12 18 0.02128278 
43 15 86 96 0.02127295 
765 154 21 29 0.021052018 
958 747 22 33 0.021003261 
63 1251 13 15 0.02057507 
100 33 18 22 0.020483866 
7 1215 11 15 0.020369906 
87 26 29 40 0.020241557 
