2_Demonstration_Demonstration_Or_Protest_2_420
983
596 168 28 50 0.9971547 
310 167 27 47 0.99667054 
476 162 35 43 0.9931681 
720 160 32 51 0.97241974 
372 171 25 37 0.9713509 
408 228 47 76 0.96729624 
807 181 33 43 0.9579953 
693 137 24 32 0.9551518 
840 166 26 48 0.9235668 
420 134 22 29 0.9116534 
641 125 26 36 0.9082871 
209 148 24 33 0.87928146 
909 112 12 17 0.8340699 
518 145 21 29 0.8263498 
981 136 22 30 0.7959635 
727 146 28 40 0.74920195 
553 239 29 44 0.73457634 
933 253 47 75 0.69796157 
210 267 46 66 0.6599974 
204 126 15 21 0.65233207 
741 270 38 60 0.64872295 
259 132 15 22 0.5780103 
249 165 24 32 0.5662281 
4 133 14 21 0.4835249 
70 180 29 45 0.47584033 
987 145 23 26 0.44831118 
61 136 18 31 0.44090977 
512 88 9 11 0.43687338 
389 98 13 15 0.4059113 
236 105 12 17 0.39538223 
21 143 22 31 0.38562977 
2 296 32 49 0.36557305 
383 85 8 10 0.3604468 
428 186 22 32 0.34196267 
976 111 10 12 0.335663 
829 115 12 15 0.3029473 
414 179 21 34 0.2963684 
932 125 11 15 0.2832148 
910 169 25 31 0.27938527 
984 192 28 38 0.27605444 
308 110 14 18 0.26790163 
978 132 17 24 0.2662893 
600 100 10 12 0.2500561 
570 163 30 46 0.24991204 
891 125 12 15 0.24473858 
86 77 9 12 0.23980969 
221 285 54 62 0.23802474 
951 101 10 12 0.23775937 
989 204 32 39 0.23498423 
414 109 9 10 0.23478556 
772 123 15 19 0.23251313 
279 95 10 12 0.2276239 
992 155 25 30 0.21953546 
445 110 10 12 0.21780683 
1007 113 12 15 0.21613413 
203 104 14 16 0.20977795 
934 109 9 13 0.20909996 
397 206 26 37 0.2015155 
450 194 26 33 0.19959082 
162 139 17 22 0.1976868 
1007 100 11 13 0.19533938 
607 89 6 8 0.19351639 
308 252 32 40 0.19152237 
517 113 12 16 0.19087295 
838 152 13 21 0.18582262 
119 95 13 15 0.1857415 
294 126 15 22 0.18295987 
407 210 28 41 0.17908238 
417 221 27 40 0.17344484 
199 196 30 43 0.17330177 
602 95 8 10 0.17319122 
737 102 9 13 0.1689653 
116 155 23 37 0.16892616 
264 111 9 11 0.16888838 
790 126 12 16 0.16603585 
461 107 10 13 0.16159514 
229 105 14 19 0.16129893 
246 123 11 15 0.15871109 
707 117 10 12 0.15818286 
448 116 10 12 0.15503359 
967 92 8 11 0.15412827 
556 226 23 38 0.15269063 
390 130 12 18 0.15218113 
423 94 9 11 0.151442 
405 182 21 32 0.15134087 
477 123 10 13 0.15108776 
552 104 9 10 0.15074497 
826 314 37 40 0.15024884 
871 89 9 11 0.14976816 
106 109 13 16 0.14634901 
982 95 8 10 0.14606088 
552 95 8 10 0.14315046 
135 130 13 17 0.14080517 
967 112 9 11 0.14031677 
463 92 8 10 0.14023225 
512 115 11 14 0.13741365 
815 129 15 19 0.13567974 
498 88 8 11 0.13473296 
304 77 9 11 0.13347974 
0 86 7 12 0.13322143 
358 76 8 11 0.13251927 
456 125 10 13 0.12966 
617 97 8 10 0.12941135 
605 93 8 10 0.12763317 
373 97 11 14 0.12722139 
409 119 10 12 0.1271242 
583 88 7 9 0.124540396 
53 93 10 12 0.12384387 
38 95 11 13 0.12344924 
47 92 11 14 0.1226635 
630 108 11 16 0.12232009 
432 110 9 12 0.120578445 
176 92 8 10 0.120545186 
461 126 10 13 0.12011528 
493 118 10 12 0.11831858 
877 177 38 52 0.11717048 
387 211 29 43 0.1165063 
614 118 12 15 0.11644085 
920 239 32 50 0.11626748 
794 182 32 44 0.116036646 
651 135 27 36 0.11357479 
578 124 15 18 0.112893425 
253 125 11 17 0.11177107 
12 119 14 16 0.11162033 
409 103 8 10 0.110918194 
448 178 26 33 0.109920844 
441 109 9 12 0.1091651 
433 136 17 22 0.10846793 
237 94 9 11 0.10844447 
753 95 8 10 0.10692737 
863 117 11 12 0.10680508 
703 113 10 11 0.10623716 
706 96 7 10 0.10558902 
905 78 8 10 0.105164036 
550 145 24 32 0.105147034 
225 106 12 17 0.10477336 
69 159 29 44 0.10410431 
974 125 13 18 0.10371954 
926 233 47 67 0.102450065 
736 96 7 10 0.10169477 
603 115 12 17 0.10124177 
920 95 9 11 0.10064142 
234 162 27 31 0.10004287 
472 124 10 14 0.09978616 
663 184 31 39 0.09932116 
527 100 9 10 0.09907961 
167 197 30 45 0.09892348 
504 88 9 11 0.098334394 
926 100 9 12 0.09767442 
495 109 10 13 0.09741037 
431 116 12 13 0.097171776 
436 188 25 32 0.097005405 
218 86 9 10 0.096349195 
45 117 16 19 0.0951422 
759 110 9 12 0.09511035 
190 106 10 13 0.09501154 
579 90 6 9 0.09494213 
65 143 26 39 0.094598904 
996 164 27 34 0.094309315 
293 93 9 13 0.09427209 
603 108 12 15 0.093809985 
142 71 9 11 0.093802035 
976 180 25 35 0.093443796 
495 104 9 11 0.09282629 
549 130 14 21 0.09279157 
369 162 18 25 0.0923525 
930 157 23 29 0.09180819 
456 92 8 10 0.09174003 
541 123 11 17 0.09088741 
23 105 9 12 0.09059542 
10 138 22 28 0.090533085 
861 96 9 11 0.090513185 
200 103 11 14 0.09014333 
201 88 7 9 0.08946647 
429 103 8 9 0.089128055 
13 182 23 30 0.08892591 
504 76 8 9 0.08876331 
769 80 7 8 0.08840201 
218 158 29 36 0.087999195 
857 95 9 11 0.0875863 
227 113 13 16 0.08756723 
259 167 24 40 0.0870809 
540 116 11 16 0.08701862 
780 125 12 16 0.08582683 
777 87 6 9 0.08478563 
184 79 9 10 0.084507786 
307 101 13 16 0.08438216 
856 77 8 11 0.08433229 
481 87 7 9 0.08389621 
919 78 7 10 0.08384708 
871 109 9 11 0.08378159 
863 78 8 10 0.083378784 
410 62 8 10 0.08279158 
487 122 10 13 0.08259577 
501 109 9 12 0.082308784 
309 76 10 11 0.08177694 
556 103 9 11 0.08172771 
479 93 10 12 0.081534 
423 72 7 9 0.080487125 
286 93 9 13 0.08035249 
733 137 16 26 0.080177896 
34 94 9 12 0.07964534 
440 171 27 32 0.07865723 
588 122 12 16 0.07855384 
905 86 8 11 0.07772304 
995 268 29 51 0.077221796 
964 175 24 33 0.07701552 
417 93 8 11 0.07614752 
95 79 9 11 0.075949356 
40 79 10 11 0.075503446 
766 96 8 10 0.075496726 
583 93 9 11 0.07434019 
823 170 33 48 0.07400149 
602 89 7 8 0.073690474 
112 84 9 11 0.07353155 
51 129 20 28 0.073176816 
646 187 29 44 0.07303578 
622 116 10 15 0.07298494 
137 77 9 10 0.07296713 
839 152 20 32 0.072852336 
409 80 7 9 0.07281041 
543 111 10 12 0.072747014 
925 96 8 10 0.072455466 
349 131 13 16 0.07194931 
249 78 9 12 0.071720175 
852 177 30 41 0.07125329 
465 169 28 40 0.07115654 
709 100 8 11 0.07108652 
267 108 12 14 0.07035261 
48 88 9 11 0.06991892 
376 79 9 11 0.069647714 
839 132 12 16 0.069616415 
106 71 8 10 0.06949753 
993 87 8 10 0.06933769 
107 99 14 17 0.06929149 
517 88 8 11 0.06891036 
542 87 8 11 0.06868499 
305 72 10 12 0.068527214 
739 107 9 12 0.06850092 
199 151 23 30 0.06839516 
147 288 44 66 0.06827938 
101 101 13 15 0.068251625 
591 79 8 9 0.06822067 
357 120 11 12 0.06792646 
907 147 17 20 0.06771277 
477 276 37 48 0.06730718 
459 181 26 40 0.06706099 
438 76 8 10 0.06703786 
488 102 9 12 0.06701458 
596 142 19 22 0.06694159 
497 77 7 9 0.06654501 
109 131 16 18 0.06644245 
950 96 9 11 0.06641508 
209 178 34 42 0.06600532 
378 56 7 9 0.06595154 
687 87 7 9 0.06584072 
659 269 31 38 0.065824464 
99 149 45 53 0.0657563 
411 123 11 15 0.064996935 
510 78 8 10 0.064976856 
581 157 14 20 0.06455401 
502 103 8 11 0.06363805 
62 95 10 13 0.0635487 
806 168 25 31 0.06349104 
795 125 13 18 0.06346619 
183 86 8 10 0.06346166 
136 109 10 13 0.06335761 
735 63 8 10 0.06333632 
935 153 14 18 0.06318998 
433 71 7 9 0.062788166 
738 68 8 10 0.062423933 
736 182 33 41 0.06233711 
191 86 7 9 0.062191397 
538 192 22 31 0.06207399 
368 92 11 15 0.062026594 
575 92 9 12 0.061983056 
998 88 8 10 0.061862227 
950 87 8 10 0.061553236 
75 169 44 54 0.06123732 
233 87 7 10 0.061217368 
897 73 8 10 0.06119114 
49 122 16 21 0.06117115 
968 139 11 16 0.060787134 
367 88 9 13 0.060743563 
52 151 13 21 0.060031094 
414 63 7 9 0.0597223 
166 73 8 9 0.05959711 
296 77 9 11 0.059568007 
480 81 7 9 0.0595326 
709 94 9 11 0.05905331 
678 152 13 19 0.058962103 
552 88 9 10 0.058961447 
398 70 7 9 0.058950786 
803 295 53 59 0.058879886 
377 85 9 12 0.058815572 
143 103 9 11 0.058715653 
192 122 21 30 0.058668416 
53 89 9 10 0.058442116 
511 126 11 14 0.058168195 
50 139 26 37 0.058095604 
563 154 12 16 0.05799877 
415 87 8 11 0.05784859 
872 104 9 11 0.057804726 
302 118 20 28 0.057531197 
753 281 52 66 0.057440642 
453 118 10 13 0.057074275 
934 104 9 10 0.056878068 
909 153 24 29 0.05664068 
697 117 10 12 0.05657513 
158 87 9 11 0.056265827 
935 144 9 11 0.056202516 
535 103 8 9 0.056072734 
145 134 22 28 0.056025874 
34 125 24 28 0.05594239 
721 110 8 10 0.05556077 
171 140 12 17 0.055541996 
726 110 10 13 0.055446155 
630 188 27 42 0.055111296 
256 108 9 13 0.055035412 
439 72 7 9 0.054922063 
863 111 11 12 0.05486302 
720 88 7 9 0.05483044 
30 116 13 18 0.054640982 
273 94 10 12 0.054565135 
556 153 15 19 0.05426921 
728 81 9 11 0.05412276 
420 201 26 35 0.054097574 
278 170 36 49 0.054046784 
229 132 14 16 0.053855427 
489 108 10 13 0.053804733 
245 312 41 39 0.05355651 
537 87 8 11 0.05342136 
406 146 14 19 0.053344402 
450 168 18 24 0.05334051 
146 133 13 17 0.0533375 
706 86 7 9 0.05330191 
446 104 9 11 0.0532661 
244 155 17 24 0.05306175 
36 120 17 20 0.052947532 
831 153 13 20 0.052689143 
47 78 8 9 0.05258996 
458 104 8 12 0.052491248 
696 111 9 12 0.052476205 
759 88 7 8 0.052243978 
617 72 7 8 0.052069932 
120 86 10 12 0.051919013 
206 257 31 57 0.051860396 
294 99 10 13 0.051787227 
180 275 43 72 0.051495835 
497 71 7 10 0.051361028 
523 114 13 17 0.050973605 
203 117 15 19 0.050913095 
273 135 17 20 0.05079316 
949 124 10 12 0.050596647 
421 77 8 10 0.05046621 
591 72 6 9 0.05030279 
168 104 8 11 0.050239157 
536 111 9 12 0.05016299 
735 114 11 14 0.050102953 
544 103 8 10 0.05006306 
152 87 8 10 0.050020747 
441 137 13 19 0.04996427 
2 177 22 33 0.049954996 
464 77 7 10 0.049854588 
449 93 8 10 0.049834885 
455 109 9 12 0.049679905 
707 124 14 15 0.04949551 
913 110 13 15 0.049451012 
932 116 11 15 0.04921119 
465 72 7 10 0.04915857 
221 79 9 11 0.04912444 
638 78 7 10 0.049014516 
46 111 12 15 0.04885522 
42 132 24 31 0.04882019 
993 180 28 40 0.048608992 
197 161 15 22 0.04846682 
410 84 8 11 0.048337582 
695 134 16 23 0.04827376 
0 168 11 22 0.04796986 
791 78 8 10 0.047928 
978 115 14 16 0.047896158 
392 48 7 9 0.04779801 
319 79 9 11 0.0474454 
399 78 7 10 0.047408745 
543 94 8 10 0.047405064 
976 94 9 12 0.047255337 
761 101 9 11 0.047172666 
711 87 8 10 0.046904992 
402 200 19 25 0.04688139 
389 87 9 10 0.046799645 
910 86 8 10 0.046711236 
550 146 13 19 0.046593912 
320 84 10 14 0.046564925 
425 101 8 11 0.0464982 
294 117 10 14 0.046497036 
129 164 16 24 0.04638312 
557 94 8 10 0.04636304 
485 87 9 10 0.04628485 
5 126 14 18 0.04615246 
1001 93 8 11 0.045931447 
569 87 7 9 0.045896627 
880 78 6 9 0.04582101 
902 73 7 10 0.045722358 
878 107 10 12 0.04563763 
302 96 12 15 0.04551961 
528 72 6 9 0.045497056 
761 63 6 8 0.04545533 
586 80 7 9 0.045310784 
64 78 8 11 0.04527952 
575 277 41 44 0.04516118 
288 72 8 10 0.044930503 
206 78 8 9 0.04490092 
695 97 8 10 0.044705 
263 174 35 48 0.044453707 
69 101 9 13 0.044363476 
521 103 8 10 0.04434963 
572 139 14 17 0.044275723 
265 71 8 10 0.04425232 
470 132 11 12 0.044020217 
134 129 22 29 0.04400697 
941 127 10 12 0.043936875 
742 70 8 9 0.04392115 
293 110 10 13 0.043767042 
153 140 21 32 0.043712363 
39 86 9 10 0.04369885 
896 169 23 40 0.0436497 
685 144 22 30 0.043586224 
389 177 27 32 0.043510754 
913 247 47 75 0.043459237 
567 152 26 35 0.042973023 
395 100 10 13 0.042963494 
28 134 25 31 0.04296182 
376 225 24 37 0.042934418 
927 128 13 16 0.0428431 
15 109 12 14 0.04270079 
381 56 8 10 0.04242736 
0 91 9 14 0.04242493 
997 246 24 46 0.04233139 
925 154 13 16 0.042313732 
144 88 8 10 0.04226796 
781 161 14 21 0.042251706 
929 107 10 14 0.042116076 
385 92 10 14 0.041986614 
30 149 24 33 0.04189489 
542 128 14 20 0.04181957 
422 108 9 13 0.041772023 
523 180 14 18 0.041623805 
106 167 43 56 0.04158039 
381 63 8 9 0.041391943 
199 95 9 10 0.041337326 
668 190 17 23 0.041235004 
384 129 13 18 0.04121638 
887 88 9 10 0.041123975 
134 85 10 11 0.040997226 
183 192 35 50 0.040951245 
375 71 8 9 0.040919665 
103 108 21 25 0.040778406 
182 118 11 15 0.040713042 
568 78 7 9 0.04064186 
707 111 11 13 0.04050496 
910 80 8 10 0.040498324 
366 157 15 21 0.04042105 
284 129 17 22 0.040222753 
672 79 8 10 0.04020447 
789 118 12 15 0.04019366 
918 72 8 10 0.040158693 
910 201 26 37 0.04015703 
620 99 11 14 0.040117398 
433 162 15 19 0.04004244 
159 93 9 10 0.039920494 
118 106 13 15 0.03984157 
384 231 46 66 0.039732974 
667 108 12 14 0.039714884 
368 179 34 47 0.039676048 
878 87 8 11 0.03967056 
429 123 14 17 0.039618988 
958 78 8 9 0.039269343 
158 78 8 10 0.03922339 
904 91 8 11 0.039209872 
449 89 7 10 0.03914291 
24 79 8 10 0.039129086 
104 140 25 34 0.03899283 
969 130 20 28 0.038932607 
311 84 10 14 0.03890215 
569 72 7 9 0.03880938 
792 110 9 12 0.038769998 
1004 220 17 26 0.03873724 
977 80 9 10 0.03834711 
253 67 9 12 0.03832237 
776 70 7 9 0.03829988 
351 119 11 14 0.03828691 
368 76 9 12 0.03812748 
247 205 40 59 0.03791752 
929 216 32 48 0.03790924 
471 72 6 9 0.037823074 
381 118 11 13 0.037783507 
295 72 8 11 0.037605952 
950 205 13 17 0.03751535 
481 64 7 10 0.037498955 
622 78 7 9 0.037334975 
621 117 21 30 0.037329715 
514 61 7 9 0.03731311 
369 64 8 10 0.037309624 
698 150 28 37 0.037273824 
961 110 9 12 0.037187252 
394 126 13 16 0.037123274 
246 103 10 13 0.037039388 
236 128 15 17 0.036960103 
639 128 17 24 0.03683763 
393 64 8 10 0.036798093 
768 119 12 15 0.036789887 
665 87 7 9 0.03674814 
913 95 8 10 0.036732808 
861 121 14 16 0.03661947 
587 130 13 18 0.036547348 
71 107 10 13 0.036542002 
448 263 53 62 0.03653586 
238 89 8 9 0.036382616 
471 79 8 10 0.036373273 
634 105 13 17 0.036360703 
111 254 40 47 0.036357876 
696 124 11 14 0.03630339 
570 94 8 11 0.036289133 
430 64 8 9 0.036190372 
526 77 7 10 0.0361786 
223 151 18 25 0.03615606 
941 110 10 12 0.036129527 
601 74 7 9 0.03612136 
504 126 10 12 0.03595034 
12 149 26 35 0.03576705 
945 100 10 12 0.03571253 
827 130 14 19 0.0355539 
263 95 9 10 0.03554751 
60 125 15 23 0.035437487 
1001 77 8 10 0.035411987 
592 149 26 35 0.035406575 
394 107 12 15 0.035302263 
920 124 10 12 0.035286654 
793 87 8 10 0.035241164 
784 71 8 10 0.0352227 
271 78 8 11 0.035058603 
167 94 8 9 0.034946088 
734 87 8 9 0.03488893 
487 80 8 9 0.03488063 
370 70 8 10 0.03487991 
71 80 8 10 0.034873165 
394 69 7 10 0.03484277 
540 187 16 19 0.03481273 
68 95 9 12 0.034751326 
458 78 8 9 0.03471524 
269 71 9 11 0.03461623 
343 123 14 18 0.03458691 
288 110 10 12 0.03457593 
125 79 9 10 0.03451915 
584 100 9 12 0.0344867 
113 125 16 19 0.034469366 
890 186 41 51 0.034430288 
79 102 11 14 0.03440322 
825 112 11 14 0.03439024 
239 113 13 17 0.034297008 
167 131 20 30 0.03429508 
41 150 24 33 0.03429074 
306 152 24 41 0.034240484 
564 159 15 22 0.033950184 
838 125 10 14 0.033849664 
111 94 12 14 0.03384722 
577 120 11 15 0.03381267 
981 139 41 54 0.03377402 
5 94 10 12 0.033745743 
121 156 38 51 0.033654403 
726 85 9 11 0.033552248 
191 96 8 9 0.03341414 
1000 210 20 22 0.03340464 
154 79 7 9 0.033398435 
383 109 10 13 0.033387292 
479 239 54 57 0.033346925 
31 79 8 10 0.033325132 
782 145 13 19 0.033283573 
565 148 13 17 0.033105433 
280 88 7 10 0.03304122 
516 121 12 16 0.03297077 
87 82 10 12 0.032861814 
759 96 10 10 0.032841485 
381 191 31 38 0.032777086 
607 73 7 8 0.032696124 
308 94 12 14 0.03269094 
179 124 20 29 0.03264483 
557 88 8 9 0.03256838 
265 76 9 11 0.03254305 
644 117 17 22 0.032485656 
927 85 9 10 0.032439653 
754 110 9 11 0.03243133 
87 95 9 11 0.032425273 
914 149 16 17 0.032334737 
242 120 19 25 0.032071024 
961 132 11 15 0.032066636 
927 80 9 10 0.031949844 
951 324 44 62 0.031885657 
416 79 9 10 0.0318664 
548 116 15 18 0.031863004 
688 93 8 11 0.031791154 
42 88 19 24 0.031738084 
182 94 8 10 0.03168525 
422 115 11 13 0.031597078 
518 93 8 10 0.031596042 
671 167 33 39 0.03156895 
182 169 15 23 0.03155278 
198 115 14 18 0.031535506 
685 154 29 35 0.031531673 
228 125 12 15 0.03146119 
30 130 40 49 0.03142287 
701 124 13 16 0.03140042 
511 73 7 9 0.031356797 
536 72 6 8 0.0313244 
478 134 10 12 0.03126967 
912 104 10 13 0.031267185 
848 71 8 11 0.031213008 
729 62 9 10 0.031191662 
787 77 7 10 0.03117293 
0 116 10 14 0.031092035 
54 77 9 10 0.031064147 
28 109 10 14 0.031037778 
212 141 16 23 0.031037744 
202 78 8 10 0.031015143 
448 121 11 16 0.03096461 
982 79 7 10 0.030929934 
263 135 22 25 0.030847378 
426 164 25 32 0.030843679 
447 71 8 10 0.03083924 
205 88 8 10 0.030815864 
478 97 12 16 0.03073979 
174 102 9 12 0.030638603 
613 127 15 19 0.03058089 
721 137 25 37 0.03056841 
319 185 32 40 0.030538645 
945 87 8 9 0.030499922 
941 309 36 53 0.03040552 
501 235 52 55 0.030252237 
97 62 7 10 0.030203873 
871 78 8 10 0.030163756 
215 92 10 13 0.030162442 
460 115 12 16 0.03011461 
288 77 8 9 0.03010287 
90 148 34 39 0.030088512 
580 156 25 34 0.030050594 
554 123 16 20 0.029987201 
539 140 24 32 0.02998471 
115 153 16 25 0.02992328 
281 79 7 9 0.029848924 
614 88 7 8 0.02983496 
273 87 8 9 0.02982681 
1011 178 12 18 0.029747415 
1005 96 19 25 0.029711036 
184 72 9 10 0.029615222 
769 87 7 8 0.02945696 
221 93 10 12 0.029437438 
288 204 24 38 0.02940936 
751 78 8 9 0.029366668 
486 134 11 13 0.029335013 
521 77 8 9 0.029306872 
535 94 8 10 0.02926002 
793 92 8 11 0.029256707 
255 37 8 10 0.02923053 
652 275 48 54 0.02913274 
254 86 8 10 0.029127097 
623 256 29 42 0.029127033 
664 103 10 12 0.029123556 
530 54 8 10 0.029115062 
210 107 12 14 0.029111542 
509 153 23 29 0.029078448 
415 142 14 22 0.029070267 
243 107 12 16 0.029029876 
769 133 22 29 0.029027408 
893 137 12 16 0.028975783 
356 177 23 37 0.02897569 
168 89 8 10 0.028942296 
502 116 10 12 0.028814672 
25 192 15 19 0.028791713 
424 255 58 76 0.028746845 
161 72 8 10 0.028732188 
975 105 9 11 0.028590638 
528 87 7 10 0.028561499 
397 63 8 10 0.02852365 
250 138 21 31 0.028514555 
518 157 23 31 0.028451731 
408 95 9 11 0.028443655 
907 152 40 52 0.028420283 
844 126 10 14 0.028393611 
879 92 8 11 0.028307594 
472 63 7 9 0.028305784 
382 69 8 10 0.028279683 
774 178 33 48 0.028269885 
-2 215 26 44 0.028266666 
32 87 8 10 0.028205821 
486 141 12 14 0.028166948 
566 253 40 45 0.0281371 
540 169 15 21 0.028116493 
1004 109 20 24 0.028099312 
945 95 8 11 0.028099008 
745 54 6 9 0.028054655 
125 116 11 13 0.028011506 
438 115 11 13 0.027992673 
244 131 22 28 0.027917508 
471 142 12 16 0.027852569 
600 80 20 27 0.027849529 
987 116 13 14 0.02782508 
511 99 9 11 0.027778788 
585 113 20 26 0.027764225 
336 1 44 55 0.027710153 
424 63 8 10 0.027672144 
81 197 42 39 0.027662689 
708 164 28 39 0.027658999 
908 182 27 41 0.027622024 
222 224 49 64 0.027556984 
586 71 7 9 0.027529813 
220 123 11 15 0.027510785 
264 103 11 13 0.02742367 
739 118 11 12 0.027248558 
870 270 27 29 0.027206495 
270 100 11 14 0.027179196 
742 96 8 10 0.02715013 
125 107 10 14 0.027122047 
472 86 8 10 0.027085105 
986 125 14 16 0.027047353 
99 133 25 28 0.027036255 
785 127 20 24 0.027023906 
705 81 7 9 0.027018989 
776 285 54 66 0.026995864 
945 79 7 9 0.026994288 
135 103 10 13 0.026993688 
600 79 7 8 0.026987629 
450 155 16 22 0.026880542 
189 79 8 10 0.026876481 
534 55 8 10 0.026873196 
428 95 9 11 0.026873033 
425 217 18 24 0.026869955 
578 135 14 18 0.026686473 
989 109 11 13 0.02664346 
583 110 10 11 0.02663951 
620 122 12 17 0.026577625 
992 48 7 10 0.026575599 
859 139 16 19 0.026535986 
920 88 7 9 0.026484424 
590 86 8 10 0.02641066 
459 171 15 24 0.026387233 
1002 101 10 13 0.026370222 
145 95 8 10 0.02635789 
969 125 10 15 0.026357763 
470 100 11 14 0.026355732 
862 73 9 10 0.026345273 
495 64 8 8 0.02633133 
628 102 20 29 0.026294993 
505 127 20 26 0.026277225 
670 86 7 9 0.026275873 
7 100 9 12 0.02624392 
364 132 14 18 0.026105054 
5 190 26 39 0.026080353 
672 152 27 32 0.026074884 
801 159 23 29 0.025998414 
188 115 13 17 0.025936231 
286 100 9 11 0.02593237 
16 87 8 10 0.025860155 
492 141 13 16 0.025846684 
108 269 52 55 0.025838217 
858 117 9 12 0.025830345 
182 146 10 16 0.02581064 
971 143 23 31 0.0256776 
54 96 13 15 0.025672149 
288 89 8 10 0.0256548 
602 162 18 31 0.025654247 
377 62 7 10 0.025652599 
895 105 8 10 0.025649032 
65 85 9 11 0.02563557 
315 260 16 21 0.025592871 
156 193 27 41 0.02558117 
804 128 14 21 0.02553888 
902 142 12 16 0.02553686 
774 110 10 11 0.025460191 
18 309 44 46 0.025318734 
401 251 32 53 0.025295876 
572 127 24 28 0.025227211 
317 136 13 19 0.025216708 
797 17 11 15 0.025199449 
829 301 29 35 0.02519563 
103 78 9 11 0.025156908 
630 112 24 32 0.025072535 
952 78 8 11 0.024978828 
254 103 9 13 0.024914708 
57 73 8 10 0.024880175 
134 116 11 16 0.024876405 
188 123 15 21 0.024872115 
975 85 9 10 0.02486322 
15 93 8 10 0.024845447 
728 103 9 11 0.02484432 
553 79 8 8 0.024839105 
887 79 8 9 0.02481258 
365 118 9 13 0.02478806 
606 78 7 9 0.02474967 
835 307 17 22 0.024746984 
325 93 11 14 0.024682177 
776 66 7 8 0.024657166 
418 71 7 9 0.024640687 
421 126 13 18 0.024638267 
859 131 15 17 0.024573267 
171 202 17 23 0.024541615 
160 101 10 11 0.024525268 
964 191 14 20 0.0245062 
515 130 13 18 0.024482263 
457 121 18 24 0.024313832 
126 71 8 9 0.024272896 
500 138 13 18 0.024261916 
735 131 13 18 0.024236964 
487 63 7 10 0.024207659 
645 89 9 11 0.024172412 
617 77 8 9 0.024111811 
78 175 17 27 0.024108788 
823 113 19 24 0.024039162 
277 106 12 13 0.02402029 
814 110 10 12 0.024018357 
719 92 8 10 0.024008753 
189 171 24 41 0.023991074 
729 58 7 9 0.023984885 
897 206 26 36 0.023944499 
989 226 32 51 0.02393652 
966 157 11 15 0.023936052 
22 157 27 36 0.0239234 
935 70 8 9 0.023903677 
305 66 7 9 0.023876334 
719 115 11 13 0.023842705 
772 147 21 30 0.02380523 
894 107 10 14 0.023791378 
302 97 20 27 0.023776807 
688 111 9 11 0.023762146 
437 125 12 14 0.023718106 
518 139 16 23 0.023692574 
957 70 8 11 0.023679921 
485 146 15 16 0.023661533 
206 95 10 12 0.023603415 
782 148 20 30 0.023467023 
782 120 11 13 0.023459325 
921 163 17 22 0.023443263 
423 88 7 9 0.02342937 
263 89 8 9 0.02340053 
521 72 7 9 0.02332284 
207 239 34 44 0.023294773 
961 116 9 12 0.023282336 
30 100 10 13 0.02326977 
937 64 7 9 0.023248345 
625 110 10 15 0.02322527 
678 78 7 9 0.023217818 
388 214 17 26 0.023201473 
990 103 10 12 0.023185713 
753 182 30 40 0.02316809 
970 163 14 18 0.023138199 
38 108 13 16 0.023111053 
729 95 8 11 0.023108784 
412 173 16 22 0.02307332 
375 125 11 15 0.022966303 
408 57 8 10 0.022964528 
116 115 14 15 0.02292976 
951 120 10 12 0.022920128 
23 84 8 11 0.022886254 
1007 78 7 9 0.022873698 
465 63 6 8 0.022827793 
935 95 8 10 0.02281184 
18 71 7 10 0.022801228 
853 146 15 19 0.02279992 
593 127 24 29 0.022780184 
259 299 35 40 0.022774523 
939 208 29 33 0.02276382 
276 89 19 24 0.022745233 
188 164 14 20 0.022732219 
739 125 13 17 0.022726478 
604 133 13 16 0.022700928 
424 125 22 28 0.022625808 
591 63 7 9 0.02261983 
72 152 17 22 0.022609286 
878 231 30 37 0.022596586 
496 56 8 9 0.022537004 
822 278 59 59 0.02253434 
272 48 7 9 0.022514375 
324 76 11 14 0.022508591 
1000 110 11 13 0.022480153 
562 119 19 26 0.022473127 
471 118 20 24 0.022400308 
248 84 10 10 0.022392748 
857 123 11 14 0.022379685 
109 90 19 24 0.022377707 
189 155 40 50 0.022375852 
121 72 8 10 0.022344705 
888 137 12 15 0.02233778 
673 72 7 9 0.022319749 
266 116 14 16 0.02222704 
543 63 7 8 0.02218815 
768 64 6 8 0.022151714 
856 110 9 12 0.02213952 
928 62 7 9 0.022126319 
252 187 38 54 0.022116711 
257 94 8 10 0.022107475 
637 116 12 17 0.022099214 
701 106 20 23 0.022008527 
939 161 23 31 0.022006974 
608 62 7 9 0.021993723 
254 117 11 16 0.021974884 
95 95 10 13 0.02197348 
542 200 24 33 0.021971898 
956 103 9 11 0.021955501 
679 72 8 10 0.021930205 
375 119 10 13 0.021846471 
648 76 7 9 0.021835899 
590 95 8 10 0.021780858 
16 103 10 12 0.021766748 
71 85 8 10 0.02173641 
962 86 9 12 0.021667793 
294 88 9 11 0.021657685 
-1 183 12 23 0.021635761 
218 73 7 10 0.021622825 
634 138 29 37 0.02162002 
720 104 9 10 0.021617895 
832 136 20 28 0.021612639 
656 171 28 43 0.02156439 
368 210 27 35 0.021533877 
755 88 7 10 0.021519791 
411 213 16 26 0.021479413 
467 107 12 15 0.021402046 
236 137 15 18 0.021401055 
875 273 16 19 0.02138932 
670 95 8 10 0.021372112 
548 167 14 20 0.021322966 
775 103 8 10 0.021283878 
269 184 40 54 0.021270439 
110 101 22 25 0.021265661 
599 119 13 18 0.021210663 
528 175 25 30 0.02120934 
356 160 25 34 0.0211704 
201 216 25 42 0.021139896 
309 134 14 21 0.02112248 
977 63 7 10 0.021092843 
764 108 11 13 0.021060182 
306 138 22 34 0.021053286 
456 102 19 25 0.02097291 
834 111 12 15 0.020945981 
574 72 7 9 0.02091995 
697 86 7 9 0.020910801 
509 82 17 23 0.020899799 
431 87 8 10 0.020818623 
734 80 7 9 0.020758243 
886 108 9 12 0.020741696 
816 180 21 25 0.020737093 
993 79 7 10 0.020729804 
610 115 21 25 0.020712428 
566 110 9 11 0.02070049 
516 195 14 17 0.020693298 
371 219 14 19 0.020684792 
177 79 8 9 0.020674054 
752 100 8 10 0.020628383 
824 135 20 26 0.020574272 
299 130 16 24 0.020567613 
141 173 23 32 0.020563038 
150 71 8 10 0.020553315 
9 187 43 55 0.02055298 
211 118 14 18 0.020540474 
956 185 25 30 0.020533508 
1015 85 8 12 0.020524308 
440 64 7 9 0.020494383 
865 86 11 12 0.020484067 
842 312 39 38 0.020459864 
266 126 16 19 0.020443927 
565 168 17 25 0.020409402 
961 157 11 15 0.020402368 
960 218 53 59 0.020307995 
440 86 7 10 0.020305121 
398 86 8 11 0.020269249 
478 108 13 15 0.020232428 
148 37 10 12 0.020197568 
353 71 9 12 0.02016565 
391 80 7 8 0.020155307 
962 162 23 30 0.020138673 
485 94 9 11 0.020119445 
895 88 8 10 0.020106502 
200 72 9 11 0.02009074 
955 201 16 20 0.020043802 
866 255 48 56 0.0200226 
