2_Demonstration_Demonstrators_2_414
276
686 52 23 29 0.9743167 
202 41 18 22 0.9720958 
399 33 21 24 0.9503996 
597 38 23 27 0.92309815 
485 28 22 26 0.915193 
134 41 22 26 0.8870102 
764 47 18 22 0.8651707 
928 43 29 35 0.7993873 
18 34 26 30 0.73123986 
531 0 15 18 0.6609776 
93 61 21 25 0.65323853 
170 44 26 36 0.6124257 
821 47 23 27 0.59001744 
306 39 32 35 0.58826005 
249 51 19 22 0.51455176 
290 1 29 28 0.4882898 
863 64 14 19 0.34812358 
226 43 21 29 0.32343832 
115 67 18 23 0.29399827 
104 61 21 28 0.26024696 
9 38 26 33 0.23166338 
529 125 15 19 0.23136349 
537 57 24 29 0.22139171 
46 50 15 20 0.20018584 
740 49 14 18 0.18789016 
401 63 27 33 0.1776665 
942 78 29 35 0.17668648 
705 51 25 30 0.17302863 
54 115 29 33 0.17254832 
247 123 14 16 0.17010325 
921 24 44 58 0.1656768 
5 93 14 17 0.16448632 
492 100 23 28 0.1505783 
799 58 13 16 0.14408337 
439 19 13 17 0.13986203 
814 54 17 21 0.13371262 
844 110 15 17 0.13039629 
11 95 22 28 0.12967168 
502 0 16 13 0.12391909 
474 62 19 24 0.12114797 
159 130 28 33 0.11366341 
450 123 15 19 0.111553445 
119 99 28 32 0.11033119 
488 131 22 27 0.1057379 
61 120 18 21 0.10447605 
174 62 26 34 0.104388855 
244 56 27 36 0.10090178 
106 22 16 22 0.10088853 
383 46 12 16 0.09862865 
34 34 16 23 0.097336926 
718 143 11 15 0.093571946 
594 100 17 20 0.090886176 
948 38 25 32 0.08890063 
531 47 23 28 0.08870833 
53 123 14 16 0.08814709 
351 17 15 19 0.087092794 
86 64 17 22 0.08202775 
803 52 19 25 0.08175053 
772 77 16 21 0.08131519 
422 30 13 18 0.081197515 
778 102 14 17 0.080086544 
236 119 24 27 0.07921578 
42 36 12 19 0.07824304 
174 261 24 34 0.07754944 
350 6 15 17 0.07723784 
950 117 14 17 0.07597851 
230 38 13 19 0.075779095 
478 31 17 22 0.07540534 
470 35 13 18 0.07510458 
856 66 13 16 0.07492901 
455 35 14 18 0.069829606 
909 53 12 16 0.069111235 
867 23 12 15 0.06893259 
722 59 16 19 0.06892935 
575 58 15 19 0.06734922 
0 50 11 20 0.06532559 
400 75 19 25 0.064127155 
317 3 17 19 0.063486226 
584 0 15 17 0.062364362 
805 65 12 16 0.061925076 
1 42 22 33 0.06026067 
323 201 13 16 0.05995976 
1007 0 14 16 0.059277385 
719 169 11 16 0.05909235 
9 249 45 66 0.05898107 
200 213 9 13 0.05653451 
278 44 21 29 0.05569934 
712 134 8 11 0.05441477 
410 101 27 30 0.0540861 
229 56 25 35 0.05310419 
161 55 25 34 0.05289234 
917 48 26 32 0.052828457 
460 38 19 24 0.052732848 
128 59 25 33 0.05256117 
595 104 23 27 0.05056354 
42 42 15 21 0.049685612 
372 226 13 16 0.049414504 
269 99 16 21 0.048922457 
395 30 36 45 0.04885584 
740 16 16 22 0.048703484 
929 84 27 35 0.04776579 
791 95 12 15 0.046826094 
956 37 15 19 0.046545938 
811 64 15 18 0.04594929 
602 98 16 18 0.04567322 
352 32 14 19 0.04558974 
123 99 16 18 0.045005705 
683 109 13 16 0.044998396 
822 91 15 19 0.0448401 
367 39 10 13 0.044473387 
183 293 73 61 0.043808844 
864 55 22 29 0.04369944 
216 198 50 65 0.04369702 
290 93 14 16 0.04342265 
854 99 14 17 0.04336918 
526 43 14 20 0.04327055 
14 35 18 22 0.042742472 
867 125 14 21 0.04250882 
158 292 59 59 0.042211033 
850 107 17 20 0.042181104 
195 93 14 17 0.041979216 
418 57 17 19 0.041688405 
21 249 26 42 0.041189954 
589 105 18 21 0.040861458 
432 17 22 26 0.04063236 
261 44 24 31 0.039579675 
236 194 14 16 0.03947504 
84 6 18 24 0.038979124 
413 99 15 20 0.03889533 
202 92 16 18 0.03869242 
995 133 11 15 0.038287755 
766 73 15 19 0.03797066 
261 261 23 31 0.03750739 
803 133 12 15 0.037227113 
48 59 26 30 0.03624742 
182 44 34 44 0.036149375 
397 76 41 49 0.03586621 
531 35 17 21 0.035811838 
410 59 19 22 0.03580522 
669 50 24 31 0.03556812 
732 42 23 28 0.035492387 
903 13 78 100 0.035070926 
972 178 14 19 0.03480434 
78 65 14 20 0.033716395 
101 49 21 30 0.03309472 
193 34 37 43 0.03257234 
840 111 23 26 0.0322973 
391 201 22 26 0.032072507 
303 227 14 18 0.031795025 
489 126 17 20 0.031407725 
274 269 28 36 0.03136201 
294 47 32 39 0.031335633 
289 88 26 30 0.031208929 
671 64 13 19 0.031000262 
382 36 13 18 0.030946963 
797 46 13 15 0.030941498 
836 46 22 29 0.030844735 
364 0 15 14 0.030527307 
196 95 25 29 0.030256348 
833 45 16 21 0.030215621 
724 50 25 29 0.030006636 
300 206 15 19 0.029636797 
440 118 24 28 0.029532181 
353 53 11 14 0.029306304 
186 68 17 24 0.02909034 
846 65 13 18 0.029033987 
712 147 12 14 0.02884761 
783 149 12 15 0.028830811 
4 84 40 46 0.028481333 
381 0 14 12 0.028473934 
283 35 23 29 0.028371932 
319 52 21 24 0.028045027 
114 81 25 32 0.02787682 
484 22 17 21 0.027807964 
547 51 16 19 0.027560914 
342 127 12 14 0.027413124 
355 145 17 26 0.027378159 
909 49 21 29 0.027274009 
178 315 46 41 0.027265484 
0 88 23 31 0.027051035 
577 47 22 29 0.027018424 
127 93 27 29 0.02690676 
688 42 37 47 0.02685226 
774 35 13 17 0.026819285 
798 176 9 11 0.026662782 
486 60 22 28 0.026624087 
770 40 21 29 0.026405903 
800 181 10 13 0.02639672 
852 54 11 15 0.026276931 
220 56 23 32 0.026205663 
371 37 12 16 0.025888355 
827 86 22 27 0.02575565 
90 15 15 22 0.02549322 
303 6 20 22 0.025285944 
779 102 24 25 0.025144711 
213 185 120 132 0.025070317 
489 151 24 32 0.024813388 
812 76 12 14 0.024813222 
518 58 14 18 0.02473458 
425 26 19 24 0.024629438 
88 164 13 16 0.0245905 
846 57 12 18 0.024461236 
673 61 26 33 0.024457918 
637 129 12 15 0.024359394 
63 54 23 29 0.024309432 
307 60 30 36 0.024132578 
513 2 18 18 0.024126189 
343 137 25 36 0.024110066 
371 0 16 13 0.023916498 
460 147 11 15 0.023823299 
365 68 12 14 0.023765577 
800 127 12 14 0.023761394 
388 0 15 13 0.0236968 
472 43 25 34 0.023630887 
702 35 40 50 0.02361179 
792 58 13 16 0.023443045 
254 79 27 36 0.023199074 
58 64 35 43 0.02319635 
731 57 14 18 0.023150628 
427 89 26 31 0.023099734 
963 41 14 21 0.02281011 
458 47 17 23 0.022742955 
926 42 17 23 0.02271893 
170 137 15 20 0.02271263 
448 164 10 13 0.022686204 
937 36 19 24 0.022653311 
445 57 13 16 0.02265132 
287 28 12 16 0.02264674 
239 72 29 38 0.022536827 
716 46 13 15 0.022322176 
958 45 25 34 0.022303073 
787 113 13 15 0.022297524 
630 127 13 16 0.022212166 
201 85 26 30 0.022092506 
352 42 13 17 0.021965396 
547 67 18 24 0.021880502 
504 105 16 19 0.02186674 
316 171 18 19 0.02183425 
844 72 14 18 0.021622583 
261 273 29 36 0.021604287 
238 120 12 15 0.021585776 
587 -43 422 468 0.021545822 
595 89 17 21 0.021538202 
945 56 34 48 0.021504972 
800 62 23 28 0.021476677 
679 113 13 16 0.021417053 
396 0 15 14 0.021361928 
196 63 27 33 0.021352155 
793 27 12 16 0.021275949 
11 85 18 22 0.021272872 
618 42 21 31 0.021239638 
526 119 13 17 0.021220505 
268 266 13 19 0.021212175 
19 51 18 23 0.021146264 
763 87 22 29 0.021085136 
843 60 23 28 0.021077678 
298 85 14 16 0.021068038 
499 67 17 21 0.021016194 
926 66 43 58 0.020980308 
776 29 12 15 0.020935945 
790 47 21 29 0.020928696 
420 37 21 28 0.020927414 
17 94 43 49 0.020873357 
251 47 37 47 0.020824382 
793 175 9 11 0.020744624 
305 0 17 16 0.020681962 
261 236 9 12 0.020648602 
305 77 26 31 0.020564865 
297 35 27 33 0.020553201 
724 165 11 16 0.020436132 
75 123 15 19 0.020436045 
869 53 14 18 0.020418204 
385 245 12 16 0.020403348 
273 256 27 32 0.020355811 
183 55 19 25 0.020292671 
412 1 13 16 0.020276722 
