2_Demonstration_Protesters_2_817
53
291 559 33 44 0.99278826 
377 536 41 53 0.91110003 
523 89 31 32 0.63799554 
297 608 43 59 0.1759726 
359 552 45 51 0.09127115 
585 146 40 46 0.082183026 
199 444 14 17 0.080568716 
345 562 43 50 0.0645738 
544 630 49 44 0.06416982 
558 622 13 15 0.061358962 
334 581 23 30 0.057520203 
193 456 18 21 0.05597948 
194 442 23 29 0.053447116 
559 553 12 15 0.05152199 
504 198 19 25 0.048603322 
204 440 11 15 0.044200215 
578 129 71 72 0.04096953 
665 565 10 12 0.038942344 
547 556 11 16 0.03799905 
599 612 14 19 0.037047237 
603 628 12 15 0.036941722 
546 625 25 28 0.036707055 
530 633 31 31 0.035968885 
525 101 33 35 0.035380118 
484 195 13 15 0.03528406 
320 545 41 53 0.033161514 
533 613 15 17 0.03306636 
482 182 27 31 0.031130387 
516 185 15 20 0.030873725 
344 583 48 52 0.030357542 
506 185 28 37 0.028651416 
450 118 192 203 0.027830897 
174 627 23 29 0.02753548 
496 541 45 58 0.027263397 
526 93 16 22 0.027070902 
306 565 29 38 0.026824623 
594 165 45 46 0.025792705 
675 592 27 32 0.02579196 
477 188 12 16 0.025260206 
566 626 56 45 0.024884818 
469 182 26 33 0.02432805 
540 134 34 37 0.023824923 
539 640 18 19 0.023212798 
570 641 18 22 0.02298541 
669 580 40 53 0.022903558 
511 172 43 50 0.0228763 
599 608 11 14 0.022860259 
494 609 28 33 0.022568317 
473 579 47 56 0.021651797 
523 105 48 54 0.02164886 
538 550 21 27 0.020789322 
524 541 42 56 0.020478087 
323 585 47 58 0.020192914 
