2_Demonstration_Political_Rally_2_90
137
539 270 53 75 0.9980615 
789 380 20 27 0.9500998 
300 364 10 13 0.4716887 
876 379 10 13 0.3846904 
921 378 12 16 0.36707106 
196 334 11 14 0.36284697 
236 379 14 17 0.35245326 
155 359 15 19 0.34226438 
5 327 13 18 0.31865498 
342 382 9 12 0.2743345 
40 371 13 16 0.24874711 
202 356 10 14 0.21854441 
24 316 10 13 0.20934522 
112 360 13 16 0.20587218 
170 387 15 20 0.18485135 
63 321 12 15 0.106839314 
318 371 13 15 0.10517643 
408 421 7 10 0.09974246 
1009 385 15 26 0.09818002 
302 298 15 18 0.09799583 
45 326 10 12 0.091673635 
325 367 11 14 0.08664938 
154 312 13 17 0.08401422 
745 458 17 19 0.083202876 
876 428 17 20 0.08288219 
289 390 9 11 0.07793541 
151 390 10 13 0.07555664 
73 297 13 17 0.06766903 
41 327 9 12 0.067017935 
303 382 8 10 0.06516512 
261 357 10 13 0.064910255 
201 350 21 27 0.062692106 
875 386 15 22 0.0615581 
40 348 9 11 0.05997375 
209 345 25 29 0.057244852 
11 325 11 15 0.054929618 
101 380 15 21 0.05381728 
313 372 10 12 0.052292906 
846 393 15 17 0.051945165 
249 301 11 14 0.051913157 
325 333 8 10 0.051637556 
230 372 15 20 0.05065276 
872 402 14 18 0.050451178 
29 408 14 18 0.050146304 
322 327 8 10 0.04964813 
22 323 12 16 0.049220897 
326 357 10 13 0.047733944 
294 383 8 11 0.047049306 
212 354 15 19 0.046276473 
235 348 13 17 0.04577799 
215 387 13 15 0.04570149 
28 312 10 12 0.04523578 
256 391 10 11 0.044517025 
297 370 9 13 0.04179004 
223 341 24 28 0.039179366 
162 360 14 18 0.03831355 
100 388 24 30 0.037870772 
259 380 11 14 0.037838466 
274 392 8 10 0.037098866 
356 310 12 16 0.035233155 
106 401 18 21 0.034349576 
221 382 12 15 0.03421021 
950 423 33 43 0.03415418 
43 375 15 17 0.03399144 
278 392 8 10 0.0335896 
80 374 10 12 0.0324103 
352 315 10 13 0.032266103 
0 404 11 16 0.031741083 
917 332 11 14 0.031245962 
217 375 22 27 0.03080916 
235 363 14 16 0.030473102 
155 347 17 22 0.030406736 
255 342 8 12 0.030217195 
935 463 34 38 0.029756088 
282 308 12 15 0.029342366 
279 398 8 11 0.029146835 
334 374 8 12 0.028900707 
22 409 13 19 0.028506242 
229 353 15 20 0.028247938 
268 357 9 13 0.028188065 
226 356 23 31 0.02778388 
28 331 10 14 0.027283052 
335 302 11 14 0.027014589 
330 404 9 12 0.0265867 
175 285 10 14 0.02645647 
181 393 12 15 0.026256293 
218 337 16 19 0.026183944 
263 309 10 13 0.025631802 
256 351 11 15 0.025124 
940 406 12 15 0.025080884 
736 439 22 31 0.024959486 
344 326 8 11 0.024926217 
992 453 31 53 0.024674535 
6 321 12 15 0.024663573 
327 350 10 13 0.024625385 
203 369 13 17 0.024582634 
727 428 22 31 0.024487821 
147 300 23 31 0.024404474 
193 330 18 23 0.024343047 
392 357 10 15 0.024318239 
95 340 12 13 0.024114173 
103 376 11 14 0.02396175 
335 307 13 16 0.023805255 
784 408 16 20 0.023707708 
263 344 9 10 0.023608882 
280 318 11 12 0.023511726 
306 442 13 16 0.023462478 
823 374 11 15 0.023410285 
820 379 14 20 0.02331396 
284 356 11 14 0.023163486 
949 459 14 18 0.022888357 
802 381 13 18 0.022766175 
915 365 14 17 0.02273147 
403 422 9 10 0.022704283 
954 326 9 14 0.02269002 
1 335 12 19 0.02243379 
111 352 13 16 0.022255197 
191 390 9 13 0.02204878 
247 340 10 14 0.022029921 
324 377 12 15 0.021929177 
943 447 31 41 0.021840569 
44 342 10 13 0.021692095 
261 362 11 14 0.021679526 
256 372 12 15 0.02154933 
309 406 9 9 0.021289287 
912 397 11 15 0.020877387 
80 379 11 14 0.02085149 
838 387 14 18 0.020848267 
94 384 16 21 0.020664616 
94 366 38 47 0.020626951 
37 419 12 16 0.020604717 
297 299 13 17 0.020479895 
50 381 12 14 0.020378517 
328 398 10 12 0.020203795 
373 371 10 13 0.020170202 
159 343 12 15 0.02006434 
247 333 10 14 0.020052284 
