2_Demonstration_Protesters_2_293
219
222 522 89 107 0.99907565 
289 431 56 76 0.99905676 
794 455 57 77 0.99852055 
456 434 53 77 0.9977654 
91 345 43 68 0.99667114 
540 458 73 99 0.9957651 
861 458 79 93 0.9955498 
164 375 40 53 0.99145234 
562 413 49 64 0.99052024 
479 365 42 52 0.98262584 
838 592 66 111 0.97535443 
354 364 31 46 0.9544196 
606 385 32 53 0.9480532 
42 328 36 50 0.87372726 
674 356 29 38 0.76868856 
547 356 33 38 0.7475538 
734 517 50 86 0.6318936 
410 337 33 43 0.63033557 
246 459 42 56 0.5619715 
412 468 43 86 0.5539473 
840 399 47 50 0.49454525 
117 275 14 20 0.39092126 
49 304 41 53 0.3659355 
658 462 46 53 0.2944429 
580 329 18 23 0.29005235 
316 344 17 21 0.2353562 
863 394 36 48 0.22993651 
746 414 47 61 0.22440648 
339 311 24 29 0.2151601 
0 365 19 39 0.2107793 
103 286 22 33 0.19824402 
1 305 16 22 0.17103308 
677 452 46 53 0.16974436 
-3 374 34 62 0.16369711 
595 284 27 33 0.16283046 
566 330 24 29 0.16153513 
131 360 30 46 0.16001475 
443 269 14 17 0.14024313 
586 386 44 62 0.13542153 
369 376 30 37 0.13125281 
356 293 17 22 0.1278225 
298 355 14 17 0.12243182 
397 350 12 15 0.122338906 
642 463 37 45 0.11295796 
560 360 20 24 0.11115841 
75 268 14 18 0.10848566 
42 366 34 56 0.108417705 
713 533 52 71 0.09281889 
443 318 16 19 0.09132036 
793 374 22 29 0.091077365 
878 325 10 15 0.090633646 
184 336 30 42 0.090358056 
584 292 23 32 0.088573545 
929 255 16 19 0.08502148 
646 220 39 45 0.083962925 
157 291 25 34 0.07934972 
599 322 13 18 0.07660664 
109 279 16 25 0.07459642 
625 325 38 52 0.074010596 
724 423 47 60 0.07384888 
752 282 24 33 0.071797125 
690 435 43 53 0.07150388 
2 428 45 90 0.069678426 
560 339 26 35 0.0692425 
56 311 22 28 0.067607865 
260 423 12 14 0.06756492 
26 366 37 62 0.06289933 
584 333 23 31 0.06262495 
764 341 11 16 0.057271 
745 484 49 79 0.055568114 
69 273 18 22 0.053711955 
419 334 42 58 0.04842457 
576 367 26 33 0.04784159 
441 256 21 27 0.047689304 
508 373 29 40 0.04736928 
826 403 29 36 0.047061212 
587 302 15 19 0.04604988 
996 353 31 43 0.04579339 
873 318 9 13 0.04560976 
411 339 19 26 0.044396684 
588 418 34 50 0.044312954 
565 179 26 33 0.044272594 
560 366 29 35 0.04252518 
651 320 57 71 0.042101458 
640 333 44 54 0.04203608 
803 374 13 20 0.041704305 
716 286 11 16 0.04161852 
66 306 17 21 0.041525207 
429 331 27 37 0.041480184 
754 339 24 35 0.041177955 
421 456 31 58 0.040431216 
806 335 10 13 0.039422456 
-1 357 14 24 0.039142102 
602 331 13 17 0.03908203 
51 343 44 64 0.03884894 
656 368 31 37 0.03869715 
292 348 22 28 0.0381121 
818 462 55 71 0.03782894 
595 328 15 22 0.037503447 
839 493 39 48 0.037501063 
372 493 55 74 0.037316926 
261 433 44 62 0.037193023 
101 284 16 23 0.037112627 
780 327 11 13 0.036764257 
51 298 25 33 0.036363315 
123 340 34 53 0.036177956 
689 319 10 13 0.036058873 
524 368 32 39 0.03581115 
728 414 27 42 0.035772864 
173 334 29 36 0.03510341 
603 277 14 16 0.03496761 
839 332 13 17 0.03486221 
230 478 64 85 0.03466816 
600 358 27 31 0.034357212 
328 292 41 57 0.034311313 
123 271 12 17 0.033399906 
114 361 37 50 0.03334648 
581 353 27 35 0.033335358 
348 296 23 32 0.032975473 
441 256 10 12 0.032825366 
820 347 11 15 0.032725707 
277 360 13 19 0.032681543 
138 381 17 24 0.03195305 
710 274 11 14 0.03180491 
64 259 12 15 0.03173323 
770 266 15 19 0.031533245 
735 453 52 75 0.03066174 
1 168 23 33 0.030531576 
857 341 10 16 0.030434256 
463 351 44 60 0.030167649 
442 329 17 22 0.030067578 
812 397 26 39 0.02999276 
379 384 17 24 0.029685201 
368 402 28 31 0.02902473 
74 307 14 18 0.029005505 
35 350 28 46 0.028981533 
767 272 15 19 0.028946256 
606 289 20 22 0.028466227 
406 344 17 25 0.028343767 
-2 440 30 63 0.028243344 
283 333 42 49 0.028006395 
275 324 11 16 0.027961707 
165 285 15 19 0.027937531 
138 378 31 42 0.02787424 
588 341 27 34 0.027700756 
289 382 31 38 0.027547242 
101 329 31 44 0.027295139 
783 375 40 53 0.027136734 
202 336 29 40 0.02713671 
436 306 23 33 0.026694246 
590 376 30 41 0.026493175 
657 313 13 15 0.026280576 
620 388 15 24 0.026270613 
958 481 48 73 0.026065422 
575 341 25 33 0.025937313 
569 352 18 25 0.025869649 
696 374 26 40 0.0258188 
0 227 12 19 0.02561964 
788 339 11 14 0.02557157 
51 319 20 26 0.0255021 
145 367 35 43 0.025239835 
811 340 24 30 0.025228923 
621 338 26 35 0.025194352 
755 403 33 48 0.02511845 
593 303 24 34 0.025088575 
832 349 10 14 0.024710074 
558 260 13 15 0.024644036 
515 378 18 23 0.024341147 
249 416 27 32 0.024304226 
576 250 12 15 0.024168082 
177 329 17 19 0.024038069 
19 379 29 40 0.023941033 
61 255 22 26 0.023924837 
923 250 43 52 0.023793923 
715 376 17 23 0.023713104 
440 260 13 17 0.023376098 
709 377 27 40 0.023366705 
803 412 47 60 0.02296153 
159 339 27 33 0.022951452 
679 343 44 56 0.022802114 
280 353 22 33 0.022764377 
763 406 45 58 0.022535544 
871 327 13 18 0.02253128 
635 220 25 34 0.022525022 
690 548 57 70 0.022459732 
722 379 32 45 0.02232132 
132 23 57 74 0.022319354 
619 370 42 60 0.022304386 
965 554 51 76 0.022230925 
352 310 17 25 0.022196993 
637 380 31 40 0.022016503 
651 141 16 21 0.022005172 
110 303 41 57 0.021914136 
485 233 10 16 0.021890102 
895 316 12 15 0.021858735 
462 361 13 18 0.021831306 
410 362 30 37 0.021768719 
710 260 13 19 0.021633945 
292 354 30 39 0.021594318 
453 258 14 16 0.02153058 
5 417 85 114 0.021524603 
41 395 35 49 0.021452101 
928 315 30 37 0.02135998 
584 519 34 45 0.021242097 
10 465 49 82 0.021013554 
113 295 14 22 0.020990701 
304 349 25 30 0.020825021 
771 259 14 17 0.020803329 
221 455 50 66 0.020710433 
901 413 11 15 0.020685546 
70 281 25 31 0.020669864 
399 358 13 18 0.020659052 
575 244 12 15 0.02054046 
434 246 39 50 0.020522304 
765 423 55 73 0.020350821 
-6 401 42 88 0.020109037 
159 342 12 18 0.020090975 
-2 229 21 31 0.02007009 
602 284 42 54 0.020001851 
