2_Demonstration_Protesters_2_86
1334
809 321 26 31 0.9996946 
321 367 32 38 0.99964905 
117 339 29 34 0.9996202 
284 335 29 35 0.99961483 
968 351 30 40 0.99949765 
729 340 29 39 0.99923706 
492 316 25 33 0.9989911 
681 412 35 42 0.9989287 
461 374 34 42 0.99856085 
598 328 26 33 0.9983335 
218 331 24 29 0.9977366 
903 371 28 38 0.99773455 
45 480 46 52 0.9972209 
184 372 35 43 0.9969997 
928 323 29 33 0.9965023 
961 559 64 58 0.9949255 
185 315 23 28 0.9940001 
130 273 14 17 0.99339586 
533 300 20 27 0.9904192 
38 591 79 91 0.98937726 
764 300 20 25 0.98833394 
605 269 16 20 0.9882378 
73 313 23 27 0.98818576 
782 275 16 22 0.9871646 
355 474 44 49 0.98687345 
978 304 21 27 0.9862909 
677 308 25 30 0.98624504 
537 438 46 60 0.98561805 
276 291 19 24 0.9854917 
656 278 18 23 0.98537946 
330 300 19 23 0.9845808 
149 271 16 20 0.98027337 
295 273 13 18 0.9782366 
120 298 20 23 0.9764812 
24 297 21 26 0.97529924 
860 263 17 19 0.9750245 
726 292 18 23 0.9731578 
803 422 41 42 0.97134835 
101 244 13 17 0.9712725 
0 278 14 22 0.9705977 
566 287 19 24 0.970086 
620 255 13 15 0.9697788 
771 249 13 17 0.9695491 
447 267 16 20 0.9674859 
95 278 18 22 0.9634584 
393 335 22 25 0.9631426 
398 245 11 14 0.9601866 
452 299 19 23 0.9589506 
917 291 18 23 0.95771104 
462 248 12 16 0.95474887 
838 282 19 24 0.9539075 
532 278 17 23 0.9535219 
330 266 13 16 0.9505126 
134 231 13 16 0.94796234 
55 278 18 23 0.9466722 
428 257 14 17 0.94328 
899 234 12 16 0.94324404 
651 244 12 16 0.9421554 
513 261 13 18 0.9333122 
402 301 19 23 0.93207407 
247 254 14 19 0.93079454 
203 273 16 19 0.92993903 
680 267 17 21 0.9132344 
891 302 20 23 0.9045546 
220 226 11 13 0.8597708 
884 253 12 15 0.8408237 
968 262 13 16 0.84027964 
360 272 15 18 0.8343883 
814 263 13 16 0.8343322 
571 238 12 16 0.83286417 
826 301 16 21 0.82960755 
718 228 11 13 0.8195758 
334 216 9 12 0.80644166 
741 277 14 17 0.801904 
700 249 12 16 0.7868189 
-2 360 18 33 0.78200984 
67 187 12 15 0.77920914 
423 240 10 12 0.7776478 
380 390 25 29 0.77555305 
307 232 12 14 0.7530833 
270 268 13 16 0.75211495 
156 236 13 16 0.74993396 
26 263 13 16 0.7294381 
460 232 10 12 0.7281605 
221 214 8 11 0.7207003 
626 311 18 23 0.7116967 
73 266 15 20 0.70760703 
589 229 11 14 0.7048583 
103 194 10 12 0.6914306 
744 206 8 10 0.6679303 
282 247 11 14 0.65758806 
186 233 11 14 0.65422773 
292 231 8 11 0.59977406 
941 236 10 13 0.5991202 
359 231 10 13 0.58255655 
181 176 8 9 0.5766883 
248 215 9 11 0.5758985 
541 245 10 13 0.5677982 
574 269 14 19 0.55793667 
901 212 10 12 0.5507229 
761 240 11 14 0.5480301 
275 228 10 14 0.54568386 
523 237 10 12 0.54363585 
704 231 10 12 0.53312606 
837 238 13 16 0.53255963 
511 240 12 16 0.5264603 
321 254 10 14 0.5230342 
671 224 9 11 0.52086085 
1007 261 15 17 0.5124664 
258 231 8 11 0.50720274 
816 216 11 13 0.49273643 
549 230 9 12 0.489296 
374 246 12 15 0.48897803 
727 254 12 15 0.4852703 
724 229 11 13 0.46337545 
944 277 11 15 0.45239195 
755 493 29 42 0.45093685 
305 205 8 10 0.44602153 
190 260 12 15 0.4455907 
908 262 13 15 0.43074617 
488 215 7 9 0.41519037 
100 178 12 14 0.4080247 
519 204 8 10 0.40474397 
989 253 12 13 0.4023905 
158 212 9 12 0.39359367 
848 304 17 22 0.38844925 
606 223 8 10 0.38841662 
494 229 9 11 0.3727068 
204 207 9 12 0.3718586 
964 216 9 11 0.37108308 
721 207 8 10 0.367503 
158 254 10 12 0.36663824 
983 283 14 18 0.36492756 
670 201 8 10 0.36151764 
919 236 11 14 0.35806835 
175 219 10 12 0.35703826 
766 245 14 16 0.3558458 
1011 297 13 22 0.35454032 
20 197 10 13 0.34866896 
791 254 11 13 0.34237346 
743 222 8 11 0.33980322 
131 182 8 11 0.3359353 
884 207 10 12 0.33526754 
764 282 15 20 0.33314654 
976 242 10 13 0.33067828 
202 230 9 12 0.33007985 
486 257 12 15 0.32041392 
743 243 11 13 0.31009537 
952 230 9 10 0.3047714 
631 243 9 12 0.3045337 
756 223 10 12 0.30406708 
875 223 11 14 0.30355278 
319 220 9 12 0.30291736 
543 212 9 11 0.30200675 
47 183 12 14 0.30112138 
503 208 8 10 0.29938787 
277 212 10 11 0.29457313 
407 229 9 12 0.29433125 
351 218 10 12 0.29368085 
253 215 8 11 0.29343486 
61 250 13 16 0.29235134 
559 207 8 10 0.29126495 
761 199 7 9 0.2904228 
775 223 10 11 0.28439137 
54 372 12 16 0.2823761 
990 223 9 10 0.27972266 
598 237 9 12 0.27561235 
272 212 9 11 0.2753933 
21 182 8 11 0.26709798 
494 412 36 52 0.26707998 
663 221 9 11 0.2658681 
781 229 11 12 0.26036978 
633 223 9 11 0.2564283 
401 208 6 8 0.25612804 
36 184 11 13 0.24861333 
668 237 11 14 0.24603021 
966 271 15 18 0.24569575 
421 359 13 17 0.2456195 
856 205 10 12 0.24301177 
206 254 11 14 0.24234955 
265 191 7 10 0.24225321 
703 206 8 10 0.23925163 
932 263 9 11 0.23650117 
406 224 7 10 0.23581435 
232 203 8 12 0.23439923 
29 336 15 22 0.23279418 
457 319 16 22 0.2314936 
654 221 9 12 0.23041755 
263 255 12 14 0.22729264 
832 182 9 13 0.22521397 
535 228 8 11 0.22516939 
744 230 9 12 0.22390132 
606 239 11 12 0.22106756 
703 222 10 11 0.21931249 
838 337 24 29 0.21878119 
578 215 8 9 0.21868986 
782 208 7 9 0.21724866 
366 229 10 13 0.21679848 
448 209 8 9 0.20907795 
328 198 8 9 0.20563954 
632 198 8 10 0.20483766 
153 189 9 13 0.204155 
360 249 9 11 0.2019099 
405 281 13 17 0.19914804 
728 197 7 10 0.19854191 
792 213 9 12 0.1982251 
777 214 8 10 0.19822381 
164 235 11 14 0.19643126 
666 201 8 10 0.19571102 
855 201 8 10 0.19492042 
326 207 8 11 0.194872 
698 191 7 9 0.19363439 
490 222 7 10 0.19186048 
631 228 8 11 0.19003205 
959 242 10 13 0.18913202 
885 268 11 14 0.1884915 
260 235 10 13 0.18839227 
879 236 11 12 0.18733509 
427 423 29 39 0.18712339 
777 210 8 9 0.185941 
624 209 7 9 0.18525542 
489 230 9 11 0.18505137 
320 215 10 11 0.18437539 
924 232 9 12 0.18120164 
852 224 9 12 0.18075919 
326 234 10 13 0.1789955 
607 209 8 10 0.17866178 
761 206 8 11 0.17857902 
663 216 8 11 0.17843148 
357 216 8 10 0.17743509 
279 192 8 10 0.17518267 
936 197 9 11 0.17463379 
748 253 11 13 0.17408866 
571 311 15 21 0.17365281 
881 211 10 13 0.17304596 
1007 239 10 12 0.17303666 
246 183 8 11 0.1727902 
837 188 9 11 0.17186993 
116 242 12 15 0.1707687 
608 244 11 13 0.16962466 
677 223 9 12 0.16935451 
589 205 8 10 0.16752754 
153 184 8 10 0.16267872 
761 191 7 10 0.16216722 
252 221 9 12 0.16182506 
920 192 9 10 0.16143683 
402 228 9 11 0.1609885 
6 179 9 12 0.1583689 
689 200 7 9 0.15823781 
910 207 9 10 0.15708311 
879 192 8 10 0.15650143 
374 229 8 10 0.15616533 
409 209 6 8 0.15578322 
295 214 7 10 0.15562005 
793 245 12 15 0.15395685 
622 213 8 10 0.15388758 
425 243 14 15 0.15332246 
188 421 24 35 0.15305242 
329 214 9 12 0.15296891 
695 247 13 15 0.15169479 
384 201 7 8 0.1512575 
559 213 8 10 0.15001068 
424 222 7 9 0.14919874 
59 231 13 15 0.1491194 
728 192 8 11 0.14890291 
904 208 9 12 0.14813057 
368 222 9 10 0.14802812 
159 258 11 16 0.1480092 
384 213 7 10 0.14746739 
313 190 8 9 0.14736792 
222 209 9 10 0.14734614 
913 221 9 12 0.14716099 
832 237 13 15 0.14540696 
391 214 7 10 0.14493613 
231 259 11 14 0.14210479 
696 208 8 9 0.14089406 
888 198 10 11 0.13982812 
190 276 15 17 0.13957633 
521 231 9 11 0.1395564 
664 239 10 14 0.13934109 
889 184 8 10 0.13886036 
815 207 10 12 0.13884771 
984 223 9 10 0.13625318 
915 242 12 15 0.13578585 
544 200 7 9 0.13538675 
664 184 8 10 0.13510555 
183 207 7 9 0.13493273 
144 220 11 13 0.13431266 
455 223 7 10 0.13220118 
332 328 15 20 0.13193142 
627 323 19 27 0.1317289 
439 213 7 10 0.13146327 
52 187 10 11 0.13094988 
681 213 8 11 0.1305493 
183 191 8 11 0.1303779 
748 207 8 10 0.13035509 
636 334 15 20 0.12989041 
687 182 7 10 0.12965679 
304 201 8 10 0.12881939 
677 250 12 15 0.12873457 
688 207 8 10 0.12839729 
561 238 10 13 0.12710978 
738 206 7 9 0.12704407 
415 209 6 8 0.12674327 
601 177 8 9 0.12547192 
657 217 7 10 0.12501568 
688 246 10 14 0.12471799 
752 223 9 12 0.12446122 
497 208 7 9 0.12438441 
861 206 9 12 0.12435345 
605 212 8 11 0.12406787 
814 359 22 30 0.12375871 
497 237 9 12 0.12336367 
165 261 12 15 0.12196432 
0 246 9 13 0.1217637 
287 214 8 10 0.12172088 
705 200 7 10 0.12133836 
780 224 10 11 0.12078242 
725 207 8 10 0.12052519 
873 196 8 11 0.12040536 
254 206 8 10 0.120391384 
367 199 6 8 0.12028382 
759 213 9 11 0.11936832 
20 190 10 13 0.11878881 
521 428 43 56 0.11859323 
367 251 12 13 0.11852258 
904 190 8 10 0.117765926 
602 213 8 10 0.11747738 
398 282 14 17 0.11692071 
151 213 11 14 0.11663858 
439 328 14 19 0.1163027 
167 198 8 10 0.11593496 
423 217 7 8 0.115034975 
847 204 9 12 0.11484269 
797 238 10 14 0.114208564 
502 239 9 12 0.11392941 
0 450 21 49 0.113584705 
192 193 8 11 0.113469265 
925 199 10 11 0.11328074 
737 176 8 9 0.11304708 
920 204 9 12 0.11296492 
308 206 8 11 0.1128132 
921 198 9 12 0.112660855 
886 220 11 14 0.11209335 
1015 220 7 10 0.111931555 
78 182 9 13 0.11155461 
383 207 8 10 0.11085738 
750 228 11 13 0.11022886 
202 211 10 12 0.109579444 
944 212 9 12 0.10836081 
272 192 7 9 0.10831215 
849 200 8 11 0.10666171 
84 189 9 11 0.106351726 
987 230 8 11 0.10577233 
682 185 7 9 0.1054676 
832 229 10 13 0.10542184 
1002 207 8 11 0.104450956 
412 283 12 15 0.10425322 
887 191 9 10 0.10425156 
264 183 8 10 0.10423886 
637 221 9 12 0.10382959 
231 182 8 10 0.10346218 
409 215 7 9 0.10334142 
413 232 9 10 0.10311508 
370 215 8 11 0.102759324 
489 209 7 9 0.10086415 
289 224 9 11 0.10086111 
359 208 7 8 0.10079397 
560 254 11 13 0.10076327 
212 260 11 14 0.100745834 
731 259 13 15 0.100202374 
544 239 10 12 0.10005621 
654 229 10 12 0.0999473 
633 207 8 9 0.099903844 
605 177 7 9 0.099875905 
637 215 8 10 0.099650785 
1006 214 8 10 0.09939279 
757 229 11 13 0.09936195 
738 199 7 10 0.09931216 
942 198 7 9 0.09795003 
350 200 7 9 0.09784252 
249 207 8 9 0.097575545 
568 230 10 11 0.09745817 
598 296 16 22 0.09704253 
992 182 7 10 0.09671925 
647 206 8 9 0.09654172 
682 190 7 9 0.09644088 
681 208 7 10 0.096057735 
433 208 6 9 0.09597102 
802 189 9 12 0.09536553 
815 175 7 10 0.094609715 
447 349 13 16 0.09434465 
118 207 10 13 0.093267485 
54 219 12 12 0.093257084 
381 252 10 12 0.09296372 
742 182 8 10 0.092833966 
981 238 11 13 0.09255667 
265 176 7 10 0.09239404 
729 477 27 34 0.092145205 
67 271 18 23 0.091474295 
240 182 8 10 0.091403745 
343 207 7 10 0.09090325 
302 177 7 9 0.08995505 
416 215 7 9 0.08962088 
345 199 7 10 0.08943076 
513 226 8 10 0.08932487 
911 192 7 10 0.08931419 
630 192 8 10 0.089305185 
687 224 8 11 0.0891422 
158 196 9 11 0.08879961 
296 177 8 9 0.08852075 
239 176 7 10 0.08841926 
792 208 8 10 0.0877564 
0 237 9 13 0.08707965 
439 223 8 10 0.08707699 
354 230 10 13 0.08696708 
585 222 9 13 0.08688642 
292 235 10 12 0.086831875 
688 177 7 9 0.08682673 
268 262 13 16 0.08658495 
649 221 10 12 0.08655754 
250 201 8 9 0.08580361 
792 239 10 13 0.08571507 
543 223 10 12 0.08565611 
493 258 11 15 0.08546498 
625 191 8 10 0.08545832 
817 243 10 12 0.085401155 
231 236 10 13 0.084982425 
711 200 7 9 0.08497856 
486 237 9 12 0.0847814 
935 192 9 11 0.08441459 
538 433 34 39 0.08398929 
440 209 7 10 0.08365966 
218 134 7 9 0.0834682 
591 200 8 9 0.08331632 
637 198 8 10 0.08271663 
433 214 7 9 0.08264917 
224 182 7 9 0.082620166 
775 165 8 10 0.08246589 
450 223 9 11 0.08227186 
455 208 7 10 0.08207037 
701 275 14 19 0.08203034 
125 251 12 15 0.08192314 
607 193 7 9 0.08187345 
233 176 7 9 0.08154768 
341 215 8 10 0.08123202 
638 207 7 9 0.08071566 
238 205 7 10 0.08064822 
703 191 7 9 0.08061132 
462 223 8 10 0.08051703 
859 291 14 18 0.08037893 
376 208 8 10 0.080322005 
663 190 8 9 0.0802829 
743 175 7 9 0.08005353 
949 298 14 19 0.07990308 
779 252 11 15 0.079410546 
721 182 8 9 0.07915901 
703 215 8 11 0.07868243 
375 214 7 10 0.07856433 
222 134 7 9 0.07825576 
878 247 13 16 0.07772427 
319 168 7 10 0.07765161 
943 243 10 12 0.07758127 
726 182 6 9 0.077559724 
128 177 9 11 0.077407286 
608 229 9 12 0.07727482 
551 355 15 19 0.07712559 
333 246 10 11 0.07706116 
319 172 8 10 0.07672433 
599 197 7 9 0.07661553 
303 222 10 11 0.07650246 
111 230 8 10 0.076495536 
518 224 8 10 0.07643798 
525 233 10 11 0.07622858 
181 214 9 12 0.07617019 
313 291 15 20 0.07614905 
553 174 7 9 0.076023415 
296 191 7 10 0.075978585 
712 217 7 9 0.07545006 
961 219 10 12 0.07544035 
304 215 8 10 0.075058505 
223 244 11 14 0.07487967 
926 151 7 11 0.07428939 
142 206 10 11 0.074151844 
514 201 7 9 0.073966034 
189 242 11 14 0.07326871 
482 215 7 10 0.07285019 
440 229 8 11 0.07258281 
712 206 7 9 0.07253507 
505 168 7 9 0.07214501 
615 209 7 8 0.07208611 
302 190 7 10 0.07193767 
627 230 8 10 0.07193168 
930 267 13 16 0.07187108 
752 173 7 9 0.07152597 
4 231 10 12 0.07129205 
288 190 8 10 0.07072316 
720 212 9 11 0.07058239 
1000 175 8 9 0.0701799 
1014 182 8 10 0.06994621 
530 172 7 10 0.069847725 
1002 212 8 12 0.06981501 
151 195 10 12 0.06969543 
670 183 7 10 0.069134556 
358 220 9 11 0.069112144 
711 222 9 12 0.069032766 
327 193 8 10 0.06859542 
2 180 8 12 0.06853646 
494 224 8 10 0.06836141 
242 215 8 11 0.068034224 
600 193 7 9 0.0679768 
781 235 11 13 0.06757312 
332 251 11 14 0.067452654 
210 189 8 10 0.06716413 
114 166 8 10 0.06716022 
247 189 7 9 0.06698394 
255 200 7 10 0.06648894 
264 196 8 11 0.06629182 
391 208 8 9 0.06628688 
512 185 7 9 0.06603034 
157 500 49 55 0.06598916 
229 231 11 13 0.0658838 
821 239 10 13 0.065786764 
473 207 7 9 0.06574985 
618 213 7 9 0.06572605 
990 335 15 18 0.065689564 
856 184 8 9 0.06551024 
375 240 10 13 0.06550503 
895 207 9 10 0.06521123 
487 244 11 14 0.06515673 
735 230 8 12 0.064941145 
743 214 10 11 0.064847626 
415 360 20 27 0.064694405 
581 258 13 16 0.064659946 
59 305 13 18 0.06465272 
87 220 11 12 0.064621426 
370 207 7 9 0.06460642 
894 184 9 11 0.06459274 
826 182 8 11 0.064422235 
910 213 10 12 0.06435401 
711 229 9 13 0.06429024 
658 190 7 10 0.06427069 
78 176 9 12 0.063776225 
1007 181 7 9 0.06355726 
745 168 7 10 0.06335324 
152 243 13 14 0.06328741 
222 235 12 13 0.06317503 
649 201 8 9 0.063098215 
296 198 7 9 0.06292174 
905 198 8 9 0.0629054 
615 197 7 10 0.06277835 
538 207 8 10 0.06250307 
481 258 12 16 0.062395502 
26 268 16 20 0.06210533 
739 223 7 10 0.061993517 
558 222 8 10 0.061970662 
505 201 7 8 0.061839297 
238 231 10 11 0.061792452 
739 182 7 9 0.06130432 
207 222 8 12 0.060906768 
895 189 8 11 0.060651906 
726 247 13 15 0.060364023 
373 223 8 10 0.060352996 
345 175 6 9 0.060256347 
310 199 9 11 0.060118612 
319 230 10 12 0.05951763 
406 237 10 12 0.059507485 
22 203 9 12 0.05933475 
305 490 24 32 0.059283182 
464 215 8 9 0.059265506 
602 209 7 9 0.059239425 
424 232 10 11 0.059228376 
857 160 7 10 0.05910448 
136 205 11 12 0.059044436 
312 185 9 10 0.05889781 
840 206 10 12 0.058808006 
241 221 8 11 0.058725473 
704 184 8 9 0.058426213 
392 222 7 9 0.058069944 
916 251 12 14 0.057779957 
765 206 9 11 0.05771514 
855 190 9 10 0.05768981 
976 185 7 10 0.05760837 
872 214 10 12 0.05749885 
183 496 35 38 0.057417333 
956 230 9 11 0.05739834 
574 222 10 11 0.057370115 
217 184 8 10 0.057254437 
239 150 7 10 0.057233043 
697 212 7 10 0.057108514 
446 252 10 13 0.05702074 
821 206 9 12 0.056868732 
119 199 9 10 0.056853343 
501 230 8 10 0.056647893 
614 257 14 19 0.05659504 
769 223 8 11 0.056512248 
264 207 8 10 0.05634349 
199 198 8 9 0.056206007 
953 184 8 9 0.056191742 
132 188 11 12 0.05608298 
113 208 9 11 0.056020238 
464 209 6 8 0.05591614 
737 215 8 10 0.055869352 
1012 319 12 18 0.05566128 
559 268 15 18 0.055469405 
351 191 7 9 0.055376668 
311 251 9 12 0.055335924 
225 199 8 9 0.0550788 
793 173 8 9 0.054903075 
945 221 8 11 0.054821763 
524 244 9 12 0.054821108 
637 239 9 12 0.05481233 
477 307 14 20 0.054738358 
781 213 9 11 0.054684155 
696 223 8 10 0.054682303 
805 243 11 13 0.054675553 
527 200 7 10 0.054661322 
596 232 10 12 0.05452682 
336 209 9 10 0.05444339 
592 176 8 10 0.0543821 
336 158 7 9 0.05429619 
75 276 15 22 0.05425531 
583 192 6 9 0.05413543 
405 375 15 21 0.054091208 
917 275 14 17 0.053945776 
106 313 21 26 0.0539452 
480 208 7 8 0.053862095 
441 320 15 21 0.053773567 
274 197 8 10 0.053384706 
568 199 7 9 0.05325999 
479 221 8 10 0.05301894 
583 174 7 9 0.052978974 
425 200 6 8 0.052929375 
568 168 7 9 0.05281906 
301 263 10 13 0.05249943 
191 207 8 10 0.05245551 
734 268 14 16 0.052085992 
988 279 11 13 0.05207399 
503 224 8 10 0.05186823 
534 168 8 10 0.0518244 
680 280 16 20 0.051751122 
933 273 14 18 0.051663898 
559 174 8 10 0.051551025 
880 257 13 16 0.051442973 
916 504 32 36 0.051325805 
796 260 10 13 0.051097266 
938 546 44 55 0.05103678 
774 159 10 12 0.050919544 
82 270 18 25 0.05087837 
302 183 8 10 0.050775573 
190 213 8 11 0.05076565 
107 248 12 16 0.050641343 
295 182 8 11 0.050433844 
583 235 10 14 0.05040728 
336 150 7 9 0.050364308 
721 200 7 10 0.050336495 
871 252 12 15 0.050267972 
679 200 7 9 0.050155062 
287 209 7 9 0.050154466 
967 257 11 15 0.050072085 
586 200 8 10 0.04998385 
925 191 9 11 0.049820963 
840 291 21 26 0.049786374 
720 176 8 10 0.049690384 
649 240 11 15 0.049554925 
109 239 12 15 0.04955164 
153 231 10 13 0.049535386 
247 176 8 10 0.049492158 
759 173 8 10 0.0493546 
583 168 7 9 0.04924057 
986 305 23 28 0.04917547 
495 176 7 9 0.0490039 
333 236 10 12 0.048965584 
575 208 7 9 0.048907056 
488 199 6 8 0.04886273 
825 188 10 12 0.048762362 
184 197 8 10 0.04839669 
224 177 7 8 0.048293557 
290 185 7 9 0.048259947 
361 202 7 7 0.04822934 
616 193 7 10 0.048084844 
352 206 8 9 0.04805687 
536 184 7 9 0.047903292 
109 174 9 12 0.047902554 
976 189 9 10 0.047646053 
68 373 17 19 0.04761167 
303 249 11 14 0.04739697 
968 174 6 9 0.04739372 
590 254 11 14 0.047318075 
911 198 8 11 0.047242414 
910 254 13 16 0.047104366 
416 237 9 12 0.047069594 
534 422 33 34 0.046865538 
966 169 7 9 0.046820946 
230 300 13 16 0.04676159 
809 169 7 9 0.046600513 
318 190 8 10 0.046531107 
200 254 11 13 0.0464811 
745 483 25 38 0.046272475 
297 160 8 9 0.04611783 
982 289 19 25 0.0459448 
265 213 7 10 0.045927286 
206 247 10 12 0.045815293 
111 224 9 11 0.04579419 
431 224 8 10 0.04565614 
486 267 13 17 0.045599088 
550 198 8 10 0.045520656 
151 206 10 12 0.04521632 
0 350 12 22 0.045192424 
425 208 7 8 0.04502454 
1008 220 9 11 0.044931438 
597 151 9 10 0.044886973 
177 179 9 11 0.044843093 
903 472 13 16 0.044827513 
770 160 8 10 0.04481682 
742 429 24 29 0.04463912 
425 252 14 17 0.044577852 
968 183 8 10 0.04450767 
539 213 7 10 0.044477243 
553 207 8 10 0.044398677 
134 199 10 12 0.04422184 
480 231 9 11 0.044219207 
936 205 8 10 0.044204924 
863 184 7 10 0.04419629 
61 214 10 13 0.044111766 
250 135 7 9 0.044085115 
955 297 15 19 0.04398842 
801 197 9 10 0.043930084 
655 200 7 10 0.043880414 
792 167 8 10 0.04386414 
739 433 15 19 0.043847367 
570 225 8 11 0.043702736 
438 237 9 12 0.043619033 
897 160 7 9 0.043467037 
823 175 8 10 0.04342805 
981 244 11 14 0.043409713 
311 223 10 12 0.043268297 
968 228 9 12 0.04325118 
562 190 7 9 0.043108538 
559 169 8 9 0.043042224 
87 182 8 12 0.042995922 
616 176 8 10 0.04292741 
783 167 7 9 0.04288353 
407 191 7 8 0.042874683 
958 189 9 10 0.042719282 
901 185 9 10 0.042497214 
706 377 15 19 0.042445708 
550 225 9 11 0.042380065 
391 229 9 12 0.04236276 
375 285 11 15 0.042313818 
41 404 23 29 0.04230977 
536 201 8 9 0.042297576 
923 272 16 19 0.04218469 
841 484 11 12 0.042107437 
561 201 8 9 0.041976344 
794 299 14 18 0.041945104 
717 224 18 22 0.041926138 
337 192 7 9 0.041834485 
636 227 11 13 0.041697823 
56 252 12 15 0.041691825 
998 371 22 33 0.04162263 
314 159 7 9 0.041579634 
390 254 9 12 0.041429274 
327 282 13 15 0.041384056 
711 166 8 10 0.041312184 
816 181 7 9 0.041175365 
551 192 7 9 0.041141033 
1012 238 8 12 0.040848702 
262 246 13 16 0.04082212 
840 159 8 10 0.04081819 
210 269 14 19 0.04080203 
568 207 7 9 0.04076052 
364 261 14 17 0.040677898 
1006 232 9 11 0.040641308 
847 190 9 10 0.04055749 
735 168 9 10 0.04054935 
879 136 8 10 0.04053152 
453 215 8 9 0.040437147 
119 192 8 10 0.04041546 
988 238 11 13 0.040371396 
519 185 8 9 0.040090404 
686 212 9 11 0.040066168 
14 221 8 11 0.040054582 
286 166 7 9 0.040014736 
871 248 10 12 0.039982475 
217 209 9 11 0.039958555 
81 404 11 15 0.039929725 
624 222 9 10 0.039883323 
886 274 11 15 0.039834343 
907 348 27 34 0.039833177 
178 208 8 10 0.039817765 
405 261 12 15 0.03978526 
839 213 9 12 0.0397697 
937 233 11 13 0.03973399 
401 200 6 9 0.039645292 
341 151 7 9 0.039613377 
886 341 15 21 0.039377805 
686 191 8 10 0.039368823 
307 244 12 15 0.039345477 
1014 175 8 11 0.03908497 
627 196 8 10 0.039077684 
430 229 8 11 0.03881724 
447 247 10 12 0.03881508 
664 176 9 10 0.038749747 
388 568 32 37 0.038602762 
848 165 8 9 0.038579687 
387 260 11 14 0.03852411 
480 176 6 8 0.038505048 
735 192 8 10 0.038489796 
77 214 11 14 0.03847127 
607 248 13 16 0.038306925 
39 253 12 15 0.03822758 
846 183 8 10 0.038202055 
591 242 12 14 0.038176347 
1000 246 9 12 0.038169816 
335 166 8 9 0.038143232 
751 213 8 10 0.038118154 
235 150 7 9 0.038077697 
109 196 8 11 0.037769504 
749 258 12 15 0.037727106 
861 159 8 10 0.03771075 
879 268 11 14 0.037658848 
962 169 7 9 0.037580427 
566 191 7 9 0.037536025 
205 235 10 12 0.037503503 
991 265 11 15 0.037372835 
527 216 7 9 0.037345137 
446 229 9 11 0.037342966 
272 174 7 9 0.03731233 
45 254 10 15 0.0372598 
72 216 10 12 0.03713854 
862 239 11 13 0.03707906 
297 208 6 9 0.037074182 
618 182 7 9 0.037069727 
238 144 7 10 0.037039813 
1015 230 8 11 0.037008572 
917 269 11 15 0.036953006 
222 128 8 10 0.036841117 
208 185 8 10 0.03668129 
288 161 6 9 0.036612764 
649 217 8 10 0.036592197 
609 469 42 64 0.03645259 
824 158 8 10 0.036446106 
497 183 7 9 0.036366343 
886 227 10 13 0.036352526 
951 169 7 8 0.036308616 
743 189 7 10 0.036291584 
575 159 7 8 0.036286287 
233 144 8 10 0.036227528 
711 183 6 9 0.036078934 
197 192 9 10 0.036057513 
908 272 16 18 0.03602922 
124 244 11 15 0.036014114 
572 230 11 14 0.035927676 
512 205 8 10 0.03590926 
894 310 23 29 0.035717543 
431 200 6 8 0.035620667 
514 271 15 18 0.035597704 
153 251 11 14 0.03556484 
727 176 7 10 0.035538986 
705 166 7 10 0.035516147 
504 190 6 8 0.035407767 
179 221 10 12 0.035399556 
197 260 13 15 0.035299428 
456 226 18 22 0.03529923 
543 184 7 8 0.0352948 
192 265 19 23 0.035164095 
677 287 16 19 0.035138898 
815 297 23 26 0.035019904 
912 239 10 13 0.035001762 
487 194 6 7 0.034966823 
245 247 13 16 0.034888916 
399 212 8 10 0.034853175 
332 210 17 22 0.034838036 
558 231 9 12 0.03473123 
312 285 12 17 0.03473018 
536 332 20 27 0.034682 
696 184 7 9 0.0346681 
729 284 18 23 0.03465986 
753 190 8 10 0.034550864 
992 176 8 9 0.034491718 
697 230 9 11 0.034478705 
383 267 12 15 0.03447186 
745 151 8 10 0.034459975 
382 239 9 12 0.034449935 
593 192 7 9 0.03437472 
976 198 9 11 0.03435214 
611 238 11 14 0.034334175 
247 558 10 13 0.034280278 
972 324 16 21 0.034207456 
525 253 11 15 0.03414648 
118 221 10 13 0.03400729 
801 185 9 11 0.033571042 
228 243 13 16 0.0335051 
182 252 11 14 0.033504955 
944 174 8 10 0.03347441 
115 259 14 17 0.033441544 
798 232 9 11 0.0334366 
195 275 19 21 0.03340447 
365 291 13 18 0.033401452 
765 199 7 10 0.033388432 
528 222 8 10 0.033379007 
119 230 8 11 0.03337569 
575 167 8 10 0.03334696 
791 160 7 9 0.0332831 
770 166 8 10 0.033281926 
993 166 8 10 0.0330982 
604 292 14 19 0.03301848 
495 243 10 12 0.03291886 
637 193 8 9 0.032874595 
74 374 20 25 0.03284668 
999 260 10 14 0.03282784 
625 237 10 12 0.032821547 
200 248 10 12 0.032724943 
985 258 10 14 0.0325247 
952 235 9 13 0.032484274 
357 262 14 17 0.03248145 
528 184 7 9 0.032455474 
758 283 14 19 0.03241762 
695 199 7 9 0.03231944 
566 174 7 9 0.03230606 
719 167 8 9 0.032279935 
140 437 13 16 0.032179635 
577 174 8 10 0.032094255 
949 213 9 11 0.032088142 
848 386 18 20 0.032086503 
482 192 6 8 0.032063756 
382 230 9 11 0.032059036 
855 164 8 10 0.03205382 
496 201 6 7 0.032029726 
950 174 8 10 0.031991884 
336 196 7 10 0.031918675 
726 213 8 11 0.03187779 
861 210 10 13 0.03182769 
1016 198 8 10 0.031816863 
863 189 7 10 0.031762686 
712 259 10 14 0.03169846 
105 229 10 12 0.03168476 
898 143 7 9 0.031663213 
273 168 7 9 0.03166181 
612 230 9 11 0.031653315 
414 429 34 44 0.031502444 
246 238 9 12 0.03149483 
830 177 8 10 0.031466063 
953 188 9 11 0.031403318 
211 253 11 14 0.031355284 
998 299 15 20 0.031326022 
257 151 8 9 0.03131783 
767 229 9 12 0.031134553 
127 223 9 12 0.030943563 
836 231 11 13 0.030913843 
832 304 16 21 0.03083334 
703 159 8 9 0.030752175 
848 161 7 10 0.030748472 
176 247 10 13 0.030645728 
165 208 8 10 0.030618722 
112 161 9 10 0.03061495 
436 254 12 16 0.030536307 
323 201 18 23 0.030487925 
831 223 11 13 0.030485347 
494 214 8 9 0.030468049 
594 183 7 8 0.030465186 
174 229 10 13 0.03043751 
751 420 27 32 0.030425591 
808 214 10 12 0.030367082 
563 260 12 14 0.030360335 
648 134 8 9 0.03035924 
201 223 9 12 0.030254662 
546 192 7 8 0.030230198 
319 184 8 9 0.030220553 
919 328 28 35 0.030207643 
270 207 20 23 0.030180959 
326 174 7 9 0.030177291 
356 226 17 22 0.030171318 
428 314 13 17 0.030153677 
328 152 7 9 0.030130323 
806 184 8 10 0.030119002 
167 215 9 10 0.030072464 
785 185 7 9 0.0300664 
876 346 22 26 0.03003327 
941 328 19 22 0.029983522 
342 158 7 8 0.02996751 
418 198 6 8 0.029966777 
28 221 11 13 0.029929532 
741 260 13 15 0.029926943 
554 169 7 10 0.029910373 
950 208 9 12 0.029860374 
719 152 6 8 0.029837046 
529 190 7 9 0.029688178 
214 189 9 10 0.029636277 
741 316 16 19 0.029588085 
314 174 8 9 0.029549776 
338 184 7 9 0.029537773 
239 156 8 11 0.029506624 
281 168 8 8 0.029492533 
1011 243 11 14 0.02948485 
708 251 11 16 0.029331155 
466 421 22 32 0.029250953 
272 159 7 9 0.029161178 
264 168 7 9 0.029031508 
39 467 28 35 0.0289505 
97 206 9 12 0.028949875 
792 218 9 13 0.028842043 
104 223 9 11 0.028824031 
597 157 10 10 0.028805202 
315 167 8 10 0.02879664 
67 246 15 18 0.028791983 
711 191 7 9 0.028762866 
831 251 13 15 0.028740337 
511 256 12 15 0.028728662 
390 200 7 9 0.028726492 
931 349 17 23 0.028687518 
670 421 29 31 0.028677471 
944 169 7 9 0.02867436 
200 201 17 23 0.02867091 
202 136 7 8 0.028647078 
397 291 14 17 0.02859689 
93 222 9 11 0.028531691 
1011 472 14 26 0.028492274 
758 152 8 10 0.028490571 
996 251 11 14 0.02847163 
643 344 20 25 0.02838898 
927 212 9 11 0.028363468 
302 199 18 24 0.02831679 
293 296 14 19 0.02831641 
704 175 8 10 0.028268175 
845 349 17 22 0.028195534 
546 176 7 8 0.028080167 
343 192 7 9 0.028064406 
445 202 19 24 0.027963042 
731 429 24 33 0.027946202 
57 372 20 25 0.02793242 
238 166 8 9 0.027890824 
820 253 14 16 0.027868595 
752 152 8 10 0.027853142 
367 192 6 8 0.0278152 
814 225 14 17 0.02781368 
472 222 9 10 0.027780613 
471 192 6 8 0.027757183 
145 199 9 12 0.027756672 
230 222 9 12 0.027656117 
790 231 9 12 0.027599758 
54 257 12 16 0.027523618 
632 152 6 8 0.027477825 
317 159 8 10 0.027416151 
246 210 17 22 0.027383234 
481 244 10 13 0.0273712 
391 289 13 17 0.02734201 
21 177 10 12 0.027276255 
974 231 8 10 0.027208734 
879 141 8 9 0.027102374 
687 239 9 12 0.027099798 
845 507 38 48 0.027074067 
313 152 7 9 0.027067903 
902 255 11 14 0.027067425 
365 234 11 14 0.027014088 
836 247 15 16 0.027012764 
82 382 15 19 0.026983323 
790 185 8 9 0.026957678 
244 343 22 26 0.026934452 
534 287 23 31 0.026928667 
47 375 16 21 0.02689248 
318 248 12 14 0.026873393 
118 249 12 16 0.026824009 
578 191 7 9 0.026719064 
789 189 9 12 0.026672516 
913 260 12 15 0.026608633 
873 370 23 30 0.026607363 
847 213 8 11 0.026595823 
714 152 7 8 0.026579317 
89 493 25 35 0.026519503 
545 223 18 25 0.026517905 
912 227 9 12 0.026492393 
526 205 7 10 0.02647182 
231 213 8 11 0.026440661 
798 173 8 10 0.026425138 
832 159 7 9 0.026412655 
581 159 7 8 0.026381232 
379 200 7 9 0.026361436 
982 200 10 11 0.026359564 
791 200 8 10 0.026359513 
288 197 8 10 0.026280852 
783 173 8 9 0.026263736 
597 254 11 14 0.026250133 
649 227 9 12 0.026211053 
511 168 6 9 0.02619787 
918 355 24 34 0.026188139 
132 176 10 11 0.026176456 
575 200 8 10 0.026125185 
765 190 8 11 0.026115166 
444 309 20 27 0.026064532 
538 240 17 23 0.02603945 
662 322 13 18 0.026003465 
774 238 12 14 0.025987739 
993 188 8 10 0.025929533 
278 174 8 10 0.025924198 
15 176 9 12 0.02586757 
224 190 9 10 0.02586214 
748 286 15 20 0.025845692 
722 191 7 9 0.025838064 
623 184 7 9 0.02582713 
640 254 10 13 0.025795067 
716 424 29 35 0.02578621 
922 155 9 12 0.025777942 
992 160 7 9 0.025741711 
809 206 9 12 0.025702775 
99 191 19 22 0.025689442 
220 291 16 20 0.025684629 
997 168 8 9 0.02566773 
448 200 7 7 0.025633344 
468 514 35 40 0.025618024 
991 217 9 11 0.025595943 
591 168 7 10 0.025503635 
101 210 10 13 0.025431946 
858 281 16 20 0.02543039 
139 298 14 20 0.025406111 
397 200 19 26 0.025378268 
847 175 9 10 0.025318792 
352 167 6 8 0.025232691 
570 160 7 8 0.025203805 
712 176 7 9 0.025163703 
875 308 14 18 0.025146468 
169 220 10 12 0.02512367 
130 230 10 13 0.025120178 
104 160 9 11 0.025117913 
542 167 8 9 0.025077596 
609 198 7 9 0.02506843 
560 185 7 8 0.025051687 
1004 270 16 19 0.02499838 
701 226 19 22 0.024929808 
502 256 9 12 0.024923127 
653 260 11 14 0.02491179 
624 134 8 9 0.02490579 
999 356 22 33 0.02490568 
774 199 8 10 0.024841467 
504 242 9 13 0.024807042 
206 135 7 9 0.024797479 
593 132 9 10 0.02478518 
706 414 31 33 0.024782011 
484 310 24 32 0.024700368 
518 231 18 22 0.024667194 
575 262 14 16 0.024585387 
767 212 9 11 0.024504125 
1005 200 10 11 0.02447887 
697 237 11 13 0.024443822 
973 276 19 25 0.024420738 
511 284 13 19 0.02433174 
35 321 15 21 0.024264196 
702 152 7 10 0.024255233 
69 363 15 18 0.024215033 
117 160 8 10 0.02419779 
327 247 11 13 0.024185285 
600 240 10 15 0.024184486 
901 143 8 9 0.024170378 
766 326 15 21 0.02414622 
277 263 11 14 0.024139239 
232 168 8 9 0.024137428 
206 201 8 9 0.02409543 
257 191 7 9 0.024044393 
837 221 9 12 0.024038814 
776 173 7 9 0.024025619 
905 295 21 28 0.024013747 
398 459 27 30 0.024004942 
448 192 6 8 0.023907026 
23 213 9 11 0.02389339 
471 199 7 9 0.02384855 
622 175 8 10 0.023848256 
1006 231 19 26 0.023835866 
668 424 17 22 0.023830367 
535 190 7 9 0.023820376 
279 184 8 10 0.023803616 
871 207 9 12 0.023798466 
231 189 7 10 0.023768142 
759 157 7 9 0.023732644 
844 496 33 36 0.023702344 
984 182 8 11 0.023661327 
164 255 11 14 0.023584716 
431 191 7 8 0.023574945 
814 168 7 9 0.023550974 
1001 239 9 12 0.023546392 
489 224 19 23 0.023511134 
216 235 10 13 0.023500107 
565 268 15 19 0.02346252 
395 433 36 44 0.023456246 
754 434 24 29 0.0234247 
521 167 7 9 0.023424534 
909 333 25 31 0.023411302 
913 436 32 34 0.023398258 
862 201 9 11 0.02339474 
707 234 11 13 0.023364922 
630 174 7 9 0.02334317 
856 305 17 22 0.023335993 
814 255 14 16 0.023324668 
185 277 11 16 0.02319377 
69 352 16 20 0.023182688 
693 293 13 17 0.023166958 
190 175 7 9 0.023116654 
744 144 8 9 0.02310756 
896 291 22 27 0.023098558 
114 307 20 27 0.02307219 
829 260 13 16 0.02306816 
141 244 12 14 0.023066914 
440 200 6 8 0.023030488 
831 213 10 12 0.023027457 
351 184 7 8 0.023002502 
319 250 18 23 0.022981953 
740 199 19 24 0.02297616 
854 235 10 13 0.022911437 
216 209 18 22 0.022897093 
413 253 12 15 0.02282949 
918 213 8 11 0.022829449 
108 307 15 21 0.022809228 
796 218 11 14 0.022806536 
941 192 9 11 0.022794636 
336 146 7 8 0.022786068 
465 199 6 8 0.022764623 
616 332 21 28 0.022729369 
438 426 34 44 0.022718038 
644 324 21 28 0.022683736 
36 258 13 17 0.022658642 
702 335 20 29 0.022643406 
805 252 12 14 0.02263864 
986 160 7 9 0.02263246 
616 167 8 10 0.02261412 
443 386 12 17 0.022572624 
98 197 9 11 0.0225723 
320 198 8 10 0.022534562 
809 265 14 17 0.022525677 
490 177 7 9 0.02249851 
797 207 9 11 0.022468735 
619 299 23 29 0.022415401 
598 145 9 10 0.022398131 
284 261 12 14 0.02238762 
990 206 9 11 0.022331756 
659 185 7 11 0.02231411 
696 167 8 10 0.022272225 
401 258 11 15 0.022216208 
521 214 8 9 0.02218638 
679 168 9 9 0.022185914 
338 267 11 14 0.022181632 
758 249 14 17 0.022087757 
377 192 6 7 0.022070508 
289 225 16 21 0.022046514 
665 194 19 24 0.021982864 
998 190 8 9 0.021935586 
465 168 7 9 0.021930683 
798 168 7 9 0.021917801 
248 229 8 11 0.021885308 
28 256 12 15 0.021838974 
620 342 501 480 0.021722844 
344 219 9 12 0.021717813 
493 266 12 17 0.021667195 
38 199 11 12 0.021661354 
185 133 8 10 0.021641273 
739 390 28 34 0.021638336 
158 176 8 10 0.021626135 
510 425 36 45 0.021608789 
999 268 12 15 0.021578984 
829 177 18 24 0.021558488 
698 158 8 10 0.021557113 
872 184 7 9 0.02155655 
152 176 9 11 0.021554194 
505 173 7 9 0.021514777 
841 165 8 9 0.021510484 
456 192 6 8 0.021425521 
936 213 9 12 0.021397557 
862 152 8 10 0.021326644 
471 214 8 10 0.021297159 
173 236 9 12 0.02128145 
671 177 7 9 0.021250248 
814 212 17 21 0.021216674 
396 360 21 31 0.021216674 
983 216 10 12 0.021202683 
352 137 7 8 0.02118889 
576 153 7 9 0.021186551 
870 526 28 32 0.021143066 
1006 255 13 16 0.021134097 
217 175 8 10 0.021114634 
328 168 8 9 0.021112125 
69 413 15 20 0.021100346 
872 236 11 14 0.021097532 
256 167 7 9 0.021093303 
752 217 18 22 0.021079814 
809 173 8 10 0.02102922 
62 308 21 27 0.021021502 
805 198 9 10 0.020982206 
0 308 9 15 0.020958886 
253 282 11 16 0.020940531 
185 144 7 9 0.020933423 
937 167 8 11 0.02089376 
137 271 17 22 0.020893121 
97 239 11 15 0.020890329 
402 191 7 8 0.020886274 
816 158 9 11 0.020881845 
93 490 13 20 0.02087804 
169 135 7 9 0.020861045 
86 195 9 12 0.020855349 
133 127 8 9 0.02084666 
344 183 7 9 0.02083335 
569 153 8 9 0.020827424 
432 320 19 23 0.02080825 
960 210 18 22 0.020779869 
38 230 10 12 0.020764252 
38 204 10 12 0.020760404 
822 227 12 15 0.020756973 
94 271 15 18 0.020662852 
747 245 11 14 0.020649817 
118 174 8 11 0.020640213 
133 253 12 14 0.020637756 
215 246 10 13 0.020636339 
999 181 8 10 0.020613676 
216 199 8 9 0.020591987 
384 222 7 10 0.02054773 
656 205 8 10 0.02053977 
297 165 8 9 0.020530758 
3 236 11 13 0.020498347 
741 216 18 23 0.020469591 
693 272 13 19 0.02046197 
720 160 7 9 0.020450292 
516 194 17 23 0.020442104 
967 207 9 10 0.020429622 
627 279 15 19 0.020387072 
73 300 23 29 0.02030875 
670 190 8 10 0.020300258 
310 214 8 11 0.02028529 
435 407 25 34 0.020280367 
1003 478 21 41 0.020268075 
397 317 23 29 0.02024231 
293 245 11 14 0.020207588 
30 228 10 12 0.02015897 
254 226 18 23 0.020107938 
1007 456 21 38 0.020061165 
151 133 8 10 0.020046266 
16 176 19 24 0.02000742 
