2_Demonstration_Demonstrators_2_162
70
242 347 73 71 0.9863095 
581 345 45 54 0.9799177 
658 355 43 52 0.97539514 
496 392 40 57 0.9390963 
621 357 24 33 0.76270175 
543 286 23 32 0.39472678 
471 354 13 17 0.32505605 
562 444 39 51 0.24770162 
431 631 65 53 0.23955841 
492 338 24 30 0.22599271 
525 325 18 21 0.22268662 
199 313 27 41 0.20959517 
547 278 11 15 0.19584975 
417 434 32 49 0.18673477 
461 334 24 28 0.15755226 
635 356 37 51 0.14550038 
514 387 46 61 0.13468763 
601 351 44 53 0.13108963 
981 344 9 11 0.10984223 
478 400 32 47 0.10309112 
370 365 14 18 0.089485876 
325 426 46 60 0.0892063 
424 439 46 62 0.07980084 
380 317 10 13 0.07664599 
450 462 50 65 0.07304936 
392 316 11 14 0.06741561 
535 388 45 60 0.056337506 
961 351 8 10 0.054803487 
491 350 16 22 0.04957246 
523 278 14 18 0.049304344 
487 280 13 17 0.04499703 
621 365 32 43 0.044835903 
468 411 29 35 0.043066837 
576 436 46 58 0.038629342 
547 223 11 14 0.036852393 
528 277 23 31 0.034206267 
448 282 15 20 0.03321538 
408 353 28 36 0.033138517 
543 280 16 23 0.033129673 
462 348 21 27 0.032040525 
54 613 9 12 0.03170752 
813 310 11 18 0.028103763 
522 313 18 21 0.026234252 
498 333 18 21 0.02612165 
552 173 8 10 0.0259883 
223 330 55 68 0.02563269 
624 189 9 11 0.025278363 
326 378 11 14 0.025209863 
429 429 33 45 0.024871467 
553 300 16 21 0.024609916 
519 322 16 20 0.024131414 
548 411 45 63 0.023920672 
610 260 10 13 0.023895724 
664 183 9 11 0.02380727 
545 373 28 45 0.023061682 
656 344 27 43 0.023000129 
967 344 9 11 0.022995392 
368 370 50 62 0.02280457 
977 345 11 13 0.022611806 
608 200 9 11 0.022587422 
493 336 40 48 0.022572957 
655 184 8 10 0.021954626 
562 461 21 28 0.021660343 
176 321 31 35 0.02125702 
669 182 9 12 0.021100199 
797 478 31 40 0.020595659 
609 205 9 11 0.020505624 
342 368 11 12 0.020451812 
275 354 44 44 0.020160273 
919 341 11 14 0.020154601 
