2_Demonstration_Demonstrators_2_28
475
171 379 27 36 0.9989405 
657 606 55 64 0.9986926 
456 396 23 32 0.99864024 
40 389 32 43 0.99705887 
603 385 22 27 0.9967817 
516 445 27 35 0.9955273 
755 430 22 31 0.9947648 
594 503 36 47 0.993666 
385 429 27 34 0.9929 
251 395 23 30 0.9909875 
328 443 26 35 0.9883873 
891 437 26 42 0.9868721 
179 515 39 49 0.98549116 
333 514 32 40 0.9834584 
86 477 36 46 0.9804365 
546 361 15 21 0.9747244 
263 452 22 28 0.9741115 
491 388 19 27 0.9688793 
647 368 14 21 0.9650527 
368 381 17 24 0.9601096 
586 363 17 21 0.9557943 
297 425 23 31 0.95456386 
35 361 27 35 0.9404784 
673 378 15 23 0.9394031 
66 356 16 20 0.93700063 
421 353 15 19 0.92013466 
980 479 25 35 0.9167299 
843 514 41 51 0.91389066 
621 365 12 15 0.8949455 
38 548 42 55 0.8522411 
454 346 12 15 0.85196817 
870 398 22 30 0.8493502 
264 363 19 23 0.8488764 
442 370 19 27 0.8448368 
481 364 15 19 0.8027526 
715 402 14 18 0.80150795 
285 369 17 22 0.779581 
764 350 14 21 0.77618694 
757 352 15 21 0.77122045 
684 449 22 27 0.75801134 
192 353 13 17 0.75445205 
463 370 14 18 0.7186503 
1004 444 20 30 0.6645766 
240 340 12 16 0.59870124 
219 371 13 18 0.537127 
619 319 11 13 0.52072746 
215 335 11 14 0.49248677 
526 343 9 13 0.46079028 
569 341 11 15 0.387755 
339 371 16 22 0.38453135 
809 331 8 10 0.38350958 
996 342 9 12 0.37942785 
64 340 12 14 0.36954203 
670 351 9 11 0.34250638 
141 422 17 25 0.33359048 
805 391 14 20 0.32963026 
498 367 14 19 0.30936903 
548 512 23 26 0.30671433 
156 369 17 23 0.30484897 
183 599 50 72 0.28014573 
662 332 9 11 0.27674326 
0 364 11 19 0.27581155 
649 342 9 12 0.2722876 
172 342 9 13 0.26537558 
639 347 10 13 0.25247452 
137 370 15 20 0.24618433 
163 363 14 18 0.23621713 
680 412 16 19 0.23471077 
998 446 16 23 0.23329876 
563 370 14 19 0.2302896 
491 556 37 57 0.22549771 
277 346 11 15 0.22085568 
1003 357 11 15 0.21870103 
794 332 9 11 0.2143248 
966 366 12 16 0.21295844 
999 348 10 14 0.21055791 
817 364 10 12 0.20026514 
804 359 10 14 0.19641972 
833 366 9 13 0.19584914 
407 378 11 16 0.19484209 
701 357 12 15 0.18176475 
564 323 10 13 0.17841497 
89 333 9 11 0.16899425 
46 330 11 14 0.16616257 
723 391 19 26 0.16382267 
711 370 11 16 0.1605773 
694 360 14 17 0.15771426 
709 355 13 16 0.15260218 
473 320 9 10 0.15148999 
346 295 17 20 0.14979394 
897 358 10 13 0.14828582 
706 581 28 49 0.14633517 
568 335 9 13 0.14353186 
510 353 11 15 0.14325085 
904 423 22 33 0.1401167 
853 333 10 11 0.13719185 
830 332 8 11 0.13561279 
502 350 11 14 0.13181594 
638 356 11 14 0.13072938 
838 391 13 18 0.124417156 
861 454 28 36 0.12391836 
756 404 16 21 0.12233484 
308 229 19 22 0.12003924 
445 366 13 18 0.11950476 
520 348 10 14 0.119486995 
561 321 10 12 0.11825564 
848 334 9 11 0.11542936 
732 372 14 16 0.114065714 
478 369 21 26 0.11349066 
438 489 29 37 0.1125517 
952 365 10 12 0.11194052 
704 334 9 11 0.10971901 
913 422 16 23 0.10764122 
477 350 11 13 0.106555596 
324 312 8 11 0.10309275 
589 323 9 12 0.10225795 
389 367 11 14 0.1009736 
862 325 9 12 0.100432254 
783 370 12 17 0.09920922 
140 384 17 23 0.096250914 
173 334 10 14 0.09617608 
925 331 15 18 0.09501328 
749 296 9 12 0.09461233 
553 364 17 25 0.09460559 
585 319 9 12 0.09418903 
533 369 12 16 0.09416926 
642 324 9 11 0.0938483 
160 373 26 32 0.09215638 
886 367 8 11 0.09097212 
149 372 19 27 0.09015665 
710 397 14 19 0.088941805 
729 386 17 21 0.08647666 
101 362 14 18 0.085092135 
256 387 20 27 0.085058086 
626 369 12 16 0.08434071 
958 365 12 15 0.08297771 
986 399 18 20 0.080710314 
-1 375 13 26 0.08022018 
436 470 26 34 0.079541765 
837 371 11 15 0.07725976 
845 341 10 12 0.07689153 
225 371 17 20 0.0768044 
604 349 12 14 0.07649545 
195 386 14 21 0.07431627 
798 329 7 9 0.07392612 
281 395 14 17 0.073322296 
326 316 9 13 0.07287229 
811 328 9 11 0.07279648 
840 328 8 11 0.072612636 
143 355 13 16 0.0714401 
879 400 16 22 0.07142733 
872 444 25 37 0.068797335 
595 358 12 16 0.06804275 
1006 378 11 15 0.067629054 
518 377 19 24 0.066995405 
613 347 12 14 0.066885844 
280 408 14 19 0.06609971 
367 335 10 13 0.06475103 
718 339 9 12 0.06446029 
826 329 9 11 0.06415928 
437 299 10 12 0.064055435 
432 378 13 19 0.06358328 
638 363 11 17 0.06354493 
821 359 9 12 0.06307209 
815 370 13 16 0.062043965 
683 379 11 17 0.062030755 
710 337 9 11 0.061974466 
97 358 24 29 0.061645538 
527 371 13 18 0.060740933 
572 337 10 13 0.06065108 
677 418 21 27 0.060086325 
19 342 11 12 0.059391476 
752 415 25 34 0.05802821 
231 363 13 18 0.057877008 
63 346 15 19 0.05733102 
125 363 13 20 0.056624092 
849 442 32 41 0.056480605 
901 352 10 15 0.056016248 
284 346 14 17 0.05536609 
258 371 23 30 0.0553604 
935 407 26 35 0.05497003 
864 321 7 10 0.054704566 
425 311 8 10 0.05386274 
725 324 9 12 0.05378563 
659 327 9 12 0.053665087 
429 310 10 11 0.053353526 
219 396 19 30 0.053318992 
860 403 18 25 0.052975405 
856 329 9 11 0.052610233 
117 363 13 18 0.0524253 
704 338 11 14 0.05158154 
108 363 14 17 0.051536392 
875 389 16 21 0.05148107 
330 344 10 13 0.051404838 
47 369 18 22 0.05133596 
716 364 11 15 0.051293146 
157 21 53 72 0.050671015 
688 364 13 15 0.050613545 
229 322 10 14 0.05055947 
680 428 23 29 0.05052033 
292 350 10 12 0.049908154 
623 312 9 12 0.04974371 
239 330 20 25 0.049484022 
550 351 11 14 0.049014524 
644 319 10 13 0.04883717 
853 470 32 33 0.048630454 
182 333 11 14 0.047834963 
276 369 14 19 0.047746286 
128 363 21 29 0.04773621 
333 323 11 13 0.047419712 
950 359 10 13 0.046781156 
648 337 9 12 0.046663873 
78 285 9 12 0.045591753 
439 364 13 18 0.045585442 
841 342 9 13 0.04543495 
186 383 21 30 0.045428738 
703 369 13 17 0.045126047 
702 328 8 10 0.04499276 
64 286 9 12 0.044906747 
468 371 18 23 0.04465814 
524 393 16 22 0.04442528 
32 341 9 12 0.044008397 
980 405 23 32 0.043692715 
926 385 15 19 0.043354265 
715 357 11 15 0.043175973 
855 409 15 19 0.043024767 
470 163 12 14 0.042870693 
836 360 10 13 0.042732056 
902 364 12 15 0.04262151 
371 374 15 21 0.042526525 
15 346 12 15 0.042183496 
1012 378 11 16 0.04204767 
96 358 10 12 0.041968647 
683 405 14 18 0.041897733 
516 351 12 17 0.04119871 
477 323 9 11 0.040611446 
540 550 58 68 0.04061044 
846 328 9 11 0.039703965 
923 292 43 51 0.039567888 
844 373 11 14 0.039426804 
389 269 17 21 0.039291427 
359 338 10 14 0.039247964 
363 514 23 34 0.039186407 
570 369 13 18 0.038650263 
173 326 11 16 0.037691712 
1001 380 11 13 0.037659418 
704 388 12 16 0.037570436 
227 320 9 12 0.037235428 
118 357 10 15 0.037213877 
665 384 13 18 0.03692205 
937 305 16 17 0.036903553 
762 407 15 21 0.0368733 
573 363 13 18 0.03674376 
697 327 8 10 0.036594436 
971 369 12 15 0.035973992 
920 408 26 32 0.035625104 
277 333 13 16 0.03558527 
992 337 10 13 0.035204347 
707 361 18 24 0.035192847 
236 356 13 16 0.034323536 
904 336 8 11 0.034290425 
572 396 12 19 0.034217767 
674 348 12 15 0.03408458 
433 293 11 15 0.034072105 
427 369 15 21 0.034008726 
615 369 14 17 0.03379845 
632 359 11 14 0.033780042 
968 351 10 13 0.03373621 
409 257 23 28 0.033647317 
530 342 12 15 0.03361306 
582 397 14 19 0.033487864 
560 347 10 14 0.03332522 
311 359 12 14 0.033146407 
194 343 16 17 0.033126518 
446 356 13 18 0.032868106 
146 391 21 31 0.032857407 
743 326 9 12 0.03278097 
627 450 13 18 0.032744918 
622 293 10 11 0.032632884 
814 351 10 12 0.03258725 
743 363 13 16 0.032440554 
158 359 12 16 0.032374687 
966 355 13 17 0.0323359 
972 357 9 13 0.0322641 
641 368 13 19 0.03182274 
750 358 15 19 0.031503607 
441 467 17 23 0.031446703 
697 332 10 12 0.031335127 
111 358 23 29 0.03121601 
945 441 16 21 0.031176478 
54 372 23 31 0.031173829 
489 370 17 22 0.03110232 
665 355 11 15 0.031029718 
726 380 16 19 0.030950276 
143 417 27 38 0.030926917 
616 357 12 16 0.030921774 
383 371 12 17 0.03091043 
320 348 9 13 0.03087681 
52 353 25 30 0.030804623 
497 350 11 14 0.030803792 
797 388 18 22 0.030748999 
811 365 20 26 0.030682428 
702 350 12 16 0.030567987 
599 350 11 15 0.030499246 
188 335 11 13 0.030450823 
581 342 11 15 0.030288938 
1006 357 21 29 0.030207949 
613 331 13 15 0.030187666 
169 336 16 23 0.030136773 
628 377 12 16 0.030120954 
560 330 11 14 0.029947236 
334 333 12 15 0.029926674 
806 381 11 15 0.029843355 
686 372 12 17 0.029807936 
664 340 10 13 0.029671773 
823 301 8 11 0.029581357 
615 315 17 21 0.029534506 
988 409 28 36 0.029413149 
183 338 11 16 0.029390903 
171 356 12 15 0.029338386 
432 269 10 15 0.029246 
897 350 17 23 0.029136866 
997 349 19 26 0.028974975 
425 357 16 21 0.02888717 
903 369 13 17 0.028688777 
655 333 10 12 0.028546477 
671 344 9 12 0.028416816 
654 295 9 11 0.028391145 
691 378 13 18 0.028355421 
263 397 17 23 0.028244026 
984 350 9 11 0.028213898 
688 347 11 14 0.028188363 
722 317 10 14 0.02815439 
150 363 14 21 0.028103063 
157 393 14 20 0.028087428 
550 343 11 13 0.02802189 
931 297 25 29 0.027800303 
646 346 10 12 0.027638236 
925 391 25 30 0.027527757 
780 375 13 18 0.027477024 
846 413 22 28 0.027466308 
831 392 14 18 0.027448138 
279 380 21 26 0.02741233 
126 417 26 37 0.027313065 
667 345 19 24 0.027302563 
71 285 9 14 0.027272113 
607 343 11 14 0.027261306 
23 215 10 14 0.026979148 
590 351 13 16 0.026969856 
396 382 15 21 0.026665967 
941 426 23 33 0.026628468 
139 356 21 28 0.026456216 
815 342 9 11 0.026438195 
81 332 10 13 0.026382515 
440 25 10 13 0.026315045 
641 334 10 13 0.026226643 
227 293 16 20 0.02621768 
917 300 11 13 0.026139714 
659 370 14 20 0.026128083 
893 509 38 55 0.026085349 
531 376 15 21 0.026077125 
291 355 13 16 0.025779054 
839 468 33 32 0.02566925 
661 364 12 16 0.025646018 
295 405 11 17 0.02540449 
37 360 16 19 0.025391262 
391 359 10 14 0.025256233 
51 333 13 15 0.025248712 
36 348 11 13 0.025226366 
460 520 24 28 0.02513146 
119 350 10 12 0.025119022 
428 342 13 16 0.025059754 
919 357 11 13 0.025056139 
724 334 10 11 0.024943665 
496 356 12 17 0.024930852 
944 364 12 14 0.024750805 
973 351 8 11 0.024729025 
920 336 15 17 0.02470516 
731 455 16 19 0.024658531 
275 352 14 20 0.024605414 
125 357 12 17 0.024599936 
693 349 13 15 0.02444413 
4 359 12 17 0.02442455 
233 339 11 16 0.02439621 
950 445 23 31 0.024324905 
298 61 9 13 0.024211073 
830 371 20 27 0.024207111 
68 335 8 12 0.024169898 
1004 383 14 19 0.02413146 
588 396 12 17 0.024082707 
745 298 10 14 0.023992645 
283 332 14 18 0.023949225 
881 370 10 13 0.023868378 
941 450 22 29 0.023639483 
691 434 15 19 0.023466285 
589 343 10 13 0.023295132 
867 469 28 33 0.02324292 
316 358 11 16 0.023237899 
667 334 10 11 0.023235181 
47 338 11 15 0.023211304 
500 384 20 27 0.023116684 
894 334 10 13 0.023107134 
799 359 19 23 0.02310523 
56 339 11 15 0.02309801 
812 378 12 15 0.023096142 
333 421 12 17 0.023050511 
448 364 19 27 0.023047162 
369 245 9 11 0.022981888 
46 348 10 12 0.022879837 
567 342 19 22 0.022875298 
889 317 9 12 0.022804001 
659 416 17 21 0.02280271 
422 344 14 16 0.022749418 
616 312 11 13 0.02260781 
992 337 17 24 0.022478964 
975 420 26 36 0.022466732 
78 309 10 12 0.022412548 
94 350 38 47 0.022362886 
507 362 13 18 0.022270223 
472 186 11 16 0.022264786 
125 349 10 12 0.022264197 
850 371 14 16 0.022259135 
990 356 12 15 0.022247609 
34 375 31 44 0.022190414 
55 5 50 68 0.022127295 
845 398 22 27 0.022122525 
385 367 20 25 0.021843756 
736 394 24 30 0.021713015 
493 379 15 22 0.021639789 
730 375 22 26 0.021603111 
1006 372 19 27 0.021549346 
396 373 12 17 0.021534886 
444 145 13 17 0.021485183 
328 341 20 26 0.0214807 
42 326 12 15 0.021475203 
625 198 46 51 0.021343444 
615 212 14 16 0.02123262 
970 409 25 36 0.021221947 
483 351 11 13 0.02120811 
709 325 9 12 0.021158645 
523 339 17 22 0.021147992 
917 393 15 18 0.021140253 
617 293 10 12 0.02111561 
433 373 21 27 0.021053845 
607 318 12 14 0.021022828 
944 357 12 14 0.021005604 
984 358 9 12 0.020994306 
709 603 34 47 0.020938702 
1 378 24 34 0.020845352 
806 350 12 14 0.020793073 
805 369 14 17 0.02075372 
878 349 9 12 0.020734452 
948 412 23 32 0.020724926 
750 371 11 15 0.020678533 
853 381 13 15 0.020574415 
246 300 10 13 0.020565659 
927 560 30 34 0.020549046 
501 459 14 18 0.020543238 
667 417 16 22 0.020516327 
833 348 8 11 0.020508584 
668 361 15 19 0.020491712 
565 355 13 18 0.020483408 
348 358 13 16 0.020425625 
608 196 40 47 0.020412106 
8 524 36 48 0.020375997 
290 342 12 15 0.020349955 
927 420 27 40 0.020266807 
816 310 8 11 0.020237934 
772 404 13 19 0.020170746 
329 372 20 29 0.02014547 
502 453 25 30 0.020134581 
67 366 15 20 0.020121718 
527 449 25 34 0.020111308 
502 344 10 13 0.020013113 
233 333 10 14 0.020002274 
