2_Demonstration_Political_Rally_2_695
585
767 557 54 70 0.99762374 
805 225 24 31 0.9966562 
438 343 32 38 0.9963373 
586 366 31 42 0.99612975 
405 372 35 44 0.99524635 
44 239 29 32 0.99509925 
498 373 34 42 0.99368423 
324 470 42 50 0.99112403 
423 465 43 51 0.98925483 
3 385 31 34 0.98711884 
17 271 27 31 0.97888446 
883 478 30 37 0.9393192 
1 18 15 18 0.9357851 
297 425 36 39 0.88733524 
103 232 22 27 0.8789075 
963 89 15 18 0.87246275 
169 209 22 28 0.8513081 
684 184 20 22 0.8415562 
657 200 22 30 0.8409637 
191 225 20 23 0.8347644 
212 315 28 32 0.8219827 
315 532 40 48 0.8159823 
810 174 16 21 0.8116537 
21 124 14 18 0.80526304 
142 129 12 15 0.7955527 
12 432 38 49 0.7834091 
135 395 39 41 0.7664482 
360 420 35 44 0.7618283 
210 267 19 24 0.7577848 
160 256 23 26 0.730803 
322 254 29 37 0.7150295 
684 146 17 21 0.7104048 
528 454 36 39 0.69706917 
404 297 27 34 0.6727941 
705 198 17 23 0.65415573 
966 644 47 47 0.6523968 
282 405 29 37 0.6295506 
111 359 29 38 0.60347015 
501 473 30 35 0.5740115 
189 454 42 49 0.5198588 
781 133 16 19 0.5170343 
224 345 30 52 0.51647633 
628 156 14 18 0.5047299 
59 133 14 17 0.46834666 
18 227 16 20 0.4565026 
812 293 24 33 0.45104954 
272 250 16 20 0.41264847 
292 256 26 33 0.40740845 
134 111 10 12 0.39809966 
851 175 25 32 0.39637426 
67 61 12 14 0.39217734 
172 439 33 45 0.35634273 
468 459 30 40 0.34918645 
589 182 11 13 0.336226 
140 271 21 27 0.30728102 
879 354 24 37 0.30126128 
188 371 25 27 0.30111283 
609 580 31 40 0.29332307 
341 309 33 46 0.26838985 
655 124 11 14 0.26658788 
330 318 31 38 0.2621518 
61 221 25 28 0.26067057 
639 170 15 20 0.26066628 
565 325 25 33 0.2594065 
696 109 10 13 0.24835594 
794 194 18 24 0.24348243 
108 128 10 13 0.23402007 
61 420 15 21 0.2312526 
244 216 16 19 0.22539599 
253 187 23 27 0.22206026 
268 156 16 18 0.220735 
20 383 29 34 0.21719824 
271 282 26 35 0.21666023 
155 300 21 28 0.20748141 
496 632 17 21 0.20744784 
527 443 28 31 0.20114668 
193 231 23 28 0.19498566 
238 101 12 15 0.19330782 
469 299 15 18 0.19019783 
248 459 23 36 0.18844125 
340 406 30 38 0.17805381 
738 322 27 37 0.17638955 
114 260 14 21 0.17512575 
97 60 11 13 0.17203428 
113 84 11 14 0.17030938 
179 268 21 29 0.16658594 
212 240 14 18 0.16578373 
192 146 11 13 0.16105366 
632 127 8 11 0.15659477 
771 173 13 17 0.15442924 
-1 501 24 41 0.14986882 
572 324 14 18 0.14303276 
121 31 9 11 0.14243242 
247 206 22 27 0.14163941 
509 468 43 51 0.14121957 
397 518 41 53 0.14059454 
902 529 43 57 0.13312924 
125 118 10 12 0.12779902 
112 79 10 12 0.12771453 
693 131 12 14 0.12742971 
423 351 40 48 0.12536474 
405 50 12 14 0.12387483 
213 463 32 43 0.12368182 
720 473 29 41 0.122568935 
180 218 22 27 0.11805333 
164 427 32 45 0.11688141 
975 117 14 18 0.116718404 
63 358 38 54 0.11538018 
97 14 9 12 0.11054021 
631 133 11 13 0.11041027 
813 273 25 34 0.10876308 
687 489 38 51 0.108128645 
696 321 39 49 0.107317686 
774 135 15 19 0.10728713 
541 313 22 30 0.1063804 
958 126 13 16 0.10595588 
613 128 9 10 0.1054227 
252 389 16 24 0.10424204 
853 341 25 34 0.10229726 
481 613 27 40 0.102164246 
414 301 27 34 0.10039067 
123 124 11 13 0.10019509 
611 203 13 18 0.099987544 
796 167 26 33 0.09861531 
117 373 42 50 0.09567284 
1007 103 10 13 0.09514407 
147 404 38 42 0.092835635 
382 343 26 33 0.09181289 
485 463 31 38 0.09090113 
681 277 22 30 0.09079024 
756 177 14 18 0.09022035 
148 201 13 17 0.089299865 
104 280 21 27 0.088683195 
277 255 40 51 0.08858007 
203 257 21 26 0.08763371 
607 126 9 11 0.08563207 
331 332 19 23 0.08461003 
454 421 29 34 0.084273845 
469 400 26 30 0.08418198 
199 119 9 10 0.08338252 
616 494 46 57 0.08292907 
1015 83 9 13 0.08272159 
726 115 13 16 0.081977256 
649 126 10 14 0.08182862 
279 393 27 34 0.08065258 
504 303 11 13 0.08000933 
200 243 22 28 0.07896928 
680 140 14 17 0.07762742 
85 134 12 14 0.0762756 
183 38 8 11 0.07592597 
193 265 20 28 0.075682096 
718 139 21 26 0.075412154 
408 290 18 21 0.07479323 
258 205 17 22 0.074599124 
681 114 9 13 0.07295217 
300 441 41 50 0.072815046 
706 477 30 39 0.07190385 
354 327 17 23 0.07050482 
256 454 29 43 0.069650576 
229 328 28 40 0.06937868 
701 125 10 14 0.06893659 
204 237 16 22 0.06814001 
249 135 9 11 0.06800632 
554 325 24 30 0.067478545 
596 107 9 13 0.066939205 
685 134 14 18 0.06672283 
789 444 25 32 0.06535301 
129 111 10 13 0.0650885 
759 116 13 18 0.06499615 
915 543 43 62 0.06476111 
235 359 37 53 0.06394327 
219 132 12 15 0.06352994 
761 101 9 12 0.06307702 
196 253 16 22 0.062907435 
175 117 8 10 0.062787145 
717 288 13 17 0.061819874 
148 256 24 28 0.061649017 
719 162 12 16 0.06082181 
723 289 15 17 0.060235664 
669 124 12 17 0.059253655 
823 228 24 31 0.059177835 
112 70 9 11 0.058756724 
730 140 12 16 0.058603983 
728 461 26 34 0.05855063 
796 454 15 19 0.05851543 
305 376 19 22 0.058246914 
863 334 34 50 0.058164384 
910 532 28 34 0.057768222 
273 245 25 31 0.057682503 
132 260 26 33 0.057448052 
84 331 30 33 0.057321433 
241 96 16 20 0.05693109 
706 287 18 20 0.05669445 
0 197 9 15 0.056474354 
355 409 30 40 0.056329444 
688 126 10 13 0.05514572 
116 253 21 30 0.05502934 
708 487 37 54 0.054734956 
642 201 21 30 0.054526836 
718 150 20 26 0.053371806 
733 111 9 13 0.053241916 
269 458 30 42 0.0527597 
5 350 13 16 0.052648332 
482 346 21 31 0.052444562 
70 467 28 37 0.0522843 
401 47 11 13 0.051542606 
1012 108 9 13 0.051533885 
148 305 19 22 0.051225767 
117 93 11 13 0.050652336 
139 203 16 18 0.050454147 
769 245 16 22 0.049819738 
44 37 9 13 0.049674176 
688 139 15 18 0.04964114 
405 24 8 11 0.049009364 
319 417 39 47 0.048734434 
170 13 12 14 0.048700362 
795 190 13 17 0.048610505 
578 159 9 11 0.048540443 
694 114 13 16 0.04847709 
733 171 13 18 0.048337556 
700 235 25 30 0.048286084 
745 131 11 15 0.048171643 
125 132 11 13 0.04793552 
67 131 12 16 0.047887094 
604 201 23 28 0.047626615 
858 410 14 18 0.047527313 
686 117 10 13 0.047124144 
570 632 15 19 0.047039088 
766 176 12 18 0.046384703 
333 257 29 40 0.046106387 
583 185 16 20 0.04610035 
246 193 15 18 0.04603086 
61 56 14 16 0.045668066 
100 66 11 14 0.045387335 
701 115 11 14 0.045271907 
76 374 15 21 0.04456575 
439 54 10 13 0.044509776 
88 20 10 13 0.044478506 
324 331 19 22 0.04388298 
42 388 13 19 0.04377312 
6 131 12 14 0.0434995 
53 231 29 32 0.043439493 
62 222 14 18 0.043213405 
52 409 27 32 0.043029133 
13 281 29 36 0.04276024 
471 93 13 15 0.0427381 
94 18 11 14 0.042682957 
673 208 17 22 0.04226385 
198 323 27 40 0.04217721 
9 423 29 35 0.042069666 
348 414 18 23 0.041795567 
585 129 8 10 0.041514304 
120 98 10 13 0.0413131 
188 46 11 12 0.04116567 
22 418 42 57 0.040970225 
156 118 10 13 0.04096886 
80 134 11 13 0.04085966 
586 173 14 18 0.040805083 
80 78 11 13 0.040754054 
640 186 13 17 0.040679876 
181 203 26 30 0.040481437 
113 277 23 33 0.04044762 
765 201 14 17 0.040363453 
171 251 23 29 0.04036265 
305 261 18 24 0.040249288 
829 290 31 39 0.040242843 
636 133 10 13 0.04023044 
49 426 26 36 0.04004433 
220 223 16 21 0.039441798 
155 258 38 45 0.03939599 
228 459 32 41 0.03933045 
85 355 15 19 0.039308857 
7 394 46 56 0.039076895 
267 387 26 37 0.039071634 
161 414 30 38 0.038760442 
286 193 15 20 0.038718745 
709 124 11 15 0.038510613 
80 318 30 32 0.038386248 
248 246 26 31 0.03835852 
649 120 10 12 0.038219653 
344 416 31 45 0.038163148 
983 65 15 18 0.03800091 
753 512 25 37 0.037843082 
749 124 12 17 0.037828088 
169 306 15 20 0.037562598 
185 33 9 11 0.037511952 
654 108 11 13 0.037492603 
759 529 45 61 0.037051406 
45 43 9 12 0.037005987 
225 217 17 21 0.03690317 
317 263 17 22 0.036840074 
219 235 16 19 0.03677102 
46 316 30 36 0.036611073 
3 9 21 25 0.036412634 
58 61 10 13 0.03640633 
93 26 11 14 0.03634522 
666 489 40 57 0.03604501 
672 147 11 15 0.035863247 
78 360 28 38 0.035687838 
94 226 13 17 0.03566592 
184 254 21 28 0.035345558 
126 102 9 11 0.03530802 
56 125 12 14 0.035120796 
21 201 15 19 0.035000287 
138 116 12 14 0.034956925 
471 67 8 11 0.034920316 
298 253 17 21 0.03479301 
489 487 43 50 0.0347107 
79 114 11 14 0.03470508 
507 360 28 34 0.034536414 
167 40 8 9 0.034486577 
253 132 11 13 0.034442298 
178 38 9 11 0.03425091 
297 380 26 31 0.034204785 
724 134 15 19 0.034151405 
109 63 10 12 0.034113675 
204 34 10 12 0.03406509 
97 361 29 40 0.03404324 
90 290 27 31 0.034008823 
86 100 11 13 0.033809405 
39 213 13 15 0.03377294 
821 573 16 23 0.033719387 
594 181 11 14 0.03352345 
713 283 22 26 0.033329386 
188 212 26 29 0.033315618 
728 478 38 54 0.033217613 
269 280 18 27 0.033136018 
638 178 20 28 0.033130232 
220 196 13 14 0.032854147 
260 248 24 29 0.03283543 
267 149 15 18 0.03277361 
642 193 13 18 0.032633737 
529 305 37 47 0.03262896 
109 241 23 31 0.032541644 
92 220 13 17 0.032276466 
442 46 10 13 0.032102883 
468 434 33 43 0.03209249 
210 248 17 22 0.032086566 
186 37 12 13 0.031994 
651 511 14 19 0.031923346 
660 188 36 43 0.03180784 
89 303 27 35 0.03166533 
601 124 10 13 0.031422783 
740 501 27 40 0.031402484 
847 51 46 60 0.031399507 
721 318 36 46 0.031168919 
634 202 19 29 0.031144725 
758 522 13 19 0.031032022 
663 148 10 14 0.03097597 
630 204 13 19 0.030931119 
446 451 43 52 0.030912558 
670 139 13 17 0.030817792 
726 170 13 18 0.030789072 
654 120 18 24 0.030761784 
147 373 27 32 0.030759715 
463 294 15 17 0.030676452 
412 47 11 13 0.030625204 
62 79 10 11 0.030570488 
93 347 30 39 0.030555118 
668 277 29 39 0.030490289 
686 111 9 12 0.030340197 
227 235 15 17 0.030334586 
99 338 15 19 0.03030747 
723 271 27 32 0.03028716 
454 71 8 10 0.030283464 
91 141 11 12 0.030210229 
540 325 25 33 0.030054847 
248 140 10 13 0.029915283 
31 276 17 24 0.029873852 
205 0 12 11 0.02976874 
834 298 41 53 0.029619703 
984 92 10 12 0.029591905 
235 217 21 26 0.029550666 
660 119 10 14 0.029530896 
589 166 11 14 0.029488003 
767 122 22 26 0.029354068 
865 183 17 23 0.028864224 
1008 95 10 13 0.028801959 
155 376 16 17 0.028691085 
337 378 42 48 0.028612949 
2 351 21 26 0.028610298 
320 430 19 22 0.028536217 
489 359 26 35 0.028493684 
127 247 24 31 0.02846868 
159 283 26 34 0.028436743 
952 93 10 15 0.028415088 
772 165 25 34 0.028400732 
999 103 11 14 0.02834333 
452 606 51 58 0.028296204 
730 283 14 17 0.028282931 
376 425 29 42 0.02824744 
709 118 9 12 0.02820474 
281 441 39 52 0.027936848 
33 365 38 50 0.027898163 
456 31 7 9 0.027896605 
371 407 28 38 0.02780141 
454 301 12 14 0.02777198 
10 77 9 12 0.027536534 
699 138 12 16 0.027480246 
46 101 9 11 0.02733677 
141 196 23 27 0.027326507 
198 112 10 12 0.027315836 
154 202 14 19 0.027181864 
316 235 48 61 0.02712289 
759 116 22 28 0.027121888 
-9 408 76 99 0.02707032 
207 275 26 32 0.026707532 
77 126 11 14 0.026700642 
118 239 24 29 0.026645778 
802 376 26 31 0.02655278 
848 412 21 29 0.02654396 
1 483 14 18 0.026520463 
48 124 11 13 0.026382308 
709 130 12 17 0.02633813 
638 151 10 13 0.02632442 
49 118 10 12 0.02632214 
608 142 10 13 0.026252054 
-1 365 30 41 0.026251435 
22 112 10 12 0.026240632 
276 302 24 30 0.026198782 
989 638 34 44 0.026180249 
171 271 19 22 0.026136994 
845 318 41 53 0.02602644 
608 131 10 12 0.025935326 
56 56 10 12 0.025930822 
130 241 17 21 0.02590111 
70 86 9 11 0.025891976 
706 331 19 25 0.025880285 
286 385 28 35 0.025816899 
584 132 12 15 0.025751892 
699 264 27 33 0.025709527 
271 182 26 30 0.02566498 
71 94 9 11 0.025573174 
220 45 11 13 0.025420513 
738 521 38 56 0.025320671 
259 471 38 52 0.025291413 
615 159 10 14 0.025287412 
633 501 43 58 0.02528291 
390 46 9 11 0.02519357 
732 173 20 27 0.025117248 
85 348 14 17 0.025056008 
664 122 21 28 0.02500093 
371 411 16 20 0.024982218 
811 487 25 32 0.024842752 
69 403 25 32 0.024741529 
624 126 9 11 0.0246758 
589 128 8 11 0.024663381 
599 119 9 12 0.02454245 
446 40 8 10 0.024504432 
288 330 25 30 0.02447501 
101 54 12 16 0.024422176 
937 574 25 31 0.024265945 
62 645 15 19 0.024254262 
120 131 10 12 0.024228072 
153 365 26 29 0.024208972 
61 449 29 41 0.024198668 
988 70 14 17 0.024178702 
623 138 12 15 0.024147267 
120 521 48 52 0.024111345 
681 210 16 20 0.024051605 
431 645 27 37 0.023985801 
41 442 34 45 0.023976956 
49 111 8 11 0.023960674 
201 211 15 18 0.023925547 
989 91 10 13 0.023908164 
356 309 30 42 0.023894396 
407 40 9 11 0.02385413 
112 89 13 16 0.023852289 
863 26 47 65 0.023828337 
850 425 15 20 0.023825089 
743 125 11 16 0.023789164 
727 159 20 29 0.023689406 
752 328 18 23 0.023689345 
87 212 14 17 0.023681862 
16 203 24 29 0.023671806 
235 345 18 28 0.023642084 
669 110 11 14 0.023619432 
326 271 29 36 0.023614759 
626 133 21 25 0.023612367 
77 70 11 12 0.023607448 
232 105 11 14 0.02352509 
768 136 13 18 0.02348688 
763 120 14 17 0.023469688 
201 30 11 14 0.023447467 
476 503 46 54 0.023443256 
712 487 19 23 0.023408093 
630 119 8 11 0.02329762 
97 495 28 37 0.023257649 
565 400 16 24 0.023238938 
189 30 11 13 0.023234837 
285 233 49 59 0.023192637 
84 400 16 23 0.02317512 
890 355 15 24 0.02307439 
43 139 14 16 0.02300256 
168 8 10 11 0.022986246 
195 207 16 19 0.022929275 
576 164 10 13 0.022888592 
294 404 38 42 0.022860993 
710 157 22 29 0.022845441 
335 274 41 55 0.022844173 
770 115 14 18 0.022728214 
200 471 34 44 0.022722656 
616 203 21 29 0.022687795 
426 300 15 21 0.022565935 
724 502 39 58 0.022546055 
751 116 13 18 0.022530068 
87 127 11 14 0.0224799 
103 118 9 11 0.022471597 
153 341 26 36 0.022430548 
38 505 38 52 0.022415647 
127 367 17 23 0.022414248 
110 79 18 24 0.022409908 
62 47 11 12 0.022302119 
93 125 10 13 0.02226062 
967 117 14 17 0.022259727 
786 126 14 17 0.02222989 
216 117 10 11 0.02217918 
127 141 11 13 0.02216483 
261 280 16 25 0.022136368 
244 204 16 19 0.022112709 
720 111 9 12 0.022035306 
989 61 13 16 0.022020135 
378 289 43 51 0.022015754 
423 14 8 10 0.021912493 
175 31 9 12 0.021908155 
591 156 10 13 0.02188433 
809 564 27 38 0.02187837 
639 161 25 34 0.021871226 
867 345 18 26 0.021827128 
544 456 20 25 0.021786558 
109 380 15 23 0.02176901 
252 378 15 23 0.021707049 
0 355 13 18 0.021670222 
444 299 14 17 0.021660667 
316 573 45 54 0.021588737 
139 310 27 33 0.021563914 
108 108 11 14 0.0215288 
614 149 9 12 0.021518858 
216 311 38 49 0.021497471 
868 477 30 41 0.021449046 
78 101 9 11 0.021396117 
68 271 24 29 0.021352675 
638 127 8 12 0.021292388 
625 134 10 12 0.021253025 
131 106 19 23 0.021216156 
628 198 13 16 0.021198694 
644 150 10 13 0.021150457 
749 171 17 23 0.021056838 
613 142 10 13 0.021019952 
141 213 15 20 0.021006279 
709 111 9 12 0.020998772 
44 132 13 15 0.02095423 
7 70 11 13 0.02094181 
168 125 9 10 0.0208746 
6 192 10 13 0.02082678 
72 229 17 23 0.02080786 
84 106 13 16 0.020750947 
271 413 41 52 0.020654025 
180 117 10 11 0.020636022 
719 530 45 64 0.020617902 
62 316 31 37 0.020577213 
637 108 9 11 0.020576568 
242 254 25 33 0.02056626 
52 118 13 15 0.020559948 
707 493 18 25 0.020545859 
895 527 32 44 0.020491378 
241 336 17 21 0.020486267 
428 621 53 58 0.020468397 
31 80 9 11 0.020467857 
207 14 14 14 0.020445546 
474 306 12 15 0.020435987 
747 505 14 21 0.020428807 
669 118 11 14 0.020407151 
230 96 21 25 0.020393144 
670 180 12 16 0.020355342 
833 225 19 26 0.020349573 
275 273 16 27 0.020295627 
719 116 13 16 0.020224966 
35 213 22 27 0.020211324 
27 603 32 34 0.020129401 
745 312 26 34 0.020098966 
713 193 17 25 0.020039128 
259 132 14 15 0.020033207 
103 138 10 13 0.020032585 
399 22 10 13 0.020017734 
