2_Demonstration_Protesters_2_148
47
701 246 110 144 0.999782 
394 374 87 122 0.9985825 
475 191 50 57 0.9979036 
329 130 70 97 0.99393696 
666 217 60 87 0.99332833 
607 241 54 65 0.9928392 
155 225 28 45 0.98965245 
405 200 37 51 0.982438 
973 177 50 105 0.9305131 
549 248 23 31 0.75101894 
647 227 53 73 0.5039819 
47 235 21 33 0.18760249 
112 226 31 39 0.15302739 
583 252 22 33 0.142329 
677 225 97 123 0.12023552 
7 232 44 61 0.116623096 
556 241 36 47 0.09918272 
258 625 40 37 0.09822156 
228 210 12 15 0.080225915 
123 221 44 49 0.07524071 
822 290 64 84 0.07251273 
247 622 69 70 0.06106459 
574 237 41 53 0.060563028 
29 236 32 36 0.053249266 
191 246 10 13 0.050470367 
-3 246 58 88 0.045908738 
-18 -31 197 217 0.03745956 
781 274 87 110 0.036437273 
365 163 73 90 0.036217153 
69 192 11 14 0.03253458 
224 207 11 14 0.030395672 
801 6 47 52 0.030212017 
541 358 12 14 0.029043937 
214 202 11 14 0.028832145 
869 193 44 62 0.027027477 
18 252 21 25 0.02672815 
236 210 13 15 0.023724325 
605 230 34 40 0.023412453 
243 210 12 15 0.022366708 
56 238 16 26 0.022279799 
578 225 34 39 0.022098836 
127 198 10 11 0.021832092 
595 240 34 41 0.021446737 
950 210 27 41 0.021327619 
42 335 42 59 0.020315167 
784 39 28 35 0.02025875 
171 237 25 33 0.020041715 
