2_Demonstration_Demonstration_Or_Protest_2_655
103
278 111 26 31 0.97704166 
683 65 24 32 0.87959963 
511 96 24 31 0.7459152 
76 185 12 16 0.7310941 
628 125 13 15 0.46446174 
86 129 11 14 0.29223686 
477 54 23 30 0.19829611 
226 105 15 19 0.13302968 
288 62 9 13 0.12682176 
16 214 20 26 0.10082565 
14 176 10 14 0.10061495 
495 5 15 17 0.099712655 
808 157 10 13 0.09302771 
632 120 17 18 0.08661309 
479 42 15 20 0.086212784 
252 97 12 16 0.080726564 
336 114 11 16 0.07220939 
82 188 42 55 0.066386946 
100 192 44 57 0.061179213 
340 387 39 44 0.056850325 
969 55 8 11 0.056376763 
44 210 15 21 0.056275584 
262 100 11 15 0.054388173 
550 123 12 14 0.054326512 
709 60 15 22 0.052516345 
-33 300 359 455 0.05063444 
615 36 11 16 0.049914435 
490 9 24 29 0.04983046 
15 213 13 18 0.047349952 
163 207 31 44 0.044621494 
375 374 36 31 0.0430701 
555 126 10 12 0.04261935 
221 92 15 16 0.041880764 
118 201 37 44 0.041834638 
282 68 10 12 0.040463746 
20 205 15 17 0.03983449 
174 154 29 33 0.039390545 
42 223 16 20 0.038986664 
74 180 20 25 0.03631936 
323 100 25 33 0.036170617 
464 40 38 50 0.036143247 
234 107 12 16 0.035929654 
290 58 8 10 0.035105735 
544 117 13 17 0.034856327 
26 223 18 20 0.03438243 
37 205 13 18 0.033862516 
24 212 17 18 0.033746336 
24 132 10 12 0.033696026 
30 181 9 10 0.033596285 
293 200 9 12 0.03350661 
624 128 13 17 0.0320319 
691 59 24 31 0.031943105 
224 88 11 13 0.03187355 
91 99 12 15 0.031780683 
859 6 12 13 0.031601995 
822 86 37 53 0.03127572 
781 44 11 14 0.031145515 
123 68 27 35 0.03068879 
32 217 22 26 0.030131076 
554 131 13 16 0.029176036 
553 72 25 38 0.028006576 
317 84 42 55 0.027615242 
108 123 53 60 0.027602213 
176 85 11 13 0.027438376 
173 53 11 13 0.02728322 
737 574 8 10 0.026999816 
522 89 17 23 0.026442597 
51 424 214 266 0.025867347 
283 99 37 47 0.025853708 
158 62 12 15 0.025741545 
126 224 45 58 0.025682688 
30 195 12 15 0.025624318 
27 204 15 17 0.025505293 
256 95 20 25 0.025043609 
218 92 23 25 0.024996294 
177 177 25 33 0.02498341 
726 567 9 10 0.024977053 
887 511 8 10 0.024301352 
832 528 8 9 0.023925727 
29 128 10 12 0.023363037 
879 533 9 9 0.023269907 
768 520 7 9 0.02324908 
358 390 35 32 0.023044037 
721 566 8 10 0.022746813 
20 179 9 13 0.022487275 
647 27 185 234 0.0224802 
887 552 8 9 0.022380678 
318 331 17 20 0.022249445 
266 101 13 17 0.022046022 
710 566 8 10 0.022045646 
860 94 38 51 0.021444004 
896 543 7 8 0.021401368 
90 124 13 16 0.020903638 
60 61 11 12 0.020816559 
838 568 7 9 0.020761462 
887 519 8 9 0.020651808 
13 196 12 16 0.020644525 
254 87 9 11 0.020636635 
261 95 10 14 0.02051137 
94 108 87 103 0.020475293 
45 171 9 12 0.020393664 
790 560 8 9 0.02024729 
351 200 11 14 0.02012519 
