2_Demonstration_Protesters_2_362
81
237 359 60 97 0.9970073 
810 403 74 78 0.9958625 
418 493 13 18 0.6352742 
452 506 14 17 0.5585492 
866 532 26 32 0.552529 
880 521 25 34 0.50408894 
383 520 14 18 0.35618216 
399 495 12 15 0.33229804 
313 331 18 21 0.2309046 
701 531 9 13 0.18898644 
361 494 10 12 0.13842788 
868 524 42 50 0.11910541 
856 538 32 39 0.11207984 
146 465 23 38 0.0984124 
678 511 15 20 0.09484057 
696 505 9 10 0.08586455 
655 517 8 11 0.07756438 
463 548 9 13 0.0742659 
344 15 9 11 0.07232665 
1012 420 12 19 0.071797065 
698 527 9 13 0.06916296 
440 505 13 17 0.062245253 
460 557 14 21 0.056689207 
887 624 66 54 0.04699382 
645 493 9 12 0.046940453 
391 547 14 17 0.04608219 
459 512 12 16 0.045421746 
726 510 9 11 0.04304358 
529 44 11 14 0.041871045 
704 559 23 32 0.041191787 
429 499 12 16 0.040275574 
727 503 10 11 0.03708466 
701 504 8 10 0.035878304 
502 552 9 12 0.035230264 
445 509 16 18 0.035105076 
398 469 12 15 0.034339502 
344 9 10 11 0.033931118 
300 527 58 85 0.03303432 
882 515 43 51 0.032809813 
373 514 14 20 0.031189803 
1014 440 9 15 0.029329617 
978 475 11 13 0.029020814 
899 482 15 19 0.029003529 
327 524 45 64 0.028516991 
386 526 17 20 0.028467508 
416 555 12 16 0.027998043 
578 126 465 496 0.027968097 
50 309 53 73 0.027946431 
937 455 25 32 0.027503284 
1008 474 11 15 0.026879122 
861 1 16 12 0.026616272 
455 559 13 19 0.02653282 
998 501 11 11 0.02634406 
448 477 10 14 0.02627946 
990 501 11 13 0.026152082 
930 510 13 16 0.025635844 
811 412 44 51 0.025221832 
975 500 10 13 0.025141405 
406 15 70 76 0.024755463 
554 485 12 14 0.02472326 
1012 469 9 15 0.02460578 
844 547 35 43 0.02440002 
700 533 13 20 0.02378521 
713 562 14 21 0.023697173 
393 498 13 16 0.023660595 
320 512 93 105 0.023658888 
816 35 13 16 0.02278735 
690 547 15 19 0.022760652 
892 504 31 36 0.022651905 
394 541 14 16 0.022406759 
87 443 33 30 0.022135902 
468 370 11 15 0.021915646 
923 505 22 27 0.021555131 
735 495 9 11 0.021296127 
733 508 11 14 0.021120222 
364 495 12 16 0.021031315 
733 501 10 12 0.020690802 
687 540 11 15 0.02061583 
106 453 15 16 0.020199891 
400 488 17 23 0.020197785 
687 510 19 26 0.020017043 
