2_Demonstration_Demonstration_Or_Protest_2_799
302
469 269 11 14 0.97898954 
198 223 10 12 0.92048955 
556 198 9 11 0.8901452 
277 302 13 18 0.8739949 
433 229 10 14 0.8693989 
620 236 11 14 0.8461828 
164 226 12 16 0.7497134 
59 252 13 15 0.67974174 
871 234 11 14 0.6584675 
168 277 9 11 0.60472727 
28 209 13 16 0.5207095 
266 282 11 15 0.5037116 
363 301 16 19 0.49685085 
596 205 9 12 0.41959193 
684 199 8 11 0.35201365 
463 240 8 12 0.3356576 
59 258 15 18 0.3123666 
406 233 9 11 0.30263996 
484 196 10 12 0.28312102 
801 237 10 13 0.27113655 
477 236 10 12 0.25112617 
352 287 9 12 0.22929734 
880 307 9 11 0.19341077 
398 122 11 14 0.17822325 
327 188 9 11 0.16948016 
670 198 8 10 0.16528328 
452 184 12 16 0.16413997 
649 228 9 12 0.16141817 
229 245 11 14 0.16107866 
153 261 10 13 0.15288211 
447 219 10 12 0.14990963 
367 199 9 10 0.14104418 
912 237 7 8 0.13971157 
365 314 13 16 0.13807933 
857 244 10 14 0.1361991 
874 230 10 13 0.12942722 
854 272 9 12 0.12629451 
615 191 8 10 0.12465681 
214 308 11 12 0.1143141 
255 240 8 10 0.11109152 
703 126 11 14 0.1094728 
471 237 9 12 0.1058623 
647 222 9 12 0.09976444 
813 308 10 13 0.09910717 
913 232 7 10 0.097711705 
665 198 8 9 0.09190643 
809 304 9 11 0.08758342 
646 214 8 11 0.082360774 
769 217 8 10 0.07981107 
319 183 9 11 0.077829994 
311 231 9 12 0.07672708 
950 230 8 10 0.074734755 
258 196 9 11 0.07354401 
612 279 9 11 0.07353874 
350 205 9 11 0.07196303 
321 189 9 11 0.07176493 
381 291 14 18 0.07155796 
721 326 10 11 0.07071309 
774 219 8 11 0.07066801 
820 317 13 16 0.06927985 
135 197 11 16 0.06763976 
668 321 9 10 0.067610525 
402 231 9 11 0.067260586 
969 328 10 13 0.06668033 
666 246 8 10 0.06511314 
163 223 10 12 0.064960845 
263 245 10 11 0.061423425 
504 264 9 11 0.061163362 
408 261 8 11 0.060308456 
640 221 9 13 0.059757516 
924 268 11 14 0.059139278 
372 199 9 11 0.05864788 
476 221 11 12 0.057050947 
364 294 15 17 0.05697034 
313 286 9 11 0.05618562 
168 280 12 15 0.055288713 
646 288 10 13 0.054972816 
760 216 9 11 0.05114479 
664 323 11 12 0.050777357 
791 229 10 12 0.049624044 
247 228 8 11 0.049542252 
888 239 10 11 0.049298067 
945 230 6 9 0.049226183 
869 295 7 10 0.04869629 
388 286 9 13 0.048252683 
703 216 8 10 0.04761516 
220 301 9 13 0.04758731 
257 191 9 12 0.04742193 
743 199 8 10 0.047275834 
950 225 8 11 0.046803128 
974 295 8 9 0.04665829 
758 231 10 12 0.046633393 
711 303 8 9 0.046488687 
412 235 11 12 0.04645268 
885 304 8 11 0.045650195 
329 244 9 11 0.044969045 
725 301 9 11 0.04488909 
294 262 8 9 0.044758286 
64 252 16 19 0.044725943 
148 217 12 14 0.044652816 
641 214 8 11 0.04456798 
628 228 11 14 0.044472914 
360 197 9 12 0.044133667 
718 205 10 12 0.04375959 
318 197 12 13 0.043274637 
609 254 10 14 0.042973805 
843 231 12 14 0.042898025 
351 199 11 12 0.04276764 
459 238 8 12 0.04208782 
476 242 12 14 0.042068545 
289 214 7 11 0.041838445 
726 164 10 13 0.041683882 
737 201 8 10 0.04135968 
120 269 10 12 0.041158114 
925 263 11 13 0.041018195 
357 291 13 17 0.040754687 
726 296 9 11 0.04057986 
928 232 7 9 0.040478513 
743 292 10 13 0.040339924 
416 263 9 12 0.04011207 
48 302 8 9 0.039622333 
129 253 7 10 0.039512105 
1010 237 7 9 0.039303027 
471 216 11 12 0.03916543 
469 242 11 14 0.038684294 
30 216 12 15 0.038269483 
58 248 11 14 0.038251095 
313 182 9 11 0.03797978 
622 195 11 13 0.037491452 
639 208 8 11 0.03734674 
752 232 9 12 0.037334222 
776 261 8 10 0.03712668 
370 296 15 21 0.036962155 
366 192 10 12 0.036900897 
557 213 11 15 0.03661163 
999 235 8 11 0.036531445 
752 277 9 10 0.036268357 
335 205 9 11 0.036240853 
493 238 13 16 0.03622176 
774 232 8 10 0.035955574 
743 205 7 9 0.03590188 
404 124 11 16 0.03580935 
350 279 9 12 0.035773642 
486 237 10 14 0.03575439 
157 214 11 13 0.035255726 
647 183 8 11 0.035090834 
280 270 10 13 0.034858003 
495 229 9 11 0.034535285 
848 251 10 13 0.034208793 
196 218 18 22 0.033900086 
296 255 8 11 0.033483256 
332 189 9 13 0.03344489 
645 311 9 12 0.032990146 
484 201 12 14 0.032834183 
423 354 12 17 0.032700725 
223 241 21 27 0.032686066 
726 255 10 12 0.032426 
936 230 7 9 0.032350563 
335 244 9 11 0.031877887 
398 129 12 16 0.031872243 
846 308 11 14 0.031754777 
803 326 12 15 0.03152031 
736 292 8 11 0.031348616 
435 223 12 14 0.031243887 
335 198 8 11 0.031083765 
790 223 10 13 0.030869478 
441 214 10 12 0.030825526 
39 267 9 12 0.03082319 
410 254 9 12 0.030616196 
664 192 9 12 0.030268788 
135 190 11 16 0.030100595 
355 286 11 15 0.029849613 
647 209 8 10 0.029783059 
691 284 11 13 0.02961196 
399 271 10 12 0.029376201 
269 246 8 11 0.02917994 
7 247 9 13 0.028990677 
629 220 14 17 0.028620696 
887 245 9 10 0.028411182 
553 193 17 21 0.02829349 
632 176 9 11 0.028210135 
639 182 9 10 0.02810297 
228 256 12 16 0.028098075 
690 335 10 12 0.02809697 
751 195 9 12 0.028090822 
680 255 10 11 0.027881943 
350 211 10 11 0.0277035 
830 261 10 12 0.027696978 
623 272 13 16 0.027613768 
960 254 9 11 0.027567266 
726 206 8 11 0.027359556 
666 240 9 11 0.027257802 
457 244 9 12 0.027121997 
182 325 9 11 0.026907597 
126 262 9 12 0.026785063 
248 222 9 13 0.026748542 
748 289 11 15 0.026573082 
681 237 10 12 0.026537206 
182 301 9 13 0.026485376 
87 269 10 13 0.026435152 
451 220 10 13 0.02640911 
177 302 10 13 0.026393726 
703 220 11 12 0.026295006 
382 303 13 18 0.026143491 
425 235 9 12 0.026035355 
184 295 9 14 0.025868075 
695 301 10 12 0.025831895 
628 269 14 18 0.025734415 
65 265 14 17 0.02573272 
680 312 9 12 0.025654681 
485 229 10 14 0.025619116 
607 203 10 13 0.02555414 
993 231 9 12 0.025523564 
721 303 9 10 0.025510889 
680 193 10 11 0.02535654 
346 277 9 11 0.025345465 
419 264 11 13 0.025119545 
805 272 8 11 0.02510681 
616 241 12 14 0.024825891 
867 230 19 23 0.024795849 
235 245 10 13 0.02466037 
222 294 8 13 0.024651404 
426 229 11 13 0.024520326 
903 246 8 11 0.0244546 
918 231 8 9 0.02445411 
794 236 11 12 0.024342606 
921 275 9 12 0.024341129 
249 238 8 11 0.024252333 
269 291 12 14 0.024246218 
919 295 10 12 0.024086347 
157 256 12 16 0.024078265 
652 224 10 13 0.024072958 
194 226 12 14 0.024049412 
240 228 11 13 0.024036191 
263 309 9 13 0.023975573 
990 255 8 11 0.023950696 
687 220 9 11 0.023903204 
814 254 9 12 0.02389638 
721 309 9 11 0.023836138 
902 280 8 10 0.023830647 
349 296 13 19 0.023756847 
448 208 9 12 0.02373098 
584 215 11 12 0.0236475 
614 196 9 12 0.023517214 
720 319 10 13 0.023285469 
835 233 195 226 0.023194881 
743 279 9 10 0.02314919 
941 255 8 11 0.02291186 
654 206 8 10 0.022839198 
145 302 8 10 0.022820748 
716 198 11 13 0.022779759 
904 344 8 11 0.022633586 
877 224 10 12 0.022626113 
670 191 10 13 0.02258649 
290 262 9 11 0.022583844 
254 230 8 10 0.022559827 
596 275 11 13 0.022508152 
960 247 9 11 0.022483135 
426 222 9 12 0.022367455 
785 229 8 11 0.022234399 
200 336 10 11 0.022224676 
141 203 11 12 0.022190616 
870 301 8 11 0.022017835 
182 320 8 11 0.021937396 
999 311 8 11 0.021788731 
112 216 7 9 0.021720793 
639 291 11 15 0.021453861 
327 229 9 11 0.0214161 
865 300 10 13 0.021411026 
797 223 11 13 0.021287221 
653 236 9 12 0.021235391 
223 228 10 12 0.021148574 
254 223 8 11 0.02108606 
814 320 15 18 0.02100637 
689 302 8 11 0.020987917 
495 310 11 13 0.020888133 
608 282 13 15 0.020795403 
758 197 8 11 0.0207409 
633 207 9 11 0.020728558 
320 276 11 12 0.020694656 
911 317 9 11 0.020634972 
768 237 10 11 0.020634647 
929 344 7 9 0.02062951 
745 192 8 10 0.020599121 
298 316 9 12 0.02059482 
895 244 9 11 0.020575391 
694 253 9 11 0.020364182 
807 296 9 12 0.020313887 
188 293 12 16 0.02030473 
68 244 13 17 0.020247912 
431 173 8 10 0.0202336 
983 277 8 10 0.020221474 
358 212 9 10 0.020213675 
921 263 10 12 0.020158684 
863 289 10 11 0.020156419 
609 199 9 11 0.020114407 
332 183 9 12 0.020090718 
975 300 8 12 0.020088574 
191 207 10 13 0.020056637 
685 231 10 12 0.020026172 
463 232 9 13 0.020015437 
447 276 9 12 0.020013873 
