2_Demonstration_Demonstrators_2_314
180
68 325 32 46 0.9869718 
415 254 27 34 0.98425716 
204 267 28 36 0.9168081 
3 320 22 28 0.9038567 
607 360 37 67 0.8987794 
257 269 26 30 0.8255855 
483 301 26 39 0.79731596 
507 255 28 32 0.7512704 
20 390 40 55 0.6135398 
113 263 25 28 0.3898271 
526 313 30 37 0.29834905 
334 294 16 20 0.2919875 
382 279 22 32 0.28893718 
236 395 33 45 0.2784768 
695 374 58 102 0.26388314 
896 386 50 53 0.2601827 
221 578 30 32 0.24182706 
81 496 42 53 0.23547807 
213 699 77 71 0.20917462 
573 310 29 34 0.2066726 
141 262 16 23 0.19976497 
402 249 31 37 0.19460054 
63 228 29 35 0.19208081 
547 262 14 19 0.18845746 
659 253 51 60 0.18567477 
128 262 23 27 0.1700656 
225 311 28 36 0.15715681 
281 294 32 41 0.15379824 
1 275 11 18 0.15216249 
245 263 26 34 0.15204892 
57 295 29 34 0.13759649 
362 416 50 57 0.13245901 
468 306 32 37 0.122787155 
531 253 15 21 0.116368175 
653 290 17 22 0.115339115 
522 256 17 21 0.103849225 
596 255 18 21 0.10221466 
540 255 19 24 0.101697005 
321 367 37 43 0.097959384 
565 276 22 27 0.09363032 
376 401 50 57 0.08847127 
743 353 24 41 0.08554967 
130 301 31 36 0.084586196 
91 303 28 34 0.082654975 
642 262 47 57 0.08156825 
65 309 31 42 0.070027724 
503 266 28 35 0.067164764 
45 391 41 54 0.065367505 
665 267 30 35 0.06536371 
389 268 24 33 0.06419202 
271 272 17 23 0.064180836 
178 243 17 20 0.062093314 
183 322 58 61 0.060854144 
80 310 30 41 0.05968156 
247 390 41 54 0.058279045 
604 644 89 90 0.058034632 
651 280 27 36 0.05796091 
412 92 29 29 0.056724537 
759 296 51 60 0.054852925 
216 273 19 24 0.054151963 
468 449 43 57 0.052797373 
45 298 44 52 0.052713048 
519 307 25 37 0.05259652 
494 298 26 38 0.05241265 
636 278 30 34 0.05237444 
583 272 45 53 0.05195917 
51 489 54 62 0.051832587 
611 261 15 21 0.051762115 
7 472 45 71 0.050321016 
118 306 31 34 0.047967702 
50 328 29 35 0.047061965 
671 384 47 77 0.04650767 
582 267 11 16 0.045910034 
272 278 27 33 0.044932645 
0 395 49 70 0.044357564 
500 304 34 45 0.04273044 
60 282 29 34 0.042545535 
269 301 26 37 0.04240743 
432 264 16 21 0.041977014 
628 228 86 97 0.041051608 
877 441 53 65 0.040568523 
447 311 40 48 0.039731026 
235 263 24 35 0.039700143 
172 339 54 61 0.0393967 
575 290 43 51 0.03824734 
637 44 12 14 0.03796763 
159 269 31 31 0.037257195 
502 282 25 38 0.036911752 
603 263 17 20 0.03620051 
589 266 14 17 0.03605246 
19 478 26 45 0.035871882 
151 723 62 50 0.034764785 
763 302 17 22 0.033923194 
3 257 16 21 0.033309683 
531 398 43 48 0.033112936 
863 401 46 55 0.03284314 
197 272 19 26 0.03131537 
292 445 59 62 0.031116951 
641 290 32 37 0.030909922 
449 473 52 64 0.03081046 
534 321 33 36 0.03073664 
406 394 31 43 0.030470498 
709 328 49 64 0.030136907 
249 252 27 32 0.029796738 
203 357 51 63 0.029354984 
130 245 16 17 0.02897992 
881 404 58 64 0.028824626 
732 296 16 18 0.028726604 
147 294 29 37 0.028670033 
394 281 13 20 0.028605435 
258 418 31 42 0.02860509 
657 262 10 13 0.028047834 
53 295 18 22 0.027970599 
102 257 26 33 0.0279654 
314 345 35 46 0.027777368 
84 348 32 44 0.027635166 
119 251 27 31 0.02664301 
172 260 28 35 0.026493672 
595 263 28 32 0.026222723 
154 283 25 33 0.026124531 
533 234 12 15 0.026043903 
435 332 42 51 0.025966639 
591 257 14 20 0.025512602 
280 274 16 20 0.025486277 
189 323 35 37 0.025332466 
985 690 39 83 0.025121404 
573 270 14 16 0.02510464 
554 286 26 34 0.025088964 
579 273 14 19 0.025069881 
170 249 25 31 0.024992295 
660 265 15 20 0.024671273 
553 528 40 34 0.024601502 
265 258 19 24 0.024265083 
486 350 39 51 0.024016585 
281 459 33 44 0.02401095 
270 306 16 23 0.023821052 
0 272 18 28 0.023683002 
43 211 42 45 0.02356987 
730 362 51 67 0.023568863 
609 343 30 41 0.023526486 
32 329 24 30 0.02328765 
542 298 29 37 0.023269827 
506 486 33 33 0.023166573 
234 297 41 50 0.023024432 
667 265 17 24 0.022858921 
659 274 15 21 0.022814056 
227 306 19 25 0.022678794 
1 254 11 16 0.022664737 
533 491 59 52 0.022622557 
404 358 19 20 0.022477526 
11 326 23 31 0.022376142 
388 331 28 34 0.02236376 
234 414 34 44 0.022331998 
793 72 29 30 0.022301821 
236 450 39 42 0.022291355 
223 318 18 23 0.022056937 
182 256 25 29 0.021908125 
32 191 30 40 0.021797886 
398 262 17 23 0.02179286 
169 239 20 28 0.021644738 
729 292 25 33 0.02158728 
763 297 29 36 0.021536171 
743 317 51 65 0.021341722 
160 301 55 59 0.021337971 
585 254 9 13 0.021206768 
252 438 28 39 0.021181647 
-1 334 12 24 0.02105175 
654 277 12 16 0.021022346 
185 248 17 19 0.020846827 
1 262 23 29 0.02080996 
210 284 40 49 0.020683208 
43 437 11 16 0.020639926 
196 329 18 20 0.020385316 
565 46 12 14 0.0203492 
340 404 55 60 0.020345446 
552 306 40 44 0.020299723 
266 407 35 46 0.020257138 
26 401 55 74 0.020136686 
186 264 26 33 0.020119423 
518 410 47 50 0.020095024 
