2_Demonstration_Protesters_2_174
22
656 61 122 155 0.99956006 
46 367 30 37 0.9900327 
444 272 32 41 0.9766728 
995 198 26 32 0.80238384 
508 183 32 51 0.7417009 
270 241 38 40 0.28800038 
538 184 37 50 0.20266464 
20 445 15 19 0.1457301 
589 263 45 72 0.11114158 
514 185 48 64 0.0875688 
489 197 44 63 0.07936199 
363 168 26 34 0.055477433 
4 467 15 25 0.04743576 
26 443 39 52 0.04397258 
445 279 19 25 0.02873642 
54 300 459 467 0.028375508 
984 210 31 42 0.028103527 
24 436 22 27 0.026782764 
7 449 24 36 0.026442276 
34 437 13 16 0.025460498 
452 275 40 49 0.024632957 
991 206 17 22 0.02353035 
