2_Demonstration_Demonstrators_2_713
185
363 388 25 37 0.9704523 
93 379 52 68 0.6089884 
462 382 26 34 0.5954353 
547 366 27 33 0.5625402 
518 329 25 41 0.5580384 
557 343 24 32 0.44457197 
401 310 21 28 0.35891742 
669 413 12 18 0.21348067 
860 314 15 18 0.19868158 
935 279 9 12 0.17738445 
300 300 11 14 0.16741648 
685 331 16 19 0.15485626 
558 272 9 11 0.15061092 
140 280 25 34 0.14804667 
524 259 11 13 0.14643066 
846 326 11 13 0.13127983 
575 264 9 12 0.13062608 
350 395 27 33 0.11579779 
540 310 27 29 0.09264283 
575 285 8 10 0.08406692 
293 315 14 17 0.08308938 
864 381 10 11 0.082158215 
461 291 11 13 0.08212143 
441 301 10 12 0.07836546 
288 318 11 15 0.07824568 
555 314 15 19 0.07590466 
601 269 10 12 0.074253894 
837 337 13 15 0.07327293 
445 270 9 11 0.072606355 
339 293 15 19 0.07179952 
390 310 23 29 0.0702929 
893 308 11 14 0.06909699 
573 426 15 19 0.068565145 
501 279 14 21 0.06771138 
13 350 48 64 0.06730045 
1005 245 9 12 0.065151155 
419 282 12 14 0.06484869 
551 292 12 15 0.05893207 
844 330 12 15 0.058223724 
275 339 14 19 0.057587318 
369 240 10 12 0.056976344 
382 323 13 17 0.056278042 
372 244 9 11 0.055469718 
285 261 8 11 0.054400444 
385 373 27 39 0.052705463 
276 420 12 18 0.05242426 
350 239 12 15 0.051758174 
1001 245 9 11 0.05150436 
375 307 12 17 0.04908702 
458 263 8 10 0.0490862 
427 261 9 11 0.047778375 
526 320 27 41 0.04698887 
851 323 13 14 0.046920013 
535 260 9 12 0.046428163 
444 296 10 11 0.046156786 
144 275 39 53 0.04601413 
54 235 10 12 0.044135407 
299 306 13 15 0.043890316 
425 441 39 55 0.04352218 
479 309 12 17 0.04187306 
345 405 29 41 0.04168043 
889 301 10 15 0.041128132 
625 317 9 13 0.040186416 
36 320 19 23 0.03934996 
679 338 13 17 0.038579613 
275 362 13 17 0.038449474 
410 307 16 22 0.038280908 
536 278 10 13 0.038127363 
569 264 10 12 0.037994668 
285 330 12 15 0.03716804 
466 372 29 33 0.037127726 
265 239 8 9 0.03685612 
129 278 25 33 0.036644056 
381 317 24 28 0.036370244 
382 271 10 13 0.035935145 
482 255 9 11 0.035068892 
547 425 15 18 0.03504323 
494 273 15 21 0.03347021 
332 389 21 33 0.033127047 
852 308 17 21 0.033034164 
72 342 80 116 0.03297132 
456 287 11 13 0.03290273 
961 271 8 10 0.032845296 
49 207 8 11 0.032102637 
500 260 11 15 0.03193215 
518 268 11 14 0.03145132 
608 303 7 9 0.031107966 
272 251 9 11 0.030916374 
592 260 9 11 0.030861117 
535 373 31 35 0.030641733 
905 280 8 11 0.030493777 
906 284 9 13 0.030477092 
119 279 21 31 0.030455444 
629 318 11 15 0.030413391 
560 263 10 12 0.030336078 
540 277 10 13 0.029772375 
847 318 11 16 0.029539207 
664 384 27 34 0.029360052 
495 265 13 18 0.029055627 
519 374 26 36 0.028993394 
461 262 9 11 0.028639005 
873 349 10 12 0.028638411 
542 261 9 12 0.028397039 
540 374 17 22 0.028374827 
539 345 15 19 0.028347574 
903 323 11 17 0.02772151 
30 341 11 15 0.027680581 
598 294 8 10 0.0275567 
283 347 14 16 0.027337523 
376 324 11 16 0.027228707 
517 391 28 35 0.027211335 
365 354 16 20 0.027177082 
415 291 11 13 0.026991209 
278 368 13 19 0.026817897 
532 378 15 19 0.026761753 
270 246 9 11 0.026653064 
473 357 27 32 0.026626233 
295 295 19 23 0.026547452 
492 243 11 13 0.026452163 
671 393 16 20 0.026446775 
417 278 10 13 0.026395425 
867 308 14 19 0.026311858 
843 336 12 16 0.026004914 
49 237 10 12 0.025878707 
599 276 9 10 0.02575953 
284 355 14 18 0.025517445 
814 302 12 14 0.025502685 
374 350 24 28 0.025407001 
369 330 395 403 0.025279991 
88 304 18 22 0.025260335 
888 294 9 12 0.025218688 
374 331 14 18 0.025152357 
18 357 14 19 0.02514402 
870 261 9 11 0.024873387 
388 329 26 31 0.024750544 
930 282 11 15 0.024640976 
387 352 15 21 0.024531862 
335 387 13 22 0.024353044 
507 276 15 20 0.024247417 
901 318 11 15 0.02407349 
355 236 12 16 0.023980286 
309 309 9 13 0.023940424 
326 239 10 12 0.023920178 
601 311 7 10 0.023758078 
560 377 14 19 0.023633556 
-6 314 73 112 0.023514647 
411 310 24 35 0.02341495 
373 331 26 30 0.023229402 
590 300 10 11 0.023178022 
279 255 8 10 0.023139324 
309 317 10 14 0.023110535 
530 342 16 23 0.023095926 
848 307 11 17 0.022992512 
373 307 21 29 0.02289518 
986 284 10 13 0.02286008 
383 339 25 30 0.022800786 
935 273 10 12 0.022635687 
895 313 10 16 0.022590652 
275 288 16 22 0.022539247 
-1 369 41 64 0.022252364 
414 271 8 10 0.022201195 
515 275 15 19 0.021878103 
327 413 29 35 0.021835797 
214 260 13 15 0.021635935 
624 302 8 9 0.021607382 
911 269 8 10 0.021444423 
389 338 15 18 0.021341063 
510 262 11 13 0.021285081 
291 330 13 15 0.021256289 
895 270 8 9 0.021181459 
329 333 11 14 0.02108852 
546 290 21 26 0.020952687 
605 288 8 10 0.02094808 
464 254 9 11 0.020856328 
581 263 9 12 0.020686243 
398 270 9 11 0.020620098 
837 327 22 24 0.020529151 
306 301 11 14 0.0205039 
462 377 18 26 0.020418748 
282 340 13 17 0.02039953 
100 330 57 84 0.020353505 
593 280 7 9 0.020265676 
484 322 12 17 0.020252544 
108 275 23 35 0.02015552 
273 351 19 26 0.020035688 
