2_Demonstration_Political_Rally_2_690
82
814 394 64 91 0.991793 
645 392 25 41 0.98863655 
521 388 101 141 0.9860087 
752 370 10 14 0.6832137 
948 372 11 15 0.29237455 
78 367 10 13 0.20205323 
62 364 9 10 0.20143206 
180 350 8 11 0.15686774 
93 411 9 12 0.116564825 
68 347 11 13 0.10154319 
943 377 13 17 0.10032649 
78 358 8 10 0.09957472 
117 358 8 10 0.09868959 
777 408 52 64 0.08753321 
82 440 7 9 0.079992674 
109 393 8 10 0.07659957 
65 342 12 14 0.06756685 
84 372 10 13 0.06442276 
117 365 9 12 0.063367106 
86 440 7 9 0.05913999 
217 382 10 13 0.052820258 
935 379 12 14 0.051901847 
11 443 12 14 0.051206794 
1014 421 9 13 0.050445404 
905 356 12 15 0.050193645 
177 345 8 10 0.049047187 
48 375 9 12 0.04895278 
72 374 9 12 0.048343662 
87 351 9 12 0.04720816 
89 408 8 11 0.04717471 
114 352 9 11 0.046245627 
96 390 7 10 0.045932546 
58 358 9 12 0.044062596 
194 359 8 10 0.04401385 
71 358 10 12 0.041166097 
65 373 9 11 0.039967947 
749 367 18 23 0.0395495 
695 366 9 10 0.03864867 
475 340 167 216 0.036898077 
0 497 21 39 0.035094928 
3 391 7 12 0.034969565 
649 375 10 12 0.034603413 
72 365 10 12 0.034142416 
56 351 9 11 0.034073092 
104 407 8 10 0.033678446 
46 360 8 11 0.032049064 
1002 415 9 11 0.03167203 
65 336 9 10 0.030717872 
45 366 8 10 0.030390047 
705 405 12 15 0.030145695 
746 371 12 15 0.029469203 
701 592 32 33 0.028813766 
95 383 8 10 0.027830059 
106 398 8 10 0.027819242 
79 350 9 13 0.026430137 
942 366 14 19 0.025562437 
181 344 8 11 0.025408775 
929 380 11 13 0.02532254 
81 398 9 10 0.02514947 
733 428 9 13 0.025046187 
749 363 43 53 0.024766134 
64 381 10 13 0.023043286 
169 343 7 9 0.023033595 
102 439 8 9 0.022939015 
751 371 23 30 0.022928577 
932 387 14 17 0.022661738 
96 439 8 9 0.02234108 
687 359 8 11 0.022333497 
69 379 11 13 0.022225205 
908 352 11 14 0.02218484 
74 363 19 24 0.0220226 
939 383 15 20 0.021894827 
111 421 8 9 0.021802366 
53 374 9 12 0.021584926 
78 342 10 12 0.021382513 
41 361 9 11 0.020941399 
756 379 48 60 0.020498658 
902 352 19 25 0.020442141 
109 406 8 10 0.020438176 
1007 419 11 13 0.020419568 
182 336 7 10 0.020353068 
222 376 9 12 0.020190747 
