2_Demonstration_Protesters_2_460
119
884 201 28 39 0.99962854 
787 67 31 40 0.99957985 
841 67 29 37 0.99944097 
34 66 27 32 0.9992976 
483 238 33 41 0.99909365 
484 97 35 44 0.99834836 
804 176 38 50 0.9968087 
75 89 25 33 0.9960174 
163 82 17 22 0.9927573 
272 232 42 53 0.9925679 
641 57 39 51 0.9917385 
133 74 16 19 0.99010324 
954 93 22 34 0.9839728 
434 73 23 26 0.9593627 
707 64 22 30 0.93707395 
283 75 12 16 0.8679083 
996 88 14 17 0.7408346 
749 92 13 15 0.5153102 
146 192 23 25 0.3261258 
1011 196 12 15 0.18386433 
681 18 29 33 0.11373611 
1012 58 10 18 0.11009718 
255 146 9 12 0.08814113 
0 69 11 18 0.08802628 
264 143 10 12 0.074778706 
200 105 13 17 0.068127856 
695 67 25 29 0.067947984 
68 132 32 39 0.06659764 
208 131 12 16 0.06116302 
162 148 11 15 0.057613313 
328 177 9 12 0.05715508 
1001 85 13 17 0.05713355 
183 75 14 18 0.05675173 
223 121 10 11 0.056035966 
990 116 13 18 0.05559884 
237 142 8 11 0.0550823 
974 74 12 15 0.053292897 
630 287 13 15 0.052338388 
291 195 11 12 0.052116 
1 69 19 29 0.051879514 
925 274 16 19 0.051758945 
456 264 18 22 0.0512508 
221 228 15 17 0.050662708 
742 83 20 27 0.050077222 
151 203 24 27 0.047098354 
244 190 12 15 0.045556366 
326 207 8 10 0.044901583 
430 58 34 48 0.044215187 
679 66 13 17 0.04270078 
950 106 15 23 0.04200802 
508 242 28 33 0.041789573 
212 127 10 13 0.039705914 
246 119 7 11 0.03873535 
969 77 9 13 0.035904206 
245 125 8 10 0.034937914 
142 188 16 22 0.034684412 
280 62 9 12 0.034401596 
103 107 21 27 0.034186307 
968 64 9 10 0.033879507 
328 191 8 12 0.033660095 
67 75 14 19 0.033519007 
239 136 8 10 0.032631066 
963 89 32 47 0.032546215 
997 61 10 14 0.03189866 
336 199 8 10 0.031696357 
162 211 17 20 0.031416576 
446 77 24 34 0.031215072 
997 123 12 16 0.03029845 
203 187 13 17 0.029677417 
721 73 14 20 0.029315343 
231 119 8 11 0.02829701 
955 84 16 23 0.027722685 
239 192 14 18 0.027487045 
1004 50 20 29 0.027365725 
680 239 26 30 0.027175054 
160 194 16 20 0.027146788 
1007 203 12 14 0.027096938 
964 85 12 19 0.026991826 
908 68 11 14 0.026684998 
977 219 15 18 0.026285538 
521 247 18 23 0.026214968 
935 205 14 18 0.025696889 
278 158 12 16 0.025533771 
1001 219 10 15 0.02483189 
115 152 25 31 0.024441406 
109 170 15 21 0.024318142 
327 213 8 10 0.024258755 
332 175 10 11 0.02417188 
907 216 15 20 0.024035705 
269 148 9 12 0.023999872 
239 118 9 12 0.02358283 
147 182 17 21 0.023434317 
180 82 14 18 0.023348017 
225 235 32 41 0.023229156 
972 68 21 28 0.023168521 
224 157 9 11 0.023040477 
1003 213 12 15 0.022996014 
670 61 26 33 0.022444561 
248 148 11 14 0.022141982 
1003 128 12 17 0.022138897 
262 65 13 17 0.022022784 
46 71 18 22 0.021987604 
215 174 9 12 0.021838317 
334 168 8 10 0.021764819 
70 89 19 26 0.021733746 
3 63 16 20 0.021572944 
219 225 25 31 0.021560725 
186 89 13 17 0.02146868 
969 69 11 15 0.021414595 
586 316 18 22 0.021152385 
237 146 10 14 0.021056931 
980 101 24 34 0.020941962 
-1 77 13 23 0.020940347 
306 151 8 11 0.020856358 
326 196 9 12 0.02054096 
206 182 11 15 0.020244544 
919 69 12 14 0.02021684 
215 179 10 13 0.020041058 
198 191 14 17 0.020006867 
