2_Demonstration_Demonstration_Or_Protest_2_385
1354
755 472 26 34 0.9995235 
286 537 29 41 0.99907124 
359 456 25 28 0.9944418 
215 471 24 28 0.9932695 
687 463 21 29 0.99011153 
781 459 20 26 0.98991627 
397 531 29 37 0.9867237 
506 540 30 35 0.9864319 
22 543 26 42 0.9786643 
583 457 20 26 0.97438836 
618 496 22 26 0.97098184 
190 516 29 40 0.97049695 
736 422 19 22 0.96954936 
678 556 33 39 0.96377647 
338 470 17 27 0.93764186 
820 392 13 17 0.93391013 
634 415 15 22 0.93380696 
131 498 23 30 0.9114954 
885 485 23 30 0.8897572 
874 392 15 18 0.8827877 
826 461 17 21 0.8824056 
936 459 21 30 0.8766251 
94 395 14 17 0.87000036 
861 459 23 29 0.86446774 
83 452 21 26 0.8619513 
174 380 15 17 0.86102635 
324 428 18 23 0.86052877 
785 386 13 16 0.8601701 
807 433 15 18 0.85207164 
592 387 15 18 0.84322 
142 437 12 16 0.84139323 
916 418 14 19 0.84055597 
101 518 23 29 0.83393717 
972 427 19 23 0.81006575 
546 388 12 15 0.8094974 
591 366 11 13 0.80924314 
354 404 12 15 0.789219 
723 478 19 25 0.75147426 
165 404 15 18 0.7502241 
669 381 12 16 0.7370705 
732 351 10 13 0.7348776 
454 412 13 18 0.7326982 
570 416 16 19 0.7021882 
22 360 10 13 0.6997895 
73 347 10 13 0.6955385 
474 375 10 13 0.6777132 
538 413 16 17 0.6744344 
804 367 11 13 0.66558707 
830 595 28 46 0.6504708 
986 368 9 12 0.648589 
394 486 19 24 0.6411869 
296 403 11 16 0.63516587 
203 395 14 18 0.567264 
295 368 7 10 0.55490464 
332 398 13 16 0.543809 
109 454 14 18 0.5253958 
189 350 9 12 0.5220034 
715 374 12 16 0.52138734 
400 358 9 11 0.5054891 
861 423 18 20 0.483875 
326 367 9 12 0.47952807 
385 366 9 11 0.47091228 
591 339 8 11 0.45945814 
207 356 8 11 0.4472282 
764 348 10 13 0.44509882 
983 342 7 10 0.44340992 
815 340 9 11 0.43535745 
966 319 6 9 0.4314751 
767 401 12 16 0.42394736 
446 341 8 11 0.42089757 
716 327 10 11 0.40938368 
976 352 10 12 0.40485787 
126 371 9 12 0.39782676 
848 344 7 10 0.3940318 
464 358 10 12 0.39232224 
784 346 10 12 0.39171943 
611 394 13 16 0.3813917 
685 408 16 18 0.3796518 
656 364 11 13 0.37916046 
526 334 8 10 0.37899768 
611 458 16 19 0.37802982 
1011 373 11 16 0.37779912 
737 366 11 14 0.37770307 
413 343 8 10 0.37250176 
704 310 7 10 0.3705502 
310 403 10 14 0.36926338 
733 333 9 11 0.35914102 
152 350 9 11 0.35643893 
455 394 13 16 0.35303682 
114 427 13 16 0.34721804 
422 366 12 14 0.34547463 
895 342 8 10 0.34160817 
428 371 10 12 0.33906496 
393 390 10 13 0.32625946 
81 385 11 15 0.32587448 
761 320 7 9 0.32208088 
632 356 10 12 0.31757373 
656 328 8 10 0.31737247 
706 356 10 12 0.30747053 
863 326 7 9 0.30218792 
454 374 9 11 0.29597992 
112 333 8 11 0.2932408 
278 359 9 11 0.29304105 
656 333 8 10 0.29233012 
184 351 8 11 0.2916637 
717 332 10 11 0.2872292 
759 335 9 11 0.28705063 
554 342 7 10 0.28625673 
429 334 9 11 0.28369102 
252 355 11 13 0.2821306 
109 365 12 13 0.2813219 
708 350 10 13 0.2776992 
606 414 12 15 0.27571332 
0 424 13 23 0.27321234 
389 334 8 11 0.27097636 
78 325 9 12 0.26897156 
892 476 18 26 0.2579569 
220 389 10 12 0.2555158 
1 344 7 11 0.25529182 
998 336 8 10 0.25162834 
478 390 11 14 0.2503471 
982 319 7 9 0.24504133 
634 351 9 12 0.24304467 
1014 333 7 10 0.2420628 
567 319 8 9 0.2409733 
60 319 9 11 0.23868378 
754 383 16 18 0.23806198 
530 350 8 10 0.23268451 
421 360 8 11 0.23221198 
648 380 12 17 0.23021923 
223 359 9 10 0.22764869 
679 350 9 11 0.22387154 
157 367 8 10 0.22025679 
272 336 7 9 0.21961525 
253 350 10 11 0.21845612 
709 345 9 11 0.21804355 
460 390 10 14 0.21767871 
345 419 12 17 0.2160655 
384 410 12 17 0.21480308 
760 341 10 13 0.21338195 
184 334 8 10 0.2133258 
23 398 14 16 0.21257952 
70 453 21 29 0.20124282 
622 341 8 11 0.2011076 
735 398 14 17 0.19987565 
174 365 10 12 0.19422397 
662 349 8 11 0.1928663 
373 350 8 10 0.19097003 
953 343 7 10 0.19092341 
749 359 9 11 0.1896498 
871 341 7 10 0.18922876 
831 357 8 11 0.18855394 
384 361 9 11 0.18730794 
503 344 6 9 0.18665573 
229 360 9 11 0.18640727 
641 326 8 10 0.18623433 
61 355 10 13 0.18542117 
439 351 8 10 0.18500307 
18 360 10 12 0.18495426 
696 333 10 12 0.1839001 
264 372 10 12 0.18280557 
686 319 8 10 0.18219966 
441 342 9 11 0.17960288 
112 328 8 11 0.17904526 
943 334 7 9 0.17882377 
901 367 11 13 0.1781185 
516 359 9 11 0.17733471 
968 272 8 10 0.17650782 
510 481 26 29 0.17545979 
24 473 23 29 0.17242232 
733 328 9 10 0.17241721 
518 328 8 10 0.17166896 
389 370 10 13 0.17139587 
429 328 8 9 0.17062838 
624 336 8 10 0.17057715 
255 344 8 10 0.17029448 
48 336 9 10 0.16864571 
27 378 11 14 0.16716641 
81 482 23 31 0.16621083 
217 359 7 10 0.16379943 
782 328 8 9 0.163315 
161 325 8 10 0.16211483 
366 372 8 10 0.16169098 
664 310 7 9 0.16098261 
300 399 12 17 0.16024947 
642 367 8 11 0.1597678 
698 381 12 15 0.15943345 
513 363 10 12 0.15912238 
77 365 9 12 0.15751792 
512 328 8 11 0.15744391 
692 404 13 18 0.15342292 
838 332 8 10 0.15334508 
890 343 7 9 0.15203722 
681 327 8 10 0.15173712 
879 352 8 10 0.15083243 
697 373 9 11 0.15023763 
789 344 9 11 0.14874049 
36 513 26 32 0.14820927 
621 410 14 19 0.1477251 
141 412 11 14 0.14758825 
617 342 9 11 0.14751136 
315 403 11 14 0.14630987 
789 358 11 13 0.14582428 
70 373 8 11 0.14547098 
296 350 8 10 0.14535882 
31 333 8 10 0.14490353 
783 304 7 9 0.14445026 
186 329 7 8 0.14368942 
959 335 7 9 0.1431044 
309 367 7 10 0.14246218 
669 310 8 10 0.14242245 
614 320 7 9 0.14191656 
404 388 12 16 0.14097641 
425 335 8 10 0.1405905 
200 332 8 10 0.14006005 
95 326 8 10 0.13987556 
847 357 9 10 0.1395876 
517 379 10 12 0.13914381 
999 317 8 10 0.13894933 
142 319 9 11 0.13874352 
441 363 9 12 0.1386698 
159 318 9 11 0.13741225 
234 344 8 10 0.13581333 
717 320 9 11 0.13459118 
535 329 6 8 0.1335317 
239 515 23 36 0.13311046 
79 321 8 10 0.13299039 
999 288 7 10 0.13147993 
56 324 8 10 0.13082485 
687 311 8 10 0.13051595 
799 336 9 10 0.12988074 
640 311 7 9 0.1296126 
810 342 8 10 0.12930547 
152 355 11 13 0.1291595 
262 389 11 14 0.12894043 
264 381 11 14 0.12881279 
408 395 11 14 0.12658486 
260 395 11 14 0.12608802 
983 336 9 11 0.12578174 
215 318 8 9 0.12562798 
302 320 7 9 0.12512194 
591 296 7 9 0.12366529 
358 356 7 11 0.12347578 
212 395 10 14 0.123246945 
87 343 9 11 0.12317188 
585 366 11 14 0.12228536 
913 335 7 9 0.12163653 
339 398 14 17 0.11998225 
177 352 8 11 0.119438104 
105 343 8 11 0.11900134 
582 328 7 9 0.11895392 
486 391 9 12 0.11876514 
374 343 9 11 0.1186566 
493 367 10 11 0.11812466 
26 327 7 9 0.11809963 
775 311 8 9 0.118097946 
455 319 7 10 0.11789077 
334 382 11 12 0.11788872 
134 405 10 13 0.11778537 
46 488 31 33 0.11773841 
404 382 12 13 0.117658496 
608 391 11 14 0.11723845 
361 374 9 10 0.11587804 
1000 313 8 10 0.11483251 
702 326 8 11 0.11473112 
990 351 9 11 0.11460815 
762 325 8 10 0.11418819 
88 334 9 11 0.113912016 
912 359 8 11 0.11363025 
672 325 7 10 0.11291783 
176 357 9 11 0.1128628 
169 341 8 10 0.11269237 
341 367 8 10 0.11202701 
93 304 8 10 0.11095485 
821 336 8 11 0.110582866 
993 289 7 9 0.11025747 
358 352 8 10 0.10935176 
920 336 7 9 0.10919363 
614 400 16 20 0.10891107 
288 319 7 8 0.108705826 
464 326 6 9 0.10855881 
368 327 7 9 0.10705452 
39 349 9 12 0.10664266 
999 293 7 9 0.10606287 
582 351 10 12 0.10570641 
271 402 11 14 0.105017975 
903 348 8 10 0.10485411 
935 294 7 10 0.10453312 
77 404 10 15 0.1042318 
191 344 9 10 0.10404582 
734 342 9 12 0.102949865 
585 335 9 11 0.10290595 
958 326 8 10 0.10284962 
335 367 9 11 0.10266976 
61 311 7 10 0.10196669 
551 357 9 12 0.10172042 
925 335 8 10 0.101387024 
26 362 11 14 0.10136701 
94 334 8 10 0.10124411 
95 380 11 13 0.10077167 
22 343 8 10 0.10072277 
1008 378 13 17 0.10027663 
418 364 10 13 0.10024703 
778 304 7 9 0.100245744 
121 371 9 12 0.10013986 
1013 311 8 12 0.100052685 
574 404 15 19 0.09866588 
222 384 10 12 0.09808582 
614 411 14 18 0.098020665 
81 517 17 21 0.09757973 
995 327 7 10 0.097576044 
73 366 9 12 0.09671429 
556 445 15 20 0.09633122 
290 335 6 8 0.095563725 
671 336 7 9 0.09535767 
1014 293 7 10 0.095160805 
645 374 10 14 0.09509423 
30 329 8 10 0.094790034 
662 343 9 11 0.0947596 
609 327 8 9 0.09427887 
646 344 8 9 0.09359172 
687 334 7 10 0.093192294 
614 326 7 9 0.09304825 
865 302 7 9 0.09299772 
153 312 7 10 0.09275631 
408 508 18 23 0.09269592 
423 341 9 11 0.09263422 
977 303 6 10 0.09259329 
223 373 10 12 0.09253098 
624 303 6 8 0.092504196 
562 326 8 9 0.0918859 
298 327 8 9 0.09173624 
190 327 8 10 0.091696344 
671 320 8 10 0.09129595 
863 321 8 10 0.09084637 
961 319 8 11 0.090225965 
399 352 9 11 0.090186946 
932 425 22 29 0.09012846 
930 294 7 9 0.08998743 
223 364 9 11 0.08995435 
558 378 10 13 0.08938667 
557 342 8 10 0.089369334 
110 343 9 11 0.08935029 
656 319 7 9 0.08878055 
757 175 13 16 0.0885573 
631 343 8 10 0.08785982 
110 349 10 10 0.087529175 
384 313 6 8 0.08734065 
412 404 13 16 0.087286204 
618 349 8 11 0.08725876 
169 336 7 10 0.08723603 
18 349 8 11 0.08677922 
807 335 8 10 0.08665271 
206 329 7 9 0.08664159 
824 322 7 9 0.08640117 
920 357 9 12 0.08622624 
565 352 9 11 0.08618214 
271 366 10 12 0.08599211 
457 544 21 31 0.08596216 
22 351 8 10 0.08586714 
722 349 8 11 0.0857818 
100 381 11 13 0.085288405 
887 349 8 11 0.08502444 
738 293 8 10 0.08497537 
492 406 9 12 0.08490584 
288 343 8 10 0.08483468 
778 334 9 11 0.08449116 
14 328 7 9 0.08437474 
409 348 9 12 0.08418064 
503 349 8 11 0.08405698 
681 320 8 9 0.083925374 
793 336 9 10 0.083524376 
328 390 11 14 0.08344726 
626 455 15 20 0.08339127 
911 343 9 10 0.08300315 
920 364 10 11 0.08288244 
871 351 9 11 0.082286775 
203 405 16 19 0.08225402 
758 304 7 9 0.08212435 
9 335 8 10 0.08199801 
103 348 10 11 0.08197451 
747 142 16 20 0.0817547 
369 345 9 10 0.081673555 
954 327 8 9 0.0816521 
217 363 9 12 0.081646845 
143 324 8 11 0.081456825 
390 358 8 10 0.081317954 
16 343 9 11 0.081159174 
127 292 9 12 0.08107193 
980 348 11 13 0.080846906 
369 319 6 8 0.08071352 
1013 288 8 11 0.08022457 
859 327 7 9 0.08016101 
648 349 9 11 0.08011975 
302 325 7 9 0.079955205 
546 413 12 15 0.079446025 
663 289 7 8 0.079238154 
871 357 9 11 0.079232685 
920 341 8 10 0.0791271 
569 312 7 9 0.078786336 
590 317 7 10 0.07873447 
392 351 8 11 0.078670695 
241 325 8 10 0.077557966 
302 343 7 10 0.07754771 
496 348 7 10 0.07749944 
221 394 12 15 0.07743403 
552 349 9 12 0.07695631 
239 366 8 10 0.076407105 
651 386 12 14 0.0763161 
348 454 24 32 0.075772345 
953 349 9 10 0.07572557 
15 389 11 15 0.075642854 
1007 456 14 18 0.075358704 
159 408 16 17 0.075070284 
1009 367 12 14 0.074892946 
808 348 9 10 0.07476505 
305 366 7 10 0.07470906 
266 319 7 8 0.07462138 
989 358 10 12 0.074372135 
800 326 8 9 0.07426162 
946 312 7 9 0.07406963 
39 344 9 10 0.07386242 
247 320 7 9 0.07385502 
563 445 19 22 0.073537506 
697 312 7 9 0.07345242 
167 325 8 10 0.07336845 
270 319 7 8 0.07326501 
448 338 7 9 0.07323349 
810 305 8 10 0.07297349 
744 279 9 11 0.072548226 
453 405 12 18 0.07246815 
128 402 11 14 0.07245803 
186 294 8 9 0.07239824 
45 294 10 12 0.07233148 
503 288 6 8 0.07220084 
639 343 9 11 0.072137825 
958 341 8 11 0.07199265 
211 402 12 15 0.07192307 
895 346 10 12 0.07192271 
591 301 7 8 0.07190166 
681 332 9 11 0.07154593 
818 325 7 9 0.07147424 
512 373 11 14 0.07114584 
913 303 7 9 0.071089916 
888 317 7 9 0.071024545 
80 332 9 11 0.07083974 
486 432 11 15 0.070593186 
822 326 7 9 0.07053886 
489 348 9 10 0.07053765 
665 166 8 11 0.07053758 
543 334 7 9 0.070406966 
353 351 9 12 0.07035723 
957 351 8 10 0.070281245 
834 328 8 9 0.070261486 
341 373 8 11 0.07015725 
385 414 17 21 0.07013858 
867 440 15 18 0.0698626 
825 355 10 12 0.069772795 
525 303 8 10 0.06963013 
233 348 9 11 0.069570355 
384 328 7 8 0.06938219 
985 293 8 10 0.06937532 
77 345 10 12 0.069181204 
103 359 11 13 0.06898539 
865 358 10 11 0.06889995 
480 318 7 9 0.06888935 
610 311 6 9 0.06827323 
1008 288 8 10 0.06822759 
915 378 12 16 0.06816528 
992 294 7 9 0.068120785 
85 347 10 13 0.06792697 
157 371 10 13 0.06787907 
958 356 8 11 0.0677995 
1008 328 9 11 0.06761807 
546 544 21 28 0.06739387 
629 335 8 10 0.06707307 
182 355 9 11 0.06698297 
1015 340 8 11 0.06692723 
20 386 15 17 0.06681496 
759 402 13 15 0.06652184 
207 375 10 13 0.06647117 
224 327 8 9 0.06625989 
743 358 9 12 0.066188775 
5 555 27 34 0.06583206 
609 334 7 8 0.06574988 
718 305 7 9 0.06573631 
527 380 10 13 0.06546603 
825 305 6 8 0.06496177 
390 341 9 11 0.06494161 
506 328 6 9 0.06487539 
681 305 7 9 0.064414695 
457 325 7 10 0.06436383 
138 319 8 10 0.06434186 
385 341 8 11 0.06428422 
632 297 6 7 0.06428229 
705 342 9 11 0.06409041 
1001 472 22 37 0.06405008 
802 133 23 30 0.0639735 
927 327 8 9 0.063922934 
567 337 7 9 0.06364829 
800 288 8 10 0.06350504 
718 310 8 10 0.06341821 
647 318 7 10 0.06338615 
264 336 7 9 0.0633391 
576 399 12 15 0.06321004 
71 420 12 15 0.063209504 
445 365 9 10 0.06320949 
450 396 11 13 0.062866084 
576 367 11 13 0.06278701 
352 342 7 9 0.06251513 
751 280 8 9 0.062430717 
87 327 9 11 0.062376603 
337 372 9 10 0.06234941 
551 321 7 8 0.062348362 
982 310 8 10 0.06221583 
46 300 8 11 0.06215994 
70 403 14 17 0.06212123 
792 363 10 13 0.061541684 
1004 392 14 18 0.06092714 
703 319 8 10 0.060921878 
713 321 9 11 0.060913097 
449 411 13 17 0.060887586 
14 334 7 9 0.060795423 
49 325 9 11 0.060514748 
350 408 13 17 0.06049209 
327 361 9 12 0.060339298 
400 365 10 11 0.060138036 
814 305 7 9 0.060038704 
456 352 7 9 0.059872802 
596 361 11 13 0.058645047 
302 467 14 19 0.058633372 
177 337 7 9 0.058583096 
550 325 7 10 0.058484185 
966 313 8 10 0.058449697 
378 412 10 13 0.058336515 
887 313 7 9 0.057858367 
816 595 32 36 0.05775128 
29 480 30 32 0.057701778 
151 317 8 10 0.057633717 
149 344 11 13 0.057592075 
737 288 8 10 0.05755575 
854 311 7 9 0.057328388 
623 413 19 24 0.05718035 
83 475 18 23 0.056853548 
982 325 8 10 0.05684324 
348 543 14 18 0.056444816 
463 320 7 9 0.056429703 
271 327 8 9 0.056285363 
833 332 9 11 0.056148037 
199 393 13 15 0.05606947 
590 313 8 9 0.05602888 
101 319 8 10 0.056009576 
112 318 8 9 0.05599445 
912 327 8 10 0.055967018 
241 373 8 12 0.055938385 
1008 333 9 11 0.055928387 
145 335 7 11 0.055886984 
896 297 7 9 0.055886555 
173 321 8 9 0.055760752 
223 353 8 9 0.05567083 
866 342 9 10 0.05547495 
897 370 11 13 0.055441294 
616 336 8 9 0.055375356 
657 311 7 9 0.0552161 
529 330 8 10 0.055119343 
1013 327 9 13 0.055112574 
951 311 8 10 0.055086933 
168 350 8 10 0.05500922 
296 359 9 10 0.054949176 
527 311 9 10 0.054817688 
872 338 7 9 0.054745127 
279 379 10 13 0.054695766 
657 342 9 10 0.054611757 
472 335 8 9 0.054583404 
776 318 8 9 0.054504268 
118 523 27 34 0.05446988 
660 358 10 13 0.054424707 
675 425 15 20 0.054335747 
690 253 8 11 0.054296367 
8 358 8 11 0.05414151 
671 368 11 12 0.054121513 
192 320 8 9 0.054018952 
698 327 9 11 0.054018814 
158 312 8 10 0.0538124 
187 520 20 27 0.053693198 
512 310 7 9 0.05368668 
807 287 11 13 0.053684894 
752 303 8 11 0.053620256 
732 318 10 11 0.05315232 
678 355 10 11 0.053101823 
928 289 7 9 0.053079076 
267 387 11 14 0.052999284 
912 350 8 10 0.052769814 
505 335 7 8 0.052718237 
696 340 8 11 0.052358493 
697 319 7 9 0.05230247 
452 379 12 14 0.052275226 
149 336 9 10 0.052263364 
378 440 14 18 0.05225856 
1001 255 7 9 0.052223254 
25 334 8 10 0.052214798 
658 306 6 8 0.05201555 
535 333 8 10 0.051949073 
527 342 8 10 0.051891655 
952 335 8 10 0.051860902 
859 454 17 25 0.051777568 
445 358 9 12 0.051725887 
146 349 9 12 0.05157233 
376 358 7 9 0.051485628 
664 293 6 9 0.05146263 
611 442 15 18 0.051419172 
829 352 10 12 0.051413167 
1009 311 8 11 0.051346134 
880 341 7 10 0.051298656 
662 326 8 10 0.051293455 
641 371 10 13 0.050985284 
281 343 7 9 0.050851885 
866 349 9 12 0.050829537 
894 337 8 10 0.050778337 
575 312 7 9 0.050698757 
536 318 7 9 0.050698757 
72 333 9 11 0.050467167 
61 403 15 17 0.050252993 
360 334 7 10 0.05024478 
702 364 11 14 0.050226565 
806 327 7 9 0.05021287 
95 309 8 10 0.050017998 
586 318 7 10 0.0499608 
935 289 7 9 0.049890105 
687 304 7 9 0.049798667 
920 352 9 11 0.049678113 
979 344 10 11 0.049677934 
832 305 7 8 0.04954277 
222 402 10 14 0.049484376 
617 453 19 24 0.049429234 
353 320 6 8 0.04942473 
781 192 10 12 0.04935079 
480 312 6 9 0.04931945 
611 466 21 25 0.049271617 
631 363 9 11 0.049271256 
472 389 11 14 0.049127843 
765 319 8 11 0.049070477 
432 340 8 10 0.048863627 
984 288 8 10 0.04884302 
919 305 7 9 0.04879002 
399 325 7 10 0.048685912 
717 369 11 13 0.04866705 
999 388 13 18 0.048419848 
860 439 17 21 0.048220936 
256 390 12 15 0.047952026 
152 370 10 12 0.047614317 
853 345 8 10 0.047603603 
307 463 17 23 0.047554728 
249 287 8 10 0.047549535 
419 406 13 15 0.047468994 
211 409 12 15 0.047396407 
924 356 9 12 0.047380053 
864 431 18 21 0.047364365 
656 349 9 10 0.047123287 
197 342 9 10 0.04705486 
116 334 8 10 0.047041204 
993 340 9 12 0.046970032 
776 342 8 12 0.04687869 
793 319 8 10 0.046823062 
217 328 7 8 0.046816763 
210 317 8 9 0.046807747 
568 304 7 9 0.046753213 
29 413 10 13 0.046608955 
767 276 8 10 0.04659491 
279 352 8 10 0.046553038 
202 356 9 11 0.04648465 
939 334 7 9 0.046476576 
237 347 8 11 0.046419583 
647 359 9 11 0.046410546 
565 436 16 19 0.046278212 
503 367 8 11 0.04601438 
430 320 7 9 0.046001475 
83 296 7 10 0.04588099 
190 334 9 10 0.045634452 
6 378 11 15 0.045567818 
870 363 9 12 0.04551776 
302 359 8 10 0.04543997 
288 328 7 9 0.045373313 
559 350 9 12 0.04528584 
520 320 7 9 0.04525932 
230 326 8 10 0.04520921 
676 388 11 14 0.04519254 
250 343 8 10 0.045184825 
625 364 9 11 0.04510477 
940 419 17 19 0.04508017 
640 333 9 10 0.044925176 
504 358 8 10 0.0448892 
422 349 8 10 0.044338234 
742 293 9 10 0.044294994 
899 469 13 21 0.044198725 
16 311 7 9 0.044079307 
961 311 7 10 0.043982375 
936 327 8 9 0.043976955 
751 286 8 10 0.043934815 
682 311 7 9 0.043925792 
801 293 7 10 0.043890588 
687 344 7 10 0.04386353 
562 321 7 9 0.043852855 
511 397 12 14 0.043829627 
691 426 14 18 0.043825462 
136 440 14 17 0.043687534 
586 339 10 12 0.043615337 
409 338 7 8 0.043544114 
754 262 7 9 0.04348364 
295 344 8 10 0.043335125 
663 336 8 9 0.04323952 
288 350 9 10 0.043227203 
449 320 8 10 0.042749092 
103 335 8 10 0.042651214 
921 289 6 8 0.042564683 
683 424 15 20 0.042527378 
224 321 7 9 0.042392675 
728 311 9 11 0.04239141 
923 413 13 18 0.042300634 
241 320 7 9 0.04224976 
37 373 10 14 0.042161074 
676 375 12 14 0.042127885 
405 365 9 11 0.042105533 
423 310 7 9 0.042067103 
551 363 10 13 0.041961316 
582 356 12 14 0.041894678 
210 312 8 10 0.041891538 
560 337 8 9 0.0418511 
720 343 10 13 0.0417601 
983 459 21 32 0.04172949 
71 353 12 16 0.041677102 
137 323 10 13 0.04151438 
865 298 7 9 0.041392356 
678 410 14 18 0.041338578 
63 458 17 20 0.041310534 
641 319 8 10 0.041151628 
846 334 8 10 0.041008 
310 372 8 12 0.040976934 
399 320 7 10 0.04086768 
936 320 8 9 0.04085491 
864 334 8 10 0.04082799 
315 459 17 24 0.040777855 
926 311 7 9 0.04068547 
446 349 9 11 0.04061165 
889 336 8 10 0.04058008 
856 420 15 17 0.040488817 
727 344 9 11 0.040442057 
876 467 29 30 0.040434796 
798 340 8 10 0.04037414 
743 286 9 12 0.04034825 
569 296 7 9 0.04034558 
849 304 7 9 0.040260915 
943 317 8 10 0.040259954 
960 304 7 9 0.040054306 
417 305 7 9 0.04000465 
926 341 8 9 0.039976813 
479 342 9 11 0.039942414 
1007 350 8 10 0.039909605 
169 365 9 12 0.03984973 
831 321 7 8 0.03972929 
145 341 9 11 0.03968359 
5 349 8 11 0.03958143 
578 411 15 19 0.039484072 
762 178 14 17 0.039446764 
761 356 9 12 0.039436642 
985 279 8 10 0.03938886 
481 327 7 9 0.039383434 
910 385 11 15 0.039359782 
425 320 7 9 0.039329633 
334 359 9 11 0.03928968 
952 303 6 9 0.039289214 
343 319 6 9 0.039155163 
239 311 6 9 0.039042547 
685 380 11 13 0.038977414 
920 328 7 9 0.03895282 
665 386 11 14 0.03893881 
290 367 8 11 0.03893872 
102 325 8 11 0.038903 
545 302 7 10 0.038868524 
769 311 7 10 0.038711026 
920 271 8 10 0.03860441 
112 423 11 15 0.038495664 
984 359 9 13 0.038483974 
800 121 41 49 0.038469277 
367 333 8 9 0.038405184 
332 422 13 18 0.038391996 
327 334 7 8 0.03833208 
671 342 8 11 0.038316686 
43 349 11 14 0.03820151 
983 304 8 10 0.038107827 
594 369 12 15 0.03801721 
174 341 8 10 0.037996713 
902 381 13 14 0.037995715 
985 399 8 10 0.03793853 
76 356 11 15 0.037935928 
253 362 11 14 0.03792117 
904 302 7 8 0.037880138 
565 325 9 10 0.037878826 
118 327 8 11 0.037870765 
794 327 7 9 0.03785851 
928 320 7 10 0.03777058 
232 320 7 9 0.037757758 
648 334 8 9 0.037743054 
597 335 9 10 0.03770532 
920 310 8 10 0.037654035 
422 304 7 9 0.03761844 
417 310 6 8 0.03757389 
408 409 12 16 0.037518557 
473 312 6 8 0.03750582 
810 138 25 28 0.03742374 
303 391 11 13 0.037359457 
429 379 11 14 0.037294067 
569 533 12 15 0.03726765 
943 295 7 10 0.03725576 
415 337 8 9 0.037227068 
300 350 9 11 0.03720935 
275 398 12 14 0.037187465 
22 469 16 24 0.037179947 
977 310 7 9 0.03703448 
5 343 8 10 0.03701893 
900 426 13 17 0.03699228 
763 334 11 12 0.03695191 
439 386 11 14 0.03694761 
924 366 10 11 0.036899798 
641 305 6 8 0.036893833 
447 390 11 14 0.036886107 
535 313 8 10 0.036807027 
585 312 7 9 0.03671397 
185 531 31 42 0.036662664 
881 303 7 8 0.036591306 
329 384 9 11 0.036546867 
111 369 12 14 0.03651018 
480 279 7 9 0.036493808 
503 263 7 9 0.036413107 
405 375 11 12 0.03628341 
806 360 11 14 0.03620113 
137 311 6 9 0.036166396 
831 342 8 9 0.03609285 
387 491 20 26 0.036065478 
49 320 9 10 0.036032163 
709 366 12 13 0.035957567 
325 327 9 10 0.035924517 
89 302 8 11 0.035901453 
842 343 8 10 0.035848115 
879 336 8 10 0.035770554 
711 310 9 10 0.035764076 
840 595 37 45 0.03572974 
897 302 7 9 0.0357109 
607 295 6 8 0.035681587 
848 329 7 9 0.035624944 
874 426 12 17 0.035592996 
53 340 9 11 0.035449583 
30 549 28 45 0.035414927 
726 485 23 30 0.035270944 
899 387 14 17 0.035200037 
32 342 9 11 0.035155147 
472 370 17 23 0.035088077 
555 435 14 19 0.03499797 
966 341 8 10 0.034976233 
119 351 8 11 0.034887534 
118 356 10 12 0.034817006 
534 408 14 16 0.034766022 
880 312 8 11 0.03470131 
214 313 7 9 0.034676366 
38 335 8 10 0.03467522 
63 335 9 11 0.034639914 
493 388 10 13 0.03461845 
48 310 7 10 0.034614246 
662 374 12 14 0.034560744 
91 511 24 32 0.03452483 
143 371 10 12 0.034418542 
303 334 8 10 0.034274403 
903 320 8 9 0.034260914 
234 311 7 9 0.034211382 
246 325 8 9 0.034057323 
390 494 29 32 0.03400432 
456 356 10 12 0.033952013 
904 326 8 10 0.03394944 
225 333 8 10 0.033872 
854 365 10 12 0.033871394 
585 303 6 8 0.033843488 
258 337 7 8 0.03370945 
1 426 21 31 0.03370318 
441 319 7 10 0.033636156 
698 409 14 19 0.033563543 
729 347 17 21 0.03355698 
920 255 7 8 0.03354274 
879 317 8 10 0.033495676 
566 340 9 11 0.033413727 
608 343 8 10 0.03339151 
160 303 7 9 0.033369277 
841 311 7 8 0.03332452 
995 453 22 31 0.033302743 
49 432 20 27 0.03330027 
497 264 7 9 0.03329172 
435 352 8 9 0.033220857 
601 328 6 7 0.03315978 
353 336 7 10 0.033076722 
497 335 7 9 0.03303694 
101 434 11 15 0.032964613 
144 287 8 10 0.032929637 
265 312 7 9 0.032928288 
417 372 10 13 0.032773733 
111 390 11 14 0.03273926 
968 303 8 10 0.03271388 
603 438 17 22 0.032657675 
95 452 18 24 0.03264333 
113 313 8 10 0.03259507 
312 426 13 19 0.032427892 
684 397 13 17 0.032325413 
95 376 10 12 0.032237012 
298 320 7 9 0.032146 
918 421 20 27 0.032106873 
606 405 14 18 0.032000188 
175 310 8 10 0.03196498 
637 358 10 12 0.031947985 
321 348 9 10 0.031933315 
460 404 13 17 0.03186026 
838 358 8 11 0.031856682 
566 423 16 19 0.031844314 
248 351 19 22 0.03179282 
873 312 8 10 0.031775363 
935 271 7 9 0.031754553 
945 303 7 8 0.031754386 
33 349 9 11 0.031621587 
288 372 9 12 0.03162103 
785 355 11 13 0.03158376 
455 369 9 11 0.031551674 
634 313 7 8 0.031550363 
170 357 9 12 0.031547 
768 295 8 9 0.03150514 
215 342 9 10 0.03147914 
401 384 11 14 0.031478897 
640 289 7 8 0.03147738 
825 389 13 17 0.03140634 
126 350 8 10 0.03131951 
953 318 8 11 0.031311713 
550 305 7 8 0.031292934 
783 297 7 9 0.03127471 
798 321 8 9 0.031192573 
759 311 8 9 0.031125318 
64 364 11 14 0.03107481 
372 515 25 34 0.030999219 
713 296 8 10 0.030966429 
74 321 7 9 0.03096241 
337 318 8 10 0.030954577 
158 345 10 11 0.030943358 
392 328 7 9 0.030922905 
979 424 15 20 0.030920552 
711 394 11 14 0.030920489 
489 436 12 16 0.030911535 
685 348 9 11 0.030901445 
328 312 7 8 0.03089805 
624 310 7 9 0.030896356 
960 244 8 11 0.030827863 
817 321 8 9 0.03079146 
652 371 13 15 0.030753313 
46 440 14 19 0.030745503 
39 367 9 13 0.030711664 
216 384 10 12 0.030596899 
46 420 13 16 0.030550167 
527 317 8 9 0.030452874 
359 343 7 9 0.030393561 
330 305 7 9 0.030379487 
361 314 6 7 0.030376894 
896 319 7 8 0.030370751 
912 320 7 9 0.03033783 
24 320 7 10 0.030316163 
502 294 7 10 0.030277805 
511 351 10 11 0.030217187 
327 345 7 9 0.030168043 
841 350 9 11 0.0301333 
86 320 8 10 0.030060424 
799 304 7 9 0.030052004 
495 417 12 16 0.030036379 
623 263 7 9 0.030024352 
792 311 7 9 0.02991918 
943 329 7 9 0.029886762 
375 407 10 13 0.029844292 
597 342 9 11 0.0298358 
133 430 13 16 0.029834649 
0 327 6 9 0.029775947 
486 383 10 12 0.029728979 
880 328 8 10 0.029691456 
471 366 10 13 0.029643223 
728 397 14 16 0.029613754 
750 293 8 10 0.029603781 
732 390 14 18 0.029579876 
943 461 25 32 0.029577186 
806 380 12 15 0.029551005 
171 393 15 19 0.029476808 
647 313 7 9 0.02947455 
721 355 9 12 0.029437928 
468 404 11 14 0.02941822 
935 301 8 9 0.029336188 
804 402 12 15 0.029332003 
833 309 7 9 0.029306427 
848 363 10 13 0.029298082 
1009 292 8 10 0.029295426 
849 311 7 9 0.029250534 
776 190 11 13 0.029208932 
872 318 8 10 0.02913108 
973 271 8 10 0.029130189 
498 327 7 9 0.029085517 
7 363 10 13 0.029016798 
216 353 8 10 0.028890684 
965 324 8 10 0.028880814 
375 366 8 10 0.028869221 
203 524 31 32 0.02886338 
231 335 7 9 0.028843738 
751 309 8 10 0.028799739 
340 380 10 12 0.028798966 
983 362 17 22 0.028796477 
936 365 10 11 0.028774256 
713 304 8 10 0.02875815 
945 426 15 21 0.02874585 
336 312 7 8 0.028727438 
732 312 10 12 0.028708037 
39 354 10 13 0.028663313 
118 341 8 11 0.028547492 
53 335 8 11 0.028529814 
669 393 13 19 0.028506335 
68 444 16 19 0.028448945 
200 351 9 12 0.028435111 
767 364 11 14 0.028431877 
440 409 11 16 0.028411072 
912 297 7 8 0.02838959 
551 311 7 8 0.028308429 
505 312 7 9 0.02822674 
897 326 7 10 0.028191656 
951 297 6 9 0.028120475 
184 342 9 11 0.02810784 
215 372 10 14 0.028089443 
903 420 13 17 0.028086089 
38 420 11 15 0.028056864 
215 334 8 9 0.02800805 
677 395 14 17 0.02795847 
777 272 7 10 0.027915996 
742 388 10 15 0.02791109 
409 311 6 8 0.027878286 
518 351 8 10 0.027853224 
487 328 6 9 0.027825493 
665 320 8 10 0.027785385 
605 452 16 22 0.027780242 
57 304 8 10 0.0277692 
871 491 28 30 0.027725996 
354 326 7 9 0.027708098 
110 287 8 11 0.027702348 
1010 325 19 26 0.027640646 
649 255 7 9 0.027610019 
57 404 11 14 0.027595099 
741 351 9 11 0.027546315 
102 375 10 12 0.027539171 
365 397 9 13 0.02748063 
718 141 12 14 0.027421014 
586 296 7 10 0.027410181 
718 295 8 10 0.027398918 
261 355 10 14 0.027391054 
1 335 7 11 0.027382534 
1005 463 17 24 0.027363056 
633 318 7 9 0.027360635 
254 424 16 19 0.027358666 
135 334 8 11 0.027344728 
47 426 14 19 0.027325138 
976 365 9 12 0.027313393 
129 301 8 10 0.027300484 
382 361 19 23 0.027283682 
198 319 7 9 0.02727508 
928 303 7 10 0.027226709 
9 396 10 14 0.027184207 
777 262 7 10 0.02715633 
893 427 14 17 0.027109342 
321 360 10 12 0.026964586 
626 297 6 8 0.026925337 
399 345 7 9 0.02691236 
646 287 6 9 0.026911836 
576 296 7 9 0.026756177 
776 276 7 10 0.0265812 
545 328 7 9 0.026507335 
240 379 10 12 0.026496433 
576 304 7 9 0.02646086 
535 374 10 13 0.026437612 
294 334 8 9 0.026425162 
456 304 7 8 0.026424196 
497 301 7 8 0.026424132 
990 269 8 10 0.026382236 
648 327 7 10 0.026378697 
619 424 17 21 0.026375897 
497 271 7 9 0.026350256 
794 287 8 10 0.026326308 
496 319 8 9 0.026313435 
456 312 7 9 0.02630815 
336 343 8 9 0.026286831 
796 137 16 22 0.02627657 
673 357 9 11 0.026256142 
384 398 10 12 0.026134951 
247 381 10 14 0.026111953 
135 410 12 16 0.026074234 
742 379 11 14 0.025947914 
416 355 19 24 0.025863297 
328 400 12 16 0.025850434 
531 483 16 21 0.025747644 
1006 402 14 16 0.025684407 
39 320 7 10 0.025682896 
910 363 9 12 0.02566644 
118 312 8 10 0.025647288 
415 434 14 18 0.025640955 
512 304 7 10 0.025629787 
871 303 6 8 0.025624828 
94 342 8 10 0.025611801 
14 382 11 15 0.025598722 
476 367 10 13 0.025562938 
30 419 11 16 0.02554961 
72 278 9 11 0.025542522 
783 309 8 9 0.025519188 
345 342 7 10 0.025509601 
829 442 14 18 0.02547071 
263 401 12 15 0.02545768 
738 415 17 19 0.025440881 
102 312 9 11 0.025425913 
184 344 18 24 0.02531787 
624 359 8 11 0.025277425 
379 503 29 37 0.025227593 
501 423 14 18 0.025206532 
47 253 7 11 0.02519386 
774 160 13 17 0.025189785 
379 313 6 8 0.025186462 
622 380 9 12 0.025153283 
360 368 9 11 0.025110744 
1000 358 9 11 0.02510285 
425 419 15 16 0.025068453 
737 278 8 11 0.02499605 
935 278 8 10 0.02499486 
545 357 10 12 0.024982804 
480 296 7 8 0.024920654 
190 502 12 17 0.024850126 
533 380 12 15 0.0248446 
228 279 11 11 0.024769945 
133 476 14 18 0.024721764 
38 327 7 9 0.024644095 
752 396 11 15 0.024352137 
410 389 13 16 0.024321588 
661 426 13 17 0.024278421 
495 360 9 11 0.02426854 
470 394 12 16 0.024264375 
948 475 26 30 0.02425956 
157 418 14 17 0.024225546 
340 390 12 15 0.02416493 
670 306 8 10 0.024129631 
1014 302 9 12 0.02409376 
607 303 7 8 0.024079911 
533 449 17 21 0.024072934 
639 295 7 8 0.024046117 
131 373 11 13 0.02403783 
405 393 18 24 0.024030875 
130 483 24 31 0.02401459 
383 319 7 9 0.023986517 
149 345 19 22 0.023975912 
640 414 14 19 0.023913736 
2 320 7 10 0.023892865 
440 338 9 10 0.023758886 
360 329 7 9 0.02372226 
793 144 43 54 0.023682885 
134 294 8 11 0.023583934 
789 139 14 18 0.023508303 
327 318 8 10 0.023498354 
992 311 8 10 0.023481403 
170 286 8 11 0.023464935 
871 298 7 8 0.023450915 
746 457 27 31 0.023445286 
57 350 10 13 0.023413967 
543 364 11 14 0.023408499 
393 304 6 8 0.023366282 
699 396 14 18 0.023268234 
358 389 13 15 0.023265913 
229 404 9 12 0.023265254 
459 438 12 15 0.023239367 
601 411 12 17 0.023221752 
472 328 7 8 0.023188213 
228 374 10 12 0.023178877 
465 312 7 8 0.023142824 
28 502 26 36 0.02311931 
724 515 28 33 0.02307944 
123 367 18 24 0.023036793 
417 327 8 10 0.023036253 
591 271 8 10 0.023026045 
745 302 8 10 0.023004089 
976 206 8 11 0.02299724 
180 367 11 12 0.022988725 
271 313 6 8 0.022962216 
965 336 8 10 0.022955814 
237 360 9 11 0.022942716 
804 124 15 18 0.022931661 
388 474 14 19 0.022925422 
1008 342 8 10 0.022920672 
576 333 9 10 0.022904133 
799 279 7 9 0.02290173 
547 530 22 28 0.022884754 
541 422 14 19 0.0227999 
510 344 9 10 0.022795668 
727 364 11 14 0.022791114 
536 344 7 10 0.022784455 
757 376 12 15 0.022783572 
904 359 10 13 0.022750175 
623 287 6 8 0.02268901 
401 303 6 9 0.022674773 
632 327 8 10 0.022669565 
799 441 14 18 0.022663228 
558 356 9 12 0.022633102 
555 427 14 18 0.022621011 
631 352 18 23 0.022618119 
605 414 21 24 0.022600336 
512 389 11 13 0.022592759 
492 411 12 16 0.022563264 
199 312 8 10 0.022554358 
488 311 7 10 0.022541339 
958 420 11 16 0.022540769 
1004 268 11 13 0.022536416 
376 327 7 8 0.022490866 
486 420 12 15 0.022454623 
156 399 16 18 0.022449682 
945 411 16 18 0.022388509 
911 375 10 14 0.022374108 
801 397 11 15 0.022349998 
479 334 7 9 0.02234485 
118 396 10 13 0.022331184 
336 336 8 9 0.022277024 
552 337 7 9 0.022240961 
696 350 8 11 0.022221569 
936 360 9 11 0.02221296 
303 312 6 9 0.022192655 
67 37 200 232 0.022176715 
135 303 7 9 0.02211287 
783 320 8 10 0.022067284 
886 304 7 8 0.022010267 
785 134 23 30 0.022003632 
760 278 8 10 0.022001462 
799 311 7 8 0.021996202 
88 372 9 12 0.021989975 
758 362 10 13 0.02198378 
128 333 10 11 0.021964878 
647 304 7 9 0.021946717 
989 452 15 20 0.021942379 
234 304 8 10 0.021936303 
761 273 7 10 0.021896858 
88 308 9 11 0.021883486 
549 426 13 18 0.021881228 
809 131 18 21 0.021874126 
446 381 12 15 0.021850608 
78 394 12 19 0.0218373 
814 359 9 11 0.021833159 
656 164 9 11 0.021826807 
4 571 30 36 0.021814512 
470 454 21 25 0.021811796 
561 305 8 9 0.021788487 
789 373 11 14 0.021764008 
720 158 9 10 0.021725686 
827 140 14 18 0.021699749 
79 502 24 33 0.021688545 
783 344 18 21 0.021675678 
203 347 19 24 0.021675568 
686 374 11 13 0.021663282 
812 462 16 22 0.021662872 
704 346 17 23 0.021633975 
600 349 10 11 0.021617021 
132 379 11 13 0.021609388 
96 350 8 11 0.021591708 
47 518 20 24 0.021570321 
511 496 27 29 0.021542454 
1005 254 8 10 0.021520663 
654 321 19 24 0.021498136 
732 409 17 20 0.021473452 
855 386 12 16 0.021461442 
945 340 9 11 0.02145988 
56 313 18 23 0.02136142 
126 357 9 11 0.021358121 
151 326 8 10 0.02133937 
753 178 12 14 0.021338036 
969 350 9 12 0.021331014 
247 336 8 9 0.02132781 
966 373 11 13 0.021316646 
999 365 9 11 0.021259988 
5 246 9 12 0.02120267 
781 140 13 17 0.02118903 
807 268 11 11 0.021166736 
398 372 10 13 0.021129847 
414 379 11 14 0.021095263 
168 385 13 16 0.021083396 
772 141 25 31 0.021071209 
207 362 11 13 0.021070555 
34 528 26 40 0.021052571 
794 277 8 10 0.02104231 
6 320 8 10 0.02101533 
360 380 9 11 0.020999085 
1000 303 8 9 0.020950923 
1011 482 12 21 0.02092671 
845 339 18 22 0.02091174 
913 309 8 10 0.020909328 
694 280 7 9 0.020906897 
881 297 6 8 0.020900484 
608 270 8 10 0.020881845 
741 343 9 11 0.020853532 
750 351 9 12 0.020853171 
291 403 10 15 0.020823179 
394 410 14 17 0.020815624 
762 380 14 17 0.02079323 
125 326 11 13 0.020790184 
1010 294 20 28 0.020782795 
491 397 11 14 0.020779511 
922 430 24 32 0.020751122 
480 303 6 8 0.020719837 
383 425 13 18 0.020698668 
344 336 7 9 0.020682923 
473 340 9 11 0.020675289 
614 384 9 11 0.020652084 
791 304 8 9 0.020648612 
950 378 11 14 0.02064289 
842 318 7 9 0.02063501 
556 387 11 14 0.020632269 
62 238 9 12 0.02062956 
0 379 11 16 0.020611383 
464 287 7 8 0.020606458 
712 321 18 22 0.020597655 
916 430 16 22 0.020589836 
576 357 9 12 0.020582816 
920 294 6 9 0.02053736 
673 349 10 11 0.020515911 
1005 376 20 29 0.020508802 
498 287 6 8 0.020477897 
111 292 8 12 0.020473354 
92 377 20 23 0.020456119 
108 328 20 23 0.020442808 
268 407 15 18 0.020437716 
375 337 8 9 0.02040536 
920 320 7 9 0.020402646 
498 296 7 9 0.0203847 
735 365 18 24 0.020356676 
991 280 8 9 0.020344371 
331 376 20 23 0.020334836 
980 471 17 24 0.020298926 
776 320 20 25 0.020283015 
935 343 8 9 0.02026744 
766 165 12 14 0.020243168 
278 336 7 8 0.0202401 
1008 363 18 25 0.020238988 
847 318 8 10 0.020228192 
934 374 10 12 0.020226201 
303 400 17 23 0.020222358 
243 479 22 26 0.020203972 
661 418 14 18 0.020202627 
489 289 7 8 0.020198848 
413 416 12 16 0.020176452 
799 379 10 14 0.020138947 
115 527 17 23 0.020044025 
