2_Demonstration_Demonstration_Or_Protest_2_450
122
184 271 53 86 0.9872936 
577 266 40 71 0.96046555 
291 351 21 26 0.95228606 
907 325 12 18 0.7067239 
814 358 9 12 0.59965783 
723 316 22 31 0.32141435 
45 381 14 18 0.29230508 
1012 358 10 14 0.28638813 
861 359 10 13 0.26759753 
855 357 10 14 0.2661413 
430 332 37 48 0.255632 
871 350 10 13 0.2021511 
958 340 11 13 0.18878746 
715 324 27 37 0.1705564 
812 381 12 17 0.15682603 
983 342 9 13 0.14890276 
900 345 11 15 0.13754897 
396 302 21 31 0.13436098 
464 532 10 13 0.12416562 
854 351 9 12 0.1103886 
869 354 10 14 0.10842298 
813 360 13 17 0.10793699 
33 381 8 11 0.089320146 
400 318 25 39 0.08906468 
814 372 13 18 0.08803882 
956 335 11 14 0.08747985 
576 323 62 80 0.08324062 
925 324 14 17 0.07665068 
423 620 45 65 0.07499899 
39 381 12 15 0.073181994 
790 347 14 21 0.07189758 
879 373 12 15 0.071458 
22 380 9 12 0.063914195 
964 342 9 12 0.061817452 
850 357 10 14 0.06146416 
340 336 14 16 0.060324464 
411 319 30 39 0.057637405 
688 292 27 32 0.05678368 
855 344 8 11 0.056763526 
215 903 47 57 0.05623518 
927 423 14 17 0.05558126 
729 325 25 32 0.05205973 
452 301 23 27 0.049325425 
833 358 10 12 0.049118962 
614 268 46 66 0.048983835 
876 349 9 13 0.048008617 
932 326 9 13 0.045511726 
765 328 15 21 0.0437253 
913 328 16 19 0.043497168 
977 341 9 12 0.04144302 
903 319 11 17 0.040990964 
809 353 10 12 0.040770177 
807 361 12 17 0.040255662 
884 379 11 13 0.040145766 
965 347 9 12 0.04013792 
953 328 9 11 0.039927717 
491 333 28 30 0.03941827 
634 280 45 57 0.03885577 
796 354 10 15 0.03836172 
991 357 11 13 0.037441667 
756 337 16 19 0.037225053 
710 314 23 33 0.036651563 
887 418 14 16 0.03473915 
14 424 11 15 0.034311175 
1009 353 17 24 0.034211494 
832 364 9 13 0.033949178 
702 300 23 33 0.032134622 
991 351 8 11 0.032104716 
838 364 9 12 0.031850386 
413 628 37 50 0.03174618 
832 382 11 13 0.031568844 
956 486 8 11 0.03142063 
498 338 16 18 0.031175056 
988 342 9 12 0.029881109 
0 397 11 18 0.029716624 
447 284 24 31 0.029294422 
871 375 11 13 0.029217193 
369 311 24 32 0.02897407 
683 301 19 24 0.028724983 
432 321 31 36 0.028663268 
952 346 11 14 0.028336365 
31 387 13 17 0.027834484 
488 325 44 50 0.027789302 
837 380 12 14 0.027419232 
831 334 7 9 0.027283143 
749 335 27 31 0.027077138 
493 590 101 135 0.02693729 
0 563 46 72 0.026802452 
445 364 45 50 0.026594026 
447 283 13 20 0.026218813 
965 334 10 13 0.025918527 
772 320 14 23 0.025743607 
635 441 110 134 0.025666244 
868 363 12 13 0.025420401 
765 317 14 20 0.025301855 
1008 399 9 12 0.024791852 
411 321 17 23 0.024440251 
17 379 10 13 0.024313781 
465 305 17 21 0.024273919 
896 331 11 14 0.023769183 
999 351 8 11 0.02375879 
1013 405 9 12 0.023060137 
887 343 11 14 0.022820095 
418 322 18 23 0.022746576 
863 351 11 14 0.022674255 
443 314 29 36 0.0226437 
976 335 9 13 0.022633824 
288 343 36 43 0.022531714 
818 364 13 15 0.022390077 
357 892 28 44 0.022360172 
420 338 31 38 0.022059327 
495 497 13 17 0.02150894 
447 605 11 15 0.021356316 
983 335 11 14 0.02098304 
878 344 9 12 0.02084453 
797 341 9 13 0.02075077 
445 327 36 44 0.020660097 
666 389 425 499 0.020657368 
863 327 8 10 0.0204972 
930 378 13 18 0.020393021 
761 342 16 21 0.02031221 
517 359 13 17 0.0202693 
