2_Demonstration_Demonstration_Or_Protest_2_687
3261
187 506 15 19 0.99521434 
133 547 14 20 0.9925644 
196 441 12 17 0.98428047 
669 387 12 16 0.98123497 
397 449 14 18 0.9809893 
485 514 14 18 0.98085046 
445 527 17 22 0.97754276 
702 484 14 18 0.97651404 
584 506 16 19 0.97602135 
229 498 13 17 0.9753352 
739 413 15 18 0.97483826 
646 520 14 19 0.97384596 
812 474 14 19 0.97335356 
879 376 13 17 0.9720353 
765 541 15 20 0.97197545 
406 365 12 15 0.96932113 
421 483 14 18 0.96927 
34 491 15 19 0.9684757 
367 434 14 18 0.96545523 
517 466 14 18 0.9648102 
669 363 13 17 0.96222156 
471 347 12 15 0.9621912 
437 454 14 20 0.96163255 
462 396 10 14 0.9547519 
754 510 16 20 0.95430094 
359 356 10 15 0.95029324 
793 456 15 18 0.9500654 
780 433 13 17 0.9470561 
884 437 14 17 0.9443704 
83 453 13 17 0.94195706 
259 444 14 20 0.9402317 
710 371 14 17 0.93864435 
652 317 11 15 0.93739057 
490 460 12 16 0.9367463 
162 483 14 21 0.9367007 
844 327 12 16 0.9355583 
378 565 14 18 0.93273085 
571 294 10 13 0.9254566 
556 382 13 15 0.9221174 
923 401 14 17 0.92200965 
590 292 10 14 0.91967887 
606 490 14 18 0.9175521 
384 358 13 16 0.91754174 
575 421 12 15 0.9172153 
668 306 11 14 0.91611105 
597 460 12 16 0.9151377 
535 514 13 17 0.9150183 
20 421 12 17 0.91325897 
310 505 14 18 0.91312337 
75 398 13 15 0.9130297 
501 406 12 15 0.9057352 
280 533 14 20 0.9044419 
767 414 12 15 0.9033021 
211 412 11 15 0.9011897 
446 310 12 16 0.8991248 
764 347 12 15 0.8970555 
679 410 13 17 0.8967568 
651 351 11 14 0.8920878 
701 310 12 15 0.8879204 
737 295 10 15 0.8863283 
502 342 13 16 0.8840704 
687 532 17 23 0.8806991 
380 333 10 13 0.87943196 
152 453 12 16 0.8775068 
873 309 10 14 0.8763764 
261 422 9 14 0.8735735 
828 294 9 12 0.8686996 
200 471 15 19 0.86604214 
325 330 11 15 0.8658724 
772 270 9 12 0.86422074 
816 356 11 15 0.85919166 
478 294 13 16 0.8588154 
525 263 12 15 0.85309875 
963 631 20 24 0.85247153 
871 245 8 10 0.8502483 
421 302 9 12 0.8498924 
278 287 9 12 0.84288347 
77 325 10 14 0.8378486 
91 507 14 20 0.83224976 
99 292 10 14 0.8286311 
95 601 16 21 0.82521504 
557 310 11 14 0.8251479 
418 509 14 18 0.8224961 
672 327 12 16 0.82144487 
357 464 13 18 0.8205259 
176 403 12 17 0.81689394 
248 315 10 13 0.8143943 
334 349 9 13 0.81226814 
694 390 11 14 0.80909026 
7 261 11 15 0.8086143 
766 575 17 22 0.80309606 
822 402 11 15 0.79946357 
945 295 10 13 0.79750884 
911 322 11 15 0.7942346 
259 401 11 16 0.7937881 
341 295 9 12 0.79131347 
428 403 12 16 0.77672774 
472 263 10 13 0.775738 
498 277 11 14 0.77107203 
722 460 13 18 0.7652551 
711 524 18 22 0.7637818 
118 339 10 13 0.76218873 
695 421 13 17 0.76123923 
233 418 11 13 0.7597336 
528 358 11 14 0.7567407 
677 474 14 17 0.7561631 
927 290 11 15 0.75541806 
605 309 10 14 0.7491688 
726 255 8 10 0.7480541 
552 270 12 15 0.7475172 
438 426 10 14 0.7474376 
541 342 11 16 0.7464759 
764 307 12 16 0.7456469 
621 356 12 14 0.7425196 
825 449 13 17 0.7389491 
615 405 11 12 0.73493207 
205 341 12 15 0.73399293 
900 331 12 15 0.7331097 
724 284 10 13 0.72931945 
737 451 16 21 0.7252218 
750 322 12 14 0.7228422 
99 361 12 16 0.7174157 
221 374 10 13 0.71583384 
459 253 10 13 0.71324486 
535 435 12 15 0.7131304 
743 269 10 13 0.71235985 
932 335 12 15 0.71074456 
927 237 9 11 0.7100135 
934 350 12 16 0.70986664 
303 316 11 13 0.7072428 
481 490 13 17 0.70664006 
365 532 14 18 0.7039721 
332 312 10 13 0.6962978 
183 290 9 13 0.6961851 
27 327 11 14 0.6875814 
157 336 10 13 0.6871848 
598 271 10 13 0.68353534 
868 457 12 16 0.6819933 
561 484 12 16 0.6815279 
957 465 13 15 0.67856467 
810 410 13 16 0.67697316 
774 134 9 12 0.6750144 
278 369 11 14 0.6745522 
146 276 10 11 0.6711059 
536 384 10 13 0.6696271 
614 347 13 16 0.667105 
696 222 8 11 0.66680306 
686 284 10 13 0.66123885 
824 372 12 16 0.6612208 
976 229 8 11 0.6611222 
411 399 10 14 0.6607627 
317 358 10 14 0.65915024 
521 375 9 13 0.6546222 
232 357 11 15 0.6520016 
414 268 12 15 0.6490341 
251 547 13 19 0.6455764 
709 326 10 14 0.637386 
62 292 10 12 0.63721925 
489 352 10 12 0.63203514 
741 343 10 13 0.6316013 
580 250 9 13 0.6192328 
7 333 9 12 0.6128227 
429 271 8 11 0.6117064 
767 382 12 15 0.61067927 
204 336 9 12 0.61000097 
577 229 8 11 0.6089401 
441 198 8 10 0.60645217 
551 228 8 11 0.6054483 
287 268 9 12 0.60484016 
89 272 9 11 0.6039001 
393 278 9 12 0.6031057 
311 337 9 12 0.6028361 
437 288 9 13 0.60001045 
229 349 9 12 0.59605134 
223 308 9 11 0.5920771 
790 418 11 16 0.58579016 
899 415 12 15 0.58289486 
305 414 10 13 0.5821919 
582 370 12 15 0.5814761 
450 275 10 13 0.57989544 
296 382 10 13 0.5788603 
791 383 11 14 0.57815653 
280 387 9 12 0.5752437 
616 301 11 12 0.5733222 
592 214 9 11 0.57203394 
693 245 9 11 0.5679775 
232 332 9 12 0.5672742 
566 262 9 11 0.5666351 
446 391 9 12 0.5635522 
640 474 13 18 0.56337076 
861 263 9 12 0.562296 
389 425 11 14 0.55571073 
524 396 10 15 0.55322945 
678 372 10 13 0.54807997 
231 280 8 11 0.5462723 
639 403 11 14 0.5425329 
520 286 11 14 0.5419383 
659 491 13 17 0.54165804 
659 221 8 11 0.54115826 
158 262 8 11 0.5387208 
856 239 9 11 0.5348923 
126 237 8 11 0.5347106 
110 311 9 12 0.5328439 
131 453 12 16 0.53273064 
384 237 9 12 0.53043 
375 286 9 12 0.524502 
342 380 10 12 0.5241698 
46 324 10 13 0.5141877 
968 246 8 11 0.51415545 
496 316 10 13 0.5141448 
148 206 8 11 0.51278836 
965 144 8 10 0.5110774 
278 325 10 13 0.50671065 
947 324 11 14 0.5061822 
718 261 9 13 0.5009853 
420 538 14 19 0.5004944 
365 300 9 11 0.49978817 
687 256 9 12 0.49744093 
790 316 10 12 0.49714768 
415 80 7 10 0.49463344 
615 527 16 21 0.49182227 
919 275 10 13 0.48972726 
709 231 8 11 0.4895973 
336 416 10 13 0.4871656 
798 329 11 14 0.48410892 
576 355 10 12 0.48235032 
272 326 10 14 0.48193932 
189 368 10 13 0.48169982 
766 246 9 12 0.48000962 
125 271 8 10 0.47773042 
155 357 10 13 0.47648177 
663 254 10 13 0.4739892 
974 109 9 11 0.467711 
464 303 10 14 0.4662994 
479 208 8 11 0.4656836 
547 347 10 13 0.46254808 
756 269 8 11 0.46172118 
617 232 9 12 0.45882463 
377 326 11 13 0.45827842 
505 260 10 12 0.4550487 
999 409 12 15 0.45193282 
372 378 12 15 0.44890413 
510 188 7 10 0.44523153 
947 370 12 15 0.4449959 
344 264 8 10 0.4436828 
654 252 10 13 0.44310078 
790 294 9 12 0.4420635 
764 496 16 20 0.43827066 
303 301 8 10 0.4330373 
53 247 10 13 0.4326901 
966 320 9 12 0.43171397 
859 350 11 15 0.42830595 
833 150 8 11 0.41920435 
527 230 8 10 0.4157685 
813 405 13 16 0.41378933 
646 391 12 15 0.41005942 
936 272 9 12 0.40721422 
926 428 12 18 0.40260205 
175 426 12 17 0.40104178 
771 386 12 15 0.39989486 
670 273 9 11 0.3997393 
751 270 10 13 0.39799058 
385 394 11 13 0.39499378 
453 216 9 12 0.3892104 
871 208 9 11 0.388573 
412 252 9 11 0.38436362 
568 406 9 12 0.38318226 
143 477 11 15 0.3819954 
615 117 9 11 0.38120413 
480 225 8 10 0.38036904 
87 232 9 12 0.3800627 
112 167 10 13 0.37936088 
654 113 8 11 0.37919998 
256 384 10 12 0.3786855 
959 148 8 10 0.37753347 
32 224 9 12 0.37727007 
690 153 9 10 0.37635008 
446 205 8 11 0.3723222 
957 604 14 17 0.36615753 
671 411 12 16 0.36464307 
422 271 11 14 0.3642783 
374 278 9 11 0.3639768 
160 237 9 11 0.3631945 
382 293 9 12 0.3607962 
834 252 8 11 0.36019382 
687 125 7 10 0.35947433 
629 286 10 13 0.35855058 
473 102 7 10 0.35767 
678 220 9 12 0.3558955 
952 271 9 11 0.35420483 
432 322 10 13 0.35323903 
798 306 11 14 0.3521093 
655 150 8 10 0.34978196 
600 184 9 11 0.34976068 
777 366 10 12 0.349742 
583 157 8 10 0.34801304 
810 108 9 12 0.3464732 
216 311 8 11 0.34453496 
760 157 7 10 0.34424374 
397 280 9 12 0.3428786 
316 415 11 14 0.34177607 
834 173 9 12 0.34169742 
991 412 10 14 0.3399969 
29 269 8 11 0.3399062 
893 267 10 13 0.33815402 
544 476 11 13 0.33796874 
617 278 9 13 0.33623645 
36 183 8 10 0.3362328 
971 360 12 16 0.33440813 
159 443 11 14 0.33300528 
572 311 11 14 0.33178023 
346 331 9 12 0.33110714 
422 159 6 10 0.33080536 
789 352 10 12 0.33073792 
592 270 9 12 0.33058095 
640 190 7 9 0.32902345 
691 340 12 14 0.32854122 
784 267 9 11 0.3277485 
744 111 7 10 0.327595 
640 265 9 11 0.3266916 
505 302 10 12 0.32574037 
946 247 8 10 0.3234851 
40 490 16 19 0.32248393 
409 311 8 10 0.31618893 
234 521 13 18 0.31226042 
335 389 11 13 0.31195602 
423 243 10 12 0.31046307 
672 181 10 12 0.31014177 
674 366 12 15 0.30947116 
352 184 7 9 0.30868524 
38 223 7 10 0.30720055 
409 247 10 12 0.30654165 
729 324 10 13 0.29999298 
361 318 9 11 0.2982855 
813 179 8 11 0.29728603 
725 317 11 14 0.29072145 
54 183 8 11 0.29063773 
632 250 10 13 0.28904262 
406 284 9 11 0.28895432 
749 247 8 11 0.28548855 
758 207 8 11 0.28454825 
413 264 9 12 0.28445306 
311 443 13 16 0.28396353 
705 285 9 12 0.2839042 
745 195 9 10 0.28290835 
402 160 8 10 0.28283027 
214 470 12 15 0.2812815 
921 182 8 11 0.28085566 
614 148 7 10 0.27712652 
590 151 7 10 0.27577975 
537 191 7 9 0.27557084 
184 276 8 11 0.27418298 
762 301 10 13 0.27396983 
503 239 8 12 0.27363607 
483 394 13 14 0.27233684 
680 271 9 11 0.27091393 
882 275 10 12 0.27065885 
836 531 13 17 0.26969546 
342 268 9 11 0.26962245 
866 180 8 11 0.2691141 
869 213 9 11 0.268624 
374 223 8 9 0.26816255 
617 284 10 12 0.26787055 
536 305 9 10 0.26784563 
646 300 9 12 0.26743343 
646 235 8 12 0.26588348 
416 318 10 13 0.26339573 
887 272 9 12 0.26322165 
617 255 10 11 0.26311436 
757 263 9 12 0.2629601 
231 391 9 12 0.26170245 
158 295 9 12 0.26003888 
822 220 8 11 0.25996962 
551 141 7 10 0.25929296 
582 311 9 13 0.2588382 
605 270 9 11 0.25748914 
557 291 9 12 0.2574891 
560 150 7 10 0.2571891 
148 320 12 14 0.256845 
664 174 8 11 0.25652093 
638 160 7 10 0.25506318 
781 176 7 10 0.2550123 
653 294 9 12 0.25346598 
274 287 8 12 0.2528955 
728 205 8 10 0.24925742 
50 490 14 17 0.24804257 
951 168 11 13 0.24666826 
544 151 6 8 0.24661924 
310 86 7 9 0.24622294 
42 442 12 14 0.24478737 
622 285 11 13 0.24444398 
355 518 13 15 0.24360615 
649 279 9 11 0.24176405 
565 311 11 14 0.2407391 
497 224 8 10 0.24049649 
583 175 6 9 0.23929821 
975 177 8 11 0.23902357 
391 121 8 10 0.23886128 
956 232 8 11 0.23553883 
687 135 8 9 0.23509422 
254 279 9 11 0.2336278 
669 470 14 18 0.23259102 
448 101 7 9 0.23223253 
1007 264 8 9 0.23032929 
622 382 9 12 0.22928105 
680 93 8 9 0.2292572 
918 263 10 12 0.22904134 
513 318 9 12 0.22869831 
359 415 10 13 0.22807218 
585 269 8 12 0.22754845 
534 281 10 12 0.22748832 
253 265 8 10 0.22743136 
614 271 9 11 0.2261916 
605 385 12 15 0.22500418 
726 220 10 13 0.22473441 
237 334 9 12 0.2238138 
392 200 8 10 0.22280599 
404 183 8 11 0.22272258 
215 317 9 12 0.22244431 
773 246 8 11 0.22159086 
855 115 11 12 0.2208865 
566 160 7 8 0.22019622 
142 188 8 10 0.22010264 
109 152 8 10 0.21879868 
1002 277 9 11 0.21638858 
845 318 11 13 0.21574871 
1012 459 12 20 0.21510223 
633 310 10 13 0.21488616 
306 142 7 9 0.2146563 
463 236 8 11 0.214125 
629 355 10 14 0.21334471 
870 220 8 11 0.21325459 
493 238 10 14 0.2117929 
621 235 9 12 0.21143323 
436 403 12 15 0.21107803 
1 333 9 14 0.21053785 
774 71 7 9 0.2101517 
349 309 8 10 0.20968978 
668 256 9 11 0.20877202 
501 270 10 14 0.20861171 
368 264 8 11 0.2083426 
813 103 9 12 0.20797376 
655 159 8 10 0.20731872 
655 128 7 10 0.20667975 
176 271 7 10 0.20630978 
655 164 8 10 0.20542607 
888 159 7 9 0.20526133 
540 387 10 12 0.20473991 
767 160 8 11 0.20397672 
407 128 7 9 0.20339075 
117 466 10 13 0.20319925 
636 381 10 13 0.20275965 
877 119 9 11 0.20229858 
921 133 10 13 0.20178746 
640 286 9 12 0.20148897 
489 411 9 12 0.20052865 
450 213 9 12 0.20040916 
118 62 7 9 0.1997104 
791 191 8 10 0.19934705 
720 216 9 12 0.19917421 
70 229 9 13 0.19827527 
319 277 8 10 0.19727808 
641 133 8 10 0.1972423 
605 423 12 14 0.19555384 
646 284 9 12 0.1955383 
940 144 8 11 0.19460957 
152 399 8 11 0.19382869 
594 168 7 9 0.19341807 
681 277 10 13 0.192986 
1001 366 10 13 0.19045153 
449 167 7 10 0.19029917 
888 72 7 9 0.18985908 
726 200 8 11 0.18847576 
184 327 10 12 0.18817472 
658 88 8 10 0.18812151 
606 303 10 13 0.1879868 
946 56 8 10 0.1871661 
209 301 8 11 0.18681332 
703 279 9 11 0.18667832 
285 327 8 11 0.18592007 
421 296 9 11 0.18567845 
503 159 7 8 0.18562503 
460 247 11 13 0.18551043 
845 312 9 11 0.18537223 
182 166 8 9 0.18533732 
1008 120 8 10 0.18525875 
327 279 8 10 0.18507124 
421 323 10 13 0.1844643 
158 187 8 11 0.1842334 
522 150 7 10 0.18385217 
506 183 8 12 0.18320642 
167 319 10 12 0.18275177 
450 173 7 9 0.182732 
648 295 9 13 0.18230017 
785 94 8 10 0.1815441 
406 189 8 10 0.18130729 
630 143 8 11 0.18095133 
817 222 8 11 0.18070984 
605 438 11 16 0.18063231 
294 310 8 12 0.18058245 
36 472 12 13 0.18045992 
607 128 8 10 0.18015106 
623 493 12 16 0.17967695 
913 299 10 13 0.17961867 
905 277 8 11 0.17943722 
1008 196 8 10 0.17929879 
663 230 8 10 0.17914382 
1007 300 8 11 0.17906189 
532 263 11 14 0.17812498 
502 63 7 10 0.17798465 
678 144 8 10 0.17769301 
782 181 7 9 0.17743735 
648 206 8 10 0.17736319 
526 152 6 9 0.17701617 
961 77 8 10 0.17660935 
158 287 10 11 0.17635986 
420 455 14 19 0.17623442 
961 145 9 11 0.17618507 
339 419 10 12 0.17497408 
773 111 7 10 0.17462316 
702 167 8 11 0.17437828 
711 103 7 9 0.17414197 
456 363 11 14 0.17397495 
943 420 12 17 0.17338392 
663 132 7 10 0.17260976 
433 290 10 13 0.17197227 
210 135 6 8 0.17169334 
224 279 9 11 0.17155014 
801 277 8 10 0.17121291 
841 230 9 11 0.17080551 
534 320 11 12 0.16989176 
73 269 9 12 0.16979921 
358 277 8 10 0.16973048 
637 248 9 12 0.16934524 
736 318 10 13 0.16931683 
380 407 11 14 0.16871287 
865 244 9 12 0.16871256 
790 80 7 10 0.16795833 
581 224 8 11 0.16738652 
315 438 10 13 0.16719282 
806 326 11 13 0.16694349 
687 78 7 9 0.16644953 
918 79 8 10 0.16543424 
937 254 9 12 0.16456932 
224 198 8 11 0.16433068 
977 79 7 9 0.1642267 
805 151 8 11 0.16380464 
383 273 9 11 0.16369088 
705 230 9 12 0.1628979 
127 233 8 11 0.16265786 
223 238 10 12 0.16233383 
237 434 10 13 0.16214296 
741 316 10 13 0.16166088 
788 405 10 12 0.16144723 
395 411 11 14 0.16143626 
478 268 10 14 0.16105755 
314 197 8 11 0.16099674 
722 255 9 13 0.1607396 
749 358 12 15 0.16038084 
540 432 13 15 0.16017058 
719 278 10 12 0.16006935 
343 78 7 9 0.15896948 
250 268 8 10 0.15876578 
219 190 8 10 0.15849952 
544 251 10 12 0.1581317 
457 259 10 12 0.157963 
178 432 13 18 0.15794896 
578 151 8 10 0.15781353 
631 70 6 9 0.15758443 
734 134 7 9 0.15714073 
869 357 10 13 0.15644944 
205 244 10 11 0.15617256 
332 396 12 15 0.15607923 
85 292 11 14 0.15601826 
480 430 11 13 0.15562455 
376 230 8 10 0.154976 
713 270 9 12 0.15424013 
592 172 8 10 0.15420388 
583 485 14 18 0.15405111 
120 253 8 10 0.15373336 
499 309 11 14 0.15315025 
528 158 6 9 0.15301713 
189 273 9 11 0.15279149 
519 24 9 11 0.15250455 
497 228 9 12 0.15242027 
543 190 6 9 0.15227917 
466 232 8 12 0.15161741 
943 79 7 9 0.15095799 
358 271 8 10 0.14959602 
756 501 19 22 0.14940074 
368 269 9 11 0.14934842 
470 231 10 12 0.1491468 
342 277 10 11 0.14889051 
398 142 7 10 0.14876363 
838 169 9 10 0.14829591 
311 279 9 10 0.147595 
501 380 9 12 0.14660984 
791 112 8 10 0.14617252 
520 130 7 10 0.14616755 
9 265 13 17 0.146162 
185 272 8 11 0.14451674 
785 190 8 11 0.14412291 
616 260 11 12 0.14410086 
366 236 8 11 0.1440676 
887 88 9 10 0.14350681 
699 413 15 18 0.14283662 
841 209 9 11 0.14270659 
805 416 14 17 0.14233993 
874 459 12 15 0.14232716 
456 79 7 9 0.1418238 
650 117 8 10 0.14171202 
920 425 13 18 0.14110379 
503 401 10 12 0.14094976 
853 101 9 10 0.13984199 
1014 117 7 11 0.13977896 
547 230 8 10 0.13959973 
153 184 10 12 0.1390064 
242 79 7 9 0.13871525 
573 135 7 10 0.1381928 
841 310 9 12 0.13796026 
716 268 10 12 0.13629691 
136 381 10 13 0.13622092 
210 348 10 13 0.13599873 
802 272 7 10 0.13561893 
601 55 7 9 0.13554232 
614 113 8 10 0.13531896 
277 207 8 11 0.13492617 
1002 271 9 11 0.13486312 
105 272 7 10 0.1348166 
934 70 7 9 0.13480586 
486 272 9 12 0.13404328 
920 116 8 10 0.13394919 
336 175 7 9 0.13386546 
95 181 7 10 0.13374783 
702 348 11 13 0.13351269 
585 286 9 12 0.13230535 
402 188 8 11 0.13201511 
271 80 7 9 0.1314242 
598 167 7 10 0.13121746 
908 229 9 11 0.13120687 
325 244 8 12 0.13119292 
859 475 13 15 0.13105704 
260 387 10 13 0.13071482 
145 324 9 11 0.13071187 
607 62 7 8 0.13009438 
839 263 9 12 0.1296951 
308 416 14 16 0.12952563 
809 224 8 10 0.12901604 
591 144 6 9 0.1284263 
240 118 7 10 0.12787198 
669 174 9 12 0.1276204 
901 167 9 11 0.12739605 
221 367 11 13 0.1272088 
949 201 8 10 0.12719195 
794 324 9 13 0.12707475 
862 111 8 11 0.12698686 
606 132 8 10 0.12689038 
930 432 15 18 0.1267864 
377 159 8 9 0.12660275 
345 95 8 10 0.12638547 
313 286 8 10 0.1259913 
454 172 7 10 0.12593508 
246 81 7 8 0.12562892 
682 134 7 9 0.12524556 
445 424 9 12 0.1250595 
441 157 8 11 0.124991864 
789 270 7 9 0.12442526 
806 273 7 9 0.1244124 
551 137 7 10 0.12420821 
407 132 7 10 0.12382305 
118 302 10 13 0.12341583 
296 284 8 11 0.12304081 
226 202 9 12 0.122584604 
897 166 8 11 0.122566156 
648 127 8 10 0.12247814 
236 397 10 13 0.122194976 
935 520 9 13 0.122162566 
861 239 9 12 0.12166968 
626 135 8 10 0.121589616 
936 148 9 11 0.121387914 
47 459 9 12 0.12134162 
721 102 7 9 0.12133012 
801 206 8 11 0.12128586 
441 399 10 13 0.120825216 
650 111 8 11 0.12012571 
830 290 9 11 0.12011595 
414 229 9 12 0.11992548 
895 236 8 10 0.11983632 
296 427 9 12 0.11955446 
950 47 8 9 0.11945835 
850 389 10 13 0.119417764 
559 239 8 11 0.11846268 
89 222 8 10 0.118446775 
477 323 10 12 0.11836775 
592 57 6 8 0.1182881 
588 364 11 15 0.118277274 
254 366 9 12 0.118192926 
783 398 11 15 0.1180363 
248 302 8 12 0.118023016 
184 84 7 10 0.117423415 
904 190 10 13 0.11731415 
37 201 8 10 0.11705915 
530 319 9 11 0.116633214 
585 128 7 9 0.116581395 
950 328 12 15 0.11653191 
813 590 11 14 0.116312005 
568 269 9 11 0.115473084 
632 117 7 10 0.115363784 
469 300 11 15 0.11489569 
488 150 6 9 0.114837274 
160 267 9 11 0.114610866 
110 270 8 11 0.114417195 
375 261 9 11 0.11372023 
569 85 8 10 0.11354475 
604 182 9 12 0.11339467 
349 263 8 11 0.113173276 
327 426 11 12 0.11309945 
738 673 15 16 0.11303852 
809 176 10 12 0.11297526 
574 270 8 12 0.112649046 
461 360 9 12 0.11247765 
481 144 7 10 0.11244401 
846 229 7 10 0.112313956 
563 387 11 13 0.111956455 
433 73 7 9 0.11161716 
751 253 8 10 0.11150355 
409 317 9 12 0.11145769 
645 264 10 12 0.11144055 
933 631 21 29 0.11131835 
647 269 9 12 0.111303404 
785 86 8 10 0.11094953 
921 176 8 10 0.11086702 
928 63 8 10 0.11079126 
8 179 13 15 0.11031865 
663 470 12 16 0.11027301 
582 206 9 11 0.11017188 
217 324 8 12 0.109751 
826 270 8 10 0.10944859 
561 331 10 14 0.10905826 
528 352 10 13 0.108836405 
581 198 9 11 0.10841788 
758 276 9 11 0.10829336 
523 230 8 10 0.10785817 
799 198 8 10 0.10769019 
288 167 6 9 0.10760575 
384 422 12 16 0.10741348 
807 291 10 12 0.10730608 
760 253 9 11 0.107289076 
232 454 11 14 0.107216775 
479 127 6 9 0.10680751 
391 405 12 15 0.10611909 
165 323 10 12 0.1060974 
841 267 10 12 0.10609643 
577 48 6 9 0.10608907 
544 198 8 9 0.10607675 
586 135 8 9 0.105989575 
193 138 7 8 0.10582136 
956 333 10 12 0.10573064 
153 404 9 12 0.105602056 
536 337 11 14 0.10539709 
43 127 8 10 0.105177104 
512 151 6 8 0.10510915 
109 156 10 12 0.105091 
986 412 10 13 0.10506557 
185 248 10 12 0.104992345 
50 188 8 10 0.10496313 
553 287 11 13 0.10477699 
789 117 8 11 0.104739524 
359 324 9 12 0.1046287 
697 168 10 12 0.10457836 
505 70 7 10 0.10431918 
473 151 7 9 0.104290225 
522 145 6 9 0.10391057 
439 74 7 9 0.1038447 
385 94 7 10 0.103682026 
394 141 8 10 0.103666805 
88 333 10 11 0.10346286 
158 325 11 12 0.10341333 
393 310 10 13 0.10329317 
760 295 10 13 0.10295289 
85 396 12 14 0.102877475 
544 412 10 12 0.10245929 
823 239 8 10 0.10244328 
264 145 7 9 0.10242099 
120 246 9 11 0.10239732 
228 308 9 12 0.10238343 
194 302 9 12 0.10233136 
114 464 9 11 0.1020677 
921 284 9 13 0.10204494 
526 130 8 9 0.10194335 
518 247 11 13 0.10180511 
473 80 7 9 0.10129857 
349 405 9 12 0.10127111 
709 287 9 11 0.10109096 
601 411 11 14 0.10108559 
138 183 8 11 0.101059504 
193 308 10 13 0.10092967 
918 390 10 12 0.10013118 
805 156 8 11 0.10003331 
663 236 9 11 0.09979932 
110 195 9 12 0.09973372 
847 214 8 10 0.099372245 
224 161 7 10 0.09933644 
303 279 8 11 0.09921094 
692 253 10 13 0.09917449 
113 179 10 13 0.09908339 
312 81 7 9 0.09861243 
440 152 8 10 0.09846046 
89 391 10 12 0.098426715 
478 78 7 9 0.09826461 
584 63 7 10 0.09823356 
537 197 6 9 0.098138005 
600 174 7 9 0.09793942 
710 235 8 11 0.09764824 
376 272 9 12 0.09758468 
849 224 7 10 0.09747158 
687 289 11 13 0.09735025 
488 160 7 9 0.09716941 
631 386 11 13 0.097108826 
1001 124 8 11 0.09688296 
56 78 8 10 0.09655715 
536 467 11 14 0.09653951 
975 253 8 9 0.096299045 
306 339 9 12 0.09608354 
944 319 11 14 0.09606945 
868 175 10 13 0.095968634 
895 158 8 10 0.09566916 
702 404 12 14 0.09560748 
787 426 13 17 0.09550927 
35 111 10 13 0.09517722 
613 308 10 13 0.09499415 
327 152 8 10 0.094984576 
174 318 8 11 0.094921164 
119 118 7 9 0.094900034 
302 175 6 9 0.094875164 
537 185 7 10 0.09452142 
591 109 8 10 0.09450082 
305 97 8 9 0.09434411 
913 71 7 9 0.094118804 
750 196 8 10 0.094009824 
142 62 7 10 0.09371124 
500 375 9 12 0.09361216 
528 165 7 9 0.09355977 
498 63 8 11 0.09332343 
366 308 9 12 0.092849426 
582 236 8 11 0.092789784 
947 426 10 15 0.09265385 
157 397 10 12 0.0926444 
550 303 9 12 0.09249271 
1014 111 9 13 0.09238668 
794 176 8 10 0.09235936 
695 217 7 11 0.09226832 
583 68 7 10 0.091874525 
504 151 7 10 0.09181143 
567 399 10 13 0.091791995 
661 217 8 11 0.09150698 
952 237 9 11 0.09145131 
957 168 10 12 0.091298245 
224 332 9 11 0.091239974 
655 146 8 9 0.09115748 
544 398 10 12 0.09085371 
487 93 8 10 0.0905855 
767 488 11 14 0.09047702 
583 263 8 11 0.09018259 
815 126 9 12 0.089828484 
621 375 10 13 0.089820296 
178 277 8 11 0.08944292 
618 517 14 16 0.08943918 
361 296 9 12 0.089412816 
901 151 8 10 0.08915636 
931 369 13 18 0.08912165 
229 343 10 13 0.088877186 
640 303 11 12 0.088875644 
944 87 8 10 0.08875872 
440 96 7 10 0.08867254 
527 70 7 10 0.08865179 
453 283 10 12 0.088583246 
433 95 7 9 0.088457264 
709 406 12 14 0.088456646 
536 245 10 13 0.0884451 
367 232 8 10 0.088111356 
601 47 7 9 0.08808441 
862 343 11 13 0.088053346 
328 402 12 15 0.08798562 
692 414 13 18 0.08790463 
775 265 9 12 0.087712914 
662 248 9 11 0.087423325 
927 80 8 9 0.087224565 
495 70 8 9 0.08715598 
625 388 9 11 0.08667665 
141 382 9 13 0.08664214 
965 72 8 10 0.08639755 
163 335 10 12 0.086351834 
349 328 11 13 0.08631889 
822 365 11 13 0.08612721 
693 103 7 9 0.08605657 
528 224 8 11 0.08602637 
223 328 8 11 0.08590967 
390 103 6 10 0.085855044 
337 383 11 13 0.08572531 
189 293 9 11 0.085411 
648 311 10 12 0.085351475 
889 77 7 9 0.085287124 
937 95 9 12 0.08524222 
582 192 8 10 0.08522411 
296 248 7 10 0.08516478 
520 311 9 11 0.0851154 
873 79 7 8 0.08507184 
332 503 15 19 0.08470562 
977 45 7 9 0.08457484 
132 432 14 17 0.084496 
905 47 8 9 0.08447003 
179 423 12 16 0.08443497 
528 87 7 9 0.08441054 
264 255 9 10 0.08437786 
398 308 9 12 0.08415991 
804 302 10 13 0.08400542 
574 289 9 11 0.083963044 
411 79 7 10 0.08386969 
217 378 9 12 0.0838363 
211 309 8 12 0.08372374 
755 458 12 16 0.08343819 
710 277 9 11 0.08333147 
522 597 8 10 0.083216265 
938 100 10 13 0.083125174 
473 98 7 8 0.08306672 
854 521 13 19 0.08300511 
313 192 8 12 0.082861535 
726 214 9 13 0.082757 
929 158 9 11 0.08255297 
274 177 6 9 0.08242299 
941 270 9 12 0.082343765 
551 484 11 14 0.08205728 
32 201 9 12 0.082041524 
621 279 9 13 0.08197618 
543 302 8 11 0.08188869 
342 224 9 11 0.08169621 
821 437 15 18 0.08150318 
126 263 8 11 0.08140654 
781 371 10 13 0.08135364 
741 175 8 11 0.08117263 
869 143 9 11 0.081122555 
63 176 8 11 0.08073639 
125 335 9 13 0.08066823 
1012 191 8 11 0.08061249 
740 383 13 18 0.080551155 
838 180 7 10 0.08051226 
424 70 8 10 0.080470525 
479 72 7 8 0.08041741 
632 404 12 16 0.080300875 
485 431 10 13 0.080130175 
671 296 12 15 0.079979785 
766 376 10 13 0.07997613 
646 64 7 9 0.079965085 
360 160 7 9 0.07996504 
310 137 8 10 0.07981222 
953 109 7 10 0.07978903 
591 158 8 10 0.07976559 
935 47 7 8 0.07939842 
241 296 8 11 0.07937858 
457 237 9 11 0.079303816 
462 72 7 9 0.07926578 
608 230 7 11 0.07917776 
390 273 8 11 0.07899392 
383 78 7 10 0.07898944 
94 177 7 10 0.0788735 
654 285 9 11 0.078746065 
591 264 8 10 0.07872037 
202 239 8 11 0.07864988 
998 246 7 11 0.07859715 
84 326 9 12 0.07851169 
391 77 7 9 0.07840138 
487 165 7 10 0.07832493 
337 299 9 12 0.07819308 
486 231 8 10 0.07787616 
727 227 9 11 0.07781867 
762 237 9 12 0.077604726 
391 73 6 8 0.07751946 
476 343 11 14 0.077511884 
471 133 7 9 0.07746308 
376 71 7 9 0.077449344 
236 362 9 12 0.077317916 
666 272 9 11 0.07721884 
236 404 10 12 0.07713492 
716 333 10 12 0.077019826 
504 296 10 11 0.07698353 
548 253 9 12 0.0769395 
498 143 7 9 0.07673309 
631 113 7 10 0.076656975 
839 156 8 10 0.07652461 
712 87 7 10 0.07648686 
562 158 7 9 0.07648099 
579 356 11 14 0.07619049 
487 88 8 10 0.07619005 
534 345 12 14 0.07598029 
765 231 10 12 0.075931184 
308 311 9 12 0.075841635 
855 441 11 15 0.07577414 
440 194 8 10 0.07569735 
866 72 6 9 0.07565409 
695 260 9 11 0.07559427 
611 150 7 9 0.07554652 
864 453 12 17 0.07553117 
253 372 9 12 0.07549275 
630 410 12 16 0.07548029 
169 383 10 13 0.075423576 
859 444 12 15 0.07529478 
894 78 7 9 0.075273305 
575 365 11 15 0.075246185 
966 77 7 10 0.07517935 
518 430 10 12 0.07512205 
765 239 10 12 0.075093545 
557 229 8 11 0.075037315 
833 178 9 11 0.07493431 
542 185 7 10 0.074902095 
432 424 11 14 0.07489781 
725 103 8 10 0.07471165 
692 401 13 17 0.07455741 
377 79 8 9 0.07454199 
725 311 11 13 0.074458525 
634 159 8 11 0.074384965 
682 255 9 12 0.07406871 
7 240 10 12 0.07393572 
977 41 7 9 0.07383545 
541 318 9 11 0.073754355 
770 492 16 19 0.07358793 
887 163 9 11 0.07354788 
683 127 8 10 0.07334189 
816 79 7 10 0.07302324 
537 294 8 11 0.072925 
694 346 13 15 0.07259518 
733 221 9 12 0.07239481 
578 175 8 10 0.0723422 
910 47 7 10 0.07231131 
807 436 11 14 0.0722765 
792 277 8 10 0.072181396 
470 406 9 12 0.072111055 
920 187 9 11 0.07197877 
648 247 9 12 0.07165934 
217 278 9 12 0.07161003 
598 221 8 10 0.0714705 
377 257 9 11 0.07138404 
188 252 9 12 0.07127981 
338 79 7 8 0.07111461 
295 377 10 13 0.07101654 
928 297 11 13 0.07101085 
600 380 12 15 0.07092016 
378 165 8 10 0.07080105 
486 145 7 9 0.07073172 
647 200 7 10 0.0706617 
160 244 9 10 0.070621036 
496 200 8 10 0.070443384 
959 311 9 11 0.07028423 
679 149 7 9 0.070246235 
400 136 7 9 0.06987617 
845 294 8 11 0.0698744 
695 278 10 12 0.069830105 
847 517 13 18 0.06982538 
832 94 7 9 0.06972407 
102 56 7 9 0.069678195 
621 293 11 13 0.06955077 
522 71 7 9 0.06950684 
93 335 8 10 0.069503486 
582 180 8 10 0.069343954 
592 209 8 11 0.0693194 
590 380 11 13 0.069284655 
704 342 11 14 0.06926785 
606 56 6 8 0.06922378 
969 303 8 11 0.06909103 
320 71 6 9 0.0690473 
117 181 9 12 0.06891832 
879 80 7 8 0.068910144 
116 296 11 13 0.06872444 
831 262 9 12 0.06869236 
272 278 8 9 0.06841315 
503 143 6 8 0.06835225 
839 422 11 15 0.06834346 
961 317 10 13 0.06832219 
553 543 10 12 0.06829056 
647 213 9 11 0.06798076 
154 293 9 13 0.06797828 
184 261 8 11 0.06795449 
433 103 7 9 0.067945585 
661 92 8 11 0.06789549 
322 153 7 9 0.06788599 
168 215 9 11 0.067783654 
955 471 16 19 0.06776976 
273 238 8 9 0.067664124 
963 247 7 10 0.06743344 
93 216 8 10 0.06731447 
296 303 8 11 0.06726271 
902 140 8 10 0.06725849 
895 56 8 9 0.06722079 
638 388 12 16 0.06718906 
391 110 7 9 0.06704612 
814 96 8 11 0.06703472 
382 288 9 12 0.06700349 
972 248 8 10 0.06697045 
914 78 8 11 0.06696849 
877 323 12 14 0.06692905 
237 444 11 14 0.06674446 
970 181 8 11 0.06673393 
927 55 7 9 0.06664704 
678 295 10 13 0.06657914 
723 199 8 10 0.06657364 
719 247 9 11 0.06646689 
537 31 7 9 0.0664514 
849 111 8 11 0.06642499 
175 101 7 11 0.066341095 
709 224 8 10 0.06625282 
859 484 13 16 0.06623442 
834 169 8 10 0.06622508 
681 261 10 11 0.06612323 
440 102 7 9 0.06599845 
47 229 7 10 0.06596533 
213 134 7 10 0.06584636 
328 157 8 10 0.06580637 
590 126 8 11 0.06568811 
54 467 11 14 0.06559762 
626 142 8 10 0.065501474 
480 274 10 13 0.06538749 
121 219 10 13 0.06537182 
798 420 12 15 0.06536791 
621 409 12 15 0.065154985 
58 177 7 9 0.06502656 
279 177 6 8 0.06483767 
664 179 9 12 0.06470985 
853 222 7 10 0.0646659 
712 95 7 9 0.06459716 
34 175 8 11 0.06456652 
407 197 9 11 0.064561166 
753 152 7 11 0.06451678 
550 200 7 9 0.06440529 
543 481 12 16 0.06427836 
321 97 7 9 0.064153165 
165 237 9 11 0.064057454 
686 307 10 13 0.063997224 
711 107 7 10 0.06394562 
72 263 9 12 0.06394518 
754 206 9 11 0.06390846 
960 55 8 9 0.06389342 
575 142 7 10 0.06388012 
785 299 10 13 0.06379271 
782 135 8 11 0.06379003 
674 144 8 10 0.0637635 
754 156 8 11 0.063693464 
677 378 11 15 0.06365501 
634 268 9 12 0.06359429 
365 350 11 14 0.06353722 
166 232 9 11 0.06326478 
190 333 8 11 0.063214175 
320 101 7 9 0.063145645 
839 222 10 12 0.06312123 
631 87 8 11 0.06300081 
178 294 9 11 0.062852584 
162 156 10 13 0.06256054 
867 222 8 10 0.06255042 
871 72 6 8 0.06238148 
607 405 10 13 0.062323555 
175 301 9 11 0.062322494 
207 296 8 12 0.062249728 
958 189 8 9 0.062222783 
490 318 9 11 0.062173117 
689 240 9 11 0.062150255 
288 247 8 11 0.062094197 
53 462 9 13 0.06202157 
446 159 7 10 0.061958358 
926 117 7 10 0.0618978 
504 388 8 11 0.06186576 
942 252 9 12 0.06182223 
725 110 8 10 0.061787583 
807 140 7 10 0.061710782 
839 111 8 11 0.06168207 
914 85 7 10 0.061580807 
442 203 9 12 0.061529413 
610 118 8 10 0.061513517 
553 386 11 14 0.06148528 
814 287 9 11 0.06147114 
632 78 7 9 0.0614418 
825 263 8 11 0.06137686 
121 274 10 13 0.06135941 
815 239 8 10 0.061342303 
871 149 8 10 0.061324727 
328 283 8 11 0.06128641 
214 358 10 12 0.061151657 
543 310 8 11 0.060984902 
385 87 6 8 0.0609778 
238 328 9 11 0.060921576 
558 359 10 12 0.060917255 
345 200 7 8 0.060917202 
543 405 11 14 0.06080368 
490 80 6 8 0.060661618 
284 373 10 12 0.06046042 
586 55 7 9 0.060428813 
287 230 8 10 0.060362704 
265 96 7 9 0.06033953 
522 472 13 16 0.060330644 
387 119 8 11 0.060195956 
1002 86 8 10 0.060181364 
87 195 9 11 0.060142636 
246 295 9 11 0.060107216 
548 413 11 13 0.060093034 
472 320 11 12 0.06004964 
182 310 10 12 0.060036585 
636 350 11 14 0.060031522 
721 117 10 14 0.05996984 
906 224 9 11 0.05996876 
554 39 7 10 0.05995528 
710 292 10 12 0.059799198 
511 86 8 9 0.059670415 
954 611 17 21 0.05965883 
335 168 8 10 0.059562158 
734 128 8 10 0.059498064 
78 271 8 10 0.05949547 
341 397 12 15 0.059464827 
654 78 7 9 0.059425183 
406 325 9 12 0.05929817 
381 256 9 11 0.059223205 
774 128 9 12 0.059067763 
812 327 9 12 0.059054997 
647 69 8 10 0.059013374 
689 390 10 13 0.05884191 
919 293 10 13 0.05882854 
115 172 8 12 0.058657132 
552 237 9 11 0.058584772 
503 166 7 9 0.058484543 
265 260 8 11 0.058428418 
553 151 7 9 0.058383316 
432 110 8 10 0.05836626 
352 120 7 9 0.0583652 
271 97 7 9 0.05833007 
209 101 9 10 0.05824609 
151 483 12 17 0.058214348 
153 70 7 9 0.057992984 
877 465 12 15 0.05795585 
549 419 11 14 0.057937004 
334 279 9 11 0.057916034 
976 149 8 11 0.057805635 
385 73 7 9 0.057738256 
289 95 7 10 0.057729136 
383 183 8 9 0.0577202 
630 281 10 11 0.057701316 
182 318 10 12 0.057600863 
395 427 11 14 0.057588257 
136 143 8 10 0.057559982 
518 326 10 11 0.05755468 
438 141 7 9 0.057537243 
585 277 9 11 0.057528626 
375 384 12 16 0.057425637 
527 235 9 11 0.057342898 
483 298 10 14 0.057302203 
903 271 8 11 0.057241984 
8 422 9 13 0.05719077 
371 222 7 10 0.05717201 
679 187 8 11 0.057082854 
310 347 11 14 0.057029977 
527 24 8 11 0.056945518 
760 233 10 12 0.05692628 
230 382 8 11 0.05687492 
1 204 7 11 0.056836903 
849 239 7 10 0.056728236 
861 466 13 17 0.05671566 
949 61 8 10 0.05670741 
132 446 13 17 0.056688163 
304 80 7 9 0.05661275 
108 206 10 12 0.05661026 
780 486 13 17 0.056519546 
230 240 9 11 0.056482628 
57 61 9 11 0.056422926 
1011 412 10 15 0.05641604 
536 143 7 9 0.056280244 
784 256 8 10 0.056251545 
534 222 7 11 0.056177862 
151 85 9 10 0.056134503 
146 116 9 12 0.05613126 
797 192 7 9 0.056087017 
809 239 8 10 0.056050345 
949 89 7 10 0.05602599 
658 131 8 10 0.056017533 
384 299 8 11 0.05594691 
264 273 9 11 0.05587775 
472 129 8 10 0.05585788 
712 246 9 12 0.05581628 
337 269 8 10 0.055769768 
494 94 7 9 0.055726107 
463 77 6 9 0.05572016 
528 64 6 8 0.055561814 
241 158 7 8 0.05554024 
425 175 8 10 0.05552573 
439 136 8 10 0.055387754 
784 99 9 12 0.05537457 
717 403 13 17 0.055300474 
464 294 10 12 0.05529162 
546 144 7 9 0.05525941 
58 490 12 17 0.05517982 
315 457 12 17 0.055169743 
482 87 7 9 0.05507341 
945 73 8 9 0.055018328 
728 619 8 11 0.054989167 
666 168 7 10 0.054977838 
740 333 12 15 0.05494058 
101 69 9 11 0.05491683 
880 287 9 11 0.054913033 
221 184 7 10 0.05489111 
877 292 9 12 0.05486073 
572 399 12 14 0.05483911 
153 352 10 12 0.054828655 
401 72 8 10 0.05477063 
798 238 8 11 0.054764666 
651 461 12 15 0.05475872 
567 366 11 13 0.05474238 
933 64 8 10 0.05472315 
414 309 9 12 0.054700423 
415 614 10 13 0.054675713 
423 164 6 9 0.054637637 
696 366 10 13 0.054630667 
697 395 14 16 0.0546071 
87 288 10 12 0.05459728 
321 176 6 8 0.054593656 
730 434 14 16 0.05458644 
201 382 10 12 0.054571003 
542 295 8 11 0.05454178 
158 71 7 9 0.05447782 
200 205 8 10 0.054458514 
302 425 10 14 0.054432034 
310 302 7 10 0.054401968 
981 195 9 11 0.05439067 
687 87 7 9 0.05437997 
93 342 9 11 0.054362066 
624 249 8 10 0.054344658 
800 133 8 11 0.054339428 
200 79 8 9 0.054319676 
319 566 9 12 0.054302026 
918 72 8 9 0.054253068 
176 441 12 17 0.05424308 
386 126 8 10 0.054205388 
317 287 9 11 0.054193374 
213 100 8 10 0.05412764 
847 134 9 12 0.054126862 
615 124 8 10 0.054096844 
774 116 8 11 0.054073185 
880 198 8 11 0.054012723 
91 230 10 12 0.05399031 
470 258 17 22 0.05396094 
911 127 9 11 0.053931665 
613 315 9 12 0.05385522 
621 118 8 11 0.053849865 
342 367 9 11 0.05384141 
249 285 9 11 0.053768262 
142 389 10 14 0.053757425 
830 103 8 10 0.053754803 
676 300 10 13 0.053746507 
537 88 6 8 0.053702302 
589 309 10 13 0.053547997 
842 529 15 19 0.053472165 
574 388 11 13 0.05342965 
121 78 7 9 0.053354684 
1014 548 10 16 0.053340644 
473 293 11 15 0.053336438 
440 165 9 11 0.053292077 
214 303 9 11 0.053291403 
527 279 10 13 0.053283032 
296 78 7 9 0.05326386 
328 338 11 14 0.053199396 
912 348 10 13 0.0531987 
78 286 11 13 0.053185765 
729 126 8 11 0.053157054 
313 362 11 13 0.05314627 
719 289 11 14 0.05311248 
361 311 9 12 0.05310235 
217 238 9 10 0.05304874 
352 269 8 11 0.053035464 
239 339 8 10 0.053009596 
1002 119 7 11 0.05294047 
163 439 11 15 0.052888986 
686 184 8 10 0.05287925 
808 320 8 10 0.052875645 
32 347 9 12 0.052851032 
538 151 7 9 0.052791294 
837 249 9 11 0.052772854 
599 441 12 16 0.052768886 
216 295 8 11 0.0527622 
74 573 11 15 0.052755658 
58 57 7 9 0.052670788 
599 160 7 9 0.052666772 
775 253 8 10 0.05264658 
576 380 11 13 0.05264085 
465 469 11 13 0.052503087 
479 149 8 10 0.05245883 
567 181 9 11 0.052425846 
925 276 9 12 0.052363273 
398 119 8 10 0.052324153 
889 64 7 9 0.052305676 
497 204 9 12 0.052200012 
311 253 7 9 0.052187722 
645 133 8 10 0.05212099 
450 79 7 10 0.052062783 
169 219 10 12 0.05195718 
407 70 7 10 0.051955078 
686 189 8 9 0.051915 
424 64 7 9 0.051886912 
418 46 9 10 0.05175649 
562 263 9 12 0.05167775 
432 88 6 8 0.05157624 
544 79 7 9 0.051555987 
791 126 8 11 0.051491257 
554 314 9 11 0.05148996 
602 127 8 10 0.051464345 
559 244 9 11 0.051449463 
477 103 7 9 0.05138514 
565 596 8 11 0.051378243 
162 213 9 11 0.05131616 
978 191 8 11 0.051265806 
288 276 8 11 0.05126509 
526 145 6 8 0.05125347 
0 190 6 13 0.051224586 
750 312 12 14 0.051182833 
933 172 10 13 0.05113604 
895 60 7 10 0.051053967 
502 321 10 13 0.051047277 
601 230 9 11 0.051035643 
513 22 8 11 0.050963834 
349 303 9 11 0.050952185 
262 177 7 9 0.05092079 
688 215 8 10 0.050914682 
96 63 9 11 0.050906204 
133 174 8 9 0.05086354 
191 421 11 14 0.05080583 
303 248 8 9 0.050753657 
845 167 8 10 0.050749723 
504 175 8 10 0.05072536 
580 415 11 15 0.05068099 
545 71 7 9 0.05067566 
447 111 7 10 0.050669476 
438 335 10 12 0.050656587 
880 86 7 10 0.05048474 
1013 263 8 11 0.050483484 
309 407 11 14 0.05044664 
415 237 9 12 0.050308507 
608 294 8 11 0.05023473 
804 426 13 18 0.050231855 
167 312 11 12 0.05022187 
790 95 7 10 0.05018253 
70 225 8 10 0.050170194 
937 87 7 9 0.05014082 
745 251 10 12 0.05010354 
951 182 11 12 0.05004861 
521 391 10 14 0.050024536 
734 332 11 14 0.049944654 
430 175 8 10 0.04988612 
638 150 7 10 0.049848218 
950 312 9 12 0.049775094 
831 216 7 10 0.049745828 
377 133 6 9 0.049629044 
205 278 9 11 0.0495306 
495 304 11 12 0.04950127 
521 592 8 11 0.04949504 
266 80 7 10 0.049463008 
862 86 8 10 0.04946106 
679 101 9 11 0.04945433 
791 288 8 10 0.049439695 
513 145 6 8 0.049433332 
271 149 6 9 0.0493798 
264 287 9 11 0.049358346 
378 236 8 11 0.049342692 
321 241 9 11 0.04930037 
473 213 8 10 0.049278386 
278 331 9 12 0.04923765 
169 103 8 10 0.049219616 
560 79 7 10 0.04918836 
27 425 11 14 0.04917324 
665 410 13 16 0.04906459 
110 276 9 12 0.049053743 
282 263 9 11 0.048970927 
921 63 7 10 0.048941188 
335 287 9 11 0.048936103 
522 79 7 10 0.048919108 
476 235 11 13 0.04889446 
1002 191 8 12 0.048868544 
902 433 12 16 0.048850723 
784 356 10 14 0.04884351 
144 396 9 13 0.04878016 
392 135 9 12 0.048749536 
702 224 8 11 0.048715312 
456 158 7 10 0.048692826 
617 87 7 10 0.048680615 
151 80 8 10 0.048626438 
663 102 7 10 0.0486193 
616 380 11 15 0.048600104 
568 289 17 22 0.048591953 
530 191 8 9 0.048586603 
591 105 8 9 0.04857062 
199 278 9 11 0.04853311 
561 593 9 11 0.048445 
881 238 8 11 0.048284132 
337 213 9 10 0.04823989 
160 208 8 9 0.048238333 
958 111 8 11 0.048208695 
462 118 7 9 0.048197508 
41 324 10 14 0.04816995 
90 176 7 11 0.04816595 
650 395 11 14 0.048125412 
828 411 10 14 0.048071004 
891 263 8 11 0.048040204 
0 421 8 14 0.04802745 
776 324 10 13 0.048002575 
726 372 11 14 0.047956776 
823 104 10 12 0.04790749 
454 96 8 9 0.04789509 
50 251 8 11 0.04788361 
877 206 9 10 0.047878344 
809 30 7 10 0.047847416 
250 279 8 11 0.047840655 
560 128 7 10 0.047795754 
407 64 8 9 0.047773276 
911 277 10 13 0.047736824 
871 158 9 11 0.047722306 
393 301 9 12 0.047698762 
773 159 8 10 0.047658786 
689 222 8 11 0.047653016 
806 164 9 11 0.047586013 
766 28 9 11 0.047565486 
283 269 8 11 0.047501314 
258 175 8 10 0.04741479 
929 69 9 10 0.047381513 
512 111 8 10 0.04732374 
909 190 8 11 0.047226846 
506 410 11 15 0.04717633 
790 134 9 11 0.04713039 
299 461 15 20 0.04712888 
527 103 9 10 0.047119007 
513 15 7 9 0.047078796 
925 393 11 14 0.047078494 
887 181 9 11 0.047055963 
708 317 11 14 0.047045313 
999 300 10 12 0.046996143 
294 94 9 11 0.04699016 
577 52 6 10 0.046951637 
352 127 8 10 0.04690413 
157 319 12 13 0.046878867 
863 231 8 10 0.046874028 
459 392 18 23 0.046864916 
799 126 8 11 0.0468554 
207 168 7 9 0.046854313 
217 263 8 10 0.04682286 
489 510 14 18 0.04665339 
344 74 7 10 0.0466227 
745 239 9 11 0.046606626 
610 143 7 10 0.046604 
141 334 11 13 0.046557147 
557 224 8 10 0.046537086 
463 143 7 9 0.046482425 
536 475 11 15 0.046422668 
697 271 9 12 0.04641441 
358 408 10 12 0.04639793 
345 100 8 9 0.04637483 
521 97 7 8 0.046309177 
562 406 9 12 0.046293855 
273 371 11 14 0.04629142 
535 94 8 10 0.046290766 
559 214 7 10 0.04627572 
682 373 12 14 0.04623471 
510 310 10 13 0.046206903 
425 28 9 11 0.04620491 
614 207 8 11 0.04620019 
960 252 9 10 0.046176717 
608 287 8 11 0.046088524 
933 165 9 12 0.046064608 
343 239 7 9 0.04601127 
650 251 9 13 0.045983355 
981 143 9 11 0.045981433 
943 94 9 11 0.045955896 
377 420 11 15 0.0459164 
535 205 8 10 0.045877 
579 157 8 10 0.045851097 
809 228 9 11 0.04576607 
211 463 13 15 0.045764934 
58 126 9 11 0.04572956 
746 341 12 14 0.04572038 
977 73 7 9 0.045711916 
386 108 8 11 0.04570788 
950 71 7 9 0.045705803 
19 459 11 13 0.045662936 
720 175 8 11 0.0456482 
618 343 13 16 0.045645773 
682 479 13 18 0.045607068 
537 55 7 9 0.045563634 
297 315 8 12 0.045477733 
887 110 6 9 0.045473818 
289 88 8 9 0.045469824 
443 403 11 13 0.04546196 
567 165 7 9 0.04537041 
719 96 7 9 0.04532942 
656 467 11 16 0.04530475 
488 39 8 10 0.0452744 
833 117 7 10 0.045250766 
705 79 7 9 0.045237474 
608 341 12 17 0.045208883 
439 111 7 9 0.045176044 
662 110 8 11 0.045079697 
465 30 8 10 0.045079306 
231 447 10 13 0.045041632 
747 457 14 18 0.045007683 
668 314 12 17 0.04500643 
825 276 8 11 0.04498372 
918 84 7 10 0.044931788 
455 85 7 10 0.044929348 
534 135 7 9 0.04492884 
328 168 7 9 0.044913843 
821 408 12 17 0.044910677 
200 72 8 9 0.04490959 
542 62 6 9 0.04489628 
494 79 7 9 0.044885397 
526 310 8 11 0.04484486 
470 244 10 12 0.044828903 
735 5 9 11 0.044812538 
279 281 8 10 0.044761118 
602 61 7 9 0.044757318 
872 63 7 9 0.044722054 
455 189 10 12 0.044718076 
68 292 10 13 0.044672567 
975 114 9 11 0.04465404 
465 133 8 11 0.044650774 
888 133 8 10 0.04456599 
544 95 7 9 0.04452822 
552 23 9 11 0.04452387 
380 382 11 14 0.044472735 
38 266 11 15 0.044467587 
128 166 9 12 0.04439393 
351 201 8 9 0.04435139 
222 429 10 12 0.044275902 
390 94 7 10 0.044274833 
317 293 9 10 0.044249315 
488 44 9 11 0.044247624 
886 285 8 11 0.044224784 
658 228 8 11 0.044207234 
318 303 8 11 0.044205066 
797 180 8 10 0.044199474 
1001 319 9 12 0.044138722 
344 170 7 8 0.044105396 
463 411 9 13 0.044026174 
438 316 11 15 0.04402222 
71 179 9 11 0.04401548 
342 288 12 14 0.044003896 
873 85 8 10 0.043976802 
288 316 8 11 0.043972153 
824 288 10 12 0.043938536 
198 316 9 11 0.043922774 
126 159 8 10 0.043914106 
479 614 7 10 0.043909777 
97 120 8 9 0.04383246 
707 102 8 10 0.04375137 
358 190 8 10 0.043704677 
748 110 9 11 0.043698307 
558 39 7 10 0.043681968 
146 458 9 14 0.043679982 
111 112 8 11 0.043679066 
717 325 11 13 0.043613587 
871 189 9 11 0.04358482 
400 330 10 14 0.04356493 
337 366 9 12 0.043549903 
105 158 10 13 0.043484345 
774 393 13 15 0.04344438 
87 501 15 19 0.043413393 
112 264 8 11 0.04337003 
475 207 8 11 0.0432044 
465 128 7 10 0.043126807 
521 166 7 9 0.043108165 
145 210 9 11 0.043075446 
463 288 9 12 0.043058313 
177 23 10 12 0.04303199 
608 69 7 10 0.042973414 
1006 85 9 11 0.04291664 
497 159 8 10 0.042890057 
529 15 7 9 0.04282236 
897 171 9 12 0.042773593 
498 56 7 9 0.042681888 
857 525 15 19 0.042677887 
976 96 7 10 0.04267234 
473 108 7 10 0.042647894 
832 110 7 9 0.042515304 
34 166 9 12 0.042499002 
411 85 8 10 0.0424894 
980 562 13 15 0.04248264 
463 112 7 9 0.042460363 
440 183 8 10 0.042457126 
342 206 8 10 0.042294834 
839 190 8 11 0.04227711 
620 398 12 15 0.04225827 
319 80 7 8 0.042184245 
640 197 8 10 0.042178597 
587 288 18 22 0.0421682 
523 157 7 9 0.04214786 
1006 123 8 11 0.042087536 
688 395 12 15 0.042080615 
351 175 7 9 0.042071197 
982 77 8 10 0.042068858 
978 132 8 12 0.04200478 
534 379 18 22 0.04199154 
273 233 7 9 0.041875955 
215 220 9 11 0.041870188 
77 276 10 12 0.041856777 
79 207 9 12 0.041850284 
272 84 7 9 0.041840028 
345 87 7 10 0.041790128 
644 190 8 11 0.041685592 
399 200 7 10 0.04165328 
941 414 12 16 0.04164987 
789 341 10 13 0.041649587 
657 174 9 11 0.041633993 
184 102 8 11 0.041576866 
281 254 8 10 0.04155738 
922 56 7 9 0.041522577 
831 88 7 10 0.04151383 
552 87 8 9 0.04147736 
61 78 9 11 0.041466106 
911 551 8 11 0.04142368 
720 229 9 12 0.041415792 
925 112 7 10 0.041267462 
326 501 14 18 0.04123329 
871 165 8 11 0.04120439 
706 95 7 9 0.041182663 
790 102 9 10 0.041175988 
508 256 11 13 0.04113466 
712 460 13 17 0.0411293 
506 86 8 10 0.041096386 
665 383 12 16 0.041068424 
1008 111 9 12 0.041056905 
846 494 10 13 0.041040402 
281 103 7 9 0.04102772 
0 198 7 12 0.040987324 
559 208 7 9 0.0409815 
512 430 9 11 0.040975127 
585 104 8 9 0.040902983 
199 151 8 10 0.04090242 
118 188 10 13 0.04089831 
938 79 7 9 0.04088343 
529 94 7 9 0.04079012 
867 350 12 16 0.040747117 
909 403 13 16 0.04072703 
981 223 9 11 0.040708445 
134 95 8 9 0.040684152 
206 454 10 13 0.04068248 
709 302 10 13 0.040649716 
863 77 8 10 0.040645827 
801 212 8 11 0.04063955 
113 116 8 10 0.040545765 
785 196 8 10 0.04051337 
638 143 8 11 0.04048617 
511 80 8 9 0.040469836 
252 310 8 12 0.04039016 
406 176 8 9 0.040373627 
632 396 13 17 0.040368978 
207 328 8 11 0.040323995 
134 23 9 11 0.04029544 
485 477 11 14 0.040271416 
447 356 10 13 0.040241875 
177 265 8 11 0.040241417 
93 198 10 12 0.040232543 
649 453 9 13 0.040231995 
678 320 11 14 0.040207006 
224 446 10 12 0.04017979 
172 215 9 11 0.040157452 
826 398 11 16 0.04011731 
847 437 12 16 0.04011066 
592 95 8 10 0.040109012 
1 217 10 14 0.04009036 
174 310 9 13 0.040075596 
535 413 9 12 0.040030017 
717 238 9 11 0.04002586 
528 46 8 10 0.04001617 
313 294 7 10 0.040010307 
367 245 8 11 0.039879713 
301 387 9 12 0.039877005 
166 176 8 10 0.039875254 
805 206 8 11 0.039851826 
397 564 11 14 0.03985014 
953 143 9 11 0.039819703 
607 396 10 14 0.03976121 
825 298 11 13 0.03968368 
647 103 7 9 0.039616838 
464 96 7 8 0.0395903 
569 142 8 10 0.03955354 
39 430 10 13 0.039523475 
407 303 10 13 0.03948043 
870 270 9 11 0.039434426 
908 395 13 17 0.03938978 
960 38 7 9 0.039356202 
430 264 9 11 0.039340664 
872 287 9 12 0.039323926 
671 285 10 12 0.03931022 
882 72 7 9 0.03929386 
912 64 7 9 0.039276578 
148 160 8 10 0.03923262 
214 127 8 11 0.039226122 
536 117 7 9 0.03922207 
541 439 12 15 0.03921357 
785 32 7 9 0.039167617 
455 231 10 13 0.039142873 
401 126 7 10 0.039086632 
154 255 9 11 0.03908443 
1011 302 10 12 0.039000113 
311 326 8 11 0.03899699 
1015 277 8 11 0.03898522 
999 252 7 10 0.038968723 
882 158 8 11 0.038942307 
161 150 10 13 0.038925912 
726 250 9 10 0.038917173 
574 80 8 10 0.03891598 
126 256 7 10 0.03888413 
728 330 11 14 0.038883716 
473 661 12 15 0.03885854 
534 405 11 13 0.03883466 
776 222 8 11 0.03880605 
925 175 9 11 0.038783416 
592 360 10 12 0.038767558 
775 241 8 11 0.038751397 
101 62 8 10 0.03873637 
457 152 7 9 0.038725518 
286 332 9 11 0.038724914 
22 301 10 12 0.038721908 
534 376 9 11 0.038696337 
831 526 12 17 0.038669635 
944 223 8 10 0.03866475 
560 175 7 10 0.038659792 
810 357 10 14 0.038648702 
640 292 10 12 0.038645495 
862 334 10 13 0.03860619 
904 183 8 10 0.038600206 
97 125 10 11 0.03859931 
380 319 10 12 0.038558714 
705 235 9 11 0.038494278 
453 102 8 9 0.038455665 
526 79 7 10 0.038453426 
650 150 9 11 0.038429964 
538 80 7 9 0.038421847 
592 120 8 10 0.038371965 
472 85 7 9 0.03834108 
204 388 11 14 0.03831999 
280 96 7 9 0.03829594 
541 285 10 13 0.03827425 
246 420 10 14 0.038198363 
391 88 7 9 0.038193174 
328 174 7 9 0.03816758 
489 242 9 12 0.038158953 
327 272 9 9 0.03815772 
346 184 7 9 0.038140338 
823 231 8 9 0.0381402 
805 308 9 12 0.038130738 
361 165 7 9 0.0381233 
709 359 13 15 0.038086195 
7 480 13 17 0.03807377 
156 413 10 14 0.0380635 
17 363 10 14 0.03806003 
522 224 7 10 0.038039178 
647 174 8 11 0.037997555 
950 104 7 11 0.037988875 
519 423 10 12 0.037975967 
481 30 8 10 0.03793823 
17 144 8 9 0.037932567 
168 270 7 10 0.037931107 
544 547 9 12 0.0378454 
853 216 8 10 0.03773101 
138 327 8 11 0.037714213 
941 329 11 15 0.03770718 
349 399 10 13 0.037684996 
842 235 9 11 0.03765393 
570 223 8 10 0.037653703 
600 418 13 17 0.037640464 
609 334 9 12 0.037617423 
721 205 9 10 0.037577063 
45 223 7 10 0.037567403 
102 77 8 11 0.03753861 
627 70 7 10 0.03752874 
599 40 8 10 0.037513964 
867 207 9 11 0.03749582 
890 56 7 9 0.037447046 
545 435 13 15 0.03739619 
17 454 10 14 0.03734041 
1011 418 12 19 0.037328705 
7 124 12 14 0.037319608 
54 240 9 11 0.037312035 
735 141 9 11 0.037290923 
686 94 7 9 0.037278716 
527 411 10 13 0.03726645 
149 113 8 10 0.037260763 
165 80 9 11 0.037245344 
519 279 10 11 0.037228867 
176 160 8 11 0.037219997 
511 158 7 9 0.03718969 
534 239 9 11 0.037169773 
221 317 9 12 0.037142646 
596 363 11 13 0.037139166 
348 374 11 14 0.037127964 
577 167 8 9 0.037101675 
1006 60 9 12 0.037099425 
552 79 7 9 0.037081633 
960 48 7 9 0.03704181 
1001 111 7 10 0.0370363 
969 175 8 11 0.037029825 
447 230 10 13 0.036968715 
545 224 8 11 0.0369206 
278 343 10 12 0.036905475 
423 288 8 10 0.036891934 
505 78 8 10 0.03686914 
616 248 9 11 0.03686766 
303 117 8 11 0.0368563 
355 514 21 26 0.036836687 
167 352 9 11 0.0368277 
485 334 10 13 0.0368261 
337 208 8 10 0.036811337 
504 137 6 9 0.03679846 
318 407 11 14 0.03679254 
152 134 9 10 0.03677749 
975 333 9 12 0.036776375 
479 356 10 12 0.03676389 
320 181 7 9 0.036744885 
940 340 11 15 0.036738124 
325 254 9 11 0.03665009 
703 365 13 17 0.03664587 
320 332 10 13 0.036645707 
687 508 14 19 0.036638435 
880 232 9 10 0.036626637 
72 256 9 11 0.036614493 
281 110 7 10 0.03655812 
677 199 10 11 0.03655117 
703 354 12 15 0.03652134 
548 405 11 13 0.036508545 
886 152 8 11 0.03646079 
535 484 12 15 0.036436338 
919 128 11 13 0.03639456 
510 72 7 8 0.036365665 
683 78 7 10 0.03632966 
841 63 8 9 0.03631777 
897 136 8 11 0.036317073 
30 251 11 13 0.03629475 
275 281 17 23 0.036282644 
488 102 8 10 0.036266357 
624 434 12 15 0.036258377 
252 302 9 12 0.036254678 
671 205 9 12 0.03624658 
590 60 8 10 0.03618292 
526 303 9 11 0.036172323 
552 73 7 9 0.036151413 
494 40 7 9 0.03614999 
511 437 9 12 0.03611019 
414 419 11 14 0.036095474 
233 72 7 9 0.03607628 
567 289 10 11 0.03607468 
814 277 8 10 0.036066595 
857 78 8 10 0.03606356 
89 347 10 13 0.036040843 
609 426 14 17 0.036038626 
816 399 13 16 0.036028914 
343 174 7 9 0.036023702 
231 160 7 9 0.036015417 
691 285 11 13 0.0359694 
216 231 10 12 0.0359451 
577 234 10 12 0.03593851 
806 214 7 10 0.03593763 
911 341 11 13 0.035911072 
497 151 8 10 0.03590637 
439 55 8 11 0.03589348 
205 285 9 11 0.035890166 
771 406 15 17 0.035877198 
839 21 9 11 0.035768617 
457 142 8 10 0.03576637 
415 285 9 11 0.03576414 
126 243 8 10 0.035757646 
457 45 9 12 0.035685264 
44 263 10 13 0.035647992 
304 253 8 10 0.035642754 
969 86 7 8 0.03562674 
550 356 10 12 0.03560331 
546 471 12 14 0.03556842 
872 320 12 15 0.035546213 
956 271 8 12 0.03549862 
975 85 7 10 0.03549611 
328 144 7 8 0.035448324 
122 231 10 12 0.03542565 
111 508 11 16 0.03540349 
176 96 8 12 0.035392858 
49 78 8 10 0.035353266 
950 264 8 11 0.035340846 
738 191 7 11 0.03525249 
613 401 18 22 0.03524666 
353 411 10 14 0.03523473 
362 232 8 10 0.035223678 
97 78 7 9 0.035201814 
56 83 9 11 0.035176955 
313 272 8 11 0.035161216 
480 95 8 10 0.035140704 
357 183 8 10 0.03512928 
305 398 9 12 0.03508984 
553 206 7 10 0.03507811 
396 573 11 14 0.035066765 
248 95 7 10 0.035039134 
482 167 8 10 0.035024874 
62 128 8 11 0.03501029 
253 559 12 15 0.03500942 
105 164 10 13 0.0349991 
33 186 9 11 0.034994725 
326 413 13 16 0.03498826 
552 375 11 13 0.034968857 
715 587 13 16 0.03494884 
166 295 9 11 0.03492557 
675 395 11 14 0.034890294 
662 285 10 12 0.034883633 
486 344 11 14 0.03488078 
473 223 8 11 0.034877386 
806 37 9 11 0.0348615 
24 272 13 16 0.034857053 
269 272 9 11 0.034839068 
439 118 7 10 0.034775034 
768 264 9 12 0.03477164 
622 93 7 10 0.03471837 
543 87 7 9 0.03470613 
351 100 7 10 0.034672692 
543 214 8 10 0.03464702 
368 326 8 11 0.034615297 
857 86 9 11 0.034586422 
976 143 8 11 0.034573883 
233 427 12 16 0.034567673 
812 436 12 16 0.034563683 
597 207 9 11 0.03454371 
365 397 10 12 0.034541395 
501 57 8 9 0.03453918 
149 165 8 10 0.034528136 
872 47 7 9 0.034515977 
559 45 6 9 0.034480948 
368 217 7 9 0.034355603 
257 80 6 9 0.034321245 
914 118 8 10 0.034307927 
944 311 9 13 0.03430003 
161 280 10 10 0.034281224 
413 392 10 14 0.03425678 
638 315 10 12 0.034232236 
618 93 8 10 0.03422582 
614 79 8 10 0.03416376 
650 382 14 16 0.034147575 
506 95 7 9 0.034121916 
535 15 8 10 0.034080498 
351 441 12 16 0.034072433 
55 70 10 13 0.03404829 
623 88 7 10 0.0340315 
182 95 9 10 0.034026183 
25 263 10 13 0.03400602 
967 309 9 11 0.0339874 
935 54 7 9 0.033981044 
749 240 9 11 0.03397169 
153 93 8 11 0.033965673 
199 136 7 8 0.033961546 
1007 424 13 19 0.033944655 
558 55 7 9 0.033927653 
190 81 8 10 0.03391955 
390 380 10 13 0.033903345 
406 149 8 10 0.033901047 
935 259 10 14 0.033900037 
703 272 9 12 0.03385208 
463 266 11 14 0.03384494 
784 421 13 17 0.033803087 
238 112 7 9 0.033796247 
514 128 7 9 0.03370548 
901 388 12 13 0.033681992 
509 442 11 14 0.03368025 
377 84 7 9 0.033679143 
280 231 8 10 0.033670284 
270 262 8 9 0.033669334 
870 361 12 16 0.033656735 
444 446 12 16 0.03365208 
351 63 7 9 0.033650573 
561 71 7 10 0.033633016 
649 158 9 10 0.03361837 
847 140 9 12 0.033602417 
981 127 8 11 0.033602115 
169 405 10 13 0.0335712 
856 515 17 20 0.033529587 
633 182 8 12 0.03352605 
600 303 10 13 0.033515844 
569 119 7 9 0.0335147 
310 446 19 25 0.033460148 
686 73 7 9 0.03345557 
417 63 7 10 0.033407092 
142 56 7 11 0.033400152 
568 439 10 14 0.033389773 
767 287 9 11 0.03338572 
446 28 8 11 0.033365402 
446 152 7 9 0.033279732 
560 87 6 8 0.0332586 
4 312 15 18 0.03325704 
585 143 8 9 0.033240806 
5 215 11 15 0.03323914 
652 272 10 12 0.03323467 
958 326 10 12 0.03322143 
796 317 11 14 0.033220123 
768 116 9 11 0.033192225 
650 78 8 10 0.033191305 
39 343 10 14 0.033186514 
686 417 13 16 0.033180412 
417 73 7 9 0.033135805 
135 386 12 17 0.03313254 
313 184 6 7 0.03313081 
191 357 11 15 0.033092555 
785 316 11 13 0.03309002 
416 103 8 10 0.03307524 
113 303 10 13 0.033070635 
321 157 7 10 0.0330434 
417 40 8 10 0.033014722 
768 365 10 12 0.033004858 
136 333 10 13 0.03296144 
1003 264 8 11 0.03295918 
954 480 15 19 0.032956824 
639 280 9 11 0.03290848 
551 166 8 10 0.032904927 
910 166 9 11 0.032868616 
735 445 15 19 0.032867927 
271 382 10 13 0.032838725 
294 532 13 17 0.032775488 
620 308 10 12 0.032731462 
719 397 11 14 0.032710563 
904 53 8 10 0.032709382 
222 253 10 11 0.032708224 
447 182 9 10 0.032646425 
458 40 7 9 0.03261367 
455 369 11 14 0.03259469 
416 92 8 10 0.032569487 
518 332 10 12 0.032562595 
471 55 8 10 0.032561615 
1001 157 8 11 0.03253882 
201 437 12 16 0.03251094 
568 128 8 9 0.032501273 
168 15 7 9 0.032495867 
206 461 12 15 0.032490056 
318 351 9 13 0.032467023 
326 532 12 14 0.032406617 
693 136 8 9 0.032402772 
497 137 7 9 0.03239951 
125 214 8 11 0.032387298 
399 111 7 10 0.03238469 
952 617 10 16 0.032339897 
233 111 8 10 0.03231972 
528 207 8 10 0.0323155 
432 253 9 11 0.03229036 
23 322 18 23 0.032282397 
684 317 11 14 0.032280244 
926 270 11 14 0.03225722 
480 424 10 13 0.032224916 
285 254 9 10 0.032223236 
550 265 10 13 0.032204222 
81 192 9 11 0.032203257 
559 411 11 13 0.032200504 
480 480 11 14 0.032137655 
932 288 10 13 0.03212833 
840 293 9 11 0.032127637 
25 204 11 14 0.032082934 
201 168 6 9 0.032067224 
578 206 9 10 0.032067027 
23 306 13 19 0.032065686 
898 328 10 14 0.03202804 
904 39 7 9 0.031985246 
1013 470 12 18 0.031969536 
309 492 21 27 0.031878013 
247 444 11 15 0.03187156 
843 427 12 16 0.03185921 
310 94 7 10 0.03184599 
631 376 12 14 0.031838965 
908 413 11 15 0.03182739 
739 112 8 9 0.031812448 
936 40 7 10 0.031812366 
370 72 7 8 0.03179988 
910 53 8 10 0.031791963 
528 214 8 10 0.0317853 
610 112 8 10 0.031766064 
234 458 13 15 0.03175193 
13 187 9 11 0.03174885 
881 164 8 11 0.031739213 
913 132 8 12 0.031736314 
592 464 14 17 0.031719007 
626 149 8 10 0.031710446 
757 429 12 15 0.03167383 
807 442 12 16 0.031672306 
920 168 8 10 0.031635784 
1000 92 10 12 0.03161839 
567 176 8 10 0.03160899 
912 390 10 13 0.031595897 
694 217 17 23 0.03158599 
560 63 6 9 0.03158583 
774 76 8 11 0.031574216 
511 295 9 12 0.031572044 
241 124 7 10 0.03153317 
514 581 8 12 0.031503502 
240 253 9 10 0.031463582 
892 347 12 14 0.031451818 
391 294 8 11 0.031443115 
886 238 8 11 0.031433154 
696 303 11 13 0.031428326 
653 333 11 14 0.031428207 
62 84 9 11 0.031394854 
131 237 9 11 0.031381633 
440 302 9 12 0.03136749 
542 205 9 10 0.031361606 
87 266 17 23 0.031323835 
616 224 8 10 0.03131977 
517 631 7 10 0.031317666 
814 444 11 16 0.031293496 
732 206 9 11 0.03128218 
876 304 12 16 0.031259093 
967 95 9 11 0.03125456 
552 158 7 9 0.03125395 
432 339 11 15 0.031246232 
143 69 8 9 0.031244233 
196 421 11 13 0.031217659 
796 576 12 16 0.031216862 
199 86 8 9 0.03121025 
905 246 9 12 0.031201858 
463 64 7 9 0.031197932 
855 509 13 17 0.031192234 
542 15 8 10 0.031166768 
553 215 8 9 0.031155113 
881 111 8 10 0.031150522 
464 22 8 11 0.031119118 
92 396 9 11 0.031108482 
815 116 8 11 0.03103347 
200 285 9 11 0.030990632 
406 142 9 11 0.030981628 
478 405 10 13 0.030969864 
614 212 8 11 0.030960908 
215 245 9 12 0.030905815 
561 165 7 10 0.030861389 
393 149 8 11 0.030851405 
256 72 7 9 0.030823944 
626 64 7 10 0.030804338 
600 428 12 15 0.03079228 
431 40 8 10 0.030768225 
581 406 11 13 0.03075617 
745 417 13 16 0.030750155 
303 272 9 10 0.030747976 
578 64 7 9 0.030746112 
799 287 8 10 0.030725097 
327 96 7 9 0.030718418 
505 102 6 9 0.03070315 
519 456 11 15 0.0306915 
845 264 10 12 0.030685337 
310 248 7 10 0.030683953 
481 159 8 10 0.030681059 
152 352 16 22 0.030677872 
609 207 8 11 0.030677637 
887 105 7 9 0.03066678 
199 373 8 11 0.03062738 
424 127 7 10 0.030616159 
457 118 8 9 0.030611018 
514 134 8 10 0.030586824 
593 78 7 11 0.03055317 
344 257 8 9 0.030535454 
337 180 7 10 0.030514607 
926 127 9 12 0.030499501 
239 247 8 10 0.030490227 
425 109 8 10 0.030489324 
279 248 9 10 0.030425664 
782 388 11 15 0.030390894 
376 64 7 10 0.030386295 
685 379 11 15 0.030376887 
333 158 8 9 0.030368673 
98 57 7 9 0.030335471 
1014 295 8 11 0.030316427 
738 179 10 12 0.030287482 
118 554 12 17 0.03028746 
6 162 14 16 0.030274214 
541 324 9 12 0.03026739 
1013 308 10 13 0.030263765 
175 334 10 12 0.030259496 
417 152 8 10 0.030231401 
217 195 10 12 0.03022578 
113 15 9 10 0.03022367 
685 345 13 15 0.030221926 
699 527 18 25 0.030219201 
495 367 9 11 0.030136842 
223 118 9 10 0.030120209 
793 245 8 11 0.030104056 
973 350 11 14 0.030101875 
104 191 8 11 0.030084541 
256 159 7 9 0.030062811 
361 436 12 16 0.030053053 
1005 52 8 12 0.03003577 
7 470 12 16 0.030014936 
112 21 10 11 0.030014891 
369 80 7 9 0.030012287 
303 182 7 8 0.030011442 
272 247 9 11 0.02998806 
981 175 8 11 0.02998253 
159 392 10 13 0.029978495 
215 79 8 9 0.029903023 
909 236 8 12 0.02989286 
90 64 8 10 0.02989113 
633 54 6 9 0.029887812 
916 310 12 13 0.029870378 
495 410 11 15 0.029845068 
196 366 10 13 0.029832432 
744 322 12 16 0.029831374 
967 241 9 11 0.029829826 
602 314 11 13 0.029813249 
336 373 10 13 0.029808575 
440 126 7 9 0.029804861 
822 507 13 17 0.029723573 
418 164 8 10 0.0297205 
912 555 9 12 0.02971362 
303 454 11 15 0.02970966 
894 93 9 12 0.02969949 
409 240 9 11 0.029689897 
64 222 8 10 0.029684199 
337 200 7 8 0.029683594 
587 109 8 10 0.029675554 
800 263 9 10 0.029662892 
480 134 7 8 0.029656153 
575 263 9 11 0.029646711 
631 65 7 9 0.029641833 
584 120 9 11 0.029639404 
832 221 8 10 0.029633814 
554 30 7 9 0.029632172 
585 213 9 10 0.029624645 
57 118 8 10 0.029612247 
495 214 9 10 0.029582681 
933 232 8 11 0.029581524 
80 296 13 16 0.029579666 
510 270 8 11 0.029572072 
558 340 10 12 0.02955625 
246 152 7 9 0.02954875 
608 104 8 9 0.02954473 
287 102 7 9 0.029539712 
206 470 19 21 0.02948039 
192 150 9 11 0.029479094 
520 368 10 13 0.029460192 
932 440 14 16 0.029422577 
332 325 11 13 0.029412264 
688 206 8 11 0.029403351 
595 266 18 23 0.029394072 
286 381 10 13 0.02937938 
350 88 8 9 0.029360775 
399 316 9 11 0.029359654 
485 223 9 11 0.029355345 
472 63 8 9 0.029322863 
120 262 9 12 0.029318837 
946 47 8 10 0.029299779 
199 295 9 11 0.029273774 
414 135 8 10 0.029264674 
521 65 7 9 0.029256089 
92 275 9 11 0.029210297 
583 79 8 10 0.029183945 
77 263 8 11 0.029154109 
599 143 7 10 0.02910792 
704 291 12 14 0.029100591 
37 422 8 12 0.02909011 
880 64 7 9 0.029070098 
888 2 8 9 0.029061329 
1000 359 10 14 0.029026018 
296 296 9 10 0.028991811 
341 357 9 11 0.028990969 
81 524 10 14 0.028985338 
1005 405 18 28 0.028979247 
888 232 8 10 0.028971681 
1001 80 7 10 0.028940521 
745 355 12 16 0.028921055 
961 31 7 10 0.028921021 
111 294 9 13 0.028911673 
405 163 8 11 0.028909175 
960 62 8 10 0.028901618 
191 167 8 10 0.028888557 
859 358 14 18 0.028880358 
120 70 8 11 0.028844206 
241 84 8 10 0.028842919 
512 39 7 9 0.028832829 
1000 151 8 10 0.028816396 
318 135 8 10 0.028781602 
807 24 8 10 0.028778989 
240 134 7 10 0.028769046 
967 264 9 10 0.028768523 
450 86 7 9 0.028767914 
528 174 7 10 0.028761135 
190 102 7 10 0.028738452 
850 96 9 12 0.02873123 
632 341 10 14 0.02872458 
158 134 7 9 0.028705057 
471 198 8 10 0.02866988 
511 335 9 11 0.02865085 
636 189 8 11 0.028650427 
672 200 9 11 0.028617999 
901 157 9 11 0.02861228 
769 63 8 10 0.028605845 
214 87 8 9 0.028604161 
592 387 10 13 0.028600374 
544 167 7 9 0.028591875 
175 350 9 12 0.028586825 
950 288 9 12 0.028558249 
94 87 10 12 0.028544972 
629 230 9 11 0.028541282 
200 328 9 10 0.028539913 
206 253 9 11 0.028494257 
954 188 8 10 0.028491858 
797 294 10 12 0.028466111 
598 103 7 9 0.028442666 
266 100 7 11 0.028414093 
148 468 11 15 0.02841281 
327 263 9 11 0.028411578 
327 356 9 12 0.02837046 
209 129 8 10 0.028352616 
851 394 12 15 0.02833359 
230 318 9 10 0.028324557 
880 38 8 10 0.028283129 
784 38 8 10 0.028277101 
929 48 8 9 0.028264947 
624 127 8 9 0.028229697 
464 87 7 9 0.0282274 
671 62 7 10 0.02820382 
886 246 8 11 0.028196542 
727 290 10 13 0.028196257 
839 144 8 11 0.028195119 
849 326 13 16 0.028176703 
540 503 13 15 0.028169084 
430 392 9 12 0.028163949 
1004 506 14 22 0.028153015 
547 135 8 11 0.028132135 
870 228 9 11 0.028122343 
856 232 8 10 0.02807823 
958 339 10 13 0.028069321 
295 377 16 23 0.02806738 
309 546 13 15 0.028049191 
741 267 17 21 0.028042758 
211 316 8 12 0.028024763 
1015 90 9 13 0.028014675 
761 379 12 17 0.028011167 
577 192 8 10 0.028010756 
821 429 11 15 0.027970528 
846 63 8 10 0.027940448 
236 390 9 13 0.027934153 
399 55 7 9 0.027922854 
855 233 18 24 0.027909242 
406 428 10 13 0.027891295 
287 111 8 11 0.027888019 
774 318 9 13 0.027837917 
720 279 18 23 0.027824132 
614 273 18 24 0.027808484 
534 252 11 14 0.027797118 
631 128 7 9 0.027790075 
649 166 8 10 0.027783515 
1005 47 8 11 0.027782701 
352 529 12 16 0.027771136 
880 103 8 11 0.027764145 
345 189 8 10 0.027764076 
464 150 7 10 0.027736563 
103 118 7 10 0.027735602 
601 463 14 18 0.027734635 
649 87 8 10 0.02772267 
399 88 7 9 0.027711539 
424 104 7 9 0.02771076 
741 265 10 12 0.02768429 
657 237 9 11 0.027670981 
296 168 7 9 0.027643148 
870 102 9 12 0.02763009 
774 165 8 10 0.027615791 
208 140 8 9 0.027609095 
554 56 8 9 0.02760207 
797 245 8 10 0.027598254 
256 359 8 12 0.027565042 
536 113 7 9 0.027556553 
959 303 9 11 0.027556377 
281 556 10 13 0.02754911 
222 295 8 11 0.027524864 
403 656 12 16 0.02750488 
975 261 8 11 0.027503885 
615 103 8 11 0.027503777 
120 124 9 12 0.027486952 
924 262 10 13 0.027485179 
817 84 7 10 0.02747992 
183 172 10 11 0.027459698 
687 166 10 12 0.027455661 
178 286 10 12 0.02742841 
479 109 7 9 0.027426094 
402 176 8 10 0.027419798 
151 127 8 10 0.027396778 
916 267 17 22 0.027390268 
856 256 9 11 0.027388407 
786 380 10 15 0.027353479 
800 23 9 11 0.027340345 
364 510 12 16 0.027293712 
688 336 19 22 0.02726685 
706 418 13 18 0.027259814 
761 375 10 13 0.027257593 
567 102 7 9 0.027233157 
687 198 9 11 0.027206952 
353 350 9 12 0.027201436 
98 512 13 18 0.027200177 
145 79 8 10 0.027162308 
512 205 9 12 0.02716201 
456 127 8 10 0.02715075 
536 174 7 10 0.027143544 
598 374 11 15 0.027133662 
606 158 8 10 0.027102327 
246 311 17 23 0.027101478 
789 263 8 11 0.027080279 
760 418 13 15 0.027075995 
425 531 14 20 0.027074018 
894 275 10 12 0.027072592 
702 469 13 16 0.027071783 
818 217 8 10 0.027067916 
207 79 7 9 0.02705057 
813 292 8 11 0.027044116 
913 269 11 15 0.027018847 
423 78 7 10 0.027013255 
879 47 8 9 0.026988056 
558 144 8 10 0.026983108 
710 166 7 10 0.026979253 
456 112 8 10 0.026961137 
309 331 18 23 0.026960928 
206 231 9 11 0.026925733 
280 311 9 11 0.026922869 
967 349 11 14 0.026900018 
254 294 8 11 0.0268938 
165 144 9 11 0.026886428 
905 236 9 11 0.026854346 
42 375 9 13 0.026853763 
822 456 13 16 0.02685232 
50 72 8 10 0.026850361 
734 215 10 12 0.026825748 
904 119 8 10 0.026820222 
440 88 7 8 0.02680415 
167 627 9 12 0.026796427 
556 419 12 14 0.026782315 
529 183 8 10 0.02676937 
649 144 8 9 0.026757475 
621 270 9 11 0.026750566 
693 142 9 10 0.026749048 
439 433 11 14 0.026741004 
542 32 7 9 0.026733572 
814 228 8 11 0.026717674 
456 64 9 10 0.02671626 
694 86 7 10 0.026703972 
11 256 11 14 0.02663124 
319 112 8 10 0.026629927 
331 344 17 22 0.026576987 
892 426 14 18 0.026557472 
-2 135 7 12 0.026554042 
553 175 7 9 0.026549175 
609 77 8 12 0.026548868 
809 96 9 10 0.026524281 
270 254 9 10 0.02651687 
438 254 8 11 0.026502356 
224 390 11 14 0.02649831 
688 141 9 11 0.026484922 
339 349 10 13 0.026483197 
420 443 14 18 0.026481591 
945 241 9 10 0.026463753 
433 150 7 10 0.026451087 
775 359 10 14 0.026450507 
65 263 9 12 0.026426142 
190 85 9 10 0.026423948 
575 216 8 9 0.026398508 
119 329 9 10 0.026391577 
266 86 6 8 0.026363283 
469 256 12 15 0.026359301 
308 428 14 16 0.026357384 
735 262 9 12 0.026355684 
440 62 7 10 0.02634144 
942 30 8 10 0.026340965 
551 564 10 14 0.026334936 
790 32 8 10 0.026332371 
451 220 9 11 0.026321515 
919 407 14 18 0.026319997 
866 238 19 25 0.026317019 
224 112 8 10 0.026307663 
260 364 10 13 0.02628787 
376 152 9 11 0.026276534 
267 420 10 14 0.026271729 
551 364 10 13 0.026266092 
71 286 10 14 0.026265629 
493 431 9 12 0.026259875 
487 362 10 13 0.026246872 
974 325 8 11 0.026237838 
616 198 7 9 0.02622322 
573 352 19 22 0.026205692 
975 234 9 13 0.026205383 
536 37 7 10 0.02620096 
1014 86 8 12 0.02618555 
870 109 8 10 0.026163816 
165 245 9 11 0.026153225 
598 177 18 24 0.026145054 
62 214 8 10 0.026120393 
359 197 9 11 0.026112784 
999 142 7 10 0.026110217 
568 371 11 14 0.026080146 
369 525 15 19 0.026065802 
588 419 12 14 0.026063725 
607 198 8 10 0.026042972 
550 622 9 13 0.026011301 
248 389 10 12 0.025999116 
661 150 8 11 0.025976712 
560 94 7 10 0.025967967 
575 129 7 9 0.025960201 
333 437 12 15 0.025948238 
387 204 8 11 0.025945328 
665 63 8 9 0.025936387 
801 165 9 12 0.025916034 
785 309 10 14 0.025908368 
590 331 11 14 0.02590033 
567 256 9 12 0.025863567 
495 389 9 12 0.025843877 
873 55 7 10 0.025810605 
1015 165 9 13 0.025797348 
525 379 10 13 0.025782408 
865 63 7 9 0.025762556 
721 192 7 11 0.025739945 
1001 283 9 12 0.025704814 
790 255 8 10 0.025677267 
418 297 17 22 0.025673712 
879 245 9 11 0.025672903 
815 429 10 14 0.025645137 
490 71 7 10 0.025641654 
583 49 7 9 0.025612522 
199 262 8 10 0.025604477 
641 69 8 10 0.025602205 
508 240 9 10 0.02555844 
472 156 8 10 0.025551854 
775 65 7 9 0.02554036 
517 342 10 12 0.025536057 
607 235 9 12 0.025533402 
642 231 9 12 0.025527578 
445 191 9 11 0.025517114 
155 238 9 11 0.025486877 
175 340 10 12 0.025483947 
646 183 8 11 0.025482064 
136 70 9 11 0.02546425 
12 325 11 16 0.025458539 
682 71 7 10 0.025448289 
295 112 8 10 0.025441965 
142 339 11 13 0.025431598 
231 272 9 10 0.025429582 
295 334 9 12 0.025428217 
89 69 9 12 0.025413202 
423 87 8 10 0.025400316 
303 263 8 10 0.025398126 
435 142 6 9 0.025393026 
709 398 12 14 0.025380917 
693 293 9 12 0.0253795 
305 453 20 26 0.025370574 
781 332 10 13 0.025350256 
264 119 7 9 0.025322318 
340 316 9 12 0.02531753 
910 158 8 10 0.025312504 
599 486 14 18 0.025311999 
200 173 7 9 0.025302365 
909 151 9 12 0.025270358 
677 205 10 12 0.02526832 
1007 451 16 22 0.02525497 
565 400 19 24 0.025253164 
150 370 10 12 0.025243305 
136 101 8 10 0.025241593 
160 79 8 10 0.025236487 
455 412 10 12 0.0252244 
358 287 8 10 0.025220612 
283 263 19 24 0.02521843 
319 546 11 14 0.025201362 
397 381 11 14 0.02519008 
111 485 12 18 0.025186425 
641 205 7 10 0.025164966 
594 190 8 10 0.025156828 
82 401 13 15 0.025156677 
388 570 13 16 0.025125135 
704 200 8 11 0.025119372 
368 127 8 10 0.025095597 
583 166 7 10 0.025077622 
429 245 9 11 0.025073089 
39 292 12 16 0.0250716 
748 380 12 16 0.025065212 
928 576 11 13 0.025059307 
368 332 9 12 0.02505683 
297 183 7 10 0.025050698 
849 373 10 14 0.025047868 
455 183 8 10 0.025036262 
497 182 8 11 0.025025385 
474 119 7 9 0.025008522 
333 152 8 9 0.024991956 
928 165 8 11 0.024985239 
372 281 18 22 0.024980905 
599 398 11 13 0.02493181 
440 349 11 15 0.024919782 
71 317 13 17 0.024911545 
527 7 7 9 0.024902258 
821 419 11 14 0.024897385 
999 460 12 16 0.024896476 
713 215 8 11 0.024889767 
32 473 20 26 0.024885567 
116 413 9 13 0.024875203 
197 431 12 14 0.024872767 
128 181 8 12 0.024870837 
683 280 18 22 0.024864383 
599 120 7 10 0.024855236 
479 64 7 9 0.02485354 
720 311 10 13 0.0248263 
350 223 7 10 0.024822628 
310 102 8 9 0.024794757 
215 271 9 10 0.02476922 
108 162 18 23 0.024762059 
519 206 8 11 0.024743719 
776 578 14 18 0.024742905 
501 205 9 12 0.024742663 
533 421 11 13 0.024742296 
526 245 10 13 0.02474073 
368 85 8 10 0.024724294 
489 310 9 12 0.024715235 
772 485 14 17 0.02471026 
597 110 8 10 0.024697918 
729 4 9 11 0.02469665 
5 413 9 16 0.024685198 
874 124 9 12 0.024672365 
542 278 10 12 0.024650065 
788 375 13 16 0.024640795 
734 197 8 11 0.024638295 
425 94 7 9 0.024636613 
906 329 13 16 0.024622854 
546 269 9 12 0.024613965 
488 111 8 9 0.024605528 
657 100 8 10 0.02459773 
634 5 11 12 0.024559513 
785 275 9 12 0.02455468 
338 290 17 21 0.024550628 
884 331 12 14 0.024529593 
749 288 10 11 0.024522608 
136 395 10 14 0.024516188 
336 96 8 9 0.024514614 
622 331 12 15 0.024489332 
825 289 17 21 0.024485813 
521 86 8 9 0.024467848 
473 145 7 9 0.024467653 
867 340 12 15 0.024466334 
870 264 8 11 0.024432989 
127 72 8 10 0.024417078 
665 333 10 13 0.024408398 
289 143 7 9 0.024404682 
312 111 8 10 0.02439964 
705 205 8 10 0.024397643 
737 117 8 10 0.024356838 
557 23 8 10 0.024351606 
851 380 13 16 0.02434458 
831 309 10 13 0.02432877 
105 199 8 11 0.02432571 
445 332 10 13 0.024323417 
930 85 7 9 0.02431872 
745 105 6 9 0.024307143 
153 300 10 11 0.024302132 
258 144 7 9 0.024299204 
529 198 8 9 0.024297116 
283 367 10 13 0.02426782 
832 190 9 12 0.024261905 
944 181 9 12 0.024258489 
161 109 8 11 0.0242527 
64 207 8 10 0.024246624 
742 287 10 12 0.024240408 
560 181 8 10 0.024230927 
338 376 18 22 0.024228264 
125 308 8 12 0.02422576 
159 311 10 11 0.024212759 
742 212 10 13 0.024207609 
970 103 10 12 0.02420565 
687 145 18 24 0.02419511 
257 546 14 18 0.024174325 
155 419 11 15 0.024169974 
544 7 9 10 0.024151564 
440 230 9 11 0.024140501 
287 238 8 9 0.024136111 
351 132 8 11 0.02413309 
612 335 11 13 0.024132831 
399 150 8 9 0.02412416 
223 421 10 13 0.024109127 
456 135 7 10 0.024106612 
799 103 9 12 0.024100779 
520 174 8 11 0.024099281 
825 158 9 11 0.024089538 
69 84 9 12 0.024081597 
310 398 9 11 0.02407773 
314 72 7 9 0.024069984 
550 557 11 15 0.024062667 
695 118 7 11 0.024042573 
570 229 8 11 0.02402527 
814 29 8 10 0.02402036 
494 87 8 10 0.024013083 
839 302 10 12 0.02400946 
641 173 8 12 0.024005128 
134 340 9 12 0.023979727 
575 119 7 9 0.023977228 
479 24 9 10 0.023975208 
191 397 10 15 0.023970615 
138 542 12 18 0.023955148 
574 517 10 15 0.023945926 
471 288 10 13 0.023942715 
47 175 9 11 0.023923982 
839 71 8 10 0.023905735 
611 435 12 16 0.023897864 
337 73 8 10 0.023882575 
785 46 9 11 0.023845008 
422 152 7 10 0.02382369 
126 207 8 11 0.023792218 
6 205 8 10 0.023785934 
600 71 8 9 0.023784831 
878 143 9 11 0.023784688 
669 232 9 10 0.023779597 
224 358 10 13 0.023777138 
558 30 7 9 0.023760589 
652 343 12 14 0.023749303 
441 23 9 11 0.02373955 
198 271 9 11 0.0237384 
632 92 8 10 0.023712486 
416 175 8 10 0.02370678 
595 293 10 13 0.023699397 
663 144 7 9 0.023699276 
249 381 10 13 0.02368937 
777 190 8 11 0.02368452 
101 342 10 11 0.023680925 
206 397 12 16 0.023678727 
743 148 9 13 0.023673821 
872 199 9 12 0.023653878 
1005 286 9 11 0.023634793 
674 215 9 11 0.023628544 
687 425 14 17 0.023613933 
930 523 12 15 0.0236068 
115 335 9 11 0.023603557 
113 406 8 11 0.023598695 
583 23 7 10 0.023595795 
440 174 8 9 0.023595236 
320 263 8 10 0.02357533 
328 87 7 9 0.023569508 
231 126 8 10 0.023550503 
943 262 9 11 0.023549628 
1015 255 9 12 0.023532627 
1014 269 8 12 0.02352819 
102 182 10 11 0.023522597 
423 251 10 12 0.023515869 
593 183 9 11 0.02350714 
324 540 13 15 0.02350643 
273 212 10 11 0.023500038 
565 628 9 12 0.023498727 
271 166 7 9 0.023486977 
200 200 7 10 0.023479216 
448 72 6 9 0.023475049 
550 572 9 12 0.023470199 
542 618 11 15 0.023469906 
976 379 11 15 0.023456983 
464 462 11 14 0.02345243 
670 247 8 10 0.023444576 
256 96 7 9 0.023440717 
285 285 9 11 0.023439638 
489 63 8 10 0.023414655 
543 237 9 11 0.023399914 
495 103 7 9 0.023387372 
497 165 7 9 0.023380823 
301 312 18 22 0.02337349 
5 548 10 14 0.02335945 
472 430 10 13 0.023330206 
155 331 17 21 0.023329416 
976 214 9 11 0.023325652 
346 134 7 10 0.023325479 
144 200 17 23 0.02332228 
261 357 11 14 0.023321731 
238 285 9 11 0.023321401 
656 258 10 13 0.02331846 
973 341 10 13 0.023303181 
815 244 8 11 0.023289409 
26 316 15 19 0.023281293 
542 56 6 9 0.023280771 
105 112 9 11 0.023277754 
973 302 8 11 0.023252709 
838 515 14 19 0.023243438 
529 430 10 12 0.023235064 
524 290 10 13 0.023226958 
479 333 10 13 0.023220843 
393 192 8 9 0.02320718 
407 120 7 9 0.023185527 
750 263 18 23 0.023176037 
870 21 9 11 0.02317187 
290 79 7 9 0.023161657 
479 56 8 10 0.023146445 
231 87 8 10 0.023145454 
246 350 10 12 0.023130374 
278 87 8 9 0.02312822 
854 15 9 10 0.02311528 
180 286 17 23 0.023086121 
694 110 8 10 0.023077473 
938 431 14 19 0.023076983 
448 64 7 9 0.023076942 
504 416 10 14 0.023063915 
208 87 8 9 0.023049098 
695 64 8 10 0.023038398 
1000 164 9 12 0.023031201 
900 457 13 17 0.023030145 
652 426 13 17 0.023016678 
736 275 10 13 0.023013031 
290 150 8 10 0.022994988 
768 127 10 12 0.022989074 
127 77 8 10 0.022984397 
511 95 7 9 0.022980358 
881 150 8 10 0.022968728 
216 332 9 12 0.022958752 
813 254 10 12 0.022955468 
218 159 7 9 0.022944646 
910 103 9 11 0.022918329 
535 168 6 8 0.022912882 
912 306 11 15 0.022910027 
196 356 10 13 0.02288517 
246 158 7 9 0.022876652 
560 395 10 13 0.022870993 
757 364 10 13 0.022861823 
58 287 19 23 0.022855014 
942 39 8 10 0.022851733 
654 73 7 9 0.022850417 
772 129 18 23 0.022844005 
230 92 8 11 0.022843236 
666 358 11 14 0.022842035 
175 462 8 11 0.022826932 
57 287 11 15 0.02282028 
951 135 8 11 0.022814933 
391 274 17 22 0.022807399 
423 391 11 13 0.022801446 
622 192 8 10 0.02279794 
825 86 8 10 0.022790495 
747 348 12 14 0.022779604 
904 282 10 13 0.022775196 
246 56 7 10 0.022768056 
456 292 10 13 0.022729265 
689 335 11 14 0.022721346 
110 220 11 14 0.022720678 
135 469 12 15 0.022711871 
617 23 8 10 0.022707103 
399 94 7 10 0.02270694 
742 373 10 14 0.022706464 
706 86 8 11 0.022706442 
190 315 11 13 0.022705682 
577 180 8 10 0.022704495 
951 77 7 10 0.022685908 
944 290 10 11 0.022676317 
992 239 10 12 0.022665847 
485 347 17 22 0.02265235 
16 300 11 13 0.02262306 
887 47 7 8 0.022600742 
630 332 11 14 0.022585947 
247 357 9 12 0.022585897 
234 505 13 16 0.022584802 
448 235 10 13 0.022561982 
758 286 10 12 0.022555694 
290 303 8 11 0.022548025 
865 167 8 11 0.022544058 
173 389 8 12 0.022535875 
871 134 9 12 0.022534465 
337 101 7 9 0.022514155 
892 363 15 17 0.022505978 
288 117 7 10 0.022505729 
0 239 10 14 0.022497285 
37 187 9 11 0.022491623 
93 528 14 19 0.022485869 
679 273 17 22 0.022484245 
208 110 8 10 0.022462534 
607 38 7 9 0.022461105 
81 231 9 12 0.022458255 
786 289 19 23 0.022455536 
822 390 11 14 0.022450762 
991 428 11 15 0.02244369 
728 237 9 12 0.022439308 
1000 334 11 14 0.022438733 
432 44 8 11 0.022424709 
808 254 9 12 0.02241978 
454 208 8 11 0.022390861 
496 335 10 13 0.02238548 
589 208 18 24 0.022370135 
773 287 10 12 0.022362232 
207 272 9 10 0.022347402 
593 40 8 10 0.022336422 
663 187 10 13 0.022329345 
24 199 10 12 0.022321237 
1013 355 11 15 0.022314413 
327 527 11 12 0.022314224 
879 192 8 10 0.02231044 
669 238 8 11 0.022291219 
887 205 8 11 0.022283787 
151 65 8 10 0.022270525 
196 396 13 16 0.022262312 
479 364 10 11 0.022237903 
471 38 7 10 0.022231422 
513 463 14 16 0.022212269 
392 446 14 17 0.0221927 
550 246 10 12 0.022191998 
539 461 12 14 0.022186844 
521 102 8 10 0.022182662 
759 353 12 16 0.022179058 
434 167 7 9 0.022172822 
857 72 8 10 0.022154324 
551 100 7 10 0.022145772 
877 367 13 17 0.022130227 
108 357 10 14 0.022123158 
887 175 9 11 0.022119831 
206 373 10 13 0.022118509 
477 444 12 13 0.022102166 
352 538 10 13 0.022101577 
374 510 12 16 0.022091934 
191 415 10 13 0.02207682 
302 239 8 9 0.022076076 
422 264 11 12 0.022072123 
631 377 18 23 0.02206929 
533 230 8 10 0.022069165 
422 41 7 9 0.02206635 
366 198 8 10 0.022065341 
481 173 8 9 0.022061344 
793 238 9 12 0.02205656 
287 135 7 9 0.022049995 
904 71 7 10 0.022048812 
492 473 11 14 0.02204245 
600 235 11 13 0.02202832 
624 174 8 11 0.022011675 
416 142 8 10 0.021986865 
0 180 9 14 0.021961719 
384 141 8 11 0.021960652 
46 215 7 9 0.021935351 
605 275 10 13 0.021933641 
497 175 7 10 0.021922655 
447 117 8 10 0.021891143 
469 515 13 16 0.021870093 
757 200 8 10 0.021856532 
479 120 7 9 0.0218561 
0 406 7 12 0.021852857 
527 109 9 11 0.021848507 
124 189 9 12 0.021828996 
257 438 12 17 0.021819435 
776 23 9 11 0.021798648 
38 317 13 16 0.021787325 
375 217 7 10 0.021783946 
464 16 7 9 0.021773178 
133 421 10 14 0.021771122 
981 44 8 10 0.021739922 
338 228 8 10 0.021714937 
146 84 9 11 0.021685094 
823 244 9 12 0.021684062 
406 541 12 16 0.021678938 
349 287 10 12 0.02167631 
498 341 11 14 0.021670258 
608 265 8 10 0.021660052 
864 214 20 24 0.021654306 
567 39 8 9 0.021650776 
872 94 9 11 0.021649038 
28 341 12 15 0.021647764 
959 198 9 11 0.021638637 
607 224 8 11 0.021636266 
1015 285 9 13 0.02162771 
585 85 7 9 0.021627218 
227 374 10 13 0.02162317 
989 407 18 24 0.021618236 
263 216 7 9 0.021616703 
31 213 10 12 0.021611895 
380 232 18 23 0.021611325 
502 256 17 22 0.021603532 
769 534 15 19 0.02159725 
958 116 9 11 0.021589058 
632 206 8 10 0.021580942 
445 437 10 13 0.021578325 
438 193 17 23 0.021557936 
883 489 15 19 0.021547029 
565 151 8 11 0.021537784 
464 53 7 11 0.021529472 
769 264 17 22 0.021529203 
313 118 7 10 0.021523504 
224 451 12 14 0.02150781 
298 411 9 14 0.021502433 
542 38 8 9 0.021501362 
809 61 8 11 0.021453472 
952 476 12 16 0.021446815 
711 206 8 10 0.021443674 
246 60 8 11 0.021443324 
735 147 11 14 0.021431766 
919 48 8 9 0.021419683 
407 294 10 12 0.021412976 
534 101 8 10 0.021392535 
1005 151 9 10 0.021390505 
298 540 16 18 0.021389399 
994 300 10 12 0.021368638 
27 300 12 14 0.021365806 
761 24 9 12 0.021337746 
423 54 7 9 0.021317301 
996 610 14 19 0.021316517 
786 110 9 13 0.02131616 
966 54 7 10 0.021313325 
943 159 8 11 0.021307388 
519 110 8 10 0.02129552 
966 167 8 11 0.021292618 
102 46 8 10 0.021291414 
318 341 9 12 0.021278745 
540 519 11 15 0.021271935 
148 382 11 13 0.021246128 
521 301 9 12 0.02123931 
705 225 17 23 0.021217806 
999 133 8 11 0.021210441 
272 387 10 13 0.02118808 
572 484 12 16 0.021185579 
740 311 16 22 0.021183655 
388 232 9 11 0.021175973 
413 199 8 9 0.021175228 
246 249 9 10 0.021171458 
945 165 9 12 0.0211622 
543 118 8 10 0.021145089 
845 160 7 9 0.021142889 
894 72 7 9 0.021138724 
471 274 11 14 0.02112538 
694 96 7 9 0.02112441 
738 338 17 22 0.021116173 
304 502 13 17 0.021115353 
142 268 17 22 0.021101752 
504 30 8 10 0.021089204 
57 131 10 12 0.021079734 
236 279 9 11 0.021044532 
110 230 9 12 0.02103827 
806 262 8 10 0.02103718 
621 29 8 10 0.02103525 
400 261 10 12 0.021034265 
846 172 8 11 0.02103168 
829 277 9 11 0.021020707 
615 158 8 9 0.021019362 
321 168 8 10 0.021005033 
885 199 8 10 0.021000344 
462 167 8 10 0.02099509 
568 216 8 10 0.020978944 
377 329 16 20 0.020972766 
278 238 7 9 0.020963168 
296 101 8 10 0.020961856 
839 127 8 11 0.020955248 
486 253 10 12 0.020935096 
658 350 12 14 0.020934753 
111 56 9 11 0.020923937 
784 127 9 10 0.020922022 
568 274 10 13 0.020914126 
529 118 8 9 0.020885862 
200 190 7 10 0.020881934 
94 203 10 13 0.02087377 
383 173 8 10 0.02087008 
374 310 10 12 0.020869179 
832 196 9 12 0.02086754 
647 341 12 15 0.020866716 
648 95 9 11 0.020860933 
271 159 8 10 0.020859128 
448 282 10 13 0.02084545 
434 283 17 22 0.020833883 
598 96 7 10 0.020828146 
414 127 7 10 0.020822452 
300 376 11 13 0.0208161 
982 95 8 10 0.020791395 
776 103 8 11 0.020786982 
317 191 9 11 0.020785779 
189 381 10 12 0.020780237 
578 244 16 21 0.020769902 
541 489 13 15 0.020761188 
225 344 18 21 0.020760294 
494 110 8 10 0.020753033 
847 22 7 10 0.020749535 
543 262 9 13 0.02073689 
953 41 7 9 0.02072966 
32 104 9 12 0.020727355 
534 502 13 17 0.020723376 
864 104 8 10 0.020711638 
103 350 11 14 0.0207086 
576 22 7 10 0.020707551 
790 37 8 10 0.020704497 
85 252 10 13 0.020701323 
153 15 8 9 0.020699343 
110 347 11 14 0.020698978 
923 231 19 24 0.020697024 
357 126 8 11 0.020696953 
855 344 11 14 0.020692436 
896 37 8 10 0.020690646 
384 134 8 11 0.020687873 
800 322 19 23 0.020686172 
657 179 9 12 0.020681798 
878 55 8 10 0.020678377 
775 30 8 9 0.020673122 
294 88 7 9 0.020672174 
973 224 18 23 0.020669488 
382 152 8 10 0.020666389 
679 166 9 11 0.020661438 
845 301 9 13 0.020657446 
78 255 9 11 0.02065474 
696 68 8 10 0.02065404 
616 191 9 11 0.02065045 
654 206 8 9 0.020650048 
81 448 11 15 0.020643357 
801 140 9 12 0.020634975 
592 71 7 10 0.020631697 
982 39 8 11 0.02060358 
145 165 8 10 0.020602275 
378 94 7 10 0.020593122 
167 108 8 10 0.020555677 
949 339 12 14 0.02053238 
964 241 19 23 0.020531528 
816 71 8 10 0.020528344 
456 404 10 12 0.020522851 
71 79 8 11 0.020511996 
330 415 18 21 0.020500865 
389 254 10 11 0.020498605 
192 158 8 10 0.020482805 
414 223 9 12 0.020478562 
117 331 17 23 0.020469312 
432 332 11 13 0.020437686 
863 188 10 12 0.020435397 
781 13 9 11 0.020434452 
667 267 18 23 0.02043321 
505 127 7 9 0.020426959 
679 226 11 12 0.020404026 
999 385 12 16 0.020403834 
71 207 8 10 0.020402405 
958 65 18 24 0.020387473 
199 142 7 9 0.020379258 
732 429 12 14 0.020376885 
393 64 6 8 0.020358156 
525 593 8 11 0.0203544 
207 199 7 10 0.020353477 
588 166 20 25 0.020332294 
845 182 9 10 0.020326052 
894 5 9 10 0.020323168 
462 183 8 10 0.020316802 
838 288 9 10 0.020314116 
168 199 7 9 0.020299198 
211 453 13 15 0.020285813 
137 406 8 11 0.02027648 
136 148 9 11 0.020266652 
547 222 19 24 0.020265704 
535 23 7 10 0.020261731 
497 14 8 9 0.02025823 
1 258 19 27 0.02025443 
520 236 10 11 0.020254098 
639 55 8 10 0.020216582 
465 196 8 12 0.020214183 
809 594 12 15 0.020212358 
593 48 7 8 0.020196527 
172 229 9 12 0.020194586 
392 55 8 9 0.020182947 
814 273 8 9 0.02018275 
161 142 8 12 0.020172916 
280 181 6 8 0.020170443 
575 102 8 10 0.020170268 
567 348 10 13 0.020150784 
485 261 11 13 0.020148398 
223 524 11 15 0.020145513 
152 5 10 11 0.020142024 
151 140 10 12 0.020141028 
70 130 11 13 0.02013932 
566 340 10 13 0.020135984 
245 119 8 10 0.020128638 
967 341 10 14 0.020120503 
543 23 9 10 0.020118486 
519 182 8 11 0.020116055 
496 312 17 21 0.020111255 
529 342 10 12 0.02010498 
1008 80 8 11 0.020083364 
400 77 8 9 0.020074718 
655 216 17 23 0.020069681 
182 45 9 11 0.020065645 
915 387 21 25 0.020062739 
447 136 8 9 0.020061068 
494 396 10 13 0.020046707 
624 158 7 10 0.020026641 
