2_Demonstration_Protesters_2_268
63
395 239 32 37 0.99853027 
283 243 29 37 0.99504095 
844 212 35 44 0.9937401 
592 210 36 41 0.9918785 
74 208 41 52 0.98836064 
535 258 25 32 0.9786012 
189 216 28 47 0.7895278 
366 242 27 35 0.706799 
985 256 27 30 0.6736142 
689 231 25 35 0.36330217 
477 225 24 30 0.35793185 
752 212 23 33 0.32506546 
18 241 15 19 0.22372419 
460 235 15 18 0.1953982 
515 266 12 15 0.15266803 
238 238 29 33 0.13968065 
278 337 33 38 0.12953803 
252 239 19 25 0.09230896 
763 208 30 32 0.08097107 
695 188 22 30 0.07834151 
755 226 27 31 0.075670265 
512 276 11 14 0.07011543 
321 205 9 10 0.06885433 
468 228 22 28 0.06522984 
456 241 14 16 0.05855926 
200 278 39 49 0.057861988 
810 155 12 15 0.05784272 
373 236 45 54 0.05682172 
976 251 42 50 0.055695854 
284 316 47 56 0.04746921 
928 157 11 14 0.044564642 
511 257 19 27 0.041805297 
928 153 9 12 0.041697137 
635 239 15 18 0.04159194 
462 228 38 45 0.03852748 
169 221 38 44 0.0374306 
286 317 10 11 0.03678961 
487 226 17 22 0.03633506 
540 255 16 18 0.035832513 
1014 133 8 12 0.03386241 
781 211 21 35 0.033548955 
301 324 11 13 0.031769186 
44 669 14 15 0.031552244 
552 154 9 12 0.031149894 
688 563 14 16 0.030264577 
572 208 14 18 0.029625049 
224 242 33 34 0.02882214 
338 200 9 11 0.026516926 
305 328 36 40 0.026440624 
308 220 11 13 0.025806779 
705 187 16 23 0.025787102 
557 232 22 29 0.02556582 
1003 365 20 40 0.025137108 
252 320 12 15 0.02476365 
524 255 23 30 0.023572886 
742 565 13 17 0.023491774 
398 194 12 15 0.023076145 
769 223 27 32 0.022014089 
14 242 30 34 0.021700056 
686 555 23 28 0.021211257 
308 233 16 22 0.021087263 
1014 149 8 13 0.020302152 
526 260 44 49 0.02019684 
