2_Demonstration_Demonstrators_2_195
43
690 61 111 130 0.9994672 
322 188 61 85 0.99565446 
390 184 75 110 0.99342394 
282 220 31 44 0.93050593 
48 220 20 23 0.36312127 
911 164 94 170 0.2931376 
462 164 40 49 0.23449762 
75 267 10 13 0.14954956 
398 157 12 15 0.10813868 
517 13 24 28 0.094465524 
41 223 29 32 0.08796411 
314 37 23 25 0.07283813 
289 217 19 27 0.06745704 
990 40 23 32 0.049850497 
852 19 32 39 0.048401106 
539 255 60 52 0.04504596 
225 168 52 64 0.041105576 
34 228 43 52 0.038883463 
466 5 53 59 0.0369143 
13 276 48 80 0.03606937 
535 49 13 16 0.035462063 
511 54 13 14 0.03224234 
602 71 19 23 0.032168936 
506 -2 45 46 0.031891655 
433 17 13 17 0.031741705 
886 34 28 30 0.03083341 
546 257 35 32 0.029819064 
294 227 30 46 0.028115125 
203 179 64 74 0.027913563 
527 124 15 19 0.027346723 
888 34 15 19 0.025519548 
393 151 22 26 0.023956627 
44 214 18 22 0.023765339 
1003 443 21 39 0.023208255 
856 164 40 39 0.023205364 
156 229 101 106 0.022256164 
259 196 48 63 0.02205301 
619 300 32 44 0.021519097 
495 138 32 37 0.021198787 
929 20 28 29 0.02104048 
967 24 15 18 0.021032955 
204 243 56 60 0.020331698 
371 47 15 18 0.02026811 
