2_Demonstration_Protesters_2_56
110
813 196 58 76 0.99894804 
393 399 66 90 0.9987503 
625 332 64 77 0.99856454 
880 279 63 78 0.9981786 
487 470 69 78 0.99421376 
737 432 81 91 0.990555 
238 392 53 64 0.97328633 
682 235 19 24 0.88179207 
25 358 100 145 0.6846658 
341 361 25 34 0.46977678 
697 220 15 18 0.40025747 
709 257 32 41 0.37204918 
654 225 25 31 0.329883 
885 210 33 49 0.28521425 
985 285 31 43 0.26180533 
294 551 50 59 0.25215468 
4 210 180 250 0.23235098 
332 372 28 38 0.21627638 
796 154 24 28 0.20689552 
708 697 48 62 0.20684029 
687 221 22 28 0.1897819 
277 366 27 34 0.16666712 
849 160 27 28 0.15807961 
665 521 41 51 0.14609255 
965 240 50 76 0.1456143 
669 159 12 17 0.13555776 
316 709 52 66 0.10824353 
602 249 25 36 0.10377674 
665 201 21 29 0.10121877 
981 240 30 44 0.091448 
664 231 24 32 0.089966126 
344 384 28 32 0.08202155 
672 217 35 48 0.08058561 
525 291 52 57 0.080522396 
331 392 15 23 0.077462025 
670 196 14 19 0.07719147 
275 93 37 40 0.07703844 
654 246 25 36 0.07029785 
867 166 36 42 0.06950948 
79 410 33 45 0.06426738 
659 210 25 30 0.06390779 
53 380 60 92 0.060040332 
857 160 34 35 0.057065163 
727 694 55 56 0.05671634 
949 223 50 68 0.056125436 
738 693 24 31 0.052734263 
806 686 13 17 0.0523059 
530 0 153 212 0.051253263 
670 209 22 28 0.051141106 
890 192 30 47 0.050951876 
877 184 32 49 0.049985755 
546 470 45 63 0.049496558 
253 373 49 58 0.046898235 
485 321 28 47 0.04678975 
666 240 15 20 0.04619224 
728 700 25 40 0.043430172 
485 60 10 13 0.037431993 
443 104 28 31 0.03721486 
760 704 27 33 0.036131408 
714 683 113 95 0.035758566 
641 259 27 32 0.034591768 
189 345 19 24 0.034408122 
610 255 27 37 0.032933947 
525 484 40 52 0.032617405 
857 158 15 17 0.032559603 
694 213 24 30 0.031822283 
447 85 13 14 0.030937485 
740 712 14 21 0.03047382 
973 223 34 41 0.030421231 
665 225 16 22 0.03001859 
680 675 83 103 0.028999863 
613 246 12 17 0.028516347 
591 198 21 27 0.028296698 
872 60 11 13 0.026595835 
627 209 15 19 0.02638656 
835 150 44 48 0.025867779 
644 232 17 21 0.02563892 
792 147 40 48 0.025620513 
619 207 26 30 0.024957558 
262 94 32 35 0.024836136 
84 240 54 67 0.024803463 
962 57 27 31 0.02452327 
989 252 17 25 0.024247855 
603 327 50 65 0.024226472 
359 380 29 37 0.024025505 
693 233 23 30 0.024018412 
644 270 36 46 0.023842957 
685 218 15 20 0.02362782 
449 40 9 11 0.023366265 
258 413 38 48 0.023269998 
751 553 238 247 0.023258721 
868 162 17 20 0.0229546 
847 163 16 18 0.02271456 
98 257 19 27 0.022388032 
512 37 102 125 0.022270983 
655 219 16 20 0.022217311 
979 230 17 20 0.022060445 
351 371 30 35 0.021810599 
744 555 19 22 0.021786055 
986 220 34 50 0.021586092 
371 390 14 20 0.02151688 
855 151 11 14 0.02132871 
826 391 32 45 0.021107538 
465 47 8 10 0.020616246 
999 283 25 38 0.02054411 
-59 150 307 397 0.02043689 
996 252 24 39 0.020325921 
608 272 15 22 0.0203194 
739 709 30 36 0.020253677 
337 373 12 17 0.020163918 
