2_Demonstration_Political_Rally_2_301
329
645 271 10 12 0.4889977 
521 260 11 14 0.37214327 
255 244 12 15 0.37163725 
687 263 9 12 0.3522782 
624 271 10 12 0.31463724 
469 244 9 11 0.28700477 
545 279 9 12 0.27990785 
487 244 9 11 0.24514271 
432 257 9 12 0.21778952 
568 279 11 12 0.19676435 
344 254 10 12 0.18941385 
329 262 8 10 0.17977515 
607 267 10 12 0.16226928 
390 245 9 12 0.16210245 
410 285 11 13 0.15986156 
362 269 9 12 0.15221664 
424 277 10 12 0.14750235 
553 263 9 11 0.14709696 
523 256 11 12 0.13657282 
411 292 10 13 0.13442552 
470 261 8 11 0.12759842 
629 272 9 11 0.12346424 
653 296 10 13 0.11763557 
334 279 10 13 0.11506474 
663 280 10 12 0.114700794 
677 321 15 18 0.113221854 
616 268 10 12 0.11156297 
311 263 9 11 0.10227528 
463 260 8 12 0.10181435 
382 254 11 12 0.099848054 
488 263 9 11 0.09926806 
318 254 9 11 0.098610714 
421 310 8 10 0.09672314 
343 245 11 13 0.09639521 
464 284 9 13 0.093651846 
553 326 10 12 0.09244346 
488 269 9 11 0.09178166 
550 269 9 11 0.09101909 
503 270 9 11 0.08996979 
301 253 9 10 0.08927978 
429 270 9 12 0.08851107 
360 264 9 12 0.08829754 
168 278 9 11 0.087516315 
495 269 7 11 0.08467267 
342 240 10 12 0.08296913 
471 310 8 10 0.08259424 
654 277 8 12 0.081362374 
486 318 7 9 0.07981664 
337 240 9 11 0.07675476 
411 268 11 13 0.07574377 
351 238 10 12 0.075559504 
663 261 10 11 0.07506763 
329 279 10 13 0.07447065 
549 283 9 11 0.073984474 
544 272 9 11 0.073410556 
160 271 9 12 0.07246956 
573 271 9 11 0.072045885 
358 255 8 10 0.07177808 
173 286 7 10 0.069826804 
357 232 9 11 0.06976199 
391 285 8 10 0.06919024 
132 294 10 13 0.06917486 
640 274 11 14 0.06785787 
695 277 10 13 0.066848576 
48 230 11 13 0.06660472 
510 271 9 11 0.06627089 
21 231 11 15 0.06624693 
520 286 9 11 0.066101804 
591 278 11 13 0.063198335 
501 254 9 11 0.06307454 
173 279 7 9 0.06303117 
392 301 8 10 0.062774874 
656 285 8 11 0.062308002 
181 272 8 10 0.059767544 
208 262 7 10 0.059592254 
399 247 10 12 0.059113853 
691 262 10 12 0.058863245 
535 295 8 10 0.058621503 
260 252 11 14 0.05835949 
382 260 10 12 0.057953157 
343 375 12 14 0.057860885 
505 311 8 10 0.05785375 
359 275 12 15 0.057575643 
182 238 8 10 0.05751739 
390 262 9 12 0.057137378 
510 312 9 11 0.05661765 
389 241 9 11 0.055586662 
409 264 10 13 0.05424275 
415 301 8 11 0.053823 
866 413 26 34 0.053203158 
376 259 10 13 0.053180896 
145 216 9 11 0.053021505 
423 282 10 12 0.05259134 
264 260 10 12 0.052533135 
313 318 8 11 0.05237567 
470 255 8 11 0.052303348 
120 274 10 14 0.05206972 
413 278 11 14 0.051557116 
494 245 10 12 0.05122403 
231 253 8 10 0.050665688 
312 255 9 11 0.050040707 
727 350 9 11 0.050037194 
162 276 9 11 0.049981486 
126 272 9 10 0.049127154 
326 255 8 11 0.04839096 
673 239 8 9 0.04780491 
288 361 10 14 0.047732882 
506 317 8 10 0.047118846 
518 293 9 10 0.04700652 
479 326 8 10 0.04691923 
456 260 10 13 0.04688694 
106 268 10 14 0.046501182 
405 246 9 11 0.045852296 
556 267 10 12 0.045827687 
258 239 13 14 0.04580949 
571 283 10 13 0.045419227 
343 363 11 13 0.045356307 
393 279 8 11 0.045291614 
136 270 8 11 0.04505068 
693 270 11 14 0.044786096 
305 263 9 12 0.04443804 
396 271 9 11 0.044430017 
276 252 11 13 0.044196602 
560 304 9 10 0.044103466 
193 261 9 12 0.043111585 
222 264 7 9 0.04272982 
432 302 9 11 0.042228796 
349 259 10 12 0.041942544 
321 326 7 10 0.041915547 
364 261 12 15 0.041429557 
273 237 10 14 0.04113985 
215 270 8 10 0.04048907 
217 264 8 10 0.04037747 
479 271 10 12 0.03998755 
482 320 7 9 0.03939268 
596 278 12 14 0.03908413 
339 278 11 13 0.03858064 
736 250 10 12 0.03841249 
270 253 13 14 0.038261704 
397 278 9 11 0.038224366 
448 259 10 13 0.038089473 
104 264 9 11 0.038059603 
240 263 9 12 0.038043655 
494 264 9 11 0.037898824 
329 267 9 12 0.037801683 
197 261 9 12 0.037682276 
482 245 9 11 0.037600677 
494 240 9 11 0.037398662 
543 303 7 10 0.037286796 
628 462 9 11 0.037025265 
159 254 8 10 0.036959 
616 277 9 12 0.03684965 
389 250 11 13 0.03677965 
409 299 10 12 0.03642117 
181 297 9 11 0.03602733 
181 253 8 11 0.036010854 
432 294 8 10 0.03585682 
422 305 8 10 0.035820644 
176 272 8 10 0.03581978 
633 293 8 11 0.03577381 
495 302 9 11 0.0355689 
149 220 7 10 0.035480976 
34 270 8 10 0.035386484 
357 281 11 15 0.035023343 
433 326 8 11 0.034991335 
584 276 9 12 0.03487178 
297 248 10 13 0.034676906 
698 275 11 13 0.03447029 
501 262 11 12 0.034422938 
318 319 8 10 0.034127828 
797 295 13 18 0.03387657 
686 341 9 12 0.03385695 
101 254 8 10 0.03380604 
590 271 10 12 0.03371283 
535 299 8 11 0.03368447 
246 269 9 12 0.033516433 
518 279 10 12 0.033411242 
465 304 8 11 0.033263005 
652 272 9 12 0.03324333 
687 257 9 11 0.033140417 
693 284 11 14 0.033109784 
688 286 11 13 0.03308279 
269 260 11 12 0.032353967 
600 264 10 12 0.032252036 
682 267 10 12 0.032187782 
391 324 7 10 0.032078877 
435 260 10 13 0.0319597 
684 317 12 17 0.031935703 
558 309 10 12 0.031901773 
641 265 10 12 0.03173251 
144 253 9 11 0.030945856 
641 266 18 22 0.030841416 
166 272 9 12 0.030825995 
17 253 8 11 0.030781677 
239 237 9 11 0.030497102 
526 278 10 13 0.03041489 
178 238 8 10 0.030403879 
949 388 18 19 0.030402964 
213 278 9 11 0.030367859 
536 271 10 12 0.030301342 
657 316 11 14 0.030276895 
512 276 9 11 0.03017856 
133 288 9 11 0.030121168 
489 294 8 10 0.0300572 
385 285 8 9 0.029586254 
177 294 8 11 0.029503671 
30 228 11 14 0.029483063 
182 247 8 10 0.029259555 
217 303 8 9 0.029243596 
208 254 8 11 0.029150857 
152 269 8 11 0.029048188 
288 337 8 10 0.028893985 
384 318 9 11 0.028869994 
552 258 9 10 0.028644899 
415 253 10 11 0.028516226 
434 319 8 9 0.028501777 
424 255 10 12 0.028465968 
322 334 8 10 0.028462451 
678 247 8 10 0.02825248 
272 232 9 11 0.028177889 
232 231 9 11 0.028096452 
0 244 9 14 0.028072981 
94 247 9 11 0.028007625 
669 285 8 10 0.027987653 
5 240 9 12 0.027987314 
433 310 9 10 0.02774877 
405 280 19 24 0.027539834 
479 262 10 12 0.027260287 
144 248 9 11 0.027103333 
65 269 11 15 0.026996773 
502 239 8 11 0.026860647 
5 246 9 12 0.026855562 
126 232 9 11 0.02664509 
486 253 10 11 0.026363552 
366 247 9 11 0.026357446 
478 311 9 10 0.026353959 
294 262 11 12 0.026336676 
398 302 7 10 0.026232792 
353 278 10 13 0.026116924 
380 365 12 13 0.026069213 
222 294 8 11 0.02602219 
150 262 8 11 0.025967818 
680 254 8 10 0.025943248 
277 245 10 13 0.025931403 
198 256 8 10 0.025877189 
466 241 9 10 0.02585552 
544 308 8 10 0.025761228 
153 236 8 11 0.025691502 
456 329 8 10 0.025673948 
213 247 9 11 0.025658395 
535 276 11 13 0.025605278 
573 291 10 13 0.02559957 
440 278 8 11 0.02556359 
501 246 9 11 0.025526611 
430 285 8 10 0.025507214 
647 292 20 25 0.025480084 
605 276 12 14 0.0254435 
366 254 11 12 0.02543227 
79 256 7 10 0.025199214 
719 269 9 11 0.0251193 
38 246 11 13 0.024884827 
479 348 9 11 0.024859175 
705 255 8 9 0.024638524 
493 294 8 10 0.024439957 
552 311 9 10 0.024370205 
437 310 8 11 0.024342027 
317 259 10 12 0.02429759 
244 262 10 13 0.024130944 
737 238 10 12 0.024010003 
32 264 9 12 0.023985721 
406 240 8 10 0.023948137 
614 283 10 12 0.023933453 
319 248 10 12 0.023913791 
720 263 9 12 0.02387491 
342 270 10 11 0.023792654 
497 308 8 10 0.023647549 
472 268 9 12 0.023603307 
558 285 9 12 0.02342844 
334 270 8 10 0.02342013 
151 232 9 11 0.023330009 
239 246 9 11 0.02329661 
480 285 8 10 0.023249375 
407 311 9 12 0.023081956 
668 279 9 11 0.023020318 
677 239 8 10 0.022782087 
247 254 10 11 0.022656923 
680 286 10 12 0.022656515 
495 287 8 11 0.022645973 
557 257 10 11 0.022643073 
238 254 9 11 0.02237024 
485 274 10 12 0.022319581 
557 318 10 14 0.02222658 
121 252 8 11 0.022193383 
558 277 11 12 0.022143614 
501 302 9 11 0.021998098 
466 309 9 12 0.021952944 
398 262 9 12 0.02195082 
264 278 9 11 0.021822713 
375 277 9 13 0.021794261 
647 283 10 13 0.021646112 
739 244 12 15 0.021641225 
750 245 11 13 0.021627517 
328 291 9 12 0.021567626 
30 222 11 13 0.021538185 
536 285 10 11 0.021442348 
201 238 8 11 0.02143274 
134 264 9 11 0.021220457 
518 310 12 14 0.02115201 
286 207 7 9 0.02110282 
20 243 11 14 0.021040607 
269 286 8 11 0.021013785 
472 317 8 9 0.02092214 
199 287 7 9 0.02091919 
631 284 10 13 0.020875977 
513 294 8 10 0.020866415 
310 212 9 10 0.020843787 
486 313 8 10 0.020821271 
674 245 8 10 0.020812465 
311 247 9 11 0.02075802 
120 213 12 14 0.020603396 
512 326 7 10 0.020455137 
122 231 8 11 0.020370409 
735 340 9 12 0.020361457 
400 285 9 12 0.020332582 
437 326 8 10 0.02032096 
226 254 7 9 0.020213844 
176 261 9 11 0.020206489 
358 310 8 10 0.02010154 
142 271 8 12 0.020097531 
