2_Demonstration_Political_Rally_2_807
20
861 656 9 11 0.07802275 
493 189 189 264 0.07386804 
858 662 8 10 0.049030926 
785 654 9 11 0.043783616 
918 643 9 11 0.040504623 
77 616 10 12 0.03859471 
415 36 35 42 0.033046532 
898 656 8 11 0.030808553 
885 655 8 10 0.030722214 
3 581 12 14 0.030541316 
783 659 12 13 0.026383039 
426 49 356 433 0.026360579 
296 597 8 9 0.02581618 
356 94 11 16 0.025702573 
662 326 54 64 0.02439543 
561 276 129 152 0.024069864 
838 3 46 50 0.022094607 
282 356 24 30 0.021146981 
360 328 14 17 0.020817656 
287 362 14 18 0.020244615 
