2_Demonstration_Political_Rally_2_335
503
269 264 52 62 0.99903893 
401 261 55 63 0.9989311 
670 416 60 69 0.998787 
941 114 31 38 0.9984269 
616 81 27 33 0.99836046 
577 60 30 33 0.9983171 
325 105 33 38 0.9982492 
880 151 28 37 0.99823666 
731 79 28 36 0.9982317 
891 340 53 65 0.99819857 
702 318 52 60 0.9981501 
753 174 35 43 0.99804616 
379 332 53 63 0.9975211 
210 279 53 72 0.997195 
279 431 47 59 0.99697435 
472 174 35 43 0.9968731 
821 478 70 78 0.9967924 
247 552 65 86 0.99679 
349 499 64 82 0.9966792 
232 229 40 45 0.9965072 
59 140 36 39 0.996262 
606 161 34 41 0.9961653 
307 326 58 68 0.9960295 
241 178 31 35 0.9959733 
782 567 73 84 0.99584264 
329 424 66 73 0.9956541 
861 64 25 30 0.99520075 
-1 229 31 48 0.99482006 
146 147 29 37 0.9944794 
68 89 26 30 0.9944711 
664 65 25 31 0.9943427 
658 127 32 38 0.99423224 
30 147 29 32 0.99389267 
485 128 27 34 0.9922242 
445 149 30 45 0.99187577 
271 194 31 37 0.99085313 
922 197 31 38 0.99069375 
7 331 42 55 0.9905509 
777 199 36 43 0.9901058 
135 479 49 72 0.98947173 
729 442 51 76 0.9891585 
33 218 32 42 0.98908234 
109 267 43 52 0.98878866 
107 149 31 34 0.98781615 
339 58 22 27 0.9865745 
488 243 45 55 0.9861648 
860 117 22 29 0.98571384 
65 206 39 44 0.9833308 
474 439 48 71 0.9831336 
245 94 24 32 0.9826973 
695 213 41 43 0.9826245 
445 374 41 55 0.98251134 
739 141 30 35 0.98229676 
86 235 39 48 0.9819041 
37 77 23 30 0.98124874 
519 197 32 40 0.9773629 
572 329 40 48 0.9771876 
907 5 18 23 0.9746289 
850 168 30 36 0.97268933 
171 187 42 46 0.9713604 
157 260 36 45 0.97063375 
142 99 23 28 0.9685153 
877 309 33 49 0.95286727 
846 216 46 45 0.9520685 
4 404 47 62 0.9476308 
986 6 21 23 0.94469255 
476 294 40 52 0.9389001 
78 401 48 56 0.9331144 
546 564 69 91 0.932561 
356 159 40 38 0.93213415 
756 254 29 41 0.92948574 
576 135 34 41 0.9224769 
610 414 48 51 0.91995454 
664 178 38 41 0.9196577 
142 227 36 41 0.91950446 
816 74 27 32 0.90887845 
263 145 25 30 0.9068024 
572 481 47 59 0.90499866 
661 230 40 48 0.8980332 
181 26 15 21 0.89506966 
275 327 43 54 0.8863086 
193 263 33 47 0.88496554 
568 113 24 30 0.88232297 
536 258 29 41 0.875727 
356 227 39 43 0.87234807 
833 56 19 23 0.8715899 
542 220 44 43 0.8654674 
170 75 18 24 0.85555017 
-1 495 40 51 0.8524528 
292 99 30 40 0.851334 
649 92 25 34 0.840955 
647 83 22 29 0.83000314 
13 34 17 20 0.8298752 
773 154 28 32 0.7771927 
827 430 43 52 0.7513953 
776 246 32 44 0.7321425 
802 126 25 28 0.7176201 
342 278 46 54 0.7146008 
895 223 28 35 0.7145613 
648 301 34 37 0.7116989 
713 77 15 18 0.6874657 
940 408 40 51 0.6687202 
718 12 11 15 0.65826917 
569 120 33 38 0.65808904 
129 259 42 53 0.65352005 
905 65 18 23 0.6432017 
750 56 17 21 0.6269419 
931 30 15 19 0.6226359 
72 182 37 43 0.6193864 
332 34 16 23 0.6121874 
50 209 36 48 0.6108014 
298 428 52 61 0.60610163 
692 66 15 20 0.60598445 
65 60 23 27 0.5827645 
584 107 27 32 0.5817805 
124 118 22 30 0.5703526 
212 13 11 14 0.53272486 
781 51 14 19 0.5161522 
642 235 30 35 0.5150914 
615 57 16 20 0.5087926 
337 155 26 33 0.48421827 
835 188 25 33 0.4749916 
17 51 19 23 0.43866703 
628 293 26 33 0.4369745 
467 28 29 36 0.43388805 
662 41 14 18 0.42316222 
71 47 22 28 0.40821913 
-1 75 17 20 0.3912783 
0 135 23 36 0.38688374 
28 1 16 14 0.36912566 
308 105 27 33 0.36201864 
214 44 12 15 0.34553948 
917 97 21 27 0.31125697 
363 211 42 45 0.31075424 
557 386 25 37 0.29849467 
688 116 23 30 0.28785616 
14 40 21 25 0.28531286 
455 113 27 34 0.28405917 
786 5 9 12 0.2838499 
691 306 30 39 0.2832862 
810 112 30 34 0.2748032 
820 185 24 31 0.27394477 
98 531 38 58 0.2717989 
68 71 24 28 0.27046594 
225 241 50 64 0.2640795 
169 51 14 18 0.26227513 
785 15 8 11 0.25628117 
765 186 37 45 0.25352803 
407 66 15 21 0.25334793 
636 132 25 32 0.25220016 
193 114 18 24 0.25068784 
184 57 14 18 0.25016022 
758 13 10 11 0.24897377 
46 404 50 60 0.2479619 
0 21 10 17 0.23903118 
66 26 15 17 0.23854338 
411 92 21 30 0.22936048 
1 121 21 32 0.22502613 
166 412 56 75 0.21823071 
310 54 14 20 0.21472588 
202 60 12 16 0.21240225 
344 251 53 62 0.21107689 
278 167 32 38 0.20821139 
350 207 28 32 0.2056912 
318 193 20 31 0.20332818 
455 129 40 49 0.20095061 
291 559 49 64 0.20073837 
813 178 24 30 0.19068827 
652 75 25 31 0.19042951 
161 139 32 38 0.1883785 
679 66 21 26 0.18520655 
27 74 23 31 0.18415497 
816 98 32 35 0.18196666 
134 111 25 32 0.17961742 
741 33 13 17 0.17539585 
247 267 46 63 0.17515956 
938 0 16 14 0.17422235 
449 124 29 34 0.17381765 
539 269 37 48 0.16824493 
914 26 13 18 0.16767356 
643 401 29 42 0.16541311 
589 261 30 39 0.1626424 
457 269 26 34 0.16138446 
781 97 17 22 0.16092083 
58 240 29 40 0.15881331 
184 507 40 61 0.1514959 
403 431 42 61 0.14484812 
694 19 10 13 0.1423415 
538 297 33 46 0.14075212 
4 78 22 29 0.13527608 
750 30 10 13 0.13328224 
34 40 14 17 0.13120301 
858 52 23 27 0.13067676 
741 4 11 14 0.12719052 
783 129 30 34 0.1269102 
153 212 43 51 0.124209166 
460 647 45 46 0.12414565 
142 239 44 54 0.12053937 
513 210 34 43 0.11933932 
751 452 53 71 0.11821925 
22 77 15 22 0.1164204 
233 6 12 16 0.11570086 
889 6 13 15 0.11546247 
24 56 19 22 0.11408774 
24 413 47 59 0.11401857 
71 243 34 41 0.113678664 
273 157 30 35 0.11354381 
209 630 39 51 0.112627685 
780 60 13 19 0.10626773 
200 503 45 58 0.10468008 
68 159 38 45 0.10208249 
269 242 40 41 0.10124813 
284 42 11 15 0.10025316 
904 43 25 31 0.09885581 
42 139 35 45 0.097364075 
789 31 10 12 0.09464182 
752 5 10 12 0.0929519 
212 96 17 22 0.09280333 
134 356 40 52 0.092377886 
-1 32 10 17 0.09215039 
412 137 26 31 0.091843486 
858 43 18 20 0.091046244 
621 575 32 43 0.08598394 
919 59 23 31 0.08442884 
102 69 10 15 0.08426917 
251 234 46 58 0.08194254 
863 160 26 34 0.081892915 
470 144 42 52 0.07912421 
828 196 19 25 0.07890819 
741 70 24 31 0.07805188 
755 70 17 23 0.07768811 
771 222 43 55 0.07721418 
363 167 43 48 0.076755404 
717 164 25 32 0.07632128 
742 47 22 26 0.07596366 
666 511 56 64 0.07588832 
172 260 39 55 0.07548257 
23 41 21 25 0.07545225 
670 187 42 50 0.075003825 
386 301 52 68 0.074975446 
519 217 45 53 0.07473595 
634 93 29 36 0.073799916 
751 1 10 11 0.0734128 
505 367 28 41 0.0723231 
504 381 33 47 0.071751386 
584 197 33 38 0.07111319 
973 5 25 26 0.071111076 
906 203 37 46 0.070889555 
639 422 49 57 0.070855804 
118 71 15 20 0.070768535 
265 203 41 49 0.069282755 
205 52 12 17 0.06809973 
776 456 49 65 0.06773003 
217 207 26 35 0.06661752 
448 137 19 22 0.06556263 
757 22 10 13 0.06398456 
481 0 18 19 0.063814834 
657 36 13 18 0.0637593 
47 248 28 38 0.063342355 
594 565 54 66 0.06241699 
563 251 40 55 0.0622127 
385 168 20 23 0.061167333 
11 311 30 45 0.06104825 
966 11 14 18 0.059826884 
789 2 9 10 0.059253775 
654 108 34 42 0.0585483 
177 13 10 12 0.057337128 
743 201 30 40 0.055491194 
467 45 26 36 0.055355817 
824 5 9 13 0.05531882 
151 1 10 11 0.054906595 
5 147 24 34 0.05472339 
769 165 38 48 0.054051545 
612 336 16 22 0.05348567 
470 119 34 39 0.053429913 
967 4 13 16 0.052879967 
353 437 60 70 0.052511685 
827 63 19 22 0.05242742 
2 27 14 18 0.05196298 
122 44 12 16 0.051018797 
56 63 24 29 0.050319206 
21 478 43 57 0.049874783 
619 101 22 30 0.049388852 
164 128 26 31 0.04922381 
557 204 44 50 0.049138226 
6 3 12 13 0.049110554 
62 6 11 13 0.048879523 
533 607 50 75 0.048580762 
69 10 15 17 0.048513465 
330 41 24 31 0.047988866 
34 122 24 29 0.047329597 
684 206 36 40 0.046448547 
755 27 12 14 0.046334885 
207 83 13 18 0.045794874 
159 453 51 81 0.04523836 
187 23 12 17 0.044680785 
107 538 19 28 0.04456636 
24 319 44 58 0.044558033 
562 106 20 24 0.04439637 
672 247 33 42 0.04396587 
320 55 24 29 0.04354035 
276 295 52 71 0.043489244 
772 28 10 13 0.042985063 
163 166 43 51 0.042425685 
737 34 20 27 0.041936904 
246 377 45 55 0.041602176 
47 0 11 12 0.041584857 
153 21 9 12 0.041158125 
177 7 9 12 0.041107118 
785 35 12 16 0.041087367 
173 63 21 25 0.040840756 
124 109 14 20 0.040819775 
177 21 13 18 0.040494006 
245 188 39 47 0.04023413 
314 562 35 47 0.039982 
543 162 33 32 0.03961514 
191 276 42 61 0.039235123 
184 439 47 68 0.039117344 
933 59 13 19 0.03904099 
174 419 36 42 0.039031256 
303 193 31 38 0.038976625 
33 431 47 60 0.038964946 
298 91 20 27 0.038788404 
-2 159 23 38 0.038706344 
401 239 27 39 0.038682543 
689 11 14 17 0.03794988 
316 250 31 45 0.037845846 
60 79 24 31 0.037322044 
118 127 26 35 0.036827724 
89 168 31 37 0.03681964 
95 156 33 38 0.036817122 
102 44 13 18 0.03643233 
665 265 30 35 0.03639616 
334 265 40 49 0.036023647 
704 160 30 38 0.035715763 
970 17 14 18 0.03564418 
635 308 40 48 0.035611555 
597 46 11 14 0.03543313 
924 73 13 19 0.035164133 
876 211 43 50 0.035007603 
476 -3 28 32 0.03486384 
530 205 39 40 0.034803856 
824 1 8 9 0.034771133 
184 118 25 30 0.034580123 
713 79 23 29 0.034496784 
184 300 29 44 0.034451816 
848 197 35 44 0.034216356 
15 134 34 45 0.03381821 
281 227 43 51 0.03335394 
462 290 36 48 0.0331446 
7 34 14 19 0.033131268 
-1 178 12 23 0.032860823 
403 74 21 33 0.032696728 
788 143 38 45 0.032592494 
663 44 21 28 0.03253098 
424 233 36 42 0.032509156 
431 624 38 49 0.032343443 
598 343 28 35 0.032038007 
821 200 21 29 0.03191889 
53 0 11 12 0.031896804 
691 278 41 47 0.031882722 
572 188 36 40 0.03181162 
536 180 43 49 0.031783815 
76 143 31 35 0.03173492 
661 33 13 16 0.031690348 
625 86 28 33 0.031623766 
91 24 14 19 0.03162017 
638 279 41 47 0.03160197 
824 333 25 38 0.031426944 
878 79 23 29 0.031113703 
239 44 12 16 0.030753225 
458 110 17 23 0.030537171 
890 5 21 26 0.030185634 
763 132 25 30 0.030078787 
915 70 17 22 0.030040704 
763 150 25 32 0.029950412 
913 281 29 42 0.029930124 
285 188 34 41 0.029890565 
272 508 27 33 0.029830059 
658 282 29 36 0.029819738 
197 106 21 26 0.029780222 
103 561 26 42 0.029747037 
752 23 11 14 0.029543867 
813 79 18 23 0.02947241 
837 318 36 50 0.029428046 
726 30 10 14 0.029317789 
808 456 55 71 0.029301217 
828 27 11 13 0.028980495 
194 290 18 24 0.02874159 
289 159 32 36 0.028614597 
782 109 25 32 0.02833167 
735 173 37 48 0.028259484 
545 314 32 44 0.0281527 
602 331 27 34 0.028114734 
809 47 9 12 0.02802744 
468 29 18 22 0.027968533 
749 134 36 46 0.027899526 
135 52 13 17 0.027805956 
822 486 42 49 0.027672915 
47 83 19 24 0.027655095 
168 156 32 36 0.027488058 
656 297 22 23 0.027374594 
832 201 30 38 0.027202712 
812 52 10 14 0.026958574 
209 11 18 24 0.026917605 
751 218 26 38 0.026891125 
122 149 30 36 0.026888281 
775 46 13 17 0.026797334 
133 1 10 11 0.026777942 
12 58 22 26 0.026747033 
968 -3 42 41 0.026736718 
638 111 26 35 0.02640898 
776 23 9 13 0.02624617 
446 237 41 53 0.025896525 
255 173 28 36 0.025454707 
686 1 23 28 0.025407262 
204 432 13 16 0.025321776 
585 174 42 49 0.025110213 
656 407 18 26 0.024971524 
736 254 33 40 0.02490821 
624 296 15 21 0.024766963 
45 21 10 13 0.0247587 
137 371 54 73 0.024710005 
751 236 30 47 0.024680592 
868 98 14 17 0.02467217 
914 29 24 29 0.0246668 
119 19 10 13 0.024558587 
337 459 58 79 0.024421396 
454 629 43 50 0.024232972 
788 20 10 13 0.024230102 
914 57 18 24 0.024226394 
856 36 13 16 0.024196327 
388 241 49 62 0.0241734 
218 11 12 16 0.0240512 
605 278 28 37 0.024031002 
903 37 13 17 0.023944966 
320 535 47 64 0.023922632 
517 619 30 43 0.023922548 
786 44 13 17 0.023892555 
418 438 44 67 0.023816176 
35 202 29 37 0.023750285 
778 5 9 12 0.02372616 
675 216 34 42 0.023675276 
-1 85 15 24 0.02366001 
340 144 17 21 0.023658006 
972 1 14 13 0.023561336 
330 252 33 45 0.023514062 
485 387 50 65 0.02345046 
397 164 25 31 0.02338069 
225 222 31 36 0.023167336 
277 174 18 24 0.023060633 
563 226 34 36 0.02300059 
624 398 37 51 0.022944694 
0 136 13 22 0.02284733 
151 27 11 15 0.02284211 
181 15 11 14 0.022755412 
761 56 15 21 0.022676572 
844 183 18 24 0.022450466 
551 170 33 35 0.022430222 
406 89 18 25 0.022416381 
813 22 9 12 0.022179367 
686 250 44 53 0.022146722 
49 317 28 36 0.022140088 
940 8 14 16 0.022121534 
656 31 11 15 0.022119064 
574 454 51 61 0.022088468 
518 261 41 53 0.02207628 
990 280 33 66 0.022051217 
535 380 38 52 0.022026174 
62 29 22 27 0.021945318 
724 152 28 36 0.021927789 
218 18 12 17 0.021911405 
517 302 34 45 0.021841023 
675 286 40 49 0.02175265 
825 438 65 75 0.021668369 
8 293 27 41 0.021624641 
908 33 15 20 0.02161153 
149 124 27 33 0.02157425 
611 344 28 36 0.021563627 
920 410 51 68 0.021525154 
917 73 23 31 0.021443231 
818 69 18 22 0.02138906 
68 121 29 36 0.021273734 
623 328 43 52 0.021224704 
618 445 36 54 0.021122688 
527 622 33 48 0.020963252 
724 5 12 15 0.020889824 
22 289 41 51 0.020887366 
10 311 17 24 0.020792719 
584 129 21 24 0.020783579 
194 428 19 21 0.020555018 
767 133 15 18 0.020529479 
309 91 26 32 0.020497954 
619 298 26 38 0.020445684 
855 56 15 21 0.020381978 
15 154 30 37 0.020262515 
735 30 14 17 0.020234127 
668 118 35 42 0.020231722 
480 33 17 22 0.02022194 
823 93 22 26 0.020167792 
287 91 25 34 0.02006497 
393 163 17 22 0.020021776 
887 17 13 18 0.020018691 
