2_Demonstration_Political_Rally_2_83
448
882 553 110 129 0.9996942 
403 306 85 116 0.9993766 
600 492 93 129 0.999342 
506 213 52 60 0.9991781 
168 0 30 36 0.9991239 
290 568 102 137 0.9986141 
122 524 100 118 0.9978398 
627 392 86 96 0.99762946 
206 225 54 70 0.99686605 
181 155 46 57 0.99675876 
558 80 33 39 0.99653983 
883 334 79 84 0.9934263 
72 215 56 63 0.9932787 
3 393 82 98 0.99270904 
625 65 30 36 0.9926449 
888 158 47 55 0.9923955 
225 263 71 96 0.9923316 
560 295 70 76 0.9907431 
290 34 29 35 0.9888343 
444 115 37 49 0.98813766 
109 79 32 41 0.98771626 
476 84 33 38 0.9872787 
678 612 102 105 0.9861443 
216 60 39 50 0.98598456 
97 292 68 82 0.98566854 
307 71 29 37 0.9828068 
385 154 30 42 0.98138565 
173 386 76 98 0.97823125 
1 71 33 43 0.9776113 
230 119 42 54 0.97731346 
265 19 21 27 0.97696346 
200 109 34 42 0.97465456 
322 164 51 63 0.9741964 
428 33 27 35 0.96768785 
808 134 40 52 0.967503 
400 110 31 38 0.96682143 
789 121 33 40 0.9644252 
743 151 40 50 0.9590036 
475 17 25 30 0.957461 
870 30 25 29 0.9405756 
824 64 23 32 0.922139 
235 12 27 35 0.9138631 
45 180 41 54 0.8900108 
558 185 28 39 0.8783135 
495 42 24 30 0.8675861 
387 66 27 31 0.8410856 
957 148 41 52 0.83289146 
781 43 22 26 0.82535875 
972 446 54 91 0.81970954 
109 574 104 130 0.80594265 
403 200 52 63 0.8032058 
669 51 22 26 0.77689743 
750 20 21 26 0.7737342 
885 76 32 40 0.75776726 
474 173 40 49 0.7415917 
831 336 37 43 0.73225904 
375 247 45 61 0.7017898 
3 129 53 65 0.7017516 
816 40 20 22 0.69737184 
508 -1 27 24 0.6816201 
601 111 38 46 0.6767453 
215 242 59 80 0.67530733 
930 198 46 61 0.6366139 
919 -1 21 22 0.6317348 
277 74 34 41 0.6241258 
115 43 28 35 0.61159796 
412 1 22 23 0.6095396 
950 415 51 60 0.60337776 
80 36 28 31 0.5775487 
33 62 28 39 0.5707504 
631 234 32 39 0.5503956 
301 0 17 19 0.53469 
292 71 32 37 0.5341847 
343 30 25 32 0.5331021 
967 210 57 91 0.5277819 
941 80 31 37 0.5127775 
475 41 25 31 0.49342635 
997 126 23 35 0.454795 
377 95 31 35 0.4451018 
730 378 63 91 0.43733072 
970 82 36 46 0.43333092 
390 217 54 67 0.42843336 
245 184 41 47 0.41297325 
800 25 16 19 0.41001076 
253 67 23 34 0.40863177 
133 444 38 47 0.39993036 
445 67 28 32 0.38514605 
604 61 24 29 0.38445982 
69 48 35 45 0.37426847 
552 408 46 62 0.35820994 
42 290 38 50 0.3390492 
327 84 27 34 0.33184752 
760 95 26 32 0.32664508 
621 38 22 26 0.3205999 
536 45 26 30 0.31767333 
25 3 25 27 0.30977708 
667 92 29 35 0.2850205 
267 5 22 25 0.2733371 
386 3 27 27 0.26757237 
587 18 22 27 0.2660908 
340 20 24 31 0.26361674 
567 43 20 24 0.2629752 
692 7 19 22 0.2555569 
55 190 48 59 0.2532565 
489 201 50 62 0.25098273 
376 0 26 25 0.24966891 
953 80 37 48 0.23991999 
947 11 22 27 0.23874669 
590 51 17 21 0.23387687 
397 76 27 32 0.23205301 
834 17 16 20 0.23065162 
66 296 45 60 0.22550476 
464 185 40 51 0.20490615 
215 371 59 79 0.1938716 
880 131 30 38 0.19229083 
978 120 40 58 0.18931249 
613 213 44 56 0.18364683 
-1 158 30 45 0.17535302 
880 97 28 34 0.1624771 
593 183 42 56 0.15985227 
665 35 26 29 0.1531347 
792 44 16 21 0.14821333 
329 20 25 32 0.14451718 
146 373 49 60 0.14359565 
609 25 17 20 0.14349829 
296 27 20 23 0.14100263 
989 93 35 42 0.13757211 
984 0 19 19 0.13591772 
825 326 28 44 0.13351214 
944 201 53 76 0.13168043 
196 63 26 37 0.12703277 
550 394 31 57 0.12620977 
946 161 35 40 0.12609842 
310 283 48 65 0.12584077 
823 35 19 20 0.1223626 
366 264 35 50 0.121114664 
7 98 53 61 0.12110749 
120 322 61 76 0.12037887 
284 59 32 40 0.12037716 
635 246 36 41 0.118731685 
380 55 26 32 0.118337855 
349 135 32 37 0.116379954 
618 112 40 53 0.109634094 
892 9 24 32 0.10848873 
948 24 27 31 0.1083871 
583 95 40 51 0.107487924 
137 177 34 41 0.106877975 
263 78 31 40 0.10605393 
794 8 17 20 0.10559176 
88 303 46 54 0.10554007 
600 70 30 35 0.1052023 
787 177 33 39 0.104219705 
535 33 24 28 0.10419995 
572 178 41 55 0.10362596 
720 204 36 52 0.10114373 
109 212 37 42 0.09978517 
904 6 22 27 0.09817708 
343 9 28 32 0.097403765 
403 93 29 36 0.095095985 
62 137 39 46 0.09341207 
645 109 37 52 0.09116659 
-1 257 27 51 0.08911545 
139 423 55 67 0.08825932 
431 22 27 30 0.08810998 
749 51 21 26 0.084952906 
659 29 22 28 0.08400443 
541 68 23 30 0.08371661 
631 -2 28 26 0.082092926 
672 56 27 34 0.08198937 
295 51 37 44 0.08185702 
910 0 22 25 0.08006084 
130 70 29 38 0.07951153 
945 95 33 41 0.0785097 
986 32 23 27 0.07748155 
370 0 20 20 0.07621825 
111 60 31 37 0.07452452 
211 100 43 52 0.07413705 
198 126 42 54 0.07404241 
596 90 28 34 0.07394704 
758 144 45 52 0.07365474 
669 -1 19 14 0.0724787 
17 68 33 40 0.07247531 
827 26 18 21 0.07124637 
352 2 26 28 0.06991043 
823 47 19 22 0.06930045 
627 50 24 28 0.06890513 
569 84 39 47 0.067749836 
429 180 44 57 0.06716591 
386 105 31 38 0.0669917 
134 351 52 66 0.06629084 
757 293 35 39 0.06613258 
722 0 23 23 0.06585367 
155 386 58 69 0.06569451 
600 20 21 26 0.0655834 
105 622 71 82 0.06533098 
599 53 23 27 0.06498786 
578 43 23 27 0.064667806 
40 51 43 50 0.06379679 
668 383 86 98 0.063787 
69 0 15 12 0.062858276 
880 141 39 54 0.062028952 
300 247 39 48 0.06202433 
567 427 41 48 0.061495267 
586 159 48 60 0.06142231 
258 0 17 14 0.061022867 
721 301 34 37 0.0600626 
768 174 46 55 0.0590793 
619 421 106 143 0.058683135 
222 53 27 35 0.058607373 
796 31 16 22 0.05825259 
444 149 32 40 0.05817623 
985 156 38 48 0.057270356 
790 151 47 55 0.057167802 
636 125 33 43 0.0562941 
994 28 16 20 0.05623085 
983 9 24 30 0.056143336 
383 197 49 62 0.054824807 
392 13 19 24 0.054614242 
677 78 30 35 0.05439343 
-2 42 12 21 0.054344498 
186 68 23 30 0.054012824 
379 166 43 57 0.053898018 
612 27 22 27 0.05238594 
483 157 45 54 0.0523676 
993 2 17 17 0.05232685 
308 27 27 33 0.052299827 
235 203 51 62 0.05229765 
583 142 39 43 0.052110087 
805 37 22 28 0.051891558 
869 46 28 31 0.05155579 
599 86 44 51 0.051434036 
954 36 27 33 0.050745774 
504 101 24 34 0.05054098 
409 83 19 24 0.050252948 
873 20 21 26 0.049985684 
622 196 43 56 0.04981004 
897 86 29 36 0.04961449 
555 41 25 30 0.049144536 
900 0 16 19 0.048399806 
881 110 31 39 0.04736346 
238 5 16 19 0.04697969 
876 67 25 34 0.046329074 
5 28 25 31 0.04628307 
492 179 38 49 0.045857362 
701 120 38 49 0.045651194 
99 23 29 34 0.045623425 
118 94 31 40 0.04557762 
470 23 36 44 0.044899527 
462 145 43 54 0.044838388 
101 2 29 30 0.044786785 
737 180 45 59 0.044750042 
98 524 56 81 0.04404858 
490 90 31 37 0.044035308 
57 168 42 46 0.04399144 
963 158 47 68 0.043965105 
802 114 19 23 0.04389845 
295 170 42 56 0.043251485 
907 0 15 12 0.0432203 
14 7 28 32 0.042921063 
689 338 47 54 0.042913973 
601 133 44 49 0.042538535 
924 284 47 57 0.042479232 
767 103 29 35 0.04239947 
38 24 24 28 0.042366143 
654 30 16 21 0.042327896 
892 64 26 31 0.041995484 
842 332 48 58 0.0416487 
442 79 29 34 0.041630935 
436 48 30 38 0.041522186 
75 39 21 22 0.041398983 
749 33 25 32 0.040632423 
1013 56 11 18 0.040274862 
205 86 35 45 0.03960261 
783 194 37 46 0.03960063 
58 0 17 19 0.03909519 
831 59 19 25 0.03882638 
217 172 29 38 0.038661152 
0 109 36 42 0.03851479 
462 77 27 34 0.0384974 
756 170 34 40 0.038018964 
1004 33 16 21 0.037656903 
115 112 31 42 0.037523273 
875 12 18 19 0.03627555 
390 140 34 43 0.035948563 
342 148 38 45 0.035800688 
105 36 27 35 0.035748966 
32 7 28 33 0.03568288 
472 1 22 25 0.035581175 
941 427 75 92 0.035538163 
289 296 29 45 0.035395794 
121 35 16 22 0.035241496 
776 47 17 22 0.035174076 
1002 2 15 15 0.035073236 
374 48 23 31 0.035071477 
272 181 34 47 0.035066508 
748 0 15 14 0.03506587 
664 49 17 23 0.03504337 
884 15 25 33 0.034947034 
388 20 24 29 0.03493355 
0 36 24 33 0.034919143 
755 56 25 31 0.03491844 
252 133 36 44 0.034707487 
979 21 25 31 0.034617174 
847 0 13 13 0.03452104 
83 110 42 51 0.034475796 
609 55 38 47 0.034334168 
405 188 35 47 0.034064665 
934 109 39 50 0.033866614 
938 92 20 25 0.03380756 
241 101 41 57 0.033591658 
453 128 37 49 0.033538263 
115 2 18 18 0.033231296 
94 0 23 25 0.03317827 
358 146 44 52 0.032861304 
919 87 25 34 0.032857433 
487 21 18 22 0.032474633 
441 16 19 24 0.03236156 
228 28 27 34 0.03223848 
660 137 16 21 0.0316933 
68 13 21 27 0.031615753 
806 326 32 38 0.031589102 
891 49 24 28 0.031586215 
124 218 35 43 0.031441912 
596 221 31 36 0.031391017 
742 26 22 30 0.03128673 
485 335 34 42 0.031160947 
647 246 21 25 0.030831028 
85 2 15 17 0.03077023 
228 178 38 42 0.030536903 
692 77 23 32 0.030402657 
867 194 24 34 0.030066965 
208 274 50 76 0.03002256 
4 15 27 31 0.02998222 
247 80 30 41 0.02995054 
111 433 50 62 0.029845022 
-4 269 39 62 0.029703971 
230 20 20 24 0.02938795 
598 231 16 21 0.029361995 
70 315 53 64 0.029324053 
663 60 23 29 0.02908741 
388 260 54 68 0.028992822 
385 81 37 44 0.028742377 
743 14 21 27 0.02857998 
558 344 59 79 0.028502095 
637 242 19 22 0.027923409 
208 55 30 42 0.027804771 
813 71 26 33 0.027738372 
312 251 45 64 0.027732886 
406 172 30 39 0.02765464 
753 80 25 33 0.027443008 
19 269 41 62 0.027409952 
739 45 24 29 0.027368214 
352 26 19 24 0.027294228 
737 77 23 31 0.027062673 
496 182 22 25 0.027046349 
704 352 52 62 0.02685993 
128 11 26 32 0.026834939 
899 305 64 76 0.02655693 
108 546 30 47 0.026513373 
240 240 59 75 0.02649021 
763 84 18 21 0.026446816 
383 191 34 44 0.026381686 
865 60 25 31 0.026357763 
455 100 39 52 0.02630849 
738 56 17 22 0.026288968 
710 313 46 55 0.026277468 
295 87 37 46 0.026161728 
130 218 17 23 0.025925571 
321 96 33 40 0.025860397 
789 72 20 28 0.025849078 
-1 338 38 61 0.025649223 
502 34 22 31 0.025641682 
530 18 24 28 0.025614938 
783 57 24 31 0.025559286 
666 20 24 28 0.025548084 
389 37 27 32 0.02553246 
47 0 24 23 0.025469087 
325 6 29 33 0.025385965 
144 315 58 66 0.025312785 
310 106 38 47 0.025288915 
734 25 14 21 0.025220612 
736 216 31 42 0.025116768 
534 57 25 32 0.024991313 
977 -5 45 44 0.024976904 
514 110 15 21 0.02474233 
419 184 33 40 0.024546288 
252 0 16 18 0.02453279 
870 100 25 34 0.024525028 
902 52 22 27 0.024523761 
834 52 14 18 0.024435887 
948 57 44 53 0.024288004 
233 361 41 48 0.024259012 
39 1 19 22 0.02411902 
759 191 51 67 0.024016889 
302 44 21 26 0.023957653 
275 20 25 29 0.023912769 
630 536 104 125 0.023908317 
95 34 18 23 0.023770649 
995 135 29 53 0.023741746 
67 59 47 57 0.02369672 
314 17 25 31 0.023663756 
683 62 30 38 0.023596464 
971 6 25 30 0.02348034 
77 534 53 78 0.023307068 
416 7 24 30 0.023237547 
711 141 29 35 0.023126874 
121 126 31 39 0.02308453 
581 122 36 40 0.02288712 
316 135 32 39 0.022856928 
744 67 25 34 0.022808498 
611 6 14 16 0.022794072 
339 265 48 65 0.022647971 
664 75 27 36 0.022568194 
72 1 16 18 0.022558257 
813 -1 17 14 0.022554317 
263 66 19 26 0.022542786 
734 82 13 18 0.022370217 
609 53 19 22 0.022187041 
610 239 44 52 0.022072451 
638 216 36 45 0.02196069 
1005 49 22 30 0.021882836 
790 24 16 20 0.021700779 
826 82 18 24 0.021630311 
737 0 23 23 0.021600753 
387 0 20 18 0.021495044 
982 34 17 21 0.021345416 
943 7 40 43 0.021292109 
851 0 15 16 0.021211443 
579 18 41 44 0.021195779 
700 110 25 35 0.02118951 
649 135 19 25 0.021173758 
802 47 17 23 0.020985091 
288 263 50 74 0.02096419 
806 25 20 25 0.020871451 
1 55 28 40 0.02084745 
779 102 26 33 0.020781815 
310 5 25 28 0.020776166 
528 6 25 26 0.020719318 
991 4 26 29 0.020691171 
271 64 29 40 0.020599684 
683 91 27 37 0.020593103 
347 3 20 19 0.020530848 
691 29 23 29 0.020405907 
272 0 17 16 0.020354629 
821 0 24 24 0.020319246 
17 173 18 23 0.020261165 
635 59 39 47 0.020170894 
266 95 35 44 0.020163363 
