2_Demonstration_Demonstrators_2_595
22
269 116 184 247 0.99472225 
661 92 81 88 0.9945905 
424 255 327 437 0.17315444 
17 551 32 37 0.1330219 
451 355 201 275 0.1218069 
25 515 63 79 0.099307105 
165 382 392 433 0.078758895 
673 4 17 19 0.07769179 
34 485 35 38 0.052028485 
223 602 31 44 0.049506877 
71 523 32 46 0.04907684 
148 1 399 478 0.039870594 
7 425 30 49 0.032026652 
389 147 100 150 0.029136656 
217 512 236 222 0.028100569 
835 704 28 41 0.027009133 
15 458 91 119 0.026548939 
420 110 59 72 0.02571016 
15 506 31 38 0.025541386 
481 534 256 288 0.024445105 
454 199 47 81 0.023340339 
17 532 34 40 0.020085838 
