2_Demonstration_Demonstration_Or_Protest_2_615
68
759 256 28 33 0.999348 
2 266 34 42 0.99910444 
37 248 33 43 0.99863106 
429 249 32 38 0.9980812 
287 220 34 41 0.99799025 
895 243 32 36 0.99760026 
118 250 34 43 0.99731785 
826 251 29 33 0.9966673 
942 243 32 37 0.99585044 
506 268 24 34 0.9952192 
559 243 25 31 0.99520457 
610 259 24 30 0.98221797 
675 255 20 27 0.91458863 
181 250 29 31 0.87659085 
718 269 20 25 0.48735327 
652 271 23 26 0.37622648 
532 249 22 26 0.1881684 
375 207 43 57 0.16494443 
548 245 23 30 0.13063087 
358 273 23 30 0.1197721 
336 214 31 40 0.11398344 
661 264 22 28 0.09802945 
710 266 20 31 0.09332946 
535 282 25 27 0.08912861 
525 233 24 28 0.08314531 
590 292 16 19 0.077141084 
323 217 28 37 0.055177208 
538 243 15 19 0.05350543 
357 192 39 44 0.03946097 
308 219 29 37 0.038835283 
728 269 18 22 0.038170952 
618 253 16 20 0.038003545 
191 255 27 32 0.0379365 
614 267 25 32 0.03774159 
794 226 29 37 0.037189253 
1011 243 12 17 0.03698008 
624 261 18 25 0.036033344 
165 265 12 17 0.035797477 
405 226 46 57 0.03570207 
700 270 18 26 0.035469953 
629 265 24 31 0.035130654 
494 244 23 26 0.03317604 
758 203 14 17 0.032784373 
653 261 18 22 0.031765066 
674 266 18 24 0.027979221 
796 208 45 57 0.027193477 
339 223 18 22 0.026914962 
807 230 40 50 0.026388887 
636 246 15 18 0.025994433 
420 213 16 17 0.025701793 
809 253 27 34 0.025462952 
393 229 18 25 0.025141777 
579 248 15 21 0.025080143 
166 246 23 33 0.024624582 
523 227 16 19 0.023861354 
808 284 13 16 0.023743538 
628 251 13 18 0.023460211 
684 258 21 30 0.022833204 
3 223 21 29 0.022764623 
359 256 36 53 0.022712179 
162 258 23 29 0.022608168 
335 193 53 65 0.022482716 
378 262 30 38 0.020710897 
674 279 16 20 0.020585008 
505 239 21 27 0.020519761 
669 259 18 25 0.020383727 
552 467 27 32 0.020352965 
511 234 13 19 0.020198137 
