2_Demonstration_Political_Rally_2_741
104
123 499 28 54 0.9870193 
571 479 45 60 0.9855181 
738 477 15 21 0.9010136 
202 477 27 40 0.7859313 
671 434 12 15 0.33520553 
656 438 10 12 0.2771757 
758 445 11 14 0.2130342 
731 451 11 16 0.18191883 
64 476 26 38 0.18188684 
759 450 13 16 0.16420102 
870 494 51 65 0.1607797 
783 438 12 14 0.15656297 
832 455 8 11 0.14970368 
196 401 36 39 0.12388872 
796 496 16 19 0.108939745 
641 439 10 13 0.102653556 
792 484 23 28 0.09734619 
86 517 35 41 0.0940953 
772 476 11 15 0.08802825 
588 414 24 32 0.083229326 
667 469 13 17 0.08210907 
753 444 11 14 0.07357247 
725 453 14 20 0.07233494 
645 444 9 11 0.071774945 
718 449 15 20 0.069646195 
724 443 14 20 0.06942582 
824 455 10 12 0.06864694 
604 421 15 21 0.06852207 
241 413 25 31 0.06834088 
75 493 34 55 0.067315176 
836 454 8 12 0.059760768 
901 459 9 13 0.055418473 
763 444 11 15 0.05014865 
781 460 16 20 0.04873251 
766 440 9 12 0.04772832 
691 471 16 19 0.04548329 
837 483 12 17 0.04426075 
744 477 16 19 0.04371878 
717 438 15 17 0.04275532 
904 496 42 57 0.040969133 
658 430 10 13 0.039829202 
670 420 11 14 0.039781716 
660 444 10 12 0.03936236 
720 429 11 13 0.03896739 
756 481 14 19 0.0352931 
781 451 15 19 0.03456892 
955 505 41 53 0.033073504 
783 473 25 31 0.0328587 
675 431 12 15 0.032609418 
733 469 15 22 0.03233545 
777 468 21 28 0.0319537 
767 471 11 16 0.031835824 
183 391 34 47 0.031191649 
51 490 37 54 0.030000046 
883 461 26 33 0.02965692 
661 436 11 15 0.029631091 
963 453 12 15 0.029051028 
265 412 40 49 0.029016212 
726 479 16 22 0.028488083 
894 460 14 17 0.028464224 
670 414 10 14 0.028442236 
774 470 12 17 0.028405763 
663 429 11 15 0.02804654 
630 438 10 14 0.02716714 
832 482 12 16 0.02677887 
695 462 12 16 0.026410041 
741 451 13 16 0.026204446 
710 457 14 17 0.025825622 
659 397 12 15 0.025679056 
685 452 10 15 0.025530882 
848 459 82 108 0.0253448 
895 439 9 12 0.024988826 
763 478 15 21 0.024696989 
260 418 15 21 0.024669632 
263 410 26 35 0.024572589 
687 428 10 12 0.024563432 
439 386 30 36 0.02443869 
519 395 29 44 0.024240121 
487 732 47 74 0.023839688 
672 463 20 28 0.02383828 
645 420 12 17 0.023693342 
644 427 10 13 0.023631671 
274 395 23 32 0.023568287 
677 460 12 15 0.023488171 
306 439 26 35 0.02343799 
569 412 45 48 0.023082962 
812 442 13 15 0.022996312 
711 428 9 12 0.022734601 
684 436 11 14 0.022696154 
620 442 12 15 0.022443322 
85 174 399 432 0.022431472 
780 433 18 23 0.022312935 
283 384 24 33 0.02186931 
814 452 10 13 0.02163319 
859 433 14 15 0.02124591 
32 492 42 57 0.021206673 
693 427 11 14 0.021019133 
678 454 10 13 0.020790983 
617 260 24 31 0.020773826 
949 453 9 12 0.020714479 
703 429 9 13 0.020393658 
246 429 26 38 0.020356359 
686 459 11 16 0.020327197 
544 400 33 43 0.020026553 
