2_Demonstration_Demonstration_Or_Protest_2_368
191
736 219 30 37 0.993852 
643 230 17 24 0.97856414 
374 224 17 24 0.9587669 
609 239 22 27 0.9493 
877 240 22 33 0.9392742 
5 216 15 19 0.91332084 
35 248 16 20 0.90493244 
979 260 23 28 0.82477254 
519 219 15 19 0.75739473 
564 243 14 19 0.7210026 
300 234 16 20 0.66762084 
174 237 13 15 0.5270437 
426 228 13 16 0.48061913 
460 238 12 16 0.42105144 
151 236 11 14 0.41983047 
954 276 15 20 0.37178427 
93 229 13 17 0.3295665 
574 222 14 18 0.2792816 
724 235 14 19 0.2523968 
968 256 15 19 0.21543771 
444 283 12 15 0.20842876 
722 225 24 32 0.20547462 
828 206 10 13 0.2044068 
971 255 22 27 0.18979982 
1006 233 17 23 0.17775553 
879 238 14 21 0.16840811 
70 232 10 13 0.16191062 
151 220 11 14 0.15694347 
1008 255 14 20 0.15363485 
98 225 17 20 0.13708045 
156 227 13 18 0.13519846 
207 245 13 15 0.12057246 
962 260 22 28 0.11839543 
950 259 12 17 0.10889146 
455 229 12 16 0.108890206 
403 208 13 17 0.10583732 
950 253 20 28 0.09375601 
53 208 9 12 0.089778215 
874 241 37 47 0.08724379 
890 253 29 34 0.085375026 
828 241 12 13 0.084386036 
853 231 9 11 0.08200517 
804 276 13 14 0.08012204 
86 215 10 14 0.0767716 
849 230 9 11 0.071944416 
211 238 13 15 0.0702697 
466 237 14 17 0.070055075 
127 211 12 15 0.064027585 
965 212 26 31 0.06020857 
3 267 14 21 0.060184047 
971 298 23 32 0.058816195 
869 249 16 22 0.05859054 
69 211 12 14 0.05815053 
293 290 12 16 0.057885885 
476 237 12 15 0.05771211 
566 232 20 25 0.05567996 
5 166 9 12 0.05296625 
507 245 15 18 0.049163926 
872 231 9 12 0.049099058 
76 228 11 14 0.049039513 
788 204 16 19 0.048126128 
162 225 15 19 0.047882654 
172 246 16 19 0.047028676 
438 276 21 26 0.04675134 
63 229 11 15 0.046267048 
958 275 22 34 0.046092942 
44 236 15 18 0.045454778 
256 398 10 12 0.04470311 
867 284 13 16 0.0446019 
40 227 13 16 0.04367534 
105 190 11 14 0.04228198 
824 209 11 14 0.04219983 
903 206 10 12 0.04197497 
879 231 10 15 0.04180771 
325 251 12 15 0.04147703 
514 223 23 27 0.041475628 
447 243 11 14 0.03967462 
207 249 17 18 0.039503302 
48 206 11 14 0.039448123 
860 205 12 16 0.03937757 
553 223 9 12 0.038970158 
50 234 14 17 0.037743486 
88 232 14 17 0.037713114 
18 172 8 11 0.036694538 
965 226 31 37 0.036655337 
80 222 10 13 0.036521405 
174 221 10 13 0.036265977 
794 210 12 16 0.03618237 
690 264 15 17 0.0358706 
896 264 27 37 0.03578313 
808 220 12 16 0.03526705 
144 236 13 16 0.035239283 
904 294 26 34 0.035174586 
466 248 16 17 0.035156038 
47 183 9 10 0.035050977 
1 171 9 13 0.034935508 
149 216 19 24 0.034544494 
0 195 10 14 0.03408397 
47 190 9 11 0.03399945 
493 235 13 16 0.0331201 
877 281 14 16 0.032316398 
285 395 25 30 0.031982556 
963 286 25 35 0.031934254 
125 236 12 15 0.031788513 
149 230 18 24 0.03172564 
223 229 11 15 0.03159955 
3 189 11 13 0.03132207 
437 286 15 18 0.031086877 
44 222 13 15 0.030990247 
437 245 11 14 0.030542815 
293 237 18 21 0.030346991 
894 205 11 13 0.030243397 
167 233 14 18 0.03020082 
884 125 17 22 0.029787587 
31 182 9 10 0.029755304 
105 221 15 19 0.02940493 
888 206 10 12 0.02928357 
421 235 23 27 0.02923083 
287 298 11 14 0.029065738 
775 246 11 14 0.028971588 
70 311 10 12 0.028963445 
667 271 16 21 0.028897695 
106 165 10 13 0.02876685 
73 233 13 16 0.02849391 
895 199 10 12 0.028424142 
824 200 18 24 0.028413685 
200 244 13 14 0.028219776 
501 234 13 17 0.027835168 
384 225 15 20 0.02760043 
862 251 14 20 0.027512401 
229 394 14 15 0.027130932 
943 274 24 30 0.026908016 
655 317 14 20 0.026779074 
505 229 22 28 0.026627507 
840 222 10 13 0.026416577 
650 157 25 32 0.0264017 
328 301 10 12 0.026388753 
125 217 13 16 0.026302595 
428 283 13 16 0.026221968 
916 198 10 14 0.025723135 
1001 233 14 19 0.025713252 
836 258 16 21 0.025633607 
567 225 15 18 0.025594994 
802 269 22 25 0.025565011 
575 217 11 12 0.025307896 
477 230 12 15 0.025185928 
845 223 11 14 0.024914019 
142 222 21 26 0.024909543 
156 216 12 14 0.024909439 
214 227 12 15 0.024777723 
549 236 13 16 0.024668956 
342 350 8 11 0.024628913 
836 244 11 13 0.024588285 
460 222 13 16 0.024447074 
147 82 16 19 0.024183378 
288 292 12 14 0.024082635 
475 250 14 17 0.023760283 
873 236 10 14 0.023696283 
114 12 16 19 0.023647143 
373 203 12 14 0.02361492 
64 190 11 13 0.0231717 
47 318 8 11 0.023072759 
874 152 16 19 0.02292395 
53 180 9 12 0.022923106 
823 238 21 27 0.022683002 
130 205 12 14 0.022670751 
108 194 11 14 0.022624895 
435 227 12 16 0.022531575 
398 293 12 15 0.022526832 
68 180 10 12 0.02246035 
827 256 14 22 0.022303028 
222 243 11 14 0.022278015 
301 404 12 14 0.022270977 
287 244 11 15 0.022219138 
531 226 13 16 0.022137329 
83 276 14 16 0.02203319 
625 241 16 20 0.021900803 
901 284 25 30 0.021740561 
467 228 14 18 0.02157329 
467 220 12 16 0.021535626 
596 249 15 20 0.021359835 
491 72 30 36 0.021327155 
856 208 12 16 0.02131382 
119 195 11 15 0.02121875 
55 176 7 9 0.021147706 
963 242 26 32 0.020811524 
1 276 17 24 0.020806082 
292 402 13 16 0.020555092 
556 227 10 14 0.020319356 
470 233 20 24 0.0201985 
16 168 9 11 0.020083701 
