2_Demonstration_Demonstration_Or_Protest_2_158
238
988 217 31 38 0.9893763 
516 186 43 54 0.9870581 
184 217 28 41 0.9704179 
473 232 26 34 0.9662537 
855 238 21 25 0.93934506 
9 192 25 39 0.81838435 
61 263 15 20 0.7521036 
694 259 10 12 0.7400121 
675 258 12 15 0.6898559 
173 248 32 46 0.5614843 
371 241 16 20 0.54829717 
522 135 16 19 0.4761136 
100 257 16 19 0.45050573 
279 252 13 16 0.4174853 
881 131 17 22 0.36793318 
302 253 10 14 0.36362207 
818 116 26 33 0.3199326 
760 260 39 40 0.28321785 
398 255 12 16 0.26998812 
814 426 187 209 0.2648554 
29 161 20 34 0.2373414 
851 122 17 24 0.21516655 
499 236 15 20 0.20427327 
749 269 43 48 0.18207315 
353 233 8 11 0.15526462 
630 243 14 16 0.15430316 
636 252 8 11 0.14352551 
293 252 12 15 0.13469322 
615 252 11 13 0.12164861 
284 248 14 17 0.11867677 
868 208 40 53 0.112315886 
887 132 21 26 0.10331407 
862 145 11 14 0.10188055 
31 246 11 16 0.101342775 
308 254 9 13 0.10133057 
648 247 9 12 0.09956875 
252 259 12 15 0.09931958 
18 165 25 39 0.0930179 
283 254 16 19 0.088351645 
270 257 11 15 0.087678656 
665 252 11 14 0.08711767 
810 230 23 29 0.08595581 
321 237 9 12 0.082948714 
858 222 38 50 0.08050634 
264 253 10 14 0.07915942 
869 22 9 10 0.07797262 
365 245 17 22 0.077387266 
729 244 15 19 0.0742989 
376 213 9 12 0.07327376 
822 84 14 19 0.073022515 
370 250 21 27 0.07266538 
805 238 21 28 0.06884094 
689 258 10 14 0.066838935 
361 221 7 9 0.06674892 
621 253 9 11 0.06513585 
668 245 16 20 0.06292817 
418 222 8 11 0.062069006 
814 18 10 14 0.06101115 
335 238 8 10 0.06042852 
356 127 12 15 0.059399188 
446 216 14 18 0.05888301 
320 224 8 10 0.0581183 
820 239 14 17 0.05637438 
61 255 12 15 0.05405091 
119 240 12 13 0.053639952 
308 149 9 12 0.053361017 
738 254 82 93 0.0533157 
252 267 12 14 0.052915778 
43 267 10 15 0.052045986 
320 229 9 11 0.051617164 
769 273 35 41 0.05143105 
140 246 13 18 0.050178804 
328 258 10 15 0.04998535 
342 341 36 37 0.049776006 
677 264 12 14 0.04847573 
116 248 21 27 0.04818742 
670 281 13 16 0.047204 
468 238 20 24 0.046892386 
845 86 12 16 0.04661319 
523 145 14 17 0.046487212 
653 248 8 11 0.04553512 
397 223 8 10 0.045500692 
877 243 13 16 0.04523655 
654 280 15 19 0.044125002 
554 199 18 23 0.043977257 
391 252 13 18 0.04374263 
367 216 8 10 0.043527324 
94 264 14 17 0.04333948 
301 172 8 11 0.043100312 
377 209 9 11 0.042892765 
186 260 17 26 0.042617712 
98 255 13 14 0.04255869 
749 75 12 15 0.04237085 
382 208 8 11 0.042286433 
122 245 13 16 0.04211465 
431 191 9 12 0.041276705 
804 209 37 46 0.039980832 
767 74 13 15 0.03957079 
742 118 15 19 0.039397128 
896 134 17 21 0.038692433 
326 238 9 11 0.038387943 
543 152 10 12 0.038300455 
787 284 13 15 0.038221125 
127 247 25 31 0.037912555 
878 39 9 12 0.037238266 
357 231 9 13 0.037154272 
624 245 10 14 0.037079692 
229 97 216 253 0.036791004 
669 235 15 16 0.036720682 
379 239 10 13 0.035891835 
883 98 15 19 0.035304554 
521 154 16 19 0.03514137 
156 220 25 28 0.034366395 
533 189 34 40 0.03432099 
429 234 15 19 0.034174368 
877 16 9 11 0.033979964 
344 221 7 10 0.033733245 
5 197 39 54 0.033562124 
336 233 8 10 0.03301046 
631 257 12 14 0.032809846 
417 207 7 9 0.032779157 
845 156 22 30 0.03276282 
42 168 13 19 0.032589756 
620 238 20 26 0.032442525 
359 121 9 10 0.03172583 
701 256 9 12 0.031608757 
623 237 13 16 0.031077512 
718 230 10 11 0.030380629 
872 16 9 12 0.03023415 
881 71 9 11 0.030002503 
240 267 11 14 0.029986257 
654 252 9 12 0.029770806 
655 372 27 32 0.029739432 
775 263 23 24 0.028994454 
90 262 10 14 0.02862976 
417 228 10 13 0.028558226 
518 148 13 16 0.028425919 
754 68 14 18 0.028404526 
606 194 12 15 0.027889563 
667 289 17 20 0.027882403 
637 239 11 15 0.027435716 
264 240 10 12 0.02737222 
822 20 10 13 0.02713781 
269 246 12 16 0.02712016 
391 216 9 11 0.027102578 
378 260 17 22 0.027075045 
493 236 27 31 0.026894558 
607 251 16 17 0.026639113 
774 255 48 63 0.026602678 
383 221 8 11 0.026445122 
818 228 17 21 0.026297394 
334 243 9 13 0.026085496 
751 6 10 13 0.026006475 
187 212 18 27 0.025876012 
541 288 397 457 0.02586047 
288 237 11 13 0.025790822 
69 253 9 13 0.025536867 
325 230 9 11 0.025374841 
660 290 15 19 0.025302678 
436 218 16 19 0.025127128 
358 255 13 19 0.024994755 
690 254 19 24 0.024886124 
410 163 9 12 0.024859475 
424 235 10 14 0.024800893 
95 260 26 33 0.02476172 
286 191 8 12 0.0247572 
710 253 9 12 0.024673834 
803 84 13 18 0.024608199 
389 264 15 21 0.024547843 
796 244 25 31 0.024518736 
345 208 8 11 0.024223117 
837 83 13 19 0.02415316 
691 313 12 15 0.024078136 
815 83 14 19 0.023974728 
664 238 11 12 0.02392554 
664 304 13 17 0.0238481 
460 236 18 21 0.023801744 
813 71 12 14 0.023658115 
693 439 14 17 0.023647495 
260 277 11 15 0.023642777 
752 9 24 29 0.023562793 
646 238 9 12 0.023558315 
875 231 25 33 0.02355575 
862 46 9 11 0.02350797 
407 237 10 13 0.02347163 
868 76 11 13 0.023462221 
24 244 21 25 0.023424732 
744 25 10 14 0.023222065 
344 213 9 12 0.023181532 
261 267 12 15 0.023099456 
349 125 20 29 0.023058565 
89 255 8 11 0.023035804 
806 230 13 18 0.02279868 
660 384 15 18 0.022745723 
748 55 13 17 0.022709545 
370 271 17 20 0.022611883 
819 14 12 14 0.02254606 
309 156 9 11 0.02251502 
162 261 34 37 0.022408534 
794 229 22 30 0.022378877 
518 177 29 39 0.022328408 
245 266 12 14 0.022325797 
567 110 10 13 0.022257132 
124 262 17 24 0.022080965 
820 3 11 13 0.021978492 
621 231 11 14 0.02182539 
395 132 12 15 0.021817014 
336 222 7 9 0.021662617 
808 20 11 14 0.021661233 
675 230 13 17 0.02156855 
728 222 9 11 0.021565128 
727 239 13 16 0.021510798 
700 246 12 13 0.021428559 
512 148 11 16 0.021364296 
845 80 12 14 0.02134696 
614 245 20 25 0.021309702 
837 52 11 14 0.0210433 
342 236 9 12 0.020962674 
18 186 17 28 0.020957561 
343 232 8 10 0.020881997 
877 260 14 17 0.02083551 
382 229 9 12 0.02080444 
196 410 57 68 0.02079741 
431 224 21 26 0.020604225 
359 243 13 18 0.02053048 
740 6 11 13 0.020518601 
783 531 12 15 0.020395432 
1000 499 25 41 0.020378128 
174 227 15 18 0.020361466 
742 274 32 34 0.020323247 
288 230 9 12 0.020319197 
269 264 13 17 0.020266684 
36 260 14 18 0.020227201 
391 237 10 12 0.0202131 
312 229 8 11 0.020177197 
55 207 8 10 0.020081507 
163 225 51 55 0.020056332 
327 265 11 16 0.020009032 
