2_Demonstration_Protesters_2_531
3124
171 511 17 21 0.9959527 
606 328 15 21 0.99537694 
972 219 14 17 0.9937761 
751 361 15 19 0.9937117 
493 444 18 22 0.99186665 
643 479 17 22 0.9916202 
740 332 15 18 0.99161315 
978 434 18 25 0.9898868 
844 413 17 21 0.98907065 
39 285 13 17 0.9888898 
617 433 18 24 0.987927 
155 472 17 23 0.98735434 
696 322 14 18 0.9868122 
279 326 16 20 0.9862519 
793 392 16 20 0.98561853 
749 488 16 20 0.98446006 
453 320 14 18 0.98423195 
191 431 16 22 0.98385125 
91 278 13 17 0.983001 
125 539 19 23 0.98275363 
602 456 18 23 0.98226213 
116 509 18 23 0.9817193 
570 307 13 17 0.9816126 
134 302 15 18 0.9811029 
822 230 13 17 0.98108613 
283 500 18 22 0.98105925 
989 263 13 17 0.9806137 
470 280 14 18 0.97986823 
365 582 21 25 0.9770562 
233 489 17 23 0.9770487 
120 473 18 21 0.97672117 
627 388 15 20 0.9764326 
841 265 15 17 0.9759902 
94 240 13 17 0.9759251 
420 337 13 17 0.9755786 
312 491 19 23 0.9739033 
205 188 12 15 0.973813 
565 278 13 17 0.973559 
636 236 13 17 0.9735435 
586 492 18 23 0.97255725 
399 251 14 17 0.97207063 
20 361 18 24 0.97158176 
570 549 18 24 0.97035384 
933 262 13 16 0.97029614 
347 414 16 19 0.97027695 
455 510 19 23 0.96893513 
653 315 14 17 0.96812105 
847 196 12 16 0.9677871 
11 414 16 20 0.96507794 
835 313 14 17 0.9643528 
81 460 19 23 0.9628977 
989 388 18 23 0.96169436 
107 582 18 25 0.9616365 
928 540 21 27 0.960761 
903 364 16 19 0.9582474 
160 642 22 25 0.95762014 
959 314 14 17 0.9574252 
605 243 13 17 0.9572221 
247 473 16 21 0.95690584 
339 214 12 16 0.95644677 
895 406 17 22 0.95550686 
829 402 16 19 0.95512044 
22 243 13 16 0.95495224 
14 567 20 25 0.95431066 
866 463 19 22 0.95422435 
667 234 13 16 0.9529564 
356 302 15 17 0.95241183 
465 480 19 25 0.95224166 
830 189 11 14 0.9521419 
747 171 12 16 0.95196325 
677 141 10 13 0.9516667 
1003 579 18 25 0.95099026 
412 230 11 15 0.9509216 
655 262 14 18 0.9500769 
53 317 13 17 0.9491555 
134 250 12 16 0.9486573 
368 243 12 16 0.94821364 
405 475 19 24 0.9473699 
862 179 13 16 0.94658375 
480 426 14 18 0.94506747 
961 422 15 20 0.9444023 
377 425 15 19 0.94321615 
348 449 16 19 0.9415853 
958 238 13 17 0.9401143 
273 465 16 20 0.93950206 
264 275 14 17 0.9394604 
1005 225 14 17 0.93909407 
632 409 17 20 0.93754697 
899 264 14 17 0.93661 
412 523 20 24 0.93558514 
785 485 18 25 0.93505466 
20 435 17 21 0.93448454 
879 538 19 26 0.93389064 
615 303 15 19 0.9338719 
867 249 13 16 0.9316711 
452 237 13 15 0.93143356 
785 437 16 22 0.93138 
399 506 17 22 0.9303514 
678 197 13 17 0.9298344 
700 413 16 20 0.9296272 
429 414 17 19 0.92760783 
682 474 17 22 0.92706215 
126 217 12 16 0.92679656 
766 539 21 24 0.92666847 
774 261 12 16 0.9260237 
502 226 13 17 0.9251885 
226 651 21 25 0.92344415 
142 405 19 24 0.9222488 
496 195 13 15 0.91799337 
498 285 14 17 0.91744363 
275 183 11 15 0.915117 
61 492 17 22 0.9103883 
592 263 13 16 0.90907955 
70 205 12 15 0.9083769 
918 482 18 24 0.90780497 
50 372 14 18 0.9075812 
742 109 11 13 0.90556186 
882 235 12 15 0.90298665 
70 314 13 18 0.89926004 
237 285 13 16 0.8970916 
796 268 13 15 0.8965747 
140 621 17 24 0.8949017 
246 372 15 19 0.8942213 
685 447 15 20 0.8932123 
453 205 12 14 0.8924804 
772 122 11 13 0.89007455 
888 189 13 18 0.88667727 
716 270 13 17 0.8854784 
975 299 13 16 0.8843424 
295 651 20 26 0.8823061 
414 445 17 21 0.87778336 
651 390 16 20 0.8772772 
809 356 15 20 0.87726897 
680 388 17 20 0.8771442 
517 461 19 22 0.87372714 
750 421 17 21 0.873184 
666 543 15 25 0.8722956 
540 216 14 18 0.8715872 
810 255 13 16 0.8704649 
942 222 14 16 0.86929834 
788 570 14 19 0.86653185 
710 300 13 16 0.8628995 
584 327 14 18 0.8621075 
582 287 12 16 0.8620618 
410 158 10 13 0.86169404 
469 372 13 16 0.85987 
242 228 12 15 0.8596724 
344 286 12 15 0.8574534 
723 250 13 17 0.8526669 
584 206 11 14 0.8524769 
-1 605 13 23 0.8519791 
245 118 9 12 0.8442495 
958 180 12 16 0.8438189 
776 284 13 16 0.8430577 
793 118 12 15 0.8424606 
474 405 14 17 0.84031326 
198 253 13 16 0.840274 
997 319 13 16 0.83950233 
907 186 12 16 0.83813345 
874 141 11 15 0.83613366 
296 386 16 18 0.8330726 
266 573 16 21 0.8301634 
990 164 13 16 0.82827955 
925 330 13 17 0.8270143 
422 132 9 12 0.8234011 
379 261 12 16 0.8203014 
897 309 13 16 0.8169714 
683 173 11 13 0.8154479 
800 289 14 17 0.8138181 
787 326 14 16 0.8134524 
501 315 13 18 0.81332064 
618 358 16 19 0.8119061 
116 322 13 16 0.80951864 
334 511 20 23 0.8035606 
822 131 10 13 0.80326414 
22 474 15 19 0.8021651 
33 165 10 13 0.80162394 
95 422 15 21 0.79569113 
757 318 12 16 0.79408747 
810 435 18 20 0.7939711 
355 157 11 15 0.79039145 
552 180 11 13 0.79015136 
236 183 12 14 0.786208 
184 210 13 15 0.781319 
743 72 10 12 0.7748335 
39 317 13 17 0.7731557 
663 354 13 16 0.7677013 
425 209 13 16 0.7671828 
731 198 12 16 0.7666875 
485 148 9 12 0.7650479 
346 341 15 16 0.7645316 
356 223 12 14 0.76125246 
526 302 13 17 0.7605717 
354 477 17 20 0.75683576 
708 168 11 14 0.7538562 
659 51 12 14 0.74616355 
150 325 14 16 0.74591786 
476 315 13 15 0.74590904 
280 435 16 21 0.7426762 
670 21 9 12 0.7422672 
677 119 11 14 0.73788345 
777 455 16 20 0.7376132 
321 225 12 16 0.73110557 
635 213 12 16 0.73019624 
519 93 7 10 0.72927904 
278 141 10 12 0.7284195 
700 142 9 13 0.7261728 
228 245 11 14 0.72499007 
38 354 14 18 0.72102195 
758 92 10 13 0.71766496 
516 566 19 21 0.7141177 
744 248 13 16 0.714057 
897 170 12 15 0.709644 
518 503 15 20 0.70911634 
895 111 8 11 0.70552295 
423 301 14 16 0.7048306 
842 331 15 18 0.7046285 
154 286 13 16 0.7045279 
903 78 8 11 0.7040733 
438 116 9 12 0.70253724 
813 106 11 13 0.7019548 
407 198 12 16 0.6979203 
203 311 15 18 0.6928354 
943 94 9 11 0.69222075 
248 308 13 17 0.6895968 
872 224 13 16 0.6865972 
0 325 9 15 0.6804957 
668 433 15 21 0.6755268 
756 405 16 20 0.67341095 
307 212 13 15 0.6689436 
681 246 13 16 0.6674801 
357 137 9 12 0.6668191 
184 166 10 12 0.665298 
583 244 10 14 0.66356045 
287 163 11 13 0.66141546 
296 186 10 13 0.6607054 
294 143 9 12 0.65912336 
875 442 17 21 0.65754277 
712 117 11 14 0.6547649 
344 395 12 16 0.65393394 
175 238 11 14 0.65164775 
679 16 9 10 0.64801896 
472 350 10 13 0.64505076 
991 183 12 15 0.6420867 
734 25 9 12 0.6394872 
268 155 10 13 0.6378275 
850 363 13 16 0.6344381 
889 383 15 19 0.6332051 
62 258 13 16 0.6297875 
278 226 10 14 0.6296722 
12 206 11 13 0.6250108 
814 86 10 13 0.6231121 
768 95 9 12 0.62154585 
732 231 11 15 0.61171687 
896 292 13 17 0.61147386 
201 297 14 17 0.6090488 
105 265 12 15 0.6088684 
127 382 13 17 0.6086761 
319 176 13 16 0.6086625 
434 117 9 12 0.60693467 
987 339 14 17 0.6037667 
566 7 7 9 0.6013624 
270 63 9 11 0.5990794 
418 280 14 17 0.59437186 
47 229 10 14 0.59099054 
77 159 10 13 0.5851331 
757 119 10 12 0.58384454 
22 518 16 19 0.58083993 
767 227 13 16 0.57728314 
210 272 13 16 0.57246023 
675 281 16 17 0.5715523 
263 80 8 10 0.5624195 
328 241 12 16 0.56229615 
637 95 9 12 0.56011665 
623 110 10 14 0.559793 
388 120 9 11 0.5591242 
0 288 8 14 0.5530753 
98 214 11 14 0.5472482 
456 353 12 16 0.54563 
417 380 17 20 0.54173553 
667 370 13 17 0.5408359 
381 207 9 12 0.53804445 
319 56 8 11 0.5377883 
318 113 9 11 0.53264743 
161 143 9 11 0.5282687 
280 105 10 12 0.52641183 
210 94 8 10 0.52345043 
365 93 9 12 0.51329076 
518 320 14 17 0.50948745 
939 160 13 14 0.5061426 
317 254 12 15 0.50374174 
648 78 9 12 0.49460143 
633 300 11 15 0.4908848 
457 222 11 14 0.4897982 
767 219 13 17 0.48891336 
226 127 9 11 0.4829185 
582 94 11 12 0.4790226 
682 201 13 16 0.4741085 
228 219 11 13 0.4728437 
498 103 8 10 0.46966463 
457 139 11 13 0.46902743 
538 101 8 11 0.46806633 
805 24 10 12 0.46531978 
453 230 13 16 0.46478817 
659 117 10 12 0.46400353 
127 195 10 12 0.46134967 
656 112 11 13 0.45512417 
272 86 10 11 0.45458978 
897 78 7 10 0.44821584 
670 419 16 20 0.44727933 
209 119 8 10 0.44706357 
345 71 9 10 0.44609597 
241 155 10 12 0.4444174 
3 348 15 19 0.4431198 
849 243 13 15 0.44188696 
640 124 11 13 0.43999767 
716 91 11 13 0.43880978 
231 141 9 12 0.43710315 
394 140 9 12 0.4356372 
3 450 16 19 0.43476978 
642 31 8 11 0.43446636 
724 303 12 14 0.43441194 
800 189 10 13 0.43215644 
424 111 8 11 0.43070462 
112 105 9 11 0.4273546 
259 259 12 15 0.4260228 
784 93 10 12 0.42502484 
631 341 12 16 0.4215525 
912 103 8 11 0.42065373 
689 31 9 12 0.42017967 
781 78 8 11 0.42009157 
975 88 8 10 0.4168529 
22 612 22 28 0.4156442 
702 9 8 11 0.4154244 
499 370 13 16 0.41538885 
966 281 14 16 0.41481817 
995 642 17 27 0.4118522 
621 190 9 12 0.41078818 
391 104 8 9 0.41039285 
644 184 10 12 0.40481958 
318 77 8 11 0.39940536 
727 284 14 16 0.39830038 
197 127 8 11 0.39393675 
2 499 14 18 0.38576064 
782 86 9 12 0.38550043 
535 320 13 16 0.38316175 
856 164 11 14 0.3797536 
491 126 8 11 0.3780088 
544 120 9 11 0.3780066 
716 302 12 14 0.37761167 
622 85 9 12 0.37737763 
475 465 18 22 0.37592652 
189 165 9 11 0.3721093 
171 221 12 14 0.37119648 
760 150 9 11 0.37051645 
884 211 13 15 0.36837095 
590 111 11 14 0.3664874 
534 524 16 21 0.36564606 
153 512 16 19 0.36202097 
502 87 7 10 0.3599832 
294 116 9 13 0.35232872 
328 30 7 9 0.35196292 
310 92 9 12 0.3517333 
473 230 8 12 0.3515474 
551 89 8 10 0.35023102 
684 15 8 10 0.34966218 
445 85 8 10 0.34650233 
389 191 12 13 0.34610203 
448 102 8 10 0.3429424 
670 304 15 18 0.34202838 
918 108 9 11 0.3419115 
63 184 10 13 0.3405773 
820 205 11 14 0.3344961 
222 324 13 17 0.33425343 
261 324 14 17 0.33198753 
592 182 10 14 0.32961795 
625 46 9 12 0.32917503 
349 111 10 12 0.32913363 
300 255 11 14 0.3277278 
567 92 8 10 0.327474 
783 205 10 13 0.32533646 
837 138 11 14 0.32146746 
999 157 11 14 0.31860128 
95 80 7 10 0.31452203 
137 148 9 11 0.31423783 
777 15 10 13 0.31202662 
623 284 12 14 0.31122658 
117 173 9 12 0.31029588 
461 89 8 9 0.30988508 
327 72 6 9 0.3051761 
566 469 13 15 0.30465576 
994 6 8 10 0.30215618 
753 118 9 12 0.30078852 
718 16 9 12 0.3002267 
609 54 9 11 0.2999619 
375 126 8 10 0.29962793 
693 119 9 12 0.29521748 
89 62 8 12 0.29463345 
984 119 8 11 0.29334393 
514 119 8 10 0.2919892 
327 346 12 16 0.29024717 
826 357 11 15 0.28987512 
574 104 9 11 0.28932056 
1004 102 10 12 0.28705806 
504 172 10 12 0.2867385 
559 73 7 10 0.28392717 
244 328 15 18 0.28282124 
539 316 13 17 0.2806613 
501 104 8 12 0.27970514 
712 191 12 15 0.2788623 
176 128 8 12 0.277342 
419 574 14 21 0.27351865 
401 78 7 8 0.2729403 
1012 419 10 15 0.27262464 
46 317 12 16 0.27158427 
246 101 8 10 0.26969805 
230 249 12 15 0.2691907 
303 46 8 10 0.2691156 
666 377 13 18 0.2649847 
164 191 11 14 0.26471105 
334 87 10 11 0.26390725 
712 87 11 14 0.2637585 
633 54 10 12 0.2617182 
136 457 14 18 0.26078033 
371 382 13 16 0.26009548 
167 347 13 17 0.25920245 
277 430 15 19 0.2580303 
2 189 9 13 0.25691307 
334 136 8 10 0.25619584 
301 167 9 12 0.25560454 
636 60 10 13 0.2553172 
365 349 11 15 0.25500757 
45 395 15 19 0.25448632 
549 6 7 9 0.25444815 
815 73 9 11 0.2541772 
212 496 12 17 0.2520389 
224 215 10 14 0.2511779 
994 162 13 15 0.24951917 
426 86 7 9 0.24897538 
833 112 9 12 0.2476716 
756 330 13 16 0.24696755 
214 258 12 15 0.24642146 
328 142 9 12 0.24353132 
57 295 12 14 0.2419768 
834 292 14 16 0.2415352 
496 353 13 16 0.24093907 
868 329 13 15 0.24017438 
13 92 10 12 0.23942575 
961 110 10 12 0.23895395 
366 173 9 11 0.23663758 
550 119 9 11 0.23648937 
229 132 9 11 0.23422371 
865 119 10 12 0.2341291 
517 23 7 10 0.23322375 
50 193 13 16 0.23320131 
710 62 10 12 0.23175617 
672 17 10 12 0.23170263 
525 78 8 10 0.23118743 
638 190 9 12 0.23105823 
573 117 8 11 0.23064889 
331 124 8 11 0.2302612 
5 62 9 11 0.2298105 
614 117 10 12 0.22916299 
880 273 12 15 0.22833467 
608 6 9 10 0.22789243 
20 157 9 13 0.22755595 
73 222 11 15 0.22737612 
597 231 11 13 0.22726606 
221 172 10 13 0.22594285 
536 97 8 10 0.22496735 
610 495 16 20 0.22489877 
704 23 9 12 0.2242512 
391 88 7 10 0.22387388 
628 324 10 14 0.22185354 
182 301 10 14 0.2207645 
848 87 8 11 0.22024678 
731 361 14 18 0.21908155 
573 111 8 10 0.21872413 
354 345 15 17 0.21850641 
432 191 10 12 0.21727693 
1014 377 11 16 0.21582127 
696 96 10 11 0.21493684 
216 157 9 10 0.21342811 
937 1 9 8 0.21312371 
129 282 15 16 0.20938347 
885 99 9 11 0.20820022 
262 622 9 12 0.20779416 
543 77 7 9 0.2077032 
518 417 12 16 0.20741946 
747 191 11 13 0.2062938 
851 145 15 16 0.2060766 
1 157 9 15 0.20548613 
116 329 13 17 0.20536382 
86 308 13 16 0.2052621 
794 151 9 11 0.20486304 
801 80 8 11 0.20432982 
782 165 8 12 0.20328958 
847 104 9 10 0.2008652 
513 110 7 10 0.20083462 
669 87 10 12 0.19951513 
725 47 10 12 0.19923495 
24 315 12 15 0.1983279 
992 2 9 9 0.19777447 
168 214 10 13 0.19757962 
94 143 10 13 0.19565617 
95 119 8 11 0.19499075 
286 76 9 11 0.19461313 
862 76 8 11 0.1936648 
897 299 14 18 0.19336993 
817 11 8 11 0.19273056 
407 332 10 13 0.19207484 
853 109 8 11 0.19157305 
1008 256 11 14 0.19125147 
177 6 8 10 0.19105515 
822 302 11 14 0.1908075 
174 309 12 16 0.19050281 
767 118 12 14 0.19025315 
870 447 20 25 0.18999629 
470 125 9 11 0.18940043 
369 71 8 10 0.18900326 
367 38 7 9 0.18790856 
526 191 9 11 0.18784957 
729 5 8 9 0.18719263 
535 213 14 16 0.18716463 
617 195 10 13 0.18691148 
285 202 10 13 0.18651105 
577 229 10 12 0.18451832 
463 110 6 9 0.18442005 
262 118 9 11 0.1834749 
5 150 9 13 0.18339677 
229 102 8 10 0.18290356 
616 68 9 10 0.18256232 
686 119 11 13 0.18246056 
601 96 9 11 0.18208079 
489 79 8 11 0.17988643 
163 388 11 15 0.17948434 
94 171 11 13 0.17915596 
742 47 9 10 0.1784226 
286 110 9 11 0.17830864 
447 80 8 10 0.17821799 
647 11 11 13 0.17748612 
517 137 8 10 0.17610762 
45 52 8 10 0.1755198 
472 101 8 10 0.17483312 
181 128 8 11 0.17420207 
596 203 12 15 0.17392902 
1013 325 10 13 0.17360885 
760 155 10 13 0.17344996 
664 70 10 12 0.17263284 
471 73 8 11 0.17256498 
597 112 12 14 0.17166205 
815 77 11 14 0.1714973 
478 195 10 13 0.17130627 
302 101 8 10 0.17097661 
572 490 13 18 0.17034541 
759 0 9 9 0.169868 
276 385 16 18 0.16945308 
512 135 9 11 0.16919957 
252 363 16 20 0.16882966 
255 254 12 15 0.16858265 
213 120 9 11 0.16846861 
487 119 9 10 0.16786523 
312 8 7 9 0.16758595 
473 96 9 11 0.16739786 
848 109 9 12 0.16692851 
567 483 14 20 0.16656297 
424 102 8 11 0.16624622 
964 143 10 12 0.16614114 
1008 345 12 17 0.16611363 
141 145 9 11 0.1651909 
670 70 8 12 0.16477896 
719 174 10 12 0.16471864 
549 140 10 12 0.16413394 
472 310 13 16 0.16404523 
254 323 13 17 0.16404468 
56 255 12 14 0.16391616 
26 309 13 16 0.16377826 
615 64 8 10 0.16201785 
1007 108 9 12 0.16177838 
173 40 8 11 0.1599169 
820 148 12 13 0.15975964 
631 135 10 12 0.15886503 
704 110 9 12 0.15740553 
305 95 8 11 0.15680575 
995 246 12 13 0.15654504 
608 61 9 12 0.15628013 
965 95 9 11 0.15613303 
432 80 8 11 0.15560168 
987 567 15 18 0.15534842 
163 275 11 14 0.15443657 
632 38 8 10 0.15424906 
575 75 9 11 0.1538519 
548 213 13 17 0.15319593 
482 111 8 10 0.15261343 
963 7 8 9 0.15181375 
365 87 9 11 0.15161383 
629 47 9 11 0.1515358 
169 132 8 11 0.15084347 
79 126 10 11 0.15080781 
646 206 9 13 0.15074296 
294 164 10 14 0.15064153 
712 16 9 12 0.15060101 
254 220 10 14 0.15057416 
68 254 13 16 0.14990996 
6 316 10 14 0.14942494 
198 160 9 11 0.14849079 
497 86 7 10 0.14839509 
70 111 8 11 0.14806129 
844 526 14 19 0.14779793 
855 105 7 9 0.14701231 
367 79 8 10 0.1466269 
343 373 13 15 0.14660336 
19 291 11 14 0.14564529 
257 184 8 12 0.14562002 
382 339 11 15 0.14541328 
12 405 16 21 0.14504255 
583 13 7 11 0.14444697 
111 123 8 11 0.1432284 
125 180 11 12 0.14318664 
314 112 7 10 0.14300424 
338 79 9 9 0.1429672 
362 49 7 8 0.14278701 
656 450 13 17 0.14276265 
978 14 7 9 0.14274046 
974 151 11 14 0.14267048 
274 47 8 9 0.14259703 
474 172 12 16 0.1417841 
150 25 8 10 0.1414033 
314 40 7 9 0.14138497 
165 236 12 14 0.14115517 
184 276 11 14 0.14115289 
330 136 9 11 0.14049579 
79 133 9 12 0.14032112 
430 443 13 17 0.14023827 
357 215 11 13 0.13996838 
246 95 9 11 0.13982983 
697 146 11 13 0.1394006 
330 89 8 9 0.13927872 
240 48 7 10 0.13909617 
617 37 7 10 0.13892762 
527 64 7 9 0.13886458 
654 340 12 16 0.1384927 
704 86 9 11 0.1382295 
407 125 8 10 0.13764672 
893 1 8 9 0.1367705 
632 191 11 13 0.13642073 
425 64 8 10 0.13632217 
339 652 14 19 0.13604063 
373 167 9 12 0.1359022 
586 55 8 10 0.13572828 
461 362 14 16 0.13558218 
227 322 13 17 0.13537516 
160 193 11 15 0.13491476 
743 281 11 15 0.13366608 
0 526 11 15 0.13300553 
710 45 9 10 0.13260959 
977 8 8 9 0.13254684 
638 577 14 18 0.13134982 
818 477 16 21 0.13091943 
382 473 13 16 0.13058223 
908 79 9 12 0.13021223 
1012 111 8 11 0.13015486 
129 102 8 10 0.13013832 
431 436 14 17 0.12916788 
396 388 13 17 0.1290813 
789 205 11 15 0.12902407 
960 386 13 18 0.12852773 
841 94 8 10 0.1278508 
439 80 8 10 0.12774378 
781 243 11 14 0.12741482 
716 438 17 19 0.1273911 
637 308 11 15 0.12735496 
904 183 12 15 0.12730676 
331 410 13 17 0.1272689 
965 127 9 12 0.12722826 
0 89 7 12 0.12714958 
962 100 10 12 0.1269787 
202 257 14 16 0.12667471 
367 33 7 9 0.12642467 
389 110 9 10 0.12618391 
373 294 10 14 0.12548207 
391 49 6 9 0.12543678 
3 437 13 17 0.12529044 
762 299 13 16 0.124863 
495 181 10 12 0.124664806 
310 196 10 12 0.12455692 
805 185 8 11 0.12443961 
1005 31 9 11 0.12428819 
445 371 13 17 0.12384468 
974 242 14 16 0.12370818 
337 55 9 10 0.12367734 
696 86 9 12 0.123665944 
217 166 11 13 0.12352727 
639 313 12 17 0.12317005 
269 426 14 20 0.123068444 
74 78 9 10 0.12297022 
720 179 11 13 0.122557685 
317 40 8 9 0.12239834 
89 316 13 16 0.12238235 
113 167 10 13 0.12220049 
888 164 13 16 0.121043414 
303 71 8 10 0.12087192 
789 356 13 17 0.11986325 
529 12 8 10 0.1196237 
683 267 13 14 0.11913881 
1005 97 9 10 0.118957475 
545 62 8 10 0.11875253 
833 475 14 18 0.11856547 
169 24 7 9 0.11802456 
1013 117 9 13 0.11745439 
1001 27 10 13 0.116894 
453 158 11 12 0.11686361 
392 70 7 10 0.11682282 
102 190 9 11 0.11659101 
546 30 8 10 0.1165754 
759 598 13 18 0.115609676 
902 150 12 14 0.11523892 
1015 196 9 13 0.11519882 
644 244 11 14 0.11467668 
764 247 10 13 0.11442217 
863 323 15 17 0.113779336 
237 205 10 13 0.11354944 
880 292 13 18 0.113523856 
600 64 8 11 0.113486156 
160 182 9 12 0.11338053 
611 216 13 17 0.11328447 
223 239 12 15 0.112281665 
511 39 8 9 0.112250656 
702 362 14 18 0.112084776 
800 30 10 11 0.11204593 
445 301 13 16 0.111330844 
390 166 10 12 0.11101802 
166 183 9 11 0.11100867 
542 332 10 14 0.11068777 
592 73 8 10 0.11062526 
591 77 8 11 0.11035392 
385 32 6 9 0.1100469 
324 251 12 17 0.10982692 
266 63 8 10 0.109764054 
39 257 11 16 0.10974082 
223 40 7 9 0.109707676 
106 70 8 10 0.109629184 
72 126 9 11 0.109490745 
537 119 8 11 0.109286904 
948 458 15 18 0.10895268 
925 400 15 18 0.10878292 
352 243 11 14 0.10867598 
327 104 7 9 0.10849888 
245 223 11 15 0.10847353 
857 72 8 10 0.108246475 
376 56 7 9 0.107872464 
608 117 10 12 0.10777797 
963 184 11 15 0.107623704 
929 283 14 16 0.10712752 
973 133 9 11 0.1071192 
305 208 11 13 0.10694964 
591 231 13 15 0.10677556 
383 78 7 10 0.106342904 
572 394 14 17 0.10632203 
886 586 12 16 0.1061057 
735 308 11 15 0.10548921 
567 57 8 10 0.105344206 
623 17 9 11 0.10517212 
110 48 7 9 0.10514538 
117 135 9 11 0.10506227 
27 252 12 16 0.105000995 
737 94 8 10 0.10466856 
820 360 14 17 0.10437337 
591 136 10 11 0.10424765 
97 190 9 12 0.10370043 
88 119 8 11 0.10368515 
46 93 8 11 0.10357783 
905 101 8 12 0.10340247 
567 32 8 9 0.10319029 
980 47 8 10 0.103142925 
349 38 8 9 0.10305349 
96 30 8 10 0.102954604 
253 214 10 13 0.10253998 
172 228 12 14 0.10237274 
424 70 8 10 0.10226527 
774 7 8 9 0.102065094 
382 381 11 15 0.10199246 
79 95 8 10 0.101850316 
660 135 11 13 0.10184209 
445 111 9 12 0.101742715 
878 357 11 14 0.10171293 
112 317 13 19 0.10150183 
630 16 9 11 0.101177454 
73 47 8 10 0.10097001 
329 14 7 9 0.10093382 
182 355 15 19 0.10091264 
623 69 8 11 0.10089205 
313 73 7 10 0.10080469 
896 231 10 14 0.09993809 
136 95 8 9 0.09986412 
741 307 12 17 0.0998254 
320 167 10 12 0.09977555 
928 290 12 16 0.09952703 
871 108 9 10 0.099234305 
274 222 11 13 0.099175885 
670 52 10 12 0.098975115 
599 84 9 11 0.09892338 
333 121 8 10 0.09877113 
528 112 8 10 0.098750256 
52 230 12 15 0.09870039 
533 136 8 10 0.09853733 
167 314 13 17 0.09852119 
516 511 16 21 0.0984663 
320 74 7 9 0.098447256 
695 46 10 12 0.09801936 
169 110 8 11 0.09790138 
129 24 8 10 0.0978553 
74 309 13 18 0.09779085 
728 78 10 13 0.09776144 
749 300 11 15 0.09762007 
592 25 8 11 0.097587414 
937 173 12 14 0.09735087 
408 153 10 12 0.097337306 
716 213 11 14 0.096996725 
980 317 11 14 0.09656104 
15 120 9 11 0.09617961 
71 243 12 14 0.09617037 
48 78 9 11 0.09607658 
647 82 9 13 0.095992446 
1002 48 8 11 0.09584836 
712 41 9 10 0.095741816 
800 143 8 10 0.09565818 
273 120 8 11 0.09544822 
611 567 17 20 0.09504943 
198 132 8 10 0.09463306 
838 111 9 12 0.09448229 
166 30 7 9 0.09415608 
522 72 8 11 0.09413658 
253 226 10 13 0.093964435 
661 122 11 13 0.09360556 
241 87 8 10 0.09291704 
912 220 11 14 0.09271442 
587 110 9 12 0.09259462 
372 252 13 16 0.092584305 
334 307 14 18 0.09254809 
375 120 9 11 0.092503 
8 267 12 16 0.09248647 
777 71 8 10 0.092476584 
396 136 10 12 0.092392735 
638 272 14 16 0.09222026 
518 110 8 11 0.092170365 
663 361 15 19 0.09197147 
337 47 8 9 0.09159581 
477 166 10 13 0.09150249 
960 131 10 13 0.09105996 
679 86 9 12 0.09087 
830 494 14 18 0.0906252 
392 53 7 9 0.09056839 
268 324 16 18 0.0905497 
278 118 9 12 0.09043565 
189 270 11 15 0.09040432 
189 513 13 19 0.09031016 
910 278 11 13 0.090217456 
632 97 12 14 0.09020252 
273 141 10 11 0.089969404 
151 40 7 9 0.089966774 
77 239 11 15 0.089920364 
484 469 15 20 0.08983687 
286 141 10 12 0.08983502 
334 252 12 17 0.08974444 
303 63 7 10 0.08948917 
575 65 7 9 0.08921582 
527 212 11 15 0.08874236 
40 147 8 11 0.088693805 
710 55 10 12 0.08867953 
519 213 11 17 0.088351384 
670 77 8 11 0.08822069 
248 47 8 10 0.0881775 
29 323 12 16 0.0881248 
497 411 11 16 0.087916955 
349 379 12 14 0.087764956 
974 103 8 11 0.08767813 
709 111 11 14 0.08750659 
117 104 9 10 0.087434255 
959 22 8 10 0.08741497 
321 160 8 11 0.08738173 
182 371 14 19 0.08726489 
493 131 10 11 0.08698211 
390 389 12 16 0.08637042 
4 68 10 13 0.08630753 
567 37 9 11 0.086216584 
998 85 9 10 0.08616471 
151 88 8 10 0.08615068 
404 277 11 15 0.08601118 
141 109 8 10 0.085993804 
910 461 13 17 0.08577884 
604 99 10 12 0.085516594 
606 219 12 14 0.085129194 
286 135 9 12 0.085050315 
457 117 7 9 0.08500301 
764 276 11 14 0.08495083 
256 88 7 9 0.08467139 
86 178 12 15 0.084657274 
37 311 13 16 0.08430853 
183 217 13 16 0.08401171 
298 39 7 10 0.083899215 
1014 205 10 13 0.08358203 
1007 215 13 15 0.08344537 
144 89 8 9 0.08329393 
174 23 9 10 0.08325429 
285 386 14 17 0.08308208 
0 415 8 14 0.083079815 
530 306 13 16 0.08307408 
682 284 14 16 0.08298955 
125 428 14 19 0.082925424 
998 205 9 11 0.082914375 
465 40 7 10 0.08287906 
920 302 11 15 0.08279115 
363 293 15 17 0.08277436 
864 291 11 14 0.0826674 
552 112 9 10 0.0826495 
924 299 14 17 0.08257307 
129 245 13 16 0.082561076 
701 95 8 11 0.08233448 
358 23 7 10 0.082331836 
779 298 14 16 0.082184546 
656 102 10 12 0.082173996 
48 105 11 15 0.08211234 
447 96 8 10 0.082086466 
255 9 8 9 0.08195334 
808 86 8 11 0.08190217 
300 139 11 14 0.08179062 
301 227 12 14 0.08178124 
42 133 9 12 0.08131127 
424 79 9 11 0.081296206 
17 516 14 19 0.08121316 
828 300 14 16 0.08108624 
703 385 14 18 0.08107264 
289 115 9 12 0.08103566 
331 341 11 15 0.08102472 
714 148 10 11 0.08088466 
386 111 8 10 0.08087434 
826 371 14 17 0.08080807 
773 99 9 13 0.08072255 
341 76 9 11 0.08055197 
792 272 14 17 0.08044356 
241 95 9 11 0.08032519 
458 14 7 9 0.08024076 
789 100 10 12 0.08021687 
479 72 8 10 0.08016535 
784 211 11 15 0.079945266 
497 252 11 14 0.07991495 
135 363 10 12 0.07990536 
36 160 9 12 0.079891175 
947 340 14 18 0.079839334 
264 38 7 9 0.07966512 
345 64 7 9 0.07955016 
990 213 10 13 0.07942305 
949 93 9 12 0.07938671 
623 339 14 18 0.07933872 
615 203 11 14 0.07922451 
798 0 9 9 0.07921363 
627 113 11 14 0.07916267 
368 149 9 12 0.079066046 
510 148 9 12 0.07901366 
728 71 8 10 0.0789786 
343 335 14 17 0.078748904 
723 276 14 16 0.07869576 
1008 412 15 18 0.07863225 
648 53 8 12 0.07852145 
670 156 9 12 0.07850694 
64 41 7 9 0.07847977 
523 419 12 16 0.07845598 
167 230 10 13 0.07842842 
965 163 11 13 0.078406736 
175 301 13 17 0.0784046 
335 149 10 12 0.07821658 
899 234 12 15 0.07782856 
121 179 9 13 0.07781437 
386 103 8 10 0.07764077 
300 182 10 13 0.077568255 
55 40 8 10 0.077559434 
789 167 10 12 0.077496246 
1003 323 12 15 0.07716514 
118 309 10 15 0.07709097 
143 93 8 10 0.07702415 
466 72 9 11 0.07696389 
752 148 9 12 0.07695579 
665 94 10 12 0.076903686 
511 125 9 10 0.07683593 
346 405 15 19 0.07675787 
693 37 9 10 0.076752715 
352 198 10 12 0.0763733 
758 337 12 15 0.07631234 
125 87 7 10 0.07628822 
20 527 15 19 0.07617468 
78 48 8 10 0.07614559 
811 275 12 14 0.075928606 
731 302 11 14 0.075759865 
284 297 12 15 0.07574624 
277 49 8 10 0.075711444 
385 95 7 10 0.075636975 
207 158 8 10 0.07543486 
981 15 8 9 0.07538862 
558 205 13 17 0.07532406 
81 119 9 12 0.07486146 
325 55 8 10 0.07483565 
652 380 16 21 0.07475359 
385 87 7 9 0.07475038 
0 221 9 15 0.07465909 
751 294 10 14 0.07463172 
360 52 7 10 0.07458138 
926 520 16 19 0.074309886 
315 55 7 10 0.074278705 
584 61 8 11 0.074269116 
310 45 8 10 0.07424782 
529 135 8 10 0.07415668 
225 46 8 10 0.07401503 
926 245 11 15 0.07378 
860 317 14 16 0.07367222 
976 380 11 16 0.07366572 
309 277 13 16 0.07352023 
998 80 8 11 0.07340125 
208 123 8 11 0.07338931 
940 299 14 19 0.07317787 
231 97 8 10 0.07310283 
513 2 8 9 0.0730975 
705 298 13 17 0.07306978 
783 219 11 14 0.07297701 
556 176 10 12 0.07294288 
162 282 14 17 0.07265552 
293 322 15 19 0.07256164 
478 237 9 13 0.072517745 
694 291 12 15 0.072475 
701 101 9 11 0.07239137 
599 30 8 10 0.072348736 
711 0 8 8 0.07229528 
72 72 9 11 0.072267294 
392 158 9 11 0.07209272 
948 368 13 17 0.072089106 
494 81 7 10 0.07205975 
733 1 9 9 0.071853206 
67 265 12 16 0.071688846 
653 256 14 17 0.07150913 
93 181 11 13 0.07135293 
1015 158 9 14 0.07134508 
976 81 7 8 0.07132136 
711 143 10 13 0.070922196 
557 110 8 10 0.070840724 
370 393 13 17 0.07083585 
932 243 12 14 0.07081818 
633 207 11 14 0.07080971 
236 244 11 14 0.070784405 
233 186 11 14 0.07069728 
515 520 14 20 0.07054733 
439 250 14 16 0.07047184 
282 31 7 10 0.070415005 
423 97 8 9 0.07032635 
989 124 8 10 0.0702472 
20 152 11 13 0.070233345 
373 189 10 13 0.070218235 
391 251 14 18 0.070078135 
855 170 14 15 0.07003294 
584 10 8 9 0.0700112 
499 180 12 13 0.06984383 
385 72 7 9 0.069641806 
373 143 10 12 0.069617 
605 79 9 12 0.069601655 
570 474 13 18 0.0695962 
231 48 8 10 0.069548294 
111 157 10 12 0.06948056 
399 62 7 9 0.06947189 
474 150 8 11 0.069464654 
820 139 13 15 0.069434844 
710 243 11 16 0.06940617 
838 255 13 15 0.06913979 
247 1 8 8 0.06913 
366 47 7 9 0.068859726 
276 87 9 11 0.06880044 
271 439 16 21 0.06866423 
519 101 8 10 0.06854672 
913 228 11 15 0.06827367 
429 84 8 10 0.06825611 
645 426 14 19 0.068160824 
805 308 13 17 0.06813243 
506 24 7 9 0.06805334 
86 124 8 11 0.068032004 
399 283 11 15 0.067998596 
697 71 8 11 0.06797453 
105 125 8 10 0.06796565 
872 136 11 14 0.06761382 
606 23 9 11 0.06760757 
342 151 9 12 0.06757125 
247 40 8 9 0.067412235 
594 185 12 15 0.06740801 
184 149 9 12 0.06734677 
537 125 9 10 0.06730484 
181 340 14 17 0.0672919 
45 259 11 14 0.067245804 
687 100 10 12 0.06722482 
130 213 12 16 0.067193635 
390 94 9 10 0.067146726 
597 286 11 14 0.06706686 
300 368 14 18 0.06698339 
161 103 8 10 0.066884786 
593 177 9 10 0.06677383 
389 289 12 15 0.06675226 
417 390 17 19 0.06654365 
789 263 13 15 0.0664204 
1008 380 11 15 0.066416696 
778 253 14 17 0.066393755 
361 81 8 9 0.06637173 
753 47 9 11 0.06633524 
742 17 8 9 0.06631925 
733 86 9 11 0.066290416 
930 326 15 17 0.06622787 
330 8 7 9 0.06618545 
274 571 15 20 0.06617726 
244 275 13 17 0.06615798 
193 161 9 12 0.06612739 
265 33 7 9 0.06610456 
594 530 24 27 0.06602785 
646 48 9 11 0.06599318 
458 112 7 10 0.065751165 
164 207 10 13 0.06572409 
536 88 7 8 0.06571009 
429 195 12 15 0.06567864 
243 346 14 17 0.065660305 
976 109 8 12 0.065651745 
663 27 10 12 0.06558476 
0 361 10 18 0.06555188 
736 116 11 14 0.06541527 
1006 133 9 12 0.065367706 
296 123 8 11 0.065326236 
1 76 10 14 0.06532322 
744 302 12 16 0.0652982 
416 333 13 17 0.065238826 
703 179 11 14 0.0649899 
358 112 8 11 0.064883836 
82 37 8 10 0.06483585 
951 64 8 10 0.06457762 
72 85 9 11 0.0645099 
583 88 10 12 0.064488865 
334 14 8 9 0.064480945 
454 359 14 19 0.064452335 
482 499 15 20 0.06442614 
1015 93 9 11 0.064275615 
88 85 8 9 0.064131506 
405 338 12 17 0.06410479 
282 164 9 12 0.06406443 
845 141 13 16 0.0639779 
675 438 18 24 0.06392776 
622 174 9 11 0.06392071 
983 110 8 12 0.06390274 
589 57 8 10 0.06386709 
365 220 11 14 0.06380233 
877 15 9 10 0.06380134 
977 117 9 12 0.06379161 
288 62 8 9 0.06371746 
589 40 10 11 0.06368587 
79 85 8 11 0.063668504 
669 313 14 18 0.06362463 
656 96 9 11 0.063536584 
670 323 13 16 0.06351375 
760 15 7 9 0.06350338 
816 300 11 15 0.06343842 
591 9 8 9 0.0634383 
185 102 8 11 0.06340473 
566 2 9 10 0.06332509 
229 79 9 11 0.063312836 
664 39 9 11 0.0631974 
817 143 10 13 0.06318757 
837 320 15 18 0.06314182 
404 346 11 16 0.063085705 
770 215 13 15 0.06307316 
63 54 7 10 0.063063085 
1008 36 8 10 0.063033916 
57 25 8 10 0.06301578 
779 345 14 18 0.062925234 
289 56 8 10 0.062910266 
199 338 13 18 0.06288059 
479 16 7 9 0.062871955 
617 112 11 13 0.06281983 
127 96 8 10 0.062706396 
756 53 9 11 0.06267161 
324 165 11 13 0.06261482 
805 194 11 14 0.06261377 
708 206 12 14 0.062605776 
544 182 9 12 0.06242568 
882 97 8 11 0.06236332 
124 562 13 18 0.06234073 
617 182 9 12 0.062314138 
349 354 16 18 0.062297463 
375 78 8 10 0.062260818 
104 119 8 11 0.062241167 
435 188 12 15 0.062211532 
174 158 9 12 0.06218024 
934 110 9 10 0.062153798 
885 389 16 20 0.062122125 
286 38 8 9 0.061874516 
609 136 10 11 0.061843693 
691 337 15 19 0.061824553 
794 325 13 16 0.06179018 
418 102 7 9 0.061727047 
270 135 10 12 0.061715264 
328 406 11 15 0.061641824 
778 264 14 16 0.061630208 
939 94 8 11 0.06140641 
11 262 13 15 0.061349887 
488 72 8 9 0.061269592 
656 345 13 17 0.061156366 
312 12 8 11 0.060993396 
303 219 12 16 0.060872797 
110 338 14 16 0.060835022 
159 5 8 10 0.060781788 
107 47 7 9 0.06070928 
540 164 10 13 0.060667187 
632 31 9 12 0.060653903 
302 54 8 10 0.06060935 
214 142 8 11 0.06057234 
372 326 11 13 0.060475398 
263 125 10 12 0.060390163 
253 206 9 12 0.060385425 
139 245 11 15 0.06035416 
1011 458 12 18 0.060307395 
1011 125 12 14 0.060235433 
793 191 10 13 0.060230266 
620 204 11 14 0.06015144 
654 433 12 17 0.06009109 
720 221 11 14 0.05998194 
916 394 16 20 0.059969816 
619 291 15 17 0.059950233 
752 228 12 16 0.059788477 
576 235 11 15 0.05978665 
541 195 13 15 0.05969584 
1001 139 10 12 0.059660852 
49 85 8 12 0.05965171 
850 201 12 14 0.059592374 
477 101 8 10 0.059561707 
105 347 14 16 0.059528515 
296 413 12 16 0.05924952 
1010 232 13 16 0.059214927 
584 78 9 11 0.059092943 
340 642 15 19 0.059083227 
728 84 10 13 0.058911428 
688 96 8 10 0.058886904 
837 511 13 19 0.058859073 
447 240 14 16 0.058812127 
529 116 8 10 0.058709837 
677 263 13 13 0.0586749 
334 39 8 9 0.058667317 
903 118 9 11 0.058602452 
113 140 9 11 0.058513235 
677 52 9 11 0.058435723 
759 311 12 17 0.05842509 
600 37 9 11 0.058341727 
863 103 8 10 0.058317445 
302 424 13 18 0.058296368 
539 206 15 19 0.058229335 
769 7 8 10 0.058164887 
600 223 11 12 0.058163792 
774 237 10 13 0.0580138 
829 134 10 13 0.05800191 
617 14 8 11 0.057963297 
430 103 7 9 0.057906233 
743 40 9 11 0.057827547 
253 140 9 12 0.05755655 
369 168 9 12 0.057533186 
671 547 18 25 0.057500742 
717 262 13 15 0.057496686 
453 31 7 9 0.057460964 
948 301 12 17 0.05741873 
615 32 8 10 0.05734549 
793 567 15 20 0.057251364 
844 253 13 16 0.05712595 
207 135 7 9 0.057109743 
878 206 13 16 0.056966025 
458 87 7 10 0.056854047 
89 143 10 12 0.056852277 
90 81 7 9 0.056832712 
971 348 13 16 0.056789722 
710 67 9 12 0.05664727 
336 9 7 9 0.056571744 
673 413 17 20 0.056519307 
246 22 8 11 0.056474883 
761 180 9 12 0.056405004 
111 178 10 13 0.056373186 
370 126 8 10 0.05629782 
400 310 9 13 0.0562924 
205 347 16 18 0.056253266 
391 148 10 12 0.05618727 
645 339 14 17 0.05611797 
812 305 13 18 0.056042474 
57 182 11 12 0.055997055 
88 56 7 10 0.055971332 
497 96 7 9 0.055937354 
607 30 8 9 0.055916052 
446 413 13 17 0.05582711 
1000 61 9 12 0.055779904 
399 87 8 11 0.05575016 
505 127 8 11 0.055747285 
565 182 9 10 0.05573532 
175 69 7 9 0.055727426 
965 115 10 13 0.055705033 
823 547 14 19 0.055703808 
310 247 11 13 0.05547956 
190 148 9 12 0.055471063 
393 64 8 9 0.055467043 
920 7 8 10 0.05544644 
190 23 7 9 0.055344496 
750 410 17 21 0.055343214 
96 114 8 10 0.055336144 
918 248 12 17 0.05527588 
246 112 9 11 0.05509328 
832 139 10 13 0.05508108 
346 32 7 9 0.055044416 
671 101 9 12 0.055014312 
396 222 13 17 0.054982986 
932 297 15 21 0.05489566 
817 210 12 14 0.054890037 
4 162 10 14 0.054829597 
192 86 9 10 0.054710403 
557 119 7 10 0.054679852 
306 88 8 10 0.05466731 
142 236 11 14 0.05466502 
959 32 9 10 0.054345503 
341 87 9 11 0.053977773 
189 102 8 11 0.053638503 
696 78 8 12 0.053610574 
846 115 10 12 0.0535786 
273 54 9 11 0.053496268 
428 294 14 18 0.053386215 
335 377 13 17 0.05337616 
906 268 12 15 0.053367503 
166 149 8 11 0.05329614 
846 92 8 10 0.053281553 
153 79 8 9 0.0532781 
528 128 8 10 0.05318051 
185 62 9 11 0.053146545 
781 160 9 11 0.053069405 
289 23 7 10 0.052987106 
325 160 9 12 0.052929185 
721 227 11 15 0.052914955 
831 259 10 14 0.05286208 
78 298 14 17 0.052840006 
64 45 7 10 0.052836627 
366 111 8 10 0.05282089 
661 100 11 12 0.05278972 
183 229 11 14 0.052773934 
813 409 16 19 0.0527685 
645 297 14 17 0.052713573 
755 87 8 11 0.05263462 
934 153 10 12 0.05262554 
991 207 10 12 0.05258443 
418 96 7 10 0.052551366 
220 159 9 11 0.05254002 
575 135 8 10 0.052378993 
357 117 8 11 0.052279077 
154 335 15 18 0.052229274 
587 253 14 16 0.052106775 
215 323 13 16 0.052098326 
101 207 12 14 0.052085288 
994 327 16 19 0.052072227 
948 164 10 14 0.052045163 
325 109 8 11 0.05203592 
776 442 21 23 0.052003656 
173 111 8 11 0.05192027 
158 159 9 11 0.051844824 
798 308 14 16 0.051840525 
513 89 7 9 0.051807284 
795 209 13 16 0.051778384 
357 197 9 11 0.0517491 
165 102 8 10 0.051703382 
101 149 9 11 0.0516905 
496 64 6 9 0.05162473 
183 29 7 10 0.051556893 
187 348 12 17 0.051528238 
8 350 19 24 0.051521502 
801 572 13 18 0.05147069 
160 175 8 10 0.05146664 
639 35 8 11 0.051308267 
455 174 9 12 0.05127309 
120 192 11 13 0.051247444 
385 167 9 13 0.051169965 
632 184 9 11 0.0511421 
781 73 8 10 0.051135946 
376 62 7 9 0.051100392 
544 137 9 10 0.051026653 
505 149 10 12 0.05102036 
106 573 17 20 0.05101825 
357 190 9 12 0.050980803 
952 174 11 15 0.05097735 
874 15 7 11 0.050973564 
358 207 10 11 0.050847195 
87 113 8 10 0.050752003 
59 318 14 18 0.05073915 
400 198 9 14 0.050721847 
970 261 13 15 0.050719377 
470 40 7 9 0.050718572 
380 299 10 15 0.050684895 
192 120 8 10 0.05066434 
532 207 14 16 0.05065327 
103 396 12 16 0.05062411 
71 63 8 10 0.050597366 
211 353 14 17 0.05057984 
926 110 8 11 0.050507877 
662 60 9 11 0.050474916 
716 123 10 12 0.05033782 
297 96 9 11 0.05033679 
296 56 7 9 0.050174486 
439 341 10 15 0.050151404 
991 102 8 11 0.05010503 
663 0 9 8 0.05008342 
732 278 12 15 0.050048016 
631 8 8 10 0.050037477 
680 177 12 15 0.050000254 
759 113 10 12 0.049997002 
960 15 10 11 0.04997274 
494 375 13 17 0.049970023 
710 79 9 11 0.049911786 
94 366 15 21 0.049768955 
507 404 13 15 0.049765874 
842 101 8 10 0.04970653 
102 158 9 11 0.0496667 
508 167 10 11 0.049664926 
749 102 10 13 0.049628004 
511 188 10 13 0.0496269 
383 152 9 11 0.049602713 
863 109 9 10 0.049590763 
482 143 9 12 0.04958777 
655 135 11 14 0.049572654 
635 294 13 16 0.04955624 
544 25 8 10 0.049555883 
246 88 8 11 0.049503252 
208 141 8 11 0.049435284 
927 210 11 15 0.049406957 
983 207 10 12 0.04938572 
355 381 12 14 0.04933987 
626 360 15 20 0.04924515 
533 141 9 10 0.049152445 
373 148 10 13 0.04914799 
868 186 10 14 0.049079675 
223 121 8 10 0.04899477 
524 387 13 16 0.04899308 
374 332 10 14 0.048954792 
525 218 11 15 0.048933662 
747 283 12 16 0.048841316 
831 287 12 14 0.048799377 
798 102 10 12 0.048793502 
224 252 12 15 0.048704047 
173 353 13 17 0.048683282 
71 118 9 12 0.048598904 
740 53 10 11 0.04859152 
487 371 12 15 0.048577987 
213 88 9 11 0.048546612 
787 371 16 18 0.048530832 
450 269 13 15 0.048467763 
981 86 8 11 0.048463825 
249 31 7 9 0.048408415 
308 425 15 20 0.048350118 
535 110 8 11 0.0483343 
85 135 9 9 0.048240792 
819 85 10 12 0.048232388 
579 15 8 10 0.048214268 
867 123 10 12 0.048195574 
366 214 11 14 0.04818337 
703 46 9 11 0.048094727 
784 319 13 16 0.048065357 
191 70 7 10 0.048058584 
414 325 13 16 0.048048828 
160 137 9 11 0.048046708 
655 219 10 13 0.04797371 
160 231 10 13 0.047965262 
775 300 11 15 0.04790677 
479 88 7 9 0.04790404 
350 33 7 9 0.04784923 
63 126 9 12 0.047793984 
232 63 7 10 0.047741074 
741 95 9 11 0.047738817 
377 24 7 9 0.047736246 
322 102 7 9 0.047734093 
546 3 7 8 0.047687944 
47 155 10 13 0.04764914 
716 167 10 13 0.047603592 
623 64 8 11 0.047575727 
529 568 15 19 0.047515914 
977 39 8 10 0.047495548 
975 32 7 8 0.047370166 
735 46 10 12 0.047195476 
782 354 14 19 0.04714554 
925 342 15 19 0.047122058 
519 5 7 9 0.047034 
304 235 10 13 0.0470243 
54 86 8 11 0.04701743 
644 211 10 14 0.047002345 
985 631 25 33 0.046942245 
871 197 11 14 0.046920024 
777 202 12 15 0.0468277 
923 386 16 19 0.046821363 
265 134 9 12 0.04678899 
727 40 10 11 0.046777077 
761 212 12 15 0.046742026 
428 284 13 17 0.04671852 
661 182 11 14 0.046696395 
627 277 12 15 0.04666379 
592 62 8 10 0.04665642 
778 84 9 13 0.046526663 
220 269 11 15 0.046508938 
221 257 12 15 0.04648812 
474 487 15 20 0.04645999 
710 370 14 16 0.0464577 
142 364 12 13 0.04641764 
517 247 12 14 0.046373125 
925 117 10 11 0.046341524 
281 8 8 9 0.046326384 
43 364 15 19 0.046277296 
810 517 15 20 0.04610383 
96 124 8 10 0.046090137 
324 204 12 16 0.04599976 
615 46 9 12 0.04594269 
1002 53 9 12 0.045892566 
559 88 8 10 0.045885056 
590 304 13 17 0.045864865 
933 358 11 15 0.045851823 
397 432 13 18 0.045821644 
994 86 8 10 0.045812696 
811 267 11 14 0.045804914 
517 382 14 18 0.04578992 
399 383 12 16 0.045777608 
413 414 12 15 0.045755304 
329 93 8 10 0.045748558 
319 96 8 10 0.04574448 
398 315 11 15 0.045715537 
765 181 9 13 0.045703262 
281 38 7 9 0.04568706 
136 103 8 10 0.045664925 
302 40 7 10 0.04565714 
269 81 8 10 0.04563311 
460 165 9 12 0.045599952 
191 55 7 10 0.04555695 
103 29 8 10 0.04553288 
376 211 10 14 0.045517694 
282 72 7 9 0.04551575 
305 196 10 12 0.045492355 
806 92 10 11 0.045480452 
260 79 8 10 0.045437817 
797 36 11 12 0.04525315 
278 300 13 15 0.04517086 
744 195 9 13 0.045157578 
722 559 16 22 0.045128863 
927 221 11 15 0.04508275 
426 346 13 16 0.045070603 
46 151 9 11 0.045059256 
225 140 10 12 0.04504032 
260 531 15 18 0.045026742 
583 318 13 18 0.045026027 
288 169 11 15 0.04501993 
853 215 10 13 0.045011703 
652 246 11 14 0.044999212 
545 86 7 10 0.04499825 
527 95 7 9 0.044991776 
447 150 11 12 0.044986125 
701 293 13 17 0.04495895 
638 131 10 13 0.04494994 
352 203 10 13 0.044916444 
464 105 8 9 0.044894762 
3 483 14 18 0.044855993 
528 151 9 11 0.044834178 
418 79 7 10 0.04480368 
376 30 7 9 0.044792157 
482 63 6 8 0.044782545 
23 257 12 15 0.044706825 
342 365 14 17 0.04468042 
210 26 6 8 0.044553183 
809 103 9 11 0.044537716 
217 212 10 13 0.044487733 
414 375 15 17 0.0444828 
169 64 8 11 0.04444417 
1007 423 15 21 0.044443995 
439 371 11 16 0.04440727 
552 13 7 9 0.04436806 
202 246 13 16 0.04428639 
520 30 8 10 0.044241715 
199 239 12 16 0.04419404 
941 4 10 11 0.04407483 
736 123 9 12 0.044044547 
624 90 10 13 0.044026736 
520 300 13 17 0.044008702 
248 251 10 14 0.04394073 
86 48 7 9 0.043939196 
517 157 9 12 0.043921854 
507 232 13 15 0.043832637 
570 102 9 11 0.043826286 
372 197 11 13 0.043821722 
1012 302 11 14 0.04380961 
893 160 12 13 0.043618873 
797 192 12 16 0.04361515 
73 101 8 11 0.043579645 
67 186 10 14 0.043545175 
409 25 6 9 0.043511584 
417 140 9 11 0.043492693 
572 283 12 16 0.04345617 
436 301 12 15 0.043456115 
520 189 10 13 0.04342857 
838 229 11 15 0.043319378 
686 86 9 11 0.043304734 
366 99 9 11 0.04325474 
168 45 9 11 0.04324438 
766 0 9 9 0.043219153 
231 85 8 10 0.043191932 
100 167 9 12 0.04315309 
196 276 12 15 0.04311366 
598 68 9 11 0.043112356 
122 93 8 10 0.043112237 
486 238 11 13 0.04310925 
542 493 13 16 0.043102138 
95 135 9 10 0.04307274 
295 22 8 11 0.043039367 
639 48 8 10 0.043007236 
938 519 20 26 0.04300131 
113 570 20 25 0.042967048 
1001 108 10 12 0.042957522 
888 62 8 9 0.042934757 
371 348 11 15 0.04292792 
424 17 7 9 0.04291333 
639 88 11 13 0.042912897 
735 101 11 14 0.04289971 
168 157 10 13 0.042836525 
896 103 8 11 0.04282044 
658 385 16 21 0.04281315 
999 290 11 13 0.042804547 
466 24 7 9 0.042678658 
951 112 9 11 0.042652342 
865 40 9 10 0.04261721 
175 14 9 11 0.04254967 
367 205 10 13 0.04254787 
727 63 9 12 0.042539474 
878 282 14 17 0.04252763 
299 543 16 18 0.042421993 
415 47 8 10 0.042421218 
965 267 14 17 0.042417172 
997 67 10 12 0.04239744 
88 32 8 10 0.042394612 
877 79 8 11 0.04238108 
914 17 7 9 0.042333193 
912 133 10 13 0.04230004 
72 134 9 12 0.042297035 
295 172 10 13 0.04222997 
743 545 16 19 0.042218126 
842 89 8 11 0.042183023 
796 110 11 14 0.042144697 
143 6 8 9 0.04212891 
517 226 13 17 0.04212085 
871 63 8 10 0.0421108 
959 291 13 16 0.042094506 
175 151 8 11 0.042051025 
983 157 11 14 0.042029187 
371 371 13 17 0.041948684 
680 103 9 12 0.041902285 
543 176 8 10 0.041886486 
542 96 8 10 0.041851148 
749 76 9 11 0.041847065 
7 86 10 14 0.04179333 
207 112 7 9 0.041786347 
428 158 9 11 0.041785713 
97 159 10 12 0.04176449 
126 403 14 19 0.041752852 
398 159 8 11 0.04172188 
675 238 14 16 0.041714333 
16 532 13 17 0.041681148 
77 153 10 11 0.041640606 
806 157 11 12 0.041628864 
185 56 9 9 0.041610472 
257 358 13 17 0.041609235 
416 73 7 8 0.04157429 
126 237 12 15 0.041550882 
751 144 9 11 0.041522406 
543 188 11 14 0.04151193 
482 56 7 9 0.041502826 
473 1 7 8 0.04145309 
679 111 10 12 0.041358925 
65 132 8 11 0.04131969 
562 55 7 10 0.041279722 
357 152 10 12 0.04122916 
241 289 13 16 0.041184153 
645 118 10 13 0.041146092 
342 7 8 10 0.04106111 
653 13 9 12 0.041040514 
586 117 8 11 0.04103607 
716 278 14 18 0.04095842 
382 293 11 15 0.040946696 
687 46 9 12 0.040795512 
283 228 10 13 0.040730562 
820 154 12 14 0.040707603 
527 86 8 11 0.040674787 
578 167 8 10 0.04061132 
235 142 10 12 0.040607225 
253 47 8 10 0.040592417 
1000 644 22 32 0.04058917 
358 237 12 16 0.040577944 
48 72 7 10 0.04055623 
214 24 7 9 0.040524453 
465 125 9 11 0.04048017 
791 196 11 13 0.040479362 
558 329 13 16 0.04040544 
245 354 15 18 0.040356144 
651 7 11 12 0.04035471 
209 29 8 10 0.040347826 
885 329 14 17 0.04031842 
287 182 9 12 0.040311348 
391 182 11 15 0.040265758 
696 62 9 11 0.040240806 
158 381 14 19 0.0402362 
215 124 8 11 0.04019124 
615 126 9 11 0.040175818 
741 104 18 23 0.040144313 
441 103 8 10 0.040096752 
26 239 12 15 0.040093962 
256 118 8 11 0.04007373 
208 101 8 11 0.04005297 
704 80 9 11 0.040033706 
742 212 11 13 0.04003222 
447 484 13 18 0.040023204 
561 0 8 9 0.039978433 
406 411 13 18 0.03991724 
511 57 7 9 0.039855357 
349 64 9 10 0.03982361 
658 531 23 32 0.03975634 
147 456 15 19 0.039731175 
989 219 12 15 0.039721526 
984 104 8 10 0.0397211 
783 171 9 12 0.039714325 
494 15 7 10 0.03970398 
434 284 14 17 0.03965943 
94 96 9 11 0.039585054 
469 461 17 21 0.03958494 
503 81 7 9 0.039474934 
484 323 10 13 0.039472517 
409 47 8 10 0.039424866 
524 518 18 25 0.039416388 
253 54 9 11 0.03941387 
965 416 14 19 0.039409928 
782 29 9 11 0.039405506 
630 318 11 16 0.039356943 
793 31 9 11 0.039336268 
933 206 11 14 0.03930186 
103 133 8 11 0.039293945 
0 514 13 20 0.03928022 
550 25 8 10 0.039256025 
15 152 11 15 0.039196823 
693 205 9 13 0.039136045 
740 21 9 11 0.03912683 
557 125 9 11 0.039122254 
376 340 11 15 0.03897993 
350 269 11 15 0.03897373 
966 31 8 10 0.038944863 
822 406 15 20 0.03883322 
647 318 15 18 0.038820338 
758 227 12 16 0.03881831 
249 213 10 13 0.038791772 
489 14 8 10 0.03878521 
262 189 9 11 0.038762268 
1006 14 8 10 0.038724974 
570 349 14 18 0.03866662 
821 8 8 11 0.038664013 
549 64 7 9 0.03862344 
0 443 15 20 0.038619515 
0 339 11 18 0.038599018 
400 126 8 10 0.03858032 
894 96 9 11 0.038563345 
408 110 8 10 0.038531203 
496 247 10 12 0.038528062 
961 1 10 11 0.03851783 
849 164 10 12 0.038491633 
555 185 12 14 0.03847392 
944 364 13 16 0.03846846 
873 85 8 11 0.038431477 
337 60 9 10 0.03842445 
438 72 7 9 0.038393702 
460 465 15 19 0.038364496 
282 78 8 10 0.0383574 
303 78 7 9 0.038329504 
505 39 8 11 0.038304262 
391 32 6 8 0.03829651 
520 572 19 22 0.0382752 
21 70 7 10 0.038242444 
254 92 8 11 0.03823769 
190 172 9 12 0.03823408 
64 94 9 11 0.038193107 
647 133 10 13 0.03816903 
731 411 13 17 0.03816327 
933 116 10 12 0.03814236 
342 174 11 14 0.0381351 
32 520 15 19 0.03812837 
389 372 11 16 0.038120378 
503 64 7 8 0.03808477 
327 212 12 13 0.03805497 
765 111 10 12 0.038039915 
569 76 8 11 0.03802199 
299 46 7 10 0.038008235 
471 108 7 10 0.03799141 
97 415 15 18 0.03794082 
811 418 17 20 0.037932392 
995 252 15 18 0.03792432 
578 174 8 10 0.037915032 
105 111 8 10 0.037912726 
542 470 13 16 0.037893623 
157 390 15 20 0.0378808 
54 341 13 16 0.03787521 
688 453 17 21 0.037867937 
864 44 10 12 0.03785828 
386 48 8 10 0.037853204 
681 37 10 11 0.037814263 
511 418 14 17 0.03777328 
109 234 12 16 0.037752457 
166 96 9 10 0.037748907 
646 36 8 11 0.03774733 
150 93 8 10 0.037699107 
883 358 11 14 0.037646484 
838 411 16 19 0.03764316 
1 476 14 17 0.037604243 
805 142 9 11 0.03755937 
232 279 12 15 0.037553187 
625 133 9 12 0.03755289 
566 11 8 10 0.037531335 
950 89 9 11 0.037510037 
188 307 12 15 0.037491582 
132 295 14 17 0.03747916 
244 246 11 14 0.037478533 
921 115 10 12 0.037446063 
125 288 16 18 0.03740781 
195 513 14 20 0.037365474 
407 103 8 10 0.03736492 
166 252 12 14 0.03735368 
830 102 9 11 0.03727393 
508 411 15 17 0.037206113 
72 96 9 11 0.037204552 
461 560 21 25 0.037166923 
317 457 14 18 0.037137415 
163 321 13 16 0.037127633 
672 219 11 14 0.037112836 
135 155 11 13 0.0370982 
200 120 8 10 0.0370691 
158 79 8 10 0.036994692 
604 205 11 14 0.036972087 
314 61 8 10 0.036947798 
295 72 8 10 0.036934175 
809 72 8 10 0.036884274 
229 164 11 13 0.03686586 
491 150 10 12 0.036858987 
462 9 7 9 0.036815863 
869 268 13 17 0.03679894 
449 198 11 14 0.03678736 
506 133 9 11 0.036760982 
1006 388 10 13 0.03676055 
473 196 10 12 0.03674524 
737 16 8 10 0.036739882 
993 237 11 13 0.036703557 
627 330 14 19 0.036667258 
734 224 12 14 0.036644395 
998 626 25 31 0.036616847 
679 80 9 11 0.036610503 
879 163 12 15 0.036593616 
457 8 8 10 0.03655837 
237 177 11 13 0.03655367 
975 315 11 15 0.036544688 
856 117 8 11 0.036509443 
496 280 12 14 0.036461823 
279 199 10 13 0.036417134 
741 67 17 22 0.036396243 
178 241 13 15 0.03636657 
374 72 8 10 0.03631205 
624 32 9 11 0.036308415 
353 56 8 9 0.03621984 
896 255 11 15 0.036214367 
407 120 8 11 0.0362022 
36 169 11 14 0.03619656 
853 88 8 10 0.0361906 
968 426 19 23 0.036158003 
418 440 15 18 0.036145367 
646 21 9 12 0.036136486 
598 526 16 18 0.036121227 
905 61 9 11 0.03611839 
638 68 9 11 0.03611188 
138 89 7 9 0.036102396 
725 190 11 13 0.03608277 
0 214 8 13 0.03605682 
361 8 7 8 0.036047954 
703 69 9 12 0.036022604 
573 125 8 11 0.03601809 
313 32 7 9 0.036012113 
616 79 9 12 0.035985205 
451 379 13 16 0.03598122 
630 77 9 12 0.035954688 
501 246 10 13 0.035911653 
725 368 15 19 0.035908785 
589 458 13 17 0.03589773 
326 24 9 11 0.035889193 
423 182 9 11 0.035880167 
26 357 15 20 0.035806533 
112 152 8 11 0.0357697 
270 162 10 12 0.03574351 
102 172 9 12 0.035718102 
510 247 12 14 0.035706155 
878 108 9 11 0.035703544 
821 295 12 15 0.035698842 
553 103 8 10 0.035670366 
859 146 12 15 0.035670046 
686 110 9 11 0.035664838 
684 496 13 18 0.03564729 
909 157 9 12 0.035629164 
768 118 19 22 0.035622627 
848 211 11 14 0.035598744 
867 284 14 18 0.035571527 
595 300 13 17 0.035542436 
556 565 14 17 0.03552149 
247 163 10 13 0.03550554 
943 89 11 13 0.0354987 
863 257 13 16 0.03549118 
504 71 7 8 0.035468206 
221 179 11 14 0.035459187 
487 54 8 10 0.03543304 
522 64 7 9 0.035419215 
941 188 12 14 0.035411753 
463 118 8 10 0.03539785 
635 468 15 19 0.03537391 
675 311 14 19 0.03537306 
863 95 9 11 0.03536764 
605 112 11 13 0.03536524 
621 244 11 14 0.035355914 
184 419 13 16 0.035349037 
573 38 9 10 0.035330147 
135 48 7 9 0.03531618 
517 150 9 11 0.035304032 
695 137 18 23 0.035275638 
494 167 9 11 0.03527421 
775 63 9 12 0.035238303 
57 176 9 10 0.03523601 
438 395 12 14 0.03522622 
311 268 12 15 0.03520644 
241 41 7 10 0.03511732 
286 9 7 8 0.035108548 
342 93 9 11 0.035104785 
271 40 7 8 0.035083976 
131 196 10 12 0.03505771 
622 104 10 13 0.035043012 
66 111 8 11 0.035032496 
790 556 15 19 0.034965992 
968 64 8 10 0.034946825 
560 24 8 10 0.034934483 
106 426 13 18 0.03493121 
945 463 20 24 0.034928802 
667 481 14 20 0.03491858 
540 300 12 15 0.03491646 
884 297 13 16 0.03487498 
342 48 7 9 0.0348666 
950 131 12 15 0.034860834 
586 183 9 11 0.034846663 
256 39 8 9 0.034775194 
407 134 9 11 0.034771673 
829 417 14 18 0.034760375 
150 278 12 14 0.03475177 
148 386 17 19 0.034721177 
57 44 8 11 0.034693815 
460 159 10 11 0.03464569 
670 0 9 9 0.034632068 
790 242 12 16 0.034617838 
72 140 9 11 0.03461743 
397 181 10 12 0.034594472 
479 6 6 9 0.03454595 
616 175 10 11 0.03454249 
433 71 6 9 0.034520347 
487 301 11 14 0.034507826 
489 131 10 12 0.034499686 
802 94 9 11 0.034494203 
719 81 9 11 0.034489237 
863 594 14 19 0.034447253 
705 63 9 12 0.03441813 
193 131 9 11 0.0344181 
8 100 11 14 0.03436888 
423 188 11 14 0.03434194 
508 319 15 18 0.034331948 
903 125 9 10 0.03431126 
103 195 10 12 0.034289856 
345 115 9 11 0.034283385 
172 341 14 17 0.03427923 
347 362 15 17 0.034258086 
288 14 8 11 0.034252405 
582 72 9 11 0.034179192 
936 102 10 12 0.034162518 
569 123 9 11 0.03411304 
887 160 11 13 0.03410099 
509 526 17 22 0.034098227 
177 164 9 12 0.03409584 
980 150 11 15 0.034073796 
915 212 13 16 0.034016006 
766 173 9 12 0.033993315 
677 399 15 19 0.03396123 
419 293 16 19 0.033952676 
958 37 10 11 0.033927914 
1005 499 17 20 0.033889987 
812 395 13 17 0.033882234 
135 136 8 10 0.033868644 
562 29 8 10 0.033755817 
277 124 10 12 0.033740375 
965 14 8 10 0.033723794 
588 199 13 16 0.03371495 
910 96 8 10 0.033712424 
480 155 10 12 0.033703882 
438 8 8 10 0.033670332 
60 346 13 16 0.03364008 
599 23 9 11 0.03362525 
620 329 13 19 0.033601206 
533 536 16 21 0.0335887 
773 356 13 18 0.03357225 
347 278 14 17 0.033571616 
747 258 13 15 0.033564724 
434 31 8 9 0.033547733 
376 132 9 11 0.033547137 
929 86 7 10 0.033544015 
582 167 8 10 0.033541493 
429 355 12 15 0.03350137 
739 228 12 16 0.03344613 
766 269 11 15 0.033424135 
758 62 8 10 0.033423472 
654 70 10 12 0.033415064 
767 164 10 13 0.033377722 
341 268 12 16 0.033355184 
731 23 9 12 0.03328165 
814 295 10 13 0.03324435 
191 63 7 10 0.03322765 
669 40 10 11 0.033202156 
77 140 10 12 0.033182856 
505 31 7 8 0.033181764 
221 352 15 22 0.03317247 
375 159 8 11 0.033140916 
980 282 12 15 0.03310609 
392 317 10 13 0.033075728 
506 45 7 10 0.033060636 
696 155 12 13 0.033044428 
709 112 18 23 0.032968327 
301 32 8 9 0.03296617 
704 206 10 13 0.03291934 
990 134 9 12 0.032919195 
974 475 14 19 0.03289996 
408 70 8 10 0.03287826 
759 270 12 14 0.03281933 
553 71 8 10 0.03279593 
733 77 11 13 0.032786097 
311 156 9 12 0.032775324 
297 31 8 10 0.03275791 
446 386 12 15 0.032754976 
445 436 14 17 0.03273655 
417 128 10 11 0.0327304 
469 345 18 23 0.032728683 
23 230 10 13 0.03268219 
223 121 17 24 0.032662958 
854 93 8 10 0.03266013 
904 96 10 11 0.032656338 
822 173 10 13 0.03263465 
362 30 8 10 0.032634296 
805 79 9 12 0.03263274 
828 243 13 15 0.032541525 
680 91 9 12 0.032531198 
661 459 13 16 0.032517903 
105 65 7 9 0.032502983 
236 197 11 13 0.032454707 
232 146 10 13 0.03242852 
186 69 8 10 0.03242059 
487 48 9 10 0.03239737 
276 528 16 19 0.03237515 
453 483 13 17 0.03234423 
887 185 11 14 0.032342467 
623 235 11 14 0.032326303 
756 88 18 23 0.03232418 
164 410 13 17 0.0323074 
585 38 9 11 0.032305937 
481 116 9 12 0.032252952 
302 247 12 14 0.03224974 
806 149 9 11 0.03224959 
538 79 8 9 0.032245897 
229 461 15 17 0.032239642 
1014 243 11 15 0.032210585 
550 3 8 8 0.03220043 
919 1 8 8 0.03219355 
262 183 9 12 0.03218876 
178 29 9 10 0.03218183 
790 349 12 15 0.032178864 
263 57 8 10 0.032140207 
480 243 10 12 0.03212098 
407 155 17 21 0.032117557 
224 109 7 10 0.03207741 
145 24 8 10 0.03205672 
881 54 8 10 0.03204215 
249 135 9 12 0.032031264 
673 148 9 12 0.032023348 
96 209 11 13 0.032020904 
507 310 14 17 0.032016285 
296 221 10 15 0.03201155 
624 259 11 15 0.03200456 
751 324 13 17 0.03196591 
506 222 13 16 0.031949416 
80 112 9 11 0.031948544 
392 15 8 10 0.03193161 
957 301 14 17 0.031833667 
953 243 12 15 0.031811614 
78 99 8 11 0.03180883 
210 315 14 17 0.03180881 
795 520 14 16 0.031790357 
221 346 13 18 0.031772576 
168 86 8 10 0.03176855 
425 335 13 17 0.03176493 
455 479 20 25 0.03176104 
128 119 8 11 0.031728517 
385 189 10 13 0.031670876 
261 73 18 23 0.031617336 
479 136 9 11 0.031600058 
432 451 13 16 0.03157803 
782 378 15 19 0.03156037 
132 28 8 11 0.03153852 
118 152 9 10 0.031524092 
796 360 14 19 0.03147693 
199 70 8 11 0.03145945 
535 545 14 19 0.031401917 
153 142 9 12 0.03139311 
855 314 13 16 0.031383358 
914 188 11 14 0.031370856 
26 525 16 20 0.03136177 
369 118 7 11 0.031324256 
871 22 8 11 0.03129546 
696 110 9 12 0.03129166 
330 36 8 10 0.031245466 
992 12 9 11 0.031237155 
832 96 9 11 0.03122118 
100 143 10 12 0.031217577 
172 485 12 16 0.031210214 
972 142 10 12 0.031202242 
471 56 8 9 0.031167233 
725 173 9 12 0.0311646 
431 123 10 12 0.031108826 
920 23 8 10 0.031098425 
321 24 8 9 0.031055493 
201 183 11 14 0.03100348 
555 243 13 16 0.030965941 
398 15 7 9 0.030959532 
364 226 12 17 0.030935615 
369 16 7 9 0.030860547 
105 24 7 10 0.030840859 
1015 77 9 11 0.03083711 
648 60 9 12 0.030833863 
675 137 16 22 0.030805573 
999 13 8 10 0.030799186 
111 308 12 17 0.030784726 
405 93 9 11 0.030780312 
53 78 9 11 0.03076234 
639 14 8 12 0.030752301 
456 93 8 10 0.030722724 
630 69 10 11 0.030697783 
644 94 10 12 0.03068477 
72 151 11 14 0.0306739 
236 210 13 16 0.030666469 
296 78 7 10 0.030660741 
249 52 9 11 0.030653132 
991 96 8 9 0.030647228 
431 184 10 12 0.030616123 
158 164 9 12 0.03059906 
502 92 8 10 0.030589556 
429 219 10 13 0.030547434 
952 184 13 17 0.030540206 
558 104 8 10 0.030539416 
780 277 13 16 0.030529443 
139 388 16 18 0.0305243 
733 5 7 10 0.03052128 
1004 24 8 10 0.030489957 
238 375 16 20 0.030470217 
878 71 8 10 0.03046368 
993 79 9 10 0.03044585 
900 242 13 16 0.030422956 
274 305 15 18 0.03039542 
858 157 12 16 0.030368289 
209 55 8 9 0.03036108 
97 25 7 10 0.0303224 
989 578 17 22 0.03029203 
889 115 9 12 0.030285906 
822 259 11 15 0.030252697 
448 209 13 16 0.030233316 
513 17 8 9 0.030215982 
167 176 8 10 0.030201135 
600 13 8 10 0.030189753 
670 62 9 12 0.030186752 
313 23 7 9 0.030161481 
703 116 10 12 0.030150438 
646 251 12 16 0.030131716 
985 0 8 8 0.03011866 
399 73 7 9 0.030090356 
783 7 8 10 0.030068586 
439 171 10 13 0.030044494 
606 197 9 13 0.030027257 
535 159 11 13 0.030019345 
824 197 11 15 0.029999416 
796 348 13 16 0.029976811 
958 163 13 16 0.029971424 
970 89 9 10 0.02996363 
622 127 9 11 0.029960418 
466 30 6 9 0.029959152 
208 152 8 10 0.029905362 
807 45 9 11 0.029886369 
821 79 10 11 0.029839572 
494 70 7 9 0.029802596 
1006 329 13 17 0.029784823 
127 136 9 11 0.02977454 
436 195 12 15 0.029763233 
819 128 19 21 0.029748248 
87 148 11 12 0.029737439 
903 1 9 9 0.029724097 
670 164 10 14 0.029710252 
217 237 10 13 0.029696535 
662 427 15 21 0.029638031 
183 160 10 13 0.02962136 
176 92 8 11 0.02957251 
732 489 13 17 0.029526066 
687 22 9 11 0.029508904 
62 247 12 14 0.029507108 
230 174 11 12 0.029495135 
593 1 7 8 0.029484196 
159 85 7 10 0.029461049 
296 62 8 10 0.02938017 
470 301 12 14 0.029347064 
337 74 8 9 0.029328821 
427 277 12 15 0.029325027 
201 111 7 9 0.02927562 
900 72 17 23 0.029268427 
743 291 11 15 0.029267272 
702 285 11 15 0.02926222 
46 267 12 14 0.029246759 
202 104 7 10 0.029234575 
318 247 12 15 0.029214565 
783 226 11 14 0.029210376 
485 366 11 15 0.029195944 
417 111 8 11 0.029190589 
727 107 10 13 0.029153531 
946 159 11 13 0.02914553 
407 88 8 11 0.029142322 
757 174 9 13 0.02913067 
191 259 12 16 0.029128911 
126 204 12 16 0.029057864 
358 180 9 12 0.029015562 
815 127 12 13 0.028982166 
453 441 14 17 0.028981583 
36 595 15 18 0.028967109 
601 227 14 17 0.02896614 
982 53 8 10 0.028925449 
63 88 8 10 0.02891922 
888 85 8 10 0.028917287 
828 148 11 13 0.02891136 
482 47 7 9 0.028900586 
286 30 8 10 0.028898237 
142 117 8 11 0.028896417 
295 275 12 17 0.028885497 
568 236 10 13 0.028870655 
664 173 9 12 0.028870318 
181 332 14 17 0.02886615 
438 182 10 14 0.028859813 
690 392 15 19 0.028847305 
612 133 10 12 0.028815402 
458 197 12 14 0.028803334 
917 194 12 16 0.028802434 
914 363 14 18 0.028768811 
382 246 11 14 0.028760774 
978 618 24 33 0.028758962 
134 447 14 17 0.028739614 
382 373 13 18 0.02872539 
567 542 17 20 0.02871113 
185 107 8 12 0.028703036 
481 143 18 23 0.028686877 
32 603 21 28 0.028677465 
582 174 8 11 0.02865734 
5 237 12 15 0.028650604 
973 341 12 15 0.02864205 
708 229 11 14 0.028637465 
918 86 9 11 0.028630562 
237 324 15 19 0.02861077 
52 526 16 21 0.028595077 
354 17 7 9 0.028587274 
617 283 12 16 0.028559005 
231 197 11 12 0.028551973 
997 369 15 18 0.028551817 
928 237 11 14 0.028545683 
29 311 17 22 0.02854353 
842 515 15 21 0.028481089 
454 147 12 14 0.028470905 
429 165 10 13 0.028457984 
478 2 7 7 0.028454997 
703 235 12 16 0.028453546 
653 332 14 18 0.028449696 
351 77 8 11 0.02842531 
60 235 11 14 0.02842007 
671 252 12 15 0.028409785 
641 7 8 11 0.028406352 
569 136 9 10 0.02840278 
117 235 12 15 0.028401786 
553 167 8 11 0.028396484 
464 376 14 18 0.028388 
839 173 11 15 0.028386382 
482 316 12 15 0.028371658 
136 118 8 11 0.028367385 
981 276 13 15 0.028365128 
430 322 13 17 0.028353922 
1004 162 10 13 0.02834907 
864 31 8 9 0.02834498 
567 253 11 16 0.028344959 
716 293 13 17 0.028336518 
488 172 11 15 0.028238803 
538 181 9 11 0.028226295 
743 0 8 9 0.028209547 
561 38 9 11 0.028208029 
615 102 10 11 0.028197091 
1004 435 16 20 0.028196678 
609 377 14 19 0.028170254 
295 246 10 12 0.028149584 
1012 267 11 15 0.02812163 
820 301 18 24 0.028082268 
31 616 17 22 0.028071104 
383 135 9 10 0.02806612 
242 113 17 23 0.028065955 
278 99 18 22 0.028053628 
87 94 9 11 0.028052144 
925 125 11 13 0.028045312 
353 131 18 23 0.028026907 
519 183 9 11 0.028011076 
256 32 7 9 0.027986718 
495 97 17 24 0.02798641 
493 310 15 16 0.027967513 
213 359 14 18 0.027954737 
16 161 10 14 0.027953375 
580 240 19 22 0.027948622 
740 342 14 18 0.027948353 
762 464 16 21 0.02790603 
1004 60 9 12 0.027904432 
184 95 7 9 0.02789098 
758 80 9 10 0.02788796 
142 276 12 15 0.027879948 
247 63 8 9 0.027872788 
891 79 8 10 0.027869059 
301 282 14 18 0.027852569 
745 147 10 14 0.027840769 
512 505 14 20 0.027839351 
304 110 8 10 0.02783893 
999 116 8 12 0.027831467 
401 39 7 8 0.027775066 
299 356 16 22 0.02776049 
214 28 7 10 0.027749438 
559 167 8 11 0.027725566 
669 27 10 12 0.027723286 
525 182 9 12 0.027716108 
917 653 15 18 0.027699348 
682 277 14 16 0.027676022 
944 16 8 10 0.027667945 
98 275 14 17 0.027659617 
168 242 12 16 0.027653003 
415 31 7 9 0.027635362 
979 240 11 13 0.027628966 
95 6 7 9 0.027625127 
361 88 17 22 0.027620932 
270 31 8 10 0.027599495 
488 64 8 9 0.027591653 
624 40 8 10 0.027539456 
183 261 12 15 0.02753751 
351 152 10 12 0.027528515 
517 494 16 19 0.027502747 
774 339 15 19 0.02747662 
802 296 15 17 0.027453281 
319 15 8 10 0.0274482 
4 182 10 15 0.02744819 
321 545 18 21 0.02742469 
398 269 11 14 0.02741205 
489 9 7 8 0.027389772 
658 29 9 11 0.02738956 
273 103 9 12 0.02737407 
686 133 10 13 0.027356144 
532 150 10 11 0.027347649 
854 135 10 11 0.027342634 
574 252 12 17 0.027336942 
932 271 14 17 0.027323557 
919 125 10 12 0.027320422 
254 266 13 17 0.027304502 
848 80 9 10 0.027283333 
942 344 15 18 0.027230999 
506 142 9 11 0.02720522 
975 64 7 10 0.027202165 
331 31 9 11 0.027200561 
901 584 21 28 0.02719815 
689 440 15 18 0.027187884 
742 268 13 16 0.027170628 
199 63 7 9 0.027161732 
142 1 8 9 0.027148658 
22 277 12 15 0.027146943 
585 188 10 13 0.027143368 
423 151 10 12 0.027141469 
1 331 13 16 0.027138554 
786 377 19 23 0.027120499 
470 45 7 9 0.027103243 
399 56 8 10 0.027101878 
990 108 9 12 0.027089817 
488 95 8 10 0.027085105 
321 348 12 15 0.02707944 
536 23 7 9 0.027071899 
53 576 14 18 0.027058015 
646 198 10 13 0.027054688 
757 163 11 14 0.027043758 
917 30 9 11 0.027033033 
372 219 11 15 0.027027534 
986 185 12 16 0.026988532 
822 284 11 15 0.02697394 
890 212 12 15 0.02696789 
993 64 9 11 0.026956957 
631 572 13 18 0.026944201 
86 187 13 16 0.02693479 
294 183 18 22 0.026925163 
316 105 19 23 0.026899895 
870 30 8 10 0.026888832 
248 206 10 13 0.026884107 
302 159 10 12 0.02688105 
398 364 12 15 0.026877373 
493 120 9 10 0.026870199 
555 559 24 27 0.026851559 
936 15 8 10 0.02684198 
110 52 8 10 0.026837977 
619 315 15 17 0.026823146 
564 286 14 17 0.026817119 
182 87 8 10 0.026779234 
499 406 19 24 0.026745215 
763 307 14 17 0.0267335 
886 141 10 13 0.026702663 
919 334 16 20 0.026702084 
442 95 7 9 0.026692323 
496 321 13 16 0.026668008 
455 103 8 10 0.026631737 
153 191 9 12 0.026594324 
636 414 19 25 0.02658687 
741 221 10 16 0.026570005 
606 426 14 18 0.026561594 
37 329 13 16 0.02654967 
288 126 9 11 0.02654739 
928 151 9 12 0.026539665 
904 109 9 11 0.026521469 
788 337 14 18 0.02650081 
514 86 19 24 0.026497373 
86 259 12 15 0.026492484 
597 210 13 16 0.026478026 
408 54 8 9 0.026472509 
687 80 9 12 0.026467616 
215 181 9 13 0.026466856 
302 119 9 11 0.02645151 
525 372 11 13 0.026450507 
335 417 11 15 0.026441915 
222 358 21 27 0.026438113 
706 357 14 17 0.026437225 
961 174 14 17 0.026435848 
724 387 14 19 0.026435483 
758 71 9 11 0.02643172 
319 45 7 9 0.0263942 
548 205 15 18 0.02638765 
657 124 11 13 0.026360745 
232 157 10 13 0.026355851 
990 226 12 16 0.026347976 
333 322 12 15 0.026319087 
42 603 15 22 0.02631521 
225 84 8 11 0.026313893 
899 320 14 16 0.026307216 
670 266 12 16 0.026289437 
698 338 14 17 0.02626135 
805 117 11 13 0.0262488 
152 71 8 11 0.0262397 
463 306 13 16 0.026205558 
655 38 10 12 0.0262055 
344 142 7 10 0.026195008 
315 283 12 17 0.026137343 
349 325 14 15 0.026125932 
224 97 8 9 0.026113132 
759 207 10 13 0.026111146 
226 135 20 24 0.026103199 
557 135 8 11 0.026099352 
175 118 7 10 0.02602071 
486 209 13 17 0.02599923 
132 238 13 15 0.02599909 
710 559 15 20 0.025972515 
63 118 9 11 0.025970405 
613 2 9 9 0.025948165 
58 54 7 10 0.02593373 
736 460 21 26 0.025928792 
841 62 8 10 0.025921429 
909 150 10 13 0.025916535 
636 139 12 13 0.025915748 
13 481 14 18 0.02591302 
247 70 8 11 0.025897276 
65 61 8 10 0.0258941 
231 120 7 9 0.025889976 
839 145 11 15 0.025877496 
146 41 7 9 0.025873555 
0 122 9 16 0.025853463 
328 315 11 16 0.02583697 
839 245 11 13 0.02581732 
652 293 12 16 0.025801664 
575 190 9 12 0.025799247 
852 260 13 17 0.025798222 
323 450 15 20 0.025784638 
664 17 11 13 0.02576325 
880 47 8 10 0.025731254 
214 55 7 9 0.025723204 
943 506 15 18 0.025717303 
1009 313 20 27 0.02571579 
638 321 11 16 0.025715122 
533 190 11 13 0.025683435 
184 144 8 10 0.025681417 
296 268 12 15 0.0256552 
385 197 10 13 0.025647728 
471 155 10 12 0.025629276 
203 515 14 21 0.02562117 
407 63 8 10 0.025612522 
935 88 8 11 0.025595639 
45 128 10 13 0.02559081 
659 310 14 17 0.025585724 
851 190 12 15 0.025582537 
647 139 12 14 0.025547212 
277 422 14 19 0.025543148 
33 143 11 13 0.025532044 
264 71 8 10 0.02552021 
800 394 15 18 0.025480753 
600 1 7 8 0.025462437 
549 195 13 15 0.025441827 
180 312 14 17 0.025412293 
684 307 13 18 0.025411844 
872 7 9 11 0.025399389 
163 331 13 17 0.025378916 
584 22 8 11 0.025371028 
528 101 8 10 0.025370587 
148 237 10 14 0.025356589 
832 460 12 15 0.025326379 
804 124 12 14 0.025323322 
655 182 10 12 0.025322787 
665 157 9 11 0.025317635 
963 461 14 17 0.025286919 
200 143 8 10 0.025260968 
301 22 8 10 0.025258059 
371 364 14 16 0.025244901 
893 105 19 23 0.025241585 
141 346 12 15 0.025215479 
648 1 8 9 0.02519307 
557 199 11 13 0.025182236 
905 192 12 15 0.025174698 
872 215 12 14 0.025170192 
50 400 15 18 0.025137354 
518 16 8 10 0.025120609 
900 142 14 15 0.025114268 
926 104 9 11 0.02511273 
563 209 12 15 0.025105737 
158 345 14 18 0.025105225 
184 24 9 11 0.02509983 
446 404 13 17 0.025096428 
841 237 10 12 0.025049698 
830 80 8 10 0.025040861 
692 352 15 19 0.0250317 
118 156 9 12 0.025026372 
80 53 8 10 0.025024274 
774 2 9 9 0.025001284 
793 62 8 11 0.02495995 
14 438 16 22 0.024950763 
996 2 9 10 0.024939 
289 436 14 17 0.024938876 
795 155 11 12 0.024926888 
257 72 8 10 0.024894774 
997 212 11 15 0.02489191 
247 15 9 11 0.024864644 
611 368 15 19 0.024851928 
82 158 12 13 0.024837306 
512 156 9 11 0.024831219 
430 112 9 11 0.024807546 
575 45 9 11 0.024806347 
183 77 9 11 0.024778878 
758 235 11 14 0.024768777 
685 26 18 23 0.024737699 
835 134 19 23 0.024698805 
446 174 11 14 0.024698298 
1012 330 12 18 0.024697766 
134 345 13 16 0.024694657 
535 340 11 14 0.024676953 
703 187 12 15 0.02467193 
470 241 12 15 0.024671767 
511 31 8 10 0.024665263 
285 159 18 23 0.024651991 
543 111 8 10 0.024640806 
1005 352 13 18 0.024640307 
271 177 10 12 0.02461057 
192 78 7 10 0.024605008 
403 657 14 17 0.02459169 
299 331 12 15 0.024588028 
335 181 9 12 0.02457958 
264 150 18 23 0.02457326 
756 114 16 21 0.024567075 
589 101 10 12 0.024558164 
82 574 15 21 0.024551198 
534 197 11 13 0.024547612 
152 164 10 13 0.02454575 
424 412 15 18 0.02452704 
950 16 8 9 0.024524668 
610 530 17 21 0.024515187 
582 279 12 16 0.024514556 
0 145 18 24 0.024492206 
376 101 8 10 0.024491834 
400 32 6 8 0.024490122 
735 210 11 14 0.024462482 
322 142 9 11 0.024451792 
134 205 10 14 0.02445145 
199 150 9 10 0.024445027 
742 205 10 14 0.024410006 
278 251 11 14 0.02439998 
454 134 19 23 0.024398929 
1000 222 12 15 0.024395281 
168 164 8 11 0.024388153 
29 302 13 16 0.02434964 
501 517 22 26 0.024340522 
333 195 11 13 0.024339365 
475 378 11 15 0.02432714 
533 7 7 9 0.024324853 
353 95 8 10 0.024318255 
565 353 14 18 0.024313826 
198 87 8 10 0.024311654 
617 186 17 21 0.02430945 
844 309 11 16 0.02430903 
385 15 7 9 0.024301404 
551 239 11 13 0.024297975 
806 427 17 21 0.02428556 
559 473 14 18 0.02427529 
930 381 15 18 0.02427342 
510 513 16 22 0.024261339 
421 198 11 14 0.024255566 
303 444 12 17 0.024247577 
809 7 8 9 0.024239922 
980 212 13 16 0.024230974 
631 229 13 16 0.02422706 
385 37 7 8 0.024226867 
720 52 10 12 0.024226744 
990 139 10 13 0.024219137 
295 136 10 12 0.024213614 
742 64 9 12 0.024190169 
22 162 11 13 0.024186706 
335 388 12 15 0.024171785 
783 142 10 11 0.024171732 
292 137 18 23 0.024162639 
432 423 16 19 0.024156086 
683 240 12 15 0.024150318 
191 45 7 10 0.024133554 
837 356 12 16 0.024126695 
497 222 12 16 0.024125319 
318 8 8 10 0.02412395 
334 190 10 12 0.02411092 
254 247 11 13 0.024104288 
74 209 11 15 0.024098013 
918 15 8 9 0.024092799 
858 30 7 10 0.02409061 
717 111 10 13 0.024066553 
447 24 7 9 0.024065094 
831 53 9 11 0.024041632 
754 0 8 9 0.024033234 
476 364 12 16 0.024028758 
875 329 13 17 0.024007166 
526 425 14 19 0.024004929 
660 442 15 18 0.024004458 
137 79 7 9 0.02400397 
918 79 8 10 0.023989048 
203 332 14 16 0.023985444 
814 113 10 13 0.023981692 
472 132 8 11 0.023980185 
536 39 7 9 0.023965195 
670 290 16 18 0.023954798 
487 167 10 13 0.02386909 
44 141 11 14 0.023846723 
435 405 15 18 0.023800299 
30 331 12 15 0.023788685 
233 297 12 17 0.023771783 
911 128 9 11 0.023768304 
486 277 11 15 0.023762433 
151 45 7 10 0.023754703 
12 317 11 14 0.023751639 
655 58 10 12 0.023740709 
367 267 13 16 0.02373977 
716 206 12 14 0.023733128 
368 64 8 10 0.023728704 
222 151 9 12 0.023727952 
255 273 13 18 0.023727128 
2 464 15 20 0.023717875 
760 322 14 17 0.023714406 
974 376 11 14 0.0237097 
284 222 11 14 0.023684576 
140 292 14 18 0.023659613 
776 55 9 10 0.02365512 
241 112 9 10 0.023636669 
673 136 10 12 0.023632597 
416 117 8 10 0.023631835 
559 481 16 21 0.02361756 
132 372 14 18 0.023617381 
237 314 14 18 0.023611888 
878 158 10 13 0.02360151 
255 112 8 10 0.023600172 
329 369 11 17 0.023596842 
470 224 11 14 0.023585035 
0 369 7 13 0.023582296 
241 123 9 11 0.023577351 
191 110 8 11 0.023576606 
1010 198 20 27 0.02356722 
683 486 15 20 0.023566423 
1012 386 11 15 0.023546886 
360 61 8 10 0.023515021 
418 16 7 10 0.023511536 
262 113 9 10 0.02349134 
552 79 7 9 0.02348792 
726 415 16 20 0.023483064 
134 164 10 12 0.023470439 
496 22 6 9 0.023464775 
451 371 12 16 0.02344278 
856 63 9 11 0.023399346 
152 103 8 9 0.023395147 
101 354 14 17 0.02339336 
952 47 8 10 0.023374574 
789 21 9 11 0.023374509 
976 1 9 10 0.02336904 
131 393 16 19 0.023367088 
367 156 9 12 0.023354663 
766 187 9 12 0.023348361 
152 173 9 12 0.023336755 
797 243 11 15 0.023330238 
978 306 13 15 0.02330284 
524 175 10 12 0.023300929 
895 148 13 15 0.02327239 
350 126 9 10 0.023269609 
206 284 13 14 0.02326792 
243 335 16 21 0.023264518 
301 148 10 13 0.023236535 
74 154 17 22 0.023222756 
640 176 9 11 0.0231968 
848 332 15 18 0.023193952 
657 22 9 12 0.023186905 
837 220 13 17 0.023172345 
657 320 14 17 0.02317086 
294 193 12 16 0.023156302 
720 7 9 9 0.023139996 
517 125 9 11 0.023139486 
83 388 17 20 0.02312208 
432 97 7 9 0.023121746 
60 309 15 19 0.02311936 
784 359 20 23 0.023109024 
126 166 9 12 0.023079988 
182 402 13 17 0.023079019 
622 253 11 14 0.023076726 
769 70 8 11 0.02307328 
64 71 8 10 0.023069061 
876 242 13 16 0.023057837 
25 431 15 18 0.023050517 
171 16 8 10 0.02303593 
144 397 18 19 0.02302742 
882 583 22 25 0.02302528 
919 70 9 10 0.023007095 
372 228 13 16 0.02299819 
717 394 14 17 0.022995925 
835 189 12 15 0.022988709 
767 12 9 11 0.022964014 
942 22 8 10 0.022954205 
375 96 8 10 0.022949181 
775 11 17 22 0.022935739 
196 283 14 17 0.022931738 
-1 580 8 13 0.022917777 
181 14 9 10 0.022905175 
862 220 12 15 0.02290439 
29 228 10 12 0.02289338 
554 218 12 15 0.02288695 
385 114 16 21 0.022881342 
600 7 9 10 0.022866175 
155 318 16 18 0.022859147 
807 17 9 10 0.022858901 
141 231 11 13 0.0228283 
150 62 7 10 0.022826599 
13 62 8 11 0.022824263 
110 76 9 10 0.022810856 
269 80 18 24 0.02280457 
45 32 8 9 0.022800216 
428 394 12 16 0.02278472 
775 325 12 15 0.022782028 
466 67 18 23 0.022761885 
78 71 8 11 0.02275062 
7 116 11 15 0.022732086 
1016 87 9 12 0.022730963 
506 370 12 17 0.022726698 
965 351 15 18 0.022722574 
864 24 9 10 0.022684496 
361 98 9 12 0.022681378 
318 86 8 10 0.022678059 
52 201 12 15 0.022670405 
1008 119 18 24 0.022662038 
966 591 13 19 0.022642987 
461 442 12 16 0.022619363 
655 1 9 8 0.022610191 
472 322 11 14 0.022603575 
216 68 9 12 0.022591406 
405 223 13 16 0.022581797 
565 166 9 11 0.022579085 
272 214 10 13 0.0225784 
281 24 8 9 0.022574939 
790 229 10 14 0.022572698 
654 85 8 11 0.022563156 
731 18 18 23 0.022548178 
501 417 12 15 0.0225325 
975 198 10 14 0.022532346 
72 30 9 11 0.02252843 
374 183 10 12 0.022517564 
510 113 17 23 0.022509964 
782 149 11 13 0.0224846 
356 373 12 15 0.022483364 
753 317 11 15 0.022481715 
382 220 12 15 0.022472152 
144 62 8 9 0.022453109 
573 33 9 10 0.022451086 
365 286 14 16 0.022448028 
821 71 9 11 0.022438355 
150 526 16 20 0.0224286 
199 57 7 9 0.022415366 
375 475 12 16 0.022415334 
187 235 12 15 0.02241291 
668 381 18 23 0.022408769 
698 13 9 11 0.022392787 
907 578 16 20 0.022383545 
16 68 8 12 0.022359937 
489 178 11 14 0.022357749 
566 24 7 9 0.022344142 
479 30 7 9 0.022324491 
775 170 10 13 0.022322502 
997 234 13 17 0.022317236 
144 79 7 9 0.02231208 
534 95 18 23 0.02230416 
363 401 14 17 0.022300437 
493 142 9 11 0.022282586 
187 413 15 18 0.022274047 
750 470 21 25 0.022269325 
450 418 13 17 0.022250112 
566 176 8 11 0.0222353 
888 3 9 11 0.022232994 
331 81 19 23 0.022232503 
890 339 16 18 0.022225713 
616 21 9 11 0.022215994 
828 426 13 18 0.022214234 
908 299 12 16 0.022209294 
439 24 8 10 0.022198595 
711 261 12 15 0.022184879 
779 305 15 17 0.022171754 
397 104 9 10 0.022156514 
566 242 10 15 0.022155408 
561 0 18 23 0.022154804 
870 348 14 18 0.022153936 
806 1 8 8 0.02214896 
277 212 12 15 0.022141527 
903 206 11 14 0.022117104 
461 147 10 12 0.022113793 
336 23 7 10 0.022096694 
228 337 12 17 0.022082638 
652 147 13 16 0.02207787 
853 284 13 17 0.022077309 
1006 300 14 17 0.022075271 
328 48 8 9 0.02206611 
589 94 9 12 0.022062192 
674 202 11 14 0.022058778 
711 437 14 18 0.02204895 
295 15 8 11 0.022038138 
898 386 13 16 0.02202566 
1005 403 15 20 0.022023384 
663 6 10 11 0.022006804 
356 387 12 16 0.022000222 
752 61 9 10 0.021997256 
101 252 13 15 0.021984767 
431 64 7 9 0.021982368 
63 77 8 10 0.021976443 
478 23 7 10 0.0219746 
152 6 9 10 0.021968469 
453 404 11 16 0.021966564 
929 156 11 14 0.021965746 
262 195 11 14 0.021886008 
86 195 11 13 0.02186035 
1007 103 19 25 0.02182378 
57 117 9 12 0.021806048 
141 206 11 14 0.021796957 
256 577 14 19 0.021796102 
967 48 8 10 0.021792483 
910 322 13 16 0.021788755 
990 193 13 16 0.021786476 
913 23 9 10 0.021785725 
675 332 13 17 0.021774808 
238 147 17 22 0.02176109 
549 309 11 15 0.021758297 
910 164 9 12 0.021757694 
664 149 10 12 0.02175768 
664 165 10 12 0.021755755 
568 105 18 22 0.021752518 
812 81 19 22 0.021701703 
765 88 10 12 0.021691214 
588 110 17 22 0.021691011 
805 39 10 11 0.02168906 
110 64 7 9 0.021669453 
454 79 7 9 0.021660699 
696 24 9 11 0.02165996 
386 468 15 21 0.021651048 
818 427 16 21 0.021649035 
311 167 8 12 0.021641977 
568 140 9 11 0.021624742 
9 606 19 29 0.021605479 
309 238 10 12 0.021601481 
993 383 16 18 0.021598373 
959 48 7 9 0.021588268 
288 147 11 13 0.021562435 
646 154 12 15 0.021550601 
742 411 13 17 0.021549167 
916 204 13 16 0.021532824 
261 465 17 24 0.021521688 
644 310 15 18 0.021510683 
630 0 9 10 0.021504864 
239 162 10 12 0.02150365 
960 88 9 11 0.021500712 
769 64 8 11 0.021490294 
534 46 9 11 0.021485344 
620 349 18 23 0.021472612 
656 547 22 27 0.02147131 
118 427 14 19 0.021470163 
117 243 13 17 0.021463756 
743 362 14 18 0.021462211 
205 113 19 23 0.021461306 
702 38 10 11 0.02145972 
829 388 14 17 0.021444784 
54 90 10 12 0.021442734 
600 54 9 10 0.02143389 
431 371 11 14 0.02141338 
367 179 10 12 0.021402648 
319 355 12 16 0.021392422 
674 228 13 16 0.021386564 
185 46 7 10 0.021381797 
556 140 10 12 0.021379376 
460 172 11 14 0.021373002 
668 338 14 17 0.02134942 
80 180 10 14 0.021339022 
640 0 8 8 0.021335382 
909 98 17 22 0.021322893 
437 206 11 12 0.021320116 
212 574 11 15 0.02132 
551 159 9 11 0.021319056 
153 159 9 12 0.02131866 
949 282 12 15 0.02130851 
20 400 13 16 0.021295719 
556 300 13 17 0.021249706 
91 301 13 15 0.02124218 
712 9 20 24 0.02123599 
270 253 11 13 0.021229396 
216 64 8 10 0.021216156 
488 40 7 8 0.021210998 
302 125 8 10 0.021208694 
157 579 13 18 0.021197338 
385 285 11 14 0.021192912 
172 376 14 19 0.02118935 
368 329 12 16 0.021189282 
716 377 13 18 0.02118843 
166 53 8 10 0.021185305 
138 256 13 17 0.021183811 
949 138 12 14 0.021177417 
737 71 10 12 0.021170096 
215 47 8 10 0.021169916 
600 324 15 21 0.021162536 
852 349 13 16 0.021159295 
495 158 9 10 0.021144615 
939 88 20 23 0.02113138 
254 235 10 13 0.021125775 
837 180 11 15 0.021124216 
126 157 9 12 0.021120973 
21 301 13 17 0.021114813 
1006 181 11 13 0.021105165 
384 64 8 9 0.021086674 
351 180 10 13 0.021086425 
607 190 9 12 0.021083377 
982 80 8 10 0.021077845 
2 290 12 17 0.021058992 
822 94 8 11 0.021056946 
320 440 21 26 0.021020578 
418 128 18 22 0.0210071 
807 368 12 17 0.021006357 
259 220 11 14 0.020997776 
724 -6 21 23 0.020988522 
752 -10 24 25 0.02098784 
404 307 11 14 0.020979239 
446 494 15 21 0.020974783 
830 267 12 15 0.020971347 
201 192 12 16 0.02096825 
857 125 9 11 0.02096566 
225 52 8 10 0.020959102 
701 137 10 12 0.02094576 
936 221 13 16 0.0209336 
382 335 19 24 0.020925011 
930 393 16 20 0.020913735 
1004 364 12 17 0.020911573 
909 318 12 14 0.020904649 
295 239 10 12 0.020895265 
334 367 20 25 0.020892158 
357 310 13 17 0.020891579 
637 283 13 16 0.020888282 
503 156 10 12 0.020874634 
1001 37 9 11 0.020867072 
405 434 14 18 0.020865278 
782 180 11 13 0.020864768 
709 178 13 15 0.02085794 
216 135 7 9 0.020854438 
160 47 8 11 0.020832883 
483 508 16 22 0.020824881 
182 2 10 11 0.020816695 
725 586 14 21 0.020799238 
499 200 13 16 0.020794563 
773 331 13 17 0.020789107 
916 237 11 14 0.02078701 
941 467 14 19 0.02078284 
7 124 10 13 0.020776141 
584 31 9 10 0.020771744 
159 259 11 15 0.020750882 
342 235 11 14 0.0207418 
961 284 11 15 0.020738304 
45 163 11 15 0.020733329 
911 1 8 9 0.020730656 
1013 102 10 13 0.02072757 
426 387 13 16 0.02071773 
449 73 7 9 0.020695182 
781 477 15 19 0.020691585 
471 30 7 9 0.020690368 
12 507 14 20 0.020682879 
315 263 15 17 0.020676507 
507 355 11 17 0.020675832 
88 530 13 18 0.02065137 
267 529 15 19 0.02064465 
702 390 20 23 0.020632837 
408 449 15 19 0.02063212 
576 94 10 12 0.020631835 
436 276 12 15 0.020631535 
847 299 11 17 0.020630771 
78 267 11 15 0.020623645 
121 576 16 21 0.020617547 
422 269 14 18 0.020615205 
446 190 10 13 0.020614026 
277 63 8 10 0.020608177 
306 7 7 9 0.020594662 
1014 36 9 11 0.020589488 
265 421 11 17 0.020576455 
296 8 7 8 0.02056856 
86 270 13 17 0.020563949 
886 147 10 14 0.020559682 
217 112 7 9 0.020529753 
103 183 9 12 0.020522688 
724 346 14 17 0.020514581 
169 115 9 11 0.020512775 
495 489 24 31 0.020489031 
224 188 11 13 0.02048222 
611 248 11 15 0.020478757 
670 108 10 13 0.020476865 
912 250 11 16 0.020472588 
710 142 20 24 0.020467509 
388 204 13 14 0.020467186 
150 55 7 9 0.020461414 
748 442 13 16 0.020455202 
355 286 14 16 0.020449085 
327 1 7 8 0.020444013 
188 331 14 17 0.020443698 
581 297 12 18 0.020431291 
459 241 12 15 0.020424044 
342 65 18 23 0.020418303 
497 39 7 9 0.02041189 
575 88 9 11 0.020411862 
17 238 12 16 0.0204096 
292 428 14 17 0.020404665 
525 32 8 9 0.020391362 
417 86 7 9 0.020386571 
117 125 8 10 0.020382658 
431 171 11 13 0.020366585 
391 391 20 24 0.02036543 
353 453 16 20 0.020343821 
73 318 15 18 0.020314874 
403 353 13 16 0.020313414 
953 22 8 9 0.020296222 
326 63 7 10 0.020286638 
592 83 9 13 0.020286025 
376 85 8 10 0.020273756 
892 220 12 15 0.020260388 
107 103 9 11 0.020257102 
266 57 19 23 0.020255392 
5 489 18 25 0.0202447 
719 467 12 17 0.02024158 
321 31 8 9 0.020228492 
475 15 7 9 0.020214703 
377 202 18 22 0.020208647 
197 343 19 25 0.02020091 
306 279 19 24 0.0202008 
336 208 11 13 0.020198535 
288 94 8 11 0.020198515 
253 165 10 12 0.02019301 
276 319 15 19 0.020188775 
106 52 7 9 0.020176837 
825 116 10 12 0.020169862 
188 314 13 16 0.02014708 
828 126 11 13 0.020143205 
846 394 14 17 0.020141123 
108 254 12 14 0.02014088 
460 189 12 15 0.020140087 
744 142 10 12 0.020139866 
801 72 7 10 0.020128181 
590 167 9 10 0.020125562 
414 291 14 16 0.020106008 
576 489 21 26 0.020090828 
878 261 13 15 0.020090822 
711 134 10 12 0.020084238 
175 78 9 11 0.020080963 
1005 307 13 17 0.020077642 
737 62 8 10 0.020075353 
38 266 13 16 0.020064544 
517 405 11 14 0.020060038 
918 150 9 12 0.020054756 
582 136 10 11 0.020050306 
471 25 8 9 0.020039279 
661 480 13 19 0.020028522 
981 197 11 14 0.020025529 
287 47 8 9 0.020024946 
