2_Demonstration_Political_Rally_2_365
144
720 103 252 367 0.999271 
462 296 72 100 0.99390596 
385 398 17 22 0.9454195 
213 340 74 90 0.93769604 
403 394 13 17 0.7303242 
374 380 10 13 0.6799686 
325 415 13 15 0.5992666 
303 369 13 17 0.581398 
309 437 15 18 0.5426415 
350 405 11 14 0.40356317 
363 395 10 14 0.3864747 
425 367 10 13 0.37039867 
-5 374 126 258 0.35410842 
350 341 10 13 0.30297822 
360 391 11 13 0.24682699 
333 348 9 12 0.23600955 
379 359 8 11 0.21075186 
344 398 11 12 0.18921132 
300 173 28 35 0.17425703 
394 360 7 9 0.15749492 
49 294 37 56 0.14899817 
333 374 9 11 0.13698308 
373 427 11 14 0.12857623 
396 393 17 23 0.12641492 
352 367 9 11 0.12090339 
358 383 10 12 0.11893569 
291 397 10 13 0.11103654 
344 421 9 12 0.10429934 
378 363 10 12 0.102917396 
350 336 9 12 0.0992379 
304 165 45 51 0.09840403 
415 373 10 12 0.08537287 
404 130 25 39 0.08286512 
370 344 8 10 0.07151979 
355 411 11 15 0.07120887 
-12 405 266 280 0.068693854 
399 359 7 10 0.06545157 
389 391 13 15 0.06431511 
354 381 10 12 0.062457062 
343 393 11 12 0.06106901 
342 359 8 11 0.059221406 
431 357 9 12 0.05849929 
318 432 22 28 0.056692686 
408 334 8 9 0.05479786 
416 360 8 9 0.052844156 
369 349 8 10 0.05240501 
368 429 12 15 0.05206128 
336 358 9 11 0.051769946 
117 336 13 17 0.0509198 
429 376 13 18 0.050758824 
352 428 10 12 0.049244862 
353 327 8 10 0.0479139 
330 342 9 13 0.04776667 
408 328 8 9 0.046841912 
385 332 7 10 0.045648728 
240 324 49 73 0.04424097 
320 236 11 13 0.044136655 
281 592 54 60 0.043836523 
399 326 6 9 0.04368651 
309 381 11 13 0.043660678 
315 431 13 16 0.04309142 
381 374 9 12 0.043068 
351 391 9 12 0.03993102 
344 413 11 14 0.039868068 
445 222 9 12 0.038446754 
327 391 9 11 0.038392186 
357 366 9 11 0.038224876 
391 333 8 10 0.038132988 
375 328 8 10 0.03812814 
393 328 8 10 0.037958644 
344 365 9 11 0.036643133 
432 353 10 11 0.03639058 
369 328 8 10 0.035671726 
356 402 12 16 0.035040185 
417 367 8 11 0.034868915 
391 384 10 13 0.034654263 
334 379 9 12 0.03460617 
359 328 8 11 0.03418153 
310 387 11 14 0.0341477 
405 351 8 10 0.034026247 
300 427 12 17 0.033986583 
353 321 7 9 0.033824597 
378 381 11 13 0.03373372 
374 350 8 10 0.033427477 
335 366 9 11 0.033415295 
356 155 21 30 0.03311354 
383 351 7 9 0.032671962 
344 349 9 12 0.0323629 
301 422 10 12 0.032326367 
300 188 17 22 0.031854536 
348 420 11 14 0.031520393 
408 365 8 10 0.030754032 
367 368 9 10 0.030718464 
356 436 13 17 0.029969702 
415 379 11 14 0.029493837 
445 212 9 12 0.028728211 
303 361 9 11 0.028308583 
364 401 11 14 0.0282409 
392 352 8 10 0.028118229 
350 360 11 13 0.027621286 
311 420 11 13 0.027526416 
352 441 15 20 0.027416885 
167 338 49 66 0.027206555 
609 175 27 33 0.026910918 
370 375 10 12 0.026848353 
401 343 7 10 0.026761064 
414 390 11 14 0.026648689 
369 357 8 10 0.026565041 
357 429 10 14 0.02613123 
382 389 12 15 0.025821581 
401 352 8 10 0.02549142 
55 51 67 62 0.025283493 
370 375 18 23 0.025276553 
323 218 13 15 0.025193987 
358 391 18 22 0.025137441 
450 347 10 15 0.025081813 
331 418 11 14 0.025035184 
327 396 10 12 0.024724191 
399 364 8 9 0.024428872 
415 344 8 9 0.0239361 
422 176 44 57 0.023779113 
319 407 11 14 0.023729758 
433 157 88 115 0.0235795 
311 404 10 13 0.023568178 
345 393 17 22 0.022949051 
422 362 18 23 0.022883803 
406 359 8 11 0.022672933 
335 406 10 14 0.022583865 
57 21 402 481 0.022385282 
304 159 30 35 0.022347162 
317 388 9 11 0.022314139 
356 374 10 12 0.02224156 
334 336 7 10 0.021926181 
385 125 39 54 0.021768527 
422 345 7 9 0.02129185 
418 146 12 17 0.021278432 
423 361 9 11 0.021236941 
302 416 9 11 0.02091316 
317 383 8 12 0.020724192 
412 334 8 10 0.020720247 
436 373 12 14 0.020461908 
303 395 10 14 0.020360515 
462 188 11 16 0.020048551 
537 349 13 17 0.02000043 
