2_Demonstration_Political_Rally_2_114
1025
648 317 27 36 0.9979265 
949 340 30 50 0.978369 
501 244 12 15 0.8243625 
95 319 27 48 0.7310699 
458 311 25 41 0.70404273 
429 195 13 15 0.65762776 
950 211 8 11 0.62909603 
826 276 14 18 0.5777484 
69 212 10 12 0.57313895 
831 247 9 12 0.5557626 
597 283 15 20 0.5405643 
443 412 55 71 0.5358303 
880 245 9 11 0.5262625 
574 247 20 28 0.50667655 
791 281 14 22 0.46628895 
92 269 13 15 0.42012674 
272 175 10 12 0.34576553 
86 96 8 11 0.34390348 
839 237 10 12 0.31139192 
607 262 9 12 0.30931735 
783 242 11 15 0.3038228 
751 165 8 10 0.29405004 
727 234 10 15 0.29265502 
521 229 9 12 0.28832537 
963 257 12 17 0.28062615 
515 283 14 21 0.27566218 
703 158 8 10 0.26634768 
113 265 22 31 0.2609438 
948 288 14 21 0.2520151 
909 200 8 11 0.24027066 
233 166 9 12 0.23819806 
44 254 22 31 0.2290556 
558 217 9 10 0.22844437 
649 216 7 9 0.22475365 
792 165 7 11 0.22079489 
996 255 9 12 0.21959753 
310 226 10 15 0.21936335 
389 264 13 15 0.21824068 
678 233 9 12 0.2170026 
977 239 7 10 0.20613338 
511 208 8 10 0.19962198 
958 174 9 11 0.19726205 
863 188 8 10 0.19107951 
687 198 9 11 0.1887924 
452 267 16 20 0.18852568 
624 215 6 9 0.18470491 
709 488 48 64 0.18420224 
686 267 14 17 0.18237174 
719 160 8 10 0.18184486 
642 166 7 9 0.17989434 
292 165 9 13 0.17422077 
888 183 8 10 0.17258586 
48 195 9 12 0.17150463 
260 278 26 31 0.1696934 
805 179 10 12 0.16697104 
865 213 9 12 0.16412944 
424 220 8 11 0.16362377 
80 239 8 11 0.16198874 
774 167 7 9 0.16179344 
862 220 9 12 0.15854183 
474 248 8 10 0.15354924 
340 238 11 15 0.15109989 
5 350 28 51 0.14882906 
803 283 14 18 0.14826368 
880 223 9 11 0.14747733 
508 324 24 35 0.14604187 
865 208 10 12 0.14482419 
102 211 8 11 0.14205131 
649 231 8 10 0.1417596 
98 206 10 12 0.14118077 
77 214 8 11 0.14065628 
793 183 8 10 0.13979048 
416 273 13 20 0.13853985 
941 286 15 20 0.1363198 
549 251 8 12 0.13615592 
470 214 9 11 0.13279888 
25 176 8 9 0.1322706 
929 214 7 10 0.13056642 
792 190 8 10 0.12683453 
800 181 9 11 0.12597157 
993 259 10 12 0.12539117 
426 174 8 10 0.122323416 
718 165 8 9 0.12117877 
606 237 9 12 0.12045852 
30 169 9 10 0.11960778 
399 236 11 13 0.119300656 
641 278 9 14 0.11864109 
985 209 7 9 0.1176352 
821 197 8 10 0.11654157 
999 237 9 11 0.1162508 
566 232 9 11 0.11613522 
481 207 8 9 0.115773104 
325 242 11 14 0.1152151 
507 206 7 10 0.11446317 
295 254 9 13 0.11324235 
946 209 8 10 0.11280514 
48 172 8 10 0.111694165 
623 222 8 10 0.1099004 
257 172 8 11 0.10896506 
766 192 8 10 0.10894726 
568 251 11 15 0.10740778 
777 199 7 9 0.10538715 
109 266 16 23 0.105292246 
422 216 8 11 0.103552185 
715 165 7 9 0.1035169 
641 160 7 10 0.1031105 
934 220 8 11 0.102300584 
122 209 7 9 0.10179042 
120 213 9 10 0.101496376 
822 268 13 19 0.1012443 
706 192 6 8 0.1007159 
959 197 8 10 0.10016334 
445 268 12 18 0.098786 
443 354 14 18 0.09851701 
760 229 10 13 0.09833676 
133 253 12 16 0.09788003 
529 212 11 13 0.09760501 
770 166 7 10 0.09754622 
486 294 23 31 0.09748008 
926 207 8 10 0.09694669 
295 219 8 11 0.09444875 
973 293 22 27 0.09416383 
365 167 8 10 0.09349376 
454 197 8 12 0.09347627 
823 181 7 9 0.09239811 
737 144 7 9 0.09204504 
836 242 11 15 0.09170175 
446 230 8 10 0.0913261 
687 235 9 12 0.091087244 
693 236 8 11 0.09002453 
791 197 9 11 0.089225054 
584 239 8 11 0.0892006 
420 402 51 73 0.08838681 
884 221 10 11 0.08808818 
290 160 8 11 0.08800331 
143 239 11 13 0.08764392 
837 183 9 11 0.0875034 
413 232 9 12 0.08674792 
213 278 15 20 0.08567456 
508 240 11 14 0.085065104 
854 199 9 11 0.08470231 
592 207 8 10 0.084502585 
912 247 9 12 0.084466204 
832 239 10 12 0.084147505 
653 214 7 10 0.084127896 
1015 205 8 11 0.08360667 
276 156 10 12 0.08291445 
704 220 8 10 0.08290117 
600 237 10 12 0.08285309 
507 272 18 26 0.082654394 
722 238 8 12 0.08231927 
632 237 10 13 0.082314834 
1014 169 7 9 0.08201355 
776 239 10 14 0.081957325 
906 221 8 11 0.08159694 
634 199 7 10 0.08147362 
753 161 8 10 0.08092142 
922 206 9 12 0.08016514 
276 198 12 15 0.08004893 
480 220 9 11 0.07970445 
24 220 10 13 0.07942751 
848 214 8 10 0.07917871 
22 256 24 27 0.07894565 
336 241 12 15 0.07768903 
592 230 8 10 0.07752871 
430 246 9 12 0.076771475 
777 364 37 44 0.076613255 
263 174 10 12 0.07658799 
17 176 8 10 0.07657131 
788 238 10 14 0.0754342 
528 208 10 11 0.07487311 
968 272 12 18 0.07473314 
762 225 8 10 0.074539326 
94 223 8 12 0.07439254 
889 188 9 12 0.07422446 
417 214 8 10 0.07409176 
893 189 9 11 0.07402635 
576 220 8 10 0.07371411 
980 238 9 11 0.07356594 
838 221 8 11 0.073446825 
478 182 8 9 0.07337808 
644 283 10 14 0.07337462 
959 216 7 10 0.07304485 
497 216 7 10 0.072893284 
125 209 8 10 0.07283339 
848 205 8 10 0.07263118 
430 181 8 10 0.072344385 
308 235 12 16 0.072067305 
713 161 7 9 0.07184682 
508 268 12 17 0.07159168 
294 149 8 10 0.0712787 
752 209 8 11 0.07127642 
430 229 8 10 0.07121213 
856 240 8 12 0.070993565 
653 237 8 10 0.07074056 
437 272 14 20 0.0706128 
1000 207 9 10 0.07056683 
952 244 10 11 0.06924742 
727 222 10 11 0.06884513 
344 214 9 11 0.06862354 
775 160 7 8 0.06860501 
435 356 29 35 0.068583935 
64 218 10 13 0.068521075 
465 207 8 11 0.0684075 
335 80 8 11 0.068384014 
793 162 7 9 0.06817418 
254 212 10 12 0.06788249 
477 250 9 12 0.06778479 
677 182 8 11 0.06777796 
457 243 10 13 0.0675034 
359 183 9 12 0.067469485 
863 167 7 9 0.067200646 
206 264 11 14 0.06687008 
543 216 9 11 0.06680901 
288 171 9 12 0.06660551 
873 169 7 8 0.066594675 
823 177 7 9 0.06629883 
631 262 9 11 0.06615 
761 192 8 11 0.06613441 
479 214 10 12 0.065931946 
861 239 9 11 0.06590265 
277 167 10 12 0.06590166 
290 252 9 13 0.06585544 
818 197 8 11 0.065620676 
782 198 9 11 0.06559043 
623 244 9 11 0.06554397 
311 143 8 10 0.06511398 
342 227 12 15 0.06494566 
29 285 30 34 0.06486072 
355 263 14 15 0.064257845 
481 199 8 10 0.063739404 
999 232 10 11 0.06317351 
849 200 8 11 0.063167326 
545 247 11 14 0.06250181 
442 230 8 11 0.06230084 
609 209 6 9 0.062289078 
425 167 9 12 0.06188903 
833 281 13 16 0.061480448 
882 294 17 25 0.06126479 
990 208 7 10 0.061168 
66 95 7 10 0.06114807 
609 213 7 10 0.061009903 
733 213 10 12 0.06074951 
879 228 9 12 0.060371414 
889 197 9 12 0.060346365 
785 192 7 9 0.060020413 
66 210 8 11 0.059873745 
711 215 9 12 0.059711684 
552 219 10 13 0.05944136 
543 234 12 14 0.05939109 
806 237 10 12 0.05937174 
142 208 8 10 0.059367362 
471 167 7 10 0.059248976 
610 191 8 10 0.059206538 
520 226 9 10 0.05913735 
736 191 8 11 0.059076894 
984 168 6 7 0.05893963 
633 255 9 11 0.05878555 
679 277 11 16 0.05852845 
719 222 7 10 0.058480795 
305 143 8 10 0.058154352 
156 260 16 20 0.058027875 
139 259 11 15 0.057482176 
933 216 8 10 0.05745407 
910 251 9 12 0.057354018 
704 197 8 10 0.05718206 
586 284 26 33 0.056971427 
692 263 12 18 0.056967 
683 254 12 14 0.056644514 
975 215 8 10 0.056612 
480 191 7 9 0.056456648 
148 274 13 16 0.056298923 
798 165 8 10 0.05618489 
377 114 10 12 0.0561742 
600 260 12 16 0.055998005 
487 238 9 13 0.05562242 
405 237 9 11 0.055593222 
272 168 10 13 0.055399567 
121 251 10 14 0.05501532 
993 237 9 11 0.05478459 
615 197 7 9 0.054702155 
758 160 7 10 0.054661628 
1000 222 10 10 0.054533076 
517 259 11 15 0.05452919 
90 266 21 25 0.053962532 
768 173 8 11 0.05383468 
669 280 15 17 0.05359038 
9 150 9 11 0.053588696 
568 207 7 9 0.052773196 
767 197 7 10 0.052635677 
759 143 7 9 0.052586846 
751 181 7 10 0.052359346 
98 211 8 12 0.05211304 
382 97 8 9 0.051536392 
70 231 8 10 0.05143693 
85 324 28 35 0.051316958 
582 335 32 53 0.05116761 
802 176 8 11 0.051141556 
406 253 10 13 0.0510538 
13 212 12 15 0.05092883 
447 246 9 12 0.05082678 
526 223 10 11 0.050782543 
954 283 12 18 0.050613083 
120 260 24 29 0.050521467 
712 177 8 9 0.050470594 
466 212 9 12 0.050469927 
953 260 11 14 0.050463475 
643 222 7 9 0.05029716 
88 223 10 12 0.05021584 
435 191 10 12 0.049765732 
884 239 9 11 0.049674604 
419 358 27 31 0.049654663 
454 177 8 11 0.049517244 
689 166 7 10 0.049452506 
833 215 9 11 0.04944531 
320 236 11 15 0.049432304 
259 236 25 30 0.049316928 
872 172 10 11 0.049297012 
953 295 14 19 0.04928428 
777 203 9 12 0.049071446 
927 262 12 14 0.048746813 
673 236 11 14 0.048710708 
64 229 10 11 0.048707783 
474 182 8 10 0.04844359 
672 242 10 13 0.048344772 
719 242 10 15 0.048270464 
680 259 12 15 0.04817089 
265 179 10 13 0.048163082 
682 197 8 11 0.047846995 
561 231 9 11 0.04782484 
629 174 9 11 0.047811184 
630 245 9 11 0.04780791 
809 282 15 20 0.04772456 
249 174 8 10 0.047522034 
167 192 8 9 0.047292806 
931 268 11 14 0.04724409 
845 238 8 11 0.047235064 
470 207 8 11 0.047197107 
426 272 17 22 0.04719648 
987 283 16 19 0.04705161 
177 185 7 8 0.04677889 
62 242 12 18 0.04670626 
523 289 14 19 0.046673797 
913 306 19 23 0.04637989 
32 198 9 11 0.046285287 
-1 198 7 13 0.046096753 
362 297 13 18 0.04598976 
80 220 9 11 0.045844853 
96 199 9 12 0.045841597 
968 215 7 10 0.045812823 
365 27 20 25 0.04570588 
746 174 8 9 0.04562704 
775 144 8 10 0.045606446 
742 142 7 10 0.045496255 
253 285 24 33 0.04548094 
489 244 8 12 0.04526632 
247 426 59 68 0.045172364 
534 256 9 13 0.04507957 
628 267 11 15 0.045076687 
528 189 8 11 0.044858728 
697 152 7 10 0.044773225 
703 153 7 10 0.04475476 
817 207 8 11 0.044738036 
129 190 8 11 0.04470768 
712 221 9 11 0.04469642 
1000 187 8 11 0.044251718 
13 207 11 13 0.044221748 
295 144 8 11 0.04417443 
653 232 8 10 0.044146385 
338 64 8 11 0.044136442 
364 292 12 15 0.044079367 
999 169 7 8 0.0440642 
382 101 7 10 0.04396789 
916 244 10 12 0.043890197 
696 167 8 10 0.04384697 
70 131 10 12 0.043763515 
504 126 9 10 0.043710437 
307 94 7 9 0.043663703 
735 208 9 11 0.04365731 
729 175 7 10 0.04352649 
23 180 8 10 0.04343202 
465 166 8 10 0.043427728 
759 166 7 9 0.043423414 
910 229 8 12 0.043378916 
119 245 10 14 0.043328762 
261 206 10 13 0.043270014 
422 339 46 45 0.043152235 
68 242 12 16 0.043149468 
277 177 10 13 0.04311124 
886 216 9 11 0.04310073 
821 263 10 13 0.043005295 
968 244 9 13 0.04288958 
960 220 8 9 0.042838242 
966 197 7 10 0.042826593 
515 330 26 38 0.04282024 
719 142 7 9 0.04275119 
729 214 9 12 0.042730235 
807 243 10 13 0.042651203 
497 220 8 10 0.042642653 
448 176 8 11 0.042615306 
945 469 32 38 0.04251895 
311 188 10 13 0.04250152 
698 158 7 9 0.04244915 
559 246 11 14 0.0423995 
227 290 12 16 0.042324428 
470 150 8 10 0.042220674 
744 182 7 10 0.042209797 
944 267 9 14 0.041925892 
353 189 9 11 0.04184085 
113 239 9 12 0.04172367 
112 221 8 11 0.041685175 
459 239 10 13 0.04166675 
639 231 8 11 0.041544445 
646 221 7 9 0.04130169 
391 254 11 13 0.041235294 
111 216 9 10 0.041210335 
703 165 8 10 0.0411306 
815 212 9 11 0.040890966 
36 204 10 14 0.040785175 
977 153 6 9 0.04053619 
497 175 8 11 0.040296003 
118 239 9 11 0.040221732 
473 175 7 9 0.04018227 
84 238 9 11 0.040177394 
586 252 12 17 0.040175837 
678 190 8 10 0.04007666 
501 222 7 10 0.040033203 
995 282 15 18 0.040032327 
639 152 7 9 0.039992366 
25 192 9 10 0.039974384 
985 290 18 21 0.03992333 
29 219 10 13 0.03987291 
306 229 10 13 0.03981043 
485 206 8 10 0.039715003 
798 161 8 10 0.039628386 
358 96 7 10 0.039484374 
343 93 7 10 0.03941706 
454 251 12 17 0.039395865 
759 208 9 11 0.03908529 
776 151 8 9 0.038986914 
526 255 12 15 0.03897432 
720 137 7 9 0.03894079 
893 183 8 10 0.03893185 
750 174 7 10 0.038865976 
776 127 7 9 0.038770653 
161 191 8 10 0.038736284 
504 201 8 10 0.038733568 
905 252 9 12 0.038669303 
671 254 11 15 0.03848749 
132 244 14 17 0.038468394 
517 208 9 11 0.038314164 
975 242 9 13 0.038180094 
959 244 8 11 0.03803242 
217 179 9 12 0.038008437 
807 187 10 13 0.037998877 
1006 246 9 11 0.0378931 
478 167 7 10 0.03779142 
679 274 23 29 0.03779031 
617 222 8 10 0.03771838 
478 176 8 10 0.0376578 
233 161 9 12 0.037592445 
735 150 8 9 0.037590075 
752 191 7 10 0.03749613 
1009 200 7 9 0.037472855 
856 183 9 11 0.037446722 
260 167 10 12 0.037431847 
601 276 15 20 0.037426483 
840 206 7 10 0.0373555 
310 216 9 12 0.037319366 
51 320 21 32 0.037220683 
906 204 8 10 0.037136815 
426 192 10 12 0.037095267 
649 200 8 10 0.03691099 
334 102 8 10 0.03686916 
877 167 8 10 0.036865428 
625 181 10 12 0.036826827 
511 261 12 17 0.036821075 
249 166 8 11 0.036802832 
471 140 9 10 0.036637574 
999 246 10 12 0.036458805 
673 182 8 10 0.036347695 
225 167 9 10 0.036340855 
126 251 11 15 0.036275763 
445 317 26 38 0.036224052 
516 365 23 35 0.036207158 
52 196 9 12 0.03618684 
731 231 12 15 0.036127813 
648 174 8 10 0.03600907 
361 173 10 12 0.035992797 
408 231 8 12 0.035967667 
503 214 8 10 0.03594891 
622 153 8 10 0.035934426 
617 214 7 10 0.035913337 
497 250 10 13 0.035896648 
509 250 12 15 0.035811167 
1005 182 9 13 0.035798907 
289 219 10 12 0.03578181 
429 223 8 11 0.035729576 
9 145 8 10 0.035693567 
879 197 8 10 0.035669748 
653 176 8 11 0.03564208 
638 200 7 9 0.035515096 
445 361 30 37 0.03550211 
926 229 9 11 0.035459086 
1006 206 8 10 0.03536769 
21 212 13 17 0.035363104 
289 150 8 11 0.03528498 
51 243 21 33 0.035252366 
976 158 7 9 0.035145655 
421 97 8 10 0.035083856 
79 184 7 9 0.03504472 
688 159 7 9 0.03496071 
648 246 9 12 0.034911416 
968 238 10 12 0.03489105 
1009 173 7 9 0.034857538 
838 216 7 9 0.03480718 
920 200 8 10 0.03476227 
112 243 11 15 0.034749404 
470 200 8 10 0.034636088 
881 182 9 12 0.034599196 
302 206 8 11 0.034590445 
464 159 8 11 0.034549963 
470 316 18 28 0.034549225 
367 39 13 16 0.034505423 
616 209 7 9 0.03447226 
776 193 8 9 0.03445899 
689 269 17 22 0.0344315 
729 191 9 11 0.034320157 
797 290 24 31 0.034310993 
617 150 8 10 0.034237154 
693 198 8 10 0.03420682 
505 175 8 11 0.034146253 
392 181 9 12 0.034093242 
145 183 7 9 0.03407863 
324 312 34 55 0.03402598 
672 175 7 9 0.033999242 
786 166 7 10 0.033990365 
342 87 8 11 0.03398643 
441 224 9 11 0.033976138 
358 302 12 18 0.033848323 
69 95 8 9 0.03381119 
545 125 11 14 0.033782173 
14 198 8 10 0.033644654 
373 270 10 13 0.03361679 
333 237 19 24 0.0335621 
118 134 8 10 0.033527587 
31 211 11 15 0.033493374 
234 284 14 18 0.0334642 
925 297 15 20 0.03343987 
533 221 9 10 0.033303846 
425 229 9 12 0.033238865 
830 166 8 9 0.0331932 
415 252 9 13 0.033159155 
932 275 10 13 0.033105098 
631 168 8 10 0.032991804 
322 234 19 24 0.032977145 
827 244 19 23 0.032900296 
529 184 7 10 0.03289892 
593 225 7 10 0.032878596 
572 306 16 20 0.032813035 
880 189 9 11 0.032784857 
800 205 7 10 0.032741092 
143 268 12 16 0.03269614 
526 234 10 13 0.032683566 
743 207 9 11 0.032681376 
54 242 14 21 0.032667574 
549 231 9 12 0.03263451 
391 246 10 13 0.032547105 
440 236 8 10 0.03250482 
474 188 8 11 0.03244934 
459 270 14 20 0.03244498 
64 207 19 23 0.032360975 
770 161 6 9 0.032344524 
962 261 18 26 0.03230435 
840 200 8 10 0.032232005 
920 223 8 10 0.032200918 
569 339 28 41 0.03213075 
305 112 7 9 0.03211223 
255 248 39 51 0.032091673 
1000 214 10 11 0.032091536 
472 219 9 11 0.03206705 
954 191 8 10 0.032060463 
624 209 7 9 0.032045383 
79 159 6 8 0.031856637 
59 256 15 24 0.031769298 
427 179 8 11 0.03175467 
325 213 8 10 0.031741243 
427 368 35 42 0.031725425 
997 269 11 14 0.031605322 
397 301 12 15 0.03159728 
363 284 12 16 0.03155227 
422 359 13 17 0.03145683 
450 192 7 10 0.03144857 
403 315 26 36 0.031428713 
747 167 8 10 0.031211715 
846 244 9 12 0.03116789 
616 245 9 11 0.031107591 
501 269 15 22 0.031084375 
838 188 8 11 0.031081231 
1010 170 7 8 0.031054312 
495 192 7 9 0.031028256 
719 252 11 14 0.031018753 
87 263 14 17 0.030919628 
446 252 10 14 0.030894445 
465 200 7 10 0.030892614 
441 165 8 10 0.030842954 
720 230 9 12 0.030717826 
416 394 36 46 0.030549 
857 189 8 11 0.03053186 
178 303 39 50 0.030523412 
14 190 7 10 0.030425353 
487 230 9 12 0.030416293 
884 229 10 12 0.030370723 
480 239 8 12 0.030349106 
303 214 9 12 0.030237745 
181 184 8 9 0.030228108 
941 476 45 52 0.030207496 
469 159 8 10 0.030201426 
733 219 11 13 0.030117514 
816 165 8 10 0.03007332 
688 223 8 10 0.030030707 
232 183 8 10 0.02994683 
496 160 10 12 0.02993501 
107 340 32 42 0.029908707 
494 287 22 31 0.029884245 
856 222 11 13 0.029858932 
83 100 9 11 0.029821176 
673 231 9 12 0.029783247 
917 276 12 16 0.029726846 
539 274 16 20 0.029635906 
821 207 9 11 0.02954857 
814 281 24 28 0.029533874 
304 328 27 38 0.029428136 
24 148 7 11 0.029415395 
123 241 20 26 0.029376978 
838 175 8 10 0.029368341 
922 283 13 17 0.029352987 
533 207 9 10 0.02932686 
180 305 18 22 0.029312434 
350 260 22 26 0.029227167 
980 244 11 13 0.029163506 
496 127 8 10 0.02905182 
316 227 11 16 0.029048508 
138 208 8 10 0.029030818 
496 206 7 10 0.028923484 
464 153 8 10 0.028880287 
499 316 24 36 0.028857844 
633 233 8 10 0.028798 
221 279 21 27 0.028773932 
71 169 7 9 0.02876511 
320 213 8 11 0.028713528 
694 173 9 11 0.028690875 
350 222 9 13 0.028632551 
728 152 8 10 0.028621843 
602 257 19 23 0.028616095 
926 236 9 12 0.028550858 
957 277 12 17 0.028548786 
576 192 7 10 0.02853315 
629 273 13 19 0.02849568 
56 215 9 12 0.02849495 
337 94 8 10 0.028493559 
402 430 53 77 0.028491931 
287 257 12 15 0.028387796 
591 235 9 13 0.028347151 
29 269 31 34 0.028325621 
449 434 68 84 0.02832393 
944 261 9 13 0.02832232 
673 231 19 24 0.028286424 
796 302 15 24 0.028272713 
176 189 8 10 0.028268598 
740 229 11 15 0.028231893 
664 230 9 10 0.028231345 
495 238 12 18 0.028221961 
935 206 7 9 0.028211096 
465 174 7 10 0.028200436 
125 257 15 20 0.028200043 
816 268 11 14 0.02812456 
888 206 9 10 0.028109515 
12 158 9 11 0.028054368 
388 261 19 25 0.02805329 
440 262 11 16 0.028048672 
741 190 8 11 0.028033124 
630 215 7 8 0.02800783 
710 190 7 10 0.027952159 
67 258 12 19 0.027949953 
486 191 7 9 0.027927686 
126 228 11 13 0.027905812 
191 277 10 14 0.027861714 
41 183 8 10 0.02785498 
663 261 10 13 0.02784175 
127 249 21 25 0.027831815 
398 242 12 15 0.027801564 
1014 200 9 12 0.027724348 
406 244 10 14 0.02770276 
455 204 8 12 0.027699474 
215 248 9 11 0.02767594 
1005 221 8 9 0.027664071 
911 193 8 9 0.027657757 
514 223 8 10 0.027655693 
935 288 16 21 0.027620235 
694 324 15 19 0.027579987 
676 242 14 16 0.027565297 
38 198 10 13 0.02756327 
353 293 22 30 0.027544636 
997 275 13 16 0.027531227 
552 205 8 9 0.027506765 
907 274 15 20 0.02747473 
504 119 10 11 0.02744178 
430 238 9 11 0.027420545 
1015 246 9 12 0.027311908 
768 242 11 15 0.027262565 
429 356 15 18 0.02725937 
990 212 7 10 0.027231151 
335 229 12 15 0.027167328 
16 180 8 10 0.027128275 
970 259 12 17 0.027051557 
757 233 11 14 0.027043493 
145 190 8 10 0.027026886 
764 272 15 21 0.027001964 
982 232 8 10 0.026981771 
798 199 8 10 0.02694751 
790 231 10 13 0.026913557 
484 222 9 10 0.026827991 
513 229 10 12 0.026811551 
9 284 15 19 0.026763568 
117 260 12 19 0.026713671 
529 291 17 19 0.026708655 
239 434 36 50 0.026706282 
117 358 29 38 0.026554734 
566 312 25 30 0.026553206 
94 87 8 9 0.026521249 
439 246 9 13 0.026479188 
93 168 9 11 0.026459659 
893 259 13 16 0.026432598 
977 208 7 10 0.026423974 
771 154 212 222 0.026416527 
288 94 7 10 0.026385022 
753 274 25 31 0.026362354 
222 126 7 10 0.026359042 
677 250 21 27 0.026327511 
467 266 13 17 0.026289212 
1016 211 9 12 0.026274033 
231 117 8 10 0.026273396 
807 150 8 9 0.02626042 
306 222 19 24 0.026227374 
650 208 7 9 0.026145034 
504 369 26 39 0.02612584 
441 160 8 10 0.026097333 
104 230 8 9 0.026054453 
598 208 7 9 0.026044732 
299 253 10 12 0.026018117 
122 276 16 23 0.025959272 
960 169 7 10 0.025857598 
125 236 12 15 0.025851136 
726 157 7 10 0.02583271 
792 143 7 10 0.025801038 
192 175 8 11 0.025754541 
14 362 30 44 0.025700482 
958 262 14 20 0.025615651 
448 205 10 12 0.02553991 
832 233 10 12 0.02553262 
798 188 9 12 0.025531225 
444 379 34 47 0.025530454 
173 310 25 33 0.025512585 
202 262 10 14 0.02547755 
288 247 9 14 0.025455704 
894 206 8 10 0.025448183 
328 151 9 10 0.02543246 
29 192 8 10 0.025425902 
233 151 9 10 0.025371835 
496 197 8 11 0.025278738 
807 215 8 11 0.025250861 
984 159 7 9 0.025245106 
151 253 13 17 0.025239669 
374 134 9 11 0.025153443 
688 174 9 10 0.025119398 
250 213 10 13 0.025089515 
207 274 16 21 0.025088307 
927 256 10 12 0.02508293 
116 78 9 11 0.025042105 
238 172 8 11 0.025028326 
103 223 9 11 0.025017437 
848 191 7 9 0.024986168 
641 170 9 12 0.024980988 
789 288 20 33 0.024935653 
23 143 8 10 0.024896875 
9 204 10 13 0.024871146 
885 284 13 18 0.024814308 
895 237 9 11 0.024791831 
80 110 9 10 0.024771541 
655 199 6 9 0.024760125 
951 265 11 15 0.024718178 
415 246 9 12 0.024634669 
718 215 9 12 0.024597969 
814 245 9 12 0.024568422 
122 168 9 10 0.024565259 
655 207 7 10 0.024564963 
408 381 31 47 0.024402149 
888 177 8 10 0.024362605 
509 175 8 9 0.024349565 
712 228 9 11 0.024336075 
222 175 9 11 0.0243283 
447 237 8 11 0.024278367 
327 182 8 11 0.024249496 
405 258 12 17 0.024235198 
72 237 20 25 0.02423333 
271 192 19 26 0.024188897 
831 175 9 10 0.02413217 
598 232 9 11 0.024124809 
398 252 11 14 0.024116788 
303 189 9 12 0.024114568 
277 192 10 13 0.024073327 
753 196 7 9 0.02407148 
992 246 10 12 0.024038808 
407 150 8 10 0.024032786 
925 273 14 17 0.024029598 
154 270 18 21 0.023976782 
799 214 9 13 0.02397609 
703 205 9 10 0.023965212 
474 302 24 32 0.023934074 
589 110 12 15 0.023933975 
484 284 13 19 0.023898432 
824 165 8 10 0.023898125 
146 242 13 15 0.023859505 
713 237 10 12 0.023851484 
120 229 11 14 0.023845071 
294 189 10 14 0.023796916 
704 136 8 9 0.023761304 
13 282 28 35 0.02375957 
753 235 10 13 0.02375611 
792 175 8 10 0.02373286 
824 250 11 15 0.023715127 
609 282 15 19 0.02369844 
159 174 8 10 0.023664244 
675 92 203 229 0.023598889 
87 216 9 11 0.0235983 
632 205 8 11 0.023590924 
807 207 7 9 0.023551874 
524 275 14 20 0.023542412 
902 183 9 11 0.023526885 
225 240 9 10 0.023462702 
414 368 16 20 0.023443285 
871 290 22 30 0.023413578 
624 264 9 12 0.023410589 
725 252 10 14 0.023340149 
725 260 12 15 0.02333849 
385 134 201 206 0.023305574 
423 206 8 11 0.023252677 
485 215 8 10 0.023248278 
503 158 10 12 0.023203462 
1015 262 10 13 0.023143878 
241 231 8 11 0.023126744 
558 143 10 12 0.023108862 
436 383 17 21 0.023078365 
977 174 7 9 0.023043994 
735 166 8 9 0.023035623 
826 237 9 11 0.023023676 
492 372 27 42 0.023015179 
280 96 8 10 0.023014426 
520 191 8 10 0.02301075 
847 183 8 11 0.02297768 
273 152 11 13 0.02297181 
877 174 9 11 0.022961617 
134 191 7 11 0.022954019 
615 176 8 10 0.022894438 
366 268 11 15 0.02288069 
338 215 9 11 0.022864034 
972 283 13 18 0.022855816 
485 199 7 10 0.022848614 
653 246 9 11 0.022837732 
70 218 10 13 0.022836536 
770 149 7 10 0.02283566 
200 267 12 16 0.022812998 
991 267 12 15 0.022795731 
138 212 8 11 0.022785863 
905 228 9 12 0.022784058 
324 231 12 15 0.022744397 
334 143 8 10 0.022695065 
975 220 8 10 0.022665307 
269 169 19 22 0.022660496 
913 238 8 12 0.022605387 
262 247 15 20 0.02259836 
280 251 24 28 0.022593312 
295 229 9 11 0.02259299 
854 204 9 12 0.022584153 
245 231 10 13 0.022558432 
600 199 6 8 0.022547022 
994 295 17 22 0.022525016 
623 157 9 10 0.022522347 
958 180 8 9 0.022478504 
92 94 8 10 0.022432163 
128 183 8 10 0.022412492 
113 135 7 10 0.022370568 
166 293 15 19 0.02236022 
43 269 19 23 0.022355894 
442 175 7 10 0.022351762 
559 123 11 14 0.022316204 
967 168 6 8 0.022312364 
487 111 8 11 0.022309398 
267 242 27 33 0.022287125 
800 149 8 10 0.02228233 
728 180 8 10 0.022282237 
833 188 9 11 0.022262935 
58 238 21 28 0.022262642 
575 208 7 9 0.022197109 
37 101 199 238 0.022195216 
764 289 23 32 0.022190426 
630 191 7 10 0.022139933 
918 239 9 13 0.022116413 
557 318 32 36 0.02207629 
357 274 13 17 0.022054704 
7 279 12 15 0.02203658 
989 276 15 17 0.022033373 
136 236 11 15 0.022026798 
415 208 9 11 0.021997862 
614 255 9 11 0.02197143 
945 244 8 11 0.021935657 
642 217 8 9 0.021867285 
967 232 8 11 0.021857306 
317 187 11 13 0.021852607 
736 158 8 10 0.021822428 
783 144 7 9 0.021820433 
464 135 10 12 0.021802608 
308 251 11 13 0.021801306 
271 189 10 13 0.021753006 
133 229 9 12 0.021734018 
342 293 11 15 0.021682018 
792 203 9 11 0.021667894 
742 151 8 8 0.021622412 
593 200 6 8 0.02161449 
589 275 14 22 0.021606945 
207 253 10 12 0.02159298 
1015 284 10 14 0.021584898 
640 127 7 10 0.021556227 
918 269 13 15 0.021545991 
464 221 9 11 0.021541258 
263 187 11 14 0.021527743 
73 189 9 11 0.02152019 
204 278 23 32 0.021502322 
334 149 8 10 0.02148997 
688 193 10 12 0.02146648 
74 185 6 8 0.021441983 
137 128 9 11 0.021410814 
614 229 8 11 0.021399474 
687 181 9 10 0.021364797 
526 244 10 13 0.021356724 
945 206 18 23 0.021347243 
192 271 10 13 0.02133417 
393 236 10 15 0.021297576 
983 173 7 8 0.021293128 
277 261 11 14 0.021284781 
955 197 8 10 0.02128141 
854 228 10 13 0.021265114 
980 274 14 18 0.021256853 
135 349 11 14 0.02122533 
168 185 7 9 0.021224031 
347 357 12 16 0.021204585 
399 256 21 28 0.021200439 
590 122 12 15 0.021197235 
368 128 9 12 0.021186255 
766 215 8 10 0.021184018 
72 254 22 29 0.021182869 
903 306 15 19 0.021163054 
130 195 8 11 0.021146966 
697 142 8 10 0.021130724 
223 296 13 16 0.021089988 
537 198 10 12 0.021045195 
909 310 28 33 0.021018183 
415 260 11 17 0.02097628 
703 175 8 10 0.020954026 
877 241 19 24 0.020895349 
349 294 12 16 0.02089513 
695 192 8 10 0.020879272 
887 275 14 21 0.020856503 
364 263 12 15 0.020853873 
330 86 8 10 0.020853573 
61 272 13 20 0.020823726 
188 298 16 23 0.020794867 
15 339 26 41 0.020726442 
935 200 8 11 0.020685622 
208 181 8 10 0.020666957 
972 268 12 18 0.020665651 
256 179 10 13 0.020634403 
255 243 12 15 0.020619607 
380 111 9 12 0.020615775 
830 160 7 9 0.020615563 
726 240 11 16 0.020608772 
728 209 9 10 0.020600202 
267 235 16 18 0.020585233 
248 160 9 10 0.020552672 
76 249 13 18 0.020543365 
209 267 15 18 0.020529749 
895 231 9 10 0.020526242 
378 102 9 10 0.020439615 
252 291 14 20 0.02043792 
295 194 11 16 0.020431062 
104 133 9 11 0.020403739 
563 116 11 15 0.020379687 
244 295 20 29 0.020378783 
50 113 7 9 0.020367669 
599 255 10 14 0.020354899 
741 274 12 17 0.020335559 
484 131 191 205 0.020328201 
472 239 9 12 0.020308957 
237 302 12 17 0.020260265 
703 228 9 12 0.020248616 
769 144 7 10 0.020235198 
958 334 33 46 0.02023393 
496 181 7 8 0.020223096 
583 108 23 28 0.020219808 
761 175 8 9 0.020216601 
317 328 26 42 0.020180598 
512 101 41 56 0.020136734 
117 221 11 12 0.020132108 
873 228 9 11 0.020096526 
794 150 6 9 0.020089597 
303 243 11 14 0.02005314 
44 271 27 35 0.020033618 
460 250 12 15 0.020028807 
968 208 7 8 0.020024044 
456 135 8 11 0.020023862 
247 134 8 10 0.020019801 
994 189 9 11 0.020011675 
0 167 6 10 0.020006059 
993 168 7 8 0.020005338 
