2_Demonstration_Protesters_2_352
66
136 409 37 52 0.99701715 
129 460 36 58 0.99575484 
588 189 43 55 0.98307633 
676 531 47 77 0.96042067 
67 226 12 16 0.66991717 
420 473 41 71 0.5951148 
817 488 32 48 0.505463 
674 235 13 17 0.43373328 
927 506 37 49 0.32124674 
178 432 15 19 0.30655274 
461 614 40 65 0.30227575 
613 624 52 66 0.2575458 
826 509 27 41 0.24885501 
-1 516 27 59 0.22474676 
949 504 40 55 0.1908234 
708 534 50 70 0.17670631 
609 638 32 50 0.16573742 
665 512 47 75 0.16529724 
170 426 25 31 0.1406867 
358 601 57 68 0.112702005 
932 206 11 13 0.10125685 
928 210 11 12 0.09039558 
69 476 25 50 0.08397489 
721 136 16 21 0.067967616 
474 602 26 54 0.053906772 
150 222 11 14 0.0519225 
8 505 43 67 0.050728023 
621 603 64 69 0.050659396 
578 629 54 57 0.04885164 
152 422 33 40 0.043943252 
543 278 23 34 0.041050907 
920 209 11 14 0.039070286 
462 164 14 16 0.03780269 
258 152 17 21 0.034052618 
394 479 54 71 0.032532956 
77 468 30 45 0.030969564 
56 489 30 52 0.03057258 
666 507 29 42 0.027154407 
355 485 57 72 0.02679057 
203 446 14 16 0.026733985 
91 438 29 35 0.025952406 
674 378 14 18 0.025617944 
384 592 55 69 0.025531124 
665 376 17 20 0.024970967 
283 105 13 15 0.024874657 
813 473 31 45 0.024702216 
272 368 8 10 0.023505863 
695 166 11 13 0.02294038 
391 220 12 15 0.022741238 
366 137 13 16 0.022632051 
918 205 23 26 0.022542441 
331 463 62 73 0.022448843 
819 481 17 24 0.022438783 
443 149 42 54 0.022263888 
659 613 62 57 0.022146402 
455 150 24 31 0.02185156 
950 -5 75 138 0.02182021 
434 462 27 54 0.021488197 
312 484 47 72 0.021310432 
326 258 10 12 0.021149265 
392 621 30 42 0.02103822 
227 492 38 53 0.021035774 
546 637 37 35 0.020998042 
146 223 10 12 0.02089942 
114 434 29 29 0.02085407 
419 146 44 55 0.02012402 
