2_Demonstration_Political_Rally_2_985
83
552 474 60 74 0.9995478 
786 542 157 202 0.99431664 
115 445 31 40 0.994091 
15 443 28 43 0.9866152 
361 403 23 30 0.9514667 
394 396 15 24 0.9307687 
92 423 21 27 0.81347597 
983 373 33 43 0.79633087 
75 541 16 19 0.52914155 
312 417 50 84 0.5243543 
200 421 47 69 0.49302965 
789 295 14 18 0.38740027 
69 427 13 17 0.27839515 
474 472 42 46 0.25719824 
7 413 12 14 0.24648978 
189 439 17 21 0.2134219 
114 555 15 20 0.1891573 
349 360 15 21 0.18145743 
413 418 12 16 0.17099577 
331 429 51 83 0.16125125 
384 400 16 21 0.100399844 
198 431 31 44 0.0996273 
11 401 14 18 0.0833235 
344 391 41 57 0.081471674 
90 463 19 23 0.07927995 
186 386 15 18 0.07432434 
152 421 11 16 0.07212582 
129 426 11 14 0.06940966 
375 400 22 30 0.0687338 
747 347 15 18 0.058075763 
110 421 11 16 0.05793477 
172 426 47 61 0.051237486 
365 464 23 33 0.05063302 
407 441 14 17 0.050022885 
29 406 13 16 0.043646812 
74 420 14 19 0.0407509 
858 489 164 255 0.038876988 
131 420 12 15 0.037596073 
35 571 26 33 0.037559703 
101 419 21 28 0.03668461 
21 403 12 16 0.036594465 
501 269 41 50 0.035862125 
407 370 14 19 0.034134664 
133 407 12 15 0.0341108 
35 412 12 14 0.034104668 
346 398 14 19 0.033713195 
636 283 39 45 0.03358248 
4 407 20 24 0.03305007 
332 426 32 52 0.03263466 
8 395 14 18 0.03258698 
75 415 42 48 0.03115703 
47 566 23 32 0.030409714 
183 381 14 17 0.02995145 
344 396 26 33 0.029865408 
9 417 16 18 0.02862993 
341 354 17 22 0.027631471 
624 287 33 37 0.026221644 
100 413 13 16 0.025610827 
279 441 59 83 0.02470694 
1 412 12 16 0.024083653 
330 405 26 41 0.024010494 
182 390 13 18 0.023903275 
754 352 14 16 0.023575045 
210 -5 56 61 0.02351042 
280 349 9 11 0.02349852 
93 545 22 26 0.023178702 
63 423 14 18 0.022611782 
341 364 17 23 0.022607358 
85 387 16 19 0.022201994 
32 368 99 112 0.021966938 
139 412 12 15 0.021814277 
260 478 63 69 0.021780906 
177 388 10 15 0.02171752 
741 350 16 19 0.021513155 
205 375 10 11 0.021474374 
175 384 46 59 0.021214046 
313 390 90 121 0.021008823 
240 324 13 17 0.020969976 
624 288 11 14 0.02085473 
195 386 15 17 0.020722328 
170 434 31 39 0.020701827 
186 437 27 34 0.020457925 
389 372 10 14 0.020221666 
