2_Demonstration_Political_Rally_2_816
121
510 37 91 118 0.99923456 
798 554 60 73 0.99643 
231 432 65 76 0.99334806 
701 493 54 72 0.9799075 
587 112 66 83 0.963643 
154 409 48 57 0.95372146 
763 433 31 40 0.88116807 
719 432 29 34 0.8459039 
785 428 30 39 0.6151339 
689 464 34 46 0.5686762 
94 430 75 137 0.52990353 
935 449 38 44 0.50916034 
948 575 54 66 0.50391006 
690 476 47 65 0.35940418 
831 502 45 51 0.27454197 
104 425 52 82 0.26798803 
797 485 24 37 0.19913958 
828 481 41 52 0.18661189 
815 522 52 63 0.15395515 
938 486 45 58 0.12374591 
659 481 41 67 0.12152895 
907 499 39 52 0.118328944 
677 250 108 99 0.11691088 
830 470 33 39 0.113617904 
356 332 42 55 0.11273208 
54 293 58 64 0.08880434 
799 438 19 24 0.070654094 
813 481 36 47 0.068117015 
56 378 145 208 0.068049885 
190 422 46 61 0.0637799 
185 379 28 38 0.06344124 
540 61 90 115 0.061869495 
771 412 24 28 0.057923574 
995 456 23 32 0.055734415 
773 424 29 39 0.052822966 
218 274 17 23 0.049587294 
934 453 57 69 0.049139176 
207 359 32 38 0.048113335 
878 443 28 35 0.04776074 
790 492 39 48 0.04758142 
290 419 46 57 0.047148906 
139 425 56 76 0.046004124 
630 97 56 74 0.044512503 
715 438 48 58 0.044351958 
198 138 184 217 0.04283899 
706 465 55 73 0.042808194 
703 459 35 43 0.04100615 
854 506 47 56 0.04057553 
462 86 16 19 0.03964295 
284 334 24 30 0.039088193 
109 399 57 72 0.038942054 
635 475 53 89 0.037220005 
191 361 28 37 0.03671172 
912 390 23 31 0.036392976 
340 494 55 87 0.03550169 
992 452 18 23 0.03544713 
923 395 17 22 0.033809766 
211 220 13 15 0.03367269 
266 217 32 37 0.032905627 
81 494 55 85 0.03272743 
602 499 57 91 0.032580066 
219 263 17 22 0.032259356 
121 450 60 91 0.03216044 
894 515 43 54 0.030865654 
263 260 13 17 0.030027213 
475 507 49 66 0.029865658 
75 227 29 37 0.02985971 
803 437 25 33 0.029664975 
114 426 31 53 0.02950822 
523 529 108 132 0.02920076 
73 532 41 51 0.02901942 
108 276 14 17 0.028880814 
622 195 209 213 0.02888046 
711 442 32 39 0.028680619 
957 491 36 42 0.028600404 
222 346 29 35 0.02821522 
232 127 115 130 0.02741543 
209 211 14 15 0.0265457 
347 345 33 40 0.026470162 
776 443 19 26 0.02633314 
252 335 23 26 0.025664344 
774 541 51 70 0.025492027 
638 65 93 114 0.025162982 
216 416 51 66 0.024898147 
999 421 24 35 0.024462044 
274 433 55 69 0.024450121 
207 204 13 17 0.024039105 
134 386 54 68 0.02397035 
745 612 43 57 0.023723861 
190 212 13 17 0.023710776 
435 440 59 84 0.023697678 
183 151 127 149 0.023547605 
261 253 22 28 0.023428796 
758 540 44 63 0.02341742 
769 456 45 56 0.023375021 
309 330 13 17 0.023265025 
304 -8 58 64 0.02308851 
878 426 28 29 0.022973558 
182 433 30 41 0.022764679 
219 227 12 14 0.022657419 
685 430 25 32 0.022492655 
151 222 11 14 0.022247296 
164 389 49 62 0.022233926 
82 299 49 59 0.022156721 
176 342 50 64 0.021814683 
238 339 24 28 0.021587053 
284 164 15 18 0.021565171 
666 450 49 64 0.021427425 
818 483 77 93 0.021275578 
892 484 41 57 0.02118454 
618 137 36 49 0.021091117 
205 374 28 36 0.02107509 
336 325 82 95 0.020803683 
707 280 41 43 0.02077333 
665 157 51 64 0.020552749 
287 333 42 49 0.020317085 
205 215 25 30 0.02025875 
291 331 15 18 0.02025783 
326 354 13 20 0.020199003 
993 433 27 37 0.020131506 
824 455 30 39 0.02012951 
