2_Demonstration_Demonstration_Or_Protest_2_813
148
537 356 22 30 0.96600527 
253 333 22 31 0.6960214 
803 287 19 23 0.67672795 
837 378 17 22 0.65397936 
701 456 13 21 0.40197912 
471 366 19 26 0.36482686 
703 391 11 15 0.28059304 
895 391 24 26 0.26648316 
495 368 18 29 0.26630142 
653 445 15 18 0.2551567 
478 363 20 31 0.24001096 
234 334 25 32 0.2303181 
717 474 14 18 0.20656875 
884 382 20 30 0.20496422 
662 390 10 13 0.18339479 
668 442 14 19 0.16615556 
871 379 21 29 0.15607353 
707 449 13 24 0.1511041 
463 387 13 16 0.14526814 
328 352 21 25 0.12674576 
448 367 10 14 0.09970654 
488 359 9 12 0.099343255 
395 534 22 31 0.09891702 
445 332 8 11 0.098210774 
685 456 14 18 0.09789151 
906 393 22 28 0.09507482 
481 336 9 11 0.09150162 
694 452 15 20 0.08819385 
712 475 21 30 0.0821177 
311 349 12 19 0.077294424 
315 352 15 20 0.075778194 
842 371 24 30 0.072034344 
354 364 14 19 0.071143135 
649 435 15 18 0.06879306 
320 342 11 17 0.06820545 
639 445 11 16 0.06492467 
648 431 11 14 0.06465924 
353 394 9 13 0.06408745 
483 338 12 15 0.063446425 
678 452 12 17 0.06277736 
750 270 10 13 0.061809633 
481 556 8 11 0.058853447 
912 349 9 11 0.05877534 
806 317 11 15 0.058539733 
462 373 21 26 0.058364157 
385 341 10 13 0.054785725 
702 444 13 21 0.054739274 
528 354 21 32 0.05462338 
685 444 14 18 0.05279101 
22 4 15 18 0.052415397 
101 18 14 20 0.051035848 
646 443 15 17 0.04969364 
602 368 15 16 0.0495372 
324 347 14 18 0.04685628 
568 347 11 18 0.046309423 
541 350 14 21 0.044841874 
337 349 15 19 0.04436574 
574 348 10 15 0.044235148 
917 376 17 24 0.044097673 
856 348 9 12 0.04393764 
-1 54 10 17 0.04227852 
658 435 20 26 0.041952297 
863 355 12 15 0.041752875 
856 374 22 29 0.040477604 
33 2 15 18 0.03920076 
423 391 10 12 0.038074926 
839 539 10 12 0.037436515 
480 359 10 15 0.036927175 
442 328 9 12 0.03612469 
700 386 19 24 0.03562943 
581 348 11 14 0.035507187 
721 483 12 18 0.035375252 
110 34 13 18 0.03526278 
623 349 10 13 0.035196234 
511 350 12 15 0.03502981 
351 357 13 17 0.034773797 
504 373 17 23 0.03364391 
383 324 9 12 0.03362031 
350 368 14 21 0.032125298 
658 454 16 20 0.031999208 
493 357 10 16 0.031314667 
722 470 11 16 0.030771878 
28 0 14 15 0.030733133 
870 526 15 20 0.03069335 
908 408 16 19 0.030481853 
206 472 9 12 0.03031481 
16 9 13 17 0.029809326 
777 309 10 14 0.02976921 
385 318 9 12 0.02976002 
553 354 16 23 0.029720973 
493 362 14 24 0.02952959 
509 332 10 12 0.029481098 
516 354 13 19 0.02897525 
636 363 10 13 0.028490955 
447 359 9 12 0.02832922 
658 384 19 25 0.02825676 
97 20 11 15 0.027942726 
356 392 12 15 0.027332274 
424 340 8 12 0.02701123 
92 351 8 10 0.026418723 
696 389 13 17 0.026243733 
517 361 14 22 0.026168332 
861 351 11 14 0.025964187 
838 564 12 17 0.025914041 
45 5 12 14 0.025736246 
620 426 13 16 0.025614738 
341 370 13 18 0.025534024 
871 390 26 35 0.025254406 
860 361 14 19 0.02508854 
445 366 19 25 0.024754252 
141 37 11 14 0.024577841 
506 361 17 23 0.024459552 
709 382 10 13 0.023783892 
384 335 10 12 0.023709873 
264 333 15 26 0.023550153 
516 416 22 26 0.023518242 
55 6 11 12 0.023264289 
457 319 8 9 0.02224655 
611 370 13 16 0.022068946 
380 542 40 49 0.02196941 
440 357 10 12 0.0218569 
526 364 15 26 0.021671124 
715 458 13 18 0.021572586 
664 423 24 29 0.021510305 
826 402 13 17 0.021391293 
416 335 9 11 0.0213188 
750 323 13 18 0.021313714 
839 387 24 32 0.021297693 
630 397 11 13 0.02119946 
500 355 14 19 0.021150233 
648 449 22 26 0.021104751 
413 516 13 17 0.02103231 
917 364 10 14 0.0209167 
455 386 15 18 0.020854168 
650 302 40 47 0.02075252 
648 423 10 13 0.02074301 
-1 12 9 13 0.02069888 
115 28 13 16 0.02061256 
401 255 8 9 0.020608183 
409 326 9 12 0.020443877 
599 387 13 16 0.020422196 
353 316 11 15 0.020404845 
79 6 12 15 0.020357504 
468 395 10 13 0.02031266 
482 262 8 11 0.020281153 
694 461 15 21 0.02024398 
639 382 8 12 0.020193756 
385 313 8 11 0.0201904 
