2_Demonstration_Demonstrators_2_378
293
102 453 64 84 0.99941707 
200 402 59 67 0.99937314 
217 498 70 78 0.998684 
483 209 30 38 0.9984353 
647 262 37 43 0.9983985 
810 489 58 68 0.99833703 
191 190 26 33 0.99832314 
398 238 33 39 0.99813026 
154 265 40 47 0.9972312 
100 208 32 35 0.99663985 
535 257 34 43 0.9964372 
571 239 28 32 0.99599636 
940 397 60 68 0.9959759 
330 220 26 35 0.9956157 
155 205 31 35 0.99560463 
415 193 32 35 0.99485624 
261 355 59 64 0.9940006 
307 276 38 42 0.9939387 
673 330 49 57 0.9937509 
596 420 47 52 0.99290353 
644 438 51 59 0.9921423 
609 329 46 59 0.9921245 
604 273 29 32 0.99178326 
208 136 23 27 0.9899913 
496 520 72 65 0.98997974 
105 138 23 27 0.98942965 
360 224 32 37 0.9891936 
947 227 26 32 0.98402435 
508 359 41 53 0.9827266 
432 306 39 48 0.9820514 
159 169 23 28 0.9798384 
869 338 29 31 0.9785831 
219 243 38 46 0.9784184 
551 374 39 51 0.9782844 
503 299 44 49 0.9758251 
735 283 31 40 0.9754048 
325 463 48 59 0.97499985 
710 406 40 46 0.9732897 
13 206 38 37 0.97244024 
765 318 38 40 0.9698733 
371 288 38 47 0.9666677 
961 152 17 26 0.9609698 
91 249 36 40 0.9552613 
346 194 22 26 0.95292693 
90 300 43 47 0.9491872 
750 419 49 57 0.92643875 
137 302 28 43 0.9231678 
265 225 35 42 0.92257893 
433 462 63 71 0.92114687 
311 170 21 26 0.9159785 
-1 305 29 61 0.91094595 
892 208 19 26 0.90925366 
905 360 31 35 0.8865814 
497 421 47 59 0.8807368 
146 201 28 34 0.8651373 
927 172 21 25 0.83892965 
750 366 50 55 0.8197566 
898 407 39 52 0.7377906 
927 213 24 28 0.69612586 
652 500 54 58 0.6397427 
699 493 48 56 0.63865 
182 376 41 52 0.6043769 
294 197 21 26 0.5860386 
1011 134 13 22 0.5844937 
847 392 41 49 0.5615188 
524 367 44 52 0.5516944 
389 332 39 49 0.5501725 
137 197 22 30 0.47063944 
842 280 16 20 0.46268445 
283 286 28 36 0.44181356 
43 184 28 36 0.37973723 
618 242 25 29 0.36194593 
737 294 44 48 0.3318128 
835 403 33 41 0.31724885 
284 220 28 40 0.31611156 
150 233 30 35 0.3094083 
569 474 38 48 0.30483124 
921 104 10 13 0.2932658 
1003 218 19 23 0.288004 
258 423 32 50 0.28798887 
932 264 17 21 0.2782535 
947 340 17 21 0.25599477 
687 3 29 25 0.24535137 
275 431 35 50 0.24041304 
558 317 24 33 0.22148432 
941 115 13 16 0.2136071 
905 141 22 31 0.19699031 
910 138 16 21 0.19150743 
777 385 42 49 0.18717 
159 190 28 37 0.17874818 
218 174 18 23 0.16003574 
606 257 29 36 0.1517707 
718 419 46 53 0.14624976 
737 270 35 37 0.14166768 
864 453 40 55 0.13744248 
233 209 21 27 0.13322178 
485 333 15 20 0.12552308 
755 334 49 55 0.11806287 
11 222 29 36 0.11764322 
294 279 34 41 0.1173532 
642 292 39 45 0.11654747 
755 305 35 40 0.11277371 
341 408 28 37 0.108511746 
920 366 18 23 0.107043274 
728 439 48 53 0.09844712 
9 270 33 51 0.09760703 
227 410 48 61 0.0966702 
931 304 17 19 0.091229 
543 233 23 28 0.09063259 
348 406 18 24 0.08467769 
914 134 13 16 0.08378626 
140 154 22 27 0.08056287 
337 211 26 35 0.077807784 
649 363 25 31 0.07656163 
637 274 40 48 0.07503658 
1002 226 22 29 0.07503321 
516 233 16 21 0.074452765 
277 277 29 33 0.07338074 
646 476 52 62 0.07289824 
734 460 37 50 0.07195176 
377 315 43 52 0.0710949 
562 307 35 45 0.07095341 
940 346 25 31 0.07083884 
868 408 40 51 0.064713575 
583 243 18 22 0.06426066 
1005 241 16 20 0.063330665 
996 83 13 16 0.06289328 
707 465 51 59 0.062874064 
333 198 25 30 0.062793806 
917 176 16 21 0.062434163 
475 451 51 60 0.062286116 
999 200 20 26 0.060598083 
740 259 27 29 0.060596567 
824 278 21 28 0.06049614 
6 136 29 37 0.059557777 
0 395 28 39 0.058678392 
522 269 43 52 0.058293678 
634 250 13 17 0.05819308 
401 321 44 54 0.056174435 
290 424 38 55 0.052804016 
228 197 21 32 0.05195855 
307 418 40 53 0.05119255 
293 234 29 38 0.051126566 
496 445 34 43 0.05098286 
31 282 29 43 0.050943997 
990 93 13 16 0.0488588 
676 6 30 29 0.0483739 
122 166 16 21 0.046650685 
701 1 21 20 0.046606965 
1004 554 20 25 0.046434946 
901 152 15 21 0.046338752 
879 444 32 49 0.04588796 
178 185 26 35 0.04550896 
583 287 39 47 0.04543856 
379 255 45 56 0.0452527 
867 319 29 36 0.045244172 
296 223 18 26 0.044949703 
283 204 26 36 0.04488681 
221 182 20 28 0.044270076 
605 282 47 55 0.043846227 
299 189 15 19 0.043456085 
793 2 27 27 0.042906582 
102 234 31 38 0.04283068 
918 96 19 25 0.042820964 
207 181 23 30 0.042474266 
551 485 49 54 0.042385224 
664 73 35 35 0.04222964 
601 304 34 38 0.042196203 
884 321 14 16 0.041793317 
0 201 23 33 0.04108465 
235 238 39 46 0.040348303 
316 403 41 54 0.040132318 
906 355 21 26 0.039860066 
130 157 21 27 0.03936087 
868 247 11 14 0.03925852 
195 358 41 50 0.03918558 
948 110 12 16 0.03856276 
-1 207 12 21 0.038342822 
422 293 31 39 0.03756169 
991 116 14 18 0.037173018 
892 388 40 53 0.03677291 
243 146 16 20 0.036484662 
692 416 51 58 0.036309466 
922 355 17 23 0.036268175 
886 402 30 45 0.03618513 
156 221 30 37 0.035962306 
736 506 43 57 0.035781845 
512 410 46 59 0.035675835 
336 390 30 37 0.03562873 
906 377 36 48 0.03552985 
669 481 59 68 0.035383623 
670 418 50 59 0.035276834 
999 196 15 19 0.034652192 
324 211 26 34 0.03462837 
240 186 22 28 0.03424303 
868 352 28 36 0.033369955 
274 294 32 41 0.033090115 
914 151 15 19 0.03248917 
168 183 17 24 0.03227888 
2 283 33 63 0.032152362 
502 445 48 61 0.031913083 
899 159 22 29 0.031731248 
390 470 44 56 0.031478137 
410 469 52 63 0.03096751 
92 430 57 82 0.030878728 
405 257 31 39 0.030621154 
615 246 14 16 0.030268302 
925 351 25 31 0.029366996 
913 103 10 11 0.029220104 
461 206 24 31 0.028951524 
266 219 20 24 0.028950714 
526 311 34 42 0.028916946 
1013 182 11 15 0.028810486 
907 125 21 29 0.028520871 
950 102 10 12 0.028239928 
793 375 29 40 0.027963908 
956 341 25 28 0.027815305 
298 297 36 42 0.02774246 
935 109 13 16 0.027686924 
225 171 15 20 0.027620312 
357 204 25 32 0.027606644 
918 116 12 15 0.02740208 
56 189 18 26 0.027232716 
280 236 20 26 0.027187334 
983 205 21 28 0.027176064 
115 153 22 29 0.02705076 
565 404 28 40 0.02700582 
901 168 12 17 0.027000874 
921 180 26 29 0.026971553 
912 27 25 34 0.026754564 
392 351 41 59 0.026752975 
148 318 28 39 0.026584288 
19 123 15 19 0.02650358 
563 244 26 35 0.026411856 
829 470 55 71 0.02617123 
483 336 24 31 0.02606627 
44 274 14 19 0.025930436 
699 411 33 40 0.025881786 
773 371 35 41 0.025839156 
266 231 21 25 0.025597528 
463 500 63 67 0.02532046 
1004 191 22 29 0.025073312 
894 319 12 14 0.02496348 
146 180 26 32 0.024920015 
754 521 32 37 0.02467957 
930 229 18 22 0.024615388 
285 202 16 20 0.02448191 
893 479 33 44 0.024454009 
302 175 17 22 0.024330178 
987 217 15 20 0.024215924 
7 233 15 20 0.024145126 
263 270 31 37 0.02410371 
951 155 16 20 0.024085442 
500 220 25 32 0.023958651 
886 344 41 46 0.023827484 
251 155 16 19 0.023799442 
913 108 10 12 0.023629969 
487 317 24 34 0.02348464 
886 456 36 55 0.023384804 
856 428 47 58 0.023301883 
935 222 19 25 0.023193238 
894 142 25 33 0.023045648 
936 120 14 17 0.022857258 
340 224 29 38 0.022637911 
605 312 41 52 0.02257225 
39 206 26 36 0.02249715 
992 77 13 17 0.02236012 
1000 138 14 19 0.022343975 
551 334 42 55 0.022240182 
338 412 21 24 0.022190712 
753 392 42 58 0.022185799 
909 75 13 18 0.022102578 
17 137 17 22 0.022063633 
23 186 41 50 0.022035686 
904 134 12 15 0.022029009 
951 350 18 21 0.021947628 
910 180 16 22 0.02165549 
865 381 30 39 0.021553738 
37 268 26 35 0.021550827 
582 405 45 58 0.021160819 
925 95 23 26 0.02104932 
232 187 20 29 0.02090637 
660 309 47 58 0.020565968 
735 361 79 92 0.020450635 
873 390 31 43 0.020441 
14 120 24 33 0.0204099 
629 20 14 18 0.020353269 
985 98 12 15 0.020323716 
973 130 13 17 0.02025436 
269 325 52 60 0.020254014 
913 34 16 21 0.020246537 
1010 204 14 18 0.020237524 
325 202 16 20 0.020205129 
