2_Demonstration_Demonstration_Or_Protest_2_771
61
468 127 100 134 0.9999429 
672 471 28 35 0.9991296 
134 454 21 26 0.91342247 
691 164 13 17 0.498119 
160 64 53 68 0.44141734 
732 172 13 17 0.36399478 
802 498 20 23 0.2933956 
760 166 11 14 0.26971406 
51 484 16 21 0.23936006 
760 170 14 19 0.20793259 
2 480 17 20 0.17409253 
731 179 16 23 0.16216607 
970 323 9 13 0.13516353 
99 484 16 19 0.117946595 
631 432 9 12 0.10847628 
953 325 9 11 0.097487435 
892 330 10 14 0.08305466 
218 376 16 21 0.079703875 
1014 348 9 13 0.05840488 
728 166 14 17 0.056078583 
234 244 11 13 0.055843875 
954 320 8 10 0.05039422 
868 476 51 59 0.047280356 
670 393 9 10 0.04687149 
257 277 9 11 0.040583253 
150 31 86 108 0.03757799 
966 398 9 10 0.03504207 
191 409 10 15 0.03039078 
317 359 14 18 0.030297145 
693 365 9 11 0.029325651 
208 365 28 34 0.028710427 
197 406 10 13 0.028455855 
667 177 13 15 0.028388653 
648 393 10 11 0.02769709 
301 291 12 16 0.027622035 
1011 492 11 17 0.027483102 
196 277 13 17 0.027279284 
735 315 12 16 0.026750194 
108 451 10 14 0.025783293 
700 485 14 18 0.02574782 
293 286 13 15 0.025652999 
701 190 10 13 0.024771089 
379 359 16 20 0.024416206 
375 312 13 17 0.023665413 
692 173 15 18 0.02366348 
767 198 10 12 0.023337841 
309 299 11 15 0.023240756 
698 170 12 16 0.022970727 
963 398 8 10 0.022471355 
58 475 17 24 0.022342455 
269 337 13 16 0.022300437 
42 482 28 32 0.02219475 
81 145 15 19 0.02209015 
968 344 8 10 0.022010878 
950 398 7 10 0.021457955 
315 105 109 129 0.021159044 
710 268 11 12 0.02112386 
921 318 9 11 0.020789245 
1014 268 9 15 0.02050275 
938 318 8 10 0.020367349 
197 54 49 67 0.020158878 
