2_Demonstration_Demonstration_Or_Protest_2_200
288
276 217 38 47 0.9975434 
808 489 59 61 0.9961278 
85 129 31 42 0.9946918 
71 265 40 50 0.9935992 
285 169 24 31 0.9858385 
388 224 22 31 0.9833429 
851 323 40 49 0.9808384 
176 220 34 44 0.9798585 
792 383 42 53 0.9773812 
226 190 26 34 0.9687496 
13 364 39 52 0.96416205 
883 164 27 34 0.933359 
356 156 21 28 0.919445 
22 71 14 18 0.8688543 
942 303 39 46 0.8648754 
275 67 12 15 0.86253196 
399 47 14 19 0.8322916 
365 113 14 16 0.81962895 
895 299 33 40 0.7445175 
310 97 14 17 0.72934955 
315 371 42 50 0.71806806 
461 10 14 17 0.69739723 
395 167 22 28 0.6591779 
905 117 18 23 0.6170011 
357 27 10 13 0.6046005 
949 180 34 37 0.55458254 
351 123 13 17 0.54931635 
526 165 31 40 0.53753775 
407 140 15 18 0.53346676 
118 258 23 32 0.51731724 
842 135 21 23 0.49261597 
903 0 16 17 0.48536566 
666 381 46 67 0.39652765 
91 29 12 17 0.39475408 
999 79 22 35 0.39239576 
681 36 17 21 0.3687814 
0 315 23 40 0.30463463 
306 362 36 43 0.29758856 
36 138 13 17 0.25789192 
288 82 14 18 0.21520914 
674 373 29 48 0.20296393 
672 58 35 38 0.20203906 
884 191 16 18 0.17938302 
16 128 17 21 0.17531316 
931 77 15 18 0.17287709 
508 164 35 38 0.16530058 
548 352 21 30 0.15353693 
909 152 14 20 0.15257658 
902 289 30 34 0.1415488 
356 115 17 22 0.14010675 
883 303 32 42 0.1400331 
362 146 16 23 0.13769336 
945 10 10 13 0.13718252 
501 5 11 15 0.12839013 
345 178 25 32 0.12560782 
44 114 21 32 0.1214737 
316 322 17 21 0.120248884 
529 86 10 14 0.11726171 
353 1 10 11 0.11395892 
407 486 54 51 0.109835595 
2 90 14 20 0.108864576 
977 28 10 13 0.108818606 
956 325 33 42 0.10194726 
844 192 24 30 0.09814849 
303 360 25 29 0.09644282 
349 168 24 30 0.08699671 
394 147 21 30 0.08608568 
54 256 25 34 0.084783755 
545 176 15 22 0.08273128 
341 311 18 23 0.078322686 
363 184 23 32 0.078057624 
1 86 10 16 0.07648395 
316 171 15 19 0.07611913 
300 171 24 30 0.07448003 
760 72 8 10 0.073767394 
525 115 12 16 0.073486164 
758 84 10 14 0.071678415 
312 172 23 30 0.071346015 
488 39 11 13 0.071253926 
405 390 11 13 0.07074852 
799 12 15 18 0.07065122 
864 309 40 51 0.07062613 
77 91 14 19 0.07026107 
14 23 8 10 0.069354154 
813 0 9 10 0.066919245 
460 342 13 17 0.06678777 
35 145 14 20 0.06588338 
70 36 9 12 0.06486145 
681 374 18 25 0.062355164 
29 39 8 11 0.061425593 
210 188 14 19 0.06066049 
477 28 11 13 0.059935294 
692 3 16 19 0.056684263 
938 76 14 16 0.05607409 
357 173 24 31 0.05601027 
768 332 40 46 0.05598083 
92 1 15 12 0.055835206 
341 199 31 39 0.055497017 
63 53 11 15 0.054145 
724 480 44 62 0.053264778 
197 185 14 18 0.052481197 
31 45 9 11 0.051659178 
24 127 21 29 0.050411195 
919 391 40 53 0.049333658 
379 150 25 36 0.04871065 
875 27 12 15 0.04802022 
99 1 15 15 0.047774315 
1 208 12 23 0.046518017 
898 144 24 30 0.046144802 
65 260 32 39 0.045410175 
855 35 13 16 0.04511538 
849 65 16 20 0.045065008 
912 115 22 29 0.044665318 
339 186 26 37 0.044459462 
713 20 10 12 0.044358555 
766 0 12 12 0.044011045 
11 248 26 40 0.043871593 
154 204 12 16 0.0435436 
84 391 14 19 0.042189542 
803 321 40 48 0.041966412 
758 76 10 14 0.041280787 
367 131 12 17 0.041099295 
517 98 26 38 0.04078245 
989 251 12 14 0.04047935 
85 20 15 19 0.039840266 
366 158 24 34 0.039649513 
157 246 11 15 0.039535142 
11 93 13 18 0.03865476 
366 145 20 33 0.03843095 
32 380 37 39 0.038316704 
386 209 25 33 0.038163606 
63 254 15 18 0.037651356 
803 4 12 14 0.03761787 
892 148 16 19 0.037153196 
524 86 22 31 0.036652658 
347 207 16 22 0.036391795 
22 23 9 11 0.036283795 
875 6 15 16 0.035989385 
372 273 25 31 0.03596457 
2 327 15 23 0.035576105 
399 139 15 20 0.03516919 
60 249 24 29 0.035119437 
80 29 11 14 0.034792986 
83 11 16 17 0.034711946 
48 127 23 37 0.034643594 
295 356 73 90 0.034549203 
262 76 8 12 0.0344931 
356 184 16 22 0.033877403 
911 48 10 12 0.03386251 
652 43 49 63 0.033776432 
40 126 21 32 0.033561643 
123 253 18 22 0.033498455 
392 501 101 101 0.032944784 
214 236 10 15 0.03281587 
886 156 15 17 0.032661505 
788 332 40 48 0.032313455 
319 79 10 12 0.03223821 
318 85 10 12 0.03217971 
127 255 26 34 0.031628333 
67 125 37 51 0.031608537 
62 1 9 9 0.030962005 
6 127 23 31 0.030752998 
691 42 13 17 0.030705284 
573 60 11 14 0.03065482 
544 11 44 59 0.030596811 
53 139 26 37 0.030574605 
140 0 13 10 0.03017096 
432 13 10 14 0.03015181 
392 21 9 12 0.030019317 
48 13 9 11 0.029929748 
911 290 19 21 0.029917525 
1 15 8 12 0.029739687 
567 55 11 12 0.029602617 
715 14 11 13 0.029386945 
680 354 45 59 0.029252997 
106 1 14 14 0.029196478 
373 193 25 32 0.029029598 
353 23 12 14 0.028827861 
189 184 15 19 0.028769158 
540 70 14 17 0.028537383 
314 355 18 23 0.028512964 
451 226 13 18 0.028286343 
359 111 13 16 0.02820943 
0 91 21 32 0.027998012 
236 142 15 19 0.027866902 
453 342 23 29 0.02779896 
907 7 14 17 0.027796157 
788 9 15 17 0.027622798 
862 187 12 17 0.027275553 
868 58 13 17 0.027150571 
1005 284 16 19 0.026955098 
539 343 43 53 0.026745528 
657 335 48 61 0.026675092 
892 299 18 23 0.02665584 
568 60 11 13 0.026377628 
447 356 10 14 0.026307283 
94 200 27 38 0.026256336 
816 11 11 15 0.026215004 
974 304 26 38 0.02619056 
467 339 16 19 0.02612232 
561 0 15 14 0.026117168 
665 366 29 41 0.026071433 
863 58 12 17 0.026043685 
806 0 13 11 0.0260197 
73 96 13 17 0.025992667 
902 128 27 33 0.025921922 
300 87 18 24 0.02592097 
789 83 14 18 0.025896976 
1007 24 15 22 0.025894003 
388 146 15 23 0.025880752 
325 172 24 32 0.025839187 
923 77 10 14 0.025756055 
585 329 47 60 0.025644874 
915 306 27 33 0.025358874 
77 383 23 32 0.02526879 
789 76 13 17 0.025165955 
617 387 51 65 0.024942324 
850 186 17 22 0.024931384 
41 31 9 12 0.024840932 
988 177 15 18 0.024736695 
371 177 17 21 0.024680374 
928 237 39 46 0.024647579 
584 54 9 12 0.024543684 
713 37 11 17 0.024459906 
309 170 15 20 0.024422407 
946 166 53 63 0.024347309 
6 16 9 11 0.024319619 
198 177 22 29 0.024253353 
884 6 14 15 0.024221303 
56 7 9 12 0.024195358 
392 28 10 14 0.02407529 
901 291 18 20 0.02398505 
359 139 14 19 0.02395801 
392 84 11 15 0.023955155 
364 130 21 27 0.023829436 
319 55 8 10 0.02366414 
753 84 11 16 0.023392303 
682 45 28 37 0.02314995 
858 3 12 15 0.022968655 
698 352 43 55 0.022876047 
543 341 12 15 0.022813767 
173 135 31 42 0.022740722 
576 18 12 14 0.022668118 
45 259 23 34 0.0226385 
477 34 11 14 0.022521924 
743 367 37 48 0.021980029 
210 199 26 35 0.021936795 
471 21 20 25 0.021935761 
901 110 16 22 0.02188241 
150 247 15 21 0.021851046 
398 125 9 13 0.021611469 
261 207 26 34 0.021598373 
846 61 13 16 0.021577137 
23 28 9 11 0.021575999 
1008 84 15 25 0.021457698 
397 464 50 51 0.021450605 
351 206 31 37 0.021268403 
318 8 9 11 0.021255683 
26 357 39 47 0.021248978 
400 40 12 17 0.021242734 
666 308 47 61 0.02123027 
169 189 17 19 0.020994592 
974 11 12 17 0.020987801 
59 49 21 29 0.020838395 
1 80 9 14 0.020830385 
820 7 11 14 0.02082179 
389 132 11 15 0.020776795 
-1 32 7 10 0.020767022 
114 273 20 30 0.020688355 
506 4 13 16 0.020668123 
894 201 15 20 0.020617066 
795 352 46 55 0.020616747 
356 349 24 36 0.020595562 
381 145 15 22 0.020576125 
878 50 14 16 0.020548852 
395 205 16 20 0.02045099 
392 340 11 14 0.020358836 
444 11 13 17 0.020352518 
474 338 15 17 0.020317812 
46 74 13 17 0.02030179 
815 4 11 14 0.020280084 
921 70 22 29 0.020216536 
-1 45 7 13 0.020195186 
754 348 41 49 0.020194737 
913 109 16 21 0.020086365 
250 247 27 32 0.020071281 
38 47 9 12 0.020035913 
926 313 13 19 0.020012552 
