2_Demonstration_Demonstrators_2_268
283
268 256 26 31 0.99921286 
78 283 32 42 0.9988801 
362 263 23 29 0.9904861 
976 260 39 47 0.98779374 
30 265 16 19 0.981351 
574 281 25 28 0.9719875 
682 246 19 24 0.97065824 
840 278 22 24 0.95921123 
721 360 22 28 0.9160729 
538 248 13 17 0.8980127 
452 261 11 14 0.8869815 
949 262 15 21 0.8704289 
238 261 16 18 0.82623136 
616 277 12 15 0.8071483 
75 251 14 18 0.801117 
878 255 17 19 0.7513732 
601 258 10 13 0.73339385 
217 252 13 17 0.60651374 
164 285 22 25 0.5682008 
292 300 21 28 0.5482525 
504 266 11 14 0.54274845 
103 265 9 12 0.37922117 
727 255 9 11 0.36729503 
154 265 21 22 0.35996684 
409 247 10 12 0.31202444 
442 276 10 12 0.30295688 
135 271 13 16 0.26657927 
204 317 12 17 0.24273564 
852 326 12 15 0.23710422 
912 246 11 13 0.23500389 
156 271 24 28 0.23364578 
471 291 12 14 0.2318661 
214 265 13 15 0.22804202 
640 291 10 12 0.21786855 
487 263 12 14 0.21265315 
0 281 11 19 0.19758417 
525 254 9 13 0.1940659 
782 256 8 9 0.18602382 
929 255 9 11 0.18015909 
502 284 11 14 0.17977042 
665 251 10 12 0.17392686 
492 262 11 14 0.16837217 
341 276 14 18 0.15844168 
768 262 9 10 0.1472015 
625 254 8 11 0.14312911 
642 247 9 11 0.14077567 
581 264 14 15 0.13685745 
204 269 12 15 0.1260828 
367 244 12 14 0.12335016 
82 260 11 15 0.12134124 
613 290 11 14 0.11755942 
671 252 9 14 0.115393214 
413 251 10 13 0.10252797 
818 256 7 10 0.09917487 
429 278 8 12 0.09916306 
423 303 10 14 0.09902702 
459 260 11 14 0.09846532 
447 257 12 15 0.09520347 
726 248 9 12 0.09451123 
623 260 10 11 0.09445359 
761 256 7 9 0.09396784 
310 262 9 11 0.0912318 
849 253 9 11 0.08867095 
834 254 9 13 0.08739776 
388 268 12 16 0.08686713 
437 186 15 17 0.0845288 
202 273 10 14 0.081790395 
640 251 10 13 0.08098546 
469 255 10 12 0.0786692 
785 271 9 12 0.07835237 
855 253 10 12 0.07469667 
774 310 8 10 0.073999174 
12 276 11 15 0.07213486 
301 272 18 21 0.07102944 
638 311 9 12 0.0708248 
507 262 11 15 0.07065438 
918 251 9 12 0.07039492 
712 129 11 14 0.06908357 
441 260 11 13 0.067831025 
62 261 12 16 0.06761852 
717 311 11 12 0.066666454 
176 289 13 18 0.06659524 
93 281 25 34 0.06503793 
594 282 14 20 0.062451173 
766 257 8 10 0.06041709 
656 261 8 11 0.060003947 
12 330 11 15 0.06000243 
607 240 10 12 0.059880923 
631 285 11 14 0.059873182 
162 295 26 31 0.05972053 
406 234 16 20 0.058854096 
862 248 9 12 0.055967048 
446 267 13 16 0.055075448 
784 262 9 10 0.054965895 
389 254 11 14 0.053363387 
933 259 11 13 0.05315083 
775 271 8 10 0.053050097 
777 278 9 10 0.052455764 
824 277 11 14 0.052194975 
629 254 9 11 0.05200958 
519 257 13 17 0.051261894 
612 299 11 13 0.051221598 
773 263 8 10 0.050972752 
443 302 11 14 0.05066266 
621 246 10 12 0.050022587 
643 293 10 12 0.050022338 
621 331 11 12 0.049791686 
1005 235 16 21 0.049603898 
583 248 10 11 0.048644587 
806 262 8 9 0.048395514 
782 276 9 11 0.048075087 
537 231 10 13 0.04656867 
847 320 20 26 0.046468295 
821 256 9 11 0.045715626 
761 261 9 11 0.045403622 
462 255 11 14 0.045083214 
390 273 12 18 0.044758398 
720 270 8 11 0.044701573 
424 284 11 15 0.044667173 
733 254 8 11 0.0444845 
486 291 9 13 0.04395326 
535 236 12 16 0.043834824 
759 268 10 12 0.043359585 
904 246 10 12 0.04326612 
429 301 12 14 0.04318013 
742 288 7 10 0.04313153 
62 251 14 18 0.042575683 
791 263 7 10 0.04253508 
721 247 9 12 0.04231298 
452 219 12 14 0.041904036 
960 365 32 35 0.041334298 
728 276 9 11 0.04068848 
800 263 8 10 0.040616665 
777 255 9 10 0.040310428 
605 298 13 16 0.040249676 
852 385 13 15 0.0402227 
870 266 12 17 0.040185824 
419 236 10 14 0.04000939 
762 278 8 11 0.03917691 
722 253 9 12 0.039076768 
448 239 8 11 0.038567193 
616 244 10 12 0.03849532 
754 257 6 8 0.03847358 
668 246 11 16 0.0383502 
476 287 11 14 0.038210887 
416 260 11 13 0.03786599 
503 274 13 18 0.037730597 
514 314 14 17 0.036489792 
501 263 17 23 0.036477096 
24 316 11 13 0.035956107 
55 245 12 16 0.034789167 
322 271 17 21 0.034772016 
919 278 10 13 0.03451014 
232 259 15 18 0.034350906 
300 293 13 16 0.034174033 
642 241 8 11 0.034158397 
343 268 22 28 0.033639118 
570 336 9 10 0.033513743 
454 237 10 12 0.033365615 
179 233 22 28 0.033236243 
505 282 15 18 0.032920122 
342 255 11 14 0.032612875 
483 260 20 25 0.032423537 
85 234 12 15 0.032414198 
106 285 15 24 0.032402948 
644 252 10 12 0.032373037 
5 276 13 20 0.032054175 
935 247 10 12 0.031953134 
881 263 15 18 0.031932373 
582 252 12 13 0.031684555 
898 349 13 15 0.031447172 
872 258 14 18 0.030434053 
451 273 13 16 0.030274073 
734 271 8 11 0.029906489 
481 261 10 13 0.029740028 
109 278 12 15 0.029182386 
780 308 10 12 0.029155351 
330 270 19 25 0.029079607 
286 243 12 16 0.029031947 
905 251 10 13 0.028962266 
327 311 11 15 0.028917694 
775 294 9 12 0.02884829 
752 261 8 10 0.028528508 
616 255 8 10 0.028513279 
480 267 11 14 0.028343022 
408 318 11 14 0.028240163 
872 254 11 14 0.028168807 
508 239 11 13 0.027946105 
477 275 11 14 0.027886197 
206 285 10 12 0.027623001 
14 272 10 13 0.027506279 
505 244 10 12 0.02737113 
646 270 8 11 0.027306944 
276 226 14 15 0.02726976 
6 329 13 20 0.026905173 
629 262 10 13 0.026658941 
799 268 9 10 0.026594158 
101 272 15 21 0.026352057 
658 245 9 13 0.026260544 
437 243 11 14 0.026247332 
130 246 8 10 0.026185295 
801 279 8 10 0.026124796 
734 276 7 10 0.026112836 
397 282 11 15 0.025999267 
150 270 16 22 0.025945898 
129 274 13 15 0.025844282 
588 247 10 13 0.025816824 
599 238 10 12 0.025719399 
494 257 11 13 0.025587745 
742 272 8 11 0.02547259 
721 276 9 11 0.025451804 
766 284 8 11 0.025073811 
460 277 10 13 0.025055258 
597 255 18 21 0.024808021 
833 248 9 11 0.024688486 
836 259 10 12 0.024682745 
671 256 12 16 0.024590375 
575 262 14 16 0.024416484 
769 303 8 11 0.024409074 
18 326 21 27 0.024404794 
589 261 11 13 0.02434065 
631 267 11 14 0.023991399 
732 260 9 11 0.023980258 
198 307 22 27 0.023700977 
463 248 10 12 0.023667948 
106 260 12 17 0.023663998 
431 272 9 12 0.023648676 
587 278 15 19 0.02364675 
477 221 406 493 0.023645476 
567 254 9 11 0.023636352 
380 266 14 19 0.023592506 
285 260 24 29 0.023573827 
190 287 11 14 0.023550496 
616 262 8 10 0.023470897 
622 240 8 11 0.023410501 
591 254 10 12 0.023394493 
752 309 8 11 0.023250705 
55 259 13 19 0.023169711 
118 306 15 19 0.02313753 
33 339 12 15 0.02293364 
547 252 12 15 0.022930572 
1 348 26 42 0.022593087 
152 282 25 31 0.022578977 
191 269 9 13 0.022571068 
657 255 8 12 0.02252435 
388 261 20 28 0.02246032 
592 231 10 11 0.022356447 
586 266 14 17 0.022265226 
774 304 9 11 0.022252463 
182 248 12 16 0.022132244 
800 256 8 10 0.022086594 
751 278 9 12 0.021946084 
830 271 10 14 0.021928748 
645 277 10 12 0.02186113 
814 270 11 13 0.021858223 
195 292 11 13 0.021800503 
417 302 10 13 0.02166772 
97 261 11 14 0.021604022 
824 311 9 11 0.021439262 
3 287 13 18 0.02143879 
275 287 16 19 0.021385178 
71 270 31 39 0.021258907 
575 253 11 12 0.021100761 
454 246 10 12 0.021100426 
398 308 11 14 0.02108352 
526 245 12 16 0.021047022 
95 252 11 14 0.021045795 
198 285 10 12 0.020954272 
910 269 10 13 0.02092182 
439 306 12 13 0.020856317 
639 300 12 15 0.020680096 
807 292 11 15 0.020670211 
422 270 10 14 0.020610942 
440 255 19 25 0.020557886 
69 295 18 21 0.020368526 
419 243 11 15 0.02028887 
407 302 9 13 0.02028306 
708 262 13 15 0.020254815 
873 281 16 19 0.020194814 
178 305 15 18 0.020160876 
419 253 11 14 0.020142345 
645 299 11 15 0.0201037 
180 205 12 14 0.020031068 
