2_Demonstration_Political_Rally_2_22
120
76 389 103 116 0.9998658 
580 476 47 67 0.99918157 
867 404 52 75 0.9449538 
377 323 60 83 0.8105911 
573 410 25 36 0.80048424 
453 382 23 28 0.72792965 
427 440 22 29 0.60034657 
767 368 29 35 0.54341656 
297 418 26 42 0.25547102 
538 368 43 55 0.22749221 
748 349 48 58 0.18981478 
981 333 17 21 0.16536349 
564 404 45 53 0.1532321 
1006 394 14 18 0.1097404 
998 388 23 31 0.09677595 
419 275 13 19 0.086824305 
803 390 38 51 0.079351276 
369 180 21 30 0.07209105 
359 279 99 129 0.06395874 
536 599 41 46 0.06348117 
556 89 31 44 0.06233419 
593 411 32 41 0.061352603 
960 326 12 14 0.05833368 
593 306 12 14 0.055322137 
251 111 52 66 0.05527465 
526 366 29 42 0.053420544 
203 98 41 42 0.052120294 
436 341 92 115 0.051560003 
558 384 31 47 0.047730096 
345 236 9 13 0.047594834 
588 344 13 15 0.046748243 
330 292 15 21 0.046504017 
31 381 34 43 0.046486218 
454 365 55 70 0.044683818 
837 269 11 13 0.04346305 
408 326 82 107 0.04318699 
-1 244 10 19 0.043034818 
999 392 14 19 0.042893827 
1011 399 11 18 0.04236754 
711 310 97 105 0.042118594 
761 369 41 60 0.04094499 
885 334 15 20 0.040695872 
89 341 14 17 0.040692337 
801 234 15 19 0.04014626 
307 188 11 15 0.0392297 
402 332 34 44 0.039002314 
603 396 27 38 0.03758156 
881 316 16 19 0.03736858 
440 299 46 50 0.03727583 
899 331 21 29 0.037113927 
635 252 10 14 0.035139464 
902 344 14 19 0.034963757 
570 420 49 60 0.033311818 
716 433 17 26 0.03285471 
388 323 33 47 0.032730233 
450 426 12 16 0.032721303 
285 405 29 37 0.031953428 
179 430 53 64 0.03190663 
351 219 11 15 0.03154379 
731 259 120 158 0.031241912 
349 228 10 13 0.030988615 
398 315 56 69 0.030403221 
422 223 10 13 0.030351246 
556 408 28 38 0.030088985 
3 299 13 16 0.030080061 
481 224 9 12 0.030060202 
593 292 11 14 0.0298057 
355 214 12 16 0.029631648 
617 336 31 42 0.028419847 
889 329 22 31 0.02759489 
25 315 10 13 0.027351666 
421 229 13 16 0.027290847 
928 319 8 10 0.027206752 
813 315 14 16 0.027176958 
555 358 30 50 0.026802601 
582 287 11 14 0.026624491 
496 230 9 11 0.026537176 
182 208 13 18 0.02653571 
500 279 14 22 0.026212793 
793 229 26 32 0.025932707 
878 397 31 52 0.025630074 
543 229 11 15 0.025525935 
687 172 38 49 0.024733689 
31 183 9 12 0.024593472 
358 179 23 32 0.02453977 
957 337 14 17 0.024501394 
77 349 28 34 0.024429113 
324 292 27 32 0.024372466 
444 395 54 71 0.023814868 
847 294 27 36 0.023781031 
608 322 12 17 0.023693938 
956 324 20 25 0.023670323 
435 441 25 42 0.023528686 
882 317 24 34 0.023257669 
929 326 10 12 0.023071358 
519 345 48 69 0.022750402 
1008 299 13 16 0.022720445 
216 95 51 65 0.022674855 
768 210 51 65 0.022347871 
446 313 13 18 0.022214897 
8 325 9 12 0.02210641 
496 274 25 36 0.022093294 
603 414 18 26 0.021947118 
100 282 16 20 0.021883529 
610 411 39 54 0.021689449 
909 297 12 14 0.021660069 
397 307 15 18 0.021435563 
372 300 10 13 0.021333925 
415 443 27 31 0.021272583 
72 336 9 11 0.021191966 
997 340 14 20 0.021182803 
485 225 10 12 0.021085657 
928 309 10 12 0.021043701 
520 483 43 63 0.020618768 
338 214 22 26 0.020468257 
422 167 10 13 0.020444257 
564 129 42 55 0.02043814 
47 174 11 13 0.020413272 
378 186 12 17 0.020337889 
424 309 50 60 0.020225434 
