2_Demonstration_Protesters_2_65
50
560 252 61 82 0.99890924 
937 318 42 64 0.9974577 
732 219 74 97 0.9968072 
319 293 35 48 0.9844551 
269 272 35 46 0.98113006 
126 298 29 37 0.9663203 
277 318 37 44 0.9070389 
164 272 38 54 0.8190402 
61 300 34 47 0.73840195 
441 325 32 39 0.5056354 
97 323 23 30 0.30693567 
291 280 38 53 0.20048243 
994 283 26 33 0.14268811 
270 295 41 55 0.10919582 
684 268 48 64 0.08503372 
438 300 48 58 0.06740526 
179 281 35 41 0.06689535 
375 303 28 37 0.062485542 
406 336 29 35 0.05554055 
929 270 26 33 0.05139936 
155 267 31 41 0.050221935 
918 289 43 61 0.046477675 
453 292 36 44 0.037823115 
122 280 28 35 0.03601 
89 310 27 38 0.035788998 
232 274 18 23 0.0314294 
260 423 17 24 0.031028762 
148 343 43 58 0.029221931 
110 294 38 54 0.02880407 
420 328 32 40 0.02784879 
327 315 33 42 0.02755396 
197 405 50 58 0.02705809 
1001 276 18 24 0.026943455 
87 277 28 38 0.026709285 
980 283 46 59 0.026398107 
128 311 47 63 0.026112031 
203 370 49 55 0.025709458 
943 330 52 76 0.025593437 
356 294 38 50 0.025269425 
363 345 18 23 0.024860725 
315 281 26 39 0.024695365 
148 593 34 38 0.0241903 
914 348 27 42 0.022430496 
160 199 390 523 0.022348313 
75 311 30 39 0.021849446 
-6 287 32 56 0.021423956 
923 309 26 38 0.020830542 
924 282 27 36 0.020273563 
451 333 33 38 0.02010064 
678 262 37 47 0.020023372 
