2_Demonstration_Protesters_2_260
37
110 176 109 125 0.99954456 
707 62 117 140 0.9993136 
578 110 87 108 0.99821174 
948 198 20 24 0.7686752 
990 224 30 34 0.6462231 
10 309 20 23 0.22683583 
937 199 24 31 0.15610002 
995 176 25 30 0.13505776 
6 314 44 52 0.10551888 
522 431 110 122 0.06690335 
328 162 89 121 0.065866366 
37 306 17 21 0.063521855 
664 800 52 70 0.059719626 
22 306 27 32 0.05737732 
997 170 17 19 0.056745663 
13 315 26 33 0.055761576 
989 475 23 30 0.03623682 
926 206 26 32 0.035886206 
857 139 27 36 0.033600006 
949 470 15 16 0.031189905 
566 172 445 412 0.030816283 
345 387 400 483 0.030792763 
911 59 41 59 0.028569134 
322 693 102 139 0.028485028 
1004 548 14 18 0.027232181 
21 328 16 20 0.02586262 
529 495 55 64 0.025169456 
973 158 22 30 0.023277884 
862 142 14 20 0.022910453 
425 199 44 61 0.022779888 
996 552 15 18 0.021953518 
985 159 25 31 0.021667367 
447 304 194 239 0.02150657 
922 82 19 24 0.021419251 
955 192 22 28 0.021277182 
904 599 28 35 0.020278294 
21 276 16 22 0.020179326 
