2_Demonstration_Protesters_2_213
139
960 587 51 75 0.9979971 
590 550 65 79 0.9975539 
362 311 77 96 0.98737586 
851 706 62 68 0.98368317 
754 541 37 51 0.98261654 
524 470 20 27 0.8580713 
116 459 22 28 0.80652064 
69 393 8 10 0.53764427 
273 293 41 54 0.5305109 
48 399 12 15 0.49421588 
0 422 9 14 0.4244603 
773 611 40 56 0.35854265 
18 401 13 15 0.31784204 
6 471 16 23 0.31113052 
950 383 10 14 0.23605111 
100 404 11 14 0.21742193 
97 397 10 14 0.18501426 
0 398 7 12 0.18198083 
118 453 16 19 0.1638123 
887 380 13 17 0.1268189 
712 376 8 9 0.11874129 
31 439 9 12 0.107086115 
913 649 16 25 0.096097976 
69 426 13 15 0.09523358 
120 448 25 29 0.09387157 
22 419 12 14 0.09126381 
67 469 20 22 0.087355055 
817 391 7 9 0.082131535 
814 717 62 51 0.08042934 
496 476 13 21 0.08011903 
808 384 7 10 0.074606575 
165 468 16 18 0.0737973 
3 414 14 16 0.072847866 
82 442 14 18 0.07120635 
800 543 22 34 0.065680094 
664 71 17 19 0.061650205 
727 492 22 27 0.061199225 
96 490 14 17 0.060238525 
687 560 35 40 0.059637044 
809 389 7 10 0.059565455 
93 414 10 13 0.058645163 
1 401 9 14 0.056375057 
640 46 10 12 0.055984486 
30 414 11 14 0.053100627 
956 388 11 13 0.052946076 
860 701 35 54 0.051437743 
23 389 10 12 0.051095985 
822 391 7 9 0.0501716 
44 443 15 17 0.05012927 
25 384 9 10 0.049263828 
903 634 35 55 0.046948817 
52 572 24 33 0.04602282 
5 406 10 12 0.045119878 
965 398 13 16 0.044005543 
878 387 11 14 0.043802664 
37 414 12 14 0.0436616 
64 404 12 15 0.042784702 
23 437 10 13 0.040483106 
0 434 11 17 0.03963334 
841 391 9 11 0.03860866 
68 433 12 14 0.03801242 
61 27 40 42 0.03690011 
901 381 11 16 0.035459414 
40 418 12 16 0.03481814 
117 472 23 29 0.034591965 
88 397 10 13 0.03453868 
1 424 15 19 0.034168184 
789 399 8 9 0.033299282 
134 483 15 20 0.03268098 
698 557 41 52 0.03246779 
499 470 25 33 0.032172512 
3 399 11 13 0.03184724 
995 377 12 15 0.03167233 
245 285 35 45 0.030996826 
131 436 16 18 0.030913824 
888 376 11 14 0.030058436 
106 436 15 18 0.02961037 
92 263 38 46 0.029402874 
910 395 11 13 0.029278794 
491 175 12 13 0.029223211 
14 420 12 16 0.029030854 
106 440 22 28 0.028944543 
142 477 20 27 0.028926197 
969 384 9 11 0.02879433 
829 735 34 33 0.028601473 
121 433 26 31 0.02857164 
122 464 25 30 0.028456962 
949 376 11 13 0.028268777 
844 629 14 20 0.028089514 
53 451 13 17 0.0279835 
8 473 24 32 0.027501944 
708 374 9 11 0.027191497 
63 466 16 20 0.026976688 
99 392 12 15 0.026777849 
739 503 15 21 0.026457636 
68 461 17 20 0.026411904 
945 387 13 16 0.026315497 
846 388 10 13 0.0259503 
68 412 13 16 0.025803436 
73 421 13 15 0.025617674 
88 418 13 15 0.02535406 
107 405 11 14 0.025259092 
101 422 12 13 0.024869002 
15 434 11 15 0.024694128 
0 476 20 35 0.024609871 
1007 659 16 21 0.024595533 
73 468 23 29 0.024193006 
652 60 26 29 0.024139816 
0 487 12 20 0.024043217 
475 350 24 30 0.024035662 
64 398 21 25 0.023645002 
873 390 11 13 0.023506299 
119 489 14 19 0.023401007 
772 374 9 12 0.022927226 
172 475 14 18 0.022654535 
65 416 19 24 0.022328272 
46 495 14 19 0.022231193 
783 602 35 43 0.022157371 
84 467 12 16 0.022123717 
441 354 27 42 0.021861978 
599 381 9 11 0.021780023 
181 479 10 14 0.021665057 
37 438 11 14 0.021654312 
834 616 23 34 0.021629307 
636 214 30 41 0.021543553 
153 475 22 26 0.02130007 
22 513 30 37 0.02126181 
762 622 35 50 0.02125905 
795 728 43 32 0.021218907 
966 389 12 15 0.02119223 
615 380 10 14 0.021074917 
0 532 17 19 0.020931304 
949 381 19 25 0.02078992 
811 733 40 32 0.020687988 
108 428 13 14 0.020478306 
807 574 26 30 0.020455785 
981 380 11 13 0.020413306 
455 135 207 285 0.020150572 
117 405 12 16 0.020095108 
