2_Demonstration_Demonstration_Or_Protest_2_600
628
150 308 35 41 0.9991222 
46 238 73 91 0.9963966 
891 280 46 75 0.9931124 
868 223 25 29 0.98428476 
479 301 27 32 0.9775334 
678 351 32 45 0.97074395 
221 389 36 50 0.9646005 
817 304 33 50 0.9481868 
833 117 11 15 0.9218417 
379 148 17 19 0.9215183 
946 402 36 49 0.915591 
852 138 13 19 0.9010557 
637 149 19 23 0.88538337 
254 109 11 14 0.87469137 
733 151 11 14 0.8598564 
285 149 13 15 0.81787354 
124 111 12 16 0.75179183 
958 124 13 16 0.75026727 
660 120 10 13 0.7439373 
598 109 10 13 0.72674435 
55 151 19 22 0.7173138 
951 269 29 35 0.7119957 
732 110 11 14 0.6994132 
435 107 11 14 0.6790495 
190 144 19 22 0.67656296 
240 164 14 17 0.67578083 
77 102 12 15 0.6718237 
687 103 11 13 0.65002424 
458 429 108 113 0.6462199 
703 129 11 14 0.62954915 
111 35 10 12 0.6241597 
24 104 14 18 0.60841554 
227 102 11 14 0.60411453 
540 112 10 13 0.57883656 
0 156 11 17 0.5760873 
507 146 15 19 0.56116945 
500 108 11 14 0.54242724 
899 125 10 14 0.52871186 
341 312 23 27 0.5102272 
941 147 13 17 0.5082275 
564 126 12 15 0.50198907 
799 150 11 14 0.49997956 
84 46 11 13 0.47040597 
30 152 17 21 0.4689467 
615 95 12 13 0.4489078 
400 106 13 15 0.41880247 
372 110 11 14 0.40452826 
152 55 8 10 0.40243754 
541 216 12 14 0.40227452 
918 147 13 16 0.39693215 
310 105 14 16 0.369434 
709 157 10 12 0.368959 
397 183 14 16 0.3602151 
773 119 10 12 0.34204116 
196 279 23 27 0.3254521 
78 170 15 18 0.32392994 
793 117 11 13 0.31502986 
479 108 11 12 0.30241412 
301 222 15 17 0.30174056 
267 229 18 22 0.30035675 
792 111 10 12 0.29519993 
221 48 9 12 0.28451103 
407 125 12 15 0.27935237 
848 135 12 17 0.2621125 
756 179 11 13 0.2563865 
759 118 10 12 0.25552815 
635 111 8 9 0.25000045 
5 31 10 13 0.24729286 
241 56 9 11 0.24350613 
819 112 8 11 0.24047099 
69 47 8 10 0.23748061 
462 128 12 16 0.23632196 
273 59 10 12 0.23552497 
102 156 12 16 0.2225957 
168 101 12 16 0.2206502 
182 120 11 14 0.20196483 
505 191 10 14 0.2001257 
30 46 8 11 0.19819108 
545 167 10 14 0.1961967 
827 137 13 15 0.18953882 
741 190 12 14 0.18867747 
919 113 9 11 0.18749379 
965 265 22 27 0.18732879 
139 147 15 19 0.18442464 
433 104 10 12 0.18036929 
406 118 11 13 0.17436859 
729 153 12 15 0.1735106 
911 112 9 11 0.17016335 
639 358 24 37 0.16995707 
433 171 10 13 0.16869219 
629 122 11 15 0.16809992 
798 142 12 15 0.16333875 
604 110 9 13 0.1562695 
288 155 15 17 0.15551105 
848 112 9 10 0.15225135 
925 165 14 19 0.15052094 
753 117 9 11 0.14696594 
725 142 9 12 0.1450548 
999 86 11 14 0.13945162 
637 118 9 11 0.13484234 
886 148 13 16 0.13256602 
432 87 9 12 0.13254416 
813 125 9 12 0.13193257 
884 111 9 11 0.13175848 
620 98 9 12 0.13039668 
221 125 12 16 0.12896441 
696 172 11 12 0.12714005 
539 189 11 13 0.12652373 
740 151 10 13 0.12395869 
984 142 8 11 0.123359084 
774 188 9 12 0.12111832 
762 198 9 13 0.11730429 
262 187 11 14 0.1165347 
148 167 18 22 0.115913145 
850 290 46 65 0.11372334 
637 144 13 16 0.1135291 
240 75 9 12 0.11142929 
430 154 12 14 0.11130798 
988 387 32 40 0.11107874 
339 102 11 14 0.10999519 
511 317 17 19 0.10991292 
562 109 9 12 0.10971448 
764 203 10 12 0.10956554 
709 109 8 11 0.10943145 
133 151 15 19 0.10787806 
215 125 12 15 0.107176654 
767 118 10 12 0.107159 
664 364 38 44 0.10554902 
561 118 10 13 0.10533993 
156 127 15 18 0.10526768 
954 265 20 23 0.104661755 
672 166 8 11 0.10375912 
470 159 10 13 0.10345287 
512 133 10 12 0.10306713 
28 142 15 18 0.102541074 
895 128 11 15 0.10076329 
887 141 12 13 0.09963118 
390 119 9 12 0.09807019 
467 125 11 14 0.09741688 
897 269 31 51 0.0970718 
537 183 9 12 0.09666987 
912 387 33 36 0.09634357 
1006 117 10 16 0.095052704 
889 134 10 13 0.09439793 
632 118 11 15 0.093924336 
422 119 10 12 0.093132846 
695 168 9 12 0.092954084 
913 135 12 14 0.09201711 
795 303 42 55 0.09177394 
537 66 10 13 0.091515146 
181 442 105 101 0.09094066 
497 105 11 12 0.090393096 
976 116 9 12 0.089617476 
454 113 9 11 0.08898858 
423 184 12 14 0.088856675 
813 133 9 12 0.088671 
137 172 24 26 0.087114185 
582 111 8 10 0.086300254 
423 141 10 12 0.085970365 
823 116 10 13 0.083409235 
21 145 17 22 0.08274689 
915 136 19 24 0.08216193 
814 151 10 12 0.081761286 
766 158 8 11 0.08098255 
57 61 8 9 0.080584556 
110 128 10 13 0.07982862 
928 111 9 12 0.078774154 
631 624 31 32 0.078638874 
786 308 27 43 0.078368194 
609 158 11 13 0.077714376 
932 108 10 12 0.07767629 
304 108 12 14 0.07728373 
721 150 9 12 0.07714041 
232 63 8 10 0.07696888 
132 141 14 19 0.0769606 
881 115 9 11 0.07681064 
856 143 16 19 0.075959645 
303 129 11 15 0.07572195 
758 167 11 12 0.07440386 
962 329 28 44 0.074395604 
946 141 12 17 0.07397696 
904 148 9 12 0.07361811 
436 167 12 14 0.07317282 
834 180 11 14 0.072340734 
831 289 40 62 0.07223495 
816 115 10 13 0.072091185 
316 125 15 18 0.07191341 
680 199 12 15 0.07170416 
803 153 12 15 0.07126172 
127 147 13 17 0.071041845 
63 142 12 15 0.070500724 
464 110 9 12 0.07043562 
480 165 10 13 0.07005079 
469 118 9 11 0.06981447 
717 190 11 13 0.06974798 
970 226 20 22 0.06919338 
679 108 10 11 0.068996295 
983 119 8 11 0.068793215 
980 307 33 38 0.06822112 
153 127 11 14 0.06683173 
986 124 9 13 0.066705115 
907 111 8 11 0.06547977 
963 130 11 14 0.065021224 
477 159 11 13 0.06476832 
940 350 25 30 0.064620964 
829 154 11 15 0.064497605 
463 176 10 12 0.06319423 
86 41 9 12 0.06317361 
83 106 10 13 0.063001804 
783 111 9 10 0.06298848 
759 113 9 12 0.06199518 
987 131 11 15 0.061990976 
815 179 12 14 0.061641738 
1013 117 9 15 0.06158565 
549 132 10 13 0.06100865 
655 134 9 12 0.060590725 
750 150 9 11 0.0602811 
418 325 16 20 0.059962597 
589 133 10 13 0.05978014 
901 118 11 14 0.05956499 
935 142 12 15 0.059031665 
929 168 16 20 0.058972813 
564 104 9 11 0.058812182 
922 156 13 17 0.058687665 
515 339 16 20 0.058179546 
107 36 10 12 0.05812893 
61 61 8 9 0.058073923 
334 95 10 12 0.058066618 
424 168 9 12 0.057353824 
661 142 10 14 0.057220384 
983 400 26 38 0.05707626 
833 102 9 11 0.056955352 
324 226 14 16 0.05638344 
345 156 16 19 0.056079365 
656 140 11 14 0.055753704 
136 185 25 28 0.054686263 
950 340 25 37 0.054560028 
261 127 11 14 0.05446255 
232 68 8 12 0.054377563 
510 181 9 12 0.05432618 
647 131 11 13 0.054140143 
13 126 10 13 0.054138336 
839 157 12 15 0.054091047 
844 156 11 15 0.053739477 
114 30 11 14 0.05276301 
432 80 8 10 0.052615527 
594 106 8 11 0.05257184 
868 255 17 23 0.05251641 
480 171 11 13 0.052239478 
823 155 11 14 0.052207105 
246 72 9 11 0.05182824 
127 131 13 16 0.051636472 
519 139 11 14 0.051461067 
471 111 8 12 0.051252883 
795 122 10 13 0.050773714 
435 93 10 12 0.05051196 
437 112 11 14 0.05043816 
222 120 10 12 0.049730208 
830 148 12 15 0.04972213 
767 188 12 15 0.04949629 
994 86 9 13 0.049304377 
704 120 10 13 0.048816957 
632 104 9 11 0.048707888 
975 142 10 12 0.04850131 
414 119 9 13 0.04845907 
630 164 12 16 0.048010007 
972 221 15 17 0.04798269 
767 182 11 14 0.047645167 
769 151 8 10 0.04760164 
590 127 9 12 0.04696008 
464 157 12 15 0.04694721 
405 224 12 16 0.046657335 
535 193 13 16 0.046609595 
224 59 9 12 0.046201885 
865 235 28 37 0.04617136 
968 314 33 48 0.046064653 
0 155 18 26 0.045907166 
85 97 10 12 0.045862682 
138 386 44 44 0.045750104 
96 133 10 13 0.045653023 
242 218 21 25 0.04562977 
912 147 11 15 0.045406535 
752 272 18 20 0.045353707 
227 128 13 16 0.04525781 
765 165 9 11 0.04523986 
838 134 10 13 0.04517385 
180 402 51 56 0.045053236 
662 130 10 13 0.045046534 
637 122 11 14 0.045011554 
372 124 13 16 0.044955887 
430 62 8 9 0.044697728 
943 133 13 14 0.04454106 
687 126 9 12 0.04443014 
252 137 14 18 0.044292685 
242 30 8 12 0.044048253 
608 99 9 12 0.0436932 
127 176 40 47 0.043645676 
425 148 11 13 0.04288768 
966 141 11 14 0.04257009 
232 163 12 18 0.04244985 
360 181 11 14 0.042135958 
151 48 10 13 0.04184836 
626 121 9 12 0.041712433 
688 130 11 15 0.041255504 
257 184 12 17 0.041232534 
610 95 10 13 0.041107696 
749 188 10 13 0.040943682 
211 189 13 16 0.040673465 
935 154 12 15 0.04058774 
375 105 9 12 0.040338192 
776 112 9 11 0.040309552 
329 172 15 18 0.040255044 
622 147 12 14 0.040254515 
448 109 9 12 0.040086698 
62 156 20 27 0.039839543 
837 101 8 11 0.039524093 
301 182 13 16 0.039506126 
691 106 10 13 0.039505497 
759 312 39 55 0.03942359 
138 161 23 25 0.03918274 
538 216 22 25 0.039119065 
599 130 9 13 0.03911842 
681 119 9 11 0.03889713 
500 374 31 41 0.0388373 
70 162 20 27 0.038631767 
785 134 8 11 0.038606662 
588 137 12 16 0.038486127 
836 112 10 13 0.038352042 
8 147 22 28 0.038351998 
705 151 11 13 0.038321976 
973 134 11 12 0.038174156 
759 190 9 13 0.038105026 
356 110 10 11 0.038046923 
134 178 14 18 0.037799463 
792 216 10 11 0.037490055 
127 263 28 33 0.037412655 
163 131 13 16 0.03727559 
853 111 9 11 0.0368168 
185 64 7 10 0.03652847 
933 102 9 13 0.036476254 
106 162 14 17 0.036410123 
70 51 9 11 0.036379855 
405 96 9 11 0.036050387 
1 193 11 18 0.03597355 
989 118 11 13 0.03597262 
380 156 15 20 0.035933122 
96 127 9 13 0.03592873 
767 172 10 13 0.035909995 
823 150 10 13 0.035719365 
855 117 9 11 0.03560069 
710 178 12 15 0.035564702 
325 232 18 21 0.035465978 
190 65 8 10 0.03540306 
291 168 13 16 0.035193946 
126 163 13 17 0.03503684 
23 96 11 15 0.034973856 
773 150 9 11 0.03467368 
297 94 8 10 0.03457052 
695 179 14 18 0.034495275 
127 170 13 17 0.03426733 
301 95 9 11 0.034204654 
962 398 31 45 0.03420096 
512 128 9 11 0.034191463 
483 167 13 14 0.034123205 
800 165 10 13 0.034051113 
243 172 15 22 0.033921927 
45 152 18 25 0.033904277 
855 126 12 14 0.033847403 
188 414 68 71 0.033724383 
69 135 11 14 0.033664532 
185 69 8 11 0.03365764 
871 116 9 11 0.033505123 
51 157 23 32 0.033484895 
814 141 9 12 0.033406645 
399 113 13 16 0.033394456 
277 176 14 18 0.03337354 
736 95 9 11 0.03326489 
863 118 8 11 0.03304538 
205 402 40 43 0.03303627 
877 174 16 23 0.03302563 
414 147 9 13 0.033000253 
65 146 15 20 0.032967884 
425 426 45 63 0.03290904 
144 48 8 11 0.03290711 
708 118 10 13 0.032840755 
448 78 8 10 0.032564647 
835 149 12 15 0.032469507 
1002 313 16 23 0.032396507 
656 114 9 11 0.032354433 
73 95 10 12 0.032313216 
944 261 24 32 0.0321237 
485 103 10 12 0.032077376 
62 55 9 10 0.03188749 
129 453 68 73 0.031836625 
432 103 17 21 0.031826574 
501 422 131 125 0.031719893 
325 115 12 15 0.03171458 
411 130 11 15 0.031702906 
137 48 9 10 0.031667642 
598 180 11 13 0.031521365 
791 220 12 14 0.0313985 
413 103 8 11 0.031276826 
972 122 11 14 0.031090386 
416 172 10 12 0.031016447 
695 129 12 17 0.031002881 
189 69 8 11 0.030905616 
1005 92 9 11 0.030845659 
126 153 13 18 0.030761188 
896 122 11 13 0.03053065 
949 131 12 14 0.03051413 
535 158 10 12 0.030505326 
975 158 10 12 0.030485746 
969 147 10 13 0.030419685 
851 218 30 34 0.030354222 
215 120 11 13 0.030335056 
455 77 9 11 0.030315394 
170 138 13 16 0.030311702 
425 86 10 13 0.03024752 
867 147 13 17 0.030154858 
933 138 19 24 0.03006693 
246 36 9 11 0.029949386 
33 191 22 27 0.029867165 
258 114 11 14 0.029832277 
506 326 24 26 0.029799499 
144 61 10 12 0.029768838 
782 117 9 12 0.029711159 
793 142 9 12 0.029697098 
263 21 9 11 0.029657869 
705 104 10 13 0.029527465 
537 107 17 21 0.029518655 
921 414 31 37 0.029322706 
157 61 9 10 0.029211313 
72 86 9 11 0.029210625 
34 161 20 29 0.029148515 
315 197 11 14 0.02912599 
315 114 15 19 0.02905248 
766 113 9 10 0.02897158 
391 319 12 17 0.028901482 
525 172 10 12 0.028782187 
971 268 26 34 0.028737854 
453 163 10 13 0.028564125 
14 98 13 18 0.028358383 
231 55 8 10 0.02835335 
112 109 9 13 0.028317023 
710 161 11 14 0.02831128 
909 173 11 16 0.0280786 
414 140 10 14 0.027958134 
438 78 8 11 0.027907562 
463 79 8 10 0.027842538 
638 629 16 19 0.027833348 
147 154 15 19 0.027794205 
309 127 15 18 0.02774884 
236 119 11 13 0.027722063 
672 78 9 12 0.027660541 
666 125 10 13 0.027584353 
927 175 13 18 0.027446676 
230 48 8 10 0.027445924 
96 38 9 10 0.027407588 
593 114 10 13 0.027301773 
116 169 14 19 0.027230954 
1015 109 10 15 0.027218932 
735 315 42 55 0.027111473 
517 68 11 12 0.027095152 
707 138 13 16 0.027086461 
811 253 13 14 0.027055744 
632 147 13 19 0.027046615 
462 85 9 11 0.027001897 
172 95 11 15 0.026799273 
872 111 9 11 0.026773816 
381 110 9 12 0.026698891 
434 157 12 15 0.026682688 
406 138 13 16 0.026669892 
277 162 15 18 0.026595699 
804 166 12 14 0.026583295 
112 239 46 59 0.026440343 
932 149 22 25 0.026364716 
664 166 11 15 0.026245877 
966 180 10 13 0.026210535 
69 41 10 13 0.026128467 
592 179 12 13 0.026053235 
31 50 8 11 0.02592804 
209 276 17 24 0.025698703 
429 180 10 14 0.025553493 
217 40 8 11 0.025402913 
270 164 12 16 0.025399983 
0 308 20 45 0.025397252 
176 116 12 16 0.025372412 
983 146 9 12 0.025328344 
661 113 9 11 0.025304627 
25 40 9 12 0.025279267 
17 93 19 27 0.025230402 
651 352 40 49 0.02514975 
243 60 9 11 0.025115345 
990 308 16 19 0.0250797 
959 136 13 17 0.025074156 
861 124 11 14 0.025035655 
984 125 18 25 0.024966544 
674 108 9 11 0.024928916 
805 141 10 12 0.024846872 
131 161 16 20 0.02483362 
794 149 10 13 0.024657464 
910 125 11 13 0.02461745 
608 152 10 11 0.024614073 
677 85 8 11 0.024446243 
929 94 8 10 0.024423538 
145 54 9 11 0.02436251 
156 47 11 13 0.02431039 
422 135 10 12 0.024309136 
1006 226 14 22 0.024305858 
221 177 14 20 0.024129972 
780 188 9 13 0.024121322 
502 144 14 17 0.024070304 
772 173 10 12 0.024013618 
1005 79 9 11 0.023984617 
265 55 8 11 0.023933861 
858 133 14 18 0.023911962 
980 260 15 18 0.023781689 
175 55 8 10 0.023717966 
496 103 18 22 0.023717672 
383 116 10 13 0.023700502 
234 125 12 15 0.023644319 
106 28 20 25 0.023600597 
71 126 11 14 0.023597602 
359 173 12 15 0.023586355 
118 163 12 16 0.02357903 
789 134 9 12 0.023524536 
518 174 12 13 0.023404779 
937 163 15 18 0.023356382 
792 105 10 12 0.02324802 
819 172 12 16 0.02315125 
293 276 111 125 0.023114456 
504 55 9 11 0.023113739 
81 50 10 12 0.023108175 
103 131 11 15 0.023062235 
130 115 13 15 0.023046013 
967 174 10 14 0.022889342 
456 86 9 11 0.02288537 
36 174 15 21 0.022815965 
357 118 10 12 0.0228122 
726 137 10 12 0.022804324 
446 164 10 13 0.022798236 
774 167 9 11 0.022729585 
177 118 19 22 0.022617511 
131 167 21 25 0.02258375 
964 119 11 14 0.022583304 
232 374 44 65 0.022512693 
317 79 9 12 0.022503031 
269 54 19 23 0.022495994 
6 25 9 12 0.022471206 
643 143 12 15 0.022344444 
495 311 27 31 0.022325866 
351 102 10 13 0.022167964 
296 131 11 15 0.022118928 
969 290 36 48 0.022111392 
264 79 9 11 0.02210578 
573 157 10 12 0.022072049 
205 156 11 15 0.021984724 
996 314 26 36 0.021916935 
614 150 10 13 0.02189704 
824 105 8 11 0.021882962 
284 168 14 18 0.021874184 
595 104 17 23 0.021790165 
252 165 10 14 0.02175913 
640 132 11 15 0.021755679 
13 118 11 14 0.021741036 
79 69 11 14 0.021733083 
712 186 12 15 0.021710197 
395 189 17 20 0.021703746 
699 185 12 17 0.021688508 
677 79 8 11 0.02166389 
183 130 12 16 0.02165796 
1005 268 12 16 0.021571562 
973 261 15 20 0.021526247 
93 157 20 25 0.021509511 
0 184 19 30 0.021482311 
148 47 20 25 0.021468831 
813 166 11 15 0.021458086 
205 187 22 27 0.021455824 
585 127 9 11 0.021440594 
622 154 11 15 0.02142314 
585 165 9 11 0.021376709 
224 95 12 15 0.021335626 
947 152 15 16 0.021318708 
891 152 12 15 0.021305226 
215 68 8 11 0.021261329 
496 141 9 14 0.02124564 
752 169 17 22 0.021221792 
728 411 124 140 0.021174446 
119 102 11 15 0.021169946 
870 124 10 12 0.02112004 
637 104 9 11 0.021086246 
956 163 13 17 0.021074805 
785 140 9 11 0.021045612 
878 153 12 15 0.021032868 
768 113 19 23 0.020997936 
260 136 15 20 0.020951986 
568 159 9 12 0.020905565 
799 136 10 12 0.020894935 
352 118 10 12 0.020889087 
400 125 12 15 0.020856222 
999 120 15 19 0.020833416 
134 26 12 14 0.020826576 
423 78 9 11 0.02080995 
38 130 12 16 0.020802848 
105 44 9 11 0.020790149 
833 97 9 11 0.020738823 
613 91 18 22 0.020718914 
1000 80 11 14 0.020687604 
263 176 19 25 0.020677278 
565 134 12 17 0.020654371 
583 139 11 15 0.020650545 
446 70 9 10 0.020574313 
210 177 15 19 0.020515181 
838 96 9 11 0.020508211 
505 59 10 12 0.02050115 
673 103 9 11 0.02048006 
172 172 12 15 0.020443365 
547 190 12 14 0.020435335 
221 41 9 11 0.020420853 
240 49 8 10 0.020388238 
255 125 10 13 0.02037721 
589 160 10 12 0.020303499 
508 351 27 33 0.02011543 
97 30 8 10 0.020111661 
63 15 8 10 0.020080624 
463 103 9 12 0.020055337 
696 158 9 12 0.020052595 
702 165 10 13 0.020034963 
