2_Demonstration_Protesters_2_684
1565
693 364 12 15 0.9821708 
848 568 53 72 0.96387625 
738 435 15 18 0.9534296 
614 421 13 16 0.9375374 
364 372 12 15 0.9355605 
910 417 19 22 0.93232644 
774 414 13 17 0.9277433 
107 498 18 25 0.916493 
648 350 10 13 0.91392434 
523 424 15 19 0.9126772 
990 271 10 13 0.9009991 
307 393 14 17 0.8968051 
869 432 21 26 0.88722014 
163 348 12 15 0.88079554 
205 373 12 15 0.87679243 
397 327 10 13 0.8763442 
946 477 30 32 0.8730616 
662 443 17 21 0.86491215 
77 403 13 15 0.85475165 
1004 310 12 15 0.81215364 
229 418 18 22 0.8066888 
336 350 13 16 0.79348844 
93 329 13 15 0.7839062 
465 340 12 15 0.75785434 
620 345 12 16 0.7524701 
449 375 10 12 0.7510105 
647 328 11 13 0.7453875 
200 346 12 15 0.7378566 
855 364 12 15 0.72879976 
572 323 11 13 0.72224146 
397 359 10 12 0.68999493 
295 319 9 10 0.6826107 
756 326 9 13 0.6788796 
810 307 9 12 0.6496798 
372 351 11 14 0.6205908 
463 373 12 15 0.5854636 
140 316 11 13 0.5763082 
885 336 10 13 0.56449366 
829 325 10 13 0.56143 
418 339 10 14 0.5586307 
378 334 9 12 0.5496471 
937 483 32 38 0.5461519 
536 375 11 14 0.5341793 
816 339 10 14 0.52996194 
38 359 11 13 0.50126296 
544 350 11 14 0.49218452 
113 357 10 12 0.47591275 
740 373 13 15 0.464682 
309 326 8 11 0.4636501 
479 316 8 10 0.45551258 
441 324 10 13 0.45009974 
500 378 16 19 0.4437698 
601 329 10 14 0.440444 
145 336 8 11 0.43356013 
688 328 11 14 0.42872185 
683 547 22 27 0.4235402 
633 318 9 11 0.42172706 
422 380 11 13 0.41308552 
207 303 8 11 0.4094985 
574 362 11 14 0.40891284 
748 478 18 22 0.40588596 
571 339 11 15 0.39872953 
392 300 9 11 0.39080822 
993 329 9 13 0.38035178 
563 468 15 20 0.37331787 
308 307 9 13 0.37148237 
850 387 22 27 0.3708541 
505 321 8 11 0.3682699 
429 302 8 10 0.36055228 
71 323 10 12 0.3584304 
382 315 10 12 0.3537741 
828 452 16 20 0.34458667 
335 332 10 13 0.33958313 
775 324 9 12 0.3375515 
612 477 15 18 0.33519477 
10 511 28 34 0.3311844 
216 260 8 11 0.32994246 
160 335 10 12 0.32940927 
502 300 10 12 0.32865256 
326 372 10 13 0.32622957 
958 272 7 10 0.32608822 
399 279 9 11 0.3196259 
463 296 9 11 0.31399113 
367 404 11 13 0.31393644 
800 295 8 10 0.3130429 
304 499 13 17 0.3107608 
445 293 8 10 0.30564982 
77 320 10 12 0.30186743 
377 286 9 11 0.29837552 
736 262 9 12 0.29641485 
184 310 9 11 0.29592597 
238 325 10 12 0.29518503 
214 319 8 10 0.29388008 
759 215 8 10 0.28609324 
609 285 8 10 0.28608036 
456 303 9 11 0.2847433 
477 446 12 15 0.284334 
934 364 10 13 0.27784684 
677 232 9 11 0.27710748 
269 317 9 10 0.27351087 
351 319 9 11 0.26687297 
550 317 10 12 0.2652827 
622 296 8 10 0.26358327 
154 293 9 13 0.26094872 
120 344 10 12 0.26013902 
397 388 11 13 0.2577124 
14 332 9 11 0.25664926 
429 285 8 11 0.25583035 
3 483 16 21 0.25555646 
295 323 10 12 0.24512193 
276 383 9 13 0.24415208 
117 425 15 18 0.24400404 
189 318 10 12 0.24391916 
718 406 13 17 0.24389379 
357 326 10 12 0.2375862 
831 343 10 13 0.23650971 
707 412 14 17 0.23484223 
694 182 7 10 0.23206697 
542 316 10 12 0.23059143 
415 294 7 10 0.23017232 
597 352 9 12 0.2278884 
94 367 12 14 0.2269926 
455 276 8 11 0.22031447 
976 271 8 11 0.2172426 
823 217 7 9 0.2171533 
939 286 9 11 0.21640316 
60 347 11 15 0.214313 
159 341 14 18 0.2135422 
897 305 8 9 0.21049954 
926 278 7 9 0.21006097 
669 408 13 17 0.20988329 
48 328 8 10 0.20981419 
998 332 10 13 0.2094436 
581 365 10 13 0.20409562 
556 436 10 14 0.20200364 
973 347 11 14 0.2003789 
573 238 7 10 0.19974251 
210 319 8 11 0.19885878 
614 208 8 10 0.19874048 
305 345 9 11 0.19456619 
430 461 11 13 0.1911084 
929 362 10 13 0.18865447 
217 288 8 10 0.1880983 
376 293 9 11 0.18808731 
289 302 8 11 0.18657352 
479 339 10 12 0.1859913 
87 294 8 10 0.18557079 
888 292 8 11 0.18255097 
425 296 8 11 0.18228136 
887 363 10 13 0.18174918 
446 332 10 12 0.18141526 
570 293 9 13 0.180425 
617 297 8 10 0.17676662 
366 301 9 11 0.17640999 
279 327 9 11 0.17547251 
398 296 8 12 0.17469206 
292 358 10 13 0.17430288 
377 280 8 11 0.17370836 
333 272 8 10 0.17335592 
350 293 8 10 0.17311466 
253 287 9 12 0.17310256 
687 341 10 12 0.17225373 
593 354 9 12 0.17141208 
441 239 8 10 0.17039092 
398 351 12 14 0.1683627 
798 278 6 9 0.167626 
376 340 10 13 0.16680646 
981 392 17 21 0.16403382 
599 371 12 13 0.16333786 
490 403 16 23 0.1623074 
422 346 9 12 0.16116315 
839 309 8 10 0.16108312 
345 293 8 9 0.1595456 
185 342 10 13 0.15941179 
793 278 9 11 0.15844299 
6 335 9 11 0.15582526 
358 430 13 16 0.15531948 
56 341 11 14 0.15413944 
905 285 8 9 0.15411286 
980 302 10 12 0.15339583 
598 301 8 11 0.15242541 
753 198 7 9 0.15206873 
341 487 10 12 0.1519447 
653 475 16 18 0.15188387 
183 302 9 10 0.15167513 
305 304 9 12 0.15112224 
345 404 11 16 0.14940087 
396 530 10 15 0.1491268 
688 294 8 10 0.14824453 
416 279 8 10 0.14698482 
468 367 10 12 0.14617461 
422 364 9 11 0.14523323 
343 374 8 11 0.14437298 
266 311 9 13 0.14398795 
384 271 7 10 0.14381017 
349 341 9 12 0.1433975 
941 280 8 10 0.14219207 
641 293 8 10 0.14001815 
336 311 8 11 0.13997076 
335 318 9 11 0.13830625 
758 301 10 11 0.13828376 
446 289 9 11 0.13706517 
998 291 9 11 0.13676786 
353 323 10 13 0.13637234 
13 423 12 15 0.13579178 
53 333 10 12 0.13541497 
874 295 7 9 0.13528904 
231 302 9 11 0.13437285 
535 343 10 12 0.13408966 
191 276 10 12 0.13379385 
831 286 8 10 0.13359825 
400 284 9 11 0.13264355 
441 262 8 11 0.13183717 
201 296 8 10 0.13113588 
305 327 8 11 0.13090584 
777 286 9 12 0.12974533 
976 306 10 12 0.12936978 
593 277 8 10 0.12875375 
646 292 8 11 0.12776028 
610 262 7 10 0.127396 
1014 248 7 10 0.12734711 
502 343 9 12 0.12727298 
343 289 8 9 0.12676135 
279 308 9 11 0.12614241 
249 334 11 12 0.12571159 
359 331 9 13 0.12467938 
170 311 8 10 0.12462559 
1005 258 10 12 0.12305467 
192 324 10 11 0.12298441 
221 342 11 15 0.12273806 
371 418 12 16 0.1219318 
856 294 7 10 0.12172066 
409 294 9 10 0.12146286 
919 295 8 10 0.12089037 
202 301 9 12 0.12042216 
502 277 8 11 0.11984532 
375 390 11 14 0.11966675 
944 300 9 11 0.11851992 
530 420 14 19 0.118115775 
237 448 13 16 0.11784227 
593 301 9 11 0.11688566 
327 296 7 9 0.11671047 
311 288 8 10 0.11661485 
583 279 8 10 0.11611327 
249 292 9 12 0.11583565 
912 265 7 9 0.115276195 
65 600 24 39 0.114925146 
502 356 9 11 0.11442916 
726 215 8 11 0.11441973 
606 468 15 17 0.11405156 
509 320 9 11 0.11313345 
613 284 8 10 0.11292972 
463 262 8 10 0.112869695 
592 272 9 10 0.112668246 
755 418 12 15 0.112642035 
500 271 9 11 0.111312054 
845 398 24 33 0.11056642 
445 350 9 11 0.11031924 
801 223 7 10 0.10995821 
638 206 7 9 0.10957488 
407 311 8 10 0.109505735 
669 343 8 11 0.10932733 
446 261 8 11 0.1091914 
222 294 9 11 0.10857763 
32 356 11 13 0.10796598 
738 386 14 17 0.107788235 
365 270 7 9 0.10778724 
174 311 8 10 0.106938876 
674 235 9 12 0.10679695 
502 350 9 12 0.10670289 
881 481 27 33 0.105713554 
416 379 11 13 0.10562726 
825 294 8 10 0.10552635 
754 402 13 17 0.10533158 
536 318 9 12 0.10491731 
976 293 8 10 0.10490254 
333 398 11 13 0.10451181 
677 160 7 9 0.10358959 
571 289 8 11 0.10358476 
-1 358 8 12 0.10314059 
680 382 10 13 0.10300884 
968 288 8 11 0.10256653 
848 295 7 9 0.102464706 
718 279 7 9 0.10219896 
334 278 8 10 0.10164969 
338 286 7 10 0.10060979 
343 400 10 12 0.100056894 
293 302 8 11 0.09974144 
942 294 9 11 0.09964999 
616 317 10 13 0.0992204 
933 489 18 24 0.09892626 
837 265 8 10 0.09890467 
945 231 6 9 0.09863574 
902 319 8 10 0.098317206 
525 357 9 12 0.098194115 
372 395 13 15 0.09804811 
58 302 7 10 0.09802054 
673 289 8 10 0.09781854 
863 311 10 12 0.0973624 
661 552 10 12 0.09714119 
800 357 11 13 0.0970933 
878 326 9 10 0.096816674 
789 303 9 11 0.09653431 
805 356 10 13 0.09601115 
262 280 8 11 0.09550732 
769 326 8 11 0.09542353 
608 280 8 11 0.09509766 
214 416 13 19 0.09505598 
526 351 9 11 0.094923176 
735 267 8 12 0.09455863 
598 273 8 9 0.09453672 
304 279 7 9 0.094302975 
925 272 8 11 0.09396454 
529 327 9 12 0.093928024 
200 253 8 10 0.093825266 
241 279 8 11 0.09363266 
821 453 16 21 0.09347355 
903 229 10 13 0.09345687 
898 319 7 10 0.09343267 
714 444 13 16 0.09284425 
631 368 9 12 0.09240721 
233 318 9 11 0.09222059 
40 309 9 10 0.09183294 
495 262 9 11 0.09178428 
309 319 9 11 0.09132257 
618 480 13 16 0.09100197 
139 384 15 18 0.09087189 
858 317 8 11 0.0907562 
999 223 6 9 0.08958579 
477 437 14 17 0.08934791 
344 304 8 10 0.089094974 
734 176 8 9 0.08904519 
264 301 8 11 0.089006044 
537 346 10 14 0.088932775 
509 302 8 10 0.088930495 
423 278 9 12 0.08861555 
294 313 9 11 0.0885424 
711 183 10 12 0.08839741 
656 264 8 10 0.088169456 
534 292 8 11 0.08794767 
727 344 11 14 0.08773631 
209 307 9 11 0.08768278 
713 272 7 9 0.08759287 
367 310 8 11 0.08716203 
738 378 13 16 0.08701914 
672 364 9 12 0.08695271 
452 376 11 15 0.08621485 
598 277 8 10 0.085814685 
922 278 7 9 0.08537402 
415 286 8 12 0.08506031 
1004 339 12 14 0.08503652 
904 281 7 9 0.084576316 
124 342 11 13 0.08427347 
224 300 9 11 0.08399448 
729 303 9 10 0.08386474 
328 412 10 13 0.08382484 
261 564 10 13 0.08377734 
993 224 7 9 0.08368613 
664 356 10 13 0.083456725 
170 303 7 10 0.08333566 
7 372 10 12 0.08317667 
535 324 10 13 0.08285682 
781 342 9 11 0.08274783 
693 301 10 12 0.082594275 
367 296 8 11 0.08255808 
488 254 9 11 0.082266636 
378 311 8 11 0.082184725 
695 238 9 11 0.08170649 
950 296 8 10 0.0813358 
1012 253 9 13 0.0812453 
735 197 7 10 0.08119579 
415 255 9 11 0.08053064 
877 320 8 11 0.080243245 
453 326 10 12 0.08021024 
760 220 7 10 0.080112755 
530 285 9 12 0.07987169 
663 312 8 11 0.07977065 
329 254 7 10 0.07951559 
777 260 10 13 0.07931917 
74 295 8 10 0.07915619 
175 302 8 11 0.07827412 
79 312 8 10 0.078047894 
430 309 8 11 0.07762927 
901 303 8 10 0.07733233 
1002 255 10 12 0.07727932 
901 359 8 12 0.07723119 
301 413 13 18 0.07690826 
838 343 10 13 0.07652925 
761 262 8 11 0.076484144 
288 328 8 11 0.076445915 
974 289 8 10 0.07612915 
188 345 12 16 0.0759889 
896 360 9 12 0.07597686 
375 329 10 11 0.07589074 
959 277 7 9 0.07555292 
231 448 13 17 0.075523734 
690 197 8 10 0.07499448 
465 238 7 9 0.07491341 
87 319 8 10 0.07424864 
20 412 11 14 0.074026436 
40 341 9 10 0.073805094 
192 273 8 9 0.07338067 
497 342 10 12 0.07279787 
718 263 8 11 0.072253674 
910 286 7 9 0.071903504 
981 344 9 11 0.07185572 
31 320 9 12 0.07182373 
425 238 8 10 0.07178677 
759 253 8 11 0.071785435 
119 389 12 15 0.07172876 
677 164 8 11 0.07134208 
605 356 10 12 0.07127589 
135 335 10 13 0.071128875 
589 263 9 10 0.07098865 
533 334 10 12 0.07056904 
938 293 9 12 0.0705459 
276 286 9 11 0.070253015 
586 263 8 10 0.07013983 
415 260 10 11 0.06985445 
775 231 9 11 0.0697091 
639 365 10 12 0.06968436 
191 283 9 12 0.069570504 
922 271 7 9 0.069309734 
503 285 9 11 0.069247656 
994 269 10 13 0.06924277 
367 411 14 18 0.0691859 
440 341 9 11 0.06915995 
510 224 8 10 0.06907447 
1009 191 9 11 0.06901107 
89 333 11 13 0.0687908 
544 394 13 15 0.0681671 
160 270 7 9 0.06774997 
638 312 9 13 0.06765204 
327 318 8 11 0.06757871 
114 303 8 10 0.06687358 
231 272 7 9 0.066670045 
6 340 8 11 0.06656568 
263 296 8 11 0.066361375 
497 349 10 13 0.066347346 
418 417 14 18 0.06596808 
757 248 8 10 0.06565507 
478 429 13 15 0.06565329 
468 335 11 13 0.06530348 
774 311 9 11 0.06519423 
605 319 9 12 0.06512586 
655 246 8 11 0.06509563 
102 295 7 9 0.06507134 
667 347 12 14 0.06496595 
431 255 8 10 0.06470012 
600 319 9 12 0.06467627 
428 380 9 12 0.064386114 
833 281 8 10 0.06429596 
528 363 8 13 0.064027384 
591 311 9 12 0.063950986 
893 255 8 9 0.063945696 
429 280 9 11 0.06380648 
707 381 13 16 0.06362836 
1014 271 9 13 0.06358146 
591 296 9 10 0.06353611 
707 395 12 16 0.06346388 
443 397 11 14 0.063240215 
398 271 10 13 0.063220724 
730 296 8 10 0.06317121 
333 373 11 13 0.063169695 
478 214 7 10 0.06309871 
822 262 7 10 0.06295286 
319 358 9 11 0.06290302 
214 310 9 12 0.06287784 
904 270 7 9 0.06287518 
753 247 8 11 0.06261241 
943 270 7 10 0.06222436 
222 417 17 20 0.06198965 
475 317 8 10 0.061984647 
148 340 11 14 0.061879106 
496 309 8 11 0.061822023 
727 208 8 8 0.06154566 
608 296 8 10 0.061536543 
247 255 7 9 0.061462674 
259 537 13 16 0.06142061 
173 317 9 11 0.061237715 
670 359 9 12 0.06119402 
153 288 9 11 0.06117471 
641 325 8 11 0.061141092 
329 405 11 14 0.06112272 
862 317 8 11 0.06082223 
833 309 10 10 0.060580928 
79 295 9 11 0.06056461 
381 278 9 11 0.060489975 
818 217 7 8 0.060460698 
308 417 12 16 0.060234126 
232 308 9 12 0.060229268 
780 325 10 13 0.060137186 
726 220 9 11 0.060106207 
583 285 9 10 0.060101904 
731 271 8 9 0.060062487 
313 294 7 10 0.05997441 
362 436 11 14 0.059932582 
361 368 11 14 0.05990425 
96 296 7 9 0.059712738 
52 328 9 11 0.059525635 
486 312 7 10 0.059450027 
622 317 9 12 0.05917372 
294 296 8 10 0.058884934 
470 261 10 11 0.05885363 
456 261 8 10 0.058774263 
343 343 12 14 0.058540504 
214 408 12 15 0.058426067 
809 279 7 9 0.058281086 
942 348 9 11 0.058216844 
920 231 7 9 0.058201414 
509 343 9 12 0.058090486 
623 337 10 13 0.058010872 
818 221 7 9 0.057715762 
384 304 8 9 0.057622943 
845 392 17 21 0.057471268 
409 254 9 11 0.057468787 
793 342 9 11 0.057380863 
862 339 9 11 0.057312056 
833 304 8 10 0.057288203 
47 415 11 13 0.057113774 
241 254 7 9 0.05698811 
366 264 7 10 0.056544863 
425 309 9 12 0.056403082 
699 370 11 14 0.056330107 
132 523 15 20 0.056231815 
735 182 8 9 0.05616645 
362 404 9 12 0.056147162 
343 309 8 11 0.05603449 
552 430 11 16 0.056020737 
718 347 12 15 0.055973683 
360 295 8 10 0.05582906 
767 301 9 11 0.055709224 
926 248 7 8 0.055630434 
801 228 8 10 0.055611566 
173 573 10 12 0.05558909 
382 292 8 11 0.055570357 
825 288 8 10 0.055522725 
43 364 10 11 0.05552054 
584 302 9 11 0.05551952 
648 301 9 12 0.05547089 
601 239 7 9 0.055424575 
423 257 8 9 0.05539975 
230 296 9 12 0.05535155 
759 271 9 11 0.055226073 
799 288 7 10 0.05512003 
497 319 7 11 0.055075303 
272 323 10 13 0.05497508 
24 325 9 11 0.054912347 
745 200 6 8 0.05490989 
856 216 6 9 0.054886375 
31 351 10 13 0.05479022 
746 372 11 14 0.05464436 
469 294 8 11 0.054541066 
237 357 14 16 0.05453195 
568 344 11 15 0.054485623 
363 427 14 17 0.054470837 
550 371 9 12 0.054418795 
735 216 7 10 0.05419174 
440 256 8 10 0.05416507 
696 231 8 11 0.054026518 
823 256 7 10 0.053670086 
87 289 7 9 0.053648263 
446 257 9 10 0.053522885 
751 397 12 17 0.05344032 
439 244 9 11 0.05339709 
888 301 8 11 0.053321246 
563 482 13 17 0.053269103 
794 560 21 22 0.053161595 
94 377 13 15 0.053136446 
421 385 12 14 0.053069662 
12 382 12 14 0.05306562 
733 394 13 17 0.053012047 
318 430 11 15 0.052996717 
646 309 9 11 0.05241997 
73 357 9 12 0.052388076 
445 239 7 9 0.052369945 
622 311 9 11 0.052278485 
567 259 9 11 0.05227676 
321 279 7 9 0.052219667 
937 246 7 9 0.052136377 
605 398 15 20 0.052123465 
118 308 8 10 0.05193299 
184 337 9 11 0.05192874 
848 223 7 9 0.051925093 
351 335 10 12 0.051804014 
223 311 8 11 0.051715948 
295 332 9 11 0.05171359 
718 272 7 9 0.051658303 
240 284 9 10 0.05150822 
1005 373 16 20 0.05134126 
735 193 8 9 0.051300097 
534 369 11 13 0.051277623 
985 270 10 13 0.05118788 
214 303 9 11 0.05118681 
225 272 7 10 0.051113777 
11 373 10 13 0.051113766 
686 288 9 11 0.05095784 
583 271 8 10 0.05083552 
943 238 7 9 0.050695032 
289 297 8 10 0.050668627 
974 209 8 9 0.050627958 
776 280 9 12 0.05048855 
821 270 8 11 0.050484687 
591 256 7 9 0.050312404 
944 247 6 9 0.050169606 
414 326 9 11 0.050161123 
495 335 8 10 0.050110802 
535 312 9 11 0.04986622 
705 293 9 12 0.04972009 
814 316 9 11 0.049662136 
754 216 7 9 0.04965673 
415 272 9 11 0.04962807 
872 420 24 30 0.049535837 
79 300 9 12 0.049480543 
817 270 8 10 0.049479105 
518 240 8 10 0.049311057 
489 249 8 10 0.04929214 
583 248 7 9 0.04901237 
221 288 8 10 0.048939366 
407 287 8 10 0.04890209 
692 295 9 11 0.048890606 
806 230 7 9 0.048829503 
358 253 7 9 0.04869585 
631 293 8 10 0.04839777 
703 387 12 16 0.048305634 
615 323 10 12 0.048159126 
874 323 9 12 0.048149645 
168 297 8 10 0.048134 
790 142 9 12 0.048080344 
350 312 8 10 0.048023187 
24 320 9 11 0.047993433 
608 257 8 9 0.047930438 
671 334 9 11 0.047928143 
805 223 7 9 0.04785592 
111 412 13 15 0.047610495 
939 358 10 13 0.047607604 
1000 259 10 12 0.047400955 
751 133 8 11 0.04735308 
523 414 17 20 0.04730619 
870 310 8 11 0.04725627 
307 384 13 18 0.04724299 
821 335 10 12 0.047207404 
358 340 9 12 0.04712615 
737 238 7 10 0.047125414 
760 209 8 9 0.047096018 
705 288 8 10 0.04704704 
713 278 8 10 0.046949994 
680 256 8 10 0.046728183 
592 316 9 11 0.04672536 
938 365 12 14 0.046722066 
894 342 9 12 0.046633236 
408 318 9 12 0.046548437 
758 278 10 11 0.046425425 
341 334 11 13 0.046381935 
462 222 8 9 0.046370436 
363 301 8 11 0.04634566 
402 311 7 10 0.046308197 
776 330 10 13 0.04629363 
791 323 9 12 0.046289027 
556 239 9 11 0.046279926 
849 231 6 9 0.046193462 
952 363 11 14 0.046159685 
975 238 8 9 0.04614655 
489 215 8 10 0.04613093 
413 319 9 11 0.045951534 
394 277 8 11 0.045912404 
417 388 10 12 0.045764234 
425 233 6 8 0.04569005 
358 249 8 9 0.045671985 
534 239 10 11 0.045621112 
221 255 8 10 0.04549993 
740 394 14 18 0.045468632 
243 448 11 13 0.045388512 
474 214 8 10 0.045385454 
816 458 14 17 0.04535964 
728 319 9 12 0.045241248 
456 257 7 9 0.045231443 
967 319 10 13 0.045216497 
679 262 8 10 0.045085873 
416 300 8 10 0.04507575 
871 302 9 10 0.045009505 
890 255 7 9 0.044990864 
9 328 9 11 0.04498975 
126 272 8 9 0.044923805 
465 288 8 11 0.04485655 
726 308 9 11 0.044774983 
815 278 7 10 0.044712827 
213 393 12 14 0.04464882 
736 402 10 15 0.044547975 
368 343 10 12 0.04451397 
197 325 10 11 0.0445064 
782 224 8 9 0.04443439 
1013 197 8 13 0.04441473 
737 159 7 9 0.044329308 
905 265 7 10 0.044289503 
237 302 9 12 0.04411229 
959 247 7 9 0.044040065 
864 304 7 9 0.043806333 
111 408 23 28 0.04376208 
449 308 10 12 0.04372799 
36 398 15 18 0.043568466 
341 378 11 14 0.043517392 
328 398 11 14 0.04350472 
306 494 19 25 0.04349129 
258 280 8 10 0.043431215 
695 224 8 10 0.04342921 
974 223 8 9 0.043297168 
322 318 8 11 0.04328437 
66 319 9 12 0.043240614 
24 366 10 11 0.043195616 
730 278 7 9 0.043157604 
969 342 11 14 0.043125145 
374 382 11 13 0.043077715 
415 398 10 13 0.043069452 
278 294 8 10 0.043021906 
679 360 9 11 0.0429772 
794 285 9 11 0.042969648 
623 263 7 10 0.042964015 
273 264 9 10 0.04292812 
444 320 10 12 0.0429185 
736 120 7 10 0.042904653 
88 352 9 12 0.042642806 
974 231 7 10 0.04254676 
720 317 8 12 0.04252623 
336 304 8 9 0.042509265 
369 371 12 14 0.04247935 
529 280 8 9 0.042355303 
863 232 7 8 0.042319857 
814 344 12 16 0.04228062 
304 450 13 19 0.042227402 
753 295 8 12 0.04214068 
600 297 8 11 0.042082235 
991 265 10 13 0.04202485 
205 418 13 18 0.042018883 
288 352 10 12 0.041959155 
627 347 11 14 0.041919585 
842 215 7 9 0.041872576 
583 311 9 11 0.04185453 
646 346 16 22 0.041818354 
743 184 6 9 0.041816436 
608 269 8 11 0.04176897 
640 357 11 13 0.04175893 
471 278 10 10 0.041688967 
729 184 7 8 0.04161799 
981 368 11 14 0.0415793 
616 311 10 12 0.041458618 
23 520 17 21 0.04130087 
807 351 10 13 0.041295186 
741 402 12 15 0.04129016 
776 223 8 11 0.04116612 
694 277 9 11 0.041050315 
673 166 7 10 0.04104462 
704 403 14 18 0.041028857 
347 400 10 13 0.04100321 
309 348 8 10 0.040992267 
541 419 11 15 0.040988978 
980 294 9 11 0.040986 
902 348 9 11 0.04092462 
223 355 11 14 0.040842418 
463 359 10 11 0.040841334 
926 301 8 10 0.040830195 
736 125 8 10 0.04080714 
678 286 9 11 0.040791947 
429 376 9 12 0.040637985 
969 254 8 9 0.04061778 
889 498 26 41 0.04060805 
833 199 7 9 0.040592853 
494 255 7 10 0.040571816 
489 260 9 11 0.04055377 
890 489 15 22 0.04054798 
838 380 38 48 0.04046415 
321 262 7 10 0.040390342 
256 262 7 10 0.04038145 
722 221 8 11 0.040371664 
600 255 7 10 0.04033943 
685 541 15 18 0.040313732 
970 224 7 9 0.040287007 
857 340 10 12 0.040242326 
112 296 8 10 0.040201627 
637 229 8 10 0.04016477 
960 238 8 10 0.04012012 
530 332 9 11 0.040077314 
655 294 9 11 0.039936326 
296 408 10 13 0.039916787 
766 215 7 10 0.03989963 
637 225 8 9 0.039856378 
307 286 6 9 0.039708294 
733 320 10 11 0.03966266 
776 215 7 9 0.039643303 
351 272 7 9 0.039631233 
600 246 8 10 0.039559465 
360 287 7 9 0.039513454 
374 301 9 11 0.03947167 
800 216 8 10 0.039415196 
678 293 9 11 0.039361387 
471 257 8 9 0.039342936 
857 290 7 9 0.03907468 
719 285 8 10 0.03893772 
718 183 7 10 0.038935706 
94 359 11 13 0.038839024 
1 319 7 10 0.03876964 
798 351 10 11 0.038747508 
367 278 8 10 0.038708065 
558 461 15 21 0.038688887 
569 359 12 13 0.038641218 
527 302 8 10 0.038596332 
951 248 7 9 0.038517583 
976 394 13 18 0.038453355 
90 326 10 13 0.038441353 
263 320 11 14 0.03842738 
329 249 7 9 0.03823397 
862 216 7 8 0.038197286 
927 254 8 9 0.03816327 
834 268 9 11 0.038162693 
240 249 7 9 0.03814821 
31 401 12 16 0.038116675 
245 279 8 10 0.038110275 
6 319 8 10 0.03809122 
175 324 8 11 0.038044233 
834 505 42 49 0.037990853 
744 327 9 11 0.037930846 
328 278 8 10 0.037850074 
394 323 17 21 0.037804153 
988 266 18 22 0.037761502 
830 147 9 11 0.037756175 
361 278 7 9 0.03775559 
935 254 8 10 0.037717048 
542 229 8 10 0.037698742 
946 500 20 24 0.03765573 
424 273 8 10 0.037625648 
895 262 8 10 0.037549257 
734 279 7 10 0.03753742 
119 279 7 9 0.03752841 
769 231 8 11 0.037441455 
758 285 10 11 0.037420608 
992 229 8 10 0.03739181 
208 394 11 14 0.037384372 
1015 240 8 12 0.037355926 
736 257 8 11 0.037232935 
960 287 9 11 0.037199803 
666 168 8 9 0.03716277 
813 356 11 14 0.037139695 
440 268 8 10 0.037139002 
314 396 11 16 0.03689949 
1000 207 8 10 0.036898322 
391 393 12 15 0.036865834 
678 208 8 10 0.036860585 
311 428 11 15 0.036727596 
322 225 6 8 0.036717787 
82 399 12 15 0.036711894 
548 342 11 14 0.03670496 
895 287 7 10 0.036632564 
689 246 9 11 0.036605082 
211 261 7 10 0.036601283 
93 320 10 12 0.036544885 
959 231 7 10 0.036512215 
41 335 9 11 0.03641943 
399 263 7 10 0.036410913 
534 270 8 10 0.03637586 
407 381 9 13 0.03625738 
394 362 11 13 0.036231607 
792 272 9 12 0.036135606 
584 295 8 10 0.0361288 
857 312 9 12 0.036119964 
176 271 8 9 0.036106005 
119 384 10 12 0.036026236 
928 208 7 9 0.035905 
732 342 11 13 0.035882905 
575 301 9 11 0.035847437 
921 300 8 10 0.035827506 
781 373 10 11 0.035813175 
111 319 10 12 0.03577952 
859 467 19 21 0.03574416 
848 216 7 9 0.03574248 
790 149 8 12 0.035702616 
272 304 8 10 0.035611674 
176 277 7 10 0.035594482 
1006 238 9 11 0.035494704 
531 318 8 11 0.035397083 
414 403 12 15 0.035379957 
858 369 13 16 0.035343654 
85 298 11 12 0.03532061 
254 326 10 13 0.035273407 
1008 276 10 13 0.03520616 
736 245 7 10 0.03516441 
837 279 8 11 0.035142325 
320 296 7 10 0.035121262 
744 205 7 9 0.035085 
348 373 10 13 0.0350828 
274 232 6 9 0.035007212 
919 364 9 12 0.034927726 
944 254 7 9 0.03485428 
695 244 10 12 0.034841098 
417 365 10 12 0.034761764 
542 293 10 12 0.034741666 
941 331 10 13 0.034711704 
151 310 8 11 0.03463803 
329 334 9 12 0.034636423 
781 255 9 11 0.03460638 
404 388 9 12 0.034549184 
45 310 8 10 0.034515627 
744 333 9 11 0.034499515 
655 318 9 11 0.034428947 
503 308 8 9 0.03442534 
122 429 16 20 0.034395654 
840 247 7 9 0.03439174 
473 312 8 11 0.03437002 
781 334 9 12 0.03435638 
41 326 9 11 0.03424574 
920 225 7 9 0.034207117 
24 343 9 12 0.034198966 
441 289 8 11 0.034167286 
623 287 8 10 0.03415628 
844 342 9 11 0.034114897 
118 319 8 11 0.03411031 
937 240 8 9 0.034020152 
432 246 9 11 0.03395509 
769 319 9 13 0.03390998 
253 382 12 14 0.033876248 
743 216 8 9 0.033872522 
853 351 11 14 0.033851538 
912 365 10 11 0.033850677 
0 363 10 15 0.03383875 
317 420 11 14 0.033827167 
949 300 9 12 0.033777863 
765 294 11 14 0.033756483 
433 318 8 11 0.033655163 
18 418 13 15 0.03364327 
1008 247 9 11 0.033610437 
903 295 8 11 0.03359759 
754 301 8 11 0.03356243 
33 304 8 10 0.033548623 
406 325 10 13 0.03350089 
887 262 8 11 0.03349861 
664 269 8 10 0.03348088 
793 223 6 9 0.03347512 
856 300 8 9 0.033405103 
677 363 10 14 0.033335064 
687 263 9 9 0.03325353 
993 292 10 11 0.03321102 
671 317 10 11 0.033190537 
499 295 8 12 0.03318528 
89 371 13 15 0.03313748 
318 302 8 10 0.033109713 
534 278 8 10 0.03310625 
693 189 9 12 0.03297365 
469 287 9 11 0.032933455 
110 418 16 21 0.032906007 
231 277 7 10 0.03288903 
694 271 8 9 0.032866806 
358 421 14 18 0.032816663 
454 287 8 10 0.032788355 
776 367 9 11 0.032724082 
767 223 7 8 0.032677803 
774 159 8 10 0.032637753 
0 478 12 18 0.032611188 
398 343 11 13 0.032365292 
505 246 7 10 0.032346938 
870 146 10 14 0.032322966 
319 351 10 11 0.03211686 
944 263 8 10 0.0319764 
439 311 8 11 0.03197572 
526 405 11 13 0.03186579 
576 311 10 11 0.031863607 
290 278 9 11 0.031826206 
62 309 8 10 0.031736836 
90 371 21 25 0.031733964 
666 173 8 10 0.03172422 
742 239 9 9 0.03172135 
263 382 10 14 0.031720333 
457 295 9 10 0.031699702 
478 271 9 11 0.031660054 
491 397 14 19 0.031653784 
726 435 16 18 0.031630777 
445 341 9 12 0.031613924 
239 295 9 10 0.031586934 
1009 196 9 12 0.03157193 
301 428 14 18 0.031559255 
113 280 7 9 0.03153559 
273 295 8 10 0.031516578 
144 347 11 14 0.031476475 
62 288 7 9 0.03145802 
719 255 9 10 0.03145122 
838 286 7 9 0.031421177 
654 300 10 12 0.031412236 
806 216 7 9 0.031401034 
912 333 9 12 0.031397957 
293 351 10 11 0.031376418 
662 335 10 12 0.031351563 
688 269 9 10 0.031322345 
463 257 8 10 0.03130493 
530 270 8 10 0.03127997 
378 273 7 9 0.03126756 
349 387 11 13 0.031243006 
923 247 7 9 0.031205902 
913 294 7 10 0.031189097 
289 309 8 11 0.031162376 
127 327 10 11 0.031155298 
471 328 9 10 0.031152392 
207 254 8 11 0.03109241 
725 396 14 18 0.031071497 
455 414 12 14 0.031066587 
938 232 7 8 0.030987347 
560 272 9 12 0.030977378 
832 232 8 10 0.0309452 
294 279 8 10 0.030930918 
679 326 10 13 0.030834913 
344 261 8 9 0.03083081 
1016 224 7 10 0.030821525 
398 246 7 9 0.030810473 
328 341 10 12 0.030809816 
57 295 8 10 0.030774806 
937 300 9 10 0.030748583 
343 318 9 11 0.030705208 
679 280 8 10 0.030664666 
440 402 12 14 0.030631438 
545 285 10 12 0.030599482 
679 374 10 14 0.030595453 
650 248 7 10 0.030584488 
576 279 9 11 0.030571429 
959 291 9 12 0.03057085 
656 311 9 12 0.030542372 
600 262 7 9 0.030533966 
975 370 12 15 0.03052857 
538 231 7 9 0.030499842 
328 325 8 10 0.03048552 
486 349 9 12 0.03043786 
449 302 8 11 0.03042724 
707 476 16 19 0.030390192 
209 377 14 16 0.03035386 
205 248 8 10 0.030306363 
334 343 12 15 0.030297955 
464 232 7 9 0.030266972 
584 256 8 9 0.0302416 
776 349 8 11 0.030210117 
367 317 9 11 0.030202184 
25 358 10 12 0.030195534 
905 235 8 11 0.030191094 
829 294 8 10 0.030183207 
409 510 34 33 0.030134093 
517 245 10 12 0.030126479 
108 424 23 28 0.030089779 
175 264 7 9 0.030082539 
797 115 8 11 0.03006166 
46 340 10 13 0.030005638 
768 150 7 10 0.029924097 
383 431 11 14 0.029895945 
631 288 8 11 0.029892134 
111 324 9 12 0.029889908 
528 208 7 8 0.029870411 
450 277 9 10 0.029847508 
615 257 7 9 0.029766873 
199 320 8 11 0.029765388 
96 394 12 14 0.029748715 
688 159 8 9 0.029711766 
887 270 8 10 0.0297076 
603 366 11 13 0.029690217 
716 354 12 14 0.029682167 
502 365 11 13 0.02967482 
19 511 15 20 0.029671434 
982 263 9 12 0.02966322 
81 342 8 10 0.029627157 
774 128 8 10 0.029610852 
319 547 11 13 0.029511523 
722 207 8 10 0.029481564 
702 247 8 10 0.029474387 
46 303 8 10 0.029433072 
187 565 12 15 0.029430648 
687 253 8 10 0.029413424 
225 277 8 10 0.029412048 
1001 248 8 10 0.029410103 
805 296 7 9 0.029380662 
337 491 10 12 0.02935224 
167 279 8 10 0.029347239 
254 310 10 13 0.029244924 
346 485 13 16 0.029196804 
767 167 8 9 0.029177487 
878 506 40 53 0.029171532 
632 270 7 8 0.029166011 
328 312 8 10 0.029151391 
365 401 19 23 0.029115736 
381 325 9 12 0.029098598 
504 239 7 9 0.029084507 
135 324 10 13 0.029073453 
569 233 8 10 0.029038204 
782 367 10 13 0.028960792 
478 262 8 10 0.028927984 
115 390 21 26 0.028903406 
157 300 9 11 0.028855827 
694 177 9 11 0.028738245 
911 342 8 10 0.028737567 
118 286 8 10 0.028730245 
759 373 11 14 0.028722372 
710 366 10 12 0.02868997 
44 396 12 16 0.028679252 
127 277 7 9 0.02862483 
392 383 12 16 0.028598672 
807 327 8 11 0.028568335 
295 382 11 14 0.028539391 
237 307 10 13 0.028502084 
367 327 8 11 0.028455758 
1 325 8 12 0.028419318 
96 301 9 9 0.028396128 
985 224 7 9 0.028378302 
349 380 10 14 0.028368518 
897 348 9 12 0.028182749 
959 224 7 9 0.028170155 
974 253 8 10 0.028085647 
432 261 7 10 0.028070638 
861 294 7 10 0.028066691 
116 402 15 20 0.027996996 
251 557 14 17 0.027991077 
393 350 11 14 0.027984813 
277 280 9 11 0.027956596 
115 361 12 16 0.027954333 
760 229 8 11 0.027866025 
419 424 14 17 0.027799245 
391 272 8 11 0.027763972 
547 420 11 16 0.027715964 
730 176 7 9 0.027711155 
989 350 10 13 0.027698373 
882 364 10 13 0.027695853 
529 342 10 13 0.027682472 
479 399 22 27 0.027675742 
944 224 7 9 0.027672075 
795 295 7 10 0.027633332 
512 252 8 10 0.027631534 
442 374 10 12 0.02762675 
232 264 7 9 0.027599163 
606 339 10 12 0.027591858 
320 365 10 13 0.027581789 
990 301 10 12 0.027580677 
221 394 11 14 0.027576176 
772 424 15 19 0.027518064 
598 311 9 11 0.027412087 
512 247 9 10 0.027396875 
753 321 10 12 0.027338505 
620 415 11 16 0.02728962 
753 128 8 11 0.02728582 
38 319 9 11 0.02725327 
184 272 7 9 0.02720294 
855 459 14 17 0.027164543 
296 342 8 11 0.027162159 
743 221 8 10 0.02712799 
773 152 8 10 0.027113065 
711 167 7 8 0.0271107 
664 255 7 10 0.027041646 
172 341 11 15 0.026980732 
8 422 21 25 0.026937142 
748 377 12 16 0.026784629 
757 380 12 14 0.026752526 
882 331 18 22 0.0267335 
729 199 9 10 0.026712269 
645 370 11 14 0.026708899 
952 470 19 24 0.026706785 
733 301 8 10 0.026694076 
495 384 14 18 0.026688885 
814 125 8 11 0.026664445 
289 271 8 9 0.026631534 
432 324 10 12 0.026489448 
111 333 8 11 0.026467653 
558 312 8 12 0.026465895 
495 325 9 11 0.026431603 
192 264 7 9 0.026407743 
99 327 11 14 0.02640651 
402 348 12 14 0.026393581 
735 167 7 9 0.026377453 
334 255 7 9 0.026376566 
349 302 9 11 0.02637184 
327 301 7 10 0.026338087 
842 223 8 9 0.026282677 
260 543 14 19 0.026269494 
545 278 8 10 0.02625902 
319 286 7 10 0.026248902 
656 242 8 9 0.026210213 
582 317 8 11 0.026197359 
327 261 8 9 0.026180808 
919 264 7 9 0.026167579 
984 229 8 10 0.026151877 
1008 269 10 13 0.026143646 
248 261 8 10 0.026133219 
490 221 8 9 0.02609617 
936 351 10 11 0.026085673 
974 248 9 10 0.026064353 
800 208 7 8 0.026064 
287 342 9 10 0.02604639 
463 217 7 9 0.026043285 
430 359 10 12 0.026035817 
898 280 6 8 0.025990028 
713 264 7 10 0.025975917 
542 402 14 16 0.025923356 
748 390 12 15 0.025917176 
514 215 6 9 0.025883112 
670 311 9 12 0.025871262 
475 440 20 25 0.025848297 
709 373 11 14 0.025824325 
793 347 9 12 0.025805065 
52 448 14 20 0.025804512 
760 175 8 10 0.025787223 
147 524 15 17 0.025770025 
367 333 9 11 0.025673736 
102 357 10 13 0.02566279 
370 363 13 16 0.02565445 
289 263 7 9 0.025653694 
1000 214 8 11 0.025647305 
662 263 8 9 0.02559026 
776 269 9 12 0.025565997 
133 410 15 20 0.025546618 
672 263 7 9 0.025520362 
693 386 14 18 0.025449993 
464 245 8 10 0.025391571 
142 322 11 14 0.025338234 
824 321 9 10 0.025312586 
649 269 8 10 0.025311446 
351 277 8 9 0.025298268 
474 389 14 16 0.025296386 
727 246 8 11 0.025281888 
575 255 8 10 0.025263611 
991 215 8 9 0.025250364 
463 310 9 12 0.02516141 
600 395 13 17 0.02515092 
695 118 9 11 0.025121957 
277 264 8 9 0.025104057 
184 277 8 11 0.025098445 
821 447 14 17 0.025081009 
366 387 12 15 0.0250757 
413 247 9 10 0.025061382 
92 426 15 19 0.025051612 
190 335 11 13 0.025048638 
415 331 17 22 0.024989514 
718 332 9 11 0.024989467 
513 240 8 9 0.02497935 
672 222 7 9 0.024975587 
846 301 8 11 0.024937853 
24 311 8 9 0.024928289 
845 310 8 11 0.024916155 
257 359 10 12 0.024894385 
672 327 10 12 0.024870865 
198 278 8 11 0.024851317 
913 326 8 11 0.024786158 
975 264 10 12 0.024775201 
912 256 7 9 0.024756202 
101 427 12 17 0.024660904 
825 320 19 22 0.024652991 
552 244 12 14 0.024613189 
39 271 7 9 0.0245959 
773 303 9 11 0.024587486 
847 349 9 12 0.024583096 
1 514 13 19 0.02458306 
2 372 9 14 0.02457471 
741 341 10 12 0.024530651 
671 248 8 9 0.02449803 
969 309 9 11 0.02449563 
757 199 7 8 0.024436569 
752 182 7 9 0.024419459 
13 408 20 23 0.024379896 
175 296 8 11 0.024343662 
895 295 8 9 0.024310362 
244 548 17 18 0.024301432 
139 529 14 16 0.024283053 
701 239 8 10 0.024278173 
278 232 8 9 0.024272414 
244 532 16 18 0.024271399 
63 434 11 16 0.024202779 
469 411 13 18 0.024199186 
502 334 9 11 0.024195323 
336 428 10 15 0.024179142 
185 285 8 11 0.024107538 
589 287 10 10 0.024105757 
318 414 10 14 0.024079721 
806 386 13 16 0.024071133 
671 214 7 9 0.024069859 
790 364 11 15 0.02405175 
773 433 13 18 0.024051232 
732 465 40 45 0.024032166 
409 240 8 10 0.0240152 
696 252 9 11 0.023987731 
494 248 7 9 0.023980912 
390 526 20 26 0.023980344 
771 319 19 24 0.023947077 
613 389 10 14 0.023941282 
675 410 14 17 0.023907337 
899 229 8 11 0.023873711 
662 295 8 10 0.023843417 
552 465 12 18 0.02383028 
256 315 11 14 0.023812894 
688 307 11 13 0.023804834 
1010 313 11 15 0.023804527 
713 332 9 11 0.02379599 
239 459 11 14 0.023786385 
31 362 11 13 0.023755651 
958 323 12 15 0.02373884 
203 355 13 16 0.023709131 
730 229 7 10 0.023694059 
805 451 11 14 0.023692371 
181 305 19 23 0.023687279 
968 302 10 12 0.023685943 
74 310 8 10 0.02364154 
663 247 8 10 0.023602866 
688 360 10 13 0.023570811 
684 426 17 22 0.023568505 
390 309 10 12 0.023567135 
728 391 12 14 0.023564521 
758 438 12 16 0.02355669 
622 280 7 10 0.023542225 
463 330 19 24 0.023535805 
289 254 7 10 0.023528796 
711 223 8 10 0.023514464 
7 377 14 17 0.023482636 
444 389 11 14 0.023463016 
396 393 11 14 0.023431683 
785 307 9 12 0.023416268 
719 176 8 10 0.02341623 
528 379 11 14 0.023415735 
273 237 7 9 0.023413531 
383 247 7 8 0.023402551 
655 287 7 10 0.023400126 
302 375 10 12 0.02339424 
777 208 7 8 0.023393882 
398 320 10 12 0.02336526 
693 264 8 9 0.023356782 
968 279 8 9 0.023356501 
608 223 8 9 0.023337841 
753 251 9 12 0.023337234 
737 134 8 10 0.023335373 
245 327 11 13 0.023275755 
998 346 13 16 0.023262566 
984 254 9 11 0.023260633 
756 349 10 13 0.023239853 
752 414 20 25 0.023222994 
38 418 15 17 0.023174288 
321 230 7 8 0.023158317 
690 238 9 11 0.02314956 
672 226 18 23 0.02308842 
810 342 9 12 0.02308693 
849 237 7 9 0.023062278 
272 268 9 10 0.023049448 
745 135 8 10 0.023047902 
293 313 18 23 0.023034485 
991 247 8 10 0.023022128 
735 286 8 9 0.023017874 
158 540 12 14 0.023001704 
759 191 7 9 0.022974432 
648 320 10 11 0.02297434 
0 508 23 33 0.0229538 
921 238 7 9 0.022941964 
934 261 8 10 0.022918023 
160 266 7 8 0.022908924 
540 321 11 14 0.022882534 
791 158 7 9 0.022880446 
735 335 9 11 0.022876086 
782 348 9 11 0.022806568 
387 434 12 14 0.022796962 
896 224 8 10 0.022793509 
151 346 11 16 0.022777466 
509 296 9 11 0.022776466 
343 388 11 14 0.02272952 
143 548 12 15 0.022711894 
705 483 22 28 0.022689404 
251 543 15 20 0.022681342 
657 207 8 10 0.022669565 
510 365 9 12 0.022657067 
663 223 8 10 0.022652404 
689 231 8 10 0.022645412 
673 389 10 13 0.022629352 
656 255 8 10 0.022614146 
485 317 9 11 0.022608353 
630 357 10 12 0.022592155 
721 310 9 12 0.022580223 
855 237 8 9 0.022522567 
205 296 8 9 0.022516042 
775 164 8 11 0.022512434 
922 254 7 10 0.022502916 
781 230 8 9 0.02248766 
72 314 18 23 0.022394028 
873 289 7 10 0.022384828 
304 295 7 9 0.022375153 
335 263 7 9 0.022344308 
552 322 10 13 0.022339717 
751 321 17 23 0.022313653 
669 555 12 15 0.022304928 
401 255 7 9 0.0222951 
804 446 11 13 0.02228817 
761 167 8 9 0.022261674 
926 296 8 10 0.022235842 
350 367 10 13 0.022231044 
264 255 7 10 0.022204665 
574 232 8 10 0.02219399 
622 352 11 15 0.022178043 
170 255 7 9 0.022175102 
753 151 7 9 0.022169286 
766 145 8 9 0.022121863 
88 247 7 8 0.022110494 
657 554 11 14 0.022101352 
462 279 8 10 0.022083309 
37 522 12 16 0.022071855 
319 379 12 14 0.022062583 
455 319 10 12 0.022048041 
190 295 9 10 0.022027066 
230 396 12 14 0.021988653 
968 343 18 22 0.021976009 
542 345 17 22 0.021951893 
871 505 30 38 0.021919841 
507 223 8 11 0.0219114 
881 264 8 10 0.021911371 
790 136 9 11 0.021885756 
670 174 8 9 0.021884738 
879 294 8 10 0.02187192 
793 335 8 11 0.021865817 
103 287 8 11 0.021863261 
111 395 12 16 0.021840023 
425 456 22 24 0.021831144 
245 300 11 13 0.021830698 
655 371 10 13 0.021810696 
857 232 7 9 0.021804925 
699 552 14 19 0.021791823 
340 427 11 15 0.021745792 
44 443 16 21 0.021741105 
838 393 15 22 0.021739725 
96 247 7 9 0.021717211 
405 502 28 32 0.02170255 
354 254 7 10 0.021702228 
949 350 9 11 0.021694887 
494 217 7 9 0.021660578 
703 253 8 10 0.021659354 
529 311 8 11 0.021659233 
797 320 9 10 0.02164801 
809 272 8 10 0.021626104 
676 142 9 11 0.021623729 
601 476 12 15 0.02162035 
171 451 16 19 0.021612337 
123 383 11 14 0.021604529 
221 316 9 11 0.021582216 
742 191 7 9 0.02157986 
544 271 8 11 0.021557072 
172 578 11 14 0.021554941 
6 412 13 17 0.021549549 
1012 333 10 13 0.02153757 
170 348 12 15 0.021532878 
799 335 8 10 0.021500219 
164 337 18 25 0.021492764 
670 270 8 10 0.021492146 
271 379 17 22 0.02148613 
240 272 8 10 0.02144994 
77 364 10 12 0.021447334 
708 495 16 21 0.021446884 
751 143 7 9 0.021444658 
344 279 8 9 0.021434767 
930 355 17 22 0.02141223 
887 347 10 13 0.021407409 
679 332 11 13 0.021366144 
294 286 8 9 0.021351514 
807 156 8 11 0.021350523 
741 255 10 12 0.021343827 
463 317 8 11 0.02132815 
974 317 9 12 0.021321792 
856 222 7 8 0.021320272 
281 341 10 12 0.021297168 
257 270 7 9 0.021276087 
1003 343 15 18 0.021268515 
439 278 8 10 0.02126626 
606 390 12 15 0.021258 
717 135 8 10 0.02125735 
534 415 19 25 0.021232575 
911 360 10 11 0.021221157 
584 439 10 14 0.021212902 
72 288 8 10 0.021208614 
111 240 7 9 0.021203667 
425 244 7 10 0.021103729 
719 245 9 11 0.021100368 
601 286 8 11 0.021078568 
862 325 9 10 0.021068558 
459 417 13 16 0.02105445 
330 399 17 23 0.021041991 
177 201 8 10 0.02103966 
127 565 9 13 0.021021115 
968 237 8 10 0.021008503 
152 280 8 9 0.02100231 
921 269 19 25 0.021000404 
728 159 7 10 0.020969493 
140 330 18 23 0.020963537 
543 468 11 15 0.020925568 
407 302 9 11 0.020923233 
54 365 10 11 0.020912688 
734 233 8 9 0.020898867 
1015 228 9 11 0.02086943 
113 255 7 9 0.020825926 
303 272 8 9 0.020816801 
246 272 9 10 0.02080381 
255 256 7 9 0.020794827 
734 205 7 9 0.020791845 
810 127 9 10 0.020781359 
304 263 7 9 0.020778472 
423 315 9 12 0.020777531 
246 309 11 14 0.020772288 
670 255 8 10 0.020737255 
36 352 12 15 0.02072787 
181 518 11 16 0.020721346 
679 212 8 11 0.020702776 
712 349 12 15 0.020699974 
857 519 54 62 0.02069804 
840 208 8 10 0.02068648 
792 357 11 13 0.02068341 
153 247 7 9 0.020658985 
502 314 18 23 0.020655043 
514 208 6 9 0.020642819 
831 236 8 10 0.020640021 
592 232 7 9 0.020639403 
423 327 8 11 0.020615494 
777 176 7 9 0.020613704 
98 420 23 30 0.020598842 
405 511 15 19 0.020578176 
767 208 7 9 0.020544786 
257 300 9 12 0.020524735 
204 297 18 24 0.020483874 
55 256 7 8 0.020477962 
720 158 8 10 0.020464042 
959 264 8 9 0.02045827 
473 223 7 8 0.020434035 
68 350 12 14 0.020421702 
510 358 9 11 0.020420903 
151 270 8 10 0.020417951 
590 365 10 13 0.02041743 
87 340 8 11 0.020402297 
743 159 6 9 0.020371921 
95 288 8 10 0.020365132 
696 152 7 8 0.020359706 
831 256 7 8 0.020318475 
72 363 9 12 0.020296464 
897 323 9 11 0.020291675 
766 261 8 11 0.02028872 
646 322 18 22 0.020284064 
826 476 25 30 0.020283518 
556 317 9 12 0.020281892 
892 336 9 11 0.020277867 
1001 238 9 10 0.02025873 
506 375 13 16 0.020254739 
705 189 9 11 0.020253146 
705 270 8 10 0.020252686 
639 279 8 10 0.020245954 
57 288 9 10 0.020235687 
611 456 22 26 0.020220617 
33 272 8 9 0.020219652 
775 358 9 11 0.020208865 
577 271 8 11 0.020199332 
642 349 10 14 0.02019443 
769 158 7 10 0.020187568 
743 303 8 10 0.02018437 
181 201 7 9 0.020165918 
677 118 9 11 0.020145686 
53 396 11 14 0.020140832 
990 192 8 10 0.02013114 
645 479 16 19 0.020126434 
198 272 7 9 0.02010991 
321 247 6 9 0.02007979 
457 358 9 12 0.020077296 
93 352 10 12 0.020075908 
86 313 9 10 0.020063024 
928 240 6 8 0.020052655 
397 239 8 10 0.02004785 
951 253 7 9 0.020045348 
752 240 7 9 0.020019788 
775 248 9 11 0.02001633 
392 263 7 9 0.020015901 
325 418 11 15 0.020001762 
