2_Demonstration_Demonstrators_2_689
55
350 319 74 84 0.99683785 
185 261 33 52 0.99396646 
122 312 41 53 0.9763499 
256 227 20 25 0.9185599 
2 248 17 23 0.8347023 
297 250 31 42 0.8142182 
51 260 15 20 0.732962 
148 235 15 21 0.71328527 
173 232 17 20 0.6659992 
314 208 20 23 0.54880166 
218 213 16 21 0.53335124 
350 194 17 20 0.4992229 
86 235 16 19 0.4588673 
929 225 36 66 0.4297232 
38 237 14 16 0.41316167 
509 568 54 52 0.30612096 
316 220 26 31 0.26777405 
4 361 78 101 0.19173291 
163 230 20 26 0.13403518 
333 251 27 39 0.0995602 
42 210 13 16 0.09481168 
938 206 31 63 0.08822327 
875 206 42 75 0.0845892 
307 234 34 45 0.083593875 
212 206 17 20 0.07798172 
301 228 27 36 0.075400114 
293 234 24 34 0.0718046 
304 247 46 52 0.06689416 
94 274 30 37 0.06329773 
343 193 16 20 0.05516438 
442 345 41 64 0.049766842 
348 200 22 27 0.043574616 
47 219 10 13 0.043288596 
91 244 15 20 0.041260555 
402 327 52 77 0.03851882 
68 216 10 12 0.038237326 
45 229 13 16 0.036230724 
804 335 194 284 0.03553575 
320 205 24 30 0.03450641 
46 250 38 47 0.034293868 
45 296 17 22 0.03397361 
153 228 17 23 0.032627627 
475 548 108 96 0.030988162 
78 269 24 29 0.030290527 
78 229 14 18 0.030235846 
344 256 18 27 0.029489443 
34 237 11 14 0.028240746 
514 564 32 34 0.027784709 
366 21 145 182 0.024467671 
36 258 25 31 0.023628665 
224 210 16 21 0.023308698 
96 240 15 19 0.02215578 
410 488 220 216 0.020908616 
214 221 18 22 0.02075755 
78 272 37 46 0.020173294 
