2_Demonstration_Demonstration_Or_Protest_2_360
751
856 602 61 66 0.9984712 
681 562 26 30 0.9968771 
618 593 29 37 0.9945018 
950 579 56 69 0.983862 
777 585 29 33 0.9767752 
653 620 48 53 0.97111434 
511 600 42 55 0.95897996 
614 549 22 28 0.924891 
584 557 20 25 0.915084 
504 556 17 22 0.86619943 
561 644 49 57 0.8590425 
477 577 25 31 0.831298 
539 542 15 17 0.82483006 
665 544 15 19 0.7760971 
142 605 26 32 0.7636429 
322 566 15 18 0.7250701 
785 625 33 39 0.70515144 
798 531 15 18 0.6918414 
781 552 21 26 0.6472987 
553 569 24 29 0.64484155 
598 537 13 16 0.61830056 
520 530 10 13 0.6175863 
373 559 12 15 0.6076836 
582 524 9 11 0.5765553 
396 561 12 16 0.55936116 
990 559 33 43 0.5360356 
647 573 14 18 0.5067197 
409 513 8 10 0.43342653 
445 669 28 33 0.41864458 
193 641 26 35 0.40156147 
142 579 13 16 0.3811837 
345 589 16 19 0.3801937 
106 601 16 17 0.37730822 
815 583 30 35 0.3697632 
437 577 12 17 0.36568844 
537 517 9 11 0.35411468 
62 605 23 26 0.33766133 
341 556 11 13 0.33028477 
861 523 14 18 0.32461894 
141 550 11 15 0.3199292 
349 595 24 28 0.29102215 
173 617 23 31 0.28569266 
203 634 34 37 0.27144495 
136 551 11 15 0.2669439 
63 547 9 12 0.26048726 
578 541 13 14 0.25745788 
59 637 25 31 0.25657046 
777 604 36 49 0.25273612 
44 629 25 30 0.24869242 
168 551 10 12 0.22953622 
81 644 30 37 0.2267906 
526 511 8 11 0.22536498 
991 666 31 40 0.22319439 
361 525 8 10 0.21278949 
575 614 34 39 0.20314433 
752 568 21 29 0.19953154 
418 540 9 11 0.19871747 
330 543 8 10 0.19739178 
417 549 11 13 0.19703075 
397 495 9 11 0.18438566 
314 494 10 13 0.1829443 
563 566 13 16 0.18235612 
593 562 15 19 0.18220896 
147 574 13 15 0.18193026 
393 512 8 9 0.18143058 
462 512 9 12 0.1800617 
130 548 9 13 0.17811605 
426 488 7 10 0.17601942 
543 513 8 10 0.17562792 
609 526 9 10 0.17014828 
55 647 33 37 0.16961223 
827 534 12 15 0.16938528 
486 540 9 12 0.16907224 
390 578 15 21 0.16769457 
578 520 7 10 0.16483143 
417 536 9 10 0.16131204 
337 527 7 10 0.15969299 
607 535 11 14 0.15903127 
350 540 9 10 0.1585257 
527 515 9 12 0.15570514 
539 563 11 13 0.15563248 
583 504 8 9 0.15477325 
922 572 25 39 0.1544841 
311 551 9 12 0.15250796 
750 534 13 16 0.15147628 
543 501 8 10 0.1484829 
404 541 10 12 0.14771849 
87 550 9 12 0.1469193 
68 640 30 38 0.14187463 
568 504 9 11 0.14180523 
581 534 10 13 0.14092839 
320 519 8 11 0.14083813 
482 493 8 10 0.14041007 
386 639 30 34 0.13910599 
116 604 12 16 0.1377552 
347 510 8 10 0.13702144 
472 504 8 10 0.13677979 
551 526 10 11 0.13471322 
416 494 8 10 0.13349123 
486 494 8 11 0.13302097 
821 536 16 19 0.1328862 
536 496 10 11 0.1320208 
374 542 9 11 0.13173792 
308 556 11 13 0.13009404 
374 519 8 11 0.12868619 
433 476 9 12 0.1275578 
346 502 8 10 0.12664433 
368 580 12 15 0.12387925 
104 551 10 12 0.12323494 
465 494 6 9 0.12320342 
561 508 8 11 0.1230047 
369 542 8 9 0.1190302 
938 346 16 17 0.11860146 
904 518 10 12 0.11603165 
450 500 7 10 0.11504178 
816 522 10 12 0.11274817 
442 534 9 12 0.11214051 
7 368 47 66 0.111331 
154 536 7 9 0.11081785 
62 647 45 49 0.10874214 
400 548 11 14 0.107914545 
577 536 9 12 0.10657485 
525 541 11 14 0.10656845 
424 567 11 13 0.1061216 
457 528 10 12 0.10528565 
433 559 9 11 0.10524088 
781 527 9 12 0.10512414 
539 553 13 17 0.10506216 
211 618 37 37 0.104634866 
455 547 13 16 0.104099475 
336 550 9 12 0.10372719 
75 604 16 17 0.103372045 
39 637 15 22 0.10169066 
398 500 8 11 0.101523355 
391 528 8 9 0.10110409 
689 510 10 12 0.10099208 
551 503 7 10 0.10097963 
476 557 10 13 0.100769944 
368 520 8 11 0.100562476 
321 560 9 11 0.10024381 
173 551 11 14 0.09911368 
625 526 8 10 0.09829791 
525 503 9 10 0.095564425 
926 349 12 14 0.09552678 
639 541 10 13 0.09416983 
575 504 7 10 0.093871035 
374 525 8 9 0.0938499 
37 566 14 16 0.093845 
399 536 8 10 0.092907764 
590 510 8 10 0.0916368 
191 564 10 14 0.090078846 
224 552 11 13 0.088903375 
568 518 8 11 0.0875913 
156 608 29 37 0.087457485 
683 585 28 34 0.08733598 
413 511 8 10 0.08719388 
763 563 14 20 0.0862556 
368 537 7 9 0.08585433 
542 525 9 12 0.08575854 
41 542 8 10 0.08559039 
957 523 24 30 0.0850915 
593 535 11 14 0.08359689 
158 541 8 10 0.08326367 
561 494 8 10 0.08309424 
330 647 35 44 0.08309271 
503 551 13 17 0.082928635 
184 628 26 37 0.082272485 
480 518 8 11 0.082206264 
584 508 8 10 0.082031384 
318 524 8 10 0.081270576 
8 527 10 12 0.080956995 
538 571 13 18 0.08084056 
775 518 8 10 0.08049163 
494 541 9 11 0.08043785 
397 511 8 10 0.080437504 
367 524 8 10 0.080208115 
212 669 35 36 0.080206595 
415 470 9 12 0.07950065 
481 510 7 10 0.078706376 
510 518 8 11 0.07855257 
607 520 9 11 0.07682757 
545 545 14 17 0.07660052 
277 566 9 12 0.07630046 
439 513 8 9 0.07521876 
437 557 10 13 0.07515568 
445 575 11 15 0.07507472 
567 526 9 11 0.074481554 
110 556 11 14 0.0739161 
444 658 23 27 0.07359724 
374 549 10 13 0.07243147 
504 537 8 10 0.07242329 
560 534 9 12 0.07190949 
588 590 22 27 0.071862176 
596 588 13 19 0.0718557 
379 561 11 15 0.071773686 
311 478 7 10 0.070357725 
96 554 10 12 0.0699805 
64 618 25 32 0.06913198 
541 496 9 11 0.06873397 
454 496 7 9 0.068627365 
46 544 9 11 0.068591684 
371 572 13 16 0.06856815 
313 534 9 11 0.068473175 
382 580 13 17 0.068286985 
497 509 7 9 0.068154894 
116 558 10 14 0.06810568 
369 547 10 13 0.06692585 
700 446 60 92 0.06681232 
459 517 8 10 0.0653665 
486 565 11 14 0.06518113 
360 535 8 10 0.0650843 
478 504 8 10 0.064475216 
5 540 10 14 0.064318135 
601 519 8 10 0.06422035 
312 572 11 14 0.06400952 
305 563 9 13 0.063872404 
490 502 7 9 0.063220866 
545 487 9 10 0.063167945 
52 613 24 29 0.06310444 
575 544 14 18 0.06272868 
522 510 8 11 0.062177822 
429 563 12 14 0.061875727 
85 569 10 12 0.061826758 
132 649 24 33 0.061366424 
329 623 29 38 0.061235793 
152 555 9 13 0.061192214 
75 623 26 29 0.06082895 
383 545 8 10 0.060624823 
40 639 27 35 0.06040142 
406 536 9 10 0.060344968 
482 541 9 12 0.060239334 
757 525 11 13 0.06018539 
31 570 14 18 0.06004506 
495 550 10 13 0.06001762 
945 347 14 18 0.059907228 
540 536 13 14 0.059476666 
793 533 13 16 0.058847282 
331 605 40 48 0.0587346 
553 519 8 12 0.05851129 
439 518 9 11 0.0583671 
815 540 15 19 0.058221966 
574 604 29 31 0.058205526 
103 574 11 14 0.058204584 
423 492 8 10 0.05800015 
462 531 10 12 0.057839125 
436 602 17 21 0.057743847 
615 569 14 19 0.057711095 
509 542 10 12 0.05750367 
647 527 9 11 0.057496686 
476 563 12 15 0.05717783 
978 560 31 37 0.056976777 
345 536 9 11 0.05676276 
384 511 8 10 0.056746483 
432 502 8 10 0.05674343 
504 503 9 11 0.056576267 
170 535 7 10 0.05648735 
375 537 8 9 0.056338638 
313 526 8 9 0.056309942 
616 511 8 9 0.056098133 
631 535 10 12 0.055942465 
20 609 13 17 0.055888575 
318 489 10 11 0.055818707 
28 587 13 18 0.05575664 
432 494 7 10 0.05554232 
395 570 15 22 0.055460833 
522 517 9 11 0.05540799 
445 518 9 11 0.0552742 
392 516 8 10 0.055146463 
599 528 9 11 0.05496719 
33 558 10 11 0.054892767 
1 510 8 11 0.05451027 
613 527 8 10 0.054426745 
312 541 9 11 0.054394532 
56 548 10 13 0.05435843 
113 602 21 25 0.05422315 
488 557 11 13 0.054220866 
327 494 8 10 0.054081205 
76 583 13 17 0.053598497 
537 524 10 12 0.053512037 
95 519 7 9 0.053271968 
15 526 10 11 0.053137343 
414 517 8 10 0.05289439 
633 539 12 15 0.052428566 
335 495 7 9 0.052122843 
259 559 11 13 0.05207472 
494 537 8 10 0.052016657 
255 560 10 13 0.05199296 
144 569 11 13 0.05198504 
54 590 11 15 0.051622838 
392 543 7 10 0.05158154 
445 547 11 16 0.051439237 
364 586 15 18 0.05115462 
393 579 23 30 0.051149648 
159 550 8 11 0.05114247 
316 500 9 12 0.0506228 
792 516 8 11 0.050433878 
393 533 8 11 0.05042628 
885 527 10 12 0.05027737 
69 565 9 11 0.05025205 
417 528 8 10 0.050180558 
100 589 22 27 0.050048765 
755 536 13 16 0.05003387 
835 533 12 16 0.0498051 
679 526 10 12 0.049580842 
433 518 8 10 0.049556065 
31 528 8 10 0.049479555 
717 538 11 14 0.049200516 
741 560 25 37 0.049053814 
38 559 11 12 0.04866931 
487 519 7 9 0.048534807 
559 518 9 11 0.04843773 
344 518 8 10 0.04816731 
57 534 8 10 0.04788638 
836 479 9 10 0.047595806 
149 551 9 11 0.047195103 
328 546 10 13 0.046985697 
69 544 8 10 0.046956282 
590 527 9 10 0.046888646 
22 526 8 10 0.046883177 
440 526 9 10 0.046831407 
56 528 8 9 0.046751663 
274 544 8 10 0.046353992 
576 509 8 10 0.04628165 
472 479 7 9 0.04589842 
206 568 12 14 0.04587294 
910 350 13 14 0.045796603 
47 525 9 10 0.04577925 
117 588 10 14 0.0457476 
601 503 8 9 0.045700457 
174 534 7 10 0.045476366 
488 580 14 20 0.045415487 
646 533 10 12 0.04483276 
437 473 8 10 0.04472384 
432 578 20 25 0.04469054 
341 525 8 10 0.044545837 
344 497 9 11 0.04453725 
220 579 17 20 0.044412658 
431 573 13 17 0.04439632 
440 484 8 11 0.044242766 
566 533 10 12 0.044168808 
395 502 8 10 0.04403912 
277 571 12 17 0.043997236 
495 503 8 11 0.043954182 
408 526 8 9 0.04392757 
654 533 9 11 0.04377585 
184 541 9 12 0.043761365 
599 594 24 30 0.043686647 
884 547 12 13 0.04358537 
949 354 13 16 0.04354782 
487 512 7 9 0.043528408 
983 579 37 46 0.043377984 
326 488 9 11 0.043332618 
766 532 11 14 0.04325502 
385 529 8 10 0.04316814 
452 572 13 16 0.043055955 
422 527 8 10 0.043043815 
252 563 14 17 0.043015283 
502 542 11 14 0.042802773 
30 573 23 29 0.042731814 
503 510 8 9 0.042675577 
468 534 9 11 0.04237768 
398 528 7 8 0.042028576 
168 519 7 10 0.041858807 
438 496 8 10 0.04183737 
63 528 9 11 0.041807353 
55 544 9 11 0.041708592 
436 562 12 15 0.041643105 
496 521 7 9 0.041563135 
422 464 8 11 0.041285083 
557 526 9 11 0.041267212 
932 352 15 17 0.041233685 
446 512 8 9 0.04115029 
80 573 12 17 0.04109002 
152 540 9 12 0.04092921 
808 562 13 18 0.04061843 
399 488 8 10 0.040576514 
986 524 28 36 0.040541247 
585 496 7 10 0.0403263 
122 639 24 36 0.040266782 
479 550 9 13 0.0401303 
460 550 14 18 0.040098157 
717 508 11 14 0.04009814 
566 485 10 12 0.03995672 
559 559 13 15 0.03985674 
43 571 14 17 0.039635554 
408 493 9 11 0.03955679 
181 548 11 15 0.039535485 
580 663 48 55 0.039453108 
120 605 23 28 0.039340556 
624 520 8 10 0.039305918 
763 588 24 32 0.039223693 
902 574 33 41 0.038994595 
350 517 8 10 0.038961586 
566 495 9 10 0.038943626 
456 464 8 10 0.0389135 
206 517 9 13 0.038757265 
195 589 13 17 0.038649347 
445 538 11 15 0.03845003 
359 596 24 33 0.038445864 
189 569 11 16 0.038441792 
385 486 8 10 0.038392223 
604 572 21 27 0.038334884 
855 540 11 14 0.038181305 
487 550 10 12 0.038141698 
319 576 11 15 0.038092673 
82 550 9 12 0.03809182 
122 606 13 15 0.037982047 
529 497 9 10 0.037973497 
15 655 40 48 0.03796991 
587 602 29 34 0.0379518 
39 549 11 12 0.037917744 
624 530 10 12 0.037737455 
468 550 12 15 0.037711367 
103 568 10 11 0.03765501 
143 579 22 26 0.037555214 
612 542 13 15 0.037526257 
368 503 9 10 0.037438195 
121 534 9 11 0.037401866 
196 564 11 14 0.03706415 
38 585 24 29 0.037060536 
52 599 25 27 0.037000805 
191 580 10 14 0.03696395 
455 480 7 9 0.036877453 
40 537 8 10 0.036870442 
624 557 17 21 0.03684966 
809 511 8 10 0.036822382 
24 652 25 33 0.036746975 
131 613 25 37 0.036668934 
880 530 12 15 0.036470264 
638 517 10 11 0.03629147 
157 556 10 12 0.036158815 
122 527 8 10 0.0359652 
156 574 11 13 0.03594459 
562 487 8 11 0.035929125 
441 551 10 12 0.035742346 
45 597 13 15 0.035636738 
72 525 8 10 0.035527736 
551 510 8 10 0.035464633 
429 488 8 10 0.035389937 
760 578 23 30 0.035385832 
421 555 10 13 0.034906257 
855 526 14 18 0.034883987 
536 535 10 13 0.03488155 
45 559 10 11 0.03457539 
616 504 7 8 0.034552004 
196 583 11 15 0.034490895 
798 511 9 11 0.034152064 
325 518 7 10 0.034119945 
477 573 16 20 0.03403991 
423 520 7 9 0.03399838 
110 575 10 12 0.033881295 
114 596 13 17 0.03386044 
268 574 26 35 0.033850584 
154 598 14 16 0.033718366 
689 506 8 9 0.03366072 
547 649 37 40 0.033644933 
679 530 13 16 0.03357101 
185 513 8 10 0.033321597 
319 511 9 11 0.033308994 
625 503 7 9 0.03326397 
918 348 12 14 0.033100925 
5 518 9 12 0.03301443 
139 614 30 43 0.03296728 
490 525 8 10 0.032926615 
135 611 16 21 0.032827523 
489 472 7 9 0.03281639 
416 489 8 10 0.032782543 
202 518 9 11 0.03265488 
445 555 11 14 0.032650013 
505 519 8 10 0.03262248 
494 525 8 9 0.03254167 
128 544 9 12 0.032536846 
774 529 12 15 0.032502852 
510 512 8 10 0.03239175 
509 502 8 10 0.032382276 
32 534 8 9 0.032358363 
830 528 12 14 0.032062504 
778 565 19 22 0.031983383 
453 541 12 16 0.031927384 
383 533 8 10 0.03190148 
102 604 17 21 0.031887785 
129 624 33 47 0.031823136 
576 519 20 23 0.031816408 
590 518 8 10 0.031807803 
328 536 8 10 0.031772982 
120 519 8 10 0.031455256 
192 528 9 11 0.031442214 
81 607 15 19 0.03143627 
354 526 8 10 0.031375587 
510 496 9 11 0.031310614 
71 559 9 12 0.031275753 
110 580 12 13 0.031225294 
311 507 10 13 0.031201376 
931 570 17 28 0.031176338 
319 551 8 11 0.031140327 
331 618 15 21 0.031099288 
217 556 10 13 0.031072317 
385 517 7 9 0.031040777 
869 564 14 16 0.030995071 
399 518 7 10 0.030956484 
91 519 7 10 0.030920958 
46 520 9 10 0.030789632 
399 623 42 46 0.03071453 
385 480 8 9 0.030570561 
694 505 8 11 0.030469809 
94 596 15 18 0.030421777 
617 575 17 19 0.030416435 
525 571 12 15 0.030381316 
276 549 8 11 0.030290583 
313 565 20 26 0.03022022 
566 612 28 32 0.030178446 
367 511 8 10 0.03006572 
304 534 8 11 0.029781027 
126 590 10 13 0.029754918 
773 559 17 22 0.029728085 
448 481 7 11 0.029668454 
791 535 20 25 0.029523492 
331 594 26 32 0.029446691 
758 521 10 11 0.029403185 
312 487 10 12 0.029399652 
63 533 8 10 0.029383386 
191 533 10 12 0.029355595 
866 526 16 18 0.02933252 
29 656 15 20 0.029311161 
127 583 9 11 0.029298496 
438 628 15 18 0.029278968 
644 575 23 27 0.029203769 
464 489 8 10 0.029197503 
399 481 7 9 0.02916582 
897 513 8 10 0.029144298 
131 594 14 18 0.029113356 
24 583 21 29 0.029043213 
720 579 12 17 0.028919892 
743 539 15 17 0.028866002 
368 576 20 25 0.02879748 
95 573 12 15 0.02868504 
15 596 11 13 0.02867079 
982 562 18 22 0.0286065 
823 580 20 23 0.02857016 
550 531 12 14 0.028413622 
486 488 8 11 0.028362023 
444 542 19 25 0.028271424 
169 527 7 9 0.028194426 
667 562 14 19 0.028138177 
629 527 9 10 0.028135912 
404 584 26 30 0.028087316 
318 541 9 11 0.028065624 
191 517 7 9 0.028047193 
389 589 16 23 0.028001515 
485 617 13 17 0.027987614 
175 551 20 26 0.027877035 
793 555 15 18 0.027876005 
518 527 18 22 0.027760787 
551 495 8 10 0.027611706 
212 582 29 30 0.027509796 
536 646 29 36 0.02748211 
142 520 7 9 0.02740413 
607 502 7 9 0.027387252 
589 504 8 10 0.027385987 
511 486 8 10 0.02724599 
14 533 9 11 0.027242692 
120 592 22 27 0.027219191 
359 512 9 10 0.027021447 
494 496 8 10 0.026949562 
167 542 9 11 0.02690014 
472 519 8 10 0.02685785 
391 487 7 10 0.026805745 
897 618 37 49 0.026753392 
782 543 13 16 0.026749646 
-1 633 28 39 0.026734518 
906 522 11 14 0.026720602 
184 572 11 15 0.02670601 
712 633 38 50 0.026650935 
110 544 8 11 0.026490808 
702 632 30 44 0.026360324 
845 531 12 16 0.02630687 
378 584 26 34 0.026269047 
259 565 12 15 0.026247906 
117 582 10 13 0.02622389 
944 498 13 15 0.026216177 
376 512 8 10 0.02611563 
769 517 10 11 0.026084453 
308 564 12 16 0.026000287 
875 351 66 55 0.025965698 
433 510 8 11 0.025856998 
909 344 23 25 0.02575922 
303 492 10 15 0.025729427 
917 548 16 18 0.02566702 
2 535 8 12 0.025610656 
339 586 40 48 0.025591312 
79 557 9 11 0.025495788 
275 580 16 20 0.025483092 
402 557 12 15 0.025482453 
45 589 14 17 0.025466982 
886 519 9 10 0.025357224 
78 520 7 9 0.025205864 
305 551 11 13 0.025164004 
415 504 8 9 0.025101336 
798 518 9 10 0.025051933 
425 625 26 32 0.02499516 
188 539 11 14 0.024983803 
406 505 18 24 0.024910863 
678 521 10 11 0.024904488 
409 505 8 9 0.024903683 
854 312 119 101 0.024894144 
185 536 9 11 0.024870044 
850 523 12 16 0.02485316 
84 577 13 18 0.024823235 
752 520 10 12 0.024802921 
120 540 8 11 0.0247985 
134 588 12 16 0.024775261 
303 485 9 12 0.024739234 
34 562 22 25 0.024710683 
211 566 13 14 0.024698922 
391 548 9 12 0.024690086 
104 544 10 12 0.024642909 
50 573 12 15 0.024581786 
297 526 9 12 0.024430182 
211 643 38 41 0.024365088 
529 628 34 43 0.024275385 
335 532 7 11 0.02425748 
820 518 9 12 0.024214733 
972 521 25 35 0.024144802 
813 571 26 30 0.024132762 
511 535 9 11 0.024077129 
248 565 22 27 0.024055753 
313 518 9 13 0.024034027 
450 462 8 10 0.024019426 
19 664 14 18 0.023994945 
169 513 7 9 0.023974339 
669 538 20 25 0.023953816 
479 523 8 11 0.023940926 
623 511 7 10 0.023928743 
789 469 10 13 0.023887916 
527 486 8 9 0.023837158 
607 511 9 10 0.023780905 
331 566 11 14 0.023694638 
683 527 11 13 0.023693735 
198 560 8 10 0.023614567 
305 541 9 11 0.023545802 
145 535 7 9 0.02348596 
879 379 32 32 0.023472304 
95 544 9 11 0.023378046 
464 480 7 9 0.023368582 
189 558 19 25 0.023339251 
69 599 14 18 0.02332636 
165 545 20 24 0.023310991 
420 468 9 12 0.023284586 
171 629 18 25 0.023268634 
835 526 11 14 0.023219338 
106 629 28 37 0.023207113 
354 588 16 19 0.023203906 
382 574 11 15 0.02316267 
431 551 9 12 0.023141682 
774 541 13 15 0.023067806 
879 511 9 11 0.023021832 
828 385 12 17 0.023005802 
470 495 7 9 0.022990545 
774 513 9 10 0.022976771 
505 487 8 9 0.022955243 
304 478 10 12 0.022878952 
800 501 9 10 0.022873057 
421 510 9 10 0.022856014 
726 565 24 36 0.022835448 
247 576 14 19 0.022713428 
103 535 7 9 0.022708884 
309 594 14 22 0.022662787 
347 558 10 12 0.022628877 
862 509 10 12 0.022591067 
908 494 9 10 0.022555629 
261 571 12 15 0.022503564 
16 520 10 11 0.022496672 
184 563 12 16 0.022490798 
443 652 17 21 0.022463134 
411 470 9 10 0.022429561 
10 654 26 35 0.02237487 
13 539 11 14 0.022357823 
689 575 30 34 0.022316892 
801 497 8 9 0.022316549 
585 653 34 43 0.022281112 
639 523 10 12 0.022220243 
711 533 12 16 0.022217104 
616 519 8 10 0.022145886 
673 526 11 11 0.022105252 
155 520 6 8 0.022011304 
142 593 12 17 0.021847457 
890 571 31 39 0.02174421 
174 528 8 10 0.021735206 
6 547 9 13 0.02172662 
33 510 9 10 0.02167768 
784 511 9 10 0.021676099 
390 480 7 9 0.02164853 
63 556 9 11 0.021636883 
399 470 8 9 0.021633884 
431 551 20 25 0.021557245 
21 520 9 11 0.021524098 
88 545 9 11 0.02151706 
160 520 7 9 0.021450369 
680 621 42 55 0.021445865 
600 669 46 53 0.021406006 
395 546 20 25 0.021403061 
910 573 41 59 0.021381494 
471 552 19 24 0.021307595 
930 359 16 18 0.021294652 
385 472 7 8 0.021261849 
277 559 9 12 0.021250669 
47 536 8 9 0.021227034 
40 525 8 10 0.021169255 
686 543 26 33 0.02116713 
813 511 9 11 0.021143556 
632 518 9 11 0.021124108 
489 477 7 10 0.021119995 
627 548 14 18 0.021114968 
482 535 9 11 0.021045903 
548 573 40 51 0.021028941 
696 568 16 19 0.021011317 
805 556 12 18 0.021005798 
505 496 9 11 0.0209999 
418 387 17 19 0.020991966 
338 521 7 10 0.020953659 
420 640 14 19 0.020950913 
333 602 12 17 0.020887751 
89 526 8 9 0.020873714 
659 601 24 29 0.020795187 
715 574 22 29 0.02079391 
32 541 9 12 0.020745175 
933 492 11 14 0.020742139 
204 614 28 32 0.020664344 
600 511 8 10 0.02063451 
180 614 13 18 0.020605791 
601 496 8 10 0.020601928 
565 613 14 17 0.02053746 
135 501 8 10 0.020523675 
807 622 32 38 0.020511754 
469 542 10 12 0.02048364 
840 333 99 125 0.020471437 
73 637 17 24 0.020467369 
77 525 8 10 0.020413758 
305 569 11 15 0.020306624 
133 544 13 15 0.020254714 
268 584 15 19 0.02018798 
31 550 10 12 0.020179335 
73 521 8 10 0.02012461 
357 581 13 15 0.020109132 
46 621 16 18 0.020106947 
138 575 11 15 0.020100243 
79 543 8 11 0.020037452 
703 606 28 36 0.020037066 
815 532 12 16 0.02003575 
412 591 15 19 0.02003515 
55 556 9 11 0.020010484 
