2_Demonstration_Political_Rally_2_267
55
747 307 31 35 0.9959372 
196 364 20 26 0.65911096 
451 326 20 28 0.41500956 
198 432 22 29 0.38801843 
142 363 23 32 0.2998713 
100 402 22 27 0.29847464 
338 270 27 42 0.28833574 
458 320 17 28 0.2067428 
0 363 34 64 0.18277343 
443 333 22 27 0.177147 
808 357 24 44 0.11931002 
706 393 25 33 0.093637355 
467 373 38 62 0.08374019 
770 401 29 36 0.07712606 
544 291 34 40 0.0748527 
146 354 18 23 0.06858425 
16 460 26 34 0.06678513 
857 372 29 37 0.059520498 
463 442 14 19 0.057679214 
286 350 32 41 0.056875233 
556 301 45 59 0.055348463 
462 463 15 20 0.053427108 
626 384 26 32 0.05119786 
208 431 19 25 0.0497974 
570 287 35 43 0.044476427 
319 272 31 42 0.044385012 
817 352 29 47 0.04377116 
431 334 25 31 0.042134743 
452 317 17 21 0.04173412 
35 440 17 20 0.036896717 
13 301 39 55 0.035186734 
759 381 44 51 0.0332651 
494 317 83 127 0.03153917 
91 408 26 28 0.03011912 
95 404 16 20 0.02917513 
830 344 36 52 0.028964436 
369 377 416 485 0.027629772 
466 340 77 129 0.027128572 
956 525 60 77 0.02707432 
143 349 15 20 0.025434302 
695 399 41 47 0.025423823 
752 377 26 36 0.025368905 
530 306 81 108 0.025304465 
114 445 18 23 0.024240013 
75 392 17 21 0.02390554 
584 296 32 48 0.023888785 
-2 333 45 76 0.023490807 
307 269 28 45 0.02300661 
789 365 40 51 0.022477295 
89 426 18 20 0.021182656 
78 448 23 28 0.021090062 
217 477 44 66 0.020804498 
702 400 17 21 0.02025594 
846 332 39 52 0.02022585 
189 437 25 32 0.020170597 
