2_Demonstration_Protesters_2_221
364
708 372 47 87 0.99922097 
515 203 60 82 0.99917704 
7 201 44 81 0.99819946 
282 327 53 85 0.99802303 
573 143 53 69 0.99789184 
228 520 86 60 0.9965767 
386 55 36 47 0.99606377 
206 120 54 64 0.99395317 
692 95 34 50 0.99307066 
408 130 40 58 0.9826785 
831 124 32 53 0.98207515 
14 16 28 38 0.98158777 
924 183 37 59 0.9812717 
118 13 26 36 0.9750371 
740 182 49 69 0.97239697 
310 14 32 39 0.9713939 
911 109 36 51 0.97050494 
898 303 72 89 0.9621472 
715 6 29 28 0.95735264 
346 110 31 45 0.9569594 
959 72 28 35 0.95671564 
463 85 36 51 0.95509315 
858 172 39 51 0.95131856 
412 287 46 81 0.9512171 
724 56 34 39 0.9483237 
988 154 39 58 0.94531894 
234 76 39 50 0.9329828 
655 93 23 34 0.92914826 
86 174 36 67 0.91708714 
175 13 20 27 0.90882444 
442 65 32 39 0.90853643 
116 95 40 53 0.8846529 
673 57 33 41 0.87712735 
134 59 40 42 0.8555259 
746 144 34 52 0.84813184 
545 73 27 39 0.83173114 
291 126 40 53 0.7996553 
894 44 26 38 0.7736209 
42 3 26 28 0.74049383 
414 255 51 72 0.72177047 
-2 115 23 47 0.7012595 
427 29 29 38 0.6677607 
159 137 24 34 0.6622227 
775 329 66 76 0.64566624 
741 57 26 35 0.6297992 
507 44 26 31 0.60376906 
129 243 58 59 0.59958917 
402 215 43 67 0.57627743 
312 1 31 33 0.5633293 
994 2 23 23 0.55507916 
593 1 20 19 0.46636114 
194 124 39 55 0.45270213 
721 212 30 44 0.4276502 
189 398 70 81 0.42704698 
238 7 28 32 0.41777238 
247 0 26 26 0.41338927 
448 2 32 27 0.3759605 
484 134 34 48 0.3729651 
179 134 37 50 0.33044276 
470 137 30 45 0.32011724 
630 228 41 52 0.2810159 
0 86 23 59 0.27767065 
76 341 41 64 0.2652458 
25 331 33 53 0.26038867 
753 134 28 38 0.24097383 
921 -1 20 20 0.24038176 
382 189 32 51 0.23973288 
530 0 17 20 0.22191972 
71 312 46 60 0.2211333 
4 7 29 38 0.22050302 
331 118 36 52 0.2063388 
900 32 30 41 0.20451511 
678 239 35 42 0.20155418 
450 76 35 44 0.20023885 
32 11 29 32 0.20009834 
315 78 26 38 0.1983646 
741 112 26 41 0.19753489 
724 201 48 62 0.189396 
223 65 28 48 0.18446438 
815 92 24 26 0.1628456 
99 429 57 82 0.16281387 
249 123 45 58 0.15321502 
225 259 51 68 0.14878532 
435 16 33 35 0.14327183 
554 44 24 34 0.14109059 
553 56 29 40 0.14031528 
845 6 22 29 0.13914657 
1 7 15 21 0.1295598 
233 12 19 26 0.12820177 
163 135 36 48 0.12791435 
184 113 27 37 0.12250343 
510 86 24 28 0.12235276 
513 22 25 34 0.12015205 
466 71 30 37 0.11947572 
0 106 42 63 0.11920991 
224 100 57 71 0.11594992 
524 5 22 26 0.11552513 
630 171 30 46 0.114706665 
875 180 43 56 0.11408527 
628 0 20 15 0.11405329 
598 2 28 27 0.113060996 
672 73 33 46 0.11015175 
979 75 27 35 0.10870566 
870 211 44 57 0.103042334 
251 316 70 101 0.0981927 
844 76 24 28 0.0971335 
98 249 59 66 0.0968302 
523 433 50 62 0.094983734 
123 3 18 23 0.09404381 
729 108 27 41 0.09352254 
665 91 36 48 0.09325355 
905 0 16 14 0.092664324 
673 6 19 24 0.09208652 
701 0 31 29 0.09203889 
679 268 47 66 0.09111182 
598 80 30 37 0.08971561 
202 212 43 58 0.08637569 
438 44 32 40 0.085813366 
571 14 25 29 0.085261144 
779 0 17 18 0.08522327 
856 72 25 31 0.08411093 
131 -3 28 30 0.083935566 
410 13 25 31 0.08333559 
305 250 32 46 0.08058954 
901 0 26 25 0.07835383 
376 11 30 32 0.077905215 
557 40 18 22 0.07620024 
-3 356 27 49 0.07583371 
138 116 42 54 0.0747361 
185 10 17 22 0.07471807 
57 3 19 20 0.07433866 
379 202 43 65 0.07336699 
689 3 31 30 0.07323637 
295 33 31 38 0.073016964 
143 68 42 53 0.07173891 
234 128 38 52 0.06975572 
577 60 28 37 0.06934798 
984 42 22 28 0.06696395 
841 138 41 59 0.065529965 
735 157 25 39 0.06548547 
730 3 27 26 0.06388066 
976 1 27 25 0.06221774 
16 345 36 62 0.06136944 
235 143 51 59 0.060478475 
500 462 103 118 0.060201958 
173 122 31 43 0.05909402 
53 324 42 65 0.058805443 
682 65 41 52 0.057317156 
235 24 28 33 0.056562487 
1 283 27 38 0.056265883 
84 149 54 70 0.05538255 
522 16 18 22 0.055363674 
397 241 30 49 0.055037763 
481 -1 16 18 0.05428456 
247 16 29 35 0.054264717 
454 0 23 17 0.054085672 
300 166 26 35 0.053133987 
276 147 45 53 0.051191617 
984 272 42 61 0.051095143 
65 165 44 70 0.05027873 
963 66 41 52 0.05019467 
193 8 17 20 0.04982202 
426 70 29 36 0.048188053 
895 319 36 55 0.047652707 
857 11 14 19 0.047386378 
715 67 33 38 0.047329027 
383 3 42 42 0.045873616 
211 63 28 42 0.04569875 
22 0 13 12 0.045349956 
10 3 14 16 0.045131408 
537 7 17 24 0.045125436 
220 -2 23 22 0.04471008 
143 -4 28 29 0.04442821 
476 111 39 54 0.04440366 
745 2 24 24 0.044278525 
457 63 31 36 0.04420592 
178 97 32 40 0.043852065 
958 -3 51 42 0.043184515 
309 395 57 64 0.042990588 
642 141 26 40 0.04293748 
467 0 24 23 0.0428041 
409 16 41 47 0.0423226 
859 190 46 60 0.04226871 
532 111 25 39 0.041940156 
499 42 18 21 0.041611858 
33 30 27 35 0.040683374 
693 225 40 54 0.04059839 
155 253 40 55 0.0403148 
281 233 52 68 0.04022551 
382 10 18 21 0.039971847 
240 275 76 105 0.039928485 
159 60 28 36 0.039708547 
893 51 17 25 0.039494667 
158 120 29 38 0.03947832 
990 64 24 34 0.039276004 
753 50 16 22 0.039003137 
859 0 12 11 0.038954183 
681 296 51 70 0.038777906 
992 46 24 31 0.03830575 
180 6 15 19 0.038162027 
944 74 40 51 0.03800114 
259 2 24 22 0.037905052 
484 24 24 30 0.037679188 
501 428 84 104 0.037632782 
992 78 15 23 0.03745199 
517 56 25 34 0.037281144 
746 153 53 73 0.03717237 
583 17 17 24 0.03712765 
534 75 24 33 0.03642905 
366 23 28 34 0.03589282 
685 252 36 43 0.03583801 
365 6 27 30 0.035578787 
757 18 23 30 0.035345055 
977 0 16 13 0.035319652 
0 32 13 23 0.03525383 
906 276 58 71 0.035068575 
160 318 32 38 0.034783363 
309 141 35 44 0.034596503 
260 205 33 43 0.034399197 
946 138 30 38 0.03427152 
418 42 28 38 0.034218196 
248 240 54 69 0.03396117 
215 200 45 61 0.03389349 
100 31 23 28 0.033606414 
521 41 16 23 0.033433907 
587 6 16 23 0.033374432 
629 132 27 38 0.03281423 
201 199 33 46 0.03259727 
169 88 29 40 0.032280307 
597 94 19 24 0.03197944 
584 119 49 60 0.03128543 
423 55 28 39 0.03119116 
35 5 43 52 0.030950263 
587 67 29 38 0.03048928 
685 37 42 47 0.030483559 
12 11 49 57 0.030133285 
537 89 36 50 0.029900495 
560 3 30 32 0.02988329 
66 2 14 16 0.029653566 
615 0 28 23 0.029650351 
256 152 46 51 0.02949338 
49 24 17 21 0.029448062 
348 -1 18 14 0.029434392 
547 66 19 26 0.029433353 
1003 58 21 33 0.029425016 
783 377 34 66 0.02938365 
640 159 32 46 0.029267814 
298 73 31 42 0.029094892 
143 280 54 53 0.029001947 
658 83 17 21 0.02894447 
474 63 26 32 0.02850414 
236 5 17 20 0.027951289 
56 7 26 33 0.027864667 
546 116 29 38 0.02770741 
315 0 19 19 0.027569694 
554 68 38 50 0.027371798 
218 414 59 68 0.027346516 
810 0 16 18 0.027062586 
227 180 46 61 0.027044171 
446 36 30 33 0.027040005 
757 129 20 27 0.027022876 
444 1 20 19 0.026836483 
481 44 25 35 0.026749698 
-1 15 12 20 0.02658126 
655 228 43 56 0.026561033 
734 20 28 31 0.02637625 
1002 3 26 35 0.026168391 
56 297 75 97 0.026101345 
602 2 18 16 0.026070861 
648 253 20 27 0.026054539 
562 29 27 31 0.0260054 
167 149 39 56 0.0259759 
477 68 42 52 0.025965072 
520 101 26 35 0.025961436 
442 9 20 20 0.025734028 
700 11 30 35 0.025438895 
129 74 36 44 0.025292935 
402 266 33 50 0.025233148 
659 -2 23 24 0.025068745 
171 62 29 38 0.024904834 
327 439 79 117 0.024827335 
275 0 19 19 0.02481028 
646 100 27 37 0.024637759 
247 181 50 62 0.024086943 
455 141 33 46 0.02406677 
498 124 29 46 0.024031958 
584 95 29 34 0.024005093 
770 17 19 26 0.024001522 
602 13 20 24 0.02392243 
870 0 12 11 0.023910956 
503 61 31 41 0.023888862 
600 542 29 32 0.023832293 
304 41 32 42 0.02381389 
366 1 14 14 0.023672406 
175 72 34 42 0.023624502 
159 295 49 55 0.02350444 
40 125 30 40 0.023481544 
42 38 28 35 0.02342571 
398 192 34 49 0.02341356 
11 66 44 60 0.023395518 
572 10 19 20 0.023324097 
749 18 17 21 0.023280807 
856 146 47 61 0.023205893 
502 49 19 22 0.023167694 
371 31 33 41 0.023113856 
545 11 16 19 0.0231005 
496 91 41 51 0.022955094 
863 71 15 18 0.022923142 
341 153 30 35 0.02291977 
561 71 17 27 0.022890275 
610 222 45 59 0.022853175 
841 83 14 17 0.02284726 
100 191 37 52 0.022787344 
371 133 31 38 0.022712998 
49 27 30 37 0.022708777 
449 59 20 24 0.022588938 
1007 0 17 22 0.022472497 
609 25 26 32 0.022285853 
231 173 35 41 0.022223735 
680 3 22 22 0.022190865 
809 76 17 20 0.022175748 
25 412 35 48 0.02217373 
550 0 12 12 0.022113344 
3 225 29 61 0.022086758 
230 28 44 52 0.02208417 
707 214 29 40 0.022043955 
872 19 42 52 0.022042612 
289 103 46 56 0.02189515 
729 318 85 95 0.02175505 
395 0 19 19 0.021734556 
361 180 42 60 0.021599825 
649 140 38 51 0.021595588 
184 19 25 27 0.021469362 
984 -8 41 44 0.021395259 
876 0 14 13 0.021291105 
83 361 52 69 0.021244109 
16 479 56 91 0.02120448 
258 217 53 68 0.02113096 
353 0 23 22 0.021110252 
146 200 34 46 0.021044629 
161 229 58 67 0.0210414 
281 3 25 28 0.021008866 
554 0 18 19 0.020958634 
681 87 19 26 0.02088849 
726 37 30 37 0.020874914 
346 106 22 27 0.020839382 
935 1 30 30 0.020817306 
349 336 50 68 0.020716669 
788 48 24 29 0.020702397 
98 102 46 58 0.020685012 
203 356 58 74 0.020602109 
865 316 106 125 0.020560369 
987 37 17 21 0.020531109 
783 198 40 54 0.020527367 
838 117 15 24 0.020494176 
105 310 55 58 0.020471456 
304 419 59 71 0.02045409 
563 1 19 19 0.020384334 
752 67 16 23 0.02036021 
781 0 26 30 0.020319542 
204 317 54 73 0.02023281 
771 229 31 39 0.020169692 
810 81 24 28 0.0201681 
812 217 38 53 0.02016293 
