2_Demonstration_Political_Rally_2_204
394
765 386 12 15 0.9604289 
222 430 14 16 0.8817489 
405 390 10 13 0.8567836 
341 396 9 13 0.787807 
57 407 9 13 0.7052104 
497 398 10 13 0.6847024 
136 434 10 12 0.60671467 
384 394 10 14 0.6021731 
204 420 10 13 0.59198964 
578 391 9 12 0.46365246 
749 404 10 12 0.4520382 
644 374 10 13 0.43652317 
800 390 9 11 0.41267344 
464 391 10 13 0.39975962 
839 391 9 12 0.3797326 
278 402 10 12 0.32038182 
673 391 8 10 0.29822084 
924 391 7 9 0.28978723 
526 400 10 13 0.28503615 
320 392 11 14 0.27551785 
101 422 8 11 0.2597127 
861 388 9 12 0.25508565 
640 379 11 12 0.21676801 
481 390 10 12 0.19897433 
22 404 10 13 0.19637287 
977 412 8 11 0.1789203 
870 375 8 9 0.17747034 
119 430 9 11 0.1711111 
866 406 8 11 0.16810158 
1000 388 9 11 0.15767092 
663 391 7 10 0.15705253 
782 389 10 13 0.15625015 
425 391 9 12 0.15344709 
248 423 9 10 0.1521868 
700 379 9 12 0.14871198 
821 415 9 11 0.14182694 
223 425 11 12 0.13851725 
745 399 10 14 0.13623641 
565 405 9 11 0.13419637 
429 386 11 14 0.13174556 
727 407 10 12 0.13163953 
689 412 8 11 0.13125873 
487 398 9 12 0.12916248 
150 429 9 11 0.12900424 
903 389 9 10 0.12802699 
807 397 8 10 0.12664863 
418 299 25 29 0.124537975 
96 431 8 10 0.12435396 
169 431 9 12 0.119153224 
140 430 10 13 0.11734294 
113 422 8 10 0.11533602 
693 414 8 10 0.11286504 
284 403 11 13 0.111777276 
896 382 7 9 0.111061335 
622 399 9 12 0.10969679 
615 76 11 16 0.10969487 
191 429 9 10 0.103122875 
254 423 8 9 0.10273418 
551 385 8 10 0.102045186 
849 368 8 9 0.100419834 
89 431 8 11 0.09968175 
616 396 9 11 0.097117506 
274 399 9 13 0.0958353 
550 399 9 12 0.09422854 
116 424 9 10 0.09413915 
566 399 8 11 0.08887665 
204 428 11 13 0.08831332 
40 423 8 10 0.08761556 
401 393 12 16 0.08630899 
388 391 9 13 0.0861733 
981 408 9 11 0.08541542 
800 395 9 12 0.0847485 
805 392 9 11 0.08395287 
872 383 9 11 0.08359488 
711 416 8 10 0.08199379 
446 398 9 11 0.07953945 
468 395 9 12 0.07790286 
878 390 9 11 0.07641318 
843 388 11 12 0.07371684 
904 385 7 9 0.07276212 
567 383 8 10 0.072735414 
101 428 8 11 0.07261506 
704 421 10 11 0.07119429 
645 369 10 11 0.07066192 
1004 385 9 11 0.06987639 
400 366 11 14 0.06932038 
160 423 9 12 0.06907229 
771 384 11 14 0.06808694 
545 398 8 10 0.0664262 
822 421 9 11 0.06574853 
824 405 8 10 0.06539046 
936 438 9 11 0.06457257 
248 429 9 10 0.064470105 
848 373 9 11 0.06346588 
840 384 9 12 0.06319769 
521 399 9 11 0.062813066 
129 422 8 11 0.062399197 
938 385 7 9 0.061674748 
411 288 26 31 0.06100944 
176 403 10 12 0.06023537 
663 381 9 11 0.059564322 
313 396 9 14 0.058666646 
726 399 9 11 0.057066277 
294 405 10 12 0.056043737 
191 423 9 11 0.056023635 
622 390 10 12 0.055682894 
694 420 9 12 0.05520523 
376 395 11 15 0.05518524 
613 89 13 17 0.05493443 
241 421 10 12 0.05445699 
130 415 9 10 0.054210376 
942 384 8 9 0.05344232 
576 385 8 10 0.052854113 
482 395 10 13 0.052621815 
207 437 9 11 0.052325778 
114 429 9 11 0.05212259 
302 414 9 13 0.05207479 
734 415 9 10 0.051749233 
815 391 9 11 0.051480845 
411 389 10 13 0.050906513 
111 438 9 10 0.049725838 
417 373 9 12 0.049544346 
638 388 12 13 0.048369944 
897 378 7 9 0.04796585 
501 392 10 14 0.047841217 
134 424 10 11 0.04781462 
294 396 11 16 0.047388613 
592 383 8 10 0.04701079 
172 434 10 12 0.04673187 
532 397 11 13 0.04648524 
561 400 9 11 0.045795165 
455 388 11 14 0.045620687 
501 402 10 12 0.045332827 
336 392 18 22 0.04495987 
658 391 8 11 0.04492455 
876 384 9 10 0.044922575 
306 467 10 13 0.04490519 
583 386 8 10 0.044498306 
437 289 14 19 0.044223655 
404 369 12 15 0.04415296 
127 430 9 12 0.043965627 
704 416 9 10 0.043601464 
567 94 11 14 0.04358699 
415 367 9 11 0.04344115 
769 413 9 11 0.043394342 
736 421 8 11 0.042766716 
247 417 9 11 0.042613704 
830 414 9 11 0.042096756 
791 389 8 12 0.042067192 
910 383 8 10 0.042051025 
832 397 9 11 0.041975122 
710 420 8 11 0.04170395 
407 360 10 11 0.04167489 
887 392 9 11 0.04162626 
16 410 12 14 0.041328214 
102 417 9 11 0.04127097 
895 389 9 11 0.04111065 
413 290 15 17 0.04086373 
143 425 9 11 0.040505607 
581 405 11 12 0.040434863 
590 388 10 13 0.04038645 
879 396 9 11 0.040289674 
945 399 8 9 0.040148888 
534 389 10 13 0.040141717 
992 423 9 12 0.040003423 
181 400 9 11 0.039855156 
134 382 9 12 0.039626487 
534 382 10 11 0.039580576 
223 416 8 10 0.03954901 
912 376 8 9 0.03951394 
428 292 13 16 0.03948328 
926 385 7 9 0.039396167 
639 396 9 11 0.03902216 
662 396 9 10 0.03900822 
430 376 13 15 0.037959956 
426 311 16 17 0.037805047 
369 363 10 13 0.037510782 
399 403 11 12 0.037432615 
111 366 7 9 0.037376247 
273 421 9 12 0.03727718 
705 141 9 11 0.036972586 
617 80 15 19 0.03694049 
393 365 10 13 0.03688646 
565 411 10 12 0.036829427 
792 384 8 12 0.0367482 
993 383 9 12 0.036691 
582 414 11 14 0.035966907 
809 165 9 11 0.035942025 
641 358 8 9 0.0358449 
921 395 8 11 0.03574148 
87 423 8 11 0.03567819 
19 400 9 12 0.035675175 
81 423 8 11 0.03550109 
576 402 10 12 0.03526759 
192 437 10 11 0.035149697 
112 417 7 10 0.035127647 
829 182 8 11 0.034918875 
228 423 10 12 0.0347157 
609 396 9 11 0.034664825 
301 290 11 14 0.03450896 
246 437 9 10 0.034069438 
950 399 8 9 0.034009825 
423 366 9 11 0.033621192 
582 420 10 13 0.033396162 
729 367 7 10 0.03325874 
96 416 10 12 0.03317208 
284 411 11 14 0.033167567 
280 392 10 13 0.033124145 
641 367 10 12 0.032882623 
863 399 9 10 0.032748237 
624 382 10 12 0.03249274 
544 390 9 11 0.032256868 
921 440 7 9 0.032114867 
967 389 7 10 0.032031916 
768 406 9 12 0.031822834 
567 86 11 14 0.031730182 
993 376 7 9 0.031721957 
133 408 9 11 0.031713367 
135 388 9 11 0.031557143 
253 428 9 11 0.03154854 
509 397 9 11 0.03145796 
767 360 9 11 0.031359002 
531 404 10 12 0.0313438 
27 404 10 13 0.031245615 
184 429 8 11 0.031143751 
903 397 10 12 0.031038314 
240 437 9 11 0.030983288 
921 385 8 10 0.030970296 
840 206 9 11 0.030721061 
791 397 9 11 0.03053017 
654 128 8 11 0.030448439 
814 159 9 11 0.030448008 
176 422 9 11 0.03044145 
367 389 11 15 0.030400317 
944 389 8 9 0.030278493 
689 419 9 13 0.029983254 
999 421 11 14 0.029944966 
214 422 9 12 0.029880103 
622 355 9 11 0.029842244 
285 392 10 14 0.029793762 
297 413 9 13 0.0296467 
743 431 8 11 0.029571561 
94 436 8 10 0.029559003 
722 397 9 11 0.02935389 
399 360 10 12 0.029345568 
903 405 9 12 0.029248586 
528 391 10 12 0.029221235 
88 360 8 10 0.029149186 
926 406 8 10 0.029086946 
632 382 8 11 0.028892573 
373 359 10 12 0.028530419 
816 384 8 10 0.028473562 
910 399 9 10 0.028447008 
734 405 10 13 0.028436223 
300 403 13 16 0.028267931 
295 391 10 13 0.028240649 
381 398 14 17 0.028027155 
165 414 9 11 0.028020421 
518 481 8 10 0.027993733 
748 204 11 12 0.027989157 
640 370 17 21 0.027917095 
229 444 10 12 0.027844222 
741 382 8 11 0.027751157 
970 414 8 10 0.02769185 
609 75 10 15 0.027686683 
717 59 13 18 0.027683452 
240 416 9 11 0.027528815 
353 366 212 206 0.027406229 
511 381 10 12 0.027185155 
591 406 9 10 0.027174117 
575 386 17 22 0.027139861 
742 437 8 10 0.027030136 
433 413 10 13 0.027028367 
655 381 9 12 0.026970413 
918 375 6 9 0.026967928 
448 390 10 14 0.026502658 
429 360 11 11 0.026465928 
484 383 12 14 0.02619963 
167 406 10 12 0.026195692 
57 402 17 22 0.02595622 
729 357 8 10 0.02592456 
928 440 8 10 0.025898166 
657 397 9 11 0.025857814 
568 390 9 11 0.025837146 
113 456 9 12 0.025785059 
829 405 9 10 0.025760826 
960 385 7 9 0.02560667 
911 405 8 11 0.025463384 
857 384 10 12 0.025356917 
542 478 9 11 0.025311282 
745 395 18 23 0.025227422 
494 393 17 22 0.025221374 
482 404 10 13 0.025010468 
853 374 8 9 0.024922913 
598 397 10 11 0.024863813 
925 396 8 10 0.024828622 
518 391 9 12 0.024731504 
641 470 9 11 0.024594584 
1 712 54 63 0.024579465 
183 423 9 11 0.024382513 
701 173 10 13 0.024352299 
368 395 12 16 0.024308784 
815 396 8 12 0.02422228 
855 220 11 12 0.024210364 
318 391 18 22 0.024133157 
903 376 8 9 0.024076475 
907 54 14 17 0.02407416 
885 212 11 12 0.024056654 
1004 417 14 16 0.024055758 
81 427 9 12 0.023898693 
424 381 11 15 0.02380826 
559 383 8 10 0.023682954 
961 389 8 10 0.023641132 
390 415 11 13 0.023538094 
721 392 8 11 0.02352626 
1015 382 8 10 0.023312347 
510 376 9 11 0.023252726 
485 411 10 12 0.02324028 
609 91 10 16 0.023165213 
958 400 8 8 0.023085315 
597 383 9 11 0.02304503 
89 365 8 9 0.02303012 
632 389 8 12 0.022962756 
454 395 11 13 0.022918515 
39 427 10 13 0.022724882 
841 168 8 10 0.022703325 
432 480 8 10 0.022672905 
413 359 9 12 0.022645686 
128 436 9 11 0.02260896 
736 430 9 12 0.02252342 
734 397 11 14 0.022478418 
200 415 18 22 0.02247418 
968 368 8 9 0.022340298 
807 143 9 12 0.022338914 
654 374 9 12 0.022283396 
765 151 8 10 0.022256924 
710 38 9 11 0.022081563 
597 389 11 14 0.022035912 
870 437 8 11 0.022027493 
639 110 9 12 0.022020472 
557 477 9 10 0.021998469 
824 167 8 9 0.021985207 
510 389 12 15 0.02198432 
426 377 19 24 0.02197977 
866 368 8 10 0.021910204 
232 397 8 12 0.021848237 
297 419 9 12 0.021792186 
444 462 10 12 0.021776138 
535 377 8 11 0.021732604 
697 134 9 11 0.02170414 
743 422 7 10 0.021659756 
437 478 9 11 0.021651113 
1014 445 8 12 0.021633506 
381 420 12 13 0.021616703 
439 276 11 14 0.021587942 
240 429 10 12 0.021568375 
855 413 9 12 0.021565221 
103 438 9 10 0.021501174 
422 281 25 31 0.021495266 
463 384 10 13 0.021453151 
279 412 11 13 0.021243762 
716 45 10 13 0.021202859 
991 397 8 10 0.021192979 
559 390 8 10 0.021192668 
844 397 10 12 0.021190519 
224 455 10 12 0.021164443 
951 383 7 10 0.02113125 
452 383 13 15 0.021050373 
772 405 11 13 0.021037836 
894 454 8 9 0.020980256 
870 399 9 11 0.020956166 
771 392 13 16 0.020947527 
966 238 9 12 0.020872625 
437 389 10 14 0.020773368 
414 394 10 12 0.02068282 
415 412 9 12 0.020518096 
231 416 8 10 0.020460773 
434 380 11 16 0.02044802 
670 384 8 11 0.020417517 
152 381 9 12 0.020372167 
975 384 8 10 0.020252239 
67 406 9 12 0.020248711 
51 406 10 13 0.020229252 
793 143 8 10 0.020187242 
676 395 10 12 0.020163918 
998 443 10 14 0.020163313 
719 423 8 10 0.02010496 
853 368 9 10 0.02010342 
646 116 8 12 0.020100953 
807 414 9 11 0.02008681 
44 421 10 13 0.020065214 
719 85 9 11 0.020047072 
893 395 11 13 0.02001459 
654 405 9 10 0.020001728 
