2_Demonstration_Demonstrators_2_231
63
494 412 116 172 0.99969435 
40 460 56 71 0.99954224 
924 425 46 57 0.99821705 
227 459 48 63 0.99660563 
980 418 16 21 0.9758169 
267 478 39 49 0.85667527 
138 466 18 22 0.7468376 
95 467 15 20 0.53473073 
874 290 15 20 0.17342733 
748 258 10 14 0.16181785 
903 437 12 17 0.16133791 
748 318 14 17 0.15271336 
1012 431 12 23 0.13114427 
745 226 11 14 0.10327885 
24 760 9 11 0.09655053 
873 324 11 13 0.08407274 
339 438 132 237 0.073726825 
969 259 10 12 0.057993386 
873 395 11 13 0.05573479 
683 77 21 27 0.055585317 
747 291 13 16 0.052740026 
382 346 25 34 0.050817512 
984 217 28 35 0.049201835 
8 757 8 10 0.047579195 
886 184 10 14 0.046116058 
821 186 12 14 0.044985447 
126 462 20 27 0.0423712 
97 483 28 36 0.042241406 
779 237 19 26 0.041907236 
857 204 10 15 0.03960003 
117 468 11 16 0.03897164 
358 459 13 19 0.038086068 
393 271 68 77 0.03727792 
157 470 11 14 0.03661303 
357 451 24 39 0.036294267 
777 16 17 24 0.033949863 
879 173 10 12 0.032560468 
90 472 25 33 0.032389507 
24 839 11 13 0.032218985 
995 232 15 19 0.03208982 
184 619 45 63 0.031951584 
111 468 10 14 0.031695724 
640 445 10 13 0.030429903 
344 418 15 21 0.029175604 
782 471 9 11 0.029153014 
23 753 8 10 0.027446836 
974 198 46 58 0.026901105 
879 180 12 15 0.026195386 
872 422 12 15 0.02594782 
871 357 14 16 0.025476746 
830 366 9 11 0.024904652 
828 2 15 17 0.02472695 
896 442 11 15 0.024188193 
358 445 43 71 0.023336919 
343 256 94 115 0.02243301 
350 419 91 162 0.022356588 
127 458 38 47 0.022262342 
665 437 8 10 0.02198121 
276 5 16 20 0.021242276 
893 451 11 16 0.021051643 
7 835 8 12 0.020746749 
133 479 16 21 0.020190228 
107 491 15 21 0.020001221 
