2_Demonstration_Demonstration_Or_Protest_2_795
127
453 439 134 150 0.99987984 
621 148 10 14 0.56426936 
408 144 10 12 0.44922033 
262 136 8 11 0.3856184 
677 150 9 11 0.32233536 
751 144 14 16 0.31599128 
445 139 11 13 0.16157316 
462 130 13 16 0.13835758 
617 144 10 12 0.11852128 
223 136 9 11 0.1105974 
258 135 9 12 0.090938814 
135 141 7 10 0.089664675 
574 135 10 12 0.08901844 
47 190 11 14 0.08092142 
589 139 11 13 0.07798308 
237 141 9 12 0.070985034 
747 141 10 13 0.0705192 
720 141 7 11 0.069714874 
553 137 9 12 0.060944416 
368 140 9 11 0.060698472 
93 144 7 9 0.05933457 
679 144 8 11 0.05853617 
657 141 9 10 0.05795844 
679 135 7 9 0.056755923 
656 150 10 12 0.05365319 
656 134 9 11 0.05053227 
106 143 7 9 0.049722753 
656 128 7 9 0.049251925 
617 155 9 11 0.048831392 
662 142 7 10 0.04851188 
688 141 9 11 0.04804751 
765 274 18 19 0.047722984 
165 151 9 12 0.046495054 
584 136 10 13 0.046334423 
233 141 8 11 0.044937033 
678 155 9 11 0.04490005 
480 178 17 19 0.04362419 
286 171 9 11 0.043309074 
206 457 29 34 0.04308623 
629 150 8 11 0.041722625 
87 170 10 14 0.039048392 
693 157 10 12 0.03838755 
630 157 7 9 0.03824543 
694 143 10 11 0.038140066 
527 139 10 12 0.037357572 
334 140 8 11 0.03641595 
673 145 8 9 0.03593583 
334 128 8 11 0.034837745 
384 134 10 12 0.034796074 
628 143 8 10 0.03473373 
516 184 20 20 0.03460061 
569 141 9 11 0.034443326 
106 148 8 10 0.033890557 
638 152 8 10 0.033538546 
346 151 8 10 0.03339865 
570 136 8 11 0.03325505 
492 212 50 61 0.03279378 
422 143 8 10 0.032791764 
281 168 9 11 0.03264612 
151 143 8 10 0.032394044 
333 133 9 12 0.032374598 
728 141 9 11 0.032146506 
256 139 10 13 0.03187626 
32 190 10 12 0.031144865 
226 562 23 31 0.03087325 
89 149 8 10 0.030678634 
303 142 9 11 0.030621782 
262 168 8 10 0.030560188 
765 142 10 13 0.029511452 
847 91 42 58 0.029301273 
747 142 23 27 0.02894039 
674 134 7 10 0.02838424 
20 173 11 13 0.02760509 
131 141 8 10 0.027554 
304 136 7 9 0.027547497 
648 142 8 10 0.027250364 
534 137 8 10 0.027038174 
732 142 9 12 0.026781047 
690 157 8 10 0.026767965 
72 143 7 9 0.02668351 
444 144 14 16 0.026514674 
345 134 9 11 0.026496906 
499 215 29 34 0.02592077 
606 142 9 11 0.025676517 
825 108 49 71 0.025498088 
710 134 8 10 0.024924934 
249 148 8 11 0.02467198 
374 142 8 10 0.024575174 
402 142 8 12 0.024502553 
471 186 12 15 0.024482604 
674 129 7 10 0.024356917 
649 157 8 11 0.024326427 
345 119 8 10 0.024108788 
755 135 13 17 0.023848781 
309 142 8 11 0.023771115 
231 137 9 11 0.023770723 
727 164 8 11 0.0237226 
649 191 8 10 0.02364279 
614 166 9 11 0.023483967 
176 167 9 12 0.023419823 
687 137 8 10 0.023390647 
295 169 8 11 0.023260012 
688 151 9 11 0.023201322 
146 151 7 10 0.022854023 
598 136 8 10 0.02241938 
60 179 12 15 0.022392385 
708 157 9 12 0.022253413 
232 150 9 11 0.022220604 
160 154 11 14 0.022065867 
23 159 11 13 0.021719627 
93 165 11 14 0.021670092 
102 166 12 15 0.021395996 
23 166 10 12 0.0212778 
298 143 8 11 0.021179698 
592 187 10 13 0.021123776 
687 197 8 11 0.020918462 
728 159 9 11 0.02079711 
671 168 8 10 0.020755025 
688 191 8 11 0.020544343 
145 143 7 9 0.020536227 
661 157 9 10 0.020515759 
256 167 9 11 0.020298852 
483 141 15 18 0.020280872 
294 184 8 10 0.020225555 
93 148 9 10 0.020168463 
731 148 11 14 0.020163804 
48 184 10 13 0.020137584 
