2_Demonstration_Demonstration_Or_Protest_2_665
87
471 438 220 306 0.9998512 
387 560 104 149 0.99525934 
795 563 67 106 0.9852572 
769 468 16 21 0.93884206 
846 492 48 100 0.9135896 
712 585 55 78 0.7462807 
165 385 29 60 0.73926884 
329 575 39 52 0.7248733 
157 426 59 88 0.47454032 
158 394 46 75 0.4078022 
664 995 13 20 0.288951 
700 1080 24 32 0.24790463 
796 514 17 23 0.15869501 
180 457 35 55 0.14442807 
686 993 15 21 0.11406633 
408 500 172 241 0.10818325 
517 1277 19 19 0.10018503 
678 560 85 123 0.08942222 
656 1101 13 15 0.08820842 
667 999 20 25 0.087007575 
260 417 24 32 0.08601239 
564 1116 17 21 0.0823248 
818 538 57 102 0.07295667 
677 1278 15 16 0.057989523 
628 1192 41 52 0.057395607 
881 498 86 119 0.055610586 
546 1128 16 18 0.055474564 
296 604 31 48 0.054870978 
275 427 13 18 0.04962661 
919 490 79 115 0.04871848 
185 396 45 66 0.04766331 
692 991 11 16 0.046926778 
104 135 120 124 0.0452145 
339 628 38 46 0.045061994 
831 485 9 13 0.044965666 
589 1108 15 21 0.042963877 
738 984 15 20 0.040031683 
795 497 21 29 0.03687896 
674 1005 18 21 0.036285903 
772 536 22 28 0.036179032 
497 369 24 33 0.035079513 
333 604 35 50 0.034936763 
316 588 39 52 0.033654302 
719 514 13 16 0.0331195 
716 976 14 19 0.032062426 
669 1102 13 14 0.032054517 
526 1141 16 17 0.03192618 
352 572 87 108 0.031387314 
739 1022 16 21 0.031103844 
783 496 35 48 0.030280473 
840 503 35 61 0.030220987 
708 1278 16 18 0.02985406 
780 532 15 17 0.029732343 
716 523 12 17 0.029403446 
684 1073 23 29 0.029091867 
93 39 185 227 0.028896118 
710 1241 11 14 0.028887976 
669 1073 14 16 0.028419962 
619 1093 13 18 0.027985282 
319 571 76 95 0.027953781 
130 156 73 69 0.02774118 
896 1102 34 46 0.027205022 
598 1009 14 23 0.026154421 
850 608 31 48 0.02601753 
924 798 102 162 0.025491184 
727 1013 9 12 0.024918266 
784 518 25 31 0.024554161 
709 527 15 18 0.024505585 
908 540 70 87 0.024366673 
972 846 49 105 0.024298102 
682 1071 39 49 0.02424352 
978 1108 26 37 0.02382241 
497 986 35 47 0.023231968 
800 521 21 32 0.022885801 
730 514 15 17 0.022442268 
678 998 20 24 0.02243956 
505 1234 17 20 0.022334872 
789 526 15 19 0.022203626 
186 446 57 75 0.022193955 
655 1097 21 24 0.021854116 
667 1066 23 27 0.021766806 
507 1159 25 29 0.021251123 
460 1268 27 29 0.021201009 
733 474 13 18 0.020599827 
742 509 11 14 0.020413416 
267 430 15 21 0.020268647 
724 511 12 14 0.020100415 
