2_Demonstration_Protesters_2_826
222
893 239 61 75 0.9995334 
627 72 32 45 0.99937004 
706 203 49 70 0.9988524 
604 140 36 43 0.9981889 
544 168 43 54 0.996903 
580 76 26 32 0.97967416 
56 86 29 40 0.96411294 
498 148 28 39 0.95741653 
517 68 13 18 0.92782366 
227 101 18 22 0.8945869 
179 114 15 21 0.8800063 
545 104 17 24 0.8398137 
424 83 17 24 0.7582635 
210 81 17 20 0.6634472 
519 124 20 24 0.57504416 
91 82 12 16 0.5286405 
256 68 10 12 0.49774265 
562 55 21 27 0.47731876 
686 68 13 16 0.41423243 
386 82 15 19 0.40933412 
617 67 13 16 0.36891207 
141 102 13 16 0.31041047 
536 75 12 14 0.30177394 
181 86 8 11 0.28299445 
200 108 11 17 0.2764753 
552 66 11 15 0.26824668 
509 132 27 36 0.24734576 
26 98 31 37 0.24085107 
359 88 21 26 0.23165691 
400 56 7 10 0.22627087 
545 32 8 10 0.22012466 
415 105 12 17 0.1882044 
405 89 10 14 0.16937447 
685 72 16 24 0.16383427 
435 136 27 34 0.14755458 
401 184 35 54 0.13539769 
99 85 12 14 0.12906913 
780 87 12 16 0.124756135 
399 86 10 12 0.123615585 
315 100 15 19 0.123060666 
488 77 11 14 0.122573495 
376 364 52 80 0.12221433 
131 99 15 18 0.113433875 
412 62 9 12 0.11188089 
372 189 51 58 0.11143401 
450 136 26 32 0.10565462 
369 89 15 19 0.10500778 
334 136 28 38 0.09703711 
504 65 11 14 0.09580092 
234 74 10 14 0.09246393 
576 67 24 30 0.09078019 
252 70 23 32 0.08869682 
869 62 14 16 0.08388871 
676 55 10 13 0.08293871 
423 77 15 20 0.082814835 
40 92 32 39 0.08014997 
254 44 8 11 0.07892155 
455 56 8 11 0.078482285 
0 128 10 18 0.07623947 
455 147 26 35 0.07140507 
148 106 11 15 0.07117161 
86 79 19 25 0.07068983 
431 90 16 19 0.06870636 
152 84 10 12 0.0678629 
255 73 14 19 0.06635422 
137 132 12 15 0.062419437 
311 94 11 15 0.061732184 
353 64 7 8 0.060573358 
684 80 21 29 0.060544763 
213 89 21 25 0.060217686 
465 154 25 30 0.059649356 
529 110 22 25 0.058368128 
618 68 28 37 0.05792633 
1002 167 8 12 0.05778045 
324 100 14 19 0.056334898 
121 99 12 16 0.054549243 
279 39 10 12 0.054448605 
852 92 23 34 0.053789057 
551 61 21 27 0.05326396 
200 78 21 27 0.053222973 
491 83 10 13 0.052278247 
993 159 7 9 0.052213322 
677 82 13 19 0.051693387 
455 60 10 13 0.050125096 
349 134 12 16 0.049671136 
540 70 12 16 0.048670877 
449 54 9 11 0.048504274 
883 80 13 16 0.04826659 
442 93 13 17 0.048250563 
466 97 16 22 0.04781672 
416 193 32 44 0.046591822 
487 72 8 11 0.04521104 
175 98 23 33 0.045154348 
175 110 13 18 0.045130666 
552 100 23 28 0.044938475 
27 104 19 22 0.044175435 
332 100 12 17 0.044132564 
157 80 8 10 0.04345568 
459 84 21 28 0.042628188 
670 83 13 19 0.04246288 
199 81 13 17 0.04229645 
321 37 9 12 0.04203355 
887 51 11 14 0.041890696 
68 82 24 33 0.04127439 
1014 182 7 10 0.040770777 
392 62 9 11 0.03840219 
562 99 16 21 0.038117453 
361 336 86 128 0.03773833 
412 68 10 12 0.03742675 
624 32 11 14 0.037313726 
59 14 13 17 0.03728163 
376 30 7 9 0.03714064 
215 101 22 27 0.0366984 
262 43 9 11 0.03666073 
193 106 19 26 0.036036085 
365 125 14 17 0.03559523 
522 61 13 16 0.035414264 
413 56 9 11 0.035364613 
503 170 31 40 0.035278253 
1006 172 8 10 0.03516481 
406 99 13 20 0.034898035 
734 62 11 15 0.03453018 
21 11 27 31 0.034468915 
203 110 14 20 0.03402483 
949 80 10 13 0.03389284 
126 95 15 18 0.0338237 
442 103 16 19 0.03380545 
334 93 11 16 0.033665482 
481 62 9 11 0.032996763 
1002 183 8 10 0.032909445 
218 80 12 14 0.03274606 
526 54 10 12 0.032331165 
519 110 12 16 0.032213006 
353 89 11 17 0.032206602 
193 77 10 12 0.032107256 
406 55 9 12 0.03182625 
211 157 25 29 0.031576924 
207 70 10 13 0.031297863 
476 99 16 22 0.0311858 
455 72 22 26 0.030778224 
529 46 8 11 0.030600602 
861 84 14 17 0.0304996 
285 40 8 10 0.030010259 
458 132 17 21 0.029704519 
454 69 12 17 0.029703422 
273 39 9 11 0.029456683 
340 137 17 23 0.029331565 
186 107 17 24 0.029302683 
529 31 7 10 0.029241193 
424 54 8 11 0.029105874 
597 60 15 18 0.028682131 
667 220 37 59 0.028084757 
419 93 16 23 0.027356619 
47 3 12 15 0.027130917 
693 83 21 31 0.027077032 
316 109 17 20 0.026804335 
545 139 30 34 0.026586086 
485 99 14 23 0.02648202 
384 5 97 121 0.026441818 
327 94 11 16 0.026338173 
589 69 24 30 0.026155373 
913 75 14 17 0.026148573 
249 81 10 17 0.026043916 
517 117 16 21 0.025804533 
501 74 13 17 0.025662635 
480 69 11 15 0.025538893 
729 132 10 13 0.025496868 
53 5 11 13 0.025494644 
167 107 12 15 0.02545883 
506 148 39 53 0.025222283 
405 325 96 137 0.02505969 
333 145 17 24 0.024913989 
550 54 11 13 0.024842368 
155 108 13 16 0.024789881 
46 10 25 32 0.024719987 
466 138 15 21 0.024636641 
271 61 10 13 0.02457731 
397 67 12 14 0.02436792 
173 130 14 18 0.024273692 
692 104 13 18 0.024271898 
1011 89 11 18 0.024077525 
485 111 13 20 0.023786858 
333 61 8 10 0.02369733 
701 105 12 17 0.023677403 
449 70 11 14 0.023329757 
395 55 8 10 0.023222167 
920 60 13 15 0.02317872 
355 130 13 16 0.022949457 
0 125 18 31 0.022768019 
690 62 12 15 0.022649681 
825 414 29 34 0.02250627 
358 63 7 9 0.022475934 
687 97 14 20 0.022334468 
529 37 8 10 0.022306925 
559 53 16 20 0.022275496 
495 54 8 11 0.022199484 
390 69 11 14 0.022036806 
452 125 15 18 0.022019856 
438 122 27 32 0.021865949 
866 73 15 19 0.02183073 
996 289 28 48 0.021640934 
858 82 22 30 0.021571692 
450 59 9 13 0.021376757 
663 160 39 53 0.021257468 
512 122 16 22 0.021185631 
421 138 27 35 0.021104703 
407 47 8 10 0.02100768 
259 64 11 13 0.020949427 
596 67 15 19 0.020918095 
357 185 35 37 0.020894589 
400 86 20 27 0.02086431 
384 86 23 30 0.020840429 
131 112 17 19 0.020686122 
284 74 12 18 0.020618768 
191 82 11 15 0.02060827 
329 61 8 11 0.020527901 
175 89 12 16 0.020477334 
140 111 16 18 0.020423172 
176 80 18 23 0.020365473 
134 128 21 24 0.020247744 
1007 184 8 10 0.020106941 
1003 189 8 11 0.02008152 
