2_Demonstration_Protesters_2_577
32
809 546 25 31 0.99904627 
477 446 19 24 0.98082435 
608 559 18 22 0.96986604 
163 466 21 26 0.9493 
101 453 15 18 0.21195352 
202 454 25 29 0.089768924 
327 378 16 21 0.07812715 
565 628 31 33 0.0752242 
93 457 22 26 0.059644863 
164 442 15 17 0.05375298 
85 460 16 18 0.051248312 
135 451 12 16 0.045490555 
344 539 12 15 0.030855656 
116 484 11 13 0.030034032 
855 526 10 12 0.02975131 
395 529 13 15 0.029740065 
218 445 13 17 0.028522361 
787 566 14 17 0.027786104 
781 548 12 17 0.027755015 
906 531 14 16 0.027607745 
570 637 33 37 0.025519732 
454 448 12 16 0.025366971 
1 408 13 22 0.024755672 
235 378 112 128 0.024353962 
655 542 13 14 0.023038726 
332 539 12 16 0.022055568 
723 740 31 28 0.021916097 
194 443 26 32 0.021607772 
871 534 11 13 0.02085994 
209 449 19 22 0.020244759 
443 712 25 32 0.020174434 
107 447 12 16 0.020029841 
