2_Demonstration_Political_Rally_2_609
742
156 145 29 38 0.9992507 
636 392 14 18 0.9919218 
965 450 14 17 0.9760296 
749 371 12 16 0.97011125 
809 544 22 27 0.96778786 
127 251 80 138 0.9628655 
941 375 14 18 0.95792824 
997 350 15 18 0.9559762 
510 340 12 15 0.9290035 
757 449 14 18 0.91885364 
888 457 16 20 0.91716605 
691 412 14 17 0.90188235 
790 437 14 18 0.89573437 
909 431 15 19 0.89465994 
676 403 13 16 0.89036113 
982 489 17 20 0.8790538 
765 564 25 31 0.87588114 
712 405 11 16 0.8671429 
461 365 12 16 0.8594484 
589 388 13 17 0.8454062 
852 520 15 19 0.81661063 
758 323 12 15 0.8127797 
848 557 21 26 0.8086261 
995 376 15 20 0.80643004 
731 516 17 21 0.792334 
967 347 15 18 0.7862884 
939 575 14 19 0.78301626 
555 364 12 16 0.77131605 
772 494 16 19 0.76253444 
851 395 13 16 0.76012313 
608 327 12 14 0.7512082 
993 467 13 17 0.7475333 
783 465 14 18 0.7418282 
722 425 13 17 0.72222245 
755 506 12 16 0.7194278 
644 429 14 16 0.7095238 
448 343 11 14 0.6992027 
739 401 12 16 0.6943819 
923 491 16 20 0.6640101 
664 319 13 15 0.64402115 
384 399 12 15 0.63167673 
903 475 14 18 0.62388617 
811 451 14 19 0.6215453 
648 327 10 13 0.6132804 
820 405 13 16 0.6005165 
772 409 12 16 0.5997848 
477 409 12 17 0.5966973 
391 363 11 14 0.5950037 
643 348 11 15 0.58765894 
878 362 13 16 0.55509037 
491 389 13 16 0.5279148 
413 439 11 13 0.526752 
940 464 13 18 0.52043116 
420 390 12 15 0.5035064 
851 485 16 21 0.5007745 
844 425 13 16 0.47027645 
322 372 13 16 0.46304905 
771 526 12 16 0.46098748 
536 341 9 12 0.46044007 
967 410 14 18 0.45013434 
484 408 12 14 0.4490895 
620 429 10 13 0.44585553 
865 475 16 20 0.43040195 
891 551 15 20 0.4209228 
470 342 12 15 0.4086038 
743 475 14 19 0.3924079 
749 539 15 20 0.39239845 
597 320 9 12 0.3887062 
442 406 13 16 0.38145533 
806 280 10 13 0.3719574 
226 402 41 47 0.35794494 
743 615 28 32 0.3548119 
823 355 13 17 0.3465613 
533 400 13 16 0.34570256 
455 388 11 14 0.33961317 
719 458 14 17 0.33852848 
414 357 11 13 0.33582637 
707 386 13 16 0.33579668 
491 341 11 14 0.33205256 
965 620 13 17 0.33152768 
908 510 17 20 0.33039516 
812 324 15 18 0.31473932 
700 285 12 16 0.31027812 
696 355 12 15 0.30889925 
670 351 10 13 0.30436155 
597 342 12 14 0.30110407 
819 458 13 17 0.29756403 
800 299 10 12 0.2931572 
718 300 10 13 0.2909937 
884 392 13 16 0.2888901 
806 358 13 16 0.2756273 
438 431 11 13 0.2712496 
941 522 15 18 0.2637483 
357 382 11 14 0.24706355 
408 418 12 14 0.23502903 
555 346 11 14 0.23093091 
557 323 11 14 0.22642516 
389 445 11 13 0.21919115 
912 330 14 18 0.21671195 
796 405 13 15 0.2096761 
860 617 14 18 0.19754916 
605 470 18 22 0.1911739 
769 595 28 35 0.18743008 
830 476 13 16 0.181013 
612 366 10 14 0.17439538 
581 440 13 17 0.17294699 
717 478 11 15 0.17278673 
573 442 13 16 0.16230635 
891 540 19 23 0.16032676 
591 416 11 15 0.15877847 
946 507 14 18 0.15817241 
428 291 11 13 0.15783618 
496 306 10 14 0.15602574 
824 433 12 15 0.15488179 
478 324 10 12 0.15442225 
366 311 8 11 0.15402947 
734 428 11 14 0.15339424 
869 417 13 16 0.14976224 
752 278 12 14 0.1496999 
393 334 10 12 0.14901586 
989 567 14 16 0.14263509 
817 295 9 11 0.14232571 
687 496 13 15 0.1407848 
564 443 16 19 0.13932261 
857 480 18 23 0.13525918 
956 528 16 19 0.13476332 
866 523 15 19 0.13329965 
344 359 11 14 0.13324061 
850 610 14 20 0.13106057 
835 478 12 15 0.1293373 
507 515 38 45 0.12853988 
576 394 12 14 0.12647466 
756 570 25 34 0.12200098 
575 411 10 12 0.12074055 
668 299 11 13 0.1179059 
554 442 18 19 0.11663919 
826 578 18 22 0.11380542 
958 478 11 15 0.112335384 
723 550 19 22 0.11137801 
812 357 12 16 0.11005533 
901 357 11 14 0.10882733 
790 526 15 18 0.10838777 
708 315 11 13 0.10597547 
672 372 11 14 0.103805855 
417 304 9 12 0.10361254 
472 271 11 12 0.102685004 
439 333 11 13 0.10145488 
460 307 12 14 0.10061258 
742 287 10 13 0.10060518 
709 428 10 13 0.09782606 
381 461 8 10 0.09772094 
772 295 11 14 0.09740903 
70 489 208 213 0.09603837 
901 601 13 18 0.09551906 
354 325 9 11 0.09489008 
383 348 11 12 0.09345363 
352 429 11 16 0.093409605 
125 237 53 91 0.09280369 
904 513 13 17 0.09047744 
304 362 11 13 0.08987729 
550 322 12 15 0.08975792 
916 496 18 20 0.08969278 
517 316 10 13 0.08945583 
790 386 12 15 0.08909699 
710 436 12 15 0.087902926 
452 481 14 16 0.08779403 
1013 478 11 17 0.087521255 
476 526 14 18 0.08750175 
422 534 46 59 0.08730788 
727 316 12 16 0.084867135 
438 278 9 10 0.08465127 
599 322 11 14 0.08399122 
994 331 13 15 0.083255894 
620 342 13 15 0.08312025 
454 446 11 15 0.08195656 
726 311 10 12 0.08113767 
429 393 11 14 0.080725126 
704 428 10 14 0.080544405 
629 334 9 11 0.08049671 
467 372 12 16 0.080273084 
603 347 12 14 0.07986562 
622 423 12 16 0.07981107 
790 410 14 16 0.07975136 
587 436 12 17 0.07899246 
930 654 12 15 0.078963794 
621 451 15 19 0.07869785 
471 406 14 17 0.07846978 
549 436 14 18 0.07834509 
456 422 10 13 0.07697018 
909 576 14 19 0.07371404 
1010 181 10 14 0.073183574 
709 398 13 17 0.07294098 
618 469 16 19 0.072808996 
719 262 10 12 0.07274461 
648 432 16 19 0.07238003 
333 356 10 13 0.07152517 
566 364 11 14 0.07112691 
665 295 10 13 0.0710067 
500 365 10 14 0.07094263 
543 319 11 14 0.06901432 
878 118 10 10 0.067577705 
724 499 10 13 0.06718333 
652 307 11 14 0.06661971 
432 435 10 13 0.06642857 
846 390 14 17 0.066356674 
614 300 13 14 0.06469231 
615 345 12 15 0.064594395 
969 624 13 18 0.06387975 
651 330 12 15 0.06338418 
386 439 10 12 0.06302344 
844 431 15 19 0.062314186 
845 443 12 17 0.06222495 
620 298 12 15 0.061871354 
309 441 10 13 0.0609283 
616 396 11 14 0.060882434 
832 237 10 13 0.0604916 
597 412 12 16 0.060363743 
516 299 10 12 0.059998225 
549 423 12 16 0.059616696 
399 347 10 13 0.059198305 
945 514 16 20 0.058838475 
652 406 11 14 0.058554545 
703 313 10 12 0.05836006 
854 371 13 16 0.05835509 
757 302 9 12 0.05826214 
790 531 21 27 0.05772352 
804 294 10 13 0.057632513 
932 636 10 12 0.057556044 
35 235 91 135 0.057435438 
742 544 17 19 0.056857843 
582 356 11 14 0.056610446 
1008 295 11 13 0.05613246 
748 611 18 21 0.05601849 
681 404 14 17 0.0559992 
341 307 10 14 0.055444688 
391 293 9 11 0.05539545 
472 336 11 13 0.055121925 
398 278 9 11 0.05484607 
621 397 11 14 0.054673646 
717 465 14 18 0.054600347 
352 376 9 12 0.054558355 
666 507 14 19 0.054257922 
766 318 10 14 0.054228924 
1000 191 9 10 0.05384803 
128 241 30 37 0.053809017 
572 371 11 14 0.053691484 
614 389 11 13 0.053581644 
785 570 13 18 0.053578503 
517 397 11 14 0.053339653 
375 280 8 10 0.05327307 
860 365 12 15 0.053159967 
422 438 9 12 0.053094167 
672 459 12 16 0.05271052 
919 404 13 17 0.052477945 
789 316 16 19 0.05203063 
753 584 26 33 0.051991202 
958 135 8 10 0.051886927 
646 362 9 13 0.0517397 
812 278 9 12 0.051540833 
739 429 9 12 0.05146693 
603 409 12 16 0.051340584 
535 316 9 12 0.051245283 
997 144 9 12 0.05101293 
978 190 13 16 0.05062202 
397 341 9 13 0.050504196 
436 390 11 13 0.050477862 
862 347 11 14 0.04998023 
544 279 9 11 0.04996008 
475 333 12 14 0.04987302 
699 360 13 16 0.049698703 
481 389 12 14 0.049263068 
470 378 11 14 0.04909756 
773 316 10 13 0.04891426 
352 342 10 12 0.0488297 
948 526 16 20 0.048794344 
851 551 13 17 0.048589624 
360 399 9 12 0.048468817 
374 286 10 12 0.048419498 
430 483 12 16 0.048336387 
993 111 8 11 0.048202317 
391 339 11 14 0.04787659 
993 147 9 12 0.04786614 
417 382 10 11 0.047402415 
957 142 9 11 0.047215506 
718 561 14 21 0.047164638 
676 367 11 13 0.046958398 
702 281 10 13 0.046582982 
512 295 10 12 0.046547506 
883 443 13 17 0.046053737 
490 404 12 15 0.046030737 
434 278 9 11 0.045860153 
746 575 26 33 0.045575086 
359 484 10 13 0.045492277 
390 368 14 17 0.04535196 
1004 205 10 11 0.045060586 
425 230 9 11 0.04501469 
719 560 24 31 0.044842236 
838 386 12 16 0.044686183 
919 118 9 11 0.044668883 
605 358 12 14 0.044413447 
445 481 14 16 0.044219762 
494 294 8 11 0.04406743 
480 428 11 13 0.043943428 
829 215 8 10 0.043942943 
215 152 9 11 0.043765116 
572 365 10 12 0.043665826 
582 393 13 16 0.043390457 
441 339 10 13 0.04324685 
512 316 11 14 0.042982884 
598 472 15 20 0.042601004 
551 303 10 12 0.042476613 
712 330 12 14 0.042375937 
671 454 11 14 0.04234459 
528 253 9 11 0.041970115 
807 426 12 16 0.041677687 
459 491 14 17 0.041635394 
976 310 12 15 0.041471615 
782 311 9 12 0.041172463 
955 541 16 21 0.041164394 
840 213 9 10 0.041120965 
650 442 15 18 0.04108678 
382 317 9 11 0.04099748 
758 604 44 50 0.04091852 
82 242 94 133 0.04043318 
409 478 24 26 0.040413488 
906 660 13 16 0.040298358 
853 478 13 17 0.04006038 
845 297 13 16 0.040058713 
611 458 17 21 0.039845277 
787 498 14 17 0.039807085 
407 295 9 11 0.039712857 
372 366 10 12 0.039702654 
501 359 10 12 0.03953003 
455 278 10 12 0.039468978 
783 315 12 16 0.03898436 
427 373 12 13 0.038866386 
436 397 12 15 0.038718507 
1008 414 11 14 0.038484115 
248 395 40 42 0.038302455 
909 501 15 17 0.038150925 
782 526 20 25 0.037791036 
981 428 11 15 0.03772177 
788 417 14 17 0.03759844 
879 340 11 15 0.037590362 
445 335 11 13 0.03758398 
550 284 10 12 0.037290264 
775 311 10 13 0.037262227 
1013 120 8 12 0.037237573 
471 319 10 13 0.037231863 
994 481 12 19 0.037220303 
494 260 9 11 0.037208557 
375 292 10 12 0.03706683 
975 139 9 12 0.03703414 
812 428 12 15 0.03694261 
822 584 22 29 0.03694176 
648 411 12 15 0.036872946 
815 131 12 13 0.036839638 
878 438 13 16 0.036811322 
352 404 10 12 0.036732532 
853 443 13 18 0.03667728 
502 370 11 15 0.03658665 
730 321 13 16 0.03654368 
311 393 11 13 0.036177993 
359 348 10 12 0.036099438 
1007 475 13 18 0.0360924 
868 547 14 19 0.03608553 
754 365 14 17 0.03603239 
454 284 11 12 0.03592685 
648 304 11 12 0.035858113 
808 447 12 16 0.0358251 
274 398 13 14 0.035720643 
851 625 15 17 0.03566679 
532 448 13 18 0.035572227 
776 467 12 16 0.03548423 
381 312 10 11 0.035432756 
421 302 9 13 0.035290793 
949 650 12 14 0.03527086 
261 369 13 15 0.035256203 
639 492 12 16 0.03518547 
384 263 10 12 0.034687456 
405 349 10 14 0.034600902 
608 301 11 13 0.034533333 
487 293 10 12 0.034531236 
489 261 9 11 0.034362324 
794 430 14 17 0.034197103 
820 444 13 17 0.034114357 
756 376 12 14 0.03409895 
581 412 11 14 0.034083065 
461 428 9 12 0.034022983 
781 205 8 10 0.03399493 
393 288 9 12 0.03389849 
802 315 21 27 0.033896796 
319 388 9 12 0.03388928 
388 348 12 14 0.033878837 
798 347 11 13 0.033878654 
485 372 10 13 0.03381905 
873 363 12 16 0.033801183 
437 482 15 17 0.03360541 
548 424 19 27 0.033525582 
359 454 8 11 0.033493225 
485 318 11 14 0.033373635 
375 372 10 14 0.033299804 
958 396 12 15 0.03328517 
552 359 13 16 0.033203978 
820 308 11 13 0.03305277 
370 286 9 12 0.03279457 
984 570 14 17 0.032726206 
956 329 13 16 0.032617584 
976 348 14 16 0.032524683 
456 303 12 15 0.032431684 
600 356 11 14 0.03239637 
761 618 16 21 0.032357227 
751 260 10 12 0.032330334 
898 532 15 18 0.032324653 
574 358 11 13 0.03230104 
712 470 10 14 0.03225318 
982 477 21 26 0.03223155 
718 266 10 13 0.03220107 
904 572 13 17 0.03209496 
818 300 11 14 0.032027967 
935 181 12 14 0.031882748 
459 442 12 17 0.03186234 
840 208 9 10 0.03172759 
492 434 16 19 0.0316879 
826 457 14 18 0.031685997 
355 334 11 13 0.031678785 
718 325 10 15 0.031593766 
383 294 9 11 0.031470403 
391 328 10 12 0.031390693 
815 272 9 11 0.031359755 
475 275 11 12 0.031315703 
455 439 11 13 0.031287786 
650 450 15 20 0.031077083 
380 286 9 12 0.031046398 
725 330 14 18 0.030908614 
995 357 17 21 0.03077124 
933 394 13 15 0.03062769 
772 579 28 39 0.030377774 
567 341 11 14 0.03035082 
464 404 10 15 0.030337334 
372 358 11 13 0.030227317 
781 412 11 15 0.03011522 
724 261 10 12 0.030065358 
419 307 10 14 0.029836345 
702 421 11 15 0.029805426 
686 379 12 15 0.029734239 
512 276 9 11 0.029688857 
757 414 10 13 0.029651623 
1013 185 9 14 0.029617302 
825 274 10 14 0.029379593 
971 529 16 19 0.029333334 
506 215 7 10 0.029225808 
376 457 10 12 0.029148646 
819 316 12 15 0.029136235 
573 342 10 13 0.029061532 
720 307 10 13 0.029054092 
718 506 13 16 0.029012367 
510 365 13 16 0.029010044 
559 288 8 10 0.028945187 
494 221 9 11 0.028914263 
773 371 12 16 0.028892566 
395 357 11 14 0.028875157 
364 350 10 12 0.028782526 
614 286 9 11 0.028608454 
852 468 11 16 0.028591162 
412 431 12 14 0.028590003 
334 407 9 12 0.028563714 
576 277 9 11 0.028545897 
751 255 9 11 0.02848219 
532 362 13 17 0.028334782 
367 357 10 12 0.02828609 
960 128 8 9 0.028218606 
424 430 9 13 0.028154891 
478 373 12 15 0.028151056 
455 327 10 12 0.028070956 
750 215 8 11 0.028032098 
261 288 10 12 0.027995035 
750 271 12 14 0.027953899 
784 322 12 16 0.027890373 
322 532 30 39 0.027876386 
950 535 17 21 0.02784914 
1005 165 9 12 0.027827596 
450 451 12 14 0.02773582 
367 421 9 12 0.027727963 
862 355 12 16 0.027628237 
957 532 20 26 0.027594991 
692 506 13 16 0.027537031 
720 315 10 15 0.027508976 
897 216 9 11 0.027484655 
431 351 10 12 0.027419778 
829 271 10 13 0.027400693 
358 420 10 14 0.027347479 
802 403 12 16 0.027343458 
820 128 11 12 0.027321776 
570 412 10 13 0.027305247 
845 475 14 18 0.02729117 
448 284 9 12 0.027215006 
359 318 10 13 0.027170235 
694 425 12 17 0.027095396 
354 386 10 13 0.026923643 
763 371 13 16 0.02690752 
884 340 12 15 0.026862921 
795 648 16 21 0.026848182 
385 356 11 14 0.02681409 
453 271 10 11 0.026780028 
424 324 10 13 0.026772656 
327 335 10 11 0.026649527 
838 434 14 18 0.026520822 
448 270 9 11 0.026480574 
893 596 16 21 0.026140513 
741 510 12 16 0.026132237 
351 424 10 13 0.025989832 
516 365 12 15 0.025955854 
382 455 10 11 0.02581465 
446 479 23 24 0.025793048 
921 504 15 20 0.025710724 
789 270 9 11 0.025676068 
325 386 10 13 0.02566156 
391 377 12 15 0.025614455 
93 203 150 220 0.02559828 
376 301 9 11 0.025558984 
680 498 12 16 0.025503505 
449 387 12 14 0.02542361 
407 303 10 12 0.025409684 
416 376 9 12 0.025360536 
941 180 13 16 0.02535849 
488 308 10 13 0.025336504 
579 406 12 14 0.025291266 
960 346 13 18 0.025239056 
805 476 12 15 0.025141094 
485 286 10 13 0.02510173 
812 286 10 13 0.025036754 
822 464 14 18 0.02498467 
35 383 17 22 0.024944624 
360 238 8 10 0.024933748 
591 261 9 11 0.024921913 
736 287 11 13 0.024919556 
393 278 9 11 0.024917094 
470 263 9 11 0.024903057 
1007 187 11 13 0.02489519 
1007 174 10 13 0.024865642 
807 309 9 12 0.024823679 
437 284 10 12 0.024807934 
342 415 9 11 0.024755264 
559 292 10 13 0.024734482 
903 655 12 14 0.02473363 
415 278 9 11 0.02473294 
748 574 44 51 0.024727095 
461 278 9 12 0.024718331 
944 571 16 20 0.024669766 
360 413 9 12 0.024667151 
423 422 8 11 0.024611564 
429 231 9 11 0.02461073 
365 245 9 10 0.024571612 
790 393 14 17 0.02449494 
910 179 11 14 0.024484824 
950 512 21 27 0.024442922 
598 312 9 12 0.02443709 
785 270 9 11 0.024337344 
776 253 9 11 0.024335014 
510 214 8 9 0.024329534 
1000 373 15 19 0.024324836 
675 463 14 18 0.024285212 
956 506 15 19 0.02422823 
909 348 14 16 0.024190715 
370 291 8 12 0.02416064 
714 443 13 15 0.024140222 
627 420 12 16 0.024119038 
582 364 10 13 0.02407401 
847 255 9 11 0.0240727 
733 308 12 15 0.024048517 
699 351 12 15 0.02402903 
795 419 13 16 0.024018787 
980 200 13 17 0.023972945 
545 426 12 17 0.023967981 
976 485 16 20 0.023943173 
948 181 12 15 0.023814045 
502 403 11 14 0.023812583 
734 445 12 14 0.0237793 
884 259 11 15 0.023731735 
741 555 44 52 0.023719996 
941 331 13 17 0.023657406 
996 559 14 17 0.02354875 
923 331 12 17 0.023521515 
887 557 17 22 0.023492085 
676 377 13 17 0.023478838 
342 214 8 10 0.023471465 
685 300 10 13 0.02345217 
345 428 12 16 0.023413053 
568 487 10 14 0.023365809 
388 392 10 13 0.023346948 
907 353 14 17 0.023340315 
423 477 24 27 0.023315864 
753 446 13 17 0.023273328 
903 499 13 16 0.023240864 
711 293 11 14 0.023225227 
534 221 9 10 0.023208922 
959 417 14 18 0.02313654 
778 625 35 42 0.023110053 
502 260 9 12 0.02309794 
725 568 26 33 0.023045445 
765 599 18 22 0.023039946 
959 120 7 8 0.023030235 
517 276 10 12 0.02301142 
846 642 15 17 0.0229959 
798 537 24 31 0.022937726 
647 244 10 12 0.022915717 
825 409 14 17 0.022902979 
356 376 11 14 0.022856867 
334 293 8 10 0.022812651 
829 442 13 17 0.022770358 
29 191 9 10 0.022719791 
713 459 10 15 0.022659678 
863 596 24 28 0.02265287 
896 221 10 13 0.022650428 
865 611 17 22 0.022631785 
751 511 13 16 0.02261004 
720 257 9 11 0.022585563 
527 311 10 13 0.022581942 
627 235 11 15 0.02257999 
653 284 11 12 0.02257457 
790 312 12 13 0.022570224 
684 373 12 15 0.022557838 
527 355 11 13 0.02254184 
532 253 10 12 0.02254141 
462 293 9 12 0.022527983 
784 599 18 23 0.022480054 
383 334 10 11 0.022441057 
814 397 14 18 0.022438155 
358 270 10 12 0.02241369 
771 516 15 19 0.022371124 
772 436 14 17 0.022361862 
766 557 15 19 0.022342756 
674 508 13 16 0.022322312 
610 502 21 30 0.022280626 
1000 285 9 12 0.02224117 
358 254 9 10 0.022218822 
406 414 19 23 0.02221801 
593 380 13 17 0.02220183 
276 417 23 31 0.022163726 
478 286 11 13 0.022145566 
415 296 9 10 0.02211725 
381 279 9 10 0.022066899 
358 276 10 12 0.022028686 
566 333 9 12 0.022008441 
436 356 11 14 0.022001088 
880 221 10 13 0.021998344 
750 291 10 13 0.021936754 
870 356 13 16 0.021882188 
665 350 10 14 0.021879885 
585 381 13 17 0.021863345 
406 255 10 12 0.021860775 
685 529 14 21 0.021860592 
758 359 10 13 0.021858912 
814 308 12 15 0.021844098 
532 354 13 15 0.021759927 
597 277 9 12 0.021752764 
466 346 11 14 0.02175081 
593 277 9 10 0.021716777 
52 195 12 15 0.021649018 
318 279 10 11 0.021631474 
622 412 13 17 0.021620568 
924 346 13 16 0.021573698 
745 367 13 16 0.021483181 
455 254 9 11 0.021425622 
801 361 13 16 0.021420872 
433 412 9 12 0.021409271 
677 519 23 35 0.02139736 
956 487 14 19 0.021385048 
608 308 10 12 0.021381447 
951 394 11 14 0.021375021 
478 358 11 13 0.021374192 
1000 183 10 12 0.021372715 
457 483 15 18 0.021329746 
599 335 11 13 0.021319622 
445 399 13 15 0.021311898 
700 605 13 16 0.02128918 
436 444 12 14 0.02125616 
510 323 12 14 0.02123431 
417 245 8 10 0.021218885 
452 485 23 28 0.021181129 
605 451 16 19 0.021177625 
489 301 10 13 0.021174677 
845 363 12 15 0.02116642 
832 386 12 17 0.021161651 
675 348 11 15 0.021129921 
447 308 12 14 0.021108288 
451 456 15 18 0.021106524 
558 301 10 12 0.02109834 
671 408 13 16 0.021092957 
713 267 10 12 0.0210625 
511 311 10 12 0.021059016 
564 456 13 17 0.021057382 
591 475 12 17 0.02105447 
342 396 10 13 0.021046288 
589 375 12 15 0.021034056 
761 207 8 9 0.021026192 
460 285 10 12 0.020999564 
887 492 12 16 0.020992601 
583 272 9 11 0.020985866 
454 333 10 12 0.020972919 
479 310 10 12 0.020918796 
591 335 10 12 0.020853803 
659 508 24 33 0.020789346 
628 299 10 13 0.020783173 
1006 160 9 12 0.020780286 
647 404 11 15 0.020744998 
545 232 9 10 0.020721007 
768 248 9 10 0.020665532 
351 286 8 9 0.020655064 
751 413 11 15 0.020634433 
672 398 13 17 0.020633316 
863 127 7 9 0.02061123 
453 358 12 14 0.02059459 
493 336 11 14 0.020557685 
853 378 14 18 0.020539992 
407 308 10 13 0.020525765 
868 348 12 15 0.0205162 
526 364 12 16 0.020501174 
827 219 11 13 0.020470757 
446 328 10 12 0.020448096 
838 442 14 18 0.0204292 
434 425 19 23 0.020416088 
700 298 12 14 0.02038823 
685 342 11 13 0.020378808 
877 348 13 17 0.020356594 
422 269 9 12 0.020354597 
816 408 14 18 0.020328727 
407 427 13 15 0.02031642 
390 270 9 11 0.020256082 
723 302 10 13 0.020206423 
737 528 20 24 0.020173814 
729 553 30 35 0.020169975 
376 231 10 11 0.020139767 
792 231 9 9 0.02012213 
845 192 9 11 0.020083606 
326 303 8 10 0.020064324 
735 237 9 11 0.020063013 
901 214 10 12 0.02004508 
740 444 12 15 0.020030417 
886 603 15 19 0.020017842 
549 414 12 15 0.020008618 
