2_Demonstration_Political_Rally_2_891
46
308 269 130 183 0.9998404 
492 27 152 197 0.99834716 
27 385 50 63 0.98924553 
233 285 34 53 0.94205606 
28 255 26 46 0.9306411 
182 385 39 52 0.7826065 
59 261 15 22 0.6244554 
73 241 13 18 0.38605452 
239 280 52 70 0.27386418 
249 178 54 86 0.13858157 
118 339 14 18 0.133287 
160 257 13 19 0.11958338 
124 233 13 16 0.102075025 
50 258 25 36 0.10069237 
48 488 43 64 0.08174517 
111 366 23 30 0.051584322 
123 225 24 30 0.050802495 
166 237 11 14 0.04286872 
192 227 11 15 0.042035487 
89 345 24 36 0.039387617 
270 236 12 18 0.03921027 
385 140 12 15 0.039100036 
123 334 13 16 0.03519708 
13 325 14 17 0.03319921 
1013 185 10 16 0.032404404 
178 226 14 17 0.032281827 
115 363 16 19 0.032233592 
165 343 11 12 0.03176125 
65 258 14 22 0.031479325 
28 506 56 79 0.03120096 
5 249 44 63 0.031182494 
883 172 13 17 0.030807797 
169 350 25 29 0.029635124 
187 245 11 14 0.026373822 
185 296 10 11 0.025529364 
258 235 23 34 0.025234273 
23 243 25 35 0.025005702 
169 217 24 28 0.023849623 
135 251 10 14 0.023338398 
172 243 12 15 0.022937575 
184 301 10 11 0.022820648 
172 232 15 18 0.022624116 
21 471 56 80 0.021242643 
164 227 21 28 0.020713137 
20 364 48 60 0.020570556 
256 199 34 49 0.0201172 
