2_Demonstration_Political_Rally_2_224
33
606 117 81 108 0.99868804 
782 251 61 91 0.9977422 
105 180 70 97 0.99737084 
899 261 59 86 0.9954796 
345 98 72 100 0.99341875 
458 297 55 65 0.08739958 
807 237 56 77 0.069454394 
772 548 41 63 0.06702664 
214 164 14 17 0.05422947 
434 167 17 19 0.03988702 
318 578 28 32 0.038752943 
479 285 51 63 0.033876903 
907 231 47 57 0.033109326 
958 226 12 14 0.030779878 
417 159 45 61 0.029891316 
243 131 14 16 0.029427757 
700 191 27 35 0.02681669 
176 163 47 65 0.026464434 
945 180 11 15 0.025626365 
158 439 9 11 0.025599265 
950 180 13 16 0.02530633 
933 251 50 74 0.025104413 
25 657 32 35 0.024423191 
278 125 10 14 0.02362316 
208 134 11 15 0.023036556 
961 235 45 69 0.021478774 
890 240 49 72 0.02125342 
977 241 30 40 0.021213673 
286 132 44 62 0.021208193 
188 136 52 67 0.02077146 
951 286 30 46 0.020733193 
171 454 15 16 0.020606667 
273 145 26 37 0.02026336 
