2_Demonstration_Demonstration_Or_Protest_2_476
2431
623 560 28 32 0.99161035 
137 496 19 24 0.99098295 
991 592 24 33 0.99046284 
274 502 21 26 0.98786587 
692 599 35 39 0.98786235 
193 502 19 23 0.98504317 
428 366 17 22 0.9849519 
781 504 25 28 0.9845584 
192 553 22 27 0.9838133 
126 293 14 18 0.9825906 
81 343 17 21 0.98122567 
577 328 19 22 0.9798636 
333 222 13 16 0.97922266 
786 443 25 28 0.9772175 
604 333 17 23 0.9770996 
823 588 26 30 0.97260135 
749 469 24 29 0.9722758 
515 399 21 25 0.97205895 
121 359 18 22 0.9713098 
678 464 24 28 0.9703344 
947 445 26 30 0.96839416 
132 406 16 20 0.96711296 
754 578 30 32 0.9647298 
217 480 17 23 0.9627316 
627 455 24 29 0.96154547 
389 605 19 25 0.9607527 
474 283 16 19 0.9595543 
996 520 24 30 0.95886356 
875 532 27 35 0.9562435 
35 419 23 27 0.9525347 
28 223 15 17 0.94973916 
327 618 23 28 0.94916004 
740 373 24 28 0.9488016 
385 276 16 20 0.9472471 
524 467 17 22 0.94708294 
100 304 18 21 0.944035 
235 163 16 20 0.9434419 
50 253 17 19 0.9427301 
691 377 21 25 0.9403591 
274 294 19 22 0.94027036 
318 200 15 17 0.93608546 
589 386 22 26 0.9356685 
901 389 24 26 0.93443334 
267 227 14 19 0.9274657 
847 324 22 25 0.92725307 
767 403 24 27 0.92646635 
539 362 22 26 0.92524165 
643 324 21 26 0.9248413 
493 293 18 22 0.92449033 
12 251 16 20 0.9237305 
247 483 22 26 0.92341465 
801 413 23 28 0.9208427 
524 570 22 26 0.9204993 
460 427 22 28 0.92015594 
944 289 23 28 0.91754836 
173 304 18 22 0.9139359 
579 255 18 21 0.9138435 
989 373 26 29 0.91301954 
196 260 15 18 0.9102736 
439 344 19 24 0.90994203 
226 426 20 25 0.90783817 
7 330 18 22 0.90780526 
827 432 24 28 0.90595305 
91 481 19 22 0.90580916 
983 319 23 28 0.90483046 
928 402 26 29 0.9043244 
320 252 17 20 0.9036111 
530 249 17 21 0.9026909 
237 310 19 22 0.9009552 
303 610 22 27 0.90076536 
579 437 23 26 0.8966649 
730 508 24 28 0.8956089 
500 494 23 27 0.895394 
812 289 19 22 0.89471126 
880 473 22 28 0.8940997 
781 182 15 18 0.893526 
752 263 20 23 0.8931706 
905 291 20 24 0.8912424 
620 174 14 18 0.8873337 
281 359 17 21 0.8872655 
804 221 17 20 0.88657576 
179 159 14 16 0.88076794 
63 439 20 25 0.87913126 
808 246 20 22 0.8764652 
46 380 15 18 0.87632674 
920 257 20 23 0.87446123 
469 543 20 24 0.87444144 
108 427 22 24 0.873425 
516 608 20 24 0.8724614 
553 465 23 29 0.8691015 
622 300 21 25 0.86714 
435 212 17 20 0.8664282 
443 462 19 23 0.8661924 
418 406 21 23 0.8656789 
283 405 19 23 0.8623277 
337 268 19 22 0.8598062 
425 491 23 27 0.85947925 
138 381 17 22 0.85832953 
639 429 21 25 0.8575566 
879 209 14 18 0.8549958 
46 233 14 16 0.8496133 
302 279 16 19 0.84853643 
401 170 14 18 0.8483109 
499 352 17 20 0.8481193 
468 375 15 19 0.8450341 
421 340 17 20 0.8410831 
293 246 14 17 0.8362431 
922 627 21 28 0.8330527 
111 131 14 16 0.82502884 
638 371 21 26 0.8236702 
520 299 18 21 0.8186011 
509 215 16 19 0.81707585 
912 319 23 24 0.8168728 
169 119 16 19 0.81668127 
328 334 18 20 0.8135301 
908 190 14 16 0.80625147 
992 150 19 21 0.8018594 
878 415 25 31 0.80105144 
258 74 14 17 0.80044246 
885 175 14 18 0.80020916 
262 204 13 17 0.7988784 
80 419 19 23 0.7976015 
489 650 28 31 0.7971039 
372 295 15 19 0.7957481 
701 245 14 17 0.7914459 
456 263 15 20 0.79031307 
27 356 17 21 0.7887848 
213 646 27 30 0.7886078 
887 357 22 27 0.78713965 
207 377 15 18 0.7839536 
661 215 17 21 0.77604204 
200 444 21 26 0.77311355 
213 281 13 17 0.77288187 
221 405 17 22 0.7662198 
646 74 13 16 0.7644736 
191 327 16 19 0.76445514 
733 104 13 17 0.763851 
87 261 13 17 0.75538814 
722 147 16 19 0.7553051 
138 233 17 19 0.75343174 
562 554 22 29 0.7526165 
425 50 13 17 0.7480405 
789 101 14 16 0.74734205 
80 380 16 19 0.74682736 
575 364 19 21 0.7458585 
403 455 22 25 0.7421312 
572 501 23 25 0.73259425 
45 324 19 22 0.7314383 
825 181 15 17 0.73085415 
587 623 27 32 0.7303263 
360 247 19 22 0.7275599 
631 235 16 19 0.72721183 
733 281 19 21 0.72449344 
613 224 15 19 0.7202597 
181 404 16 20 0.7192674 
516 104 14 18 0.7164992 
366 323 17 19 0.7143363 
402 225 17 19 0.7021481 
239 386 19 22 0.70110124 
732 419 25 30 0.69843477 
314 371 18 22 0.697244 
252 344 19 20 0.6971792 
165 348 17 21 0.6954907 
503 179 13 16 0.69391406 
185 428 17 22 0.69172263 
262 431 17 22 0.69103354 
360 441 21 25 0.6870982 
670 430 24 27 0.68509966 
133 155 12 16 0.68432343 
431 299 18 21 0.68352455 
927 164 14 18 0.68304354 
555 314 19 21 0.68160135 
701 145 14 17 0.68016684 
741 235 16 18 0.67675585 
112 178 13 17 0.6737946 
363 402 22 24 0.67174983 
383 188 18 20 0.67022663 
416 265 17 21 0.6640964 
143 210 14 17 0.6633648 
244 588 22 25 0.6581037 
714 96 13 17 0.65537393 
447 151 14 17 0.64443237 
94 232 15 17 0.6434818 
252 189 15 17 0.6429339 
651 531 29 33 0.6412495 
382 223 17 19 0.6410902 
314 169 14 18 0.63681215 
506 332 18 20 0.63620335 
331 111 14 15 0.6347559 
275 555 25 28 0.6328492 
868 298 18 20 0.63179463 
650 496 21 24 0.6316143 
376 376 17 20 0.6275949 
661 242 20 23 0.62466455 
215 221 14 18 0.62275916 
170 69 12 15 0.6226984 
629 123 13 15 0.6205259 
338 353 17 22 0.6193761 
517 196 16 19 0.6177343 
900 76 13 15 0.6105448 
690 214 16 19 0.6057809 
692 202 14 16 0.6028071 
557 227 16 19 0.6023927 
332 495 22 25 0.59914845 
169 273 14 17 0.59752446 
150 164 15 18 0.59391975 
209 139 12 15 0.5935262 
527 162 13 17 0.5924462 
540 206 17 20 0.59080124 
243 234 13 17 0.5889883 
601 82 14 17 0.5842124 
292 208 16 19 0.5805187 
229 199 14 17 0.5769637 
90 70 14 16 0.57288545 
334 178 16 19 0.57138425 
827 74 12 15 0.5655808 
140 104 13 16 0.5634853 
324 292 19 23 0.562978 
865 237 20 23 0.56121993 
131 187 14 16 0.5610889 
799 319 21 24 0.5579084 
303 341 20 22 0.5567781 
863 389 23 27 0.5543726 
675 181 12 15 0.5520374 
258 264 17 20 0.5517582 
734 206 16 19 0.5512001 
589 291 16 20 0.55021787 
591 109 12 14 0.5451418 
1003 218 17 20 0.5407279 
756 150 14 15 0.5374904 
427 124 14 16 0.53654766 
905 238 18 21 0.53577787 
607 195 13 15 0.5333501 
623 52 12 15 0.53279966 
322 133 13 15 0.52950937 
398 255 16 19 0.5287762 
645 15 11 15 0.528722 
625 198 12 14 0.5238619 
795 133 12 15 0.5140528 
552 297 17 19 0.5120378 
569 53 11 13 0.51065445 
458 235 17 21 0.5060229 
301 86 14 17 0.5054633 
112 153 14 16 0.5047907 
13 220 12 16 0.50253576 
285 95 13 15 0.50087583 
972 225 15 18 0.49938837 
20 271 17 19 0.49808887 
395 114 14 15 0.4978901 
846 131 13 15 0.49370518 
414 83 13 15 0.49308458 
171 185 15 18 0.48883715 
752 291 20 24 0.48510888 
440 49 12 15 0.4829805 
953 101 14 17 0.47985047 
259 195 15 18 0.47966364 
439 102 13 16 0.47905782 
137 468 21 24 0.4785367 
662 93 12 15 0.47626582 
680 156 14 16 0.47619668 
86 193 15 18 0.47087643 
188 283 17 18 0.46918494 
63 66 11 13 0.46668792 
973 89 15 19 0.46577883 
445 86 11 13 0.4634305 
431 73 12 16 0.46266446 
153 187 13 16 0.4562437 
941 190 16 20 0.45526025 
551 100 12 14 0.45263845 
482 101 13 16 0.45170414 
471 332 19 21 0.4478822 
536 116 13 15 0.44758117 
409 35 13 16 0.44743666 
454 304 16 21 0.44713375 
488 35 11 13 0.43742773 
705 551 27 32 0.43723798 
180 220 13 15 0.4370103 
565 77 12 14 0.4354664 
993 242 21 27 0.4347285 
68 300 13 17 0.4347068 
671 274 15 19 0.43402433 
933 227 16 18 0.43132195 
402 433 19 22 0.42920503 
318 96 12 14 0.42841995 
270 111 12 14 0.42831 
150 309 20 24 0.42575914 
146 429 20 22 0.42182484 
293 157 16 18 0.42177668 
89 130 12 16 0.42078912 
682 93 12 14 0.4172379 
190 234 15 17 0.41529837 
491 472 23 26 0.4149658 
99 402 19 22 0.41462097 
404 60 13 16 0.4080165 
772 153 14 16 0.40120178 
501 68 13 15 0.39979744 
940 357 28 32 0.39873278 
59 214 13 16 0.3960517 
770 92 14 16 0.3928009 
44 282 17 20 0.3889982 
1002 265 17 19 0.3844323 
523 45 11 14 0.38164443 
364 174 12 14 0.38073936 
478 216 16 18 0.38067928 
73 125 12 15 0.37819543 
254 245 14 16 0.37652856 
520 285 17 18 0.37382826 
848 234 15 17 0.3737415 
254 166 13 15 0.37357444 
423 148 13 17 0.3727524 
189 78 11 12 0.367816 
90 219 14 16 0.367331 
835 49 14 18 0.36708835 
286 127 12 14 0.36607444 
278 571 24 28 0.36540174 
856 178 17 21 0.36534062 
90 456 18 22 0.36094505 
692 259 16 19 0.3583636 
602 161 14 17 0.35710636 
206 79 12 14 0.3551537 
366 122 13 16 0.35337266 
332 435 18 22 0.35143158 
312 236 13 16 0.34679237 
333 63 15 18 0.34500757 
386 344 18 22 0.3425779 
477 181 13 16 0.34208292 
610 66 13 15 0.34147537 
812 268 17 20 0.34067184 
222 261 13 16 0.34038442 
40 203 13 15 0.33954257 
19 162 13 15 0.33936965 
402 126 12 15 0.33560416 
504 43 11 14 0.3350536 
683 164 13 15 0.32755622 
480 83 11 14 0.3243395 
716 128 13 16 0.32353958 
798 66 16 17 0.32333377 
204 101 14 17 0.3225344 
560 150 13 16 0.32244515 
503 236 16 20 0.3211281 
956 179 15 18 0.32002807 
482 227 16 20 0.3194871 
606 420 20 25 0.3183886 
376 35 13 17 0.31782538 
841 265 17 20 0.31675258 
677 119 11 14 0.3157887 
388 304 17 20 0.31567904 
748 67 11 13 0.31536868 
292 30 11 14 0.31511563 
696 122 13 16 0.31507483 
770 110 14 16 0.31413215 
351 101 13 15 0.3136362 
830 235 15 17 0.31329235 
341 400 18 22 0.31317693 
248 109 12 15 0.31251985 
651 42 11 14 0.3122142 
191 132 14 16 0.31101638 
944 243 18 22 0.30986163 
206 61 12 13 0.3065749 
583 140 12 14 0.30483794 
188 92 13 16 0.30214363 
641 166 11 14 0.2977316 
297 59 11 15 0.2975642 
1 488 16 21 0.29434636 
992 114 13 15 0.2924516 
899 197 14 17 0.29114354 
621 265 16 18 0.28552043 
645 60 11 14 0.2845181 
600 132 12 15 0.28183478 
361 367 18 21 0.28118208 
662 197 15 17 0.28088397 
863 219 15 18 0.27845973 
943 149 14 18 0.27716956 
231 116 14 16 0.2742085 
126 85 11 14 0.2717247 
210 242 14 16 0.27106586 
98 109 11 14 0.2710641 
368 69 11 13 0.270703 
477 125 11 13 0.26955596 
803 157 12 15 0.26900715 
574 202 16 18 0.26885802 
688 171 13 16 0.2688121 
684 337 19 21 0.26770028 
780 250 17 20 0.26688147 
438 233 13 17 0.26654354 
945 383 27 29 0.26647946 
188 84 14 16 0.2655522 
415 91 13 18 0.26338735 
562 173 12 14 0.2616073 
908 296 24 28 0.25882244 
228 60 11 14 0.25864393 
181 25 15 17 0.25717798 
579 125 12 14 0.25616282 
779 45 13 15 0.25320616 
536 186 15 16 0.25224292 
654 189 12 13 0.25106382 
683 86 13 15 0.2506218 
664 303 17 22 0.2486493 
726 33 12 16 0.24797276 
927 122 14 17 0.24773297 
139 599 17 20 0.24712293 
374 9 12 15 0.2465771 
459 75 12 14 0.24634877 
519 146 12 15 0.24626392 
695 67 11 15 0.24585807 
551 260 14 18 0.24558502 
672 115 12 15 0.24316445 
676 55 10 12 0.24186003 
57 110 12 15 0.23992096 
573 12 12 13 0.23845072 
642 213 15 17 0.23819245 
260 134 14 16 0.2377095 
596 535 25 31 0.2376478 
863 414 25 31 0.23746881 
646 141 12 15 0.23640524 
516 67 12 13 0.23619431 
651 273 16 18 0.23519963 
663 362 20 25 0.23518807 
141 72 10 12 0.23482485 
608 12 10 12 0.23466711 
455 172 15 17 0.23397388 
558 69 12 13 0.2338029 
839 201 15 18 0.23354748 
774 35 13 15 0.23249197 
746 117 13 15 0.23148161 
526 233 15 17 0.23142517 
470 126 11 14 0.2297746 
774 218 15 17 0.22803639 
958 153 14 18 0.22772148 
581 149 13 16 0.22643466 
225 69 13 15 0.22424962 
735 435 24 29 0.2234829 
130 332 14 17 0.22244164 
985 415 24 27 0.22052777 
620 22 11 13 0.2200111 
635 98 12 14 0.21954729 
181 227 14 18 0.2191273 
800 162 13 17 0.21847114 
743 458 25 32 0.2149322 
365 206 13 15 0.21466976 
195 185 15 18 0.2125431 
593 53 9 11 0.21191087 
671 111 10 13 0.21086745 
687 11 10 13 0.21059461 
583 63 12 13 0.2101233 
480 69 10 14 0.20899868 
878 142 14 16 0.20898874 
95 169 14 17 0.20821922 
595 258 16 20 0.20790514 
486 60 11 13 0.2047856 
76 83 10 13 0.2041857 
737 44 11 14 0.20393337 
73 85 9 12 0.20318407 
103 61 8 10 0.20256327 
503 165 12 14 0.20187522 
694 44 12 14 0.20174885 
868 141 12 15 0.2009575 
676 77 11 13 0.19981317 
0 523 40 55 0.19976194 
687 62 11 14 0.19938523 
520 368 18 21 0.19917265 
582 99 13 15 0.19909152 
234 282 15 17 0.19896322 
487 145 14 16 0.19733393 
991 123 13 17 0.1970124 
703 54 10 12 0.19607653 
916 267 21 27 0.19565445 
299 190 13 16 0.19551967 
120 100 11 13 0.19514522 
742 165 12 14 0.19511725 
629 5 11 12 0.19505739 
465 130 11 15 0.19419901 
660 157 12 15 0.1933673 
700 46 11 12 0.19320947 
331 86 11 13 0.19312644 
607 209 13 16 0.19288473 
622 92 13 16 0.19267842 
69 305 15 19 0.19163857 
350 130 11 14 0.19143367 
6 286 15 21 0.19137949 
387 61 10 12 0.19134618 
894 123 14 17 0.19111975 
522 82 12 15 0.18953146 
65 194 14 15 0.18935098 
277 82 14 15 0.18793745 
629 30 9 13 0.18763934 
242 14 12 15 0.1876133 
56 86 10 13 0.18577147 
890 109 12 15 0.18333197 
270 153 15 16 0.18316017 
462 213 11 15 0.18301968 
203 169 16 19 0.1823351 
135 64 9 11 0.17895886 
279 45 10 12 0.17843594 
629 94 13 16 0.17808577 
844 138 14 16 0.17723346 
552 12 10 12 0.17663872 
907 414 22 29 0.17660773 
953 171 16 19 0.17515405 
343 27 13 14 0.17473568 
968 208 18 21 0.1745629 
132 263 15 18 0.17446882 
578 169 14 17 0.17435403 
485 454 25 27 0.17151935 
186 69 12 15 0.1706841 
865 227 17 20 0.17049502 
526 51 11 13 0.16896562 
168 100 11 14 0.1687013 
774 66 12 15 0.16786472 
840 147 12 16 0.16769968 
565 133 12 13 0.16755663 
975 173 13 17 0.16754979 
150 93 10 12 0.16669111 
436 70 11 14 0.16662344 
600 180 11 15 0.1665153 
968 115 13 16 0.1663327 
445 5 13 14 0.1652898 
865 467 24 30 0.1649983 
762 178 13 16 0.16473247 
535 94 12 14 0.16423117 
125 79 11 13 0.1640709 
405 519 22 26 0.16288339 
863 35 11 13 0.16180083 
137 69 9 11 0.16066281 
235 91 12 14 0.16014645 
700 118 13 15 0.15949456 
236 290 16 17 0.15936662 
95 101 13 15 0.1585944 
341 157 11 13 0.15832333 
239 140 13 14 0.15824261 
172 1 11 11 0.158166 
10 181 12 14 0.15812033 
414 196 15 18 0.1576802 
928 76 11 13 0.1575963 
737 449 24 28 0.15646712 
762 193 14 17 0.15646178 
401 288 15 18 0.15579748 
803 641 33 36 0.1552594 
385 69 11 15 0.15519734 
693 101 12 14 0.15460794 
360 47 11 14 0.15422088 
28 181 12 14 0.15370682 
77 101 9 13 0.15351683 
560 114 13 15 0.15348172 
863 265 16 18 0.1528363 
371 203 12 15 0.15222026 
533 60 10 13 0.15184936 
345 46 11 13 0.1516857 
977 278 19 21 0.15118904 
951 67 10 14 0.15108217 
239 44 11 12 0.15031728 
309 111 12 15 0.14984134 
562 281 14 18 0.14886251 
283 78 13 15 0.1486425 
508 69 11 13 0.1482141 
16 101 9 11 0.14783594 
499 90 12 15 0.14732324 
203 158 13 15 0.14704883 
813 172 14 17 0.14692833 
345 36 12 13 0.14648513 
486 391 16 19 0.14648432 
541 147 13 16 0.14643031 
275 433 19 24 0.1459978 
780 69 11 14 0.14591472 
616 148 11 14 0.14576003 
720 52 11 14 0.14550821 
744 90 12 14 0.14545444 
74 227 13 16 0.14490947 
599 138 12 15 0.1438618 
669 188 13 15 0.1437779 
132 86 9 13 0.14362992 
591 11 10 12 0.14362256 
687 54 11 13 0.14301418 
324 68 14 16 0.14258707 
398 243 15 18 0.14184591 
1005 447 17 24 0.14139995 
181 45 11 12 0.1407436 
69 328 16 18 0.14002152 
40 164 12 15 0.13971831 
82 292 16 17 0.13938406 
894 157 13 15 0.1391853 
62 91 10 12 0.13884749 
252 39 10 11 0.13866372 
908 79 11 14 0.1379679 
75 299 15 17 0.13788962 
347 244 13 17 0.13774365 
763 155 13 16 0.137637 
326 156 11 14 0.1374512 
702 60 11 14 0.13735843 
694 11 9 12 0.13617142 
647 55 11 13 0.13604784 
947 141 14 16 0.13583323 
399 198 13 16 0.13564597 
400 92 12 15 0.13557 
787 232 15 19 0.13520624 
401 84 10 13 0.13458604 
612 14 11 12 0.13414004 
150 268 14 17 0.13401581 
327 77 12 15 0.13337694 
708 186 13 16 0.13337672 
273 466 23 26 0.13299593 
648 107 11 14 0.13233022 
718 171 11 15 0.13153203 
158 24 12 14 0.13149287 
152 86 10 12 0.13149282 
375 149 12 15 0.13109058 
563 71 13 14 0.13084888 
256 45 9 12 0.13051836 
844 155 12 15 0.13020483 
764 15 13 15 0.12950854 
568 6 10 12 0.12940556 
526 130 13 15 0.12893657 
805 212 16 20 0.12862709 
486 157 13 15 0.12848715 
510 125 12 16 0.12834495 
256 54 10 12 0.12795287 
859 117 11 14 0.12734905 
624 27 11 13 0.12663564 
854 172 15 19 0.12645811 
366 370 22 25 0.12635253 
767 131 12 15 0.1262767 
739 189 13 14 0.12609006 
564 142 12 13 0.12587394 
600 150 12 14 0.1254653 
805 29 12 15 0.12516896 
709 171 13 15 0.12486208 
303 114 12 14 0.12479324 
398 99 13 15 0.12462474 
303 432 16 20 0.12462125 
911 218 13 16 0.123969726 
204 187 15 19 0.12312125 
133 249 14 17 0.12224083 
316 158 13 16 0.12221416 
334 90 11 13 0.122030996 
559 219 18 20 0.12124095 
358 163 13 16 0.12046092 
494 487 22 27 0.1199512 
657 161 12 15 0.1195976 
365 131 13 16 0.11946809 
916 83 11 13 0.11847032 
134 240 16 18 0.11808752 
150 71 10 12 0.11789398 
259 92 11 14 0.11785281 
953 501 24 27 0.117508955 
660 190 13 15 0.1174891 
694 129 13 16 0.11666332 
310 126 11 13 0.11661667 
360 425 24 28 0.11626482 
816 136 10 12 0.11602812 
791 125 13 16 0.11590964 
768 543 32 35 0.115873985 
17 74 10 14 0.115365736 
126 63 9 11 0.11525113 
552 129 12 16 0.11524098 
492 197 14 17 0.11472288 
917 133 17 19 0.11463365 
272 102 12 14 0.11426507 
94 93 11 14 0.11404302 
254 59 11 13 0.1139131 
372 557 20 25 0.11385212 
533 131 12 15 0.11355473 
595 220 12 15 0.11304944 
542 76 12 14 0.11286409 
700 6 11 12 0.1123851 
866 77 14 16 0.11226811 
226 28 12 14 0.11223319 
559 179 13 15 0.112223096 
725 101 12 16 0.11221363 
685 100 12 13 0.11144414 
837 85 11 14 0.11127492 
577 355 19 22 0.11111577 
671 70 11 13 0.110779434 
877 164 11 15 0.10974572 
24 179 11 14 0.109611735 
787 19 14 17 0.10926261 
445 196 14 17 0.10915213 
779 38 12 16 0.10904901 
878 57 13 15 0.10894198 
232 277 13 15 0.10887654 
816 140 12 15 0.10845066 
278 93 13 16 0.10834851 
646 268 16 19 0.10817363 
628 150 11 14 0.107644536 
158 293 14 16 0.10747571 
877 197 14 16 0.107295536 
641 205 14 16 0.10713405 
433 313 16 20 0.10678013 
738 221 15 17 0.105220504 
239 51 11 14 0.1047382 
557 187 13 17 0.104719274 
302 135 11 14 0.10434672 
660 88 11 14 0.10422826 
450 117 14 16 0.1042178 
471 152 13 16 0.10413296 
293 149 14 15 0.10393593 
577 209 15 18 0.10381015 
229 54 11 13 0.10368564 
835 36 13 15 0.10318255 
231 101 11 13 0.103033654 
261 47 9 10 0.10301007 
614 157 13 16 0.10293101 
577 196 14 16 0.10273924 
619 165 14 16 0.10216085 
427 35 13 15 0.10195513 
871 289 20 24 0.10167974 
398 79 12 14 0.10148076 
112 108 11 14 0.10143244 
125 91 12 14 0.10134427 
799 33 13 16 0.1012237 
341 132 12 15 0.100974984 
210 170 15 19 0.100526854 
185 640 23 27 0.10035463 
595 376 23 26 0.100329295 
78 150 11 14 0.10008255 
712 125 12 15 0.09997759 
415 180 13 16 0.09969954 
757 143 13 15 0.099537596 
71 276 14 17 0.099530086 
12 175 12 14 0.099498786 
599 89 13 16 0.09936092 
997 254 21 25 0.09921922 
680 555 25 32 0.09905987 
67 64 11 13 0.09899702 
891 226 16 19 0.09868116 
202 111 15 17 0.098440655 
247 103 11 14 0.09839749 
585 75 11 13 0.09821203 
773 18 14 17 0.09820547 
273 172 13 16 0.097911194 
317 67 13 16 0.09783031 
446 123 13 15 0.09737759 
815 43 13 16 0.097292654 
315 60 13 16 0.09699177 
751 43 14 17 0.0968061 
190 371 14 18 0.09659876 
193 124 14 16 0.096550405 
147 100 12 15 0.09643028 
678 11 11 15 0.096276194 
141 0 13 17 0.0962645 
644 94 11 13 0.09625819 
200 44 11 14 0.0961535 
587 69 12 14 0.0958174 
853 167 12 14 0.09527756 
702 171 12 15 0.09519422 
269 139 13 14 0.09516881 
172 63 13 16 0.0950491 
69 146 12 15 0.094785586 
740 180 13 14 0.09475213 
427 28 12 15 0.094742954 
21 173 13 15 0.094691396 
541 85 11 13 0.0939871 
582 37 12 15 0.093744114 
588 135 12 15 0.093680516 
833 241 15 18 0.09310178 
364 229 12 15 0.09300452 
154 159 15 18 0.09294477 
323 100 12 14 0.09259656 
366 62 11 14 0.092523254 
412 234 14 17 0.09247756 
640 18 11 14 0.09187701 
701 12 10 12 0.09182802 
954 162 15 20 0.091259874 
264 38 10 11 0.091239 
831 30 12 15 0.09095397 
493 422 22 26 0.09083931 
891 411 25 32 0.09072971 
919 100 13 15 0.09050671 
614 143 11 13 0.09045599 
580 178 14 17 0.09011746 
1003 98 12 16 0.08996751 
480 130 12 13 0.08976627 
898 56 14 17 0.08969932 
362 414 19 21 0.08969418 
915 59 13 15 0.089572884 
286 71 10 12 0.089393064 
504 249 16 18 0.089114174 
148 576 22 26 0.08892906 
871 91 12 14 0.088787 
413 187 15 16 0.088694796 
190 117 11 14 0.08858248 
290 132 13 15 0.08849542 
622 139 13 15 0.08843079 
336 138 11 14 0.08839903 
645 101 12 15 0.08829968 
503 51 11 13 0.08828228 
596 117 11 14 0.08756725 
417 251 15 19 0.08745704 
238 59 11 13 0.087450795 
733 12 11 12 0.08728292 
654 194 13 15 0.087156065 
102 77 10 12 0.08700891 
709 86 12 14 0.0867604 
579 187 14 16 0.086737074 
22 117 13 15 0.0867343 
337 471 21 26 0.08665471 
853 461 24 31 0.08662986 
242 146 14 16 0.08647855 
183 62 12 14 0.08641257 
447 142 12 14 0.08634876 
597 101 11 13 0.08622246 
916 108 13 15 0.08614971 
572 391 17 21 0.086130455 
612 115 13 16 0.08601592 
864 146 12 15 0.085856445 
597 246 16 20 0.08549576 
39 142 13 14 0.08511492 
417 243 16 19 0.085078776 
872 396 18 23 0.08465722 
394 342 16 20 0.08462722 
403 467 18 23 0.0846024 
914 41 15 17 0.084410466 
589 204 12 16 0.084292285 
482 76 13 15 0.08401305 
869 157 13 16 0.08396906 
205 66 11 14 0.08369407 
284 433 20 24 0.083684534 
975 267 18 19 0.08338496 
887 90 12 14 0.08331271 
636 442 24 31 0.08322303 
317 45 12 13 0.08304588 
739 196 14 15 0.082853355 
617 280 17 19 0.08278206 
459 82 14 16 0.08272994 
61 204 13 17 0.08262362 
247 37 11 13 0.08247462 
292 92 12 16 0.08243974 
296 84 13 17 0.082362466 
870 84 13 15 0.08196325 
205 54 12 15 0.081948034 
603 127 13 15 0.08187438 
338 115 13 16 0.08153088 
360 178 13 16 0.081482686 
660 37 12 15 0.08133075 
222 346 14 17 0.08130563 
117 70 11 13 0.08090622 
831 82 12 15 0.080713 
249 115 13 15 0.08060703 
232 87 11 13 0.08059375 
534 431 21 26 0.08054157 
689 46 11 12 0.08053263 
472 119 11 13 0.08040457 
692 167 12 16 0.07944636 
233 110 13 15 0.079324506 
485 441 21 28 0.07921166 
155 613 14 20 0.07918991 
561 29 10 13 0.07900764 
314 108 12 14 0.07849677 
471 68 11 14 0.07848894 
895 319 23 26 0.07844967 
891 115 14 16 0.07844906 
262 323 15 20 0.07841856 
357 186 13 16 0.07832837 
230 37 11 13 0.07832779 
563 165 13 17 0.078177415 
399 234 15 18 0.078139655 
688 108 12 13 0.078024685 
705 249 15 18 0.077989586 
484 286 19 24 0.07795958 
250 237 14 17 0.07787617 
396 150 12 15 0.07743238 
907 274 16 18 0.0773425 
699 196 13 16 0.077096716 
484 125 11 13 0.07708418 
174 319 14 19 0.07708352 
73 322 16 19 0.07701808 
314 230 14 17 0.0770037 
278 441 22 25 0.07691324 
310 132 10 13 0.07690714 
150 77 11 14 0.07667182 
894 83 13 17 0.07666944 
470 51 11 14 0.07655099 
88 92 10 13 0.076511115 
383 86 12 15 0.07609368 
758 160 15 16 0.07604764 
26 91 11 15 0.07602062 
695 251 15 19 0.07599684 
311 337 20 25 0.075832844 
586 236 14 17 0.075077206 
673 60 11 13 0.075032055 
815 28 11 13 0.074932374 
568 101 11 13 0.07486097 
144 85 9 12 0.074805416 
360 211 13 16 0.074770205 
372 107 13 15 0.07473494 
533 67 12 14 0.07470563 
267 119 14 17 0.074423835 
556 7 10 12 0.074402034 
525 556 25 29 0.0742648 
228 337 15 18 0.07420162 
411 172 13 15 0.074129194 
490 30 12 14 0.074128576 
201 68 10 13 0.07373723 
133 13 14 17 0.073649995 
868 305 22 27 0.07360233 
805 206 15 17 0.07347338 
661 149 13 15 0.073232196 
572 48 11 12 0.07307823 
884 315 24 28 0.07306613 
93 64 11 13 0.07304917 
457 70 11 15 0.07280671 
714 259 14 18 0.07277531 
85 633 26 31 0.072621495 
676 444 28 36 0.07249214 
332 29 11 13 0.072440654 
627 129 13 16 0.072399616 
678 424 26 29 0.07230173 
157 220 14 18 0.0722898 
137 129 12 16 0.072205715 
411 69 11 13 0.07216015 
228 267 14 16 0.07213275 
742 173 11 14 0.07205234 
223 47 11 12 0.071928956 
86 213 14 17 0.071794696 
177 13 10 13 0.07119597 
642 171 13 15 0.07100439 
198 84 10 13 0.07050623 
895 397 28 35 0.070387825 
219 315 14 18 0.07016571 
802 75 13 17 0.069957934 
205 304 15 18 0.0699232 
181 149 15 18 0.06981128 
640 76 12 15 0.069768496 
102 85 11 13 0.06976834 
325 414 16 19 0.069720335 
150 63 10 11 0.06969994 
168 107 12 16 0.069600105 
73 313 16 18 0.069452494 
488 43 12 14 0.06944872 
120 62 10 12 0.06937127 
867 438 22 28 0.06927333 
769 60 11 14 0.06918776 
79 205 12 15 0.06908496 
567 58 11 13 0.06902691 
46 62 10 11 0.06885959 
836 250 15 17 0.068714246 
832 227 16 19 0.068633795 
265 30 10 11 0.0685306 
363 219 13 16 0.06848438 
98 221 13 15 0.06833576 
600 368 23 26 0.068301216 
453 29 11 14 0.06829531 
224 53 11 13 0.06814859 
441 93 12 15 0.06806689 
318 128 13 16 0.06796242 
139 123 14 17 0.06794664 
719 13 10 12 0.06791847 
698 264 16 20 0.06783257 
529 14 9 11 0.06776687 
118 21 9 11 0.0677403 
584 23 9 12 0.06770628 
308 91 14 16 0.06767574 
287 249 14 18 0.06752023 
564 126 11 13 0.06737002 
224 3 11 12 0.06727671 
341 150 13 15 0.06717394 
83 199 16 18 0.06704453 
910 52 14 16 0.06693569 
445 67 11 14 0.06679065 
271 55 10 11 0.066783786 
371 116 13 16 0.06661881 
585 106 12 15 0.06659625 
773 144 12 14 0.06653845 
68 220 12 16 0.06649308 
396 436 18 22 0.066271774 
820 12 14 16 0.06617334 
181 37 13 15 0.066094145 
131 324 15 18 0.066028565 
820 155 13 14 0.0658308 
854 27 13 15 0.06578838 
116 106 12 15 0.065723084 
279 584 23 27 0.06569249 
27 164 11 13 0.065660104 
507 222 16 20 0.0656462 
146 218 14 17 0.065604374 
555 95 12 14 0.06534233 
931 71 13 16 0.06526608 
93 48 10 12 0.065226614 
668 157 11 14 0.06515694 
371 211 13 16 0.06512905 
272 84 11 14 0.06501358 
183 87 11 14 0.064954825 
327 55 10 12 0.064548805 
941 84 13 17 0.06452448 
263 124 14 16 0.06444445 
718 179 12 16 0.06431308 
559 23 9 11 0.06405401 
774 50 12 16 0.06391457 
914 212 13 15 0.06391054 
312 99 12 15 0.06390602 
349 78 11 13 0.06388138 
844 277 17 21 0.063871466 
392 110 12 15 0.063865304 
199 165 14 16 0.06365601 
198 298 13 18 0.063635334 
475 148 13 17 0.06332108 
911 403 23 29 0.0631095 
258 542 17 21 0.06300081 
275 141 12 14 0.06286369 
510 113 13 17 0.06283967 
174 95 10 14 0.06275692 
350 188 13 16 0.06256358 
706 141 13 17 0.062406722 
200 51 11 15 0.062236317 
331 35 11 14 0.062153105 
931 210 16 18 0.06207144 
558 132 12 13 0.062045515 
822 360 21 29 0.062011465 
205 390 16 21 0.061966747 
122 84 10 14 0.061608814 
437 170 13 15 0.06155465 
672 13 11 13 0.061553743 
612 7 10 12 0.061510473 
141 114 14 17 0.061463762 
94 177 14 17 0.061410192 
158 211 14 17 0.061265215 
98 242 15 17 0.061183404 
356 92 12 15 0.061172497 
143 292 13 15 0.061000466 
291 99 12 14 0.06097065 
316 616 22 29 0.06096821 
192 180 13 17 0.06093841 
453 163 15 17 0.060926706 
679 142 12 14 0.060905267 
875 400 25 33 0.060903903 
99 70 11 13 0.0607959 
326 37 11 12 0.06070179 
349 93 13 16 0.060667332 
744 64 12 14 0.060629416 
778 227 17 18 0.060470954 
837 78 12 14 0.060462747 
668 415 24 28 0.060363196 
189 334 17 22 0.060330622 
145 92 10 13 0.06024464 
295 109 11 13 0.060096737 
308 363 19 22 0.05999385 
796 421 26 32 0.059962302 
44 427 24 28 0.059691735 
485 473 17 22 0.05967754 
520 52 11 12 0.059671793 
779 259 20 26 0.059659712 
691 179 12 14 0.059562564 
485 3 10 13 0.059513662 
581 12 10 13 0.059468053 
120 77 10 12 0.059454344 
453 83 13 17 0.05942733 
746 84 13 16 0.059403062 
567 22 9 11 0.05939189 
660 29 11 13 0.05915436 
640 199 10 13 0.059048854 
651 51 12 16 0.058950376 
630 60 10 13 0.05881956 
803 84 13 15 0.058731567 
147 230 14 18 0.05869222 
773 173 13 16 0.058661558 
855 77 12 15 0.05834119 
808 92 11 14 0.058287773 
212 55 11 13 0.058219742 
37 208 14 17 0.05818904 
733 60 10 14 0.05798276 
176 28 11 14 0.057956498 
921 280 17 23 0.057901282 
204 95 13 15 0.05778894 
451 4 11 13 0.05775128 
129 354 17 22 0.05765685 
80 62 9 12 0.057602666 
956 118 12 15 0.05752358 
452 183 15 18 0.057507157 
185 162 14 16 0.05744093 
227 22 11 13 0.057344653 
239 77 12 14 0.0573102 
141 63 10 11 0.05727068 
68 203 13 16 0.057229564 
502 125 12 16 0.05713173 
815 422 23 26 0.056999177 
479 92 13 16 0.056939837 
261 420 15 19 0.056871727 
818 164 14 16 0.05681623 
285 120 13 14 0.05679262 
406 20 12 14 0.056782775 
442 302 19 24 0.05672131 
607 220 14 18 0.056645114 
827 116 14 17 0.0566318 
445 37 10 13 0.05660583 
525 318 14 19 0.0565929 
624 133 12 15 0.056523353 
342 126 12 15 0.056477096 
333 479 22 26 0.05643199 
881 216 16 19 0.056413688 
293 141 13 15 0.056401122 
600 170 13 17 0.056185395 
629 212 12 14 0.05597155 
531 158 13 16 0.055926748 
760 18 11 15 0.055872194 
421 172 11 13 0.055847656 
460 91 11 14 0.055506025 
261 220 14 17 0.055505514 
222 34 12 15 0.055360556 
948 276 16 18 0.055352524 
614 37 11 14 0.05528133 
83 150 13 15 0.05497781 
446 188 15 17 0.054966643 
76 178 11 14 0.054954894 
915 610 23 28 0.054818843 
572 492 20 22 0.05475753 
304 125 11 13 0.054706614 
550 105 13 16 0.054690704 
313 68 10 14 0.054651886 
721 228 13 17 0.054567356 
695 140 13 16 0.05447123 
589 211 13 17 0.05436072 
754 51 14 16 0.054356925 
934 82 13 17 0.054155674 
346 19 13 16 0.054112 
726 59 12 14 0.05406656 
357 138 12 15 0.054041274 
707 60 11 13 0.05402038 
159 309 20 25 0.05399935 
423 129 14 16 0.053982858 
666 101 12 14 0.05394252 
630 35 11 13 0.05392374 
218 170 15 19 0.0538205 
390 256 16 20 0.053726822 
982 129 13 16 0.053719852 
231 234 13 17 0.053580824 
363 185 14 16 0.053521592 
764 138 12 15 0.05346317 
848 162 11 15 0.053406708 
93 155 13 16 0.05329508 
310 141 11 13 0.053279046 
576 142 10 13 0.053145487 
192 291 16 17 0.05279261 
731 38 13 14 0.052763477 
405 261 19 24 0.0527602 
519 93 11 14 0.052748483 
37 156 14 16 0.05256528 
477 639 26 31 0.052512184 
55 80 9 12 0.05244828 
469 37 11 13 0.05222554 
334 122 13 17 0.052118137 
568 91 10 14 0.05210189 
805 170 14 16 0.0520755 
511 63 11 13 0.05196166 
619 329 15 19 0.051937897 
320 37 10 12 0.05193331 
564 109 13 15 0.051837012 
882 429 27 31 0.051743336 
725 5 12 14 0.051722 
323 93 12 15 0.051697373 
703 181 12 16 0.051676348 
278 51 10 13 0.05159048 
494 14 11 13 0.051555242 
175 52 11 14 0.051542453 
523 141 12 15 0.05143354 
6 410 22 30 0.05141908 
805 189 13 15 0.051399447 
799 82 12 14 0.051398866 
827 193 14 17 0.051325 
824 106 13 17 0.051287405 
782 74 12 15 0.05125085 
184 140 14 16 0.051233683 
750 155 14 16 0.051113646 
937 233 16 19 0.0511124 
725 165 12 15 0.051081464 
820 29 12 14 0.051067114 
201 59 12 15 0.051040597 
560 34 10 14 0.050998446 
311 147 12 14 0.050990246 
566 1 9 9 0.050982676 
181 52 11 13 0.050936956 
273 92 11 14 0.050931193 
651 14 11 14 0.050902024 
445 131 13 15 0.050847396 
770 124 14 17 0.05083267 
748 12 11 14 0.05082569 
675 111 12 14 0.050535895 
88 64 9 11 0.05044321 
819 35 13 16 0.050363943 
257 250 15 17 0.050319374 
526 67 12 14 0.05027523 
343 13 11 16 0.050120126 
575 340 21 25 0.050108414 
392 154 12 15 0.0500993 
579 268 16 21 0.050035585 
591 47 11 13 0.04999377 
151 141 12 14 0.04994033 
812 186 13 15 0.049927175 
377 291 16 19 0.049841467 
211 313 16 20 0.04982838 
422 164 12 15 0.04980054 
135 4 14 16 0.049733173 
813 91 11 14 0.049724802 
573 59 11 14 0.04956224 
645 198 11 14 0.04952138 
531 171 14 16 0.049468007 
156 77 11 14 0.049393184 
832 90 11 14 0.049330425 
116 260 14 19 0.04929446 
957 226 14 18 0.04928033 
127 69 10 12 0.0492763 
693 52 11 13 0.049233202 
926 211 13 15 0.04912326 
819 211 14 16 0.04903871 
652 20 11 12 0.049022336 
724 235 13 18 0.049013782 
708 118 11 12 0.048953813 
672 121 12 16 0.048868656 
125 46 9 11 0.048796393 
824 233 13 18 0.048751526 
277 550 16 21 0.04870313 
141 315 15 19 0.04858401 
329 277 22 25 0.04854825 
414 166 11 14 0.04851354 
549 197 14 17 0.048430085 
619 223 12 16 0.0484155 
469 13 11 13 0.048375588 
582 28 11 14 0.048247837 
348 84 12 15 0.04824062 
301 270 15 19 0.048229393 
722 132 14 16 0.048210453 
818 173 16 18 0.04815905 
198 77 11 15 0.04815279 
634 118 13 16 0.048141453 
426 139 14 16 0.048106994 
544 8 9 11 0.048024964 
631 68 12 14 0.047992926 
548 148 12 16 0.04797916 
302 101 10 14 0.047975652 
242 134 13 16 0.047952514 
228 140 14 16 0.047929417 
229 190 14 17 0.047867347 
245 44 11 13 0.047840934 
237 299 16 19 0.04777586 
425 118 12 16 0.047747947 
374 165 11 13 0.04770779 
184 417 20 25 0.047679234 
913 283 20 27 0.047633167 
630 10 10 13 0.047628734 
727 12 10 13 0.047381926 
108 85 10 13 0.047365364 
44 464 20 27 0.04735115 
477 203 15 17 0.047337003 
471 100 12 15 0.047318693 
188 110 13 16 0.047291048 
270 47 10 10 0.04728609 
269 61 11 13 0.047208518 
444 390 16 20 0.04718964 
240 69 10 12 0.047175415 
202 178 16 19 0.047156803 
231 46 10 12 0.047103234 
468 76 12 15 0.04708278 
596 205 12 15 0.04707485 
723 170 12 15 0.04696971 
659 268 14 20 0.046905212 
818 19 14 16 0.0468271 
576 148 12 15 0.046691854 
411 312 16 21 0.046668988 
139 150 12 15 0.0466601 
383 232 15 19 0.046626378 
891 241 15 19 0.046491962 
844 190 14 17 0.04647821 
958 64 10 12 0.046420824 
168 2 11 14 0.046400215 
638 68 12 15 0.046398986 
276 187 14 17 0.046373 
677 175 13 15 0.046360325 
476 46 12 14 0.046334617 
93 86 12 14 0.046324186 
43 293 17 20 0.04625133 
886 124 13 16 0.046171557 
655 86 11 13 0.046164848 
288 4 10 12 0.046159707 
820 53 13 16 0.04613114 
55 126 13 16 0.04599182 
932 284 23 30 0.04592241 
179 249 14 17 0.045909457 
652 299 16 20 0.04580364 
653 148 12 15 0.045703303 
78 106 11 14 0.045650102 
20 72 9 12 0.045582153 
459 166 13 17 0.04552337 
701 26 13 15 0.0455023 
333 157 11 14 0.045437105 
857 493 23 30 0.045313947 
54 104 10 12 0.045305282 
112 70 10 13 0.045278843 
573 216 13 18 0.045231443 
330 507 21 27 0.045200918 
256 5 10 13 0.045159403 
138 260 15 19 0.045135282 
551 19 11 13 0.04513104 
260 62 13 14 0.045014895 
440 3 12 15 0.04500979 
522 102 13 16 0.044998337 
570 84 12 15 0.04496986 
265 273 15 18 0.044957902 
425 22 11 14 0.044919513 
14 274 14 18 0.044908136 
326 60 14 17 0.04484494 
7 115 10 14 0.04477306 
655 202 13 16 0.04474531 
903 99 11 14 0.044728782 
100 362 15 19 0.044655498 
128 183 13 16 0.044587154 
167 141 13 16 0.044551436 
734 124 12 15 0.044535488 
220 155 14 17 0.044427205 
950 135 13 15 0.04422031 
846 27 12 16 0.04415057 
278 0 9 11 0.044146065 
931 157 16 20 0.044066373 
894 150 14 15 0.044010837 
266 76 13 16 0.04398665 
516 126 11 14 0.04398023 
314 116 13 14 0.043860972 
13 86 10 12 0.04378216 
157 203 14 17 0.043743048 
193 137 14 17 0.043738425 
694 27 11 14 0.043566916 
504 1 10 10 0.043554507 
902 90 12 15 0.043481056 
494 125 10 13 0.043479647 
13 93 10 14 0.04346224 
176 45 10 13 0.043442428 
343 79 11 14 0.043377824 
604 100 11 13 0.043365337 
484 201 14 17 0.043339834 
511 76 10 14 0.043301336 
302 305 16 19 0.043252144 
822 204 13 16 0.04319882 
686 347 23 26 0.043195367 
518 170 12 16 0.04314313 
493 53 9 13 0.04312878 
247 32 11 12 0.043121267 
670 176 12 14 0.0430992 
139 346 16 21 0.043098465 
815 85 11 14 0.043089617 
329 406 21 24 0.042987537 
464 3 10 13 0.04297228 
167 50 11 14 0.042966273 
135 76 10 13 0.042958077 
259 99 13 15 0.042956516 
889 260 16 18 0.042925023 
862 454 23 28 0.042873304 
807 99 12 15 0.04281781 
580 118 14 15 0.042806797 
252 101 13 15 0.042804062 
807 140 10 13 0.04280236 
384 242 12 15 0.042753685 
444 242 14 17 0.042732045 
490 431 18 22 0.042721864 
317 149 12 15 0.042587727 
371 172 12 14 0.042583115 
923 95 14 16 0.04252438 
719 69 11 14 0.042458795 
977 96 15 18 0.042393703 
598 62 10 12 0.042390008 
54 180 11 15 0.042365227 
90 289 15 18 0.042357095 
286 139 13 16 0.042292517 
268 38 10 11 0.04226429 
7 278 12 16 0.04218488 
182 116 12 16 0.042181645 
132 347 16 20 0.042162903 
168 180 14 18 0.042159002 
256 138 13 15 0.042157143 
612 492 24 29 0.042141527 
90 138 14 16 0.042115208 
723 181 12 15 0.042110894 
400 67 12 14 0.042089105 
742 12 12 13 0.042069003 
247 61 10 13 0.041993953 
28 194 12 15 0.04193242 
323 383 15 20 0.04191674 
260 0 10 10 0.041782897 
391 280 19 24 0.041628495 
818 148 13 15 0.041596744 
522 41 10 12 0.041596126 
603 141 12 14 0.04156071 
478 258 14 17 0.041544046 
534 75 11 14 0.04152332 
123 576 15 19 0.04151448 
575 155 13 16 0.04151047 
725 188 13 16 0.041482378 
880 171 13 16 0.041442644 
75 119 13 15 0.041360795 
955 131 12 16 0.041288745 
563 548 17 22 0.041259263 
486 117 11 13 0.04124341 
67 211 12 15 0.041231725 
70 179 12 14 0.04110831 
70 92 9 12 0.04109024 
941 272 16 19 0.0410229 
382 350 17 22 0.04101564 
480 139 12 16 0.04101553 
117 15 9 12 0.04093739 
669 141 12 14 0.0408774 
110 114 14 17 0.040868636 
49 104 9 11 0.040865522 
216 36 11 14 0.040837377 
245 78 10 14 0.040817127 
649 133 14 16 0.040764935 
6 354 14 20 0.0407179 
442 201 15 19 0.04069993 
694 189 12 15 0.040694408 
372 74 12 14 0.04066503 
877 439 23 30 0.040619463 
718 235 13 17 0.040583204 
111 160 15 17 0.04056083 
94 302 16 19 0.04046732 
405 139 13 15 0.040427648 
24 187 13 18 0.04039892 
499 141 11 15 0.04035982 
277 454 24 28 0.04032036 
1002 188 16 18 0.040292382 
858 506 25 30 0.040251166 
877 65 14 17 0.04020805 
279 133 12 14 0.040192444 
612 123 12 14 0.040172487 
294 116 11 14 0.040171865 
381 166 11 13 0.04008765 
520 164 13 16 0.04007165 
126 202 13 16 0.040032186 
119 45 11 12 0.040029064 
468 212 13 17 0.03998934 
101 260 12 15 0.039987054 
639 146 12 16 0.039978363 
324 162 12 16 0.039955672 
597 213 12 14 0.03994134 
443 291 14 18 0.03989424 
29 88 11 13 0.039872065 
377 5 13 15 0.039857566 
179 240 15 19 0.03982608 
221 397 15 18 0.039794832 
702 111 12 14 0.03973052 
980 305 38 52 0.039707627 
910 103 11 14 0.03968208 
381 101 12 16 0.039669964 
229 15 10 12 0.03966714 
478 164 13 17 0.039602347 
885 156 12 15 0.039601315 
88 55 9 10 0.039520722 
655 276 21 24 0.039435852 
670 133 12 15 0.03935562 
42 170 13 15 0.039352395 
484 495 16 21 0.039350506 
508 534 22 29 0.039344843 
882 456 29 35 0.039334428 
781 84 12 14 0.03927126 
955 140 11 15 0.03925404 
707 193 13 17 0.03925062 
256 13 9 13 0.0392389 
469 140 13 15 0.03918734 
509 1 10 10 0.039170843 
649 503 27 31 0.039151568 
752 29 11 13 0.03914863 
183 97 12 16 0.03914753 
373 180 12 16 0.039141063 
582 6 11 13 0.039059956 
637 5 10 11 0.039040208 
856 111 11 14 0.039038256 
622 231 18 22 0.038993273 
648 283 22 26 0.038962495 
517 278 15 19 0.038837902 
623 36 11 14 0.038837217 
822 316 15 19 0.03881671 
536 140 11 14 0.038574565 
493 286 16 19 0.038507946 
512 85 10 13 0.038442478 
124 53 10 12 0.03843987 
227 394 15 19 0.038429473 
517 130 13 16 0.03840296 
573 18 11 13 0.038391784 
294 227 12 15 0.038308777 
503 213 15 18 0.038231082 
444 60 13 16 0.03814502 
447 30 11 13 0.038140558 
176 38 11 13 0.03814044 
261 5 11 13 0.038132917 
535 31 9 12 0.038008332 
908 225 15 18 0.037968658 
326 188 13 16 0.037951566 
735 50 12 15 0.0378676 
315 245 16 19 0.037867278 
898 9 14 16 0.037865136 
334 393 21 25 0.037793435 
274 115 13 16 0.03777497 
83 304 15 19 0.037749697 
259 170 11 14 0.037744716 
664 13 8 12 0.03764028 
198 376 14 19 0.037610203 
367 437 18 21 0.037586592 
197 149 13 14 0.037517942 
323 172 12 15 0.03749515 
830 220 15 17 0.037447833 
191 173 14 16 0.037402555 
511 203 19 23 0.037333384 
664 69 10 13 0.037328754 
780 26 13 16 0.037323616 
91 250 15 18 0.037304524 
762 202 14 17 0.03729077 
587 244 15 18 0.037289005 
517 180 13 16 0.037254818 
398 20 11 14 0.037215777 
973 305 16 21 0.037214987 
937 250 21 25 0.037212174 
165 451 14 19 0.037206993 
435 129 13 16 0.037164345 
759 556 32 37 0.03708858 
293 196 19 23 0.037057035 
583 540 22 29 0.037006516 
103 140 11 15 0.036992196 
462 62 11 14 0.03698896 
689 197 13 16 0.03698789 
59 225 14 17 0.036984056 
390 164 12 15 0.03694817 
319 31 10 12 0.036948156 
88 512 22 27 0.036886137 
724 66 13 16 0.03687445 
538 175 13 16 0.036835615 
863 247 16 20 0.03683241 
60 124 13 15 0.03675834 
964 63 10 11 0.03672536 
157 70 10 12 0.036706112 
988 179 13 15 0.03666465 
587 263 15 19 0.03662726 
300 596 25 30 0.036502168 
187 145 14 17 0.03646489 
72 108 9 12 0.036392678 
783 123 11 15 0.036319833 
470 82 11 15 0.036297824 
830 56 15 19 0.036269452 
574 69 10 13 0.03624132 
853 201 14 19 0.036232293 
253 31 11 12 0.036199253 
749 75 12 15 0.036109023 
198 12 11 14 0.036103606 
245 68 10 13 0.036080327 
279 13 10 13 0.036071703 
550 188 13 16 0.036061432 
582 84 12 15 0.03599329 
623 105 12 15 0.03593691 
101 148 10 14 0.035933204 
938 208 16 19 0.03591532 
141 56 11 12 0.03588398 
823 122 13 16 0.03587726 
848 451 24 29 0.035866156 
121 536 22 26 0.035819557 
264 109 12 15 0.035677195 
876 85 12 15 0.035656374 
621 15 11 12 0.03564821 
666 148 13 15 0.03564529 
869 212 14 18 0.035639822 
859 408 18 22 0.035630826 
630 221 12 15 0.035599165 
367 30 12 14 0.035503488 
842 207 15 18 0.03549843 
588 228 14 16 0.035385966 
510 53 10 12 0.035372443 
94 149 12 15 0.03536538 
223 84 11 14 0.035312437 
622 117 12 15 0.035309292 
309 77 11 13 0.035280712 
75 282 15 17 0.035220563 
935 90 12 16 0.03519617 
251 228 12 16 0.035150476 
503 358 17 19 0.035136502 
89 234 13 16 0.035115946 
352 139 11 15 0.035089504 
598 12 9 12 0.03507409 
806 150 11 15 0.035053663 
869 59 15 17 0.03502981 
685 117 12 15 0.03502054 
286 207 14 18 0.035018314 
261 317 13 16 0.03496194 
749 449 26 32 0.034928445 
132 316 14 17 0.034898598 
748 172 13 16 0.034888256 
72 53 10 11 0.034881208 
127 260 13 19 0.034866937 
46 182 12 15 0.03485657 
740 49 13 15 0.03483521 
727 22 11 14 0.034784175 
349 149 12 14 0.034776025 
62 293 15 19 0.034738693 
270 165 14 16 0.034735918 
101 204 12 15 0.034719344 
534 14 9 11 0.034715123 
557 214 14 17 0.0346966 
901 267 15 20 0.034690306 
769 86 12 15 0.034614377 
126 39 10 12 0.034604233 
455 245 21 25 0.034593858 
164 16 11 12 0.03458617 
439 36 11 14 0.034577087 
406 440 18 22 0.034516852 
875 100 12 15 0.03447152 
684 325 17 18 0.034443952 
278 206 12 14 0.03443505 
844 76 13 16 0.034429543 
920 460 23 29 0.034396607 
100 212 12 15 0.03439277 
858 427 23 29 0.03439184 
97 462 18 21 0.034369573 
794 20 14 17 0.034333684 
389 565 13 19 0.034311637 
887 248 15 19 0.034311187 
639 218 13 16 0.034300573 
246 54 9 12 0.034299992 
337 212 14 17 0.03428417 
358 69 11 14 0.034127213 
76 45 11 13 0.03412515 
6 313 14 17 0.03412382 
976 64 10 12 0.034123197 
540 196 15 17 0.034112267 
806 21 13 17 0.03406194 
223 16 11 12 0.034029216 
215 16 10 12 0.033970226 
591 441 17 21 0.033959903 
789 317 21 26 0.033950895 
784 243 16 19 0.033885907 
372 18 15 18 0.033823743 
494 131 12 15 0.033823706 
18 244 14 18 0.033763144 
432 107 14 16 0.033762038 
797 13 12 14 0.033760816 
772 160 13 17 0.033760004 
472 107 11 14 0.033747163 
301 258 14 17 0.03374393 
450 12 10 13 0.033743534 
209 298 16 20 0.033743374 
548 115 12 15 0.033733554 
79 196 13 16 0.033681888 
916 604 17 22 0.033658884 
374 142 12 14 0.03364856 
573 100 12 14 0.033624705 
628 87 12 14 0.03362081 
849 266 16 19 0.033587623 
892 198 18 22 0.033584677 
627 242 22 25 0.033571675 
191 12 12 13 0.033557773 
61 103 10 13 0.033552665 
136 54 10 12 0.033552237 
464 54 10 12 0.033522315 
735 211 19 23 0.033493716 
798 41 14 17 0.03344215 
329 22 10 12 0.03342529 
28 330 13 18 0.033378214 
756 58 12 16 0.033349734 
237 237 15 18 0.03332859 
356 149 12 14 0.033306375 
128 194 13 17 0.033275016 
405 1 12 15 0.033271715 
315 393 16 21 0.033229444 
261 282 15 18 0.033212394 
766 53 12 16 0.033202518 
356 18 12 16 0.03319933 
337 429 17 21 0.033182014 
673 20 10 14 0.03317582 
920 414 24 31 0.033160836 
571 407 18 22 0.033157893 
221 132 12 15 0.033151835 
573 271 15 20 0.03311693 
431 186 12 16 0.033075295 
495 275 14 18 0.0329902 
148 132 13 16 0.03292686 
808 180 13 15 0.032925736 
830 149 11 14 0.03290488 
290 396 17 21 0.03289723 
355 290 14 17 0.032880142 
344 6 10 13 0.032871228 
286 107 12 14 0.03286705 
99 376 16 19 0.03286065 
377 402 16 19 0.032851238 
553 70 10 12 0.032827076 
469 203 13 17 0.032781728 
210 190 14 18 0.032764222 
147 123 12 15 0.032690544 
363 264 15 19 0.03266964 
397 27 12 14 0.032669622 
781 118 11 14 0.032668047 
780 93 14 16 0.0326672 
708 54 11 13 0.03266426 
263 231 14 18 0.03265525 
127 150 12 15 0.03265491 
25 279 16 18 0.032635294 
140 10 13 16 0.03261352 
268 377 16 20 0.0325597 
380 214 15 18 0.032554463 
229 206 15 19 0.032549463 
617 93 10 14 0.032548066 
899 118 13 17 0.032518312 
465 241 14 18 0.03251202 
662 434 22 27 0.03250392 
636 29 12 15 0.03248271 
708 264 15 20 0.032459144 
890 209 16 17 0.032457963 
405 97 12 16 0.032445133 
454 229 15 19 0.03238347 
906 55 21 24 0.03235454 
267 69 12 15 0.03232202 
722 125 14 15 0.032318 
249 314 14 17 0.032303195 
708 67 11 14 0.03230175 
519 154 13 15 0.03227512 
949 218 12 15 0.032263603 
73 139 14 16 0.03224144 
131 579 15 18 0.03219572 
331 102 14 16 0.032194115 
779 17 19 23 0.03211495 
505 172 14 18 0.0320811 
124 349 16 19 0.032071803 
313 54 11 15 0.03205999 
553 253 15 18 0.032042142 
291 253 16 20 0.032030396 
294 238 13 16 0.032021638 
308 350 22 26 0.03201286 
209 277 12 16 0.032012597 
805 41 13 17 0.03199753 
453 293 13 17 0.0319887 
61 46 9 11 0.031923544 
180 277 13 16 0.031916887 
105 396 18 22 0.031885073 
372 197 14 16 0.03183633 
441 226 14 18 0.031827103 
684 78 13 15 0.03182247 
79 93 9 13 0.031798758 
482 171 15 17 0.031789437 
548 85 12 13 0.031772994 
440 17 11 15 0.031771857 
924 265 23 26 0.031751227 
887 104 12 14 0.031747516 
170 377 16 19 0.031732935 
749 197 11 15 0.0317176 
846 20 12 15 0.031703576 
448 180 13 16 0.031688746 
147 301 16 18 0.03165086 
391 121 13 18 0.031638008 
302 370 14 18 0.031586606 
193 432 16 21 0.03155577 
501 257 16 19 0.031524938 
1000 197 21 28 0.03151047 
476 195 15 18 0.031452466 
88 226 14 17 0.031439926 
287 156 14 18 0.031430673 
676 218 13 18 0.03137832 
228 251 15 17 0.031358972 
158 108 11 15 0.031352423 
511 20 10 14 0.031333443 
718 141 14 17 0.031332176 
878 269 13 16 0.031218462 
668 409 19 22 0.031181738 
755 37 13 16 0.031163167 
287 53 9 12 0.031157576 
773 233 16 19 0.031062357 
734 240 15 18 0.031049902 
876 156 14 17 0.031039545 
227 363 16 20 0.03099134 
175 234 14 18 0.030972 
537 256 15 18 0.03090306 
590 84 11 14 0.030892437 
222 147 14 17 0.030878635 
967 85 15 19 0.030857509 
624 2 10 11 0.030856097 
233 121 14 16 0.030835398 
475 362 16 20 0.03082467 
493 62 10 13 0.030814458 
621 69 11 14 0.030801428 
675 28 11 15 0.030758355 
382 258 14 18 0.03074463 
78 53 10 11 0.030743515 
168 193 13 17 0.030739708 
369 12 11 15 0.030704226 
388 28 11 14 0.03068709 
785 192 15 17 0.030683104 
977 232 16 19 0.030671366 
590 164 11 14 0.03062841 
630 107 11 14 0.03059529 
699 502 24 31 0.030585006 
608 110 11 12 0.030578068 
711 13 9 12 0.030567152 
863 154 12 16 0.03056385 
180 314 18 23 0.03050145 
542 100 11 14 0.030493297 
344 100 12 15 0.030492833 
926 49 13 19 0.030449335 
471 44 12 15 0.03043703 
574 132 11 13 0.030416016 
718 104 12 15 0.030392624 
497 147 13 15 0.030391583 
176 86 10 12 0.030359225 
903 171 11 14 0.030348951 
874 278 21 26 0.030344557 
614 28 12 13 0.030297706 
853 94 12 14 0.03028671 
922 108 13 15 0.030254832 
747 203 13 17 0.030219452 
643 156 14 16 0.03020862 
300 67 12 13 0.030206876 
535 86 11 14 0.030175466 
34 275 20 23 0.030173818 
944 68 10 13 0.030133702 
469 342 17 21 0.03005877 
998 224 23 32 0.030035574 
746 250 22 27 0.030007191 
6 394 14 20 0.029977556 
280 70 11 13 0.029964723 
343 93 11 13 0.029802341 
797 149 13 16 0.029780623 
229 157 15 19 0.029758427 
972 197 14 17 0.029745765 
374 225 14 17 0.02971674 
14 324 21 25 0.029712712 
491 233 14 19 0.02967372 
155 272 14 18 0.029668368 
790 85 11 13 0.029665926 
278 61 10 12 0.02966116 
523 92 13 15 0.029654048 
171 174 16 18 0.0296455 
100 411 21 26 0.029598095 
111 44 11 13 0.029535843 
564 214 14 17 0.029481752 
180 290 16 19 0.029475737 
176 179 15 18 0.029471142 
319 13 10 13 0.029460197 
786 266 21 26 0.029449847 
805 134 11 13 0.029438432 
600 390 19 22 0.029399078 
44 409 22 26 0.029393908 
608 30 10 12 0.029392399 
87 30 8 10 0.029392166 
14 118 11 14 0.029350923 
446 173 11 15 0.02933734 
293 25 10 13 0.02932621 
644 278 16 21 0.029322382 
287 23 10 13 0.029313438 
164 297 19 23 0.029297268 
430 93 10 14 0.029253956 
388 55 11 14 0.029240789 
279 252 12 16 0.029227147 
188 46 10 11 0.029195553 
204 253 12 16 0.029188985 
571 546 24 28 0.029159954 
301 458 16 21 0.029147144 
285 227 13 16 0.029130265 
492 117 11 15 0.029120961 
93 370 16 19 0.029061696 
266 314 17 19 0.029060993 
248 391 19 21 0.028970346 
101 31 9 11 0.028932348 
261 13 10 13 0.028874407 
511 28 11 13 0.02886873 
143 299 13 16 0.028865915 
917 145 14 17 0.028851613 
386 357 17 21 0.028842121 
654 171 12 15 0.028823936 
550 28 11 13 0.028812673 
308 258 14 18 0.02880857 
153 28 11 13 0.028796319 
588 180 11 15 0.028789511 
42 543 18 25 0.028770696 
702 74 11 15 0.028755743 
101 46 10 12 0.0287449 
351 70 11 13 0.028540151 
109 53 10 13 0.028525416 
773 256 16 21 0.028504446 
139 586 23 26 0.028494742 
572 373 18 22 0.028490815 
224 101 11 14 0.028467095 
193 274 15 17 0.02844921 
478 473 16 21 0.028442692 
198 93 11 14 0.028404413 
424 69 10 14 0.028377876 
110 76 9 12 0.028367674 
670 47 11 13 0.028327692 
735 172 12 14 0.028274376 
636 106 13 16 0.028255332 
726 114 12 15 0.02823412 
87 162 14 18 0.02821688 
505 184 14 17 0.028188031 
279 21 10 12 0.028162356 
639 158 12 16 0.028130908 
27 400 14 18 0.028115178 
406 187 13 16 0.0280923 
180 5 10 12 0.028091807 
475 408 16 19 0.028084015 
879 36 14 16 0.028027844 
356 315 14 19 0.028017104 
469 4 11 13 0.027994698 
125 300 16 20 0.02796457 
518 249 13 17 0.027942946 
470 420 22 28 0.027932424 
641 421 17 20 0.02790615 
967 219 15 19 0.02786592 
533 45 10 12 0.027862215 
517 234 14 18 0.027842356 
8 314 21 25 0.027817 
219 214 14 17 0.027783332 
65 143 10 13 0.02774778 
867 187 14 17 0.027747141 
403 107 13 16 0.027738534 
194 591 17 21 0.027732875 
641 55 9 12 0.027732303 
91 329 15 19 0.027696602 
10 92 8 12 0.027690116 
308 462 17 22 0.02768258 
726 287 16 21 0.027660303 
524 356 14 17 0.027646994 
53 156 11 14 0.02763257 
577 391 23 28 0.027592486 
6 386 12 17 0.027571324 
101 124 13 15 0.0275276 
392 350 17 20 0.027526325 
295 42 10 14 0.027503666 
287 568 19 22 0.027457751 
482 186 14 16 0.02737605 
72 428 21 26 0.02736202 
841 125 12 16 0.027286384 
300 37 11 13 0.027248576 
206 291 14 18 0.027236793 
912 138 13 17 0.02723522 
32 147 12 15 0.027195817 
396 2 15 16 0.027188698 
514 146 11 14 0.027188264 
531 320 14 20 0.027186744 
244 371 16 19 0.02714813 
163 35 13 14 0.027136121 
749 180 11 15 0.027129289 
719 21 11 14 0.027128536 
185 397 16 20 0.027127484 
925 58 12 16 0.02712206 
61 384 15 20 0.027073396 
512 62 19 23 0.02706545 
128 14 11 14 0.027045 
311 175 14 17 0.02704411 
53 164 11 13 0.027043639 
214 127 11 14 0.027035391 
367 149 11 14 0.027024142 
212 143 13 17 0.02701241 
900 164 13 16 0.026993087 
13 453 22 28 0.026969766 
654 216 16 21 0.02695642 
933 139 11 16 0.026947478 
788 61 12 15 0.026917487 
747 221 12 16 0.026863297 
688 38 12 14 0.02684192 
758 77 11 14 0.026836507 
632 75 11 13 0.02683235 
455 62 11 14 0.026818782 
575 94 11 14 0.026798092 
118 28 10 11 0.0267874 
661 171 13 15 0.026784888 
415 157 12 14 0.026773809 
632 304 15 20 0.026750848 
589 37 10 14 0.02674748 
53 151 11 13 0.026741883 
646 179 11 14 0.026725624 
245 0 10 10 0.026696745 
413 14 10 13 0.026693562 
335 207 11 15 0.0266841 
177 214 12 16 0.026662143 
552 231 14 19 0.026632782 
554 324 18 22 0.026610516 
937 220 16 19 0.026586337 
876 189 14 16 0.026570441 
617 44 11 13 0.026531035 
609 161 18 23 0.026514076 
279 31 9 11 0.026484873 
876 75 13 15 0.026442908 
301 349 16 20 0.026441602 
268 327 21 24 0.026434058 
366 198 13 16 0.02641805 
502 35 18 21 0.026412863 
810 253 22 25 0.026369704 
790 35 11 15 0.026347594 
436 284 15 18 0.026342912 
389 102 12 15 0.026342828 
705 92 11 15 0.026311582 
293 78 11 14 0.026311215 
420 302 20 25 0.026274765 
106 275 14 17 0.026261874 
501 20 11 13 0.026235374 
8 166 9 12 0.026224319 
560 1 10 10 0.026194282 
286 147 12 16 0.026188333 
244 579 18 22 0.026150445 
112 14 10 12 0.02614241 
78 389 16 21 0.026130084 
255 219 12 15 0.026117252 
629 23 10 12 0.0260814 
49 276 15 19 0.026073372 
806 12 12 15 0.02606756 
952 123 12 15 0.02602821 
220 187 13 16 0.02599791 
99 505 16 21 0.025978366 
471 377 20 25 0.025975145 
482 423 21 27 0.025975132 
464 34 11 14 0.025963427 
954 286 23 30 0.025951957 
301 44 11 14 0.025933424 
382 55 12 14 0.025902547 
108 266 15 18 0.025885599 
133 201 14 17 0.025872843 
742 131 13 16 0.025868014 
861 302 17 20 0.025867216 
5 157 11 14 0.025866803 
360 234 19 24 0.025780834 
405 147 11 14 0.025769154 
317 191 14 18 0.025754971 
716 186 13 16 0.025721204 
748 188 12 14 0.025720317 
627 46 13 15 0.025720295 
332 44 11 13 0.025712362 
691 222 15 19 0.025711734 
836 189 14 17 0.025674738 
884 17 14 15 0.02564111 
224 93 11 13 0.025618156 
521 188 15 18 0.025598293 
539 314 14 19 0.025594309 
335 163 11 14 0.02558236 
27 231 14 18 0.025574794 
452 109 13 16 0.025572466 
910 67 12 14 0.025556246 
139 19 11 14 0.025516853 
590 22 10 12 0.0255025 
220 179 13 17 0.025469176 
155 261 14 17 0.025446381 
20 316 16 19 0.025436778 
724 42 13 16 0.02543239 
407 77 12 14 0.025409954 
862 42 13 16 0.025395848 
151 300 21 24 0.025284497 
26 112 12 13 0.02526967 
954 233 16 18 0.025267921 
516 223 15 19 0.025262313 
709 211 13 16 0.025238037 
960 184 15 19 0.02523496 
709 45 11 14 0.025166411 
204 123 13 16 0.025165197 
101 282 12 16 0.02514559 
31 203 12 15 0.025133869 
847 170 12 16 0.025128815 
884 267 14 17 0.025122251 
175 294 13 16 0.02507323 
545 346 22 27 0.025071982 
117 250 13 18 0.025067309 
332 22 12 14 0.025037698 
19 149 13 15 0.025032632 
221 140 14 16 0.025029546 
733 165 12 15 0.025020739 
473 185 13 17 0.025010739 
8 225 12 18 0.025004612 
245 180 13 16 0.024989793 
779 141 12 15 0.024989774 
541 536 16 21 0.024977915 
100 155 11 15 0.024975296 
452 130 13 16 0.024963088 
558 45 11 14 0.02495814 
358 124 13 16 0.02493797 
11 192 13 17 0.024937376 
821 82 13 15 0.024853075 
852 157 11 14 0.024831535 
400 505 24 30 0.02482919 
170 563 16 20 0.024820367 
502 99 10 14 0.024815312 
46 69 10 12 0.024812378 
216 259 12 16 0.024769738 
404 214 14 16 0.024726354 
36 180 12 15 0.024719913 
820 497 24 28 0.02470533 
59 552 26 28 0.024701579 
866 269 22 24 0.024673086 
629 187 12 15 0.024661915 
469 94 12 14 0.024646726 
254 298 13 18 0.024628052 
442 332 21 24 0.024624726 
105 458 16 19 0.024622124 
412 509 24 30 0.024619024 
885 235 14 20 0.0246051 
643 289 16 19 0.024601871 
495 268 13 16 0.024596341 
516 28 11 12 0.024595853 
154 92 12 14 0.024591966 
331 54 13 15 0.024590088 
259 290 14 17 0.02457605 
1001 148 15 19 0.024567382 
583 231 13 15 0.024561193 
732 111 13 17 0.024559423 
852 122 14 17 0.024551941 
471 217 13 17 0.024533229 
697 340 15 19 0.024518577 
645 304 16 20 0.024491044 
148 410 16 18 0.024473825 
613 0 10 11 0.024469066 
106 385 17 19 0.024455747 
70 154 13 15 0.024446756 
843 316 19 23 0.024446666 
157 99 11 16 0.024441196 
882 41 15 17 0.024409493 
300 228 12 16 0.02439863 
14 235 13 16 0.024392955 
415 458 17 20 0.02438743 
710 156 12 15 0.024381336 
963 69 12 13 0.024379011 
526 116 12 14 0.024371646 
365 86 11 13 0.024350576 
588 156 12 14 0.024337428 
278 211 13 17 0.024335306 
92 406 18 22 0.024303673 
285 188 12 16 0.024300657 
436 113 12 16 0.024292717 
478 21 10 13 0.02428275 
686 188 11 14 0.024258189 
922 41 14 19 0.024238039 
108 242 13 18 0.024235288 
453 367 14 18 0.024217332 
438 395 14 18 0.024211023 
933 351 26 29 0.02420102 
829 211 13 16 0.024188215 
842 56 15 20 0.024168735 
479 1 11 10 0.024167696 
509 159 10 13 0.024152271 
171 498 17 22 0.024115844 
378 309 20 24 0.024115123 
788 68 13 16 0.024079517 
60 180 13 15 0.024075173 
841 236 19 22 0.024067752 
312 46 10 13 0.0240382 
506 293 14 19 0.024031712 
893 141 12 15 0.024031298 
444 16 13 16 0.024022443 
948 94 14 17 0.024018077 
228 132 14 16 0.024006639 
973 165 14 17 0.023993973 
894 297 15 21 0.023993224 
649 443 23 29 0.023973841 
720 27 11 15 0.023960875 
863 317 21 27 0.023949057 
381 200 13 17 0.02391789 
806 271 15 20 0.023909563 
102 35 10 13 0.02387925 
889 331 25 29 0.023866212 
501 425 22 29 0.023860397 
438 30 11 14 0.023850042 
118 202 12 17 0.02384985 
391 130 12 14 0.023849413 
707 407 21 27 0.02379524 
563 187 13 17 0.023755824 
789 464 24 30 0.023755474 
799 188 12 16 0.023714518 
669 37 11 13 0.023713415 
177 21 11 14 0.023709076 
499 366 17 22 0.023693364 
813 385 24 28 0.023685358 
199 20 11 13 0.023648346 
932 57 13 16 0.023647085 
494 5 10 13 0.023621652 
177 346 14 18 0.023613824 
331 384 15 19 0.023608394 
789 219 13 18 0.02360125 
96 31 9 10 0.023596294 
45 222 12 15 0.023549994 
496 1 9 10 0.02354638 
555 202 14 17 0.023525665 
508 266 15 18 0.023521338 
46 56 10 11 0.023517674 
286 216 14 19 0.023514733 
193 343 15 19 0.023457797 
842 252 16 18 0.0234555 
647 8 10 12 0.023439093 
274 230 15 19 0.023424406 
844 35 12 14 0.023409368 
660 182 12 14 0.023369094 
608 19 10 12 0.023359085 
429 171 12 14 0.02334455 
715 291 17 21 0.023339499 
143 162 13 17 0.023334866 
749 21 12 15 0.023333741 
769 28 13 16 0.023326602 
765 75 12 15 0.02331578 
337 331 15 20 0.023310483 
318 88 12 15 0.023306066 
85 109 11 14 0.023295835 
377 187 12 16 0.023284825 
379 23 14 17 0.023263898 
162 225 14 18 0.023237593 
719 58 11 14 0.023223745 
212 249 14 17 0.02321465 
723 221 13 16 0.023198187 
255 272 14 18 0.02319178 
235 332 15 18 0.023191513 
677 132 12 15 0.02318665 
739 38 14 16 0.02318434 
468 401 16 21 0.023165343 
358 38 10 13 0.023150956 
454 220 12 16 0.023130676 
469 172 14 17 0.023117503 
253 400 15 19 0.023105672 
165 126 17 19 0.023089081 
828 203 13 17 0.02307578 
910 112 14 17 0.023066236 
828 11 14 16 0.02305878 
708 26 13 16 0.02305529 
691 270 17 21 0.023037193 
702 269 21 25 0.023008408 
231 313 15 19 0.023000132 
375 2 11 12 0.022997044 
872 194 13 17 0.022994705 
560 83 12 14 0.02296715 
549 76 10 13 0.022960259 
15 123 12 15 0.022958228 
481 408 21 26 0.022940654 
107 236 13 14 0.02291459 
127 252 12 15 0.022912398 
814 77 11 14 0.022911254 
360 59 11 14 0.022904327 
213 156 12 15 0.022901021 
385 379 14 18 0.022882672 
414 492 24 28 0.022878252 
575 31 11 12 0.02287086 
582 55 11 12 0.022854438 
708 237 15 18 0.022838736 
511 324 21 23 0.022838129 
479 37 10 13 0.022822991 
86 86 10 14 0.022820558 
229 398 21 25 0.02279621 
645 126 11 14 0.022792513 
481 329 17 21 0.022786044 
659 542 31 34 0.022785077 
550 181 12 15 0.022772651 
260 448 17 21 0.022769118 
862 80 13 16 0.022768065 
831 142 10 13 0.022742337 
740 241 20 25 0.022737052 
186 73 19 21 0.022716857 
964 120 15 17 0.022691233 
74 487 16 22 0.022652244 
335 14 11 13 0.022602728 
835 66 14 18 0.022602392 
180 450 15 20 0.022601513 
470 1 10 10 0.022580998 
481 29 10 13 0.02256931 
774 74 12 16 0.022564998 
637 178 12 16 0.022551142 
823 327 20 25 0.022539152 
345 358 16 21 0.022522476 
324 14 11 13 0.022520084 
468 363 16 21 0.022504356 
385 496 22 27 0.022498187 
244 94 11 14 0.022487955 
417 228 14 18 0.022467345 
364 91 12 15 0.022465058 
718 433 23 31 0.022462023 
717 203 13 16 0.022437276 
404 273 16 20 0.022412326 
700 100 12 15 0.022394035 
895 67 19 23 0.022333758 
91 376 15 20 0.022329386 
853 51 13 16 0.022313476 
4 473 14 20 0.02230427 
797 247 21 26 0.022298954 
8 213 13 18 0.022294369 
412 140 12 16 0.02227017 
114 20 9 11 0.022260765 
477 456 17 20 0.022252547 
126 315 13 17 0.022251094 
87 39 9 10 0.02222935 
148 10 11 13 0.022181414 
50 85 10 12 0.022176687 
777 147 14 18 0.022169236 
275 479 18 20 0.022158327 
397 521 22 30 0.022147516 
598 22 9 12 0.022142045 
653 6 11 12 0.022136532 
645 332 24 29 0.02212644 
789 76 12 14 0.022112265 
687 27 12 15 0.022105325 
366 101 12 15 0.022101158 
536 148 12 14 0.022099229 
30 157 11 15 0.022093084 
539 59 11 14 0.02207236 
709 204 13 16 0.02206491 
182 556 24 29 0.022050088 
853 308 15 18 0.022012958 
399 54 13 16 0.022001462 
654 249 15 19 0.021993916 
277 287 14 18 0.021988593 
125 19 11 14 0.021987371 
806 293 17 21 0.021978665 
633 384 21 28 0.021968858 
974 187 14 16 0.02196093 
233 269 15 17 0.021957653 
51 186 13 15 0.021942072 
322 365 15 20 0.021937443 
498 195 14 18 0.021935698 
731 19 13 16 0.02192273 
270 22 10 13 0.02192272 
205 320 14 19 0.021887248 
198 30 10 12 0.021878194 
118 347 14 18 0.021868957 
155 63 12 13 0.021810839 
625 271 16 19 0.021790318 
891 304 16 22 0.021788234 
862 133 12 15 0.021785319 
532 214 16 20 0.021783182 
576 35 12 14 0.021775989 
311 5 10 13 0.02174941 
820 92 12 15 0.021731758 
688 19 10 13 0.021689827 
908 256 15 20 0.021678247 
170 455 20 25 0.021671316 
246 121 13 16 0.021649323 
455 210 12 17 0.021648569 
723 94 12 15 0.021642748 
866 66 17 19 0.021633398 
389 385 15 18 0.021615312 
716 509 25 31 0.02159737 
113 539 21 27 0.02159443 
728 208 14 18 0.021537585 
723 75 13 16 0.021533255 
22 99 10 12 0.021531971 
159 116 10 14 0.021526167 
781 106 13 17 0.021522667 
799 205 13 17 0.021508371 
284 257 15 19 0.021501163 
187 297 14 19 0.021490095 
845 99 13 16 0.021489237 
709 440 23 30 0.021484926 
150 540 13 17 0.021469183 
435 179 14 17 0.021466399 
637 290 13 18 0.021454183 
548 139 12 17 0.021444395 
858 192 15 19 0.02142754 
583 504 18 21 0.02140468 
946 422 25 28 0.021398826 
372 60 12 15 0.02136105 
483 398 21 24 0.02136021 
934 98 11 15 0.021345222 
253 410 16 20 0.02132614 
230 242 14 18 0.02131824 
942 282 18 24 0.021269253 
671 82 12 15 0.02123732 
261 22 11 13 0.021232087 
556 285 21 24 0.02122372 
860 165 13 16 0.021218464 
402 116 13 16 0.021214543 
36 188 13 16 0.021202907 
691 364 18 20 0.021197936 
208 106 14 16 0.021189399 
451 22 12 14 0.021167727 
284 462 22 26 0.021158393 
189 53 11 13 0.021142252 
484 239 15 19 0.021142004 
143 307 15 19 0.021138063 
459 361 15 20 0.02111021 
518 5 10 11 0.021105425 
261 156 12 15 0.021102725 
218 278 13 16 0.021097198 
837 174 11 14 0.021094501 
512 14 9 12 0.021086143 
942 98 13 16 0.02108027 
848 309 24 30 0.02107957 
748 282 19 25 0.021059766 
109 292 14 18 0.021049138 
493 241 15 20 0.021032814 
330 527 18 22 0.021023536 
602 296 16 21 0.020984724 
662 22 10 13 0.020977613 
369 330 22 25 0.020959876 
829 247 15 19 0.02095514 
404 157 12 15 0.020915432 
878 133 13 16 0.020915035 
769 443 25 30 0.020906188 
689 430 23 29 0.020903124 
613 135 10 12 0.020862795 
618 316 20 26 0.020854382 
304 22 9 12 0.020850565 
349 59 12 15 0.020840092 
293 4 11 13 0.0208252 
464 46 10 12 0.020785388 
235 188 12 16 0.02078278 
938 160 16 19 0.020778239 
696 1 12 12 0.020710403 
266 544 16 20 0.020708086 
650 261 16 19 0.020684782 
647 30 9 12 0.020637874 
732 67 12 15 0.020612232 
-1 395 21 33 0.020609308 
487 13 10 13 0.020607315 
98 194 12 16 0.020592988 
273 0 10 11 0.02058521 
958 386 16 20 0.020550095 
717 196 13 15 0.02054988 
195 317 14 19 0.020548163 
391 13 12 15 0.02054128 
183 131 13 16 0.020537738 
465 387 20 27 0.020531418 
589 124 11 14 0.020512007 
326 441 22 27 0.020505868 
636 187 12 14 0.020503413 
32 347 17 22 0.020498374 
836 18 15 18 0.020487731 
215 44 11 13 0.020481963 
217 468 22 27 0.02045589 
654 101 12 14 0.020435665 
804 125 11 13 0.020408679 
221 124 13 15 0.020397183 
111 92 9 12 0.020382136 
781 202 13 16 0.02038147 
29 215 15 18 0.020366069 
867 31 12 14 0.02033202 
226 354 16 19 0.020330673 
637 35 12 15 0.020284273 
51 402 15 19 0.020264326 
590 296 22 25 0.020262042 
716 119 13 15 0.02025365 
588 171 11 16 0.020240147 
983 152 15 19 0.020222481 
863 93 10 13 0.020220725 
13 109 11 13 0.02021903 
517 385 24 29 0.020209206 
708 292 16 21 0.020172615 
644 379 22 27 0.020093879 
348 312 15 19 0.020093737 
861 70 15 17 0.020089457 
359 467 14 21 0.020070447 
524 638 22 30 0.020063115 
987 90 12 18 0.020059757 
731 154 12 15 0.020056956 
677 270 20 25 0.020041242 
382 56 18 23 0.020040404 
470 196 13 16 0.020026937 
