2_Demonstration_Demonstrators_2_545
232
414 453 27 36 0.9915093 
66 432 30 40 0.9849866 
290 434 30 37 0.9823548 
403 404 18 24 0.98166806 
146 416 30 37 0.9734684 
60 494 38 49 0.9699023 
257 404 23 30 0.946357 
254 501 37 45 0.9309779 
212 382 16 20 0.9052908 
193 412 22 30 0.8580004 
835 367 25 31 0.7792411 
102 391 29 34 0.75159156 
361 419 19 24 0.68251383 
794 410 21 31 0.6289216 
741 327 15 18 0.55732435 
879 436 28 44 0.4757582 
114 387 25 33 0.43233934 
726 393 13 18 0.37905386 
691 295 13 19 0.3456895 
175 349 12 15 0.3376506 
125 326 16 19 0.33544022 
45 373 23 31 0.32813016 
916 346 19 24 0.29898122 
84 309 11 14 0.28570297 
428 365 14 17 0.27909613 
822 290 14 17 0.25409237 
308 294 13 16 0.23992236 
355 293 11 13 0.23504104 
114 348 15 20 0.23125337 
760 353 17 22 0.20880575 
438 350 13 17 0.20655261 
895 312 17 19 0.19556054 
787 350 15 18 0.19323851 
388 300 13 16 0.17530142 
83 377 22 30 0.17513716 
277 251 14 18 0.1519216 
859 330 15 20 0.15065308 
47 324 17 19 0.14502591 
919 289 15 19 0.14312439 
323 307 15 18 0.13802885 
97 340 21 27 0.13095328 
427 374 483 474 0.1307834 
299 358 17 20 0.129908 
159 323 13 16 0.12859407 
265 353 15 18 0.12350136 
46 363 15 21 0.11729247 
91 339 17 24 0.11631588 
422 364 14 18 0.11375829 
301 260 17 19 0.11225912 
849 133 33 39 0.11018663 
292 356 16 21 0.10539328 
349 365 13 18 0.10323807 
710 301 10 13 0.098559715 
743 303 11 14 0.09749998 
58 298 16 20 0.095419966 
124 303 17 20 0.09216069 
347 339 12 16 0.090637445 
336 354 14 19 0.08853583 
154 297 16 20 0.08634458 
833 193 28 39 0.085450776 
388 376 14 17 0.08135586 
439 310 11 13 0.08092223 
412 357 13 17 0.078955844 
157 283 13 15 0.07845037 
726 310 9 11 0.07577939 
418 445 19 21 0.07354872 
339 347 15 18 0.0712602 
353 297 14 18 0.07047276 
2 245 57 92 0.07003883 
429 331 15 19 0.06980157 
179 352 12 16 0.06976113 
421 294 10 13 0.06946992 
153 507 50 60 0.06781671 
432 359 15 19 0.066260636 
384 371 13 18 0.06529791 
838 376 27 37 0.06288638 
769 279 10 12 0.061047718 
477 366 21 27 0.06094092 
331 308 13 18 0.060917433 
905 286 22 28 0.060612593 
895 298 15 20 0.06001837 
918 206 27 35 0.0598811 
100 317 14 17 0.059566263 
303 297 14 18 0.057254225 
334 224 21 26 0.056743816 
129 388 17 24 0.05670098 
909 391 42 54 0.056415033 
922 296 15 20 0.05559394 
39 495 59 80 0.05517688 
676 298 11 16 0.053076763 
-2 399 29 38 0.052265696 
243 318 13 17 0.051800374 
319 347 14 18 0.049342822 
779 488 48 56 0.049019422 
930 406 28 40 0.04824774 
287 309 13 17 0.04720508 
65 506 54 71 0.04702513 
319 312 14 17 0.046757124 
741 292 9 12 0.046481732 
341 318 11 15 0.044312976 
742 286 10 13 0.0438654 
928 400 49 65 0.04321914 
861 407 47 61 0.04321198 
814 300 13 18 0.043120634 
272 258 14 17 0.042996347 
244 396 25 33 0.042989586 
851 299 14 16 0.042989086 
254 298 14 19 0.04265877 
973 272 22 31 0.04200319 
882 302 20 25 0.040775206 
950 406 63 85 0.04066441 
240 248 9 12 0.04062515 
135 419 24 34 0.04027011 
767 345 19 25 0.039989434 
878 304 15 20 0.039943587 
423 298 11 16 0.039898228 
893 412 45 59 0.038758095 
149 292 15 19 0.038717307 
43 343 23 31 0.0386572 
316 298 14 18 0.03816635 
195 406 17 22 0.037211683 
906 383 30 35 0.037131857 
869 438 50 66 0.037047494 
688 303 13 18 0.036940165 
124 312 17 21 0.036549177 
815 293 13 16 0.036460444 
454 326 12 16 0.036371168 
79 382 16 22 0.036108512 
348 231 15 20 0.036081158 
774 278 10 12 0.035675805 
358 234 14 20 0.035641275 
435 338 15 19 0.03525331 
206 317 12 13 0.03500719 
853 337 27 32 0.034696437 
925 147 29 37 0.03461996 
311 484 37 52 0.0343872 
301 304 14 18 0.034127936 
829 369 19 24 0.03390291 
823 316 12 15 0.033840317 
776 273 9 11 0.033718247 
10 347 22 30 0.033572003 
383 288 20 27 0.03289487 
768 273 8 9 0.03288492 
245 395 16 20 0.03273039 
847 315 24 31 0.03241166 
44 330 23 29 0.032277033 
276 265 13 15 0.03157596 
801 412 26 35 0.03130686 
947 363 13 19 0.031224314 
705 340 11 13 0.030971637 
917 357 16 21 0.030850127 
746 270 8 11 0.0303712 
737 325 13 17 0.030367915 
900 385 85 107 0.030348824 
224 317 9 11 0.029781468 
941 374 55 74 0.029177908 
238 370 15 19 0.028951727 
430 308 11 14 0.028801773 
303 286 14 18 0.028601093 
971 1 50 64 0.028077573 
345 252 15 18 0.028004661 
780 340 20 27 0.027866995 
930 419 17 24 0.027397059 
90 307 13 17 0.027391203 
213 354 13 16 0.02714614 
390 355 14 19 0.027120186 
899 292 17 21 0.026645266 
772 340 13 17 0.02653614 
85 258 12 14 0.026495516 
736 286 10 13 0.026087003 
356 286 14 17 0.025797648 
905 144 43 58 0.025766626 
932 267 26 34 0.025448129 
738 300 10 14 0.025258714 
151 283 23 28 0.025165342 
163 284 13 17 0.025021473 
152 323 12 15 0.024969598 
170 407 16 21 0.024936149 
827 76 80 113 0.024897778 
418 356 15 20 0.024482617 
325 352 14 17 0.02446234 
750 272 8 11 0.024461595 
845 306 22 28 0.02428138 
462 292 14 18 0.024197204 
739 302 21 25 0.023776464 
281 246 14 18 0.023711918 
290 313 14 18 0.023613868 
423 460 27 36 0.023482192 
230 317 11 14 0.023479741 
698 297 13 17 0.023475444 
203 249 15 16 0.023373399 
720 308 9 12 0.023254571 
476 264 50 64 0.023227988 
808 299 13 17 0.023112722 
342 366 15 20 0.02306626 
696 323 11 15 0.02305615 
307 303 15 19 0.022875905 
840 134 26 37 0.022820903 
368 528 28 37 0.02279108 
694 288 12 17 0.02276029 
1010 294 13 24 0.022721188 
80 303 13 17 0.022599215 
143 298 13 17 0.02255072 
447 325 12 15 0.022445755 
910 361 27 34 0.022418866 
116 358 16 21 0.022322884 
293 300 14 17 0.022112455 
94 314 15 19 0.022067608 
757 271 9 10 0.02195751 
994 280 24 36 0.021845547 
144 491 47 58 0.021741431 
685 287 12 15 0.0214302 
924 305 14 18 0.021381505 
437 326 11 15 0.021336693 
245 376 13 18 0.02131766 
338 294 22 27 0.021244831 
765 474 47 60 0.021239033 
837 383 47 56 0.021236895 
335 322 13 16 0.021213079 
861 99 57 76 0.021150034 
406 359 15 20 0.02114579 
64 305 14 17 0.021088537 
741 316 22 28 0.020964818 
950 243 12 17 0.020934744 
206 372 16 20 0.020912413 
882 319 89 110 0.020783057 
716 302 10 13 0.020648168 
137 302 21 24 0.020624274 
813 185 32 44 0.020604763 
161 294 16 21 0.020385306 
805 333 13 15 0.020020537 
332 301 12 16 0.020005774 
