2_Demonstration_Demonstration_Or_Protest_2_915
100
411 321 248 325 0.9950465 
201 272 18 24 0.93451494 
297 283 22 27 0.74329084 
264 267 12 16 0.6018905 
798 236 11 14 0.34369957 
229 275 12 16 0.28035468 
743 216 10 12 0.24834295 
328 260 12 14 0.20850323 
55 330 24 27 0.16290049 
363 237 10 14 0.10195302 
108 376 15 20 0.09846595 
722 244 10 13 0.09482871 
842 220 14 16 0.09196169 
768 220 12 15 0.08924075 
115 376 15 20 0.08279158 
106 384 16 20 0.07922181 
748 214 10 12 0.07469108 
58 341 19 22 0.071240336 
2 188 25 36 0.06570931 
278 317 13 17 0.06443054 
333 276 12 15 0.060175125 
197 363 16 22 0.05972594 
124 301 13 18 0.05556404 
669 214 14 17 0.055472635 
3 307 12 15 0.054985285 
661 217 16 19 0.050777834 
100 370 17 21 0.050752204 
49 283 10 13 0.050269198 
302 278 12 16 0.049002346 
148 379 13 17 0.046257038 
119 284 12 15 0.045156866 
98 385 26 31 0.04496468 
304 271 9 11 0.041250754 
675 214 11 14 0.040946282 
253 317 12 15 0.04074402 
239 258 12 15 0.04039467 
26 315 16 20 0.040086742 
124 378 14 20 0.03835039 
22 331 14 16 0.0371448 
331 268 12 15 0.037082195 
752 208 9 12 0.036783446 
472 120 24 31 0.0345513 
756 208 9 11 0.034001578 
579 106 15 19 0.033954334 
339 282 12 17 0.032057617 
323 256 21 25 0.03184001 
83 204 24 30 0.031696517 
10 188 15 20 0.0312688 
278 292 11 16 0.03115763 
837 216 23 27 0.030725867 
256 307 12 15 0.030711297 
36 314 14 19 0.030425519 
132 300 14 18 0.030166475 
45 298 14 17 0.029998463 
219 293 13 16 0.029787924 
874 208 24 30 0.029169222 
724 239 10 14 0.028987862 
170 370 16 19 0.028690144 
10 351 15 20 0.02848246 
361 260 9 11 0.0282016 
10 98 31 35 0.028065663 
375 236 13 14 0.027676294 
772 203 11 13 0.0272238 
100 314 14 18 0.027215928 
126 281 11 13 0.0265849 
13 149 26 32 0.026524957 
279 285 11 15 0.02630814 
742 196 12 14 0.025932075 
748 219 11 14 0.025873866 
60 317 14 16 0.025797684 
179 254 22 28 0.025623199 
285 284 11 15 0.02557297 
55 316 26 31 0.025334504 
685 245 13 17 0.025027767 
71 286 9 11 0.024814188 
766 211 21 25 0.024295637 
283 279 24 28 0.02404177 
688 159 7 9 0.023983333 
2 337 23 32 0.02351893 
186 354 16 19 0.023197098 
187 265 17 21 0.022940505 
678 232 13 17 0.022617517 
257 266 12 17 0.02259222 
577 101 25 34 0.02245428 
76 333 12 16 0.022234827 
232 261 10 13 0.021908954 
687 255 14 18 0.021857625 
269 252 13 16 0.021853073 
21 322 23 27 0.021837156 
237 284 10 13 0.021514034 
75 405 26 36 0.021341845 
259 314 13 16 0.02121385 
22 131 15 17 0.02099571 
224 271 12 18 0.020640407 
456 91 43 55 0.020625424 
838 171 225 250 0.020576429 
583 94 12 13 0.020451657 
190 361 16 21 0.02041733 
164 330 16 20 0.020125723 
278 278 10 13 0.020036409 
