2_Demonstration_Protesters_2_476
112
769 357 25 32 0.99625164 
685 382 22 31 0.992718 
187 412 26 36 0.9917231 
409 379 48 54 0.98920023 
273 385 41 55 0.98584867 
198 357 28 38 0.9728497 
920 375 22 27 0.8837105 
17 342 28 40 0.87491393 
106 383 51 58 0.7558857 
97 316 36 39 0.62001115 
582 401 27 33 0.6156518 
325 391 31 40 0.50098044 
450 381 26 36 0.34574997 
329 377 31 39 0.3350809 
255 369 31 42 0.30389842 
882 379 16 19 0.29120475 
612 375 14 18 0.23409082 
789 478 16 19 0.19804287 
255 358 29 32 0.1386558 
618 395 17 22 0.100560285 
239 340 11 14 0.094359756 
883 387 18 22 0.0940705 
197 414 28 39 0.08627025 
103 318 54 59 0.0780826 
762 337 38 58 0.07485143 
334 400 31 39 0.073567204 
626 398 17 24 0.06734425 
879 373 14 20 0.06647817 
122 279 46 53 0.06238548 
240 376 27 35 0.061427806 
221 345 13 15 0.05345574 
162 400 18 24 0.04892006 
173 366 22 29 0.048883956 
387 418 23 29 0.04623567 
634 401 14 20 0.046100643 
118 249 34 35 0.045955572 
136 392 33 44 0.045842323 
253 360 16 22 0.044394862 
99 347 62 72 0.044233814 
594 374 12 17 0.044220045 
137 333 24 28 0.042645194 
609 379 24 27 0.041886773 
187 348 12 16 0.04177947 
218 363 15 20 0.039701253 
164 397 28 36 0.03835105 
193 335 8 10 0.03823457 
681 371 18 21 0.037640166 
652 383 17 23 0.03709633 
660 452 18 19 0.036420334 
178 342 8 10 0.03541633 
612 354 12 15 0.035098504 
108 292 47 54 0.033750713 
491 402 23 27 0.0331855 
318 404 40 51 0.032895103 
175 400 33 40 0.03232819 
865 437 23 35 0.03171722 
259 349 15 18 0.031695507 
220 353 14 19 0.031546928 
612 364 13 16 0.031187704 
580 469 24 35 0.030662006 
632 356 10 15 0.030168567 
619 404 17 23 0.029483486 
951 369 15 22 0.02891862 
182 343 9 12 0.028824244 
167 369 15 21 0.02819231 
145 334 15 17 0.02790975 
23 365 15 22 0.026823519 
315 398 28 39 0.026371602 
188 355 14 20 0.025575358 
616 331 13 16 0.025517741 
231 356 11 17 0.024481041 
237 334 21 26 0.024229798 
646 373 12 17 0.023797924 
889 381 15 18 0.023471313 
78 355 15 19 0.023258984 
205 341 11 12 0.023195788 
206 358 39 49 0.023078328 
130 431 26 30 0.023076028 
25 338 17 24 0.023054559 
344 382 18 23 0.022846831 
181 355 24 33 0.022634277 
617 371 15 20 0.022571605 
943 481 13 17 0.022546647 
70 361 49 56 0.02238742 
890 205 49 63 0.022384344 
226 359 22 30 0.022359654 
597 407 20 23 0.022351686 
235 370 16 20 0.022287197 
272 339 11 15 0.022252848 
341 314 31 40 0.022228768 
654 372 14 17 0.022140114 
667 392 16 21 0.022042658 
358 407 15 19 0.022023702 
243 371 14 19 0.022001969 
955 458 39 56 0.021920161 
64 320 9 11 0.021769166 
670 371 14 19 0.021668142 
275 567 31 32 0.021550708 
190 342 10 13 0.02142479 
684 363 15 19 0.021319184 
66 394 48 53 0.021243542 
230 372 25 31 0.021143155 
109 256 30 36 0.020756654 
673 386 25 34 0.020728318 
84 323 28 33 0.020614602 
633 422 22 32 0.020573925 
644 337 13 16 0.020499771 
204 336 10 11 0.020431522 
620 366 23 30 0.020352514 
243 335 12 15 0.02018649 
177 337 8 11 0.020151598 
676 364 17 20 0.020143425 
