2_Demonstration_Demonstration_Or_Protest_2_496
42
315 91 57 68 0.9996507 
944 78 51 68 0.99947685 
209 183 53 76 0.99878734 
731 252 65 94 0.99003637 
540 105 43 52 0.9582507 
676 158 52 56 0.87312686 
505 285 30 37 0.13249457 
482 196 25 28 0.11548326 
66 -1 69 69 0.10697166 
540 73 14 20 0.06663431 
570 444 38 33 0.05520851 
101 10 54 53 0.055003628 
9 1 47 52 0.051397838 
419 300 47 61 0.050119974 
341 5 16 18 0.04993984 
353 305 71 111 0.04808209 
601 94 22 38 0.04497248 
32 0 55 55 0.0429232 
587 159 32 35 0.03759435 
540 436 116 98 0.034833606 
478 201 17 20 0.029493788 
497 261 26 37 0.029281728 
373 109 12 17 0.029157592 
860 141 18 23 0.027966164 
580 129 45 50 0.027320158 
713 93 28 34 0.027317066 
731 26 16 21 0.026095806 
467 249 41 53 0.025778666 
114 -1 29 21 0.025383323 
581 57 22 30 0.024504911 
42 37 25 40 0.02289886 
662 134 52 64 0.022896755 
450 100 15 18 0.022756346 
745 427 139 172 0.022199184 
649 124 47 58 0.022026706 
735 20 26 35 0.021857388 
117 -1 39 39 0.021536209 
495 203 17 20 0.02112171 
245 151 30 41 0.020585062 
730 352 35 48 0.020370923 
432 42 93 126 0.02010982 
271 149 11 15 0.020088695 
