2_Demonstration_Demonstration_Or_Protest_2_173
311
846 291 52 67 0.99929166 
48 355 52 51 0.9981464 
671 278 47 63 0.99778914 
654 207 33 45 0.9976382 
353 229 27 35 0.9965115 
774 187 32 43 0.9963566 
273 278 36 42 0.9959776 
255 252 29 41 0.99442613 
170 313 43 54 0.9940661 
459 232 32 40 0.99319685 
581 233 44 56 0.9929503 
869 209 41 55 0.98449624 
360 295 40 56 0.98013145 
740 161 21 27 0.97805184 
504 216 40 54 0.9775237 
548 166 14 18 0.9712899 
108 247 38 51 0.9704514 
174 225 20 25 0.9561542 
0 301 24 51 0.9525443 
3 217 13 16 0.9484139 
671 153 19 27 0.93391705 
360 190 16 21 0.9017372 
320 207 17 23 0.87345105 
831 164 19 27 0.84136295 
207 239 20 26 0.82115763 
889 175 26 30 0.8165041 
439 192 14 19 0.8137885 
574 185 19 25 0.81345594 
452 210 24 28 0.8121724 
640 167 19 27 0.80459285 
286 195 14 18 0.789015 
326 182 13 16 0.7478128 
17 241 14 17 0.7266931 
491 161 14 18 0.716241 
100 216 18 22 0.7145088 
252 221 16 20 0.7106397 
469 190 16 22 0.69792765 
515 191 23 29 0.6638271 
134 210 14 18 0.6610766 
517 156 10 13 0.6529162 
401 182 9 11 0.57366234 
453 221 29 37 0.56635815 
381 199 17 21 0.52433556 
965 120 13 16 0.52138555 
882 147 13 16 0.49354738 
184 275 31 36 0.47332692 
598 149 24 34 0.46094254 
389 198 13 16 0.45775616 
648 281 30 42 0.42803785 
157 192 8 10 0.349726 
223 205 13 17 0.34931207 
4 252 14 17 0.33576208 
212 197 11 14 0.3209464 
404 178 12 16 0.314244 
439 175 10 12 0.3140678 
48 262 20 26 0.3122434 
38 216 10 13 0.3069295 
431 152 10 12 0.2957468 
30 214 10 14 0.29518148 
250 188 10 11 0.29509163 
116 201 11 13 0.28977087 
231 188 9 12 0.28067508 
376 174 9 11 0.27487484 
192 190 9 11 0.2715996 
917 109 9 12 0.25081164 
453 205 17 20 0.24114247 
909 133 15 17 0.23335098 
265 181 9 11 0.22659025 
175 191 7 9 0.22584927 
168 202 11 14 0.21257904 
252 183 9 11 0.20358829 
972 299 29 36 0.1847261 
1006 169 14 19 0.17943746 
436 151 8 11 0.17138788 
749 208 23 31 0.16817036 
0 187 9 14 0.1526208 
997 171 14 18 0.15093333 
454 144 11 13 0.14890966 
344 175 10 12 0.1478862 
710 125 12 15 0.1372622 
237 208 13 17 0.13620299 
47 206 9 12 0.12991817 
166 217 13 18 0.12983921 
39 199 9 11 0.12436062 
12 250 14 18 0.12316409 
4 246 12 16 0.1230512 
491 101 10 15 0.11969823 
599 423 20 27 0.11383225 
428 168 10 12 0.10953082 
100 191 9 11 0.1052862 
365 192 20 25 0.10418862 
237 184 8 10 0.10318255 
69 197 10 12 0.098445855 
173 198 10 13 0.09128024 
47 212 9 13 0.09112455 
258 244 18 21 0.08890345 
437 179 14 16 0.08603101 
944 195 26 29 0.08143842 
906 137 12 17 0.08035183 
62 219 9 13 0.07918917 
413 193 14 19 0.07807452 
401 445 19 21 0.07722794 
41 203 10 12 0.0765523 
662 147 13 16 0.074395955 
117 218 11 15 0.07347049 
290 191 15 18 0.07266009 
374 177 13 17 0.07176733 
843 197 15 19 0.07080956 
561 150 10 13 0.069148935 
711 139 10 15 0.06518056 
127 197 9 13 0.06479951 
916 129 13 15 0.06260805 
300 199 17 20 0.06137886 
411 178 13 17 0.06061334 
474 195 16 23 0.05974489 
1000 159 22 34 0.059303343 
406 149 10 11 0.057228576 
426 151 10 13 0.05685243 
307 203 14 19 0.05659753 
435 155 10 13 0.054393176 
55 214 10 13 0.05436094 
255 96 14 17 0.054214228 
479 166 9 13 0.053592987 
718 152 14 17 0.052161418 
461 143 9 11 0.051546387 
180 207 10 12 0.051496528 
222 199 12 15 0.050942685 
556 155 13 18 0.050444853 
71 192 11 12 0.048463885 
636 257 16 20 0.048294336 
160 220 13 17 0.047512203 
232 226 15 19 0.047166206 
212 197 20 24 0.04701924 
882 184 30 34 0.045775667 
370 173 9 11 0.045334812 
296 182 11 13 0.045098852 
7 138 10 14 0.044156276 
139 219 13 16 0.04369196 
811 144 15 17 0.043589376 
421 178 12 16 0.04302705 
57 259 16 23 0.0428885 
170 190 9 11 0.0424957 
471 140 10 12 0.041670617 
24 208 9 12 0.04153984 
113 128 9 12 0.041339304 
268 187 10 12 0.04128176 
655 279 41 57 0.041191433 
169 183 7 10 0.04118871 
219 453 31 32 0.04072539 
466 250 19 24 0.04069864 
28 269 11 15 0.04056403 
914 105 9 12 0.040510837 
190 172 8 11 0.040419355 
442 198 20 25 0.040378924 
391 192 12 14 0.040309988 
229 196 11 14 0.039679416 
40 265 21 28 0.039132323 
1011 174 12 19 0.03900126 
71 150 11 16 0.03883032 
334 177 10 13 0.038720164 
303 173 11 14 0.038503494 
10 219 11 15 0.038270533 
247 175 9 11 0.03775698 
908 140 16 20 0.037477445 
208 173 9 11 0.037411623 
21 231 12 13 0.03705348 
991 171 23 28 0.036865514 
290 211 13 17 0.036810137 
101 196 9 11 0.03667728 
846 216 22 35 0.036480505 
638 253 23 33 0.03641938 
226 187 11 13 0.036363885 
143 226 13 17 0.03635292 
95 223 14 17 0.0362968 
79 214 8 11 0.035885133 
351 168 8 11 0.035835955 
26 332 49 64 0.035714515 
153 194 11 14 0.035250023 
618 410 22 29 0.03487559 
912 132 22 28 0.034811076 
300 178 12 15 0.034769315 
992 176 14 17 0.034759898 
510 102 15 17 0.034133878 
224 159 8 10 0.034122836 
208 199 13 17 0.03406644 
253 232 21 25 0.033945404 
196 241 16 21 0.033756375 
937 116 10 12 0.033647753 
20 198 9 11 0.033564515 
498 156 13 17 0.033348072 
1000 156 11 14 0.03298069 
692 141 10 14 0.032887667 
723 414 26 29 0.032884356 
877 202 30 39 0.032566134 
234 218 16 20 0.032516416 
28 266 36 50 0.032456852 
450 147 10 13 0.032342944 
30 209 9 11 0.032337766 
96 183 8 11 0.03222539 
80 222 9 12 0.032188963 
396 185 13 17 0.03218421 
34 467 41 35 0.032158226 
394 181 10 13 0.03202627 
406 158 10 11 0.031685896 
1015 143 11 17 0.03147758 
15 193 8 10 0.03142841 
512 162 15 18 0.03118575 
128 192 9 12 0.031087162 
762 193 27 39 0.030890184 
425 171 11 15 0.030888455 
737 21 16 21 0.030467715 
25 242 12 17 0.030211532 
179 213 14 17 0.030183014 
632 268 38 51 0.029460546 
485 201 13 19 0.029362606 
868 161 13 18 0.029312449 
45 200 9 11 0.028976819 
453 154 13 15 0.028818278 
88 220 10 14 0.0286813 
101 207 12 14 0.028651433 
246 227 20 26 0.028509239 
97 206 11 14 0.027236626 
109 216 21 25 0.027065936 
228 230 19 26 0.026998654 
110 61 10 13 0.026905315 
192 184 10 12 0.026766045 
284 219 14 17 0.0267456 
16 197 9 11 0.026732385 
430 177 13 17 0.026692849 
842 197 24 32 0.026689854 
438 169 10 13 0.026406024 
418 188 14 19 0.026395163 
510 186 17 20 0.026243608 
300 281 16 21 0.026169335 
903 179 15 19 0.026006708 
64 204 11 13 0.025996374 
124 200 19 23 0.02599635 
255 217 12 15 0.02593144 
375 204 23 30 0.02568631 
515 168 14 18 0.02567364 
229 164 9 12 0.025487203 
370 187 14 17 0.02547426 
644 410 13 18 0.0254125 
112 195 18 23 0.025392648 
983 289 30 42 0.025333038 
369 169 8 11 0.025234483 
24 217 12 14 0.025174867 
563 155 11 15 0.024971604 
419 696 23 33 0.024954822 
603 141 15 20 0.024922162 
407 194 13 18 0.02489618 
312 142 9 11 0.024723453 
655 230 34 39 0.024712557 
1012 215 12 20 0.024495214 
71 216 8 11 0.024447136 
87 176 8 10 0.024230158 
6 210 10 12 0.024114639 
132 198 10 13 0.023913592 
609 429 18 21 0.023847701 
182 190 9 11 0.023794854 
549 185 12 18 0.023630256 
175 185 8 11 0.023616606 
55 256 12 15 0.023554508 
449 158 11 13 0.023466203 
628 248 26 33 0.023221355 
643 252 41 55 0.023195514 
715 119 11 15 0.023029597 
581 154 13 17 0.022996765 
5 190 9 11 0.02294169 
4 237 13 17 0.022855788 
208 192 10 13 0.02277995 
53 207 9 13 0.022699853 
350 192 15 19 0.02257134 
69 220 9 12 0.022501277 
655 147 12 15 0.02242178 
134 105 12 17 0.022399109 
459 147 10 14 0.022308223 
838 180 24 32 0.02230466 
447 166 9 12 0.022285758 
631 169 16 22 0.02224587 
383 167 9 11 0.022243511 
148 222 13 17 0.022234218 
344 189 11 15 0.021956664 
944 260 25 29 0.021841705 
636 398 12 16 0.021813922 
29 274 13 16 0.02170489 
695 137 9 11 0.021642514 
704 130 12 14 0.021458453 
443 180 12 16 0.02141983 
246 182 18 23 0.02130291 
963 348 30 48 0.021288069 
272 196 11 16 0.021079488 
905 126 11 13 0.021043388 
0 239 10 15 0.020922497 
285 138 11 14 0.0208645 
322 195 16 20 0.020840462 
61 255 12 15 0.020830594 
922 145 13 16 0.020702409 
475 138 13 15 0.02070096 
783 197 20 27 0.020632949 
516 182 16 19 0.02061157 
345 170 9 11 0.020547654 
453 163 10 12 0.02045097 
526 140 13 15 0.020434747 
207 181 9 12 0.0204257 
586 144 22 32 0.020366117 
927 251 14 18 0.020285768 
79 208 8 11 0.020242885 
198 205 10 14 0.02023903 
452 173 11 13 0.020204648 
126 211 19 24 0.020008238 
