2_Demonstration_Protesters_2_92
166
244 300 30 37 0.99785477 
259 430 57 74 0.9918264 
735 347 64 76 0.98505336 
345 331 22 30 0.926402 
197 326 25 35 0.92564654 
88 513 72 140 0.9117956 
687 340 34 44 0.88609135 
428 301 15 21 0.884214 
316 319 24 36 0.8564304 
381 312 23 30 0.8183981 
826 329 35 47 0.8082949 
497 322 27 31 0.73298854 
590 327 13 21 0.6767138 
116 310 19 23 0.6752244 
649 299 25 32 0.54007 
938 314 24 34 0.51216483 
91 295 11 15 0.4629642 
61 340 42 54 0.45804322 
790 469 48 62 0.36391068 
97 325 18 20 0.33902058 
720 495 28 37 0.33612585 
5 387 49 77 0.30841538 
467 301 18 24 0.29951593 
923 727 47 38 0.2590216 
926 365 22 37 0.25623104 
189 295 16 19 0.25586337 
854 423 48 67 0.2548975 
1 312 33 47 0.25486153 
166 306 13 15 0.2511973 
70 419 56 73 0.23704995 
328 326 23 33 0.21096334 
422 458 10 14 0.14503649 
656 302 33 36 0.12529908 
295 379 40 50 0.122386836 
276 332 33 37 0.118297055 
196 526 53 61 0.10683654 
648 306 15 21 0.09849178 
146 374 24 40 0.09322645 
493 322 17 25 0.09182455 
725 484 33 40 0.09124718 
173 303 11 15 0.09121884 
666 437 50 67 0.09116359 
123 390 24 35 0.087647654 
129 376 36 49 0.08507662 
99 437 37 47 0.084838144 
7 324 49 66 0.08456205 
584 323 14 21 0.0838316 
21 397 56 74 0.08237944 
66 452 90 125 0.081690386 
140 316 13 17 0.08124342 
947 307 36 47 0.08059666 
377 314 39 48 0.07882576 
219 289 13 17 0.07727931 
132 314 12 17 0.07495161 
596 321 23 30 0.07228919 
980 390 33 46 0.07099089 
983 295 32 40 0.067721196 
185 292 13 17 0.06459137 
110 377 40 57 0.06223205 
119 439 31 47 0.061845362 
609 427 18 22 0.059438493 
487 330 12 17 0.059196617 
142 307 13 17 0.05739517 
392 320 18 23 0.05631291 
181 320 15 21 0.055103414 
473 299 23 29 0.050996635 
757 571 53 69 0.05021066 
38 356 51 64 0.050205983 
1001 436 23 35 0.048759464 
971 302 30 38 0.048757076 
585 317 24 32 0.04743044 
939 453 23 33 0.046262372 
289 320 35 38 0.046161115 
158 321 14 20 0.045545265 
980 357 50 69 0.0449404 
163 313 14 20 0.043508925 
118 304 16 18 0.04341987 
198 416 42 65 0.043385465 
375 313 15 21 0.042983573 
89 330 25 35 0.04220619 
496 296 30 37 0.04192538 
148 327 15 19 0.04116352 
148 303 11 14 0.041048925 
34 283 14 16 0.040636424 
15 425 99 104 0.040544864 
953 325 17 25 0.040461235 
832 336 52 61 0.040391546 
182 284 12 15 0.04033931 
48 392 55 76 0.040227685 
277 303 28 37 0.039678086 
363 554 14 18 0.03927721 
-1 338 36 55 0.038526192 
-2 492 62 86 0.038390707 
146 316 13 17 0.03838791 
727 462 43 50 0.038142186 
588 155 14 16 0.037755813 
91 295 20 25 0.03741173 
911 717 40 48 0.036959853 
564 346 10 13 0.036734458 
731 404 55 66 0.03654226 
165 294 9 12 0.034163866 
486 322 14 19 0.03415014 
366 302 10 14 0.033996638 
265 342 44 51 0.03347157 
633 482 16 19 0.03342395 
129 354 22 29 0.032913502 
957 329 27 36 0.032605127 
88 350 29 41 0.032146934 
672 311 20 23 0.03205089 
261 308 26 34 0.031778615 
280 329 21 26 0.031612594 
711 440 50 62 0.031364083 
820 367 26 37 0.031234445 
456 700 20 22 0.030988326 
13 307 30 36 0.030934615 
193 317 24 30 0.030735152 
306 399 18 24 0.030340996 
480 303 37 46 0.030286074 
532 459 13 18 0.030210044 
80 342 26 41 0.030067764 
99 389 44 66 0.029606685 
842 371 56 71 0.02923532 
49 346 38 40 0.028891262 
105 322 16 21 0.028406056 
401 313 17 22 0.028257329 
397 349 31 33 0.0279541 
973 395 26 35 0.02669174 
189 316 15 20 0.026388453 
604 329 26 30 0.02634822 
-1 391 31 53 0.026306089 
28 306 15 20 0.0257733 
31 491 102 125 0.025348376 
173 320 15 21 0.025122339 
266 313 15 21 0.02501519 
149 291 11 13 0.02479457 
99 295 11 13 0.024691572 
373 367 21 28 0.02436384 
740 440 49 57 0.02434761 
508 328 23 24 0.024339281 
544 430 10 13 0.024149647 
257 355 31 38 0.024081653 
908 357 37 52 0.023941813 
156 339 13 17 0.02389608 
33 279 11 13 0.023449266 
497 314 21 27 0.02312583 
989 410 31 46 0.023118015 
1010 442 14 23 0.02275151 
971 330 30 34 0.022709988 
750 544 44 59 0.022689339 
908 351 24 32 0.02240633 
683 540 27 40 0.022367261 
322 306 24 39 0.022195091 
74 371 51 77 0.021782396 
457 536 17 24 0.021639477 
163 321 21 29 0.021441208 
161 293 9 12 0.021427698 
608 540 22 29 0.021354323 
1 409 34 63 0.02131308 
111 318 24 28 0.021026567 
895 352 26 36 0.020990431 
112 351 27 33 0.020429904 
14 531 102 140 0.02018548 
166 408 46 65 0.020175008 
488 572 15 18 0.020140631 
827 370 32 43 0.020079248 
90 351 14 23 0.020030724 
