2_Demonstration_Protesters_2_508
130
949 175 33 38 0.9972807 
868 140 26 39 0.99329126 
987 146 25 32 0.9895169 
314 180 32 38 0.9879226 
956 111 23 30 0.97940344 
716 167 40 43 0.9759797 
95 175 22 32 0.95093626 
236 181 26 37 0.92116386 
788 139 23 28 0.9100466 
935 151 23 32 0.8991218 
182 203 25 29 0.8652606 
654 155 28 33 0.8499915 
441 203 34 39 0.558318 
266 179 25 31 0.44472468 
175 88 10 13 0.3619505 
541 162 26 41 0.28481337 
271 72 17 20 0.2358108 
966 115 21 29 0.21720155 
29 185 25 32 0.21098784 
254 179 25 34 0.16008817 
643 152 25 31 0.1594394 
190 177 23 31 0.15125951 
782 146 18 22 0.14809944 
635 151 14 21 0.12741542 
980 122 15 20 0.123255394 
671 157 19 24 0.119761504 
699 180 34 45 0.11782536 
182 216 28 34 0.111432575 
561 235 41 43 0.10952759 
259 197 23 30 0.09686761 
219 249 40 58 0.095469594 
430 191 26 34 0.09052076 
637 159 16 23 0.083987646 
186 187 27 37 0.08398741 
455 201 19 24 0.07990694 
750 366 14 16 0.0727766 
580 161 26 38 0.06825106 
866 123 13 17 0.06535682 
37 170 43 51 0.063455835 
309 132 14 16 0.06328062 
360 168 24 34 0.06122952 
499 199 17 21 0.059849348 
178 192 19 28 0.05587632 
96 148 26 30 0.05302314 
775 136 38 44 0.051067002 
22 163 29 37 0.04875533 
71 169 37 46 0.04842654 
749 212 15 19 0.048189726 
451 196 18 21 0.04740231 
286 178 33 47 0.046895634 
659 132 26 33 0.0458447 
301 181 28 39 0.04535667 
548 180 33 37 0.04496118 
684 156 13 19 0.042899475 
364 180 15 21 0.0393943 
493 204 15 18 0.03718071 
797 175 24 30 0.03690883 
15 192 27 34 0.03674433 
949 411 13 19 0.036484864 
975 395 11 14 0.03534541 
589 145 15 18 0.034500603 
988 98 15 19 0.034234397 
765 175 16 21 0.033358265 
855 140 12 18 0.0332733 
873 229 28 34 0.03300469 
673 145 17 23 0.03291602 
746 214 26 31 0.032585807 
116 228 15 17 0.03197002 
23 186 14 20 0.03171151 
435 110 11 13 0.031614657 
611 191 26 38 0.031445485 
378 156 35 49 0.031282447 
496 184 27 32 0.031230822 
487 205 24 31 0.030927349 
967 147 40 49 0.030756224 
867 130 16 23 0.030345356 
615 189 39 57 0.03020589 
706 202 19 27 0.030002411 
506 193 15 21 0.029329756 
439 120 11 16 0.028949715 
361 226 30 34 0.028332565 
531 169 27 42 0.02777881 
235 34 12 15 0.027745122 
453 202 44 52 0.027724955 
35 160 31 34 0.027423047 
830 294 16 21 0.026866043 
724 190 46 56 0.026302105 
58 170 34 40 0.026278265 
507 189 26 35 0.026077783 
180 178 25 37 0.025904795 
187 232 18 20 0.025830526 
558 189 34 38 0.025737748 
692 176 26 39 0.025704635 
369 84 15 17 0.025671506 
449 214 20 23 0.025448302 
370 175 14 22 0.025392305 
195 172 17 23 0.024562757 
709 193 36 42 0.024409227 
429 190 16 25 0.024129251 
307 133 22 26 0.024066653 
156 354 27 32 0.024004618 
181 157 24 30 0.023565916 
638 144 11 14 0.023373928 
103 184 19 26 0.02318732 
357 146 27 36 0.022921454 
371 168 26 36 0.022625532 
982 128 21 26 0.022416828 
84 177 40 50 0.02228736 
772 163 14 18 0.022138266 
441 203 23 22 0.021976378 
417 254 30 34 0.021875951 
205 62 9 11 0.021718776 
68 157 32 39 0.021623613 
577 543 27 31 0.021589965 
551 161 32 40 0.02134497 
345 152 29 42 0.021228384 
47 157 31 35 0.021212004 
508 159 24 34 0.021197565 
854 137 22 30 0.02101166 
914 142 22 38 0.02094843 
828 165 15 20 0.02082064 
556 248 35 43 0.020734936 
21 180 47 52 0.02065182 
342 196 27 33 0.020577207 
265 204 28 32 0.02051624 
642 148 15 20 0.020486373 
1012 202 11 17 0.020429578 
564 174 33 38 0.020383961 
225 289 34 51 0.020237662 
998 149 18 25 0.02002405 
