2_Demonstration_Demonstration_Or_Protest_2_471
45
173 169 89 122 0.99963236 
586 284 61 78 0.9991731 
750 222 71 90 0.9977024 
652 333 41 50 0.826588 
398 219 43 52 0.7538963 
86 153 58 95 0.68231684 
220 414 33 42 0.67053044 
431 455 29 38 0.621048 
438 271 38 51 0.61034876 
817 447 26 32 0.3787326 
618 450 23 32 0.35843766 
573 354 34 40 0.35510066 
449 510 27 37 0.2988628 
414 515 30 37 0.26766542 
591 495 23 29 0.18312272 
347 173 26 31 0.15815017 
648 354 39 45 0.079855524 
500 188 23 32 0.07315233 
472 411 23 32 0.07252733 
515 152 16 22 0.06947516 
707 171 24 32 0.06265378 
481 274 39 49 0.05586016 
514 152 27 38 0.048813105 
578 322 53 62 0.04704276 
14 632 15 20 0.04411246 
111 14 61 67 0.043634143 
861 146 46 37 0.04067806 
1007 643 10 15 0.040573664 
457 237 12 14 0.038936935 
135 153 96 123 0.0355464 
1010 656 13 20 0.032959785 
202 479 29 41 0.032222535 
453 504 15 19 0.031303905 
374 521 24 32 0.03068092 
490 195 24 33 0.029392766 
474 244 14 15 0.028767634 
501 173 26 36 0.026707422 
237 309 39 46 0.026469799 
494 156 44 69 0.025394525 
476 133 73 111 0.024289647 
504 317 42 57 0.022453034 
486 531 14 19 0.022221511 
337 166 41 50 0.021883076 
16 623 12 15 0.021711754 
466 238 23 26 0.021169472 
