2_Demonstration_Demonstration_Or_Protest_2_176
59
542 291 31 40 0.99863666 
66 298 32 42 0.99562067 
752 278 31 44 0.9944337 
356 301 29 34 0.9126613 
569 292 29 37 0.85496527 
476 318 22 28 0.609933 
816 321 18 22 0.5524316 
631 307 26 28 0.49421278 
133 329 15 19 0.42545068 
938 324 16 19 0.16115643 
255 326 11 14 0.15549015 
609 495 15 18 0.12317709 
142 314 13 19 0.10379244 
10 314 14 23 0.103279755 
459 333 12 15 0.095028184 
936 317 13 14 0.06725502 
192 334 11 14 0.06149555 
137 320 17 23 0.05944108 
871 514 13 16 0.055507977 
447 184 10 11 0.052584387 
225 375 7 9 0.05183122 
433 195 13 17 0.05134785 
396 317 16 23 0.039030313 
625 315 35 42 0.038203347 
592 491 10 11 0.0374371 
201 375 8 10 0.037303824 
583 293 27 37 0.03593121 
194 337 13 16 0.03499715 
424 386 8 9 0.032164525 
441 248 9 11 0.031680215 
377 189 11 14 0.0312538 
919 359 9 10 0.031027151 
574 283 16 19 0.030970037 
874 326 13 16 0.030756293 
488 322 15 19 0.030261464 
375 4 12 14 0.028857844 
269 322 11 15 0.028276721 
471 329 13 16 0.028014634 
989 22 15 22 0.026178388 
695 297 41 48 0.024873247 
442 253 9 11 0.024486167 
279 379 8 12 0.02389427 
46 309 13 18 0.023862045 
555 296 34 40 0.023733938 
822 132 14 17 0.023692781 
376 203 10 13 0.023129135 
545 126 10 12 0.02302971 
596 492 11 13 0.022996765 
828 316 13 17 0.022888776 
154 288 18 21 0.022550197 
347 289 46 56 0.0225439 
230 332 13 15 0.02159305 
448 196 12 15 0.021568106 
915 311 13 17 0.021130439 
254 319 18 25 0.021087902 
429 263 9 11 0.020953065 
647 304 18 22 0.020909043 
492 317 12 16 0.020722479 
-2 359 25 43 0.020147845 
