2_Demonstration_Demonstrators_2_309
48
814 286 46 60 0.99725264 
992 383 33 48 0.97473323 
137 263 22 32 0.82737297 
152 235 19 22 0.8247325 
83 231 18 22 0.7974955 
233 298 44 53 0.72196 
452 170 107 138 0.67618185 
634 549 90 116 0.4667377 
120 266 18 23 0.27946618 
912 355 11 14 0.12946506 
256 300 35 53 0.11660853 
331 186 44 63 0.103485376 
931 362 13 17 0.079173915 
511 494 11 14 0.07301538 
0 266 11 21 0.0718901 
132 248 13 17 0.070198484 
963 378 14 18 0.053382143 
155 241 21 27 0.05005614 
32 224 13 17 0.047560543 
955 383 21 29 0.042407136 
296 266 11 13 0.036885004 
186 258 15 21 0.036591344 
513 488 8 11 0.03595159 
496 449 9 12 0.033374008 
107 266 23 29 0.03286941 
147 258 15 23 0.030590592 
9 226 12 16 0.030165263 
504 473 11 14 0.029792134 
189 256 26 39 0.028800033 
503 304 17 20 0.02675695 
83 222 16 21 0.026439779 
271 272 42 57 0.026231075 
956 368 24 31 0.025954444 
999 341 11 14 0.025356514 
181 240 14 19 0.024579953 
271 300 31 43 0.023899022 
538 498 14 17 0.023841485 
188 262 40 53 0.023670947 
1000 369 23 34 0.023280708 
929 354 23 29 0.023025183 
786 475 30 35 0.022973666 
419 155 184 234 0.022207912 
502 192 62 89 0.021594761 
242 375 49 66 0.021162238 
974 344 9 12 0.020840209 
958 394 21 28 0.020597722 
974 489 39 52 0.020389875 
150 248 21 31 0.020121548 
