2_Demonstration_Demonstration_Or_Protest_2_895
448
673 333 32 41 0.9990446 
486 347 56 71 0.99867404 
627 338 32 40 0.9867822 
276 306 22 31 0.98322314 
803 304 24 28 0.966413 
138 272 15 18 0.95782334 
23 285 18 25 0.95262694 
67 283 17 22 0.93713236 
374 318 19 28 0.92553115 
198 272 13 18 0.86502576 
610 281 13 16 0.80717623 
992 323 23 28 0.7907321 
414 279 14 17 0.785724 
926 310 11 14 0.7807113 
215 379 33 34 0.75733006 
967 305 15 19 0.74882764 
383 275 13 15 0.6718726 
341 280 11 14 0.6695769 
115 285 15 19 0.63404095 
426 311 15 23 0.6210422 
522 293 12 16 0.6179447 
53 270 13 16 0.6036709 
616 331 25 37 0.5737662 
299 310 15 22 0.4991332 
0 284 10 15 0.43909332 
729 279 9 12 0.41612864 
549 303 15 19 0.41140932 
48 298 21 27 0.38184646 
725 418 61 68 0.3458422 
297 292 15 18 0.32765126 
206 307 23 28 0.3178749 
749 299 15 19 0.31195107 
532 277 10 13 0.3011936 
369 268 9 11 0.2760034 
459 304 24 30 0.25907406 
259 291 13 17 0.2550408 
785 425 33 55 0.24330975 
303 331 14 18 0.23987943 
256 268 10 12 0.23058091 
44 418 95 99 0.22841796 
926 286 10 12 0.22401164 
836 294 10 12 0.2224377 
603 504 29 43 0.21365513 
328 292 13 15 0.20925255 
756 301 13 16 0.20843247 
870 325 12 15 0.19891377 
133 315 26 28 0.19306643 
466 302 14 17 0.19104329 
558 263 8 10 0.19071554 
194 256 9 10 0.17876452 
703 320 15 20 0.17765999 
155 283 11 15 0.17417063 
455 287 10 13 0.17339352 
675 274 13 15 0.16434285 
709 283 10 13 0.16209951 
211 299 14 18 0.16165824 
551 250 7 9 0.15793703 
338 314 14 18 0.15719815 
834 335 24 26 0.15389204 
364 366 20 27 0.14802738 
229 316 20 27 0.14748429 
302 274 12 14 0.1448116 
885 269 11 12 0.14048374 
290 308 18 26 0.13664792 
175 279 11 15 0.12535314 
452 305 14 19 0.12242368 
867 329 17 23 0.12138471 
564 284 14 16 0.121341005 
213 283 14 18 0.11918553 
472 260 10 11 0.118490405 
121 286 16 20 0.118235275 
299 285 14 17 0.11820119 
361 377 16 23 0.11811666 
526 254 8 11 0.117724806 
829 255 8 10 0.117713615 
749 296 11 14 0.116294555 
855 291 9 11 0.11482329 
667 261 10 11 0.11348261 
862 256 9 12 0.113032304 
437 333 22 28 0.1129939 
567 281 9 11 0.11214774 
336 284 13 16 0.10845359 
613 334 16 26 0.106790885 
788 356 12 16 0.106624804 
814 256 7 9 0.10624516 
535 292 11 14 0.10594901 
521 242 8 9 0.10540099 
462 312 14 18 0.10202771 
816 310 17 20 0.10189134 
66 309 14 19 0.10047259 
689 300 14 18 0.10016958 
803 333 24 33 0.098550096 
925 303 11 15 0.09837365 
338 335 24 30 0.09810164 
764 301 10 13 0.09795287 
579 351 29 35 0.094722785 
614 262 10 12 0.094275266 
574 265 10 11 0.09340347 
327 288 11 13 0.090795375 
881 268 9 12 0.09047756 
306 337 15 18 0.09000911 
489 260 10 12 0.089602344 
976 271 7 10 0.087440215 
566 357 39 51 0.0870616 
665 256 10 11 0.08521993 
275 291 15 18 0.084166825 
778 262 7 9 0.082240306 
211 290 15 19 0.08054933 
535 248 7 9 0.079216406 
147 276 14 17 0.07885658 
293 295 20 27 0.07780819 
407 265 11 14 0.07714083 
136 357 38 46 0.07691265 
603 337 39 50 0.07648719 
612 -4 435 524 0.075678006 
921 292 11 13 0.07508237 
591 263 7 10 0.07341323 
178 279 14 19 0.07305066 
175 297 12 17 0.07299387 
403 418 52 68 0.07253524 
192 260 12 15 0.07191434 
668 298 11 14 0.071736455 
1014 302 10 15 0.07158524 
295 274 12 14 0.07049888 
857 260 10 11 0.06965562 
535 283 12 15 0.069246046 
294 270 10 13 0.06772126 
368 292 14 18 0.06761646 
395 301 14 15 0.06744108 
409 282 11 15 0.065823175 
232 90 24 32 0.06581192 
943 296 11 12 0.06575843 
302 254 9 12 0.065145515 
942 270 8 10 0.06502532 
830 299 14 18 0.06364525 
788 344 24 30 0.06315815 
864 364 55 50 0.06272456 
477 285 12 15 0.0625686 
336 320 22 28 0.06255112 
469 292 14 17 0.06251721 
451 344 16 21 0.062304333 
410 450 66 80 0.062013388 
215 310 23 30 0.061875965 
630 292 14 16 0.061597154 
476 308 12 14 0.061373986 
204 389 49 50 0.061277248 
269 291 14 17 0.06115235 
793 255 7 9 0.060813382 
785 361 11 16 0.060465455 
696 424 58 67 0.060033087 
783 353 21 28 0.058911934 
797 353 13 16 0.05883528 
47 294 16 20 0.058672365 
274 297 20 27 0.05837967 
310 300 11 16 0.05787811 
412 330 12 18 0.057471585 
861 287 10 12 0.057416946 
863 330 28 35 0.05739277 
826 364 34 42 0.057078864 
219 308 14 18 0.056258745 
467 321 13 18 0.055817485 
686 270 11 13 0.05577438 
148 345 31 45 0.055491764 
155 267 12 15 0.0553974 
897 312 9 11 0.054784395 
577 351 16 25 0.05460048 
421 348 12 18 0.05437507 
372 268 11 12 0.054189444 
27 400 50 73 0.054096345 
29 416 22 35 0.0537366 
631 247 8 10 0.05341654 
553 271 9 12 0.053239297 
404 337 17 23 0.053074032 
831 347 29 31 0.05280956 
903 315 10 11 0.052615605 
126 434 56 79 0.05255918 
308 270 10 12 0.052278228 
309 277 10 13 0.05225417 
439 265 13 16 0.05182245 
485 308 9 12 0.05159901 
558 290 14 16 0.051420875 
598 290 11 14 0.05084157 
801 297 42 49 0.05060058 
525 286 12 16 0.05025817 
550 275 10 13 0.05014743 
137 309 18 21 0.05010478 
47 271 15 20 0.05001268 
874 268 9 11 0.049709484 
766 278 10 11 0.049696468 
535 253 8 10 0.04948783 
711 256 9 12 0.049386505 
844 334 24 29 0.049140044 
557 269 8 11 0.047775064 
169 277 12 16 0.04776073 
319 284 10 13 0.04731643 
527 247 7 9 0.046929426 
709 312 11 14 0.04648685 
120 259 10 14 0.04642013 
532 298 13 16 0.04602208 
428 347 12 18 0.04597894 
220 300 13 17 0.04531466 
810 256 8 10 0.045097545 
412 344 15 22 0.044998664 
980 319 39 54 0.044865575 
946 323 14 16 0.04440544 
205 281 15 18 0.044401757 
669 280 17 19 0.044369895 
559 278 9 11 0.04430354 
462 314 25 34 0.044286232 
471 287 12 15 0.04391112 
799 278 9 10 0.043611903 
545 255 8 9 0.043321528 
566 380 13 19 0.043126386 
614 257 8 10 0.04282911 
1 288 14 18 0.042732213 
777 254 9 11 0.042539183 
590 267 9 12 0.042458523 
441 224 10 12 0.04238147 
415 287 14 18 0.041910674 
631 458 14 22 0.04185729 
1 256 9 12 0.041682642 
636 288 10 13 0.04135951 
635 301 11 13 0.04129873 
836 371 49 57 0.040839683 
803 350 16 20 0.04079395 
873 285 9 11 0.040774368 
242 346 25 33 0.040529482 
724 341 40 48 0.039829843 
805 316 26 36 0.039785564 
316 301 12 15 0.039607394 
206 371 25 36 0.039391335 
619 267 11 13 0.03928241 
638 269 10 13 0.039170433 
140 323 30 35 0.039165847 
258 354 13 19 0.038947307 
370 359 21 29 0.0388373 
294 265 9 11 0.038803063 
598 246 7 9 0.038641296 
686 251 11 13 0.038594346 
564 377 25 38 0.03855954 
848 285 10 13 0.038484346 
669 269 16 18 0.038396582 
414 252 9 11 0.03833127 
477 256 10 13 0.038275786 
610 261 9 11 0.038237266 
834 361 19 25 0.038137235 
444 226 11 14 0.037878606 
48 255 11 14 0.03784274 
535 308 11 14 0.037716392 
76 299 20 27 0.037652187 
951 268 9 12 0.03744406 
368 323 16 22 0.03723787 
699 323 22 29 0.03721128 
838 240 9 10 0.03720156 
56 270 17 21 0.03688825 
136 255 9 10 0.036825743 
862 335 15 20 0.036821485 
930 313 13 17 0.036787 
846 281 9 11 0.03674586 
969 270 9 11 0.03672654 
196 96 25 34 0.036543615 
126 275 14 18 0.036343403 
461 293 13 17 0.036052126 
113 282 10 12 0.03602865 
765 362 16 19 0.035917513 
200 399 31 35 0.035578806 
738 351 41 49 0.035282332 
572 277 11 12 0.035238218 
608 257 8 10 0.035206016 
982 270 8 10 0.035068814 
975 293 11 14 0.03488078 
542 261 9 11 0.03466022 
253 348 15 20 0.034493178 
249 262 9 11 0.034456644 
799 292 12 13 0.034289084 
705 260 10 12 0.034260824 
907 311 11 13 0.03393606 
308 387 44 48 0.033846423 
412 318 19 28 0.03364648 
254 272 13 17 0.033293854 
450 190 8 10 0.033278976 
147 267 15 19 0.033236153 
324 307 14 17 0.033152536 
313 339 14 18 0.032676224 
61 311 22 28 0.032633744 
260 338 15 21 0.03261453 
193 267 13 19 0.032552227 
744 305 14 17 0.0324513 
920 311 19 22 0.03242806 
526 287 20 24 0.032362036 
763 338 12 17 0.03215842 
109 350 45 56 0.031632144 
218 90 44 51 0.031373154 
389 351 23 29 0.03129535 
655 260 9 12 0.03112877 
543 299 14 19 0.030946948 
404 323 16 22 0.030880032 
872 263 8 12 0.030842174 
672 385 44 62 0.03083067 
939 303 17 19 0.03074212 
1014 295 9 13 0.030547168 
759 361 28 34 0.030524015 
254 284 15 19 0.030171473 
808 350 43 52 0.030127816 
789 315 45 52 0.029983688 
820 300 23 28 0.029940568 
233 328 28 32 0.029928112 
269 298 17 21 0.029637853 
736 381 54 65 0.029593516 
849 262 8 10 0.029148713 
559 257 9 10 0.029107744 
424 340 21 28 0.029080171 
255 295 12 16 0.02897113 
777 248 8 10 0.028849404 
221 280 8 11 0.028783934 
388 282 11 15 0.028781142 
746 263 8 10 0.028678004 
429 262 10 13 0.02864581 
728 273 9 12 0.028520739 
316 380 28 35 0.028466215 
662 257 21 27 0.028433818 
819 378 17 22 0.028257307 
169 288 22 29 0.028127903 
226 307 13 17 0.027835034 
681 248 10 13 0.027700216 
197 296 26 31 0.027682444 
359 328 13 19 0.027502887 
127 270 12 15 0.027372027 
571 270 8 10 0.027302645 
717 255 8 11 0.027091416 
185 273 22 28 0.027082592 
624 294 13 14 0.026974924 
911 264 9 10 0.026933901 
364 119 10 13 0.026864657 
289 274 11 15 0.026754776 
253 348 22 34 0.026722336 
451 290 22 28 0.026556728 
102 346 36 43 0.026383951 
798 263 7 9 0.026321309 
593 360 20 23 0.026202979 
151 272 19 25 0.02610223 
426 317 20 31 0.026020039 
634 333 18 20 0.026010608 
460 408 46 62 0.025977688 
528 273 11 14 0.025795287 
920 299 13 16 0.025738087 
535 287 19 25 0.02573336 
764 399 45 71 0.025628103 
781 248 7 10 0.02556732 
46 259 21 27 0.025562957 
307 293 12 16 0.025519967 
473 312 15 19 0.025430523 
832 333 45 50 0.025198547 
920 287 18 22 0.02507435 
676 299 14 17 0.024732666 
317 307 13 17 0.024719687 
198 97 49 56 0.024661915 
580 310 14 18 0.024628643 
495 310 11 12 0.024470193 
999 446 27 52 0.024440005 
784 333 42 53 0.024431657 
302 261 11 13 0.024383254 
542 313 12 16 0.024335397 
885 299 10 12 0.02421461 
525 241 7 9 0.024171354 
429 206 8 10 0.024092 
757 360 16 21 0.024061456 
306 307 14 20 0.024006404 
548 295 14 17 0.023948623 
943 275 9 10 0.023947226 
510 263 8 11 0.023859102 
945 299 13 17 0.023820965 
412 262 10 13 0.02381992 
325 331 14 17 0.023624467 
654 255 9 12 0.023590395 
916 270 9 11 0.023406321 
192 400 46 60 0.02329177 
588 314 15 20 0.023239955 
463 325 15 22 0.023059467 
481 279 10 13 0.022934793 
549 283 12 15 0.022915304 
932 302 12 14 0.022902427 
721 278 10 13 0.022744188 
310 263 10 12 0.022690192 
316 280 11 13 0.022661632 
704 279 12 14 0.022635518 
982 315 12 16 0.022587696 
991 262 7 9 0.022579275 
535 314 13 16 0.022546915 
164 340 23 40 0.02248542 
791 302 10 14 0.022424709 
589 257 9 10 0.02231718 
636 306 13 15 0.022313822 
693 248 9 11 0.02229199 
272 311 17 21 0.022291578 
0 403 11 19 0.022285458 
228 69 50 54 0.022173833 
128 264 21 26 0.022165967 
327 369 23 32 0.02215963 
569 263 9 11 0.022118928 
799 284 11 13 0.02208284 
512 247 8 10 0.022082232 
749 364 43 55 0.021922383 
247 256 10 12 0.021742342 
552 384 31 40 0.021679733 
725 277 18 24 0.021660024 
240 254 10 12 0.021541137 
333 331 16 21 0.021367919 
442 428 57 61 0.021331256 
632 275 10 13 0.021327944 
455 247 8 11 0.021318294 
640 240 7 9 0.021304246 
123 294 16 20 0.021226918 
868 301 10 12 0.021224476 
608 525 19 25 0.021219054 
541 276 11 14 0.021213267 
846 229 9 12 0.021197876 
625 253 9 10 0.02115635 
840 278 9 11 0.021105204 
794 261 8 10 0.02109731 
930 285 10 12 0.021088906 
258 291 22 27 0.021049816 
305 339 23 27 0.021032428 
446 274 10 14 0.020987676 
772 351 23 31 0.02090919 
719 271 9 11 0.020850778 
913 268 9 11 0.02074243 
50 280 17 22 0.020734122 
984 263 7 9 0.020696416 
607 514 13 20 0.02069087 
167 277 21 25 0.020667585 
396 401 43 64 0.02066725 
127 309 13 16 0.020609112 
864 281 9 11 0.020576363 
126 262 9 13 0.020574762 
644 308 12 15 0.020548055 
742 304 24 28 0.020539703 
736 229 9 11 0.02039438 
643 269 11 14 0.020382974 
333 343 17 19 0.020369548 
574 308 13 17 0.02028424 
35 275 15 20 0.020243896 
728 262 8 10 0.020186951 
140 262 15 18 0.020177364 
214 95 30 35 0.020165805 
621 276 11 15 0.020125544 
640 350 19 24 0.020065086 
414 351 24 31 0.020021187 
