2_Demonstration_Demonstration_Or_Protest_2_617
53
55 416 52 64 0.9989085 
734 82 69 83 0.99347246 
591 486 60 70 0.9914404 
7 400 38 46 0.9893 
154 392 50 64 0.98520976 
540 440 40 47 0.96778315 
804 506 136 156 0.9634172 
647 461 40 43 0.95685977 
415 454 37 39 0.88130397 
264 459 56 73 0.8527678 
316 441 42 56 0.846098 
368 433 22 30 0.7608758 
183 182 29 38 0.33155528 
290 446 46 65 0.27876168 
196 448 48 66 0.08863011 
138 217 15 20 0.06085743 
148 191 14 20 0.060088802 
93 314 17 19 0.05741243 
486 423 10 13 0.053788915 
83 176 23 31 0.049539756 
145 183 27 35 0.04812366 
360 333 18 20 0.046955835 
13 12 26 29 0.044171765 
624 340 15 19 0.04323728 
0 388 11 17 0.04276128 
598 522 44 45 0.03851081 
164 411 58 69 0.038183615 
2 318 29 37 0.036646344 
472 448 28 34 0.034272004 
470 98 216 297 0.033918772 
506 414 27 31 0.033338267 
142 246 27 37 0.03200357 
306 301 41 42 0.029241033 
13 263 29 32 0.027680952 
32 35 41 58 0.027167613 
98 307 20 23 0.026998024 
103 275 29 36 0.02620523 
0 420 25 39 0.025052993 
192 171 30 38 0.024958784 
418 458 21 24 0.024413798 
439 413 12 14 0.023757469 
652 510 29 38 0.023665639 
430 461 39 43 0.023202073 
293 442 31 41 0.022986466 
171 131 24 31 0.022949653 
289 433 28 32 0.022679372 
135 204 23 31 0.022425687 
178 490 81 79 0.021740578 
131 494 137 140 0.021478951 
637 508 35 48 0.021131989 
213 107 34 42 0.020952236 
404 459 32 38 0.020880781 
223 448 61 74 0.020093428 
