2_Demonstration_Demonstration_Or_Protest_2_494
41
32 387 115 122 0.99975425 
476 270 68 84 0.99889356 
296 395 13 17 0.29718173 
1 238 8 14 0.13919166 
65 248 15 18 0.11085588 
600 377 39 44 0.10439869 
147 204 11 14 0.10436264 
284 408 15 22 0.066177756 
366 414 11 13 0.052198924 
66 256 15 19 0.050695542 
272 486 41 50 0.050156496 
317 462 30 37 0.04959633 
285 395 14 19 0.04837368 
662 438 49 64 0.042678945 
363 467 39 60 0.040051993 
293 482 40 47 0.034931615 
311 475 40 46 0.034764174 
8 189 9 11 0.031120969 
235 488 27 43 0.030432396 
197 229 11 16 0.028476007 
369 458 25 40 0.028393859 
762 427 16 20 0.026444811 
352 414 10 12 0.025469087 
317 414 11 13 0.025375897 
279 396 24 32 0.025220599 
-19 419 415 426 0.024403155 
147 210 13 16 0.023590792 
316 428 11 14 0.023581034 
298 504 27 34 0.023392586 
614 482 59 70 0.022575308 
676 410 46 57 0.021806352 
323 467 17 22 0.021791141 
246 483 43 56 0.021765573 
235 425 16 22 0.021703897 
732 468 11 15 0.021409323 
605 495 39 38 0.021034086 
263 389 28 41 0.020977711 
102 215 8 11 0.020646963 
126 213 13 16 0.020226365 
45 212 10 12 0.020185065 
212 402 13 17 0.020123811 
