2_Demonstration_Political_Rally_2_319
768
618 457 33 46 0.99609166 
392 466 26 34 0.9944847 
116 446 23 29 0.9886479 
666 445 25 32 0.9841579 
157 486 24 36 0.9781129 
716 531 29 51 0.92304146 
459 436 16 26 0.89092237 
137 685 23 38 0.88471353 
46 567 23 45 0.84967065 
192 412 18 23 0.7609592 
0 395 11 17 0.70664513 
175 419 13 16 0.684411 
308 422 13 16 0.6545449 
857 432 15 23 0.58155024 
876 388 9 12 0.5806788 
182 384 12 14 0.5789906 
158 386 13 17 0.5574535 
465 391 19 23 0.5564574 
261 377 12 15 0.5287314 
838 572 41 63 0.5163153 
57 459 21 29 0.51061857 
345 366 9 11 0.49325755 
220 394 13 16 0.47110707 
807 449 18 23 0.46425554 
238 398 12 16 0.45335978 
511 480 16 21 0.44894734 
35 391 11 13 0.41469517 
198 381 11 14 0.39581576 
493 381 15 18 0.39400625 
24 366 9 11 0.38798845 
730 477 26 30 0.38786107 
748 404 10 15 0.3822746 
845 399 9 12 0.3643433 
243 379 12 15 0.3635229 
723 399 11 13 0.35448456 
997 489 16 23 0.34381577 
275 450 14 21 0.34028658 
42 436 17 22 0.3375763 
73 350 8 11 0.2792941 
323 396 15 19 0.27826926 
320 342 10 12 0.27384302 
985 360 9 11 0.27290776 
279 444 24 31 0.2710527 
244 373 12 15 0.26599547 
174 413 12 16 0.2574958 
269 356 10 13 0.25186506 
312 379 12 14 0.24428737 
782 419 10 14 0.24114162 
223 350 8 11 0.23786229 
833 466 16 19 0.23685929 
380 416 17 22 0.23162791 
952 398 12 17 0.22692701 
686 405 10 13 0.22626871 
266 354 10 12 0.21819295 
45 457 23 30 0.21569939 
79 391 9 12 0.21436295 
109 371 9 12 0.21277227 
764 420 13 16 0.21156684 
56 371 9 12 0.20936285 
234 359 9 12 0.20667547 
208 444 23 27 0.19691361 
299 478 15 23 0.19492513 
147 412 11 14 0.17270146 
375 359 8 10 0.1706669 
424 366 10 11 0.16656299 
247 369 9 11 0.16462503 
386 410 15 19 0.16324326 
555 390 16 21 0.1607953 
895 394 13 15 0.15981135 
183 356 8 12 0.15934609 
926 375 8 11 0.15862685 
80 396 10 14 0.15806332 
967 365 7 9 0.15118118 
335 413 10 14 0.15087675 
388 405 13 16 0.15049534 
862 377 8 10 0.14962481 
582 523 34 45 0.14525363 
399 364 8 10 0.13886236 
192 358 9 12 0.13647303 
106 369 8 10 0.13326848 
436 411 14 18 0.12934978 
502 419 27 42 0.12920617 
136 367 8 10 0.12650289 
894 359 7 9 0.12615524 
966 374 9 12 0.12564896 
793 396 9 11 0.12470023 
739 472 27 33 0.12219823 
873 413 11 14 0.12126286 
542 445 25 32 0.120604716 
88 367 9 11 0.120383315 
191 335 6 8 0.12037773 
252 403 14 18 0.1198008 
30 463 14 19 0.11947233 
128 375 9 12 0.11934588 
798 397 9 12 0.11932972 
873 384 10 12 0.11719724 
0 331 8 12 0.11703988 
752 392 8 11 0.11642979 
222 399 14 20 0.11631021 
23 359 9 12 0.1159396 
190 382 10 14 0.11360701 
801 404 10 13 0.11331145 
302 359 9 12 0.11206861 
1000 352 8 9 0.10948748 
72 355 9 11 0.1087447 
1013 382 9 12 0.10783422 
273 466 24 33 0.107130125 
287 375 9 12 0.10501291 
370 357 9 11 0.10424115 
830 384 8 10 0.10385141 
255 333 9 11 0.10384752 
508 370 10 14 0.10369891 
341 411 14 20 0.10226465 
272 452 23 31 0.10188984 
143 371 10 13 0.101772286 
406 360 8 9 0.10122504 
982 382 10 12 0.10013513 
880 373 9 10 0.10012748 
540 450 17 23 0.0991227 
865 396 10 12 0.098935574 
330 326 8 11 0.098629996 
359 208 10 13 0.097536154 
54 319 8 10 0.097389 
202 379 13 16 0.09720656 
239 390 11 15 0.09630292 
856 390 9 11 0.09540756 
165 365 9 11 0.09484422 
744 374 9 11 0.09465998 
750 398 10 16 0.09389182 
431 445 19 27 0.09147865 
223 345 8 10 0.09147099 
237 364 10 12 0.09142963 
284 358 8 11 0.09135888 
242 401 13 19 0.09123345 
310 358 9 10 0.09111072 
815 392 8 10 0.08964042 
1008 367 8 9 0.08944392 
863 406 10 12 0.089113034 
5 368 8 11 0.088881515 
825 435 10 14 0.08872421 
30 320 8 9 0.08832304 
331 403 12 17 0.08729072 
110 450 17 22 0.08722168 
40 446 25 31 0.087075904 
315 419 11 17 0.086333856 
963 401 15 17 0.08517611 
382 358 8 11 0.08486274 
735 421 11 16 0.08404886 
76 381 10 12 0.0838771 
678 347 12 15 0.08349232 
229 402 13 19 0.08251609 
95 386 13 16 0.08130184 
257 328 8 10 0.08127488 
891 429 21 27 0.080975205 
326 392 10 14 0.08065296 
0 371 10 13 0.080526814 
311 520 21 36 0.08011283 
455 374 10 13 0.0794025 
389 398 10 14 0.07805562 
89 358 10 11 0.0777529 
864 438 16 22 0.0766186 
16 350 8 10 0.07642178 
365 421 12 18 0.07641523 
369 341 9 12 0.07582703 
892 441 16 21 0.075344704 
280 343 8 9 0.07494128 
297 352 8 10 0.07490983 
830 430 11 16 0.07394597 
89 352 8 10 0.07332951 
833 367 7 9 0.07325236 
1001 357 8 9 0.072767735 
10 349 9 11 0.07264059 
207 365 9 11 0.07209147 
320 401 12 18 0.07183394 
262 319 7 9 0.07119942 
179 413 13 18 0.07045986 
971 396 14 17 0.07029855 
799 359 7 9 0.069855176 
169 410 11 15 0.06922109 
684 408 14 20 0.06918145 
269 442 18 24 0.06903024 
197 358 9 12 0.068954214 
890 358 8 10 0.06879196 
198 351 9 10 0.06876942 
73 304 8 10 0.06803203 
369 349 9 11 0.06746697 
121 382 10 13 0.067395516 
724 479 19 23 0.06718758 
61 367 9 11 0.06703979 
509 419 14 22 0.06697624 
961 361 7 10 0.0668883 
248 344 8 9 0.06662838 
845 435 21 29 0.06652818 
619 329 13 17 0.06632758 
858 382 9 10 0.06627917 
159 366 11 12 0.0662784 
64 319 7 9 0.06576027 
438 408 20 27 0.06536803 
486 418 22 33 0.06528326 
303 412 14 17 0.06509055 
951 382 9 13 0.06470724 
897 404 11 14 0.06466084 
248 334 8 10 0.06443563 
765 406 11 15 0.06415887 
38 411 10 13 0.064063184 
346 414 16 20 0.06371187 
816 366 9 10 0.06357472 
745 380 9 11 0.06353619 
775 414 10 15 0.06333696 
202 343 7 9 0.062576264 
207 342 7 9 0.062426165 
416 365 8 12 0.062365633 
350 450 16 20 0.06218181 
204 375 11 13 0.062076654 
870 407 10 11 0.061900627 
326 407 13 18 0.061760943 
372 404 10 14 0.061139856 
814 396 9 12 0.06106904 
461 365 9 12 0.060582828 
595 404 16 20 0.06012081 
295 363 11 14 0.059758395 
279 351 11 13 0.05941199 
351 317 8 9 0.059067883 
889 353 7 9 0.058657933 
575 443 13 18 0.058651034 
193 362 10 13 0.05855964 
897 427 14 18 0.058423955 
743 439 14 18 0.058060024 
807 380 9 11 0.057818726 
41 365 8 11 0.05765536 
5 372 10 13 0.057626616 
222 355 10 12 0.05684025 
298 333 8 10 0.056501348 
177 386 12 15 0.056490343 
218 309 9 12 0.056192126 
807 359 8 9 0.056189418 
551 425 25 34 0.05616871 
7 327 8 12 0.055745568 
369 335 8 11 0.055552345 
953 375 8 11 0.055516716 
286 364 10 13 0.055490468 
841 401 10 13 0.05519135 
592 434 24 31 0.055168577 
710 391 9 12 0.05504285 
774 424 12 15 0.05491194 
710 419 11 14 0.05480321 
25 320 8 10 0.05459408 
286 464 24 35 0.054523725 
12 395 10 15 0.05437033 
40 359 9 11 0.054244794 
292 374 11 13 0.05420122 
988 364 9 11 0.054086305 
743 407 13 17 0.05406064 
971 523 32 35 0.053950023 
677 334 13 17 0.053643398 
315 341 9 12 0.053628225 
196 408 13 16 0.05276026 
109 395 10 13 0.052251276 
823 368 7 9 0.051937427 
318 388 12 15 0.05180657 
206 397 12 15 0.0512119 
1004 483 15 24 0.0510756 
534 394 13 16 0.05098738 
990 374 9 11 0.05070021 
838 366 7 10 0.05068767 
692 374 8 11 0.050602384 
64 451 23 33 0.05034139 
786 421 11 14 0.05022007 
278 320 8 9 0.050097242 
407 468 24 30 0.04999454 
912 343 9 12 0.049968097 
313 351 8 10 0.049834263 
253 367 9 11 0.04981752 
848 352 7 9 0.049794517 
1007 358 8 10 0.049655695 
119 389 9 12 0.04942209 
198 363 10 12 0.049329013 
262 334 8 10 0.049294923 
15 334 9 10 0.04922327 
754 460 22 31 0.0492013 
222 375 9 11 0.04919989 
801 411 10 14 0.04918963 
134 372 10 12 0.048874278 
239 326 8 10 0.04851804 
273 363 10 12 0.048302587 
879 342 6 8 0.048192337 
796 392 9 11 0.047907982 
880 358 7 8 0.047498222 
104 349 8 11 0.047354385 
282 477 17 23 0.04679139 
473 389 16 19 0.04677249 
241 412 21 29 0.046758015 
247 349 9 11 0.04659328 
818 457 14 21 0.0465757 
474 417 24 34 0.046495758 
528 390 11 14 0.046420436 
823 349 7 9 0.04591611 
396 412 13 17 0.04581036 
70 403 12 16 0.045743365 
368 381 10 13 0.0455425 
525 435 14 19 0.045359693 
523 371 13 15 0.045307547 
384 352 8 10 0.04524745 
261 384 14 18 0.04519628 
78 375 9 12 0.044978764 
371 419 19 26 0.044948705 
131 405 15 17 0.044940498 
285 343 7 9 0.044922393 
1001 366 8 11 0.04479853 
101 388 11 14 0.04461963 
822 345 7 9 0.04461453 
896 365 7 9 0.044592455 
397 419 14 19 0.04454489 
552 446 25 37 0.044234857 
885 389 10 13 0.044120777 
40 348 10 12 0.044032473 
709 412 12 15 0.04403018 
61 373 10 12 0.043998968 
881 369 8 9 0.043985885 
951 388 12 17 0.043963622 
960 531 48 55 0.043943636 
268 380 10 13 0.04381787 
151 368 8 12 0.043746762 
304 480 18 24 0.043732665 
791 365 8 11 0.043718323 
53 326 9 10 0.043682322 
255 378 12 16 0.043677565 
281 336 7 9 0.043573823 
703 390 11 13 0.04356054 
394 364 8 11 0.043354362 
717 410 12 15 0.04334341 
271 336 8 10 0.043343272 
825 384 8 10 0.043297 
272 342 8 9 0.043228082 
610 326 19 27 0.0431037 
77 400 12 16 0.043055363 
184 336 8 9 0.043047566 
974 375 8 11 0.04302022 
360 470 24 32 0.043007255 
193 353 8 10 0.042980354 
319 337 8 11 0.04297248 
345 479 23 26 0.042941555 
209 337 7 9 0.042806465 
14 327 8 10 0.042625487 
733 389 9 12 0.042596504 
9 343 9 12 0.04251109 
859 375 8 10 0.042459648 
447 410 21 32 0.04234148 
871 382 18 24 0.04217279 
649 335 10 12 0.042129982 
286 335 7 9 0.042054176 
879 394 10 12 0.041942112 
570 533 30 41 0.041770346 
886 396 10 12 0.04171709 
528 437 28 34 0.041682374 
369 478 23 30 0.041425068 
450 373 10 13 0.04131278 
118 367 8 10 0.041280575 
984 375 9 12 0.041140273 
383 334 7 9 0.041071594 
284 351 9 11 0.041008316 
911 413 9 14 0.040997002 
73 344 9 12 0.04088435 
956 390 14 18 0.04071535 
765 523 39 56 0.040704776 
693 382 9 11 0.040704306 
393 360 7 9 0.040364124 
21 351 8 11 0.040237438 
757 402 12 16 0.040166646 
92 367 10 11 0.04010896 
861 422 12 17 0.039869428 
273 326 8 10 0.039668746 
1013 374 10 15 0.039663225 
40 304 7 9 0.039437067 
431 352 10 12 0.03942097 
358 368 8 11 0.039401583 
280 380 10 13 0.039254352 
922 379 10 12 0.03916157 
744 399 11 16 0.039082833 
222 326 8 9 0.03893519 
612 337 12 16 0.038913053 
864 337 8 10 0.038910918 
454 492 22 35 0.038837783 
848 367 7 9 0.03877869 
818 344 8 9 0.03867554 
358 419 13 17 0.038454045 
177 353 8 10 0.0383915 
80 327 7 9 0.038319282 
602 439 15 20 0.038305514 
193 376 20 24 0.038287 
382 375 8 11 0.03790037 
162 391 14 17 0.0377966 
268 434 17 20 0.03767844 
886 367 8 9 0.037670404 
240 342 8 10 0.037628055 
158 373 11 13 0.037340187 
66 468 16 20 0.03730861 
298 342 7 10 0.037247445 
161 496 31 40 0.037168935 
489 385 14 18 0.037030432 
285 400 14 18 0.036896203 
117 394 11 14 0.036791187 
520 364 11 14 0.036754303 
80 334 8 10 0.036729664 
959 379 11 14 0.036714785 
65 325 8 10 0.036682185 
699 402 16 19 0.03653713 
224 380 10 14 0.036515903 
958 342 7 10 0.03649538 
730 536 36 50 0.03641725 
94 351 8 11 0.036372792 
311 384 14 17 0.03630341 
900 423 12 14 0.036276318 
517 429 27 35 0.03602684 
799 365 8 10 0.035992604 
104 395 11 14 0.035936657 
719 394 18 22 0.03582707 
608 340 11 13 0.03579202 
214 366 8 10 0.03569792 
9 332 8 11 0.03553006 
293 468 14 21 0.035527263 
139 407 18 22 0.03538616 
534 335 8 10 0.035195522 
206 360 8 10 0.03511035 
96 474 12 18 0.03504079 
166 373 10 13 0.03487564 
975 380 10 13 0.034852274 
791 342 8 10 0.034813803 
232 320 8 10 0.03476018 
897 527 33 46 0.034758575 
398 341 9 11 0.034747258 
208 326 8 10 0.0346001 
604 359 10 13 0.03457721 
807 398 10 13 0.034564447 
406 364 10 12 0.034461126 
289 443 20 24 0.03436535 
846 392 10 13 0.034318592 
175 496 28 35 0.034178216 
825 471 25 31 0.03414555 
56 312 8 10 0.034138106 
16 342 9 12 0.034000263 
871 341 8 10 0.033937573 
972 388 13 16 0.033930793 
112 333 7 9 0.03385473 
318 358 8 10 0.0338445 
349 372 10 12 0.033758223 
815 360 8 9 0.033753388 
433 334 9 10 0.033723593 
989 493 18 21 0.033639174 
691 402 13 19 0.033485375 
175 374 11 13 0.033299994 
46 381 10 14 0.03324927 
674 333 21 30 0.033165105 
124 687 42 58 0.033143535 
214 335 7 9 0.033128414 
866 418 21 27 0.033058286 
856 563 47 70 0.03303354 
302 352 8 10 0.032957118 
853 396 10 12 0.03292566 
861 411 12 14 0.032822475 
368 328 8 10 0.032799292 
335 348 8 11 0.03268494 
793 382 9 11 0.03266607 
381 469 23 32 0.03251185 
72 387 12 14 0.032499902 
54 377 10 15 0.032476116 
358 372 10 12 0.032432985 
62 410 14 17 0.032338914 
193 375 9 12 0.032277033 
996 405 13 16 0.03224618 
180 389 15 18 0.03223192 
103 343 8 10 0.032029506 
455 498 35 51 0.03200865 
750 533 32 43 0.03200521 
512 522 38 51 0.03191192 
764 457 15 26 0.031906005 
800 541 42 60 0.03188924 
240 321 7 9 0.0318473 
163 383 12 15 0.03178528 
961 374 9 12 0.031738006 
215 390 13 17 0.031728256 
237 524 38 53 0.03170562 
221 319 9 10 0.031689875 
177 366 8 11 0.031586338 
230 343 7 9 0.031576887 
406 379 13 15 0.03155137 
47 333 9 10 0.03141062 
215 326 8 10 0.031392228 
750 350 10 13 0.031251717 
314 336 8 10 0.031246178 
807 421 9 11 0.031233814 
853 448 13 19 0.031152908 
62 312 8 10 0.031130394 
544 359 9 11 0.031050226 
501 424 15 23 0.031023081 
780 423 14 18 0.031000197 
279 326 8 9 0.030935988 
234 326 7 10 0.03091844 
336 367 8 10 0.03078215 
877 406 10 13 0.03071452 
296 327 9 11 0.030701704 
457 367 11 13 0.030699868 
383 327 7 10 0.030662362 
837 427 13 18 0.030649215 
513 425 16 23 0.030597271 
952 342 10 12 0.030597217 
31 325 9 10 0.03059602 
793 359 7 10 0.030562947 
680 446 23 29 0.030490473 
198 537 35 37 0.03047643 
578 438 23 29 0.030446323 
835 441 23 30 0.030391118 
230 421 12 16 0.030350342 
854 424 12 16 0.030281024 
200 327 8 9 0.030180037 
63 378 11 14 0.030052887 
479 385 22 27 0.029938817 
379 484 16 23 0.029882438 
974 367 8 9 0.029859966 
288 451 26 35 0.029855441 
241 334 7 10 0.029805247 
965 387 14 17 0.029610496 
1012 386 11 15 0.029538712 
594 409 23 27 0.02953611 
823 442 12 17 0.029498663 
182 364 9 12 0.029483203 
122 469 27 33 0.029392807 
865 360 7 9 0.029390464 
465 398 25 33 0.02930371 
997 382 10 12 0.029189939 
327 511 37 53 0.028960656 
856 406 9 11 0.028957691 
407 371 12 14 0.028842831 
507 438 30 42 0.028737267 
265 506 12 16 0.028682783 
496 408 22 30 0.028623633 
858 335 7 10 0.02861831 
70 376 10 13 0.028606119 
71 320 8 10 0.028539399 
945 383 10 13 0.028534006 
131 414 16 19 0.028518679 
946 556 48 52 0.02842902 
715 418 13 16 0.0283133 
216 343 8 11 0.028249284 
693 443 23 31 0.028220018 
273 321 8 10 0.027956251 
991 350 9 11 0.027908891 
423 486 23 35 0.027891083 
807 353 7 8 0.027858645 
15 372 10 13 0.027855983 
997 388 10 13 0.02773434 
909 419 11 14 0.027582329 
71 397 12 16 0.027331976 
523 529 14 24 0.027322631 
248 406 20 26 0.027203597 
906 430 23 29 0.027139049 
991 398 10 13 0.027048826 
745 389 9 12 0.027043361 
682 398 10 15 0.027036108 
815 404 10 12 0.026966652 
871 367 7 9 0.026964366 
308 405 14 17 0.026924213 
510 459 24 36 0.026887441 
21 335 8 10 0.026878165 
872 359 7 8 0.02686027 
849 358 7 10 0.026806317 
493 386 21 26 0.026717206 
793 374 8 10 0.026602628 
270 386 11 16 0.026577312 
451 405 13 18 0.02655103 
97 335 8 9 0.026535107 
733 396 10 14 0.026499255 
277 361 13 15 0.026423555 
799 374 8 11 0.026411515 
35 458 18 24 0.02639376 
983 351 10 12 0.02633753 
901 411 11 14 0.026300995 
183 342 8 9 0.026296271 
493 410 16 20 0.026280072 
39 384 10 13 0.026266184 
905 351 7 9 0.026184577 
217 316 10 12 0.02618425 
347 405 16 20 0.026162846 
414 360 8 11 0.026109261 
400 372 9 12 0.02600374 
915 497 40 48 0.025977062 
39 320 8 9 0.02594582 
24 325 8 10 0.025883267 
318 409 12 19 0.025829364 
195 419 24 28 0.025785174 
453 403 23 34 0.02572862 
911 389 8 11 0.025719628 
6 356 9 12 0.025667747 
103 452 16 23 0.025641432 
799 353 7 9 0.025469573 
264 344 8 9 0.02535365 
902 367 8 10 0.025312176 
925 407 10 13 0.02525557 
25 455 10 14 0.025247216 
833 360 9 10 0.025197223 
229 352 9 10 0.025187334 
533 369 14 16 0.025181372 
683 334 10 14 0.025157051 
748 465 17 23 0.02503294 
130 368 7 11 0.025016354 
168 482 29 38 0.025006168 
232 335 7 10 0.024997694 
524 377 13 17 0.02499038 
223 336 8 9 0.02498044 
43 386 12 16 0.024932368 
917 429 16 18 0.024913974 
787 426 13 16 0.024886996 
353 455 18 21 0.024866564 
828 442 13 19 0.024812225 
734 383 9 12 0.024752244 
809 300 98 132 0.024735564 
760 423 14 19 0.024715401 
609 332 11 16 0.024663536 
1005 352 9 11 0.024562337 
839 391 8 11 0.024544483 
176 321 7 9 0.024493255 
200 336 7 9 0.024473682 
20 361 19 23 0.02447204 
387 420 16 23 0.024448033 
458 372 13 16 0.024431283 
958 337 8 10 0.024395565 
831 420 12 16 0.024394203 
519 360 9 12 0.02438841 
473 516 26 43 0.02437219 
366 411 13 18 0.024271755 
719 481 15 20 0.02422264 
1004 406 11 15 0.024217568 
46 343 10 11 0.024153693 
760 412 13 16 0.024093166 
552 543 32 37 0.02405852 
238 548 12 16 0.023999982 
328 322 8 10 0.023775406 
550 392 24 32 0.023770556 
725 391 13 14 0.023713104 
296 320 7 10 0.02368774 
466 486 22 35 0.023655511 
605 348 11 14 0.02360749 
354 460 25 30 0.02353651 
393 340 9 11 0.02345724 
627 326 11 14 0.023392433 
739 419 13 17 0.023389993 
507 377 12 16 0.023384733 
93 372 9 11 0.023369147 
794 350 7 10 0.02323576 
723 409 14 19 0.023156954 
911 382 8 11 0.023154467 
8 319 8 10 0.023139173 
823 374 8 10 0.023134416 
255 341 8 10 0.023115909 
462 359 9 13 0.02308971 
582 411 12 17 0.023089327 
799 419 11 13 0.023073275 
734 403 11 15 0.023059752 
879 352 7 9 0.023022493 
304 374 11 13 0.023018256 
744 367 10 13 0.022995647 
892 391 20 23 0.02298239 
128 409 14 18 0.022934537 
871 376 8 10 0.02293242 
717 391 13 16 0.022922765 
259 411 14 17 0.02292108 
15 319 8 10 0.022878995 
694 386 12 15 0.022873262 
702 395 13 16 0.02287031 
650 340 10 12 0.022848539 
223 365 9 11 0.022831086 
247 320 8 9 0.022678463 
918 412 11 14 0.022640917 
193 450 30 32 0.022634521 
950 519 46 52 0.02256296 
216 304 9 12 0.022555694 
650 472 16 22 0.022535985 
18 357 8 11 0.02253516 
955 401 25 28 0.02252531 
104 335 8 9 0.02243399 
885 521 32 37 0.022433355 
262 457 14 17 0.022359533 
496 369 18 23 0.022353346 
356 475 17 23 0.022351872 
627 419 17 22 0.022309763 
932 374 9 11 0.022293324 
997 399 11 13 0.022286933 
588 332 10 12 0.02220181 
262 452 23 30 0.022200137 
302 342 7 10 0.022180472 
499 404 13 18 0.02216234 
733 413 12 17 0.02216227 
26 459 12 17 0.022149619 
808 390 9 12 0.022132086 
772 458 14 23 0.022102887 
38 310 8 9 0.022066515 
953 358 8 11 0.022061396 
78 321 8 9 0.021931607 
1012 366 9 13 0.021902883 
247 328 8 11 0.021889249 
413 380 12 15 0.021877814 
176 325 8 10 0.021868235 
786 412 13 17 0.02176804 
333 381 12 14 0.021724338 
328 332 9 11 0.021701504 
381 364 9 11 0.02169591 
941 413 11 14 0.021533167 
754 445 22 32 0.021475261 
97 460 22 30 0.021464912 
109 427 12 17 0.021464255 
229 390 12 15 0.021450417 
256 312 8 9 0.02143947 
18 365 9 12 0.021437401 
1 302 6 10 0.02143585 
38 333 10 11 0.02142933 
791 403 10 14 0.021410441 
314 326 7 10 0.021410115 
27 372 10 13 0.021372868 
998 373 9 12 0.021336824 
20 613 54 69 0.021327345 
702 345 40 55 0.021267312 
119 374 10 12 0.021265605 
493 431 14 24 0.021259032 
640 606 34 45 0.021208119 
329 366 9 11 0.02114502 
150 392 14 19 0.02112235 
389 392 11 13 0.021075582 
214 373 9 13 0.021072365 
807 364 8 11 0.021025585 
79 454 21 30 0.021000389 
840 344 7 9 0.020964334 
502 344 8 10 0.020954065 
38 327 9 11 0.020939581 
847 428 14 21 0.020911142 
521 393 24 29 0.020882772 
192 342 7 10 0.0208798 
156 412 11 15 0.020857157 
32 386 17 22 0.020832503 
980 396 11 15 0.020777939 
847 314 101 132 0.020755779 
948 375 21 28 0.02069728 
919 398 10 12 0.020664494 
909 406 10 13 0.020617247 
839 373 8 10 0.02058127 
291 400 21 27 0.020571586 
32 404 12 17 0.02057013 
1011 367 19 27 0.020526705 
552 336 8 10 0.02049961 
77 308 9 11 0.020481005 
873 352 7 9 0.020464452 
199 439 25 27 0.020461442 
936 422 11 13 0.020444285 
278 386 12 16 0.020408295 
71 364 9 11 0.020378504 
707 402 14 18 0.020360913 
164 518 43 50 0.02034159 
990 380 10 13 0.020327933 
20 226 195 232 0.020308722 
869 410 19 24 0.020294249 
40 373 9 12 0.020213448 
709 424 15 19 0.020187652 
332 387 12 15 0.020168561 
686 387 11 16 0.020153897 
991 345 9 10 0.020036817 
879 382 19 25 0.020035917 
80 368 9 10 0.020021018 
29 360 9 11 0.02002048 
363 429 17 21 0.020010214 
