2_Demonstration_Protesters_2_351
26
226 109 35 44 0.99240327 
105 22 55 57 0.87992257 
383 -4 48 47 0.7922454 
426 53 28 46 0.43775177 
610 47 32 45 0.27622294 
904 9 42 56 0.18537046 
953 50 65 98 0.16828972 
451 53 38 51 0.15868184 
356 2 64 52 0.14421062 
0 65 24 37 0.12319965 
644 109 28 31 0.091507606 
416 40 30 47 0.074072465 
633 62 35 38 0.069084466 
604 101 16 24 0.05629861 
342 0 54 39 0.032444116 
478 546 13 15 0.03173817 
24 -3 33 38 0.029500423 
603 487 33 32 0.02714614 
599 483 65 54 0.0257355 
637 97 43 51 0.025444742 
677 80 16 20 0.023870612 
439 250 11 13 0.023728156 
514 308 28 34 0.023177499 
846 292 53 62 0.0209088 
90 4 30 50 0.020897528 
477 40 38 54 0.020863798 
