2_Demonstration_Demonstrators_2_712
86
889 426 35 44 0.99327236 
701 535 27 30 0.9698206 
648 531 48 59 0.95456356 
765 479 37 50 0.91053796 
994 376 30 42 0.7760409 
113 566 26 36 0.7081168 
554 269 17 21 0.26898 
803 409 15 19 0.16213833 
683 491 12 14 0.14790317 
269 336 9 11 0.14619622 
741 40 43 43 0.13939898 
641 194 11 13 0.13466258 
685 521 16 20 0.119028434 
759 546 28 47 0.10466628 
772 425 14 17 0.09507829 
124 560 30 43 0.094577976 
135 536 11 14 0.087996 
119 543 11 14 0.07088494 
71 204 423 495 0.06443721 
684 527 41 53 0.0640936 
42 98 9 13 0.063611545 
804 417 14 19 0.062359974 
862 436 15 18 0.059684448 
336 376 50 66 0.058199253 
455 588 13 15 0.05613428 
289 344 9 11 0.05326865 
321 368 9 11 0.048723046 
996 356 28 41 0.04690044 
351 327 10 12 0.04633219 
680 519 26 36 0.045461442 
822 369 12 14 0.04532354 
124 541 11 13 0.045259234 
620 192 11 13 0.044435587 
754 443 12 14 0.04112214 
693 562 32 37 0.040862028 
304 366 10 12 0.040255733 
128 532 10 14 0.039191056 
499 576 15 19 0.03819058 
666 525 34 46 0.037546232 
139 565 32 48 0.036627647 
749 411 16 20 0.035988882 
126 527 9 13 0.03402678 
365 536 9 11 0.03348017 
773 432 14 17 0.031710126 
348 371 9 12 0.031265166 
719 446 13 17 0.031175962 
188 503 54 67 0.030523721 
544 260 11 13 0.029478053 
901 18 65 80 0.029230623 
678 485 21 26 0.028904911 
866 419 24 32 0.028269028 
425 538 45 62 0.027687432 
266 338 10 14 0.027684277 
113 541 11 13 0.027394703 
768 432 11 16 0.026971672 
361 628 60 50 0.026257541 
632 209 9 12 0.025587162 
816 405 11 16 0.025433796 
779 459 13 16 0.025096077 
278 364 12 15 0.025074853 
601 370 10 12 0.024250653 
291 348 10 12 0.023886906 
673 514 25 28 0.023802292 
197 563 11 13 0.023678675 
778 435 13 17 0.022900186 
361 539 10 11 0.022804754 
344 368 10 13 0.022752801 
861 66 176 229 0.02269614 
325 370 8 12 0.022663753 
680 610 36 33 0.02248535 
590 219 13 16 0.022215405 
695 511 27 32 0.02205853 
434 540 26 38 0.0220565 
736 11 50 54 0.02158582 
141 557 13 18 0.02146141 
189 549 12 15 0.021284927 
376 534 8 11 0.021237615 
272 389 11 13 0.020774806 
592 214 10 12 0.020774167 
484 570 13 17 0.020701345 
575 192 11 12 0.020429108 
470 583 12 15 0.020424347 
336 368 9 11 0.020358812 
630 191 9 12 0.020187005 
6 587 32 61 0.0200804 
660 -45 398 445 0.020005392 
