2_Demonstration_Demonstrators_2_567
30
535 51 69 83 0.99893767 
699 60 56 79 0.99799985 
431 122 45 55 0.9918577 
900 39 47 99 0.92015666 
75 94 37 49 0.7691305 
245 94 48 55 0.17584698 
857 303 172 236 0.14788713 
197 75 40 56 0.12707804 
90 486 16 21 0.076880805 
20 115 25 31 0.07165337 
925 48 59 91 0.07115065 
250 112 49 65 0.061947614 
97 92 16 20 0.06021392 
233 120 49 68 0.0586324 
953 61 61 90 0.05619923 
212 81 48 63 0.051802497 
68 102 29 34 0.05137484 
630 122 47 57 0.04857514 
62 107 15 20 0.04853864 
91 96 18 23 0.04151027 
273 101 40 47 0.036006182 
742 709 33 32 0.031848606 
196 305 13 17 0.031428177 
54 64 71 98 0.027217694 
28 152 41 60 0.025492063 
115 32 16 18 0.023539146 
12 546 21 35 0.023062617 
98 18 15 19 0.02171525 
275 123 36 46 0.02049345 
728 762 58 49 0.020138869 
