2_Demonstration_Demonstrators_2_425
742
578 385 25 34 0.99837 
864 303 28 34 0.9976617 
792 422 66 84 0.9965683 
787 301 38 49 0.9955368 
635 392 33 45 0.9936521 
355 430 51 65 0.9921631 
566 462 41 61 0.99138546 
699 313 17 22 0.9894768 
434 568 67 101 0.9853382 
618 332 17 21 0.98526716 
224 423 35 54 0.9800821 
17 472 43 47 0.9744719 
727 337 22 28 0.9713102 
612 303 14 17 0.96411204 
701 373 27 34 0.9625094 
487 372 15 20 0.9537679 
402 370 16 22 0.950848 
528 330 14 21 0.94025636 
657 305 17 21 0.9310744 
156 425 12 16 0.9122538 
793 271 20 21 0.9093084 
865 271 22 28 0.8715139 
203 402 21 29 0.8651567 
620 388 17 22 0.8625353 
965 356 51 66 0.85499513 
641 306 11 14 0.83851653 
740 301 15 20 0.8291753 
510 350 11 13 0.80963373 
45 429 23 31 0.7991305 
467 409 23 31 0.79784214 
173 398 12 16 0.74978465 
708 277 13 15 0.7359971 
92 377 12 17 0.72919375 
255 371 12 15 0.64628536 
139 376 12 14 0.63219565 
450 350 13 17 0.5833917 
768 266 11 14 0.5695371 
276 415 22 34 0.545434 
423 341 10 12 0.51355976 
190 356 10 11 0.49606735 
289 350 9 12 0.4935661 
503 288 7 10 0.4800472 
131 433 16 22 0.47004336 
468 348 8 12 0.45676985 
516 317 10 13 0.42725748 
846 285 13 17 0.42251018 
47 398 12 17 0.40608215 
486 315 8 11 0.3956493 
577 333 13 15 0.3941235 
111 379 13 18 0.3507852 
701 269 11 13 0.34555 
487 295 8 10 0.34211645 
3 452 16 18 0.3400262 
731 278 11 14 0.33353135 
397 325 8 11 0.33070394 
348 359 9 12 0.32726818 
176 366 8 10 0.31672162 
511 324 10 12 0.3090519 
362 342 8 11 0.3075003 
735 266 12 15 0.30618587 
457 288 8 10 0.30389836 
401 349 11 13 0.3020801 
284 371 10 13 0.2955956 
280 369 9 12 0.29433838 
646 269 9 11 0.28674924 
287 421 25 33 0.2739707 
696 266 10 14 0.27350977 
126 423 12 16 0.27208537 
232 368 9 11 0.26764622 
0 380 11 18 0.25946045 
518 312 9 12 0.23642325 
454 320 9 12 0.23509069 
156 351 9 10 0.23381102 
238 352 8 10 0.23089674 
226 328 8 11 0.23009276 
135 350 7 10 0.22573769 
592 310 10 12 0.22194704 
317 357 8 10 0.21613526 
629 280 10 12 0.21458314 
393 333 10 12 0.2093223 
608 285 9 11 0.1980694 
577 292 8 11 0.19361874 
493 348 9 12 0.19303983 
129 349 8 9 0.19246401 
957 366 39 42 0.19170982 
192 394 9 13 0.19063985 
201 366 8 11 0.19012997 
625 284 9 11 0.18680891 
576 288 8 10 0.18637107 
861 280 16 20 0.18448238 
58 389 13 16 0.18294299 
560 327 11 14 0.18253814 
449 323 9 13 0.18189523 
851 284 14 18 0.17940836 
739 261 11 14 0.1791132 
562 413 24 30 0.17742564 
873 401 43 48 0.17592534 
677 263 12 15 0.17201164 
408 312 10 12 0.16948248 
399 343 9 11 0.16703986 
558 316 9 12 0.1663169 
536 462 30 47 0.16252008 
421 319 8 10 0.16212486 
591 302 9 10 0.15941104 
415 317 9 12 0.15652332 
82 452 24 34 0.1550882 
372 389 11 14 0.15263243 
686 263 11 14 0.15238132 
672 266 10 13 0.15171143 
527 302 8 10 0.1512581 
15 372 12 13 0.15111935 
514 312 8 10 0.15083371 
45 379 10 14 0.14929883 
202 389 13 17 0.14913163 
21 402 22 26 0.14797229 
551 302 8 10 0.14568025 
374 349 8 10 0.14407822 
415 324 10 12 0.1434606 
166 381 9 12 0.1414625 
560 289 7 8 0.13958623 
214 365 8 11 0.13888982 
640 288 8 10 0.13875328 
382 324 8 10 0.13752623 
84 357 10 12 0.13724168 
136 357 10 13 0.1367872 
94 400 12 16 0.13515185 
583 294 8 11 0.13206309 
543 312 9 10 0.13056526 
557 313 7 10 0.13056168 
232 372 12 14 0.13016298 
366 313 7 10 0.12941533 
167 374 8 11 0.12892118 
803 245 11 14 0.12720287 
378 319 7 10 0.12661894 
338 342 8 11 0.12574556 
535 390 12 15 0.1254244 
69 364 9 11 0.12367812 
723 253 11 13 0.12243391 
265 349 9 11 0.12163622 
553 310 8 11 0.12145439 
805 253 11 15 0.12142181 
116 375 10 14 0.120216206 
492 342 9 12 0.12020752 
157 358 9 11 0.12013361 
737 256 11 13 0.11882767 
939 311 12 17 0.11879006 
89 374 11 14 0.118072316 
539 332 12 16 0.11766824 
440 302 8 10 0.11751401 
592 332 10 14 0.11703737 
597 279 9 10 0.115584314 
231 378 12 14 0.115444995 
160 388 9 12 0.1145936 
168 367 8 11 0.11388234 
662 277 9 11 0.113537304 
254 344 8 10 0.11323689 
639 292 10 12 0.11311139 
591 285 9 10 0.11285559 
592 280 9 11 0.11199234 
160 365 9 11 0.11176189 
266 335 7 9 0.11037219 
34 419 15 21 0.10935585 
926 292 12 14 0.10918747 
269 348 9 12 0.108962916 
123 388 11 14 0.10774808 
141 359 10 11 0.10765161 
214 345 8 9 0.10676706 
454 409 23 34 0.105913155 
118 385 11 15 0.10539356 
625 385 28 33 0.10472921 
85 397 12 17 0.10470323 
181 366 7 9 0.104688704 
237 389 13 15 0.10453631 
329 329 7 9 0.10408351 
415 313 7 10 0.103686646 
234 351 7 10 0.102999926 
482 317 9 11 0.10211163 
940 264 12 17 0.10205429 
774 244 9 13 0.101233646 
150 363 10 12 0.10121507 
535 296 9 11 0.09959137 
179 457 17 22 0.09870202 
110 394 12 14 0.098323405 
89 444 27 33 0.09832315 
535 388 24 26 0.09754767 
573 311 8 10 0.09660587 
489 335 9 12 0.09606623 
631 296 9 12 0.09584086 
822 270 11 16 0.095767595 
99 379 12 16 0.09462331 
911 279 10 13 0.0940421 
656 288 9 12 0.09391273 
705 282 13 16 0.093555324 
334 329 8 10 0.0932189 
772 310 12 16 0.09292212 
543 296 8 10 0.09281731 
780 221 10 13 0.09242874 
199 333 8 10 0.092008315 
219 404 15 19 0.09114587 
585 420 23 28 0.090581395 
726 262 11 13 0.090527594 
360 326 8 9 0.08997318 
447 313 8 9 0.0895822 
775 251 10 13 0.08916171 
414 334 10 14 0.08882282 
254 389 13 17 0.08798455 
461 294 9 10 0.08670242 
151 387 10 13 0.08658883 
659 324 14 15 0.08653021 
600 209 11 14 0.08641473 
440 296 7 9 0.08593086 
694 277 10 13 0.085641295 
149 382 10 13 0.08478106 
495 313 8 10 0.084395185 
647 287 8 11 0.08427674 
289 392 24 35 0.08357657 
143 365 11 13 0.08356953 
138 426 19 26 0.0834578 
289 344 7 10 0.08308346 
784 252 11 14 0.0824534 
193 479 27 35 0.08232498 
299 430 19 23 0.0821758 
688 277 10 13 0.08205246 
80 373 9 12 0.08199529 
417 339 10 12 0.08112692 
128 364 10 13 0.08062131 
776 240 10 13 0.08017113 
540 315 11 13 0.07973661 
93 369 10 12 0.07971202 
35 400 20 25 0.07944984 
689 245 11 13 0.07862046 
407 289 8 10 0.07859023 
590 296 8 10 0.07853779 
245 334 7 9 0.07768885 
472 297 8 10 0.07708584 
488 299 9 11 0.076527864 
919 285 9 13 0.07641103 
800 240 11 13 0.074748375 
453 345 11 14 0.07416295 
559 293 9 11 0.07412316 
508 329 11 16 0.07395973 
79 366 9 11 0.07382857 
2 442 26 31 0.07366984 
440 318 9 11 0.073633775 
620 302 11 14 0.0735706 
373 342 8 11 0.0728603 
778 306 31 37 0.07256837 
646 265 7 10 0.071566775 
336 333 8 10 0.07151859 
537 318 9 12 0.071075775 
990 351 34 63 0.07105512 
643 269 8 10 0.070965655 
103 412 11 13 0.070940115 
171 464 29 37 0.070742756 
422 311 8 10 0.07063353 
829 330 15 21 0.07052326 
833 260 10 12 0.06961817 
577 328 10 13 0.0692498 
153 344 7 10 0.06917747 
584 301 9 11 0.069009274 
608 294 9 12 0.06825078 
687 302 11 13 0.068030536 
551 297 8 9 0.068016306 
614 278 7 9 0.067927904 
440 310 8 11 0.0669396 
710 262 9 12 0.06635219 
658 330 16 21 0.06633609 
608 280 8 10 0.066192254 
695 285 9 12 0.066181645 
437 335 10 13 0.066144265 
594 417 16 22 0.065593354 
707 291 13 16 0.06475833 
584 288 8 10 0.06465735 
101 406 10 13 0.06439399 
525 310 9 11 0.06424152 
409 325 9 12 0.063336864 
232 343 8 10 0.063315056 
586 309 8 11 0.06259114 
247 320 7 8 0.062212225 
375 359 8 10 0.062169477 
229 333 8 11 0.062149923 
824 242 11 14 0.062147547 
510 304 7 9 0.06198777 
36 423 21 29 0.061957683 
270 344 8 10 0.06166488 
96 470 25 30 0.061624426 
104 351 11 13 0.06160918 
942 284 9 12 0.061071113 
174 350 7 10 0.06103742 
687 251 10 13 0.060758322 
593 324 10 13 0.060663007 
944 472 28 29 0.06042303 
161 337 6 8 0.06027514 
608 271 8 9 0.060245678 
401 309 9 11 0.05953168 
431 365 8 12 0.0593943 
554 314 8 13 0.05918611 
235 381 13 16 0.05886769 
174 370 10 13 0.058854315 
374 336 8 10 0.058805026 
613 296 10 12 0.058731396 
522 297 9 9 0.05871802 
478 332 8 12 0.058658447 
439 324 9 12 0.058500886 
591 314 12 14 0.0584912 
285 403 13 18 0.05837356 
224 351 7 9 0.058203965 
313 340 9 10 0.058110084 
320 336 8 10 0.057786837 
649 276 7 10 0.05758735 
242 328 8 8 0.057587143 
107 442 16 18 0.05727027 
710 298 12 16 0.05726117 
232 390 22 28 0.05718911 
286 328 7 8 0.056916907 
360 337 8 12 0.056854196 
128 360 9 11 0.056802582 
432 327 9 11 0.056779403 
523 303 8 9 0.056630615 
577 344 15 17 0.056193464 
158 343 8 10 0.055953722 
680 324 12 16 0.05585552 
506 327 10 12 0.055588823 
415 350 9 12 0.055440936 
249 342 8 11 0.055058368 
204 383 11 14 0.055038087 
1000 583 24 35 0.054732487 
546 302 8 10 0.054690342 
458 302 8 10 0.05467188 
313 351 10 12 0.05464967 
424 359 9 11 0.054299276 
263 422 24 33 0.054176737 
934 277 11 14 0.05400936 
367 337 10 13 0.053498693 
213 429 31 44 0.053443868 
345 321 7 8 0.053371206 
472 327 10 11 0.052941285 
789 247 11 14 0.052783713 
505 301 8 10 0.05222755 
866 281 28 35 0.05220984 
482 295 8 10 0.05199885 
511 386 13 16 0.051792234 
613 287 8 11 0.05164591 
820 261 10 13 0.051436316 
320 320 7 9 0.05094905 
168 343 8 9 0.050354708 
478 341 9 12 0.050194453 
183 335 7 9 0.049957868 
690 346 17 23 0.049897194 
207 366 9 13 0.04962762 
482 288 7 9 0.049520228 
478 359 10 12 0.049470183 
583 271 7 9 0.049094204 
298 389 14 18 0.048987683 
685 307 13 18 0.048552293 
210 345 7 9 0.048074026 
165 388 10 14 0.04724723 
545 452 30 41 0.04688293 
596 303 9 11 0.04664913 
1 383 15 23 0.04662249 
414 356 10 12 0.046556626 
715 300 13 17 0.046363574 
269 329 8 9 0.04626469 
80 400 12 15 0.04626272 
486 290 7 8 0.046237368 
448 344 10 13 0.04620557 
549 331 11 16 0.04600664 
208 350 8 9 0.04582001 
940 277 11 15 0.04577073 
535 287 8 9 0.045669787 
936 267 11 16 0.0456228 
409 375 15 18 0.045188915 
351 320 8 9 0.044799756 
663 272 9 10 0.044786733 
176 416 13 19 0.044483997 
118 433 22 25 0.04401982 
772 312 21 29 0.043922078 
75 459 24 38 0.043357413 
256 318 8 9 0.043327067 
479 327 7 10 0.043172706 
639 279 7 10 0.04311165 
293 344 9 10 0.04293844 
460 352 13 17 0.042923063 
337 402 49 62 0.042770118 
190 3 43 60 0.042650457 
462 303 8 9 0.04264498 
505 354 12 15 0.042456605 
313 335 8 10 0.042347703 
455 311 9 11 0.042012125 
291 354 11 12 0.041979406 
430 333 11 15 0.041949835 
401 288 8 10 0.041565012 
689 240 10 11 0.04156475 
865 237 8 10 0.041556712 
177 402 13 15 0.041461773 
195 396 38 49 0.04119918 
286 335 7 9 0.04105486 
394 321 10 11 0.04087345 
320 363 9 12 0.04086937 
346 394 26 32 0.04078508 
162 372 9 12 0.040784407 
656 277 9 10 0.040753525 
265 329 8 10 0.040727567 
101 397 10 13 0.040417366 
576 281 8 9 0.040265214 
304 320 7 8 0.040232673 
216 349 7 9 0.04022207 
87 388 12 16 0.04006881 
377 365 9 12 0.0400007 
714 277 12 14 0.03961249 
200 371 10 12 0.03955209 
623 293 11 13 0.039506394 
433 295 7 9 0.039464522 
740 236 11 13 0.039432187 
289 321 7 9 0.039364435 
176 361 8 10 0.039277766 
642 263 8 11 0.039265785 
240 393 22 30 0.03916976 
643 312 14 17 0.039095555 
528 296 8 11 0.038902536 
168 360 8 10 0.038858917 
193 364 9 11 0.03884456 
336 358 9 12 0.038820513 
405 342 10 12 0.038753252 
160 420 15 19 0.038576744 
159 396 10 13 0.0383748 
566 319 9 11 0.038265903 
281 344 7 9 0.03820434 
562 331 12 16 0.03819152 
369 347 9 12 0.038143847 
9 391 22 30 0.038141564 
264 344 9 11 0.03782894 
104 386 11 15 0.03765422 
245 394 13 18 0.03756167 
65 361 10 12 0.03720015 
361 321 8 8 0.037108116 
343 327 7 9 0.037061427 
425 363 9 13 0.037002135 
813 273 14 18 0.036995202 
148 441 13 16 0.036832344 
926 261 11 14 0.03651379 
783 259 12 16 0.036468238 
11 376 14 19 0.036413122 
274 367 10 12 0.03639178 
194 328 7 10 0.03629339 
941 291 11 14 0.0362515 
542 272 7 9 0.03615883 
242 321 7 9 0.036085982 
177 473 38 49 0.036016997 
53 383 13 16 0.035852294 
728 267 11 14 0.035614237 
724 297 13 19 0.035401735 
311 328 7 9 0.035223838 
575 301 9 12 0.03506044 
135 364 10 13 0.034843296 
292 371 10 13 0.03467129 
661 293 12 14 0.034621954 
258 367 10 13 0.03460633 
282 328 8 9 0.034485884 
422 381 10 13 0.034420427 
0 392 13 24 0.03440631 
252 390 21 27 0.034320567 
494 302 9 10 0.034228805 
255 361 10 12 0.034180485 
947 486 19 22 0.034164783 
224 344 7 9 0.03411775 
430 359 8 12 0.033969663 
625 381 19 22 0.033908427 
721 249 9 12 0.033852786 
184 359 8 10 0.033767734 
423 305 8 9 0.03364301 
460 402 16 24 0.033619 
302 423 28 34 0.033611756 
318 418 13 19 0.033526525 
228 407 25 35 0.03349089 
148 376 10 13 0.033449084 
836 255 10 13 0.03341667 
152 336 7 8 0.03335607 
328 342 8 10 0.033334196 
488 326 8 10 0.03302364 
166 337 7 10 0.033019844 
322 328 8 9 0.032851484 
601 412 22 29 0.03278522 
216 362 8 10 0.032765824 
428 348 10 12 0.032662574 
198 359 8 12 0.032587487 
507 345 18 23 0.03232143 
446 302 8 9 0.032319408 
567 288 8 10 0.032271612 
829 270 10 12 0.032247238 
491 391 15 20 0.032241113 
757 293 13 19 0.032148983 
181 391 11 13 0.03190971 
927 267 12 17 0.031905863 
357 359 9 11 0.03179472 
409 334 9 12 0.031668957 
279 376 13 18 0.031658027 
225 365 8 11 0.031622328 
148 424 19 26 0.031529978 
815 266 13 17 0.031462006 
679 255 11 12 0.0313833 
365 326 8 10 0.03135003 
305 328 7 8 0.031275343 
724 288 15 19 0.031235356 
301 401 28 38 0.031190788 
823 232 9 12 0.031162329 
187 350 9 12 0.031158293 
246 380 12 16 0.031072894 
121 351 8 9 0.030961862 
221 5 50 55 0.030923259 
782 246 11 14 0.03091809 
598 284 9 11 0.030814765 
820 270 20 25 0.0307316 
480 301 8 11 0.030653393 
162 385 21 27 0.030584427 
495 354 11 15 0.030493679 
326 365 9 11 0.030339032 
505 342 9 13 0.030267145 
174 344 8 10 0.030177122 
220 406 21 29 0.030147228 
826 274 12 15 0.030056503 
157 415 12 16 0.03005566 
207 360 9 11 0.030000836 
280 350 8 10 0.029988302 
112 367 9 12 0.029834354 
530 288 6 8 0.029755907 
498 372 13 16 0.02973889 
133 345 9 10 0.02973397 
184 343 8 10 0.02970943 
610 410 16 21 0.029628517 
503 310 8 11 0.029580453 
46 387 13 20 0.029564233 
669 293 10 13 0.029533735 
318 340 8 10 0.029494936 
94 407 14 18 0.0294835 
736 335 23 32 0.0293461 
56 368 8 10 0.029280188 
87 367 9 11 0.02927722 
892 294 15 18 0.029208802 
402 293 8 10 0.029192274 
85 446 13 18 0.02901734 
102 368 10 12 0.02899444 
19 368 10 13 0.02899209 
720 259 10 13 0.028979959 
109 356 9 10 0.028936915 
169 349 9 11 0.028772296 
472 320 9 10 0.028764585 
574 263 8 10 0.028755607 
282 408 16 24 0.028718604 
543 439 26 39 0.028666409 
462 325 9 12 0.028488565 
233 384 42 51 0.028479546 
183 425 13 16 0.028379822 
20 397 17 21 0.02830488 
542 399 25 31 0.028297786 
512 311 18 23 0.028235355 
725 279 18 22 0.028208056 
352 335 9 10 0.028178882 
708 505 51 47 0.0281341 
95 359 10 12 0.0281223 
244 388 12 17 0.02807106 
44 402 23 29 0.027925141 
865 254 9 11 0.027816014 
246 350 9 11 0.02775775 
70 397 12 16 0.027677506 
248 367 10 13 0.027651444 
295 320 7 8 0.027630623 
856 264 9 12 0.027606612 
368 358 9 11 0.027595477 
470 373 10 13 0.027581517 
287 345 18 23 0.027546281 
777 229 10 12 0.027475486 
419 335 19 23 0.027410796 
561 456 31 44 0.027270183 
217 11 30 40 0.027182456 
231 357 9 10 0.027016351 
126 420 20 26 0.026992846 
141 352 8 10 0.026855668 
414 288 9 11 0.026668847 
682 331 14 17 0.026653523 
391 319 18 24 0.026620023 
92 443 17 20 0.026564892 
698 264 19 22 0.026552191 
350 351 10 14 0.026413782 
752 354 29 40 0.026382606 
941 298 12 17 0.026273215 
316 2 12 14 0.026246617 
238 344 8 10 0.026193319 
384 339 8 12 0.02617333 
931 298 12 15 0.026135093 
143 386 11 13 0.025987001 
352 325 8 10 0.025936633 
712 256 10 11 0.025906358 
726 256 19 23 0.02579816 
255 348 9 10 0.025762271 
252 428 28 36 0.02572768 
361 386 22 27 0.025680415 
51 432 32 34 0.02562271 
740 374 17 24 0.025589803 
749 293 15 19 0.025499133 
500 388 13 16 0.02547993 
573 317 9 12 0.025363283 
613 273 8 10 0.025271818 
228 362 20 23 0.025047181 
592 273 8 9 0.025005866 
543 287 7 9 0.024825271 
177 335 8 10 0.024808342 
592 354 12 16 0.024766257 
597 336 11 15 0.024745734 
393 347 12 14 0.024725845 
433 288 8 9 0.024701824 
341 353 19 23 0.024687497 
108 419 12 16 0.02455584 
454 385 14 17 0.024500374 
261 318 8 9 0.024479093 
601 263 6 9 0.024348013 
342 335 8 10 0.024328867 
662 286 9 12 0.024321072 
828 239 9 12 0.024315873 
296 328 8 9 0.024302553 
693 358 21 30 0.024245441 
641 256 8 9 0.024216644 
328 350 8 11 0.024109457 
799 257 22 27 0.024106259 
765 273 13 14 0.024103997 
306 395 15 19 0.024094496 
80 451 14 19 0.024089646 
995 340 30 41 0.024043046 
509 295 8 10 0.024015853 
190 344 8 10 0.023972064 
680 300 11 14 0.023965804 
839 248 8 9 0.023905769 
349 401 16 20 0.023836115 
568 293 7 10 0.02375322 
384 333 10 13 0.02369438 
269 401 14 18 0.023684276 
797 239 18 24 0.023680821 
446 360 13 16 0.023616869 
693 291 12 14 0.023602786 
98 465 18 22 0.023580568 
223 359 8 10 0.023480557 
817 316 25 34 0.023472242 
444 351 21 27 0.023439888 
397 344 19 23 0.023416102 
670 287 9 11 0.023412693 
679 293 10 13 0.023369335 
716 282 13 17 0.02335122 
118 367 10 12 0.023318851 
554 289 7 8 0.02328343 
272 372 12 14 0.023232767 
310 85 9 12 0.023152236 
845 308 11 16 0.023143075 
186 418 14 18 0.02314036 
884 297 16 21 0.023052637 
366 382 13 18 0.023047 
802 248 19 23 0.023027709 
467 355 12 14 0.02302433 
5 375 12 16 0.02294098 
530 388 11 16 0.022883967 
42 376 10 12 0.022740731 
14 463 29 38 0.022602165 
887 296 24 29 0.02258661 
270 355 10 12 0.022546614 
708 358 28 37 0.022499932 
428 381 11 15 0.022310395 
43 419 15 22 0.02225751 
125 383 9 12 0.022252683 
529 383 20 27 0.022207377 
280 385 11 16 0.022204986 
418 396 14 17 0.022076663 
663 232 7 9 0.022019448 
798 262 13 15 0.022004442 
540 350 11 13 0.021965928 
560 280 6 8 0.02194835 
297 335 8 9 0.021935564 
847 252 9 11 0.021888463 
203 487 15 20 0.021874696 
335 347 10 13 0.021831416 
822 254 10 13 0.021753442 
344 393 14 17 0.02173701 
170 391 20 26 0.02173041 
814 244 11 14 0.021713099 
573 412 25 30 0.021710465 
494 326 8 11 0.021704094 
615 400 25 33 0.02169293 
521 332 12 16 0.021683082 
335 365 9 12 0.021654943 
27 431 42 52 0.021574592 
198 351 9 12 0.021499295 
109 405 11 13 0.02149439 
461 320 8 11 0.02135834 
457 398 39 49 0.021302545 
942 255 9 12 0.02129478 
432 370 9 13 0.021293165 
432 319 8 10 0.021153992 
412 330 19 22 0.021147536 
478 347 9 13 0.02114323 
188 433 13 15 0.021112368 
337 322 8 9 0.021070397 
187 451 24 33 0.021020418 
437 365 10 14 0.020990055 
374 313 8 10 0.020986382 
936 455 46 49 0.020936528 
570 270 8 10 0.020867705 
456 271 7 10 0.020866312 
193 333 8 10 0.020831227 
606 337 15 19 0.020831013 
77 367 21 26 0.020813057 
311 362 11 14 0.020811168 
404 353 13 16 0.020800577 
286 384 13 17 0.020759543 
279 403 12 17 0.020702418 
929 271 19 26 0.02066032 
540 406 17 20 0.020642204 
677 285 11 13 0.020618197 
48 474 28 39 0.02061757 
786 242 19 24 0.020617096 
172 461 18 24 0.020565242 
419 486 30 34 0.020523224 
85 408 14 17 0.020488275 
199 14 50 66 0.020387325 
172 482 17 22 0.020361522 
120 358 9 11 0.020324718 
489 278 8 10 0.020283362 
923 281 20 24 0.020281814 
163 433 13 17 0.020275647 
576 270 8 9 0.020266995 
302 350 9 11 0.02026487 
556 300 10 12 0.020257346 
998 299 15 18 0.020251436 
702 300 15 18 0.020229187 
433 303 8 10 0.020224009 
545 475 18 27 0.02015985 
784 269 10 14 0.020109164 
263 398 25 32 0.020086247 
903 285 12 14 0.020083487 
620 435 23 34 0.020082004 
686 295 12 15 0.020068094 
186 350 20 25 0.0200198 
499 282 18 22 0.020018572 
143 304 9 10 0.020005455 
104 414 20 26 0.020000225 
