2_Demonstration_Demonstrators_2_100
24
408 134 259 356 0.99966276 
698 357 99 146 0.8298252 
914 350 48 67 0.7028019 
269 35 92 132 0.15456381 
727 298 90 120 0.14793329 
882 250 57 73 0.1328116 
391 635 198 244 0.1076605 
425 726 119 125 0.10070873 
765 304 68 77 0.09135022 
390 732 242 237 0.06683109 
711 337 71 95 0.06400141 
951 286 45 56 0.06112719 
755 373 97 136 0.055377163 
73 21 188 215 0.049478278 
704 310 155 241 0.032545965 
833 360 51 66 0.029414799 
404 452 240 268 0.027237494 
48 876 350 490 0.026868794 
365 717 398 388 0.025689982 
296 359 403 404 0.022087948 
119 190 220 253 0.020634362 
207 52 115 144 0.020488476 
399 761 114 134 0.020350758 
412 689 98 122 0.020292694 
