2_Demonstration_Protesters_2_345
56
680 87 65 75 0.999529 
437 63 60 85 0.99948895 
250 45 64 73 0.9983266 
825 114 42 59 0.45568067 
498 520 9 11 0.25484967 
233 9 39 42 0.2543369 
417 511 9 11 0.24360715 
599 161 30 49 0.2416934 
436 515 11 13 0.1849281 
479 519 9 11 0.17308983 
607 151 28 41 0.10984953 
520 520 8 10 0.08964648 
917 124 10 13 0.08434839 
548 170 31 49 0.074001044 
239 13 54 64 0.059605177 
167 41 9 11 0.057728525 
419 516 11 13 0.057579175 
378 107 40 61 0.05283297 
447 512 10 11 0.050070602 
389 509 9 11 0.044726565 
484 519 9 11 0.04454323 
751 684 74 72 0.04452956 
174 44 9 11 0.04426293 
455 517 9 10 0.03938122 
837 133 52 66 0.039106593 
620 140 14 19 0.038529444 
270 355 30 39 0.037971728 
609 137 28 33 0.03751629 
557 190 15 24 0.037007622 
239 351 26 32 0.036744647 
194 67 31 43 0.032452196 
539 521 8 9 0.03174022 
631 132 13 18 0.030789264 
525 520 8 10 0.029855195 
548 208 12 16 0.029345285 
198 312 416 437 0.02859795 
630 129 23 33 0.028253097 
546 191 23 36 0.028171806 
527 184 47 61 0.02808269 
126 3 12 11 0.027240524 
486 524 9 11 0.026981538 
452 513 10 11 0.026523765 
767 384 34 35 0.026140478 
190 40 8 11 0.025113087 
148 29 10 12 0.024613189 
183 43 12 13 0.024298092 
555 183 45 52 0.02372208 
517 193 34 46 0.022770151 
372 509 9 11 0.022371104 
431 510 19 23 0.021817122 
216 297 28 39 0.021489173 
591 135 49 52 0.02146782 
583 197 33 37 0.02137569 
546 158 25 34 0.021178009 
541 162 15 22 0.021146031 
812 124 31 45 0.020996517 
