2_Demonstration_Political_Rally_2_410
265
633 446 93 113 0.99960274 
468 456 35 40 0.99937963 
4 526 59 74 0.9993411 
727 471 53 65 0.9986883 
250 499 73 85 0.99837315 
558 516 44 64 0.998126 
932 445 31 39 0.99781346 
353 429 39 45 0.99766636 
178 485 56 68 0.99481994 
504 490 39 50 0.99395174 
855 417 40 50 0.9893845 
117 428 17 20 0.96836877 
150 412 16 20 0.8674188 
508 427 19 24 0.8403457 
953 429 23 27 0.7905275 
943 441 27 34 0.6328699 
804 448 24 28 0.605622 
32 409 27 34 0.5757907 
565 426 14 22 0.5672311 
832 427 17 22 0.5450756 
213 412 15 20 0.54467386 
100 403 10 13 0.5107169 
9 411 32 38 0.4122022 
328 419 10 11 0.40874475 
68 413 15 18 0.4042917 
205 415 18 20 0.34188485 
123 398 10 13 0.3399243 
695 97 15 18 0.3390276 
175 409 12 16 0.25136578 
609 437 17 22 0.24162309 
679 450 82 97 0.24131021 
437 406 9 13 0.23643552 
404 422 11 14 0.19187684 
0 389 31 38 0.18606156 
286 425 14 17 0.18577728 
461 420 13 16 0.158655 
398 420 12 16 0.157962 
403 466 26 31 0.15552364 
608 425 23 30 0.14589341 
76 413 14 18 0.14353532 
558 385 15 19 0.14132462 
320 430 9 12 0.12848471 
265 435 17 21 0.12667622 
179 407 11 14 0.12471644 
411 445 22 27 0.12314843 
388 412 13 17 0.12094138 
292 428 13 18 0.11946851 
47 380 15 18 0.11941097 
118 458 15 18 0.11902481 
632 100 10 13 0.11409092 
997 427 14 17 0.1132729 
389 405 11 16 0.11129448 
980 418 14 17 0.10809555 
795 451 27 37 0.10645605 
52 409 15 22 0.10603685 
434 412 9 13 0.10265358 
122 453 18 20 0.10224518 
608 418 17 18 0.1018599 
405 448 15 19 0.08990432 
134 525 32 39 0.08742247 
558 415 18 27 0.08520978 
253 419 13 15 0.084583454 
540 438 16 19 0.08441522 
383 371 9 12 0.082934104 
255 399 7 9 0.07936059 
287 416 10 11 0.07886187 
555 412 13 19 0.07869208 
197 411 17 21 0.078321196 
318 441 13 18 0.07763954 
736 412 28 32 0.07363776 
171 374 8 11 0.07319037 
993 428 21 27 0.072749555 
331 414 11 14 0.07141427 
543 413 14 18 0.0711776 
301 420 9 12 0.07062725 
274 422 23 28 0.070022486 
82 412 13 17 0.068627164 
466 421 14 16 0.067340985 
406 452 25 33 0.060212724 
395 414 12 14 0.058895387 
288 441 13 17 0.058431815 
144 390 11 13 0.05747005 
260 419 15 17 0.05628688 
352 384 8 10 0.056263834 
62 413 15 20 0.054470986 
305 395 11 14 0.05425416 
252 430 24 28 0.053824667 
128 498 26 32 0.053190716 
978 465 27 32 0.052938834 
507 407 16 19 0.052927226 
834 428 24 33 0.05275661 
988 423 20 24 0.05250502 
196 406 13 16 0.052501366 
179 416 15 22 0.052395698 
591 427 41 51 0.050869677 
960 443 17 25 0.05071273 
977 414 11 15 0.049893115 
176 390 10 12 0.04956577 
208 388 8 11 0.047948264 
1003 424 14 18 0.046351086 
954 489 30 36 0.04623347 
83 427 16 20 0.045906182 
318 458 14 17 0.04586037 
416 438 11 14 0.043239087 
255 441 14 18 0.04300577 
432 420 9 11 0.04262947 
148 395 12 15 0.04234118 
921 430 17 20 0.04199478 
967 421 21 27 0.04148422 
284 433 22 27 0.04117642 
250 413 9 12 0.040732425 
541 410 22 29 0.04045162 
439 402 7 9 0.03974615 
818 429 21 27 0.039499898 
843 402 13 17 0.039107487 
400 449 12 18 0.038890038 
124 391 10 13 0.038804293 
294 415 8 11 0.038079232 
608 374 13 15 0.037723668 
266 413 14 16 0.0373133 
352 311 10 12 0.037018873 
261 428 16 19 0.03701742 
180 396 10 13 0.03686113 
321 425 9 10 0.036717046 
219 408 13 16 0.03668701 
986 551 37 60 0.03643146 
90 433 16 19 0.03606111 
280 421 13 17 0.03604807 
143 383 10 12 0.036036305 
584 462 39 48 0.035877388 
388 467 14 22 0.03521123 
384 416 13 16 0.035150822 
336 376 9 11 0.03495652 
712 106 11 15 0.03487036 
213 389 9 11 0.03485926 
158 396 14 16 0.034798153 
993 614 30 37 0.034655925 
275 440 15 18 0.034534287 
313 360 8 10 0.034436457 
498 335 22 29 0.03404233 
537 445 24 27 0.033896174 
576 425 23 30 0.03354052 
326 410 19 24 0.033368062 
456 415 21 26 0.03334423 
294 422 11 15 0.03320456 
610 401 13 15 0.03313324 
166 391 10 12 0.03304611 
1006 414 12 14 0.032972913 
160 392 10 12 0.03268624 
561 431 13 20 0.03267 
404 105 13 16 0.0326692 
249 407 8 11 0.032498706 
227 411 11 15 0.032318406 
968 289 11 15 0.031995572 
708 101 12 15 0.031902224 
83 394 13 17 0.031860586 
424 400 8 9 0.031838626 
487 499 35 41 0.03181746 
432 393 7 8 0.031809714 
185 414 21 27 0.031670157 
384 399 9 12 0.03125299 
595 450 35 45 0.031009633 
537 426 22 29 0.030725209 
413 106 13 16 0.030622393 
416 400 7 10 0.030571368 
550 403 13 18 0.030260079 
808 434 19 21 0.02994703 
425 405 8 10 0.029915558 
345 366 8 9 0.029735897 
265 406 10 12 0.029653326 
115 500 27 36 0.029645076 
770 128 13 15 0.029566646 
409 404 7 10 0.029193219 
890 452 24 30 0.028934594 
294 432 22 29 0.02863708 
313 445 20 28 0.028567567 
315 458 24 29 0.028514173 
206 397 9 12 0.028484277 
98 443 16 20 0.028314698 
496 387 9 12 0.028134663 
154 423 16 20 0.027943853 
95 400 18 21 0.027477136 
1005 557 20 45 0.027288137 
969 433 14 21 0.02724381 
957 425 16 19 0.027185395 
110 492 26 32 0.027183173 
311 414 8 10 0.026951589 
328 409 9 11 0.026634457 
245 431 15 22 0.026633712 
542 430 14 17 0.026541572 
744 298 13 16 0.026526239 
830 436 17 22 0.026424002 
987 420 15 17 0.026329469 
350 368 7 8 0.026303267 
114 414 23 27 0.026099993 
249 399 9 10 0.025603918 
394 473 35 50 0.025443796 
396 439 21 30 0.025418513 
165 424 14 19 0.02535851 
125 511 31 42 0.025290761 
423 111 12 15 0.025123052 
229 429 13 16 0.025087764 
534 415 11 14 0.025078697 
503 334 13 17 0.02499059 
203 449 26 32 0.024933975 
391 31 8 10 0.024797976 
490 335 36 50 0.024776986 
803 469 16 24 0.024714869 
544 529 34 47 0.02458669 
896 435 12 18 0.02446132 
404 436 11 15 0.02443176 
953 621 52 52 0.024168767 
908 313 13 16 0.024131533 
586 434 28 32 0.024083266 
767 99 9 11 0.02406322 
153 462 31 42 0.024020625 
811 423 15 17 0.023929937 
313 437 12 17 0.023917956 
988 415 11 13 0.023860715 
470 404 12 12 0.023835966 
1010 368 14 24 0.023804437 
930 586 30 35 0.023777554 
191 410 13 18 0.023544794 
380 412 23 27 0.023387983 
326 463 25 33 0.023344127 
917 450 27 31 0.022864249 
172 421 16 22 0.022804629 
237 433 14 19 0.022705195 
295 398 9 12 0.022551522 
398 435 12 16 0.022490302 
93 408 14 18 0.022441838 
112 451 14 19 0.022296514 
729 72 8 11 0.022246202 
256 411 41 49 0.022090275 
568 420 17 22 0.02198774 
318 406 8 11 0.021932902 
335 392 7 9 0.021846013 
1007 304 14 22 0.021802548 
157 381 11 13 0.02169923 
763 293 13 16 0.021651039 
561 428 23 32 0.02156907 
397 421 20 25 0.02153771 
60 564 27 35 0.021480596 
321 415 8 10 0.021470467 
299 434 13 18 0.021342497 
76 417 21 27 0.021266133 
85 403 14 18 0.021236438 
455 414 13 16 0.02120025 
529 529 30 39 0.021166312 
263 400 9 9 0.021156076 
229 389 10 12 0.021144839 
919 456 15 19 0.02110348 
892 448 16 21 0.021023959 
36 379 23 29 0.020995807 
457 425 13 17 0.020898808 
41 546 38 43 0.020887429 
838 405 15 20 0.020651039 
528 397 12 16 0.020579686 
342 445 11 17 0.02055373 
169 378 11 14 0.020436585 
311 404 9 11 0.020249514 
445 407 10 13 0.020210411 
783 455 32 47 0.020178044 
480 520 29 37 0.0200887 
396 456 23 34 0.020000732 
