2_Demonstration_Political_Rally_2_545
34
673 186 50 62 0.99940383 
447 101 65 80 0.99913555 
194 85 51 64 0.99901986 
331 78 63 75 0.9988519 
715 139 47 57 0.99724317 
108 70 77 100 0.99347514 
290 136 31 36 0.9908488 
928 81 55 67 0.987693 
658 145 36 47 0.98344743 
533 158 44 52 0.97911537 
589 142 31 37 0.977393 
907 137 81 114 0.93862164 
567 163 26 35 0.28361514 
667 161 45 61 0.23026487 
918 89 77 104 0.16850601 
507 151 32 45 0.16124663 
754 143 30 42 0.15816872 
278 307 41 49 0.15498275 
602 146 31 37 0.11916566 
782 123 37 61 0.098333545 
578 148 29 37 0.08096966 
598 94 13 15 0.05011217 
759 158 29 40 0.048836 
691 156 48 65 0.04832594 
979 44 44 73 0.041763704 
774 156 30 42 0.037262883 
958 60 47 64 0.031270947 
82 615 8 10 0.030830171 
34 601 15 21 0.023480298 
647 223 28 37 0.023260985 
866 90 13 19 0.023103563 
97 620 11 13 0.022752766 
527 674 12 13 0.0222557 
595 91 21 26 0.020178273 
