2_Demonstration_Demonstration_Or_Protest_2_438
162
468 547 58 75 0.9986633 
452 266 49 60 0.99819845 
78 579 33 42 0.4565356 
156 478 16 23 0.41752794 
21 526 27 31 0.24556455 
801 598 22 36 0.18933271 
875 497 15 21 0.15972878 
657 482 15 19 0.15638992 
101 513 16 20 0.14439785 
216 478 44 58 0.12370891 
692 497 22 26 0.11195997 
86 520 23 29 0.10889724 
70 467 13 19 0.10618984 
736 483 11 14 0.10040805 
860 470 10 12 0.09996043 
655 475 15 19 0.09146653 
818 510 20 22 0.09025595 
806 486 12 16 0.08422697 
850 525 13 16 0.079701364 
71 461 12 16 0.07885219 
868 505 16 20 0.07815848 
725 531 25 31 0.07441578 
114 443 15 18 0.072085656 
-1 627 49 63 0.06851409 
34 517 22 35 0.067264356 
710 456 15 21 0.06634158 
612 563 23 30 0.06497396 
19 615 49 50 0.06313742 
740 547 15 23 0.062387213 
873 493 13 16 0.060783714 
69 453 23 28 0.060359083 
641 283 377 426 0.059261974 
882 468 14 15 0.058295846 
210 502 29 49 0.058007315 
17 539 32 36 0.05793029 
773 486 11 14 0.055684518 
149 487 16 21 0.05191292 
707 543 23 35 0.05166833 
769 492 11 13 0.048654497 
1005 585 14 22 0.048579928 
280 492 12 15 0.048463326 
698 493 15 18 0.04829202 
815 515 13 19 0.047085345 
226 493 54 63 0.046171915 
74 474 14 17 0.045681223 
860 476 10 12 0.044677135 
649 462 22 28 0.044107843 
212 524 17 26 0.043824844 
35 607 48 48 0.04370756 
73 443 15 17 0.04334604 
56 584 47 53 0.0429523 
780 462 9 11 0.041898824 
846 499 13 16 0.041295335 
288 462 9 11 0.040471632 
125 482 15 19 0.039850596 
786 547 27 32 0.037796933 
719 543 26 32 0.037462607 
782 470 10 12 0.03731587 
317 590 42 62 0.037004147 
996 575 24 33 0.036483496 
800 483 12 17 0.036413405 
163 80 17 21 0.03602481 
956 490 12 16 0.03536929 
77 508 26 31 0.035292696 
770 647 33 35 0.03528946 
793 538 24 31 0.034554444 
890 551 28 34 0.03399739 
821 503 14 17 0.033692714 
885 463 12 13 0.03270265 
93 558 30 39 0.03261918 
804 529 13 19 0.032596856 
711 476 12 16 0.031853724 
13 432 9 12 0.030964905 
66 557 47 58 0.030839005 
877 485 13 16 0.030799381 
932 480 14 18 0.030754901 
865 511 13 17 0.03067539 
166 570 37 45 0.030624557 
752 462 8 10 0.030021757 
105 506 16 21 0.02975131 
676 528 18 22 0.029520402 
96 528 17 21 0.029514708 
39 559 49 52 0.02917484 
390 500 11 14 0.028780146 
816 477 11 13 0.028731978 
817 521 23 28 0.028707797 
250 563 41 46 0.028385213 
746 506 13 17 0.028355798 
89 507 24 30 0.028295489 
48 518 22 33 0.027766224 
701 458 22 28 0.027465416 
342 606 44 64 0.027413677 
129 490 14 18 0.027163342 
899 482 12 15 0.027128357 
989 489 24 31 0.026994623 
124 473 17 21 0.026945664 
796 537 17 18 0.026910145 
741 499 16 21 0.026805125 
974 453 26 30 0.026148804 
817 508 13 17 0.02596968 
125 463 11 14 0.025960576 
343 456 9 10 0.025814615 
58 517 20 31 0.025667617 
777 469 9 12 0.025611354 
240 509 54 68 0.025308998 
66 516 22 29 0.025193684 
60 448 99 112 0.025015673 
882 492 14 18 0.024891006 
806 484 21 26 0.024860168 
522 356 26 32 0.02482103 
902 454 9 10 0.02469059 
809 596 27 37 0.024396066 
83 499 14 17 0.02423576 
794 448 8 10 0.024193501 
667 527 17 21 0.024105905 
295 509 11 14 0.024001492 
293 456 9 11 0.02395986 
203 528 27 36 0.023898426 
799 479 10 13 0.023772974 
665 488 16 19 0.02373083 
788 603 29 37 0.023681758 
594 522 17 22 0.023606448 
615 573 27 41 0.02353994 
39 438 8 12 0.023266612 
880 474 13 16 0.023188151 
635 571 30 44 0.023187272 
839 476 11 14 0.02298836 
116 469 43 55 0.022961244 
138 489 24 31 0.022791114 
824 600 33 36 0.022784341 
687 576 23 37 0.02272899 
318 497 11 15 0.022665808 
846 528 15 21 0.022603966 
880 464 10 12 0.022245115 
958 443 44 54 0.022167953 
778 590 29 35 0.022017254 
658 471 23 29 0.021894174 
605 385 23 30 0.021693816 
621 425 25 30 0.021669384 
25 541 43 51 0.021627534 
892 461 10 12 0.021608256 
124 522 18 18 0.02159871 
830 502 21 27 0.021595566 
604 435 14 18 0.02149961 
927 482 12 17 0.021392364 
173 549 48 60 0.021347238 
701 406 10 15 0.021147715 
667 539 17 20 0.020936562 
122 489 25 29 0.020931577 
507 333 28 38 0.02092552 
884 516 12 16 0.020856446 
886 456 10 11 0.020829668 
960 576 40 51 0.020768443 
832 537 24 29 0.020720454 
917 490 14 20 0.020710927 
732 482 21 27 0.020506317 
736 549 26 32 0.020457987 
811 526 15 22 0.020411141 
282 461 10 12 0.02036707 
677 475 13 17 0.02022256 
413 308 27 31 0.020186057 
840 462 8 9 0.020136718 
