2_Demonstration_Demonstration_Or_Protest_2_430
114
109 238 52 70 0.9991279 
489 127 59 98 0.9979668 
285 206 51 71 0.996986 
349 181 45 61 0.9948716 
677 117 60 90 0.993418 
607 129 46 62 0.9934141 
760 147 46 62 0.97046304 
859 222 44 55 0.91426677 
660 108 51 73 0.9076764 
363 504 61 70 0.64065087 
18 362 56 76 0.545297 
813 125 25 37 0.49006158 
858 171 43 53 0.48805758 
236 220 31 33 0.4291284 
759 112 44 61 0.3001486 
23 261 32 38 0.28194556 
0 140 27 55 0.20036995 
62 217 14 16 0.15533166 
655 105 37 45 0.15472946 
858 161 30 42 0.11445094 
407 188 42 55 0.106291205 
135 370 47 50 0.10155862 
724 76 12 14 0.09390271 
434 471 82 98 0.09345153 
428 219 42 60 0.083463214 
829 467 31 37 0.08326666 
970 525 36 48 0.078562506 
779 123 26 40 0.0630429 
539 42 17 24 0.06280749 
995 353 14 19 0.062324367 
514 98 19 21 0.062303264 
26 337 56 73 0.061698522 
419 469 57 80 0.06083306 
33 315 51 60 0.060743824 
56 306 28 39 0.06029494 
382 481 79 91 0.05908299 
18 268 20 23 0.057342786 
802 124 25 34 0.056727953 
192 417 47 58 0.053682074 
421 409 44 61 0.052954685 
234 428 36 51 0.049626425 
777 127 42 59 0.048537653 
615 115 36 45 0.041816648 
835 550 29 29 0.040894784 
117 215 14 17 0.040218465 
180 187 26 36 0.039905407 
469 109 49 66 0.038465507 
434 -4 102 131 0.036810327 
480 495 64 68 0.03541632 
325 507 73 65 0.03395327 
28 276 19 24 0.032682065 
187 414 31 44 0.032430757 
356 427 44 55 0.03232963 
491 101 51 68 0.032222345 
770 100 45 55 0.03213845 
725 127 72 92 0.03145094 
112 216 30 32 0.030205792 
962 510 31 50 0.029589161 
7 270 28 36 0.0291489 
370 422 29 33 0.028769046 
184 202 41 49 0.028277868 
3 369 95 122 0.028082114 
194 395 54 54 0.027650066 
647 116 37 50 0.027363721 
193 216 17 20 0.027135143 
333 434 13 16 0.027112827 
31 272 33 37 0.02705728 
806 142 16 22 0.026940588 
478 79 28 31 0.026735473 
8 254 32 36 0.02629736 
859 165 19 27 0.026049258 
366 395 12 15 0.025350902 
799 525 42 50 0.025323376 
185 430 34 55 0.025306474 
55 217 25 28 0.025139628 
474 93 28 32 0.024533242 
684 103 34 49 0.024226615 
380 411 28 35 0.023940898 
322 441 16 18 0.023891564 
42 302 31 38 0.02385624 
996 343 12 18 0.023799175 
199 220 40 47 0.023692384 
468 187 35 47 0.023564713 
793 462 28 34 0.02344598 
185 202 23 32 0.023255525 
823 127 28 38 0.023141496 
822 485 31 38 0.023086004 
86 203 45 55 0.022966595 
861 550 26 28 0.022812935 
180 201 14 20 0.022725424 
0 281 20 33 0.022625715 
535 36 12 18 0.022340741 
352 141 10 14 0.02229186 
801 475 26 32 0.022169974 
722 71 11 14 0.022087 
446 522 69 52 0.022060752 
221 226 13 18 0.022037806 
625 101 47 60 0.021834824 
424 475 33 54 0.021662649 
239 407 35 51 0.021580074 
410 441 47 76 0.021499617 
101 211 47 61 0.021361923 
382 179 49 60 0.021336192 
919 228 30 38 0.02117019 
281 502 53 65 0.021048088 
349 531 55 47 0.020959891 
5 152 44 64 0.020903073 
720 72 20 24 0.020876316 
761 108 28 40 0.020840952 
798 488 22 29 0.020781916 
186 238 40 50 0.020743031 
817 114 28 35 0.0203 
380 430 17 21 0.020139592 
525 45 41 57 0.0201385 
