2_Demonstration_Political_Rally_2_406
60
261 593 92 119 0.9990651 
624 616 132 160 0.9990441 
508 697 59 75 0.9988142 
490 580 25 33 0.99875915 
124 589 23 29 0.9976132 
559 612 37 51 0.9912553 
746 337 14 17 0.983255 
801 610 164 175 0.98162556 
138 559 23 27 0.97961825 
252 547 21 25 0.97587377 
69 553 21 26 0.9332793 
378 615 48 75 0.65093184 
165 650 25 48 0.6240565 
210 629 20 23 0.5502652 
0 583 18 24 0.17666692 
13 656 54 96 0.15578943 
755 573 69 64 0.14146036 
809 360 9 11 0.11786326 
199 631 23 30 0.11431734 
327 545 16 24 0.08034406 
789 318 13 16 0.079152994 
106 662 27 44 0.06926829 
694 160 10 11 0.067751214 
69 665 16 21 0.05603529 
247 611 32 47 0.052419305 
710 613 150 167 0.049686775 
175 638 35 51 0.045920502 
812 363 9 11 0.04192855 
1012 125 10 15 0.037233923 
95 652 29 47 0.036721915 
28 584 16 18 0.036692362 
990 131 12 13 0.034826763 
13 610 24 37 0.03434062 
251 601 60 85 0.03413731 
343 588 82 114 0.03371609 
24 640 48 73 0.032569893 
10 583 14 21 0.03130746 
200 682 31 35 0.030801736 
60 657 26 34 0.030376732 
164 602 16 22 0.026831266 
771 21 58 73 0.025961695 
749 557 109 119 0.02546745 
688 160 9 10 0.0253973 
607 247 10 12 0.025141228 
905 628 112 149 0.02512809 
100 617 15 19 0.024718774 
805 389 10 12 0.024391921 
40 629 31 43 0.023868788 
792 -1 55 54 0.023500366 
67 565 18 21 0.023473866 
33 677 34 58 0.023302497 
198 632 39 58 0.023178102 
806 431 10 15 0.02317365 
676 184 27 31 0.022848124 
39 605 25 32 0.022720648 
197 627 16 22 0.022456719 
818 311 9 11 0.022221236 
796 322 12 15 0.022167975 
224 631 17 22 0.021181755 
734 358 11 13 0.020814057 
