2_Demonstration_Demonstration_Or_Protest_2_120
756
819 511 32 39 0.9994748 
901 507 40 48 0.99859136 
995 480 32 36 0.9982864 
5 486 76 85 0.99743867 
661 444 28 30 0.9971877 
936 471 28 33 0.9854058 
980 369 15 18 0.9839749 
748 377 15 18 0.9839033 
717 428 21 28 0.9832372 
966 581 48 53 0.9795069 
483 293 20 26 0.978893 
838 385 15 18 0.9710433 
816 393 18 21 0.9573961 
958 397 17 18 0.9550451 
469 255 19 22 0.9521416 
889 393 21 23 0.9476658 
395 259 12 19 0.94661367 
1002 371 13 16 0.9359814 
964 349 12 16 0.9281757 
359 282 16 18 0.9198229 
204 413 23 36 0.91915506 
119 293 13 17 0.90413845 
982 420 23 24 0.90311724 
504 266 18 23 0.89457214 
758 326 11 14 0.8906303 
797 381 13 15 0.8807926 
909 372 16 18 0.87318164 
988 342 13 16 0.86601293 
884 357 10 14 0.86437505 
859 417 24 25 0.85118777 
558 326 12 15 0.8432739 
807 327 9 11 0.8386354 
918 394 15 17 0.8137327 
291 300 12 14 0.8094746 
857 350 10 13 0.7776663 
935 426 21 22 0.7658034 
774 364 13 15 0.74752504 
721 560 41 38 0.73769444 
724 338 10 13 0.6781348 
919 343 12 14 0.6612113 
692 361 12 16 0.63543886 
836 468 23 30 0.6261722 
868 390 14 16 0.62291867 
723 396 17 19 0.612925 
221 270 10 13 0.6128633 
29 285 15 18 0.60933155 
776 338 12 14 0.59946513 
276 291 10 13 0.583145 
747 362 13 14 0.4919793 
891 471 22 30 0.4891605 
854 308 8 10 0.44217423 
838 303 7 9 0.44034514 
830 319 7 9 0.42701107 
524 277 10 13 0.42296657 
619 531 21 34 0.4094796 
771 406 15 19 0.38367096 
716 355 11 13 0.3740356 
709 320 9 12 0.37184456 
742 303 7 10 0.35768482 
567 288 9 12 0.35578936 
791 302 8 10 0.3453671 
248 409 35 37 0.33483016 
1013 350 9 14 0.31480667 
846 327 9 11 0.29213014 
923 477 32 32 0.28518108 
710 371 14 16 0.27840889 
103 326 11 15 0.2777734 
167 271 8 10 0.27637574 
143 268 8 10 0.2716322 
174 299 10 14 0.26702067 
848 334 8 11 0.25148055 
822 372 12 16 0.24702714 
137 308 11 14 0.24632733 
815 309 8 9 0.24182467 
80 287 9 11 0.23789304 
322 270 7 10 0.23216754 
812 349 10 13 0.22630896 
205 284 11 13 0.22432955 
871 311 7 9 0.22285311 
738 304 7 10 0.21677755 
871 352 8 11 0.2150173 
559 307 12 14 0.21275596 
855 304 7 10 0.21242234 
326 278 8 11 0.21221057 
582 304 9 12 0.2113124 
542 269 10 13 0.20925784 
746 318 8 11 0.20607643 
895 328 9 11 0.20175643 
721 336 10 12 0.20002879 
216 274 11 15 0.19371155 
169 300 10 12 0.19321735 
144 326 9 12 0.19112389 
556 349 10 15 0.18810515 
881 478 28 35 0.1872127 
574 288 8 11 0.18704292 
345 292 11 15 0.18607299 
330 358 26 28 0.18552713 
781 312 9 10 0.17739794 
197 348 15 18 0.1761216 
935 333 10 12 0.16871116 
848 341 8 10 0.16708197 
757 309 8 10 0.16683409 
107 323 11 16 0.16571379 
580 360 23 30 0.16551612 
844 366 11 13 0.16263512 
898 466 22 28 0.16158776 
302 272 8 10 0.15938444 
928 332 9 11 0.15814142 
149 296 8 11 0.15811816 
815 365 12 14 0.15548359 
764 356 11 13 0.15180205 
549 288 9 11 0.1489717 
711 302 9 10 0.14835024 
905 475 25 30 0.14818871 
1000 389 12 16 0.1479009 
297 273 8 9 0.14708674 
253 264 8 10 0.14447622 
906 354 13 15 0.14370522 
737 326 8 10 0.14287746 
749 317 8 10 0.14156213 
861 337 9 10 0.14047393 
260 278 8 11 0.14016666 
548 268 11 14 0.13790217 
422 267 11 15 0.1373173 
592 311 10 12 0.13724044 
903 351 11 13 0.13687001 
567 272 8 10 0.13574153 
702 334 8 11 0.1354692 
158 309 8 10 0.13421506 
69 285 8 11 0.13410342 
896 343 9 11 0.13392113 
104 269 7 9 0.1297652 
199 278 10 12 0.1292182 
65 286 9 11 0.12499997 
885 352 12 14 0.124927044 
940 334 10 13 0.12364751 
286 261 8 10 0.12299484 
202 292 9 13 0.12273275 
302 301 9 12 0.12255523 
753 311 8 10 0.1222091 
321 287 9 12 0.12215805 
1006 403 13 16 0.12116797 
776 310 10 11 0.12067384 
694 311 8 10 0.11981268 
593 294 8 10 0.11900178 
112 264 8 10 0.11758183 
796 575 44 54 0.11618775 
758 349 11 13 0.11453141 
577 270 8 11 0.11434218 
558 316 15 20 0.11336364 
759 303 8 10 0.11306578 
778 304 8 9 0.11141047 
138 265 8 9 0.11076148 
597 311 8 10 0.11011314 
581 326 11 12 0.11004152 
761 295 7 9 0.109929286 
518 273 13 17 0.107541 
114 279 8 11 0.10672371 
318 291 9 11 0.10539608 
935 329 8 10 0.10521701 
248 279 7 10 0.104528144 
861 342 10 12 0.103510454 
123 321 13 16 0.102984644 
213 283 10 12 0.10226766 
726 320 8 11 0.102191344 
953 295 8 9 0.10173193 
163 271 7 9 0.10151718 
775 316 9 11 0.101388775 
0 302 10 13 0.09879022 
199 270 9 11 0.0983897 
120 289 9 11 0.09681837 
926 365 13 15 0.09480149 
869 382 13 16 0.094766185 
784 304 8 9 0.09475935 
718 301 7 10 0.094165646 
543 288 11 14 0.09388237 
79 315 14 20 0.09321362 
887 312 8 10 0.09263186 
96 271 8 9 0.09134741 
936 338 11 14 0.09004562 
581 269 10 13 0.089944415 
584 334 12 14 0.08980838 
15 290 10 12 0.089442365 
143 287 9 11 0.08885737 
813 356 12 14 0.08879243 
151 279 8 10 0.08869388 
827 318 7 10 0.08771879 
241 353 24 28 0.08734031 
141 301 11 14 0.08710797 
326 284 10 13 0.08437369 
814 303 9 11 0.084262945 
811 326 10 11 0.0841734 
756 343 10 13 0.083129644 
808 321 10 12 0.08299193 
562 292 11 13 0.08294202 
840 320 9 10 0.07987183 
582 288 8 11 0.079399325 
833 334 9 11 0.07939161 
230 271 9 10 0.07909208 
104 292 11 13 0.07880622 
815 296 7 9 0.07871967 
97 329 12 16 0.078169234 
884 476 17 21 0.07728152 
179 301 10 13 0.07721327 
8 120 11 15 0.07717021 
712 351 12 14 0.07705689 
705 286 7 9 0.076919146 
345 287 10 12 0.07689005 
708 303 7 9 0.07663929 
854 333 9 12 0.076073654 
576 325 10 12 0.0753927 
365 238 8 10 0.07531476 
1013 301 8 12 0.07513999 
798 357 9 12 0.07442863 
321 265 7 10 0.0743975 
742 324 9 11 0.0743522 
70 280 8 11 0.074021526 
728 295 6 9 0.07327457 
128 270 7 9 0.073166214 
694 296 7 10 0.07314736 
720 320 8 11 0.072477594 
137 303 9 13 0.07233468 
537 262 9 13 0.07197877 
845 370 12 15 0.07135507 
977 340 9 13 0.070504956 
797 318 9 11 0.07038433 
118 263 7 9 0.07033852 
536 278 10 13 0.06977858 
255 270 8 11 0.069735184 
566 276 8 12 0.06898802 
640 350 12 15 0.068668485 
248 284 8 10 0.068198904 
144 293 10 12 0.06814504 
535 285 11 14 0.06715085 
111 269 8 10 0.067146234 
81 292 9 11 0.06679791 
814 345 9 11 0.0664153 
401 261 15 17 0.06627388 
342 269 8 10 0.066046834 
942 286 8 10 0.06601499 
134 294 9 10 0.065878265 
94 248 8 10 0.06540982 
135 288 9 12 0.06500545 
712 296 7 10 0.0647925 
591 289 9 10 0.06442941 
846 320 8 10 0.0642534 
446 282 14 19 0.06400172 
239 271 7 9 0.063870914 
853 329 8 10 0.06361148 
240 278 8 11 0.063600056 
768 362 13 16 0.06355754 
25 286 12 16 0.06341742 
924 369 11 15 0.063069835 
128 264 7 9 0.06214385 
560 271 9 11 0.06172413 
855 345 11 13 0.061602496 
203 354 11 17 0.061601754 
457 244 11 15 0.061543524 
760 321 9 11 0.06147893 
853 420 19 22 0.061306737 
865 318 8 10 0.06113306 
987 350 15 19 0.060397297 
713 271 7 9 0.06023199 
689 349 10 13 0.06019151 
809 296 7 9 0.060157083 
822 310 7 9 0.05960045 
885 519 29 38 0.059572566 
561 276 10 11 0.059544705 
693 302 7 9 0.0594907 
981 336 13 15 0.059281155 
825 452 25 29 0.058891438 
704 326 8 10 0.05861216 
144 331 10 14 0.058028616 
230 238 7 9 0.05763506 
120 240 7 8 0.057551958 
842 325 9 11 0.05751972 
757 322 18 22 0.057005983 
133 320 12 17 0.056431636 
789 341 8 11 0.056425452 
183 272 8 10 0.056295462 
809 345 10 11 0.055810496 
810 309 8 10 0.055620294 
957 379 13 16 0.05551624 
249 271 7 9 0.05539138 
46 278 9 11 0.055363026 
939 294 8 11 0.055008266 
759 404 16 19 0.054868087 
141 339 12 15 0.054792844 
801 385 13 17 0.054785904 
838 359 10 13 0.054765504 
1012 342 9 14 0.05436396 
701 549 26 31 0.054339863 
950 287 9 11 0.05352579 
632 511 27 31 0.05340073 
182 277 9 11 0.052849237 
553 470 23 31 0.05255102 
791 298 7 9 0.052507084 
92 309 10 13 0.05166798 
875 393 12 16 0.051535353 
813 319 8 10 0.051528044 
582 264 9 11 0.051410254 
169 254 8 11 0.05124205 
530 245 10 13 0.0511865 
752 304 8 11 0.051057685 
639 361 12 16 0.050893456 
259 354 15 21 0.05066225 
440 292 12 15 0.050545968 
93 254 9 10 0.050529864 
1003 395 13 17 0.05042268 
774 327 9 10 0.050419252 
704 370 12 16 0.05020822 
809 303 9 11 0.049767584 
600 325 9 12 0.049732484 
51 155 24 25 0.049671564 
148 326 9 11 0.049594674 
592 276 9 12 0.049445413 
881 302 6 8 0.049378052 
175 254 8 10 0.049125932 
563 302 11 14 0.048882645 
336 309 11 14 0.048465934 
634 403 10 14 0.048127644 
920 302 9 10 0.047934275 
340 307 14 18 0.047712233 
700 365 12 14 0.04747518 
1012 293 8 12 0.047403343 
137 245 8 9 0.047344558 
622 519 25 36 0.047284264 
828 366 11 14 0.04713514 
911 331 10 12 0.046948977 
767 318 9 10 0.04653185 
231 406 40 49 0.04650852 
149 272 7 8 0.04650611 
711 308 9 10 0.046488337 
791 309 9 10 0.04607901 
605 443 15 20 0.045845725 
82 338 12 15 0.04572188 
747 572 28 40 0.045646 
821 304 8 10 0.045545463 
706 281 7 9 0.045467462 
822 358 9 12 0.04536881 
537 290 11 15 0.04524723 
632 94 10 13 0.045058824 
507 276 15 20 0.044868108 
953 302 9 11 0.04459579 
656 329 10 11 0.044416584 
577 252 9 11 0.044265185 
441 250 9 13 0.04414192 
125 289 10 12 0.044035293 
126 247 7 9 0.043974947 
596 362 13 19 0.043888424 
949 279 7 9 0.043786094 
113 285 9 11 0.04347941 
0 260 9 13 0.0434508 
112 293 9 12 0.043276254 
190 346 16 19 0.04303044 
582 354 16 18 0.04299393 
41 260 9 12 0.042599354 
136 240 9 10 0.04255803 
135 279 9 10 0.042529047 
643 352 14 18 0.042303942 
96 264 7 9 0.042221297 
950 535 36 41 0.042216104 
808 353 12 15 0.04211813 
592 301 10 12 0.04202984 
462 238 11 14 0.04199012 
932 358 12 15 0.041917708 
230 275 10 12 0.041861083 
109 309 12 14 0.04175695 
121 246 8 10 0.041734826 
79 329 14 19 0.041598104 
167 275 8 10 0.04138716 
995 341 10 14 0.041237243 
805 254 8 10 0.041129805 
793 326 10 11 0.040805038 
174 319 11 13 0.040750157 
719 297 8 9 0.040737037 
89 270 8 10 0.0406436 
366 231 7 10 0.04061726 
697 328 8 10 0.04054627 
697 332 10 12 0.04043956 
652 350 10 13 0.04008668 
801 326 9 12 0.0400407 
752 347 11 13 0.04002222 
710 287 7 9 0.03995655 
184 247 8 10 0.039868813 
218 418 30 36 0.039774805 
264 417 19 23 0.03976189 
744 309 8 11 0.039534535 
887 343 10 12 0.039456233 
330 239 8 9 0.039173823 
860 354 11 12 0.03910194 
838 308 7 9 0.038974926 
733 373 10 14 0.038753226 
840 246 8 9 0.038553074 
231 263 8 10 0.038366247 
313 288 8 11 0.03836577 
289 276 9 11 0.038320497 
159 305 8 10 0.03826641 
792 335 9 11 0.03818892 
308 302 9 12 0.038096808 
71 263 7 9 0.03806296 
1006 355 13 15 0.038008027 
120 255 8 11 0.03798005 
102 287 10 11 0.03791072 
911 394 14 17 0.037850216 
705 296 7 9 0.03778214 
119 319 12 15 0.037720945 
700 560 16 21 0.03757578 
103 353 27 28 0.037501052 
598 271 8 11 0.037440088 
922 295 8 10 0.037263636 
2 383 8 12 0.037098013 
65 264 7 9 0.03700694 
754 332 9 11 0.036968153 
136 341 12 13 0.03693711 
725 372 12 15 0.036448788 
63 290 11 13 0.03628713 
695 317 7 9 0.036224086 
574 319 10 13 0.036192182 
959 460 23 29 0.03615355 
937 300 9 11 0.036109313 
582 254 9 10 0.035789095 
35 277 15 18 0.035719234 
350 287 12 14 0.03564125 
1013 306 9 13 0.035628792 
923 611 46 53 0.035551082 
278 297 11 14 0.035506994 
597 317 9 11 0.035505462 
894 347 10 13 0.035493135 
96 279 8 10 0.0354565 
803 375 14 16 0.035306446 
533 254 10 12 0.035303894 
273 340 43 48 0.03505872 
282 261 8 10 0.035040587 
662 332 9 11 0.034884892 
940 328 10 12 0.03475232 
96 286 9 11 0.034642782 
833 313 7 9 0.034540724 
604 84 12 16 0.034466878 
132 304 19 25 0.034138225 
65 270 9 10 0.034125928 
149 358 12 15 0.034036543 
230 302 10 13 0.03402023 
148 284 10 13 0.0340156 
272 339 12 15 0.034005802 
80 266 7 8 0.033933036 
199 264 10 12 0.03391283 
779 358 11 14 0.033688895 
839 264 7 9 0.033676125 
783 378 13 17 0.033664953 
240 255 8 9 0.033579353 
735 333 9 12 0.0334883 
914 313 8 10 0.033395357 
959 345 13 15 0.033358715 
568 263 8 11 0.033329356 
714 362 15 18 0.033305492 
207 263 6 9 0.033291053 
416 265 11 16 0.03325377 
273 263 6 9 0.03325124 
737 248 8 9 0.033162996 
852 373 12 16 0.033110943 
848 295 8 9 0.033031896 
175 263 8 10 0.032965835 
916 480 19 22 0.032912582 
792 355 11 15 0.03275771 
6 387 8 11 0.032739434 
279 279 9 12 0.032617226 
701 339 11 14 0.032616876 
833 295 8 10 0.03258516 
261 350 24 31 0.03254212 
180 345 15 20 0.03252437 
776 295 8 9 0.03243108 
411 250 11 15 0.032426573 
760 288 7 9 0.03229526 
888 303 6 9 0.032252926 
696 342 9 13 0.03213996 
780 385 13 16 0.032072622 
321 364 39 49 0.03202769 
70 270 8 10 0.03190756 
550 275 11 13 0.031888366 
936 347 10 13 0.031831246 
96 293 11 12 0.031803172 
271 255 7 9 0.031621 
951 340 9 12 0.031605933 
798 312 8 10 0.03118824 
808 365 12 14 0.031143025 
700 559 47 43 0.031117879 
169 323 10 12 0.031098768 
80 270 7 9 0.0310701 
840 334 9 11 0.031043287 
756 361 13 16 0.031039387 
552 214 9 12 0.03095757 
313 264 7 10 0.03095018 
89 264 6 9 0.030759238 
1007 307 10 12 0.030744769 
879 332 9 11 0.030692426 
71 254 8 9 0.030574562 
409 247 10 12 0.03050259 
766 333 10 13 0.03047878 
304 265 8 9 0.030376341 
907 489 38 44 0.030242523 
583 317 10 12 0.030133924 
805 321 18 22 0.030126184 
824 442 23 26 0.030039208 
328 256 7 10 0.029988036 
799 333 9 12 0.02993563 
826 311 19 25 0.029871738 
776 288 8 10 0.029840028 
855 297 7 9 0.029790936 
551 196 7 10 0.0297618 
571 347 37 48 0.029563518 
693 369 11 15 0.029454166 
168 264 8 10 0.029429475 
813 379 13 16 0.029420618 
597 303 9 11 0.029385325 
653 361 11 17 0.0293523 
950 379 14 17 0.029349387 
263 296 8 10 0.029195504 
729 309 8 10 0.029116718 
917 311 9 10 0.029091781 
254 283 8 11 0.029067226 
337 269 9 10 0.029060591 
831 357 10 13 0.028995031 
111 247 8 10 0.028968964 
950 387 15 19 0.028955573 
736 321 8 10 0.028951125 
863 373 10 14 0.028909944 
971 349 10 13 0.0288901 
702 357 11 15 0.02887184 
838 371 13 17 0.028868381 
1000 400 14 18 0.028767567 
943 457 26 35 0.02875699 
841 241 8 10 0.02867249 
656 512 22 29 0.028638896 
914 367 20 24 0.028551083 
54 272 8 10 0.028356705 
202 393 38 50 0.02834123 
862 271 7 9 0.028287377 
527 252 10 13 0.02822931 
962 455 17 21 0.028226392 
600 331 9 12 0.028161032 
112 255 8 11 0.028150482 
56 285 9 11 0.028063081 
601 264 8 10 0.028033208 
552 345 17 24 0.028022537 
729 302 7 10 0.028018493 
216 265 9 10 0.02792227 
191 415 28 35 0.027911432 
755 373 14 17 0.027881293 
863 379 13 15 0.027800644 
468 234 13 16 0.027783958 
839 297 7 10 0.027758991 
854 346 18 22 0.027583256 
556 341 12 17 0.027515218 
631 362 12 17 0.02747942 
967 332 12 14 0.027419332 
117 351 11 13 0.027362613 
766 302 7 9 0.02733651 
60 145 16 18 0.02732851 
624 315 10 13 0.02726664 
743 297 7 9 0.026962461 
84 286 10 11 0.026935808 
205 271 10 11 0.026921239 
345 279 8 12 0.026886601 
183 285 10 12 0.026872471 
831 326 8 11 0.026782347 
192 263 8 10 0.026687823 
362 255 8 11 0.026684776 
754 327 10 12 0.026651097 
555 306 20 24 0.026551057 
882 317 8 10 0.026540231 
879 351 10 13 0.026502123 
775 348 11 13 0.026325813 
241 249 7 9 0.026309917 
834 255 7 9 0.02627292 
780 371 13 17 0.026251918 
273 286 18 22 0.026213713 
361 244 9 10 0.02617734 
689 316 8 11 0.02614333 
47 272 8 11 0.026137251 
244 342 44 50 0.02607567 
764 399 16 19 0.026009098 
420 262 19 24 0.025989564 
766 296 7 10 0.02592745 
194 270 7 10 0.025896676 
742 332 9 12 0.025889704 
1008 287 10 13 0.025880033 
290 315 14 14 0.025831131 
240 262 8 9 0.025790373 
261 272 8 10 0.0256797 
692 411 11 15 0.025639763 
790 375 12 16 0.025468152 
1010 344 17 25 0.025444772 
728 265 8 10 0.025253808 
799 480 28 35 0.025077771 
326 263 7 10 0.025054447 
88 279 8 11 0.02503526 
582 274 10 13 0.024971861 
577 364 14 17 0.02492794 
138 255 8 9 0.024886444 
322 256 7 9 0.024883695 
180 295 11 13 0.024875121 
694 279 7 9 0.024854748 
713 332 9 12 0.024847498 
336 263 8 11 0.024806948 
53 279 9 11 0.024740314 
877 492 26 35 0.024729446 
909 464 25 31 0.024723556 
1014 327 9 13 0.024627842 
90 249 8 10 0.024606053 
217 267 17 21 0.02450856 
599 277 8 10 0.024494635 
945 280 9 11 0.024487972 
625 332 9 10 0.0244545 
902 363 12 16 0.024385711 
840 341 9 11 0.024363182 
963 378 13 16 0.024333429 
833 340 9 12 0.024280943 
576 302 11 13 0.024198929 
347 324 16 20 0.024171827 
453 221 12 15 0.024140883 
182 254 8 10 0.024025975 
831 349 9 11 0.02401007 
79 382 10 13 0.024001589 
162 265 7 9 0.023959447 
580 247 9 11 0.02395261 
612 542 31 35 0.023894345 
139 316 12 16 0.023859365 
1003 335 20 26 0.023853356 
766 371 12 16 0.0237498 
697 287 7 9 0.023727054 
324 290 11 13 0.023709374 
480 228 11 14 0.023660138 
224 293 9 11 0.023628362 
561 196 8 10 0.02362104 
605 279 9 10 0.023614688 
576 332 12 15 0.023584735 
696 359 19 24 0.02357253 
797 303 8 9 0.02355907 
1013 364 11 15 0.023503087 
787 496 32 42 0.023497544 
0 106 8 12 0.023483118 
824 325 8 11 0.023461478 
365 243 9 11 0.023460506 
934 573 46 50 0.023451101 
694 272 7 9 0.02336971 
299 345 15 20 0.023322513 
859 270 7 9 0.023306182 
174 271 8 10 0.023301445 
118 269 8 10 0.023290068 
870 422 17 21 0.023257453 
777 405 14 17 0.023195783 
920 287 8 9 0.023184076 
93 302 12 13 0.023157822 
849 303 9 10 0.02314045 
247 299 11 13 0.02307637 
913 617 31 37 0.023037232 
489 469 47 54 0.023013867 
1003 401 21 26 0.02301336 
918 318 8 9 0.022963703 
864 311 7 9 0.022923522 
272 269 7 10 0.022886874 
247 293 11 13 0.02285323 
331 284 11 13 0.022830714 
881 312 8 10 0.02282395 
109 351 14 16 0.022819748 
632 537 17 21 0.022745457 
937 279 8 10 0.022734743 
903 304 8 9 0.02271491 
825 394 14 18 0.022694193 
413 207 9 11 0.022692004 
162 360 17 19 0.02266745 
250 232 6 8 0.022666639 
847 289 7 8 0.022585494 
849 302 19 25 0.022545757 
834 441 17 21 0.022440823 
713 373 16 20 0.022434408 
678 307 11 13 0.022427956 
309 347 13 19 0.022421282 
158 357 13 17 0.022376267 
79 281 9 11 0.022375306 
92 315 12 15 0.022362096 
719 270 8 10 0.022267668 
597 448 23 30 0.022225065 
614 550 16 21 0.022170179 
908 572 42 47 0.022130096 
954 567 46 53 0.022081973 
-22 171 198 209 0.022064209 
125 254 9 11 0.022049172 
167 306 11 12 0.022003537 
1014 332 10 15 0.02197925 
333 279 9 12 0.021940159 
103 309 11 13 0.021872003 
142 246 6 9 0.02182208 
790 350 11 13 0.021761674 
796 363 13 16 0.021752894 
940 435 24 28 0.021743981 
894 318 8 9 0.021736387 
13 278 9 11 0.021723622 
901 327 9 12 0.021717113 
920 213 9 12 0.021691903 
690 309 8 11 0.02161888 
589 355 23 31 0.021584501 
721 335 17 21 0.021541318 
154 308 9 12 0.021530818 
79 301 11 12 0.021530002 
870 343 8 12 0.021505266 
919 326 9 12 0.021484146 
925 301 8 10 0.02146041 
633 355 12 17 0.021375932 
181 320 10 12 0.021357004 
110 273 20 24 0.021353297 
222 286 9 12 0.021306101 
579 335 20 23 0.02129908 
624 389 10 12 0.021206222 
127 240 7 9 0.021163011 
590 256 8 10 0.021147141 
103 297 12 15 0.021142652 
520 254 10 13 0.02111619 
362 260 9 12 0.021106591 
870 317 8 10 0.021090077 
991 323 11 14 0.021063218 
914 285 8 10 0.021043278 
230 284 10 13 0.020988556 
833 296 19 24 0.020907447 
784 295 8 10 0.020885825 
537 268 18 24 0.02087204 
589 324 12 14 0.020804893 
733 341 9 12 0.020771712 
205 359 12 18 0.020752298 
726 346 10 13 0.020742944 
798 391 14 18 0.020667987 
826 475 28 34 0.020665662 
839 269 8 10 0.020660827 
342 264 8 11 0.02062239 
213 291 11 14 0.020620152 
305 7 56 69 0.020574594 
176 249 8 11 0.020493161 
289 272 7 9 0.020450896 
800 296 7 9 0.020421179 
601 419 11 16 0.0204193 
920 199 8 10 0.020369686 
743 276 9 10 0.020304892 
183 373 42 52 0.020289635 
528 205 9 11 0.020264372 
798 341 9 12 0.020251123 
176 277 8 11 0.02022062 
112 240 8 9 0.020217268 
29 124 13 16 0.02019726 
85 312 22 26 0.020154724 
1001 308 10 12 0.020143084 
878 481 19 22 0.020132372 
941 301 9 11 0.020077247 
650 525 17 22 0.020058831 
255 294 9 12 0.020027922 
814 331 10 12 0.020004753 
