2_Demonstration_Demonstrators_2_188
180
373 456 94 121 0.9993937 
3 422 37 48 0.9987405 
219 347 53 58 0.99866295 
225 241 35 43 0.9982426 
188 287 36 45 0.998145 
875 364 32 42 0.99797255 
288 337 39 53 0.99178505 
483 384 39 50 0.9906097 
154 408 45 59 0.9892049 
779 1089 108 102 0.9603636 
852 224 23 26 0.82432044 
109 354 14 22 0.73542553 
957 381 14 19 0.6807752 
1007 366 15 17 0.6783828 
19 396 27 32 0.5896538 
391 339 34 41 0.44482678 
979 375 16 20 0.43752438 
79 479 80 81 0.43709528 
571 411 26 33 0.31859294 
304 273 27 44 0.3044386 
931 371 14 19 0.29521018 
941 405 23 28 0.2870835 
966 407 21 27 0.27582785 
922 519 22 27 0.21582521 
542 406 22 35 0.14769846 
890 332 14 17 0.12593977 
658 368 16 22 0.12143933 
917 370 16 19 0.107206315 
119 1152 393 488 0.10668252 
516 331 20 23 0.10566798 
96 203 40 56 0.10326916 
505 537 54 63 0.100955464 
47 382 23 27 0.0979494 
949 335 9 11 0.096037 
909 396 23 27 0.092428006 
952 408 23 27 0.09238868 
0 399 19 30 0.08424323 
382 355 32 37 0.079937845 
990 343 10 12 0.07405304 
911 327 10 13 0.07284395 
200 627 41 46 0.072829925 
751 348 41 54 0.071794204 
986 520 16 20 0.07109064 
137 261 39 52 0.069608875 
1012 334 9 11 0.06842324 
921 378 23 29 0.06565728 
12 348 17 22 0.062391862 
925 366 16 20 0.06203579 
731 338 42 56 0.05756315 
983 342 9 11 0.05716284 
965 332 10 12 0.057140213 
554 409 30 36 0.05445166 
924 389 24 29 0.054349616 
42 911 38 49 0.051913846 
357 356 22 26 0.051450804 
137 956 42 62 0.051257044 
961 328 9 11 0.05097467 
666 371 15 19 0.049088925 
1003 406 19 24 0.048229013 
947 389 25 29 0.04600402 
978 341 9 11 0.04548877 
0 396 15 18 0.044718936 
679 342 49 61 0.044653714 
630 372 10 13 0.04464548 
1002 472 21 30 0.042254794 
1010 373 14 20 0.041767906 
821 242 12 14 0.041318372 
773 354 31 33 0.041167308 
164 291 28 38 0.04089413 
956 349 11 14 0.04035048 
901 332 11 15 0.039988007 
987 381 16 20 0.038991522 
637 372 15 17 0.038763434 
926 335 9 10 0.038557846 
944 338 10 14 0.03763998 
817 272 41 53 0.037376918 
978 710 49 78 0.036864188 
91 136 26 34 0.03594757 
361 364 23 28 0.035269175 
913 450 26 32 0.0348421 
750 301 11 15 0.034711514 
774 360 44 53 0.034675527 
475 531 52 69 0.03451554 
658 355 47 60 0.03410681 
942 326 8 10 0.033506114 
935 392 25 30 0.033430852 
917 332 10 11 0.033396836 
30 405 18 23 0.033330385 
986 373 12 17 0.032149706 
457 504 91 105 0.03193671 
1004 432 18 23 0.031522125 
1014 346 10 13 0.031174662 
38 425 26 37 0.031089397 
982 335 8 12 0.031063529 
266 336 44 56 0.030497521 
679 334 30 48 0.030381342 
417 257 15 21 0.030206198 
75 951 12 16 0.030179845 
1002 496 18 23 0.029743303 
1001 371 11 15 0.029697843 
112 348 23 31 0.029610742 
706 342 51 60 0.0295954 
806 1065 72 83 0.029594509 
902 399 18 24 0.02949955 
1010 360 13 17 0.029217612 
507 334 31 33 0.028867044 
936 324 9 11 0.028836895 
13 408 39 51 0.028529068 
58 922 16 20 0.028510759 
108 202 13 18 0.028361807 
866 1138 112 123 0.028293462 
1012 339 10 15 0.028109092 
611 400 19 23 0.02804494 
106 144 15 19 0.027767109 
523 326 15 19 0.02766483 
757 301 11 15 0.027663656 
0 366 11 16 0.027608551 
999 503 15 20 0.027600762 
815 1112 112 127 0.027594004 
936 416 23 30 0.027474621 
107 150 24 36 0.027431577 
0 926 10 14 0.02735684 
892 327 21 25 0.027347717 
975 334 10 12 0.02731291 
624 369 25 29 0.027046628 
957 384 23 28 0.026957477 
909 321 10 11 0.026946409 
974 315 11 13 0.026845638 
407 344 20 25 0.026702391 
499 505 59 61 0.026437705 
609 367 45 52 0.026405448 
138 345 24 34 0.026371887 
987 577 24 32 0.026317129 
667 345 30 44 0.026289688 
321 1197 107 129 0.02606402 
36 390 26 33 0.026050199 
86 386 14 18 0.025990747 
349 184 13 16 0.025831848 
932 432 18 23 0.025726642 
927 327 8 10 0.025596485 
807 1109 37 39 0.02532594 
932 372 22 27 0.02531403 
361 359 44 51 0.025259795 
68 951 23 31 0.025198441 
291 280 31 41 0.025190827 
950 340 10 12 0.025170146 
317 184 11 13 0.025062006 
141 244 40 49 0.02471542 
619 394 16 19 0.024390498 
36 922 27 38 0.02413245 
17 373 24 30 0.02386113 
961 372 15 19 0.023838833 
722 272 14 18 0.023715004 
109 317 41 53 0.023663038 
738 360 224 219 0.023592945 
848 226 15 20 0.023545284 
947 721 56 66 0.022892173 
192 278 27 33 0.022667155 
950 328 9 12 0.022655813 
641 374 15 20 0.022058118 
53 371 23 31 0.021996353 
952 355 12 15 0.021706449 
834 354 14 17 0.021509403 
929 481 17 21 0.02150504 
156 275 27 39 0.021192946 
957 344 9 10 0.021189794 
574 419 40 49 0.021053547 
87 330 38 50 0.021018067 
640 368 11 13 0.021011453 
996 379 12 16 0.020853652 
906 325 10 13 0.02083615 
990 584 14 19 0.020777853 
118 195 30 43 0.020700999 
956 365 13 16 0.020544933 
111 966 25 38 0.02049188 
110 342 41 53 0.020490564 
998 1101 24 62 0.020281704 
402 339 18 22 0.020266298 
603 381 58 67 0.020208227 
126 295 42 52 0.020182028 
