2_Demonstration_Demonstration_Or_Protest_2_402
417
476 125 45 52 0.9946913 
797 124 57 66 0.9904612 
313 150 62 71 0.9860896 
386 111 57 63 0.9837166 
187 151 56 65 0.97912323 
672 140 61 66 0.9281867 
609 112 51 57 0.9215411 
916 9 18 23 0.7352223 
484 70 15 20 0.6739371 
970 73 13 16 0.4430501 
521 29 9 13 0.34609917 
497 14 9 11 0.33850822 
154 157 17 22 0.33436492 
480 55 11 14 0.31621477 
393 69 10 13 0.2809692 
478 37 10 12 0.27680543 
443 68 14 18 0.2752853 
309 16 10 13 0.2689287 
253 250 13 16 0.24615665 
328 59 9 11 0.23967649 
388 443 23 27 0.2324981 
444 63 10 13 0.2249991 
414 44 10 12 0.22229014 
844 28 15 19 0.21133885 
153 103 17 21 0.20510495 
977 16 11 14 0.19450445 
974 106 14 19 0.19083941 
445 23 8 10 0.19046247 
549 12 11 14 0.18925591 
499 21 9 12 0.18858598 
971 179 12 16 0.18320802 
519 61 9 12 0.1759799 
319 56 9 12 0.16967462 
486 14 10 12 0.15938546 
370 491 18 21 0.15752552 
532 46 10 12 0.15738581 
518 54 8 11 0.15057921 
454 54 9 12 0.14847459 
91 221 12 15 0.14437315 
503 104 25 30 0.14201827 
333 56 8 11 0.14038987 
840 62 28 32 0.13747802 
486 20 10 12 0.13743763 
479 43 10 13 0.13706842 
519 22 10 13 0.13680446 
446 30 9 12 0.13675877 
518 15 8 11 0.13455003 
212 253 16 19 0.13333386 
463 12 11 13 0.13082069 
314 56 8 11 0.12603228 
496 43 10 12 0.1254762 
431 32 9 12 0.12331605 
983 35 9 12 0.11976587 
683 92 11 13 0.1189476 
397 47 8 11 0.11875293 
320 38 8 11 0.118148655 
360 62 7 10 0.11579119 
319 33 7 9 0.115657225 
726 88 11 14 0.11203965 
463 44 9 11 0.11167425 
647 66 14 15 0.10916636 
595 28 13 17 0.102090456 
312 61 9 11 0.101817876 
981 204 10 13 0.1016371 
992 125 13 16 0.10115593 
433 37 8 10 0.10068748 
373 20 8 11 0.09886998 
974 59 13 17 0.09843235 
397 31 8 12 0.09741308 
176 93 15 19 0.09716508 
400 52 7 10 0.09681132 
978 284 13 14 0.09632468 
346 54 8 10 0.096100226 
351 54 8 11 0.095648594 
420 38 9 11 0.09454601 
393 38 9 10 0.09365891 
415 29 10 13 0.09042083 
473 37 10 12 0.09013557 
404 69 11 12 0.08884675 
313 72 9 12 0.087646544 
93 213 11 13 0.08699472 
480 75 21 28 0.08636894 
839 14 26 31 0.08446214 
410 46 9 11 0.08421197 
533 68 10 12 0.08282307 
156 10 25 29 0.08029196 
520 67 9 13 0.08012639 
519 34 10 12 0.07984347 
706 11 10 12 0.079133235 
918 226 12 15 0.078860946 
421 31 10 12 0.07770771 
593 83 11 13 0.076828405 
369 17 8 10 0.07635418 
352 28 9 11 0.07582241 
455 47 9 11 0.07581002 
1014 355 9 13 0.07525833 
358 56 8 11 0.07476015 
357 78 8 11 0.07431202 
374 39 8 10 0.07320618 
164 70 16 19 0.07314214 
527 15 9 10 0.07265113 
327 40 10 11 0.07240021 
310 45 8 11 0.0720481 
527 23 10 12 0.071678035 
617 28 14 18 0.071315356 
448 56 10 12 0.069711104 
238 194 22 30 0.06884125 
160 105 23 30 0.06692468 
432 61 9 11 0.06685386 
358 22 8 11 0.06642488 
286 45 9 12 0.06411051 
301 452 22 25 0.064078584 
357 30 8 11 0.060791824 
172 97 22 27 0.060260426 
163 125 15 19 0.05909545 
993 221 10 13 0.059031397 
333 38 9 11 0.05862068 
159 52 26 33 0.058266826 
414 63 9 11 0.057367623 
995 115 12 17 0.057131574 
413 68 9 10 0.056416657 
500 7 9 12 0.055322364 
424 61 8 11 0.055266395 
438 35 9 12 0.054855052 
607 70 10 14 0.054300725 
368 38 8 11 0.053769495 
361 37 8 11 0.053451944 
863 243 14 17 0.05339253 
532 100 13 16 0.053285997 
517 47 10 13 0.052883286 
1010 213 12 16 0.052733265 
408 64 9 12 0.05253783 
440 30 10 13 0.05250068 
471 73 11 14 0.05242255 
385 77 9 11 0.05163524 
383 425 13 16 0.05140811 
525 63 11 13 0.051087152 
534 40 10 12 0.051051088 
391 32 10 12 0.051036596 
414 52 11 12 0.050665442 
1000 310 11 12 0.050591502 
397 72 13 15 0.05051302 
83 196 10 13 0.049849875 
414 285 11 13 0.049228225 
319 15 9 12 0.0486784 
154 5 15 17 0.048630707 
334 86 8 10 0.048533875 
550 18 12 13 0.04848618 
305 18 10 13 0.048160907 
329 544 9 10 0.048013587 
325 23 8 10 0.04763652 
857 52 14 17 0.047608074 
579 45 10 12 0.04751803 
95 208 11 12 0.047394063 
754 271 11 14 0.047251888 
392 0 10 10 0.047208495 
338 14 8 10 0.047156807 
311 7 8 10 0.04648122 
384 8 9 11 0.045900706 
925 237 13 16 0.04548032 
398 65 9 12 0.0449385 
367 512 14 18 0.044770673 
430 56 9 12 0.044666115 
175 367 11 14 0.04466508 
542 39 10 13 0.044313207 
835 18 14 18 0.044266704 
335 33 8 10 0.044161174 
312 39 9 12 0.04398812 
575 15 9 11 0.043670055 
390 15 10 13 0.043602645 
411 39 10 12 0.04325911 
440 15 9 12 0.042953815 
343 22 10 11 0.04294276 
457 14 10 11 0.042688183 
772 10 18 23 0.042498272 
176 43 16 17 0.0421927 
689 30 11 14 0.04207285 
481 13 10 12 0.042053465 
252 327 10 14 0.041960243 
391 52 10 12 0.041858807 
527 39 11 12 0.041455753 
375 45 7 9 0.041444205 
539 127 10 13 0.0412008 
102 213 9 12 0.041056603 
285 28 10 12 0.040896844 
444 15 10 12 0.040518824 
691 34 12 15 0.039920025 
352 90 10 13 0.03985421 
487 9 9 11 0.03981904 
447 34 10 13 0.039622597 
500 40 9 12 0.039591853 
980 341 9 12 0.03945385 
847 260 12 16 0.03902577 
409 28 10 13 0.038832225 
318 432 13 16 0.03882551 
284 319 10 13 0.038587313 
528 52 11 13 0.03815768 
640 29 11 13 0.037692 
857 5 13 14 0.037458025 
844 78 17 19 0.03743441 
315 31 8 10 0.037221156 
983 302 10 12 0.03693662 
413 22 12 15 0.03662904 
438 0 10 9 0.036563214 
515 102 22 27 0.03651666 
154 208 15 18 0.036445208 
454 30 11 13 0.036194015 
592 62 10 13 0.036168963 
281 292 10 12 0.03607102 
977 205 10 15 0.03566602 
967 322 11 15 0.035598543 
336 79 8 11 0.035586726 
407 54 9 10 0.035584494 
349 48 9 11 0.035540797 
484 38 10 12 0.03543732 
613 69 10 13 0.035397287 
990 91 12 16 0.035369106 
579 22 9 11 0.035345268 
974 212 14 20 0.035295743 
764 86 10 13 0.03518612 
384 55 8 10 0.035130136 
289 220 12 17 0.034765765 
288 232 13 16 0.03473277 
980 0 13 12 0.034614425 
990 301 10 13 0.03446205 
1002 205 10 13 0.03445613 
327 32 9 11 0.034417264 
973 10 21 26 0.034402847 
339 469 10 13 0.03427074 
726 12 10 13 0.034245063 
630 111 35 40 0.03406829 
386 71 9 12 0.033949032 
93 145 11 15 0.033792075 
448 72 14 18 0.033674274 
353 72 9 11 0.033456348 
235 2 14 15 0.033337377 
998 303 9 10 0.03278038 
922 103 13 16 0.03264665 
100 220 11 15 0.03197161 
485 28 11 13 0.03145363 
343 78 9 12 0.03144248 
155 158 25 34 0.031392097 
630 66 11 14 0.0313332 
534 95 10 14 0.031318277 
913 47 10 12 0.031221084 
432 46 9 10 0.03108465 
974 118 12 16 0.03096212 
569 36 9 12 0.030920552 
386 31 9 11 0.030888813 
353 60 9 12 0.030864812 
1000 37 11 13 0.03064475 
918 157 11 14 0.030601528 
461 18 13 14 0.030600432 
985 322 11 14 0.030450657 
421 21 10 14 0.03039449 
975 50 13 16 0.030301683 
342 39 9 10 0.030148288 
153 120 26 32 0.030080603 
913 220 11 16 0.030011903 
772 95 22 26 0.029849967 
330 86 8 10 0.02968221 
397 21 9 12 0.02960476 
360 17 9 11 0.029498678 
445 345 39 48 0.029496416 
173 110 15 19 0.02948099 
285 51 10 12 0.029412523 
414 429 14 17 0.029386293 
693 24 11 13 0.02937509 
369 44 9 10 0.029179947 
329 79 8 11 0.029129233 
385 37 9 11 0.029084131 
214 248 13 14 0.029056406 
968 79 14 18 0.028804587 
414 14 11 13 0.028682902 
1010 357 9 12 0.028521596 
597 68 11 14 0.028513229 
349 104 11 13 0.028322969 
358 69 8 11 0.028294474 
485 45 11 13 0.028002216 
373 32 9 11 0.027980883 
335 71 8 10 0.027962912 
970 63 20 25 0.027817272 
419 44 10 12 0.027789889 
333 542 9 11 0.027763426 
316 76 9 12 0.027716318 
472 473 11 12 0.027682118 
501 27 9 11 0.027651489 
977 27 10 14 0.027650882 
550 44 10 12 0.027631558 
609 263 9 12 0.027564172 
365 62 9 11 0.027553124 
240 169 42 53 0.027477609 
628 36 10 13 0.027344039 
284 99 11 16 0.02709424 
154 150 15 19 0.027079908 
384 13 9 12 0.02707489 
460 28 11 14 0.026998281 
767 152 13 18 0.026946053 
593 35 11 13 0.026904 
591 56 11 13 0.02686568 
725 22 11 14 0.026727127 
771 147 13 17 0.026656365 
484 61 12 14 0.026528787 
319 21 8 11 0.0264736 
521 175 24 30 0.02646021 
622 68 10 12 0.02645327 
718 373 12 15 0.026446052 
991 338 12 13 0.02636447 
534 29 10 11 0.026261423 
975 38 10 14 0.026207821 
326 14 8 10 0.02611847 
493 52 12 15 0.02608782 
974 201 40 61 0.025989601 
268 318 9 12 0.02598297 
334 95 9 10 0.025801329 
638 62 10 13 0.025747875 
555 21 12 14 0.025724841 
454 37 10 13 0.025593858 
180 88 11 14 0.025591347 
472 43 9 12 0.025474438 
343 72 8 11 0.025444707 
275 460 12 18 0.025390178 
439 56 11 13 0.025207557 
384 46 8 11 0.024985587 
386 21 9 11 0.024871927 
312 96 8 10 0.024842745 
1011 84 11 18 0.024835637 
367 31 9 11 0.024769144 
513 19 11 14 0.024758281 
616 46 11 13 0.024744688 
557 113 11 15 0.024690628 
937 21 10 13 0.02468534 
164 178 12 18 0.024582822 
979 217 23 31 0.024549445 
45 191 9 12 0.024546955 
568 100 10 13 0.024506532 
357 527 10 13 0.024451578 
175 317 11 15 0.024412913 
332 44 10 12 0.024347685 
581 40 10 12 0.024305362 
343 60 9 11 0.0242312 
144 281 14 16 0.024223994 
432 21 9 11 0.024105096 
561 83 10 13 0.024026997 
210 162 48 59 0.023916408 
478 0 9 9 0.023900773 
541 31 11 12 0.023844166 
916 25 12 16 0.023781875 
520 74 10 13 0.02367166 
918 78 11 13 0.023642821 
327 492 14 18 0.0234843 
155 47 12 15 0.023453623 
991 390 10 12 0.023446165 
584 125 11 14 0.023361158 
495 27 9 12 0.023282379 
990 235 14 17 0.02327554 
356 85 10 15 0.02323465 
903 208 10 13 0.023163814 
21 120 9 11 0.023161521 
147 374 12 16 0.023043877 
513 28 11 14 0.022957265 
566 55 8 11 0.02295393 
344 28 9 12 0.0229126 
1003 208 19 27 0.022846611 
532 13 9 12 0.022837043 
76 168 13 18 0.022760896 
1005 220 19 34 0.022642558 
982 93 12 16 0.022624437 
761 137 24 35 0.022566814 
677 87 19 24 0.022332162 
935 71 10 12 0.022109248 
486 89 22 30 0.022031005 
977 246 10 13 0.022013878 
998 141 12 14 0.021849984 
87 93 11 15 0.021794306 
981 226 13 18 0.021745164 
438 45 9 11 0.021740457 
1006 304 9 11 0.021648437 
626 396 13 18 0.02148662 
997 340 10 12 0.0214726 
473 54 11 12 0.021464355 
970 174 22 27 0.021460185 
588 139 11 17 0.021380117 
990 220 22 31 0.021365322 
365 56 10 11 0.02134678 
338 20 9 12 0.021315638 
581 14 8 11 0.021279346 
325 49 20 25 0.021195047 
108 102 13 17 0.021131469 
459 53 11 14 0.021118404 
376 9 8 10 0.021064488 
639 67 12 14 0.021059424 
523 63 18 23 0.021030674 
991 47 9 13 0.020892384 
256 158 32 49 0.0208555 
621 15 13 16 0.020842914 
345 48 8 10 0.020771805 
582 54 10 13 0.020760667 
87 215 19 25 0.02071824 
566 84 10 12 0.020660974 
150 84 12 16 0.020626608 
595 76 12 16 0.020509891 
152 36 10 12 0.020499466 
415 8 9 10 0.020473123 
396 15 9 12 0.020464558 
995 86 15 21 0.0203383 
424 475 10 12 0.020321112 
974 201 22 28 0.020299582 
456 22 9 11 0.020250197 
472 0 10 9 0.020239413 
408 22 11 14 0.020236881 
461 111 29 36 0.020175526 
973 279 20 24 0.020163791 
479 8 10 12 0.020153698 
777 77 10 12 0.020038623 
921 145 10 12 0.020026203 
162 169 15 21 0.020021902 
