2_Demonstration_Political_Rally_2_117
184
586 194 35 44 0.99791056 
382 213 28 34 0.9939412 
284 194 24 31 0.9876323 
839 203 26 34 0.9838578 
791 212 22 26 0.96645355 
66 198 16 23 0.9643408 
731 218 28 35 0.9512517 
24 205 19 22 0.91802824 
879 194 25 37 0.88147926 
142 208 15 21 0.84533036 
453 197 12 16 0.81986725 
413 206 18 24 0.8195535 
806 190 11 14 0.80374926 
636 203 21 27 0.6399155 
954 189 24 30 0.5976191 
476 191 11 15 0.50479215 
780 201 14 18 0.49681768 
407 152 8 10 0.45365474 
730 181 9 13 0.36361516 
537 188 11 14 0.32231042 
471 172 9 11 0.28017098 
541 226 15 19 0.2627584 
762 183 9 11 0.257831 
416 170 9 13 0.25352934 
247 191 13 21 0.2519548 
116 212 15 19 0.23848584 
123 218 14 22 0.23662587 
541 185 9 11 0.21526666 
628 194 17 21 0.21461958 
486 175 8 10 0.1952002 
745 192 8 10 0.19343278 
695 201 14 20 0.18760946 
175 198 9 12 0.1854215 
372 183 9 11 0.15579863 
406 184 8 11 0.14819834 
398 188 8 12 0.14511217 
527 189 8 12 0.120278776 
359 197 12 15 0.11735186 
83 230 13 15 0.116288096 
430 144 7 10 0.105860256 
760 187 11 14 0.10158753 
21 156 11 14 0.09867823 
263 216 15 21 0.09000851 
999 259 12 15 0.0897516 
788 195 15 20 0.08945503 
684 230 14 18 0.08520203 
622 196 14 19 0.08099873 
12 176 8 10 0.079529546 
481 174 8 11 0.07928147 
783 201 20 25 0.07743109 
513 191 8 11 0.073178574 
741 228 27 30 0.07188675 
763 206 12 15 0.071249284 
823 177 11 15 0.06964273 
801 191 11 14 0.069107585 
497 204 14 16 0.06863047 
526 184 8 10 0.06798816 
186 227 25 28 0.066673115 
5 204 10 14 0.06571208 
259 194 14 18 0.061331596 
744 194 11 15 0.059888784 
494 198 13 15 0.05941756 
534 193 11 14 0.05934011 
250 190 19 27 0.057627175 
459 201 13 17 0.056428164 
551 183 7 10 0.05600277 
792 181 8 10 0.0557906 
128 210 19 26 0.052847985 
642 138 11 13 0.050060395 
728 176 9 12 0.049960963 
241 195 11 16 0.04795893 
709 166 9 11 0.047635484 
4 146 13 17 0.04758786 
495 172 10 12 0.04734994 
412 150 8 12 0.046511352 
421 168 9 12 0.04622155 
877 185 15 25 0.045820642 
521 183 8 12 0.045502275 
401 186 8 11 0.045323182 
759 194 13 16 0.045244887 
792 192 11 14 0.04491145 
867 201 24 35 0.044464026 
484 179 11 14 0.044424903 
809 191 14 19 0.044218954 
857 208 15 20 0.044143505 
914 135 9 11 0.043575734 
520 189 9 12 0.043358307 
480 182 11 13 0.04291094 
371 187 11 13 0.0425771 
472 179 10 13 0.04131941 
11 180 10 13 0.04102045 
690 207 21 32 0.04019824 
698 201 22 29 0.039911725 
403 155 8 11 0.03951702 
721 169 8 11 0.03868651 
628 193 34 44 0.03784538 
880 181 11 16 0.037638973 
963 656 44 54 0.037439805 
447 151 9 11 0.036833014 
511 172 10 12 0.03585761 
869 187 11 16 0.03564082 
680 227 25 29 0.035537664 
110 215 16 20 0.035447735 
439 149 9 11 0.035274334 
241 278 13 16 0.035229012 
707 148 8 12 0.034891933 
424 209 14 18 0.034669675 
483 189 11 15 0.034467015 
193 221 18 19 0.0341698 
687 190 9 11 0.0341695 
680 189 11 14 0.034086984 
886 202 29 34 0.03398765 
979 119 40 51 0.03345928 
693 191 10 12 0.033403926 
713 183 9 10 0.033214405 
345 190 9 11 0.033139005 
113 220 26 30 0.032847952 
677 195 14 18 0.03241769 
527 175 8 11 0.031737514 
733 186 10 12 0.030792082 
684 202 16 21 0.029817099 
430 199 12 15 0.02975599 
469 202 11 15 0.029705185 
500 198 12 15 0.029027576 
732 178 11 13 0.028949095 
969 192 14 19 0.028931396 
202 227 15 20 0.028711211 
719 182 10 12 0.028584825 
57 134 9 11 0.027894981 
367 220 12 17 0.02785586 
659 188 14 17 0.027805546 
501 172 10 13 0.027779179 
784 93 8 9 0.027528929 
781 192 13 17 0.027203081 
93 228 11 15 0.027196558 
437 144 8 11 0.02691316 
11 187 12 15 0.026845297 
63 278 10 14 0.026348269 
783 203 35 43 0.026158588 
8 197 11 16 0.026157089 
330 10 10 13 0.025945636 
393 185 8 11 0.02560167 
142 197 13 16 0.024998376 
950 166 10 12 0.02421099 
683 212 21 31 0.02392711 
795 192 19 24 0.023335202 
327 135 8 12 0.023281025 
963 181 16 22 0.023146212 
477 200 12 15 0.02304249 
487 169 8 11 0.022988698 
759 206 22 25 0.022883927 
685 195 13 18 0.022757098 
890 187 28 36 0.022709273 
956 202 18 24 0.022642063 
200 193 10 11 0.022587674 
448 192 12 16 0.02236317 
529 195 9 12 0.022322075 
535 182 18 23 0.02220582 
425 148 11 14 0.022084847 
813 180 11 15 0.02199833 
425 155 9 12 0.02192906 
468 210 12 16 0.021861024 
821 330 185 277 0.021809699 
757 182 19 23 0.021762427 
790 488 24 28 0.021722844 
545 220 16 19 0.021666382 
898 159 9 11 0.021469934 
681 183 9 12 0.021445915 
942 193 11 19 0.02142945 
485 128 8 10 0.021309074 
641 196 16 21 0.0213002 
827 174 12 14 0.021264862 
421 183 10 11 0.021147314 
255 202 20 31 0.021079909 
642 77 9 11 0.021071589 
864 183 11 14 0.020983284 
943 169 9 11 0.020809293 
136 196 11 15 0.020798923 
817 176 8 11 0.020757291 
264 198 22 29 0.020746972 
789 92 9 10 0.020697117 
266 209 22 31 0.020408131 
717 186 11 14 0.02036058 
400 172 8 11 0.0200908 
