2_Demonstration_Protesters_2_525
1341
660 484 31 40 0.9989367 
994 458 31 36 0.9978077 
416 515 28 37 0.99714017 
880 518 35 44 0.99701774 
554 484 30 40 0.99681646 
760 458 26 32 0.99621946 
578 402 23 29 0.99613273 
484 436 27 33 0.99606377 
848 426 23 29 0.9948856 
849 368 16 19 0.99365634 
763 400 23 30 0.9935935 
765 302 15 20 0.99077153 
297 487 31 36 0.9899725 
232 486 25 28 0.9897956 
468 331 14 17 0.9880518 
325 416 23 27 0.9874857 
389 437 20 27 0.9872695 
203 381 20 28 0.9870003 
999 397 21 28 0.98562384 
480 399 17 21 0.9799652 
920 477 31 37 0.97811323 
595 211 14 18 0.9771897 
337 346 19 23 0.9739248 
712 307 16 20 0.9734614 
501 318 13 16 0.97339195 
317 326 15 18 0.97215617 
657 427 26 31 0.9698683 
592 344 16 20 0.96799064 
310 384 20 25 0.9657459 
809 228 15 19 0.96560884 
54 433 23 30 0.96108884 
718 330 14 19 0.96088535 
919 376 20 24 0.96035 
453 267 13 16 0.95935535 
781 344 16 18 0.9576441 
615 210 14 18 0.95682484 
455 308 12 16 0.9560128 
715 361 21 26 0.95490885 
250 368 20 26 0.94738966 
61 344 15 17 0.9442776 
362 307 14 17 0.94000024 
884 330 12 16 0.9397179 
2 372 20 27 0.9361399 
951 351 20 23 0.93269974 
79 316 13 16 0.92879677 
527 277 11 14 0.9251148 
145 341 12 16 0.92345417 
671 321 16 20 0.9129179 
500 283 13 15 0.9125885 
835 341 12 16 0.91181433 
639 295 14 18 0.9114678 
1005 238 17 21 0.90862393 
725 206 13 15 0.907317 
990 380 16 19 0.90686613 
248 311 13 15 0.9061387 
685 220 15 19 0.90590453 
862 331 12 16 0.901766 
783 317 16 19 0.9005037 
845 397 17 22 0.89437425 
79 380 20 23 0.8931157 
414 314 12 15 0.8903811 
722 225 14 17 0.88592166 
866 228 12 16 0.88240707 
525 395 17 21 0.8818416 
775 231 14 18 0.8755153 
185 339 12 16 0.866964 
441 292 11 15 0.8583262 
475 294 12 15 0.85282063 
960 236 10 14 0.8348139 
408 205 9 11 0.83399314 
541 287 12 15 0.8215139 
167 288 10 13 0.8165778 
385 280 9 13 0.80786914 
968 249 13 16 0.80445164 
147 450 17 22 0.76730776 
436 355 12 17 0.7521808 
797 364 17 19 0.7422851 
566 279 12 16 0.7346501 
133 285 10 13 0.7340303 
26 414 18 21 0.7324483 
123 300 11 15 0.7245953 
996 223 12 16 0.7099017 
53 298 11 14 0.7082495 
385 348 13 16 0.7060717 
973 218 12 15 0.70467395 
20 296 12 15 0.69682133 
243 293 10 13 0.6840305 
560 208 9 12 0.6779224 
447 210 9 12 0.65019786 
255 347 15 18 0.64695203 
831 364 14 18 0.64051557 
644 217 13 17 0.6375665 
274 358 15 19 0.63357383 
31 319 12 15 0.62254167 
948 433 22 25 0.6161731 
56 410 20 22 0.59489906 
806 435 14 19 0.5915844 
115 358 14 18 0.5883267 
828 218 14 19 0.58151156 
532 335 16 19 0.5781237 
835 255 15 18 0.5723179 
967 544 37 32 0.57105255 
225 312 11 15 0.5635554 
297 310 11 15 0.56219906 
86 409 17 21 0.5414728 
416 274 11 14 0.53364325 
327 276 8 12 0.5306254 
519 237 11 14 0.51846415 
222 284 9 11 0.51807773 
90 464 17 22 0.5177691 
767 217 14 17 0.5153699 
358 275 9 12 0.51417536 
265 287 10 13 0.51343215 
298 314 14 17 0.5036682 
310 284 9 12 0.5028451 
0 346 11 15 0.4989656 
109 354 16 18 0.49775165 
500 215 10 12 0.4952115 
209 353 19 21 0.49384966 
632 228 10 13 0.4923098 
915 237 12 14 0.47656327 
753 204 10 13 0.4706013 
343 264 10 13 0.4670685 
588 268 12 15 0.4647844 
392 213 8 11 0.46388328 
373 292 10 13 0.4607281 
213 298 10 14 0.45617336 
319 294 10 13 0.45586815 
368 328 14 18 0.4516781 
466 373 16 16 0.44923052 
22 335 12 16 0.44919586 
383 523 28 39 0.44844702 
478 212 9 11 0.43855384 
825 181 9 12 0.4382244 
87 511 22 26 0.420507 
532 555 26 25 0.41817814 
891 236 12 15 0.40811095 
558 329 13 16 0.40531534 
873 373 12 16 0.38224703 
406 407 15 21 0.3787525 
662 372 13 17 0.37776396 
876 406 13 18 0.37133145 
424 216 9 11 0.36710036 
334 303 10 12 0.36641824 
168 256 9 10 0.36149552 
157 279 9 11 0.36004448 
422 333 13 17 0.35523766 
532 310 12 14 0.3486435 
368 267 10 12 0.34734926 
822 402 15 20 0.3439364 
909 324 13 16 0.34336254 
618 267 12 17 0.33109462 
415 366 13 16 0.3261386 
926 263 10 12 0.32432145 
941 293 10 12 0.32287082 
75 261 8 11 0.32150954 
375 236 9 10 0.3186026 
99 513 17 22 0.31681478 
524 207 9 12 0.3159609 
726 293 15 17 0.31511 
636 337 15 17 0.31249782 
578 299 12 14 0.30886275 
156 310 11 14 0.3085732 
274 270 8 12 0.3070048 
262 447 23 32 0.3008163 
112 270 9 11 0.29123744 
471 231 9 11 0.28960884 
664 307 13 17 0.28868726 
124 320 11 14 0.28733882 
309 264 9 11 0.28072038 
293 294 9 10 0.27867937 
678 258 15 19 0.26885673 
885 218 12 17 0.26883125 
293 347 14 19 0.26277882 
430 378 14 18 0.25635108 
104 280 8 11 0.25490382 
437 408 15 19 0.25241807 
192 324 11 14 0.25231037 
115 403 16 21 0.25088775 
541 207 9 11 0.24928388 
863 251 10 13 0.24765216 
765 515 21 29 0.24623084 
73 279 9 12 0.2448615 
471 250 12 15 0.24361542 
941 236 11 14 0.23988983 
503 365 12 16 0.23843905 
406 254 10 12 0.23741002 
948 279 11 12 0.2369597 
563 302 11 14 0.23564635 
498 253 14 16 0.23518528 
593 322 13 16 0.23263 
351 292 10 13 0.23077701 
375 214 8 10 0.22918262 
902 350 12 14 0.2275845 
163 475 16 23 0.22642016 
392 298 11 14 0.22281392 
932 341 10 14 0.22178623 
165 480 23 31 0.22177006 
592 311 12 14 0.22155589 
780 359 15 18 0.22049092 
88 348 11 14 0.21952425 
563 325 12 15 0.218039 
288 293 8 11 0.21381791 
428 221 9 12 0.2127893 
-1 423 10 20 0.21089308 
39 280 9 11 0.208662 
574 211 9 12 0.20588905 
432 200 7 9 0.2054672 
370 383 18 20 0.20539054 
966 379 15 19 0.20463783 
278 326 11 14 0.20229565 
487 238 10 12 0.20139676 
534 324 13 16 0.19890897 
252 444 23 31 0.19861627 
258 351 16 20 0.19820479 
876 206 10 13 0.1980813 
428 308 10 13 0.19718799 
191 275 10 12 0.19609989 
438 322 12 17 0.19497564 
442 386 13 16 0.19285204 
348 237 10 12 0.19113293 
30 401 15 21 0.19006386 
111 409 16 21 0.18972936 
550 395 16 21 0.18554087 
240 288 10 12 0.18474264 
169 260 8 11 0.18329218 
613 517 17 22 0.18293278 
383 238 8 11 0.18122245 
97 301 11 14 0.18035485 
520 211 9 11 0.17784134 
470 207 9 11 0.17715003 
826 513 17 21 0.177012 
74 300 10 14 0.17605524 
117 270 9 11 0.1737975 
565 307 11 14 0.17360997 
301 320 14 18 0.17051974 
621 385 15 20 0.17025597 
471 212 10 12 0.16976322 
503 354 12 15 0.16907759 
36 393 19 23 0.16889551 
984 292 11 14 0.16741444 
465 388 16 18 0.16712502 
894 190 11 14 0.16680598 
631 254 10 13 0.16424462 
452 208 8 11 0.16180845 
986 277 12 15 0.16168384 
335 317 12 16 0.16048491 
156 303 10 11 0.1595033 
936 237 10 14 0.15936899 
350 233 8 10 0.15846118 
157 358 9 12 0.15770994 
645 224 15 20 0.15745853 
422 310 12 15 0.15698543 
698 250 14 18 0.15637995 
573 318 12 16 0.15574604 
285 431 13 18 0.15515783 
416 284 10 13 0.15402447 
110 278 9 11 0.15264769 
144 268 9 13 0.1522235 
437 273 11 14 0.15185347 
890 183 9 11 0.15132019 
718 260 15 19 0.14856464 
175 311 11 14 0.1484938 
343 309 10 13 0.14722507 
477 231 8 10 0.14676458 
886 229 13 16 0.14663683 
919 400 14 19 0.14521125 
429 206 9 11 0.14453402 
770 277 16 18 0.14375971 
301 352 14 20 0.14365064 
741 264 13 17 0.14326791 
526 337 14 17 0.14089768 
901 425 17 21 0.14033452 
73 296 9 12 0.13949223 
611 367 15 19 0.13842145 
436 381 14 16 0.13799997 
811 449 21 28 0.13575241 
394 531 18 23 0.13573213 
464 232 9 12 0.13559578 
631 369 15 18 0.13547261 
271 452 24 30 0.13457453 
147 370 18 20 0.13301834 
141 397 15 19 0.13272978 
969 372 14 18 0.13212772 
772 531 26 37 0.1320799 
788 219 12 15 0.13181125 
380 555 15 19 0.13097161 
124 449 17 19 0.13058524 
564 206 10 13 0.12987852 
267 311 11 13 0.12970237 
31 269 8 10 0.12937507 
420 272 10 12 0.12906742 
932 347 10 15 0.12877819 
130 435 17 19 0.124220684 
934 220 10 14 0.12358095 
517 338 11 15 0.12326258 
407 228 9 12 0.12282728 
63 546 15 20 0.12262601 
141 357 13 17 0.122442655 
287 332 11 15 0.122085184 
466 212 8 11 0.12197862 
342 303 10 12 0.12110977 
836 245 14 18 0.12024295 
551 388 14 17 0.11844869 
197 329 11 15 0.117638886 
693 412 19 27 0.11687587 
334 254 9 11 0.116602115 
357 406 16 21 0.116105385 
540 456 23 28 0.114725046 
390 270 10 12 0.11470046 
953 255 10 14 0.114610866 
209 262 9 11 0.113861606 
888 420 18 21 0.1124506 
321 272 8 11 0.112134345 
797 279 12 16 0.11208935 
96 294 10 11 0.11174836 
356 284 11 14 0.11106036 
889 188 10 13 0.11090289 
877 212 13 15 0.11074256 
158 330 11 14 0.110282294 
286 205 8 9 0.11018889 
127 474 14 18 0.11016279 
367 205 8 11 0.110120095 
889 430 23 29 0.10975994 
943 215 10 13 0.10939979 
533 223 10 13 0.10932002 
334 307 12 14 0.10917425 
249 207 7 9 0.1087842 
264 256 9 11 0.10835865 
96 306 11 15 0.107104294 
76 283 9 11 0.106959045 
493 335 12 14 0.10632238 
883 442 23 27 0.10549978 
111 264 9 11 0.10467379 
313 292 10 13 0.10353329 
172 286 10 13 0.10342774 
497 278 12 16 0.10278338 
103 322 12 14 0.10258156 
437 246 10 12 0.10073702 
5 309 10 12 0.09977852 
458 491 17 23 0.09967746 
886 252 12 15 0.09850842 
254 207 7 9 0.09848441 
6 457 15 21 0.098408505 
270 263 8 10 0.09754694 
304 330 12 16 0.09739572 
272 276 9 11 0.09718369 
970 330 13 17 0.09614986 
192 261 8 10 0.09568735 
192 309 9 12 0.09563793 
652 353 14 18 0.0941725 
543 371 14 18 0.093694605 
97 286 10 11 0.0936725 
296 272 8 10 0.09334854 
278 431 22 29 0.09235521 
941 328 13 18 0.09230216 
8 324 9 12 0.09227867 
327 301 9 12 0.09212962 
153 315 10 14 0.09187098 
503 230 9 12 0.09169165 
277 275 9 11 0.0916475 
846 226 13 16 0.091331795 
269 256 9 10 0.09112993 
605 181 8 11 0.09104269 
904 343 11 14 0.09101161 
245 300 12 15 0.09099738 
187 333 13 17 0.09085539 
799 211 11 15 0.09080219 
677 246 12 15 0.09078279 
129 459 15 17 0.09068235 
300 340 12 16 0.09066529 
870 283 12 16 0.09036288 
910 251 13 15 0.09020039 
969 214 12 14 0.090003796 
801 358 16 19 0.089658566 
345 214 6 8 0.089312434 
911 242 13 16 0.08883879 
453 329 11 16 0.088755645 
573 307 13 14 0.088635884 
153 301 9 11 0.08862462 
348 310 10 13 0.08802913 
887 243 12 14 0.08801601 
43 380 14 17 0.08752246 
472 326 14 17 0.08734314 
485 472 15 21 0.08730765 
288 337 13 17 0.087294884 
17 545 26 30 0.086389825 
790 203 14 16 0.086229086 
816 371 12 18 0.08599924 
329 255 9 11 0.08598353 
151 411 15 20 0.085741416 
303 269 9 11 0.085573405 
372 265 10 13 0.08498944 
944 286 10 13 0.084793024 
371 508 30 39 0.084776014 
209 295 11 13 0.08417245 
897 354 12 15 0.08367324 
392 245 8 10 0.08358455 
669 207 10 14 0.08349352 
933 229 10 12 0.0833871 
185 207 7 10 0.08319358 
463 285 12 15 0.08280513 
156 417 14 17 0.08171489 
804 210 10 13 0.08141271 
125 296 11 14 0.08133729 
259 341 14 17 0.081246026 
305 222 6 9 0.081176884 
231 255 7 10 0.0810552 
35 330 12 15 0.08099249 
369 286 9 13 0.08072127 
544 261 10 14 0.08035598 
58 264 6 8 0.080318965 
622 407 19 26 0.080064625 
806 440 20 24 0.08004798 
715 559 16 18 0.07958035 
189 239 8 10 0.07946763 
463 377 14 16 0.07878706 
30 495 14 20 0.078541964 
256 272 7 9 0.07837978 
229 353 13 17 0.078065224 
565 317 14 17 0.07802516 
373 499 23 26 0.07786409 
805 476 15 20 0.07784647 
168 268 9 11 0.077691704 
725 239 14 18 0.07768196 
635 227 13 17 0.07766974 
865 327 13 15 0.077623494 
995 542 25 34 0.077339545 
1 308 9 12 0.077197 
397 215 8 9 0.077149905 
149 270 8 11 0.07698835 
349 263 9 11 0.076671444 
304 254 7 10 0.07612755 
148 360 15 17 0.07594009 
597 252 12 13 0.07468195 
340 316 12 14 0.07465885 
80 518 23 28 0.074372165 
303 248 7 9 0.074221835 
148 402 14 17 0.074019596 
31 371 12 17 0.0732121 
872 209 12 15 0.07310855 
441 206 9 12 0.07310528 
590 183 9 11 0.072482556 
264 332 12 15 0.07225812 
585 182 7 10 0.07206814 
445 326 12 16 0.07188398 
497 221 9 11 0.07185944 
362 207 7 10 0.07179646 
288 271 8 10 0.071549706 
422 244 8 11 0.07154424 
459 423 16 23 0.07139187 
748 234 11 14 0.07130083 
171 355 13 15 0.07108208 
33 279 8 11 0.071055405 
342 392 16 19 0.0709176 
50 296 10 12 0.07059782 
440 239 9 11 0.0705965 
73 257 9 11 0.06996007 
743 354 15 20 0.069774784 
431 360 14 18 0.06948616 
417 245 9 11 0.06933549 
100 451 15 19 0.06918705 
180 309 10 14 0.06909057 
138 443 21 25 0.069050126 
634 377 16 19 0.06899825 
421 285 10 13 0.06895247 
682 251 13 17 0.06892481 
390 239 8 10 0.06871198 
304 278 9 12 0.06870095 
528 315 12 15 0.06826994 
351 270 10 12 0.06824443 
527 200 8 10 0.0681832 
6 280 8 10 0.06802234 
796 373 16 19 0.067970574 
207 362 15 19 0.06795666 
111 325 10 12 0.067920506 
142 322 11 14 0.06764018 
942 434 18 21 0.06668383 
969 255 16 19 0.06667596 
549 267 12 14 0.066578254 
984 284 13 15 0.06594091 
580 306 13 16 0.06560472 
392 254 9 11 0.06558172 
329 240 8 10 0.06530293 
963 232 11 13 0.06519888 
708 199 10 13 0.065185495 
32 264 8 10 0.06514806 
893 255 10 13 0.06500836 
887 390 11 14 0.06497376 
945 271 9 11 0.06491434 
66 236 8 11 0.06491194 
754 379 20 23 0.064874895 
152 212 7 10 0.064500466 
360 214 8 10 0.064067714 
121 297 10 13 0.06389876 
6 304 10 12 0.063807756 
486 268 10 14 0.063541956 
159 284 10 13 0.06320224 
504 237 9 11 0.0630082 
934 334 11 15 0.06299734 
949 214 9 13 0.062944956 
794 401 15 18 0.062532686 
385 208 8 9 0.062427066 
117 458 12 18 0.062400572 
881 404 15 18 0.062338565 
400 221 9 12 0.06206675 
231 339 12 15 0.061850224 
636 273 14 17 0.061841957 
429 253 12 15 0.0618122 
433 246 9 10 0.061772846 
110 340 13 15 0.061762888 
47 340 11 16 0.061706252 
543 181 9 11 0.061632767 
28 331 12 17 0.06162712 
574 339 12 16 0.0613307 
222 302 8 12 0.0613015 
247 455 24 32 0.06123634 
479 236 9 12 0.061122075 
537 211 9 11 0.061012074 
967 265 13 15 0.06090788 
549 378 14 18 0.060757782 
163 469 15 18 0.060472745 
909 278 10 12 0.059935614 
20 356 13 17 0.059693135 
396 307 12 15 0.059655286 
441 392 16 19 0.059504278 
487 379 13 15 0.059478678 
423 240 9 11 0.059186377 
892 317 12 15 0.058892973 
151 254 8 10 0.058776382 
328 209 7 9 0.058711093 
755 521 24 28 0.058256723 
423 303 11 13 0.058222007 
456 247 8 11 0.05811862 
525 250 14 16 0.05805301 
957 252 11 15 0.057870667 
294 288 9 11 0.057843793 
936 215 10 12 0.0578353 
271 246 8 9 0.057634003 
283 206 7 9 0.05749237 
596 491 20 25 0.057490736 
911 231 12 15 0.05748297 
3 367 16 20 0.057415944 
461 276 10 12 0.05740131 
610 450 17 21 0.057367444 
527 222 11 13 0.057263985 
573 222 9 11 0.057116114 
885 396 13 17 0.057065725 
383 199 8 10 0.05697037 
699 352 16 22 0.056910537 
569 222 8 11 0.05684659 
95 457 19 25 0.056811012 
898 361 15 18 0.05667644 
382 232 8 11 0.056581404 
866 246 11 14 0.05639328 
787 377 15 19 0.056351896 
264 207 7 8 0.056081966 
503 209 8 11 0.055995196 
487 207 9 10 0.05589797 
921 261 10 13 0.055755544 
396 364 14 18 0.055523742 
558 319 12 16 0.05551016 
556 268 11 14 0.055507712 
195 407 16 20 0.055073734 
600 182 10 11 0.054938648 
507 391 14 20 0.05492292 
742 218 12 16 0.054828823 
370 232 8 10 0.05472758 
921 267 10 13 0.054705486 
320 225 7 9 0.054698452 
281 293 9 11 0.0544986 
6 286 9 11 0.05433298 
883 364 14 18 0.054164223 
26 337 13 17 0.054152265 
398 316 11 15 0.054128155 
156 387 15 19 0.053788353 
69 381 14 18 0.053700212 
377 543 26 29 0.053660274 
272 324 11 15 0.053576294 
762 372 16 19 0.053448156 
110 424 15 20 0.053441584 
431 271 11 15 0.053236093 
905 330 12 16 0.052979838 
392 263 10 12 0.052949 
743 228 13 18 0.052900106 
442 354 12 17 0.052833278 
719 297 19 22 0.05282206 
761 524 29 39 0.052773822 
427 200 7 9 0.052772954 
501 246 10 13 0.052461762 
516 499 25 28 0.052377064 
560 276 12 16 0.052347258 
446 252 9 13 0.052331645 
437 200 8 9 0.052301977 
998 235 15 20 0.052251842 
710 354 20 26 0.052204568 
728 209 14 17 0.052171916 
948 272 10 12 0.052058343 
523 243 13 15 0.051984005 
336 247 7 10 0.05186699 
97 279 10 12 0.051548418 
24 287 9 12 0.05129261 
397 271 9 11 0.051207025 
960 549 25 29 0.051070314 
78 268 9 10 0.051055767 
370 238 8 10 0.050821535 
166 208 7 9 0.050640862 
250 238 8 10 0.050380845 
32 312 9 12 0.050260343 
838 238 12 15 0.049993746 
103 350 14 17 0.049948804 
787 362 16 18 0.049705 
365 277 9 11 0.04955696 
430 403 16 19 0.049421012 
424 255 10 12 0.04929252 
278 231 7 9 0.04928434 
207 319 10 13 0.049057357 
877 199 9 12 0.048886493 
975 237 11 14 0.0488697 
345 294 10 12 0.04882198 
236 339 13 17 0.048710268 
672 242 12 16 0.048405074 
736 266 12 15 0.048073232 
595 268 11 14 0.04801585 
337 261 10 14 0.047969803 
950 219 10 13 0.04787211 
468 287 12 16 0.047273617 
512 208 9 12 0.04719584 
218 286 8 11 0.047160108 
815 224 18 23 0.047127955 
631 343 14 17 0.04689378 
384 215 8 10 0.04689088 
559 246 11 13 0.04682818 
479 268 10 13 0.046818793 
197 309 10 12 0.046656433 
824 214 13 16 0.046643358 
208 269 8 11 0.04658913 
377 220 8 10 0.04655009 
48 271 7 8 0.04645262 
703 203 12 16 0.04631979 
888 308 10 13 0.04626977 
1 340 14 17 0.046238016 
83 311 13 16 0.046237566 
649 232 16 18 0.046194043 
543 255 10 12 0.046069153 
525 228 11 13 0.045965634 
784 214 11 15 0.045914575 
566 182 9 11 0.04584658 
335 240 7 9 0.045827236 
668 364 13 17 0.045697168 
372 369 17 19 0.04551106 
902 271 9 11 0.0455096 
8 292 9 11 0.045295697 
257 254 9 11 0.045268793 
304 475 31 38 0.04523628 
229 303 10 12 0.045224667 
711 220 10 14 0.04507804 
747 361 14 19 0.045075998 
488 199 8 10 0.04494589 
815 402 14 21 0.044884212 
959 213 10 12 0.044870295 
423 328 11 14 0.04484647 
904 277 10 12 0.044814028 
550 252 11 13 0.04480112 
214 270 8 10 0.044636812 
96 404 21 27 0.044539854 
183 427 14 16 0.044495348 
927 236 10 14 0.04447435 
437 416 22 26 0.04441012 
345 208 7 10 0.044349834 
74 309 11 14 0.044241503 
594 332 14 17 0.04422968 
585 265 10 12 0.04418519 
256 434 18 24 0.044102408 
827 414 17 21 0.0440546 
438 252 11 13 0.043936092 
439 230 9 10 0.04370265 
830 245 13 15 0.043685224 
863 355 11 15 0.043441128 
164 332 10 13 0.0434357 
533 344 14 17 0.04322539 
879 337 11 14 0.043174654 
856 244 11 15 0.043056093 
123 396 15 20 0.043008454 
464 200 8 10 0.04296129 
900 377 15 17 0.042953085 
430 315 12 15 0.042911097 
274 231 7 9 0.042703364 
680 266 13 16 0.042619854 
283 325 12 18 0.04238164 
911 271 9 11 0.042178076 
495 323 12 14 0.042120248 
244 322 14 17 0.04204268 
226 230 7 9 0.041851148 
932 431 17 22 0.041584734 
1001 228 16 18 0.041576583 
852 222 12 17 0.04153717 
477 247 9 11 0.041463997 
919 291 9 12 0.041422434 
15 351 11 14 0.041364323 
519 292 11 13 0.041303396 
488 222 10 11 0.04129792 
207 208 8 10 0.041247107 
343 244 10 11 0.041243132 
206 368 23 28 0.041165136 
63 271 8 10 0.041150745 
360 200 7 10 0.04112925 
151 296 9 12 0.041103337 
952 415 24 27 0.0410145 
311 325 13 16 0.040979836 
191 284 10 13 0.04094956 
699 487 18 22 0.040924568 
1006 214 11 12 0.04077324 
929 222 10 14 0.040697068 
306 215 6 8 0.040580116 
105 217 7 9 0.040575307 
537 286 10 13 0.04047561 
249 232 8 10 0.040360507 
196 319 11 13 0.04035593 
68 373 13 15 0.040265776 
165 370 13 16 0.040206384 
453 424 16 23 0.0401533 
950 395 16 19 0.04011981 
1001 221 14 16 0.040062256 
892 310 11 13 0.03997128 
329 246 8 10 0.039873373 
374 208 8 10 0.039798647 
533 392 18 24 0.039787848 
813 277 11 13 0.03976588 
423 375 14 19 0.039756447 
261 431 23 30 0.039617084 
30 284 9 11 0.03950929 
404 396 15 19 0.039428107 
47 285 8 10 0.039415956 
495 230 9 11 0.039362803 
185 271 8 10 0.039325293 
272 239 8 10 0.039312825 
134 395 13 19 0.039291654 
453 378 12 16 0.03910498 
154 404 14 17 0.03909382 
581 386 14 18 0.038952556 
928 214 10 12 0.038949 
407 247 9 11 0.03877375 
523 276 10 13 0.038755234 
4 334 12 15 0.038638756 
843 508 23 28 0.038475737 
524 272 18 22 0.038457092 
30 430 15 20 0.038406864 
558 261 12 14 0.03839803 
281 288 8 11 0.03839347 
189 207 8 9 0.03829504 
632 296 14 18 0.038258903 
347 301 11 13 0.038244903 
795 219 13 16 0.038206547 
876 447 17 22 0.03809035 
415 291 10 12 0.03801305 
220 339 13 16 0.038009096 
646 347 14 19 0.03798113 
551 318 12 15 0.037940215 
603 211 13 17 0.037927825 
351 256 9 11 0.037864897 
79 514 15 20 0.037798543 
372 334 14 19 0.03760986 
957 408 17 20 0.037594933 
512 242 11 14 0.03754226 
867 306 13 15 0.037438795 
895 290 12 15 0.037437554 
907 466 15 20 0.03728101 
881 225 10 15 0.037254084 
788 449 16 20 0.0372417 
360 239 7 10 0.037180733 
57 269 7 10 0.037140574 
238 330 13 16 0.036966264 
880 250 12 15 0.03694402 
106 261 8 11 0.036920678 
340 323 11 14 0.036906455 
446 247 9 12 0.036883213 
66 278 8 10 0.03679342 
643 274 16 18 0.03665901 
662 403 15 17 0.036544655 
152 324 10 13 0.036459055 
477 222 9 12 0.03639855 
630 269 12 16 0.036372434 
733 554 19 21 0.03631527 
373 419 15 20 0.03631026 
560 236 10 12 0.036147717 
444 425 17 23 0.036133 
111 334 12 14 0.03612483 
183 354 13 16 0.036053505 
61 294 10 13 0.036030483 
110 256 9 10 0.0359883 
780 367 16 21 0.03595651 
295 320 13 18 0.035752527 
374 244 9 11 0.03574599 
713 266 11 15 0.035675075 
28 458 12 16 0.035635494 
519 223 9 12 0.035547424 
527 323 12 15 0.035536304 
165 283 17 22 0.035517845 
889 195 10 12 0.0355077 
35 554 16 20 0.035476312 
144 377 14 17 0.035426155 
69 531 25 28 0.035390962 
287 224 8 9 0.03537876 
795 199 11 13 0.035281036 
107 517 20 28 0.03523256 
686 299 14 17 0.035222143 
489 332 11 14 0.035190877 
837 225 12 17 0.0351405 
799 339 12 16 0.03514032 
191 304 9 12 0.0351282 
901 192 9 11 0.03509591 
662 210 14 18 0.034930065 
408 237 9 11 0.03490727 
455 200 8 9 0.03484919 
385 243 8 11 0.034826376 
288 230 7 10 0.03476554 
359 261 8 11 0.034757685 
841 252 14 18 0.034714893 
405 517 26 35 0.034711406 
791 410 15 20 0.034692414 
271 207 7 9 0.034651566 
1011 214 11 13 0.034529295 
175 324 11 14 0.03446443 
526 290 10 13 0.03444256 
950 448 27 31 0.03437839 
620 364 14 17 0.03436487 
105 256 8 11 0.034338035 
43 556 14 19 0.034303736 
875 382 15 18 0.034294035 
444 212 8 10 0.03426108 
453 338 12 15 0.03421368 
994 336 16 21 0.034193512 
677 361 14 18 0.0341752 
116 339 11 14 0.03410324 
615 384 14 20 0.03405933 
483 549 18 23 0.034052573 
504 192 7 9 0.03392289 
509 311 12 14 0.033907056 
648 190 8 11 0.033891793 
469 318 13 16 0.033886455 
567 229 9 11 0.033837687 
829 236 12 15 0.03380531 
889 412 15 19 0.033731826 
264 280 8 10 0.033730477 
756 392 23 29 0.033716016 
533 302 13 15 0.033708557 
862 351 10 12 0.033580475 
273 224 7 8 0.03355473 
622 252 11 15 0.03341755 
493 237 10 13 0.033389803 
13 323 12 15 0.033361908 
651 219 14 17 0.033354174 
904 252 10 13 0.033338558 
262 325 13 16 0.03333558 
960 554 15 19 0.0333126 
351 223 8 9 0.03329614 
885 208 10 12 0.033245556 
821 235 13 16 0.033222172 
705 344 16 21 0.03318481 
405 200 18 23 0.03315365 
367 201 7 10 0.033105344 
164 433 14 16 0.033077773 
369 245 8 11 0.032953683 
154 378 15 18 0.032838456 
259 365 20 26 0.03275718 
910 294 9 12 0.032680742 
46 280 7 10 0.032579422 
445 228 9 12 0.03256019 
417 332 13 15 0.03253496 
659 219 14 17 0.03252611 
41 405 20 27 0.03248756 
770 222 17 22 0.032458976 
28 300 10 13 0.03245776 
16 333 13 16 0.032430086 
549 365 13 18 0.03236589 
55 341 13 17 0.032347865 
201 214 8 9 0.032238793 
54 287 9 10 0.03223412 
37 338 13 18 0.0321914 
794 266 15 18 0.03211053 
690 213 13 16 0.03207954 
414 494 23 26 0.031966254 
240 280 9 11 0.031925637 
952 299 10 13 0.031904366 
650 284 14 17 0.031902213 
562 182 8 10 0.031901892 
255 276 9 11 0.031870384 
422 292 10 13 0.031723257 
278 318 12 16 0.031685177 
598 261 12 14 0.03157772 
956 221 12 14 0.031562198 
465 420 16 20 0.031486582 
473 223 8 11 0.031480916 
23 280 8 10 0.031471018 
64 287 9 11 0.031467818 
77 257 9 12 0.03146619 
566 212 9 11 0.031384032 
401 207 8 10 0.03138346 
148 335 12 15 0.031362627 
338 199 6 8 0.031297415 
461 491 27 35 0.031280342 
319 230 7 9 0.03124535 
160 221 8 10 0.0312174 
880 356 12 15 0.031217277 
139 286 10 13 0.031157698 
507 348 13 16 0.03111715 
242 207 7 9 0.031105248 
215 359 17 21 0.031075057 
387 418 16 19 0.030954441 
97 232 7 9 0.030949268 
220 294 10 13 0.030943785 
152 236 8 11 0.030915758 
903 245 10 13 0.030900517 
159 215 8 10 0.030825164 
186 419 20 25 0.030822791 
305 210 7 8 0.030751694 
138 270 10 11 0.030724812 
647 548 27 25 0.030678125 
712 336 18 22 0.030624174 
374 297 11 14 0.0305569 
812 365 13 17 0.030338652 
904 215 10 13 0.030299025 
376 377 18 22 0.030296726 
254 233 7 9 0.030262183 
300 304 11 13 0.030257378 
758 211 12 16 0.030247632 
263 270 8 10 0.030209536 
584 272 12 15 0.030165868 
644 323 12 14 0.030156557 
958 232 17 23 0.030133305 
53 304 12 15 0.030036928 
130 478 16 19 0.030010039 
910 284 10 12 0.029963192 
34 371 19 24 0.029914547 
294 432 23 30 0.029863613 
349 400 19 23 0.029854964 
622 245 10 14 0.029756654 
607 199 10 12 0.029743087 
64 255 8 10 0.029728353 
81 221 8 10 0.029703971 
782 205 11 14 0.029703537 
281 301 9 12 0.029689882 
102 341 13 15 0.029686857 
820 277 10 13 0.029620305 
295 303 11 14 0.029614152 
855 349 10 13 0.029608823 
161 421 15 17 0.029587382 
199 302 10 13 0.0295711 
488 327 10 13 0.029461239 
431 351 13 16 0.029394269 
217 347 17 20 0.029291952 
225 239 7 10 0.029212713 
129 279 9 12 0.029180238 
1014 190 8 12 0.02916807 
3 355 15 18 0.029154364 
356 347 12 16 0.029120598 
545 290 13 16 0.02910532 
792 447 22 26 0.029092751 
53 404 16 21 0.029065493 
148 263 10 12 0.029013712 
722 250 15 18 0.029006528 
365 502 23 31 0.028902 
182 286 8 11 0.028894914 
166 350 12 15 0.028793074 
208 288 9 11 0.028752264 
471 258 12 14 0.028731598 
108 457 15 20 0.028728116 
118 544 14 19 0.028689843 
383 275 16 21 0.028631888 
855 534 25 30 0.028606987 
117 332 12 16 0.028601116 
65 232 8 10 0.028600015 
774 353 16 21 0.0285682 
750 384 15 20 0.028469158 
362 388 21 26 0.028462747 
448 201 8 10 0.028462088 
825 489 16 19 0.028458346 
62 263 7 9 0.028427878 
440 223 9 10 0.028396819 
653 360 16 20 0.028365199 
513 199 7 9 0.028355716 
851 360 13 16 0.028296815 
583 176 8 10 0.028291428 
63 385 14 18 0.028268808 
153 284 9 12 0.028261986 
516 386 14 21 0.028224178 
533 253 10 14 0.028216632 
459 303 12 15 0.028172895 
751 198 18 23 0.02816365 
148 386 17 20 0.02810807 
115 412 20 26 0.02809934 
1 284 9 13 0.028056616 
102 239 8 9 0.028037483 
757 361 14 19 0.028032806 
564 260 11 13 0.028015593 
416 215 8 10 0.028013356 
880 349 10 14 0.027984036 
655 377 15 19 0.02797593 
409 310 13 16 0.027938666 
526 345 13 17 0.02784981 
160 208 7 9 0.027820759 
140 511 15 20 0.027789691 
999 217 10 13 0.027769271 
382 294 10 13 0.027768651 
496 207 9 11 0.027762963 
447 221 9 11 0.027762821 
286 301 10 13 0.027734919 
764 438 18 22 0.027729616 
487 232 9 10 0.02772013 
368 401 23 27 0.027689114 
430 229 9 11 0.02767296 
539 346 14 17 0.027631275 
81 216 7 8 0.027586304 
125 329 13 16 0.02758605 
37 312 11 13 0.027573483 
239 270 9 10 0.027521923 
404 368 13 19 0.02751178 
304 238 7 9 0.027504914 
121 475 12 17 0.027480425 
558 203 17 22 0.027439509 
720 211 13 16 0.02742998 
267 339 13 16 0.027424842 
542 279 12 15 0.02742186 
478 261 11 14 0.027415276 
899 386 16 20 0.027399683 
6 262 8 10 0.027372641 
416 338 12 16 0.027366651 
108 398 16 21 0.0272822 
183 303 9 11 0.027275383 
43 387 21 25 0.02725794 
327 284 9 12 0.027241768 
897 279 9 12 0.02723516 
1001 290 11 14 0.027234517 
105 496 16 21 0.0272073 
693 254 15 18 0.027125582 
917 221 11 14 0.027123429 
666 378 13 17 0.027120488 
262 282 17 22 0.027033133 
413 253 11 13 0.027011331 
472 270 10 12 0.026980368 
151 248 8 10 0.026975906 
173 261 8 11 0.02694423 
2 279 8 11 0.026891427 
379 363 15 19 0.026866889 
266 247 8 10 0.026843209 
495 199 8 9 0.02676512 
63 325 11 13 0.026755964 
361 245 7 10 0.02671507 
876 260 12 15 0.026713585 
92 341 13 16 0.026618106 
367 255 9 11 0.026609972 
502 299 11 13 0.026536645 
319 289 10 11 0.0265008 
948 292 11 15 0.026498532 
549 274 13 16 0.026466291 
59 300 10 14 0.026452042 
413 321 14 16 0.026436474 
352 215 6 9 0.026413992 
636 487 21 27 0.026399212 
481 199 7 9 0.02639405 
804 281 13 16 0.026365817 
251 323 13 16 0.026339604 
477 317 13 15 0.026327725 
639 284 19 22 0.026249638 
79 414 16 22 0.026248692 
226 255 7 10 0.026217863 
458 230 8 12 0.026203526 
444 299 12 14 0.026193857 
210 237 7 10 0.026121013 
872 261 10 12 0.026044218 
203 505 25 31 0.026030509 
834 215 11 15 0.02599813 
580 316 12 16 0.025976568 
373 470 26 30 0.025974758 
333 286 9 11 0.025959501 
977 213 14 17 0.025938615 
379 333 13 18 0.025912905 
409 285 10 13 0.025874047 
247 279 9 11 0.025784055 
230 239 8 10 0.025781665 
494 298 12 14 0.025743248 
397 394 14 18 0.025667634 
301 383 18 24 0.025638623 
60 334 14 16 0.025603045 
535 200 7 10 0.025579821 
815 349 11 14 0.025567777 
234 346 14 18 0.025510225 
871 367 12 16 0.025500009 
845 474 22 27 0.025487272 
631 332 15 17 0.02544323 
626 390 16 21 0.025438525 
805 455 16 22 0.025420131 
214 342 13 16 0.025414206 
949 409 16 19 0.025406621 
24 271 8 10 0.025392635 
184 277 9 11 0.025371654 
123 422 20 25 0.025345359 
412 469 19 23 0.025338646 
279 225 7 8 0.025302717 
416 240 9 11 0.025262957 
748 210 12 16 0.025227355 
895 206 9 11 0.025177028 
584 214 10 12 0.025172906 
891 389 14 16 0.025168298 
564 253 11 13 0.025136448 
517 317 11 14 0.025112158 
369 315 13 17 0.025076091 
312 224 6 8 0.025075369 
823 494 24 30 0.025052639 
223 272 8 10 0.025004985 
1004 297 16 20 0.0249993 
478 498 14 17 0.02496124 
550 476 26 32 0.024931425 
694 474 15 18 0.024929933 
398 240 8 10 0.024926987 
937 232 18 22 0.024885047 
133 333 12 15 0.024847848 
866 412 22 24 0.024828758 
76 527 17 21 0.024819605 
106 439 15 20 0.024771439 
338 562 16 16 0.024727708 
678 380 14 18 0.024708165 
310 256 8 10 0.024666937 
676 369 15 18 0.024642516 
462 246 9 12 0.024616124 
374 488 18 21 0.024614176 
408 276 11 12 0.024613434 
418 356 18 23 0.024612471 
642 333 12 16 0.02460797 
151 231 9 12 0.02459368 
13 417 13 18 0.02457452 
313 174 9 11 0.024471503 
167 309 10 14 0.02443102 
214 257 8 10 0.024396712 
191 430 22 26 0.02437816 
178 198 7 9 0.024365468 
638 324 14 17 0.024333157 
307 318 12 15 0.02432594 
209 230 8 10 0.024310071 
296 239 6 8 0.024305299 
823 356 12 15 0.02417634 
975 209 10 14 0.024145044 
926 172 8 10 0.024106683 
495 310 11 14 0.024058793 
224 321 11 15 0.024043033 
776 217 18 22 0.024034593 
279 308 11 15 0.023999367 
656 174 10 12 0.023979392 
655 261 11 14 0.023959806 
163 450 14 18 0.023949493 
884 400 22 24 0.023898253 
939 335 15 20 0.02388556 
918 198 8 10 0.023871733 
790 260 13 17 0.023855016 
133 322 11 16 0.023846045 
239 263 7 9 0.023836594 
424 192 7 9 0.023820732 
431 239 8 11 0.023816269 
287 308 11 16 0.023756882 
405 386 14 18 0.023755101 
503 492 24 27 0.023731751 
617 367 19 24 0.023716902 
0 551 9 14 0.023714436 
231 333 11 15 0.023703614 
763 353 15 20 0.023653919 
892 214 10 14 0.023630181 
446 203 16 22 0.023624819 
149 391 21 25 0.023603715 
393 218 8 11 0.02354695 
966 531 29 35 0.0235385 
334 294 10 13 0.023531739 
266 239 8 9 0.023519421 
232 260 8 10 0.023517478 
73 315 13 15 0.023502285 
565 235 10 12 0.023501934 
320 247 7 9 0.0234822 
240 231 6 8 0.02347764 
965 462 16 22 0.023461249 
105 221 8 10 0.023453226 
622 511 22 28 0.023450637 
224 225 8 9 0.023426654 
100 295 10 11 0.02341514 
96 499 23 29 0.023400066 
489 493 24 29 0.02339264 
903 230 10 14 0.023386333 
902 292 11 14 0.02337772 
416 221 8 11 0.023349172 
344 222 7 10 0.023316821 
359 256 8 11 0.023276813 
829 207 12 15 0.023248801 
399 246 8 10 0.023204844 
929 465 29 40 0.023098119 
877 365 13 18 0.023064105 
670 189 8 11 0.023054399 
389 395 13 17 0.02304248 
949 208 11 13 0.022999756 
1 483 11 16 0.022997867 
444 287 12 15 0.022977803 
747 365 20 25 0.022962205 
69 246 9 10 0.022941813 
902 261 10 12 0.022915708 
191 200 8 9 0.022903528 
241 469 26 35 0.022755846 
449 263 10 13 0.0227455 
2 419 15 21 0.022742325 
133 458 24 28 0.022696778 
983 399 14 18 0.022692338 
510 192 7 8 0.022638423 
90 525 17 20 0.022606418 
488 193 7 9 0.022592116 
820 348 13 16 0.022588432 
160 492 28 34 0.02255047 
491 335 18 23 0.022487676 
263 302 11 14 0.022470498 
956 385 16 20 0.022470472 
177 428 23 25 0.02246158 
193 415 17 22 0.022379264 
230 230 8 10 0.022351675 
644 393 13 17 0.022301003 
27 364 14 19 0.02229328 
352 208 6 9 0.022281459 
129 280 18 22 0.022267206 
475 390 14 18 0.022240588 
937 326 11 15 0.022238389 
491 546 27 30 0.02223335 
349 243 10 12 0.0221473 
320 239 6 9 0.02213809 
64 319 9 11 0.022129193 
575 182 9 10 0.022120815 
313 299 10 13 0.022074427 
52 554 17 19 0.022062799 
233 247 7 9 0.022061339 
215 224 8 9 0.022039898 
745 205 10 13 0.022039888 
314 198 8 9 0.02202172 
497 437 25 30 0.022009602 
664 510 27 32 0.02198375 
320 254 9 11 0.021977082 
573 228 9 11 0.021974329 
782 293 13 17 0.021947969 
306 278 19 24 0.021917889 
615 201 10 13 0.021814644 
711 282 14 18 0.02173547 
72 269 9 10 0.021732854 
93 540 14 18 0.021722885 
777 544 30 31 0.021693612 
413 200 8 11 0.021679891 
101 396 14 19 0.021677503 
366 259 18 23 0.021643214 
201 190 8 10 0.021642536 
0 532 11 17 0.021518998 
471 201 7 9 0.02151781 
112 246 8 10 0.021499557 
125 271 8 10 0.021496138 
383 221 7 10 0.021495275 
519 394 16 20 0.021483675 
903 284 11 14 0.021481179 
510 480 24 26 0.021478774 
253 304 11 13 0.021452721 
24 318 12 14 0.02145071 
400 253 9 12 0.021447804 
453 482 17 23 0.021442542 
198 256 7 9 0.021424536 
317 289 18 23 0.021411996 
428 430 24 30 0.021384768 
574 253 10 12 0.02137723 
910 206 10 12 0.02136732 
37 366 13 16 0.021322712 
159 272 9 10 0.02127867 
43 316 11 14 0.021274475 
450 433 23 31 0.021273896 
357 338 13 18 0.021261353 
175 304 9 11 0.021220893 
365 334 15 19 0.021204159 
671 265 15 19 0.021201422 
906 471 23 29 0.021193555 
184 263 8 10 0.02119032 
343 287 10 12 0.021177823 
433 194 6 8 0.021157056 
534 258 11 15 0.021101052 
869 356 10 15 0.021100447 
520 201 8 10 0.021084003 
448 411 14 19 0.021062274 
559 294 11 14 0.021015737 
670 199 9 12 0.020996906 
864 284 12 15 0.02099667 
963 337 16 19 0.020995945 
258 261 8 10 0.020975027 
545 464 24 32 0.020961136 
389 296 18 24 0.020937335 
762 218 11 16 0.020911952 
343 275 11 12 0.020892484 
248 271 9 10 0.020889344 
425 228 10 12 0.020889169 
862 195 10 13 0.020873394 
640 206 11 14 0.02083199 
199 232 7 9 0.020821493 
369 213 8 10 0.02081257 
352 272 19 25 0.020795928 
518 510 25 31 0.02078423 
567 201 8 10 0.020776307 
191 291 9 11 0.020739991 
431 323 12 17 0.020706894 
731 285 14 19 0.020695072 
337 224 8 9 0.020664627 
106 271 8 10 0.020660484 
401 200 7 9 0.02061387 
476 493 24 32 0.02059894 
209 257 8 10 0.020574559 
518 201 18 23 0.020535594 
428 193 19 25 0.020535253 
121 362 12 17 0.020530373 
118 443 14 18 0.020508772 
336 232 7 9 0.020491522 
267 351 15 19 0.02049087 
98 237 8 11 0.020442698 
499 338 12 15 0.02042968 
226 214 7 9 0.020425009 
158 351 10 14 0.020408351 
741 531 24 28 0.020402005 
77 363 13 16 0.020330882 
185 244 9 11 0.020325959 
538 182 8 10 0.020316888 
424 210 16 22 0.020308156 
783 453 23 28 0.020295333 
999 300 13 17 0.020268615 
290 238 7 9 0.020261541 
522 546 27 32 0.02025989 
101 332 12 14 0.020250281 
28 356 12 16 0.020249477 
91 531 25 30 0.020219997 
99 318 20 23 0.020199131 
63 415 18 21 0.020156918 
600 177 10 11 0.020151824 
158 237 8 10 0.020150354 
715 439 23 28 0.020083146 
617 508 17 21 0.020058665 
636 355 16 19 0.020032022 
628 473 17 21 0.020026557 
0 413 10 17 0.020000923 
