25_Soldier_Patrol_Soldier_Patrol_25_614
56
289 112 16 22 0.099155344 
571 250 384 454 0.07109178 
779 150 19 21 0.06464337 
347 186 421 456 0.06218488 
857 109 10 13 0.05721264 
105 219 13 15 0.054929912 
821 144 14 18 0.052678138 
300 112 13 20 0.051420905 
109 199 50 73 0.050124332 
369 279 46 51 0.04944247 
276 148 11 13 0.047759134 
293 217 24 26 0.04562228 
800 125 26 30 0.04532838 
325 220 27 31 0.04328534 
311 188 22 31 0.042000134 
339 399 47 49 0.040764224 
213 322 49 46 0.039158173 
317 217 24 30 0.03891776 
394 301 166 174 0.03876942 
378 286 28 31 0.037427094 
760 451 50 68 0.036709562 
560 381 213 281 0.033407368 
831 123 10 12 0.032965496 
428 256 242 245 0.032543696 
384 282 17 18 0.0317703 
824 104 9 10 0.030086447 
140 1 27 29 0.029528342 
252 76 25 39 0.028223552 
935 127 10 11 0.026977528 
221 247 11 12 0.026919525 
516 144 424 344 0.026853206 
778 133 26 30 0.026637888 
115 483 62 76 0.026204009 
278 70 27 35 0.025259303 
311 91 13 19 0.025083194 
981 406 43 78 0.024822814 
323 327 13 16 0.024531176 
267 227 17 19 0.024279913 
316 88 14 17 0.023980577 
262 65 29 39 0.023306865 
846 110 10 11 0.023124568 
641 372 30 32 0.022959556 
302 335 31 40 0.022889314 
261 96 14 18 0.022480587 
127 214 11 14 0.022396332 
325 92 9 12 0.022383394 
133 188 17 22 0.021937748 
841 110 10 11 0.02177261 
278 101 27 36 0.020889034 
231 224 26 31 0.02085137 
125 220 12 14 0.020784147 
191 238 14 17 0.02066555 
260 57 45 64 0.020544851 
290 90 14 16 0.020528527 
285 80 15 21 0.020316593 
819 181 32 34 0.020159278 
