25_Soldier_Patrol_Soldier_Patrol_25_761
76
686 90 46 52 0.9918194 
800 88 54 64 0.9890176 
312 69 44 49 0.9864429 
492 104 42 47 0.97824186 
165 66 42 48 0.9683031 
158 145 38 46 0.38324848 
327 181 29 33 0.20264857 
436 596 11 13 0.10577805 
407 622 8 11 0.09368183 
838 161 60 76 0.092013106 
264 494 27 26 0.087582 
990 348 35 45 0.072584786 
872 387 30 31 0.06937544 
332 190 36 35 0.067604125 
970 348 38 51 0.052232247 
446 591 9 12 0.0503784 
996 397 29 49 0.048658963 
432 603 10 13 0.048306763 
418 190 24 29 0.04755903 
985 111 9 12 0.045939613 
762 186 35 41 0.04461746 
420 598 11 13 0.044207595 
393 87 10 12 0.042704437 
431 625 11 13 0.042632993 
364 530 22 26 0.042178467 
316 610 25 30 0.04116175 
835 87 49 59 0.040558018 
743 232 27 32 0.040454764 
20 581 17 21 0.039078254 
849 374 44 47 0.038862556 
413 623 9 11 0.038356904 
439 606 10 13 0.037702374 
390 614 9 10 0.036354356 
958 79 8 11 0.03565926 
416 629 9 11 0.0348964 
399 629 10 11 0.034329083 
275 210 12 17 0.033102173 
433 593 10 12 0.032793514 
432 613 11 13 0.032077223 
990 111 11 14 0.031930014 
1000 74 19 29 0.031856038 
391 336 13 19 0.031847168 
441 121 8 10 0.031589054 
401 623 10 13 0.031084523 
438 624 11 13 0.030799396 
404 119 9 12 0.030644085 
415 613 10 13 0.030382462 
417 170 27 31 0.030237446 
828 1 24 28 0.029837279 
326 619 26 27 0.029663177 
421 612 11 13 0.029468168 
864 93 42 53 0.029068494 
5 503 12 19 0.028942492 
786 66 47 68 0.028604487 
445 607 9 12 0.02768233 
844 123 55 69 0.027030397 
420 592 10 11 0.026746128 
388 661 11 14 0.02577244 
257 120 8 10 0.025723325 
423 629 11 12 0.025348568 
143 129 34 56 0.02521563 
298 505 14 18 0.024995148 
348 162 42 50 0.024787877 
381 621 11 13 0.024693014 
994 104 25 31 0.024525408 
384 614 10 13 0.02425124 
422 187 13 16 0.02384965 
248 88 9 10 0.023744522 
907 416 31 38 0.023153346 
928 80 8 11 0.022709988 
403 203 11 14 0.022584358 
958 4 13 13 0.022025637 
299 576 24 32 0.021116178 
432 589 20 24 0.021015728 
308 170 42 57 0.020608122 
0 496 21 32 0.020291617 
