25_Soldier_Patrol_Soldier_Patrol_25_1026
55
204 219 47 57 0.94475937 
636 130 11 15 0.8963914 
577 231 24 31 0.6669947 
530 135 15 20 0.46104637 
580 141 10 14 0.21110517 
656 310 12 14 0.12566394 
606 126 9 11 0.11636741 
419 246 16 20 0.07342727 
545 330 12 17 0.06306375 
576 144 11 14 0.0581456 
604 119 10 13 0.053509947 
583 137 10 12 0.048832476 
517 149 12 17 0.048177604 
601 123 11 14 0.04567883 
607 132 9 12 0.044932015 
879 441 17 18 0.043597635 
30 214 8 10 0.042668093 
411 234 24 36 0.042628463 
531 361 12 12 0.041640226 
202 191 57 57 0.041102488 
525 142 17 24 0.037349943 
633 154 23 29 0.037299585 
0 180 25 41 0.03662351 
588 141 10 12 0.03628118 
345 215 10 12 0.035549223 
589 135 9 11 0.03508342 
606 341 9 13 0.03388589 
653 302 20 25 0.03353682 
584 255 46 57 0.030056335 
352 238 9 12 0.030038074 
667 299 11 15 0.029927202 
644 156 15 19 0.028834248 
600 142 9 11 0.027618071 
762 191 7 9 0.026459796 
25 213 9 12 0.02611459 
1 388 10 14 0.025984583 
640 189 11 13 0.025583217 
600 133 10 12 0.024132393 
377 217 15 16 0.023794811 
606 139 10 13 0.023145562 
590 150 8 11 0.022597514 
0 250 9 15 0.022517916 
3 397 12 14 0.022300737 
591 116 10 13 0.021976667 
766 192 7 8 0.02163 
39 213 8 10 0.02156494 
917 82 103 137 0.021377102 
273 182 97 134 0.020948682 
4 403 13 15 0.020917451 
538 138 12 17 0.020902732 
349 220 8 11 0.020621149 
606 112 9 12 0.020204486 
669 307 11 15 0.020168006 
15 319 106 137 0.020142093 
506 292 9 12 0.020074582 
