25_Soldier_Patrol_Soldier_Patrol_25_873
112
489 134 41 46 0.9927786 
412 142 32 34 0.9904855 
746 109 26 27 0.98841304 
231 190 22 23 0.8512435 
104 206 13 15 0.5271888 
452 201 28 32 0.35515654 
38 450 132 104 0.31572896 
66 214 9 12 0.3066906 
329 180 15 17 0.29493615 
388 178 22 28 0.17201509 
781 -1 181 131 0.16873439 
142 220 13 17 0.16053253 
46 230 10 12 0.15689166 
570 140 31 37 0.14151475 
92 191 9 11 0.13589297 
479 82 17 22 0.111787744 
408 228 27 31 0.09317459 
87 240 8 10 0.086845666 
464 306 16 20 0.0786165 
438 210 28 35 0.07436125 
74 476 149 98 0.071178615 
549 143 24 30 0.06974412 
326 242 12 14 0.06435654 
292 169 11 16 0.06362157 
741 211 14 18 0.062083002 
226 200 24 27 0.06201519 
473 238 16 25 0.061817966 
221 197 11 15 0.056511052 
515 253 17 22 0.04914951 
288 162 14 19 0.04826814 
727 3 57 61 0.048111826 
823 201 12 15 0.04747984 
212 292 17 20 0.045074195 
217 193 8 11 0.04501891 
698 113 21 27 0.043033734 
457 23 90 132 0.04284104 
451 325 11 14 0.042695295 
468 75 26 34 0.042567905 
750 199 11 14 0.041974105 
107 220 11 13 0.041521266 
78 213 9 11 0.040154 
68 218 11 13 0.04003075 
343 194 16 19 0.03921728 
280 198 9 11 0.039116092 
459 244 27 32 0.036637552 
125 226 9 12 0.036566433 
539 111 15 21 0.03626765 
117 206 10 13 0.035949294 
356 201 16 18 0.035945017 
217 206 24 28 0.034510985 
47 295 11 14 0.034391098 
52 230 9 12 0.03321841 
954 223 48 63 0.033003215 
78 223 9 11 0.032397833 
20 199 12 13 0.032273978 
229 175 10 12 0.03223445 
252 193 10 16 0.032067854 
108 200 12 14 0.031434357 
4 524 37 42 0.031034146 
228 548 34 26 0.03086608 
207 220 10 13 0.0297296 
79 207 9 12 0.029708004 
481 284 27 34 0.029352292 
126 282 14 16 0.029267417 
418 158 28 33 0.02890313 
197 236 13 16 0.028752545 
527 102 27 35 0.028377362 
713 188 16 20 0.027733749 
468 173 18 22 0.027650628 
145 214 14 16 0.027246932 
773 212 11 15 0.02715348 
346 192 22 26 0.026959844 
79 229 8 9 0.026894756 
676 83 15 20 0.026803024 
285 143 10 12 0.026776101 
958 234 27 39 0.02645036 
751 239 12 14 0.026214145 
286 148 12 13 0.025928883 
420 222 27 32 0.02579035 
138 221 10 14 0.025557453 
288 262 11 16 0.025007669 
215 203 14 16 0.024807997 
395 175 14 17 0.024796119 
599 258 15 21 0.024573624 
459 214 31 36 0.024461847 
526 276 14 17 0.024302365 
96 223 10 12 0.024095835 
781 197 11 14 0.024093458 
64 210 9 11 0.023290131 
488 93 52 70 0.02318232 
62 209 17 22 0.022857537 
100 477 14 16 0.022829361 
25 252 8 12 0.022604164 
242 182 15 19 0.022447148 
142 233 11 15 0.02240968 
71 278 8 11 0.022186793 
363 198 16 18 0.022168057 
463 64 52 68 0.022096952 
445 309 11 14 0.022016946 
45 246 9 10 0.02189821 
220 221 17 21 0.021699341 
82 239 9 10 0.021680372 
830 17 94 61 0.021613467 
493 39 62 83 0.021485314 
213 212 14 19 0.021254836 
325 174 16 19 0.021087369 
112 189 9 11 0.02106424 
372 259 16 18 0.02105764 
157 501 33 34 0.02102587 
33 262 9 11 0.020599091 
480 240 16 21 0.020343972 
787 278 14 14 0.020157207 
