25_Soldier_Patrol_Soldier_Patrol_25_121
389
683 87 64 74 0.99874336 
190 84 9 12 0.54364246 
228 194 14 17 0.39211795 
123 157 14 17 0.35766625 
251 142 12 16 0.2752562 
158 72 9 11 0.22978191 
309 92 11 12 0.22002168 
205 208 13 16 0.20049188 
254 115 10 14 0.18546696 
292 35 10 13 0.17878307 
113 179 16 18 0.1773359 
142 71 9 11 0.16840015 
158 93 9 10 0.16498534 
238 60 8 10 0.16181539 
239 13 8 10 0.16073903 
173 222 15 20 0.134073 
265 95 8 12 0.13370356 
233 56 9 11 0.12895916 
303 14 10 12 0.1263371 
199 86 9 11 0.12457812 
113 102 10 12 0.11873861 
292 78 9 12 0.11771245 
229 165 10 13 0.11686895 
201 190 12 15 0.116357684 
173 84 9 11 0.11627969 
191 171 12 15 0.1156115 
249 109 9 13 0.10896509 
152 86 9 11 0.10644577 
216 69 10 12 0.1054393 
141 94 9 11 0.104767196 
161 111 10 12 0.1038205 
223 31 8 9 0.10198809 
216 77 10 13 0.10122073 
126 187 12 16 0.099436395 
165 103 9 12 0.09682089 
168 78 10 12 0.096789 
256 71 9 11 0.09525438 
232 93 9 12 0.09116999 
136 197 13 15 0.09065389 
288 30 10 13 0.09020323 
172 210 22 27 0.08958266 
143 102 10 12 0.08880999 
173 79 8 11 0.08761588 
242 31 7 9 0.084339 
257 13 8 10 0.08406697 
191 63 8 10 0.08214146 
100 139 15 19 0.07946779 
293 7 10 10 0.078695975 
568 264 61 59 0.07837799 
263 87 8 11 0.078075096 
209 16 7 10 0.07761042 
148 251 17 21 0.07730867 
646 390 17 21 0.0770418 
302 19 8 11 0.07694176 
183 186 14 16 0.07682948 
220 63 10 12 0.076310664 
223 94 9 12 0.0753656 
221 135 9 11 0.075238764 
193 31 8 10 0.075020626 
220 69 10 12 0.07495907 
215 46 9 11 0.073373646 
351 319 8 10 0.07232372 
192 53 8 10 0.072019234 
216 39 8 10 0.071565896 
198 31 8 10 0.070640445 
129 61 8 10 0.07047712 
258 45 9 11 0.07022437 
204 86 9 11 0.07010259 
246 127 10 12 0.069955476 
135 88 9 10 0.06948071 
132 125 13 16 0.06910647 
304 6 10 12 0.068273455 
216 8 8 9 0.066849746 
246 31 7 10 0.06649394 
177 205 16 20 0.0663898 
258 38 8 11 0.06578099 
238 8 9 10 0.0654985 
288 70 8 9 0.0653695 
245 38 8 10 0.06481659 
198 0 8 8 0.064751916 
117 95 8 10 0.06468184 
224 14 7 9 0.06457138 
290 8 8 9 0.06378928 
248 134 10 13 0.06355053 
357 81 11 12 0.06351256 
53 125 27 30 0.06192904 
207 64 9 11 0.061391182 
233 15 8 9 0.060422696 
7 267 25 32 0.060291402 
185 81 9 12 0.060026642 
149 109 10 12 0.059978675 
222 100 9 12 0.05973122 
177 45 9 11 0.059390865 
302 0 9 9 0.05898836 
120 72 9 11 0.058809236 
92 122 11 15 0.058618594 
656 98 35 42 0.058546055 
165 45 8 11 0.05823353 
216 23 7 9 0.05803835 
171 169 11 15 0.057992 
296 15 10 11 0.05798991 
222 87 10 12 0.05783566 
268 101 10 11 0.05750581 
279 16 9 11 0.05731293 
308 13 9 11 0.057216935 
181 39 9 11 0.05715638 
167 225 14 18 0.05680611 
256 6 10 12 0.056517564 
14 446 11 14 0.0548315 
306 87 10 13 0.054661024 
167 72 8 10 0.054554127 
286 22 9 11 0.054536495 
609 466 30 34 0.05430147 
127 104 7 9 0.054168962 
154 30 7 9 0.053734843 
128 85 9 12 0.05330218 
160 39 8 9 0.052811075 
217 31 8 10 0.052575476 
195 79 14 15 0.0524108 
238 164 9 12 0.052178014 
238 127 8 11 0.05205184 
200 91 10 12 0.051286664 
167 22 6 9 0.051269576 
149 119 10 12 0.05125538 
209 68 10 12 0.051110603 
153 70 9 11 0.050754804 
146 194 15 18 0.050465178 
283 141 11 15 0.05038821 
344 0 12 11 0.050355706 
352 272 9 10 0.050119393 
298 20 8 11 0.049434632 
125 71 9 10 0.049370967 
223 191 13 16 0.049169548 
247 55 7 10 0.049042173 
113 88 8 11 0.0482804 
165 40 8 10 0.048135646 
139 147 11 14 0.048065927 
138 93 8 10 0.047953177 
280 302 9 11 0.047719564 
261 2 10 10 0.04755542 
208 21 7 10 0.04744807 
207 163 10 12 0.04737516 
160 23 8 10 0.0473138 
178 31 8 10 0.04715887 
253 181 10 12 0.047001082 
74 194 13 18 0.046770878 
142 88 8 10 0.046695147 
95 145 15 18 0.046399362 
133 56 8 10 0.0463354 
197 134 10 13 0.046333022 
223 37 8 9 0.04615725 
236 101 10 14 0.04606989 
138 72 8 10 0.04596759 
153 255 17 21 0.04587583 
112 192 13 18 0.0455798 
230 159 11 14 0.045308936 
153 92 10 12 0.045274153 
104 134 13 17 0.044547763 
270 37 7 10 0.04430796 
235 95 10 12 0.04412144 
190 69 11 12 0.043982275 
27 597 20 23 0.04380174 
223 24 7 9 0.04306811 
279 65 9 11 0.043017697 
230 88 10 12 0.043011807 
216 15 7 9 0.042926397 
246 153 14 17 0.042255584 
213 183 9 11 0.04219719 
234 126 9 11 0.042121075 
129 155 14 17 0.041965727 
216 143 9 12 0.041876413 
373 283 12 14 0.04179385 
222 8 8 10 0.04136718 
126 78 9 11 0.041164443 
247 6 8 10 0.04083153 
173 70 9 11 0.03989394 
142 124 11 13 0.03967238 
287 13 9 11 0.039313976 
240 143 9 11 0.039300114 
204 195 12 13 0.039291725 
794 122 39 48 0.038840964 
200 23 8 10 0.038806744 
155 149 11 14 0.038620275 
342 84 11 15 0.038473308 
269 95 10 12 0.038459845 
196 167 11 13 0.038200885 
102 38 9 12 0.037286818 
130 189 13 16 0.03713304 
707 43 13 15 0.03705052 
257 1 9 10 0.036972146 
166 116 10 12 0.036954302 
184 24 8 10 0.036804322 
199 48 7 10 0.03680263 
224 107 11 14 0.03680017 
209 7 7 8 0.0362437 
254 64 9 11 0.036152862 
320 0 11 9 0.0360428 
255 30 9 12 0.03573782 
88 38 7 9 0.035640705 
183 63 9 10 0.03534901 
131 176 14 18 0.03531497 
256 24 7 10 0.035209127 
94 78 13 14 0.035196662 
191 24 8 9 0.035189025 
6 114 14 19 0.035153855 
203 116 12 13 0.03507794 
220 140 10 12 0.035036154 
234 8 9 10 0.034847513 
237 133 10 12 0.03472559 
101 204 14 19 0.034722358 
252 136 12 14 0.034299392 
262 153 13 17 0.034292858 
209 149 8 11 0.034248468 
119 88 8 10 0.034056656 
304 167 8 12 0.034006346 
182 31 9 10 0.033794068 
215 148 9 12 0.033495516 
319 279 8 9 0.032943368 
247 24 7 9 0.032891046 
211 272 25 33 0.032811847 
240 70 8 10 0.032526746 
726 242 23 30 0.032349672 
10 109 13 16 0.032329306 
93 191 11 15 0.031971052 
213 189 10 13 0.0317336 
184 54 7 9 0.03163454 
277 174 11 14 0.031554457 
15 524 11 14 0.03152209 
278 294 12 13 0.031479064 
200 62 8 11 0.03137785 
261 70 8 11 0.03135383 
138 277 13 16 0.031298324 
247 70 9 11 0.031256385 
278 136 12 14 0.03117137 
135 77 9 11 0.030917786 
350 84 15 16 0.030811599 
143 40 7 8 0.030795082 
644 424 25 33 0.030521357 
104 180 13 16 0.030483518 
231 79 9 11 0.030482763 
148 200 16 19 0.030467914 
86 117 13 17 0.030386638 
234 384 16 20 0.03038661 
186 177 15 18 0.030312698 
247 86 11 13 0.03017507 
239 45 9 11 0.030076437 
19 317 16 20 0.029990055 
209 47 8 10 0.029927172 
147 103 11 14 0.029841779 
153 77 9 11 0.029778315 
231 150 9 11 0.029704506 
224 170 12 14 0.029597862 
230 368 26 32 0.029527904 
198 53 7 9 0.029445874 
181 45 9 12 0.029359177 
620 433 28 36 0.029210139 
180 194 14 16 0.02915639 
158 31 7 9 0.028992577 
207 184 11 13 0.028989285 
366 235 11 12 0.028464183 
356 271 9 11 0.028330168 
168 138 11 15 0.028324796 
218 95 9 12 0.028230404 
38 248 15 18 0.028198475 
133 110 9 11 0.028142603 
129 109 9 11 0.028016724 
288 181 8 12 0.027889315 
209 39 6 9 0.02771668 
96 22 8 10 0.02753241 
2 607 49 71 0.027289575 
593 244 57 55 0.02722469 
190 246 25 31 0.02722404 
246 62 8 11 0.027173491 
156 631 29 37 0.027148144 
262 37 10 12 0.027093658 
174 118 11 14 0.026976937 
175 64 10 11 0.026956618 
121 39 7 9 0.026935449 
151 14 8 10 0.026920678 
177 53 8 9 0.026895193 
263 167 10 13 0.02687348 
173 92 10 12 0.026774755 
273 21 8 11 0.026756234 
199 36 7 10 0.026578275 
152 64 8 10 0.02654334 
49 264 25 33 0.026506877 
232 119 9 12 0.026387503 
131 118 12 14 0.026328411 
117 107 8 12 0.026327886 
165 94 10 12 0.026233502 
282 29 9 11 0.026168412 
-1 574 79 113 0.026123282 
127 40 7 8 0.026111405 
281 7 7 9 0.025911095 
105 176 21 25 0.025844859 
155 204 15 18 0.025818758 
274 15 8 11 0.02581532 
193 1 9 9 0.025775988 
139 232 26 31 0.025709458 
192 140 11 15 0.02561835 
304 100 11 13 0.02554612 
183 167 11 14 0.025541054 
780 188 32 37 0.025389653 
222 55 9 11 0.025378726 
231 23 7 9 0.025283324 
156 189 11 14 0.025036622 
121 437 11 14 0.02503654 
136 49 8 9 0.024992738 
168 31 6 9 0.024795705 
154 23 7 10 0.024770822 
142 47 8 10 0.02467856 
178 24 7 9 0.024645701 
259 139 12 16 0.024586655 
255 203 9 12 0.024541596 
286 382 8 10 0.024447778 
237 104 13 16 0.024362752 
59 270 13 19 0.02433781 
342 80 9 12 0.024138344 
317 95 11 13 0.02403349 
140 198 15 19 0.023942256 
644 382 17 20 0.023912022 
126 92 9 12 0.02387879 
198 69 11 12 0.023759978 
174 217 26 32 0.023756875 
0 505 14 22 0.023743605 
186 76 18 23 0.023650236 
222 158 11 14 0.023617499 
111 77 9 10 0.023576295 
178 403 10 13 0.023529358 
240 23 7 9 0.023411471 
254 86 9 12 0.023411429 
271 367 8 11 0.023332741 
244 163 11 14 0.02330362 
245 15 8 10 0.023301728 
232 394 11 14 0.023188444 
221 148 11 12 0.023174634 
152 47 7 9 0.02315004 
289 0 22 24 0.023117948 
241 147 10 13 0.023066418 
159 124 9 11 0.023063293 
278 94 11 13 0.022973912 
268 149 13 17 0.02282498 
111 57 7 8 0.022810778 
262 24 8 9 0.02248916 
164 204 14 18 0.022442373 
231 70 8 10 0.022442048 
143 164 12 14 0.02238618 
271 292 10 11 0.022378188 
233 142 9 12 0.022314105 
359 326 10 12 0.022302592 
668 421 31 39 0.022207405 
141 211 15 20 0.022036066 
247 77 9 11 0.022009637 
239 78 8 10 0.021999715 
29 523 14 17 0.021966672 
163 223 23 30 0.021729963 
112 46 7 10 0.021667855 
180 244 15 18 0.021561302 
246 46 8 11 0.021559896 
223 0 8 8 0.021501554 
154 245 17 21 0.021466834 
116 233 14 18 0.02142993 
270 4 8 10 0.021376505 
133 493 14 16 0.021331197 
214 159 11 13 0.021227488 
37 157 12 14 0.02120587 
270 47 8 11 0.021180766 
231 48 8 10 0.021135869 
153 55 7 9 0.02111983 
96 62 8 10 0.021096863 
221 46 10 12 0.02108591 
184 91 10 12 0.02104479 
198 6 8 9 0.021007238 
279 78 10 11 0.021002209 
192 16 7 9 0.020980678 
20 523 14 18 0.020792564 
271 64 9 11 0.020738965 
270 52 9 11 0.020680899 
294 91 10 12 0.020616766 
193 6 9 10 0.02058097 
123 169 16 19 0.020532727 
239 1 8 9 0.020514695 
52 154 13 17 0.020497417 
128 130 11 14 0.020475801 
126 408 13 14 0.020354781 
323 99 11 13 0.020347346 
200 241 26 29 0.02025226 
242 375 14 18 0.020218229 
245 102 11 16 0.02007548 
