25_Soldier_Patrol_Soldier_Patrol_25_883
34
258 123 116 162 0.99712723 
534 50 62 97 0.995906 
118 127 189 198 0.2897409 
281 585 37 49 0.16432576 
141 165 114 123 0.10615714 
608 101 26 39 0.09641726 
199 128 126 147 0.093046255 
176 201 37 43 0.07722995 
526 343 57 67 0.057439893 
150 192 71 64 0.054336045 
19 73 242 260 0.047706187 
117 202 82 77 0.047353588 
114 308 13 15 0.044084154 
100 513 105 131 0.03870265 
518 601 39 38 0.038550068 
371 579 43 46 0.03775111 
1002 217 23 46 0.037731268 
84 305 12 14 0.037720162 
222 30 204 274 0.037714005 
584 80 46 70 0.035234272 
492 32 47 68 0.034115158 
266 592 36 46 0.03321931 
132 553 108 111 0.028526396 
419 667 15 17 0.027782109 
55 422 196 256 0.027212065 
370 569 32 38 0.026886465 
355 647 22 31 0.026859539 
701 -80 373 421 0.02668971 
507 542 27 38 0.026663208 
232 52 127 166 0.024700947 
612 102 15 23 0.023348503 
285 517 9 12 0.023034796 
192 493 11 13 0.022461766 
729 -2 262 233 0.021964036 
