25_Soldier_Patrol_Soldier_Patrol_25_463
21
800 113 33 54 0.99440295 
351 175 41 61 0.9937744 
782 152 39 51 0.7887867 
173 170 48 63 0.20022658 
761 140 44 59 0.06214822 
172 318 10 12 0.05915527 
722 136 49 61 0.047308717 
165 236 23 28 0.04478061 
912 302 11 13 0.039752845 
788 122 32 44 0.035427444 
423 421 39 49 0.03015835 
871 459 9 10 0.029021021 
283 151 43 56 0.026447082 
178 144 33 39 0.02592589 
268 185 44 58 0.025403224 
329 188 38 42 0.024100408 
901 220 26 30 0.024060663 
498 262 32 38 0.022379857 
149 259 15 17 0.021167075 
254 154 37 50 0.020168133 
187 188 50 64 0.020014135 
