25_Soldier_Patrol_Soldier_Patrol_25_374
29
228 282 47 60 0.9990625 
51 287 51 68 0.99900407 
494 77 45 59 0.9919361 
374 288 31 39 0.4089749 
913 247 67 79 0.21140558 
811 314 16 20 0.068769515 
717 371 26 32 0.066026546 
917 665 24 30 0.06516774 
921 293 55 64 0.060055576 
461 103 14 19 0.044830624 
694 363 46 52 0.04396084 
747 346 16 18 0.041234702 
445 107 12 15 0.03982167 
558 195 15 20 0.038264725 
892 250 57 72 0.032784276 
353 156 62 53 0.030962424 
771 311 28 32 0.027378805 
285 688 24 26 0.026785783 
920 322 43 42 0.026579954 
12 683 11 14 0.02632549 
742 701 29 32 0.026047906 
146 486 26 31 0.024748502 
651 270 179 233 0.023996975 
756 379 16 20 0.02395341 
454 104 15 19 0.022585725 
377 214 18 19 0.02258458 
221 105 53 51 0.022000894 
339 345 15 19 0.020681605 
788 316 27 32 0.020491978 
