25_Soldier_Patrol_Soldier_Patrol_25_440
44
559 70 61 75 0.9942496 
38 187 52 55 0.9491259 
325 608 32 33 0.59236556 
335 598 29 36 0.23077948 
462 483 11 13 0.078033745 
871 84 9 11 0.06521602 
269 357 10 12 0.060702175 
310 613 55 48 0.053318903 
873 403 55 58 0.052572455 
390 219 10 12 0.050963912 
31 540 26 31 0.04846316 
458 507 18 20 0.045707714 
680 604 42 47 0.04267311 
24 152 79 95 0.040822677 
386 221 8 10 0.035323713 
322 619 24 24 0.03473234 
274 645 26 29 0.033736903 
435 546 13 15 0.033423454 
768 651 14 15 0.032083143 
878 86 7 10 0.030176312 
341 589 44 50 0.02854103 
890 77 10 12 0.028009277 
678 607 26 33 0.026716894 
401 230 9 11 0.025417639 
357 548 11 13 0.024941443 
362 558 25 29 0.024883438 
895 167 8 10 0.024471339 
152 284 30 35 0.024279892 
358 514 10 12 0.023959769 
431 231 10 11 0.023264393 
148 297 28 34 0.023191048 
345 223 7 9 0.023165071 
452 532 13 17 0.02278424 
362 223 7 9 0.022609852 
358 555 12 15 0.022529418 
293 597 12 17 0.02248328 
150 395 108 128 0.022303283 
283 690 30 31 0.02202322 
260 582 30 31 0.021424143 
284 607 15 20 0.021385426 
280 592 24 31 0.021370009 
373 558 13 15 0.021070171 
352 527 8 10 0.02069948 
666 161 160 229 0.020469535 
