25_Soldier_Patrol_Soldier_Patrol_25_513
34
509 264 196 248 0.99983346 
127 109 173 224 0.9950655 
972 884 50 66 0.20986469 
345 8 24 29 0.14037369 
107 925 27 32 0.06457581 
372 0 17 18 0.06373499 
32 1006 39 43 0.061979398 
60 1275 107 116 0.055988338 
954 174 17 21 0.055256285 
146 933 26 33 0.043958742 
48 680 369 493 0.041633356 
2 651 27 38 0.040977895 
918 944 93 102 0.038357046 
957 14 27 32 0.03472811 
358 137 15 19 0.03412672 
397 0 19 19 0.033224203 
956 909 62 77 0.02863573 
211 560 425 543 0.028301585 
694 1256 9 12 0.02570599 
109 919 39 53 0.023614384 
110 977 34 41 0.022704313 
107 908 15 18 0.022331413 
711 1254 9 11 0.02216733 
702 1285 9 11 0.022085873 
648 1229 10 11 0.022027621 
830 536 26 34 0.021471782 
131 923 37 50 0.020913595 
41 1085 36 46 0.020904873 
195 988 16 22 0.020588383 
15 55 94 125 0.020428477 
702 1278 10 13 0.020393344 
473 354 33 46 0.020337863 
704 1254 9 11 0.020138329 
872 906 60 65 0.02012411 
