25_Soldier_Patrol_Soldier_Patrol_25_271
61
524 338 18 21 0.9174798 
140 50 20 25 0.8202455 
508 374 14 19 0.22753562 
518 365 12 15 0.1697845 
608 227 11 15 0.13573149 
473 388 13 14 0.119577445 
511 363 11 15 0.10984864 
509 359 11 13 0.10286087 
570 329 13 18 0.086998455 
459 412 16 21 0.07895212 
545 378 10 14 0.0712047 
493 366 9 13 0.065219335 
563 227 14 19 0.054813474 
644 229 13 17 0.054766886 
152 40 20 27 0.053223595 
567 281 28 34 0.050902337 
461 407 46 48 0.050181534 
639 288 16 18 0.04621658 
634 462 16 19 0.044338793 
510 351 10 13 0.04372891 
533 372 11 15 0.042170145 
487 372 10 13 0.042014208 
584 222 11 14 0.041583445 
463 393 15 19 0.041204587 
621 200 9 11 0.039551158 
114 74 16 20 0.03788027 
471 406 27 32 0.03773583 
532 366 9 13 0.037582092 
564 233 21 27 0.037440274 
369 90 15 20 0.036958806 
557 324 10 14 0.036499135 
511 365 19 25 0.03542109 
613 222 11 15 0.031782072 
580 235 13 16 0.031692 
524 369 11 14 0.031168858 
164 540 11 12 0.031093854 
617 203 11 13 0.030292338 
622 220 9 12 0.029896842 
524 352 14 16 0.02958379 
569 227 15 18 0.027315382 
615 214 10 13 0.026729569 
460 395 23 30 0.02651295 
579 242 14 18 0.026035303 
130 48 21 29 0.025436938 
32 -23 413 437 0.025292026 
623 245 9 11 0.025102412 
622 239 9 11 0.024919447 
601 227 10 15 0.024845507 
862 251 15 16 0.024820892 
505 363 11 14 0.023256684 
671 231 8 12 0.023209764 
176 586 10 12 0.021748647 
599 220 11 15 0.021742739 
650 214 8 10 0.021281669 
559 272 9 13 0.021159373 
122 517 9 12 0.021087566 
516 360 20 24 0.020959381 
623 213 10 13 0.020894395 
614 235 10 12 0.020601107 
128 55 14 21 0.020447288 
571 238 22 28 0.020300873 
