25_Soldier_Patrol_Soldier_Patrol_25_174
132
110 32 29 37 0.9978599 
637 200 37 48 0.9911855 
394 162 34 38 0.97252876 
293 92 22 28 0.9619256 
371 82 24 28 0.93117136 
203 161 23 27 0.91948706 
341 139 24 33 0.45430112 
253 128 11 14 0.3948988 
338 104 15 18 0.3653201 
301 226 25 31 0.2631694 
146 180 24 27 0.15433927 
284 158 22 26 0.13495766 
247 101 11 13 0.13360892 
613 204 34 39 0.10364507 
552 267 12 16 0.10245129 
270 119 16 20 0.09471834 
165 130 11 15 0.08908049 
58 156 31 36 0.088426456 
250 131 17 22 0.085753925 
251 160 15 17 0.085615724 
345 104 16 19 0.08146854 
223 140 14 18 0.08068097 
164 161 13 16 0.07753911 
271 159 11 15 0.05476904 
688 249 24 29 0.053513285 
220 110 11 12 0.052533943 
238 158 11 16 0.05169548 
215 161 19 24 0.049878784 
533 156 13 16 0.048892558 
307 182 16 21 0.0486788 
357 176 15 20 0.048519988 
102 152 25 27 0.04842441 
227 135 12 15 0.045983125 
553 295 27 34 0.04583922 
318 92 10 14 0.04566767 
262 197 24 30 0.044200964 
251 171 15 17 0.043130968 
3 272 13 15 0.041307095 
603 237 12 16 0.041179594 
613 328 27 29 0.039980132 
186 153 14 18 0.039739594 
317 150 13 18 0.03929385 
259 156 13 17 0.037622306 
255 85 10 12 0.0370755 
576 248 23 29 0.036987897 
296 177 43 48 0.036724128 
421 65 13 16 0.03599174 
253 120 19 25 0.035934404 
550 261 22 26 0.035689518 
324 159 15 21 0.035095267 
997 230 8 11 0.03478944 
237 118 9 12 0.03367219 
246 144 24 29 0.033238668 
341 256 18 19 0.03297211 
275 92 13 17 0.032953992 
174 146 14 18 0.03255795 
556 255 11 13 0.030944293 
356 89 13 18 0.030934557 
565 244 10 13 0.03039761 
317 157 16 20 0.030084208 
216 146 23 30 0.030008925 
226 95 9 11 0.02989286 
641 376 30 34 0.02953955 
176 129 24 29 0.029286137 
190 157 22 27 0.029082287 
101 65 440 510 0.028798293 
321 209 14 18 0.028625768 
154 174 15 17 0.028545447 
277 158 13 16 0.028343488 
60 162 16 19 0.028180892 
294 58 13 15 0.028142279 
243 167 23 29 0.028038789 
307 211 27 33 0.027917508 
564 250 13 18 0.02784419 
206 109 9 13 0.027808985 
401 178 22 24 0.027807157 
275 154 23 27 0.027295409 
206 86 10 12 0.026562799 
245 191 16 23 0.026435127 
508 207 11 13 0.026410269 
253 288 40 50 0.02627712 
235 156 23 29 0.026247786 
217 115 11 13 0.02622842 
170 154 16 18 0.025994148 
282 169 24 30 0.025809862 
502 175 9 13 0.025805498 
356 165 23 34 0.02575993 
435 233 19 21 0.025619496 
252 191 23 30 0.0255127 
339 94 16 20 0.025217019 
886 48 8 10 0.025130209 
373 99 18 22 0.025099484 
208 92 9 11 0.024792222 
600 232 21 27 0.024376549 
244 179 17 22 0.024027826 
172 106 16 22 0.023762072 
560 248 24 31 0.023581062 
613 220 28 36 0.02339835 
262 85 10 13 0.023358203 
999 1 11 10 0.023066076 
177 154 24 28 0.022906883 
180 147 16 20 0.022820324 
238 110 10 12 0.02280234 
72 210 12 16 0.022772813 
438 299 24 29 0.022666162 
248 80 9 12 0.022613086 
604 220 24 30 0.02260976 
663 370 12 15 0.02242435 
545 268 11 16 0.022288844 
342 215 14 19 0.022093622 
565 239 9 11 0.021982266 
348 91 16 19 0.021822805 
579 243 16 19 0.021779526 
772 77 11 15 0.021603558 
263 117 11 14 0.021542076 
334 72 11 14 0.021537611 
47 188 12 17 0.021312144 
618 214 20 23 0.021285752 
159 157 13 17 0.021236833 
846 77 10 12 0.021165196 
180 179 15 17 0.02092524 
292 183 26 33 0.02090396 
531 150 21 27 0.020857759 
385 87 15 20 0.020777555 
190 94 9 10 0.020708606 
272 98 13 16 0.02064438 
229 110 10 12 0.020588228 
223 102 10 12 0.020565704 
163 184 15 18 0.020413637 
39 167 37 49 0.02037907 
161 123 20 26 0.020255594 
253 93 11 14 0.020157153 
