25_Soldier_Patrol_Soldier_Patrol_25_585
52
555 132 98 133 0.99930763 
375 658 59 93 0.37585518 
659 355 91 109 0.28408372 
487 570 193 233 0.23846649 
565 968 18 21 0.17762603 
659 1322 14 18 0.15164974 
570 977 15 18 0.09164021 
310 52 227 329 0.08350644 
674 1165 14 17 0.07114257 
535 1207 12 15 0.070853 
528 1007 18 21 0.064464875 
-12 594 100 202 0.050425373 
557 1170 15 18 0.049823184 
621 1176 23 27 0.046996865 
566 985 14 17 0.04562272 
162 734 193 221 0.044544477 
545 1248 16 19 0.03877135 
693 1094 10 14 0.03779568 
534 614 119 148 0.035964783 
502 1163 92 111 0.03567914 
436 377 48 61 0.03531273 
644 1093 12 12 0.03507331 
666 1323 12 17 0.0321418 
19 437 184 291 0.031711463 
683 1170 12 16 0.031693455 
471 222 396 414 0.03144504 
589 1032 13 17 0.03126285 
531 1084 15 17 0.030404428 
131 790 149 173 0.028789865 
538 1212 26 29 0.027536487 
363 640 96 149 0.02660088 
768 232 57 51 0.02618222 
534 1050 25 28 0.026134517 
589 1017 16 24 0.02461215 
545 977 15 18 0.024609018 
694 1228 12 15 0.02449053 
521 1191 54 62 0.0243858 
613 287 186 236 0.023917042 
526 466 27 35 0.023392042 
569 840 44 46 0.023113621 
542 1217 15 18 0.023013452 
662 349 59 66 0.02282799 
643 1098 16 17 0.022766167 
674 418 17 21 0.022395795 
646 1034 14 18 0.022333197 
554 1107 16 21 0.021600606 
620 1247 18 21 0.021113263 
614 918 10 11 0.020900076 
545 1230 18 20 0.020849418 
597 1057 16 21 0.02083531 
505 956 11 14 0.020545887 
636 1207 14 19 0.020381935 
