25_Soldier_Patrol_Soldier_Patrol_25_436
86
522 51 25 29 0.43914536 
361 115 48 57 0.4169363 
650 186 25 29 0.15495749 
855 156 39 47 0.12314458 
688 149 27 36 0.11018291 
252 238 14 19 0.1064223 
515 29 15 18 0.097247116 
446 372 53 63 0.0916709 
505 39 45 50 0.08037766 
362 81 47 61 0.07887148 
246 212 15 18 0.0749335 
251 226 14 18 0.07422089 
260 215 15 20 0.070835374 
357 124 34 35 0.06886943 
246 233 15 20 0.06806803 
292 144 16 20 0.065644294 
253 214 16 21 0.0602602 
553 213 61 65 0.05963319 
615 167 27 32 0.05577039 
939 50 65 92 0.055155482 
161 37 11 14 0.05400295 
529 16 30 32 0.05186486 
432 393 70 70 0.0504529 
232 229 9 12 0.050452676 
64 71 39 48 0.050376806 
356 190 41 40 0.049961228 
237 217 12 16 0.04747127 
289 147 24 32 0.043906733 
243 221 23 30 0.041345518 
233 220 10 13 0.037824903 
129 241 22 32 0.03743825 
848 110 33 40 0.036215927 
970 309 51 93 0.035679683 
636 170 44 48 0.034777593 
353 105 88 93 0.03405059 
261 241 12 16 0.033658236 
414 399 122 128 0.03357421 
357 166 57 56 0.033439655 
286 248 15 19 0.033028334 
518 22 26 30 0.032768622 
268 212 14 20 0.032096058 
231 238 10 12 0.031381197 
199 156 13 16 0.031094331 
236 211 21 27 0.030797958 
223 238 9 11 0.03071121 
891 74 16 21 0.030436708 
290 160 25 32 0.029923737 
312 177 14 19 0.029688748 
496 158 31 34 0.029163456 
140 61 14 17 0.028724153 
827 173 36 47 0.027904103 
348 170 36 40 0.027836595 
570 197 55 64 0.027787467 
538 18 18 20 0.026132999 
741 24 31 37 0.025546202 
509 29 24 31 0.025498064 
383 116 36 45 0.02531197 
638 -1 50 37 0.024296582 
150 47 10 12 0.024236163 
104 14 9 13 0.023801848 
535 58 16 18 0.023701087 
187 266 13 16 0.02337537 
838 149 13 17 0.023348333 
214 226 14 17 0.023318185 
194 124 14 16 0.023073286 
378 75 33 43 0.022949742 
903 64 34 37 0.022882497 
308 133 12 15 0.022766978 
1 363 155 121 0.022325914 
239 235 12 16 0.02226608 
118 26 11 12 0.022172647 
694 144 16 22 0.021882968 
496 12 96 107 0.021618273 
265 141 10 13 0.02142996 
870 75 29 31 0.021373821 
308 167 23 33 0.021234741 
841 162 38 49 0.021234572 
600 -37 208 204 0.02092218 
115 10 17 19 0.020810038 
430 371 37 43 0.02079139 
104 47 9 9 0.020775318 
497 143 31 32 0.020724775 
84 28 11 14 0.020551141 
160 70 10 13 0.020493941 
199 141 9 11 0.020447273 
94 4 11 13 0.020306306 
