25_Soldier_Patrol_Soldier_Patrol_25_747
36
318 128 56 62 0.99576616 
406 193 42 51 0.958957 
852 282 11 13 0.22391672 
217 205 28 35 0.11833101 
166 190 16 20 0.07846821 
925 253 10 11 0.06882432 
921 252 9 12 0.06740442 
927 249 9 10 0.06501646 
927 263 10 12 0.060824372 
934 252 9 11 0.05826745 
180 191 14 19 0.056579866 
917 279 12 13 0.053323913 
261 386 21 27 0.0458447 
117 192 15 19 0.044261765 
931 263 10 12 0.042619564 
913 282 11 14 0.0356709 
226 198 33 41 0.03340533 
395 375 134 224 0.032868396 
174 233 16 21 0.031735275 
176 230 12 14 0.031109886 
439 208 28 33 0.03107432 
166 183 10 12 0.030454949 
853 273 10 12 0.02649833 
220 205 17 22 0.025821328 
921 259 11 14 0.025610665 
332 400 52 64 0.025533289 
187 194 12 16 0.023791676 
438 430 26 44 0.023455577 
156 189 14 17 0.022837732 
110 204 12 16 0.022489056 
157 183 10 12 0.021802114 
943 263 10 11 0.021348082 
381 413 102 143 0.021276226 
814 23 171 256 0.021066766 
437 436 45 70 0.020576464 
931 268 10 12 0.020013243 
