25_Soldier_Patrol_Soldier_Patrol_25_515
125
475 320 17 21 0.9898414 
786 308 18 25 0.9655682 
615 324 12 17 0.9646923 
835 313 17 26 0.9517231 
701 317 15 21 0.9436397 
394 312 14 19 0.93062705 
55 308 17 22 0.92479867 
858 302 17 25 0.9213941 
537 312 14 19 0.9157785 
720 300 20 28 0.9074336 
367 298 12 18 0.8956369 
577 324 15 20 0.8879519 
414 318 14 17 0.86185616 
669 313 15 21 0.86046433 
805 294 20 27 0.81417423 
564 338 13 17 0.7631477 
922 309 15 21 0.74989253 
885 324 20 27 0.70268214 
521 315 14 18 0.67597204 
372 319 13 19 0.66999424 
637 312 16 21 0.66600436 
460 316 12 17 0.3591724 
757 311 21 25 0.35064507 
440 332 11 17 0.31826422 
676 311 14 20 0.15788135 
941 396 13 17 0.14620416 
508 405 9 13 0.12493522 
912 312 15 20 0.117325 
739 323 13 17 0.116891 
629 331 13 16 0.11022071 
370 302 15 20 0.098462746 
931 398 14 16 0.09471046 
910 105 42 46 0.09218706 
654 299 13 16 0.08855575 
659 295 10 13 0.08350434 
683 320 14 20 0.08266013 
703 312 12 16 0.08249154 
644 301 13 14 0.0815663 
927 399 11 14 0.08105492 
850 307 20 26 0.07981372 
470 318 14 19 0.07447074 
456 332 8 13 0.07356406 
683 311 12 16 0.072998054 
876 306 13 19 0.071850374 
176 302 7 9 0.06811856 
461 330 10 14 0.06672012 
733 320 14 18 0.06406837 
192 245 10 14 0.05840661 
620 308 13 16 0.05798469 
628 347 13 16 0.05723932 
865 306 16 24 0.055895466 
628 323 13 17 0.054711495 
457 321 11 16 0.053664565 
552 291 11 14 0.050851744 
439 328 10 14 0.049438547 
683 346 14 19 0.046273 
384 342 12 15 0.04455702 
629 339 12 16 0.043339673 
545 315 12 16 0.043160338 
397 334 10 12 0.043127235 
136 304 9 12 0.039269615 
381 366 9 13 0.03816833 
374 369 11 14 0.037853647 
728 381 13 19 0.037086714 
573 287 9 11 0.036621824 
663 333 12 17 0.036274537 
728 311 16 21 0.036139708 
897 329 16 21 0.035765998 
645 406 12 15 0.035471775 
398 371 10 12 0.03542314 
617 317 16 20 0.035212398 
707 305 20 26 0.03499348 
444 328 12 14 0.03441569 
943 390 14 16 0.034302704 
576 358 13 15 0.03404066 
569 337 14 18 0.033361387 
746 382 45 55 0.032847434 
380 300 11 15 0.03256471 
177 316 8 11 0.032503743 
204 303 18 20 0.03238666 
722 316 17 23 0.032150183 
591 286 10 13 0.032035757 
568 287 9 11 0.031496312 
747 317 22 26 0.031225238 
878 306 20 29 0.031118143 
643 310 20 27 0.030045753 
760 320 21 27 0.02968858 
572 292 10 12 0.029608691 
598 285 10 13 0.029550431 
904 396 8 11 0.029545974 
643 362 15 18 0.028935684 
375 313 17 25 0.028869795 
551 412 10 13 0.028615812 
882 414 8 10 0.028131222 
392 319 12 18 0.027260957 
373 389 9 10 0.0265437 
576 391 11 13 0.02564995 
399 312 18 24 0.025504248 
458 310 10 15 0.025361337 
454 387 8 11 0.025183944 
624 389 12 15 0.024813058 
505 400 11 13 0.02470915 
933 397 21 25 0.02458899 
668 344 14 18 0.024554156 
622 380 11 13 0.024536299 
677 325 15 19 0.024104772 
141 304 10 12 0.023727693 
932 341 14 18 0.023597535 
937 503 9 10 0.023043238 
616 303 10 12 0.023002448 
430 325 9 12 0.022717671 
635 329 13 17 0.022599466 
429 318 10 13 0.022502383 
147 326 16 18 0.022491341 
510 410 9 12 0.022392819 
558 400 9 11 0.022006366 
645 369 14 19 0.021843415 
640 407 11 13 0.021501468 
971 323 13 18 0.021458758 
180 303 9 11 0.02139549 
629 310 15 19 0.02138163 
453 338 10 15 0.021057636 
87 302 9 11 0.02092017 
798 296 16 24 0.020682693 
556 287 10 12 0.020474942 
